#            date       tau255        Tb[K]      pwv[mm] lwp[kg*m^-2] iwp[kg*m^-2]       o3[DU]
20261003_06:00:00   1.9520e-01   5.2354e+01   4.6459e+00   0.0000e+00   0.0000e+00   2.4847e+02
20261003_07:00:00   1.9060e-01   5.1329e+01   4.5429e+00   0.0000e+00   0.0000e+00   2.5037e+02
20261003_08:00:00   1.8717e-01   5.0542e+01   4.4707e+00   0.0000e+00   0.0000e+00   2.5360e+02
20261003_09:00:00   1.8140e-01   4.9236e+01   4.3406e+00   0.0000e+00   0.0000e+00   2.5462e+02
20261003_10:00:00   1.8056e-01   4.9074e+01   4.3112e+00   0.0000e+00   0.0000e+00   2.5397e+02
20261003_11:00:00   1.8092e-01   4.9171e+01   4.3117e+00   0.0000e+00   0.0000e+00   2.5588e+02
20261003_12:00:00   1.8249e-01   4.9543e+01   4.3471e+00   0.0000e+00   0.0000e+00   2.5580e+02
20261003_13:00:00   1.8498e-01   5.0111e+01   4.3926e+00   0.0000e+00   0.0000e+00   2.5171e+02
20261003_14:00:00   1.8794e-01   5.0781e+01   4.4535e+00   0.0000e+00   0.0000e+00   2.4682e+02
20261003_15:00:00   1.8930e-01   5.1082e+01   4.4801e+00   0.0000e+00   0.0000e+00   2.4550e+02
20261003_16:00:00   1.8846e-01   5.0926e+01   4.4554e+00   0.0000e+00   0.0000e+00   2.4520e+02
20261003_17:00:00   1.8678e-01   5.0579e+01   4.4055e+00   0.0000e+00   0.0000e+00   2.4736e+02
20261003_18:00:00   1.8190e-01   4.9567e+01   4.2769e+00   0.0000e+00   0.0000e+00   2.4843e+02
20261003_19:00:00   1.8189e-01   4.9568e+01   4.2673e+00   0.0000e+00   0.0000e+00   2.4920e+02
20261003_20:00:00   1.7929e-01   4.8981e+01   4.2061e+00   0.0000e+00   0.0000e+00   2.4844e+02
20261003_21:00:00   1.7696e-01   4.8445e+01   4.1613e+00   0.0000e+00   0.0000e+00   2.4576e+02
20261003_22:00:00   1.7460e-01   4.7879e+01   4.1059e+00   0.0000e+00   0.0000e+00   2.4568e+02
20261003_23:00:00   1.7003e-01   4.6826e+01   4.0040e+00   0.0000e+00   0.0000e+00   2.4644e+02
20261004_00:00:00   1.6144e-01   4.4860e+01   3.8063e+00   0.0000e+00   0.0000e+00   2.4739e+02
20261004_01:00:00   1.5296e-01   4.2907e+01   3.6145e+00   9.5990e-05   0.0000e+00   2.4669e+02
20261004_02:00:00   1.7527e-01   4.8213e+01   3.3896e+00   1.2840e-02   0.0000e+00   2.4511e+02
20261004_03:00:00   1.3614e-01   3.8910e+01   3.2597e+00   4.5760e-06   0.0000e+00   2.4600e+02
20261004_04:00:00   1.3718e-01   3.9164e+01   3.2788e+00   0.0000e+00   0.0000e+00   2.4902e+02
20261004_05:00:00   1.3719e-01   3.9146e+01   3.2808e+00   0.0000e+00   0.0000e+00   2.5096e+02
20261004_06:00:00   1.3500e-01   3.8609e+01   3.2341e+00   0.0000e+00   0.0000e+00   2.5017e+02
20261004_07:00:00   1.3442e-01   3.8450e+01   3.2217e+00   0.0000e+00   0.0000e+00   2.4949e+02
20261004_08:00:00   1.3418e-01   3.8381e+01   3.2152e+00   0.0000e+00   0.0000e+00   2.4929e+02
20261004_09:00:00   1.3545e-01   3.8684e+01   3.2483e+00   0.0000e+00   0.0000e+00   2.4843e+02
20261004_10:00:00   1.3452e-01   3.8462e+01   3.2271e+00   0.0000e+00   0.0000e+00   2.4797e+02
20261004_11:00:00   1.3226e-01   3.7920e+01   3.1726e+00   0.0000e+00   0.0000e+00   2.4717e+02
20261004_12:00:00   1.3009e-01   3.7376e+01   3.1225e+00   0.0000e+00   0.0000e+00   2.4734e+02
20261004_13:00:00   1.2888e-01   3.7061e+01   3.1000e+00   0.0000e+00   0.0000e+00   2.4780e+02
20261004_14:00:00   1.2739e-01   3.6695e+01   3.0621e+00   0.0000e+00   0.0000e+00   2.4851e+02
20261004_15:00:00   1.2855e-01   3.6946e+01   3.0930e+00   0.0000e+00   0.0000e+00   2.4903e+02
20261004_16:00:00   1.3222e-01   3.7777e+01   3.1900e+00   0.0000e+00   0.0000e+00   2.4956e+02
20261004_17:00:00   1.3303e-01   3.7927e+01   3.2129e+00   0.0000e+00   0.0000e+00   2.4985e+02
20261004_18:00:00   1.2936e-01   3.7031e+01   3.1302e+00   0.0000e+00   0.0000e+00   2.5125e+02
20261004_19:00:00   1.2082e-01   3.5022e+01   2.9188e+00   0.0000e+00   0.0000e+00   2.5322e+02
20261004_20:00:00   1.0596e-01   3.1530e+01   2.5172e+00   0.0000e+00   0.0000e+00   2.5521e+02
20261004_21:00:00   9.2435e-02   2.8312e+01   2.1531e+00   0.0000e+00   0.0000e+00   2.5680e+02
20261004_22:00:00   8.3095e-02   2.6039e+01   1.9025e+00   0.0000e+00   0.0000e+00   2.5676e+02
20261004_23:00:00   7.5484e-02   2.4175e+01   1.6946e+00   0.0000e+00   0.0000e+00   2.5665e+02
20261005_00:00:00   7.0720e-02   2.2991e+01   1.5617e+00   0.0000e+00   0.0000e+00   2.5721e+02
20261005_01:00:00   6.7923e-02   2.2279e+01   1.4869e+00   0.0000e+00   0.0000e+00   2.5797e+02
20261005_02:00:00   6.5669e-02   2.1696e+01   1.4295e+00   0.0000e+00   0.0000e+00   2.5775e+02
20261005_03:00:00   6.5621e-02   2.1660e+01   1.4329e+00   0.0000e+00   0.0000e+00   2.5882e+02
20261005_04:00:00   6.6630e-02   2.1875e+01   1.4693e+00   0.0000e+00   0.0000e+00   2.6081e+02
20261005_05:00:00   7.3652e-02   2.3633e+01   1.6524e+00   0.0000e+00   0.0000e+00   2.5943e+02
20261005_06:00:00   8.3149e-02   2.6032e+01   1.8840e+00   0.0000e+00   0.0000e+00   2.5752e+02
20261005_07:00:00   9.0989e-02   2.8016e+01   2.0625e+00   0.0000e+00   0.0000e+00   2.5836e+02
20261005_08:00:00   9.5123e-02   2.9066e+01   2.1497e+00   0.0000e+00   0.0000e+00   2.5941e+02
20261005_09:00:00   9.2799e-02   2.8491e+01   2.0838e+00   0.0000e+00   0.0000e+00   2.6349e+02
20261005_10:00:00   8.7509e-02   2.7189e+01   1.9464e+00   0.0000e+00   0.0000e+00   2.6623e+02
20261005_11:00:00   8.3965e-02   2.6314e+01   1.8562e+00   0.0000e+00   0.0000e+00   2.6490e+02
20261005_12:00:00   8.4611e-02   2.6437e+01   1.8860e+00   0.0000e+00   0.0000e+00   2.6222e+02
20261005_13:00:00   8.8251e-02   2.7297e+01   1.9904e+00   0.0000e+00   0.0000e+00   2.6038e+02
20261005_14:00:00   9.1639e-02   2.8098e+01   2.0826e+00   0.0000e+00   0.0000e+00   2.5927e+02
20261005_15:00:00   9.2981e-02   2.8410e+01   2.1186e+00   0.0000e+00   0.0000e+00   2.5883e+02
20261005_16:00:00   9.2377e-02   2.8251e+01   2.1036e+00   0.0000e+00   0.0000e+00   2.5918e+02
20261005_17:00:00   9.2253e-02   2.8219e+01   2.1006e+00   0.0000e+00   0.0000e+00   2.5882e+02
20261005_18:00:00   9.2695e-02   2.8321e+01   2.1141e+00   0.0000e+00   0.0000e+00   2.5863e+02
20261005_19:00:00   9.2581e-02   2.8293e+01   2.1131e+00   0.0000e+00   0.0000e+00   2.5992e+02
20261005_20:00:00   9.2110e-02   2.8178e+01   2.1016e+00   0.0000e+00   0.0000e+00   2.6031e+02
20261005_21:00:00   9.0996e-02   2.7898e+01   2.0713e+00   0.0000e+00   0.0000e+00   2.5989e+02
20261005_22:00:00   9.0452e-02   2.7766e+01   2.0562e+00   0.0000e+00   0.0000e+00   2.5920e+02
20261005_23:00:00   8.9930e-02   2.7643e+01   2.0380e+00   0.0000e+00   0.0000e+00   2.5881e+02
20261006_00:00:00   8.9853e-02   2.7627e+01   2.0330e+00   0.0000e+00   0.0000e+00   2.5878e+02
20261006_01:00:00   9.0356e-02   2.7758e+01   2.0431e+00   0.0000e+00   0.0000e+00   2.5878e+02
20261006_02:00:00   9.0500e-02   2.7803e+01   2.0453e+00   0.0000e+00   0.0000e+00   2.5894e+02
20261006_03:00:00   9.1924e-02   2.8165e+01   2.0755e+00   0.0000e+00   0.0000e+00   2.6030e+02
20261006_04:00:00   9.4067e-02   2.8705e+01   2.1231e+00   0.0000e+00   0.0000e+00   2.6153e+02
20261006_05:00:00   9.6142e-02   2.9231e+01   2.1653e+00   0.0000e+00   0.0000e+00   2.6297e+02
20261006_06:00:00   9.5884e-02   2.9178e+01   2.1544e+00   0.0000e+00   0.0000e+00   2.6392e+02
20261006_07:00:00   9.6175e-02   2.9264e+01   2.1579e+00   0.0000e+00   0.0000e+00   2.6436e+02
20261006_08:00:00   9.5541e-02   2.9119e+01   2.1394e+00   0.0000e+00   0.0000e+00   2.6618e+02
20261006_09:00:00   9.4433e-02   2.8853e+01   2.1089e+00   0.0000e+00   0.0000e+00   2.6724e+02
20261006_10:00:00   9.3428e-02   2.8607e+01   2.0807e+00   0.0000e+00   0.0000e+00   2.6666e+02
20261006_11:00:00   9.1345e-02   2.8105e+01   2.0244e+00   0.0000e+00   0.0000e+00   2.6572e+02
20261006_12:00:00   8.8440e-02   2.7398e+01   1.9509e+00   0.0000e+00   0.0000e+00   2.6653e+02
20261006_13:00:00   8.6710e-02   2.6967e+01   1.9087e+00   0.0000e+00   0.0000e+00   2.6585e+02
20261006_14:00:00   8.6139e-02   2.6810e+01   1.8981e+00   0.0000e+00   0.0000e+00   2.6593e+02
20261006_15:00:00   8.6101e-02   2.6775e+01   1.9013e+00   0.0000e+00   0.0000e+00   2.6666e+02
20261006_16:00:00   8.6153e-02   2.6782e+01   1.9060e+00   0.0000e+00   0.0000e+00   2.6787e+02
20261006_17:00:00   8.6634e-02   2.6898e+01   1.9187e+00   0.0000e+00   0.0000e+00   2.6919e+02
20261006_18:00:00   8.7405e-02   2.7088e+01   1.9372e+00   0.0000e+00   0.0000e+00   2.7072e+02
20261006_19:00:00   8.8254e-02   2.7301e+01   1.9587e+00   0.0000e+00   0.0000e+00   2.7225e+02
20261006_20:00:00   8.9056e-02   2.7502e+01   1.9784e+00   0.0000e+00   0.0000e+00   2.7283e+02
20261006_21:00:00   8.9492e-02   2.7610e+01   1.9872e+00   0.0000e+00   0.0000e+00   2.7364e+02
20261006_22:00:00   9.0263e-02   2.7801e+01   2.0023e+00   0.0000e+00   0.0000e+00   2.7396e+02
20261006_23:00:00   9.1751e-02   2.8169e+01   2.0357e+00   1.6700e-05   0.0000e+00   2.7272e+02
20261007_00:00:00   9.1693e-02   2.8164e+01   2.0319e+00   0.0000e+00   0.0000e+00   2.7119e+02
20261007_01:00:00   9.0965e-02   2.7995e+01   2.0108e+00   0.0000e+00   0.0000e+00   2.6973e+02
20261007_02:00:00   8.8816e-02   2.7462e+01   1.9620e+00   0.0000e+00   0.0000e+00   2.6809e+02
20261007_03:00:00   8.6929e-02   2.6996e+01   1.9178e+00   0.0000e+00   0.0000e+00   2.6689e+02
20261007_04:00:00   8.4469e-02   2.6377e+01   1.8588e+00   0.0000e+00   0.0000e+00   2.6638e+02
20261007_05:00:00   8.2401e-02   2.5847e+01   1.8134e+00   0.0000e+00   0.0000e+00   2.6594e+02
20261007_06:00:00   8.0450e-02   2.5367e+01   1.7668e+00   0.0000e+00   0.0000e+00   2.6530e+02
20261007_07:00:00   8.1184e-02   2.5527e+01   1.7928e+00   0.0000e+00   0.0000e+00   2.6400e+02
20261007_08:00:00   8.1207e-02   2.5538e+01   1.7951e+00   0.0000e+00   0.0000e+00   2.6259e+02
20261007_09:00:00   8.1866e-02   2.5695e+01   1.8177e+00   0.0000e+00   0.0000e+00   2.6007e+02
20261007_10:00:00   8.2859e-02   2.5931e+01   1.8424e+00   0.0000e+00   0.0000e+00   2.5892e+02
20261007_11:00:00   8.3410e-02   2.6040e+01   1.8675e+00   0.0000e+00   0.0000e+00   2.5814e+02
20261007_12:00:00   8.2430e-02   2.5773e+01   1.8557e+00   0.0000e+00   0.0000e+00   2.5743e+02
20261007_13:00:00   8.5218e-02   2.6396e+01   1.9525e+00   0.0000e+00   0.0000e+00   2.5892e+02
20261007_14:00:00   8.6895e-02   2.6748e+01   2.0133e+00   0.0000e+00   0.0000e+00   2.5915e+02
20261007_15:00:00   8.8067e-02   2.6963e+01   2.0700e+00   0.0000e+00   0.0000e+00   2.5825e+02
20261007_16:00:00   8.7270e-02   2.6734e+01   2.0598e+00   0.0000e+00   0.0000e+00   2.5786e+02
20261007_17:00:00   8.4887e-02   2.6136e+01   2.0003e+00   0.0000e+00   0.0000e+00   2.5746e+02
20261007_18:00:00   8.2277e-02   2.5518e+01   1.9247e+00   0.0000e+00   2.6560e-07   2.5782e+02
20261007_19:00:00   8.7528e-02   2.6789e+01   2.0727e+00   0.0000e+00   0.0000e+00   2.5834e+02
20261007_20:00:00   1.0056e-01   2.9896e+01   2.4251e+00   0.0000e+00   0.0000e+00   2.5999e+02
20261007_21:00:00   1.2403e-01   3.5407e+01   3.0348e+00   0.0000e+00   0.0000e+00   2.5974e+02
20261007_22:00:00   1.8090e-01   4.8387e+01   4.3974e+00   0.0000e+00   0.0000e+00   2.5751e+02
20261007_23:00:00   2.4358e-01   6.1956e+01   5.7708e+00   0.0000e+00   0.0000e+00   2.5519e+02
20261008_00:00:00   3.0520e-01   7.4406e+01   7.0631e+00   0.0000e+00   0.0000e+00   2.5367e+02
20261008_01:00:00   3.8471e-01   8.9435e+01   8.5880e+00   0.0000e+00   0.0000e+00   2.5404e+02
20261008_02:00:00   4.3573e-01   9.8502e+01   9.5005e+00   0.0000e+00   0.0000e+00   2.5392e+02
20261008_03:00:00   4.5695e-01   1.0214e+02   9.8284e+00   0.0000e+00   0.0000e+00   2.5327e+02
20261008_04:00:00   4.6865e-01   1.0414e+02   1.0026e+01   0.0000e+00   0.0000e+00   2.5350e+02
20261008_05:00:00   4.6785e-01   1.0410e+02   9.9941e+00   0.0000e+00   0.0000e+00   2.5426e+02
20261008_06:00:00   4.5643e-01   1.0224e+02   9.7357e+00   0.0000e+00   0.0000e+00   2.5508e+02
20261008_09:00:00   4.2202e-01   9.6385e+01   9.1311e+00   0.0000e+00   0.0000e+00   2.5319e+02
20261008_12:00:00   4.2309e-01   9.6363e+01   9.3307e+00   0.0000e+00   5.2380e-06   2.5440e+02
20261008_15:00:00   3.9063e-01   9.0683e+01   8.7030e+00   0.0000e+00   2.3823e-06   2.5265e+02
20261008_18:00:00   3.8583e-01   8.9843e+01   8.6093e+00   0.0000e+00   0.0000e+00   2.5386e+02
20261008_21:00:00   3.6300e-01   8.5960e+01   8.1218e+00   0.0000e+00   0.0000e+00   2.5596e+02
20261009_00:00:00   3.7632e-01   8.8656e+01   7.9547e+00   8.9040e-03   0.0000e+00   2.5354e+02
20261009_03:00:00   3.4747e-01   8.3262e+01   7.8466e+00   0.0000e+00   0.0000e+00   2.5562e+02
20261009_06:00:00   3.3113e-01   8.0450e+01   7.4395e+00   0.0000e+00   0.0000e+00   2.5177e+02
20261009_09:00:00   3.2012e-01   7.8433e+01   7.1524e+00   0.0000e+00   0.0000e+00   2.5280e+02
20261009_12:00:00   2.7963e-01   7.0391e+01   6.3359e+00   0.0000e+00   0.0000e+00   2.5368e+02
20261009_15:00:00   2.3009e-01   6.0085e+01   5.2991e+00   0.0000e+00   0.0000e+00   2.5258e+02
20261009_18:00:00   1.9200e-01   5.1754e+01   4.5336e+00   0.0000e+00   0.0000e+00   2.5369e+02
20261009_21:00:00   1.2575e-01   3.6431e+01   3.0407e+00   0.0000e+00   0.0000e+00   2.5534e+02
20261010_00:00:00   9.7294e-02   2.9376e+01   2.3783e+00   0.0000e+00   3.2160e-05   2.5379e+02
20261010_03:00:00   9.3171e-02   2.8280e+01   2.2910e+00   0.0000e+00   6.5260e-06   2.5455e+02
20261010_06:00:00   1.0956e-01   3.2325e+01   2.7017e+00   0.0000e+00   5.7430e-07   2.5313e+02
20261010_09:00:00   1.4338e-01   4.0389e+01   3.5372e+00   0.0000e+00   0.0000e+00   2.5445e+02
20261010_12:00:00   1.6060e-01   4.4302e+01   3.9507e+00   0.0000e+00   0.0000e+00   2.5663e+02
20261010_15:00:00   1.3839e-01   3.9116e+01   3.4082e+00   0.0000e+00   0.0000e+00   2.5458e+02
20261010_18:00:00   1.2660e-01   3.6378e+01   3.1037e+00   0.0000e+00   0.0000e+00   2.5664e+02
20261010_21:00:00   1.4835e-01   4.1646e+01   3.5936e+00   0.0000e+00   0.0000e+00   2.5979e+02
20261011_00:00:00   1.4269e-01   4.0370e+01   3.4220e+00   0.0000e+00   0.0000e+00   2.5894e+02
20261011_03:00:00   1.2232e-01   3.5631e+01   2.8856e+00   0.0000e+00   0.0000e+00   2.5820e+02
20261011_06:00:00   1.1238e-01   3.3250e+01   2.6158e+00   0.0000e+00   0.0000e+00   2.5906e+02
20261011_09:00:00   8.6373e-02   2.6842e+01   1.9643e+00   0.0000e+00   0.0000e+00   2.6063e+02
20261011_12:00:00   7.4301e-02   2.3832e+01   1.6412e+00   0.0000e+00   0.0000e+00   2.6221e+02
20261011_15:00:00   7.7986e-02   2.4816e+01   1.6971e+00   0.0000e+00   0.0000e+00   2.6224e+02
20261011_18:00:00   9.0877e-02   2.7977e+01   2.0232e+00   0.0000e+00   0.0000e+00   2.6422e+02
20261011_21:00:00   9.1202e-02   2.8035e+01   2.0413e+00   0.0000e+00   0.0000e+00   2.6496e+02
20261012_00:00:00   9.1122e-02   2.7999e+01   2.0270e+00   0.0000e+00   0.0000e+00   2.6418e+02
20261012_03:00:00   9.3172e-02   2.8525e+01   2.0617e+00   4.2680e-05   0.0000e+00   2.6336e+02
20261012_06:00:00   8.6210e-02   2.6825e+01   1.8850e+00   8.2780e-06   0.0000e+00   2.6560e+02
20261012_09:00:00   9.2403e-02   2.8334e+01   2.0187e+00   0.0000e+00   0.0000e+00   2.6729e+02
20261012_12:00:00   9.7853e-02   2.9611e+01   2.1518e+00   0.0000e+00   0.0000e+00   2.6438e+02
20261012_15:00:00   1.0720e-01   3.1877e+01   2.3555e+00   0.0000e+00   0.0000e+00   2.6743e+02
20261012_18:00:00   9.6772e-02   2.9338e+01   2.1264e+00   0.0000e+00   0.0000e+00   2.6618e+02
20261012_21:00:00   8.6502e-02   2.6813e+01   1.8976e+00   0.0000e+00   0.0000e+00   2.6681e+02
20261013_00:00:00   1.1831e-01   3.4580e+01   2.4966e+00   2.0170e-03   0.0000e+00   2.6293e+02
20261013_03:00:00   1.2217e-01   3.5397e+01   2.7089e+00   2.6490e-04   0.0000e+00   2.6239e+02
20261013_06:00:00   1.0883e-01   3.2116e+01   2.4644e+00   0.0000e+00   0.0000e+00   2.6251e+02
20261013_09:00:00   9.7979e-02   2.9456e+01   2.2064e+00   0.0000e+00   0.0000e+00   2.6467e+02
20261013_12:00:00   1.6736e-01   4.5894e+01   3.6020e+00   0.0000e+00   0.0000e+00   2.6496e+02
20261013_15:00:00   2.4849e-01   6.3527e+01   5.0653e+00   0.0000e+00   0.0000e+00   2.6524e+02
20261013_18:00:00   2.6079e-01   6.6208e+01   5.2071e+00   6.4370e-04   6.6890e-06   2.6697e+02
20261013_21:00:00   3.8199e-01   8.9958e+01   5.3721e+00   4.5660e-02   1.5712e-05   2.6441e+02
20261014_00:00:00   1.8705e-01   5.0506e+01   3.6688e+00   3.9490e-03   0.0000e+00   2.6241e+02
20261014_03:00:00   1.3792e-01   3.9250e+01   2.9486e+00   0.0000e+00   0.0000e+00   2.5979e+02
20261014_06:00:00   1.4775e-01   4.1565e+01   3.1341e+00   0.0000e+00   0.0000e+00   2.6310e+02
20261014_09:00:00   1.7032e-01   4.6781e+01   3.5168e+00   4.0370e-04   0.0000e+00   2.6436e+02
20261014_12:00:00   1.4942e-01   4.1999e+01   3.1321e+00   0.0000e+00   0.0000e+00   2.6508e+02
20261014_15:00:00   1.2716e-01   3.6756e+01   2.7052e+00   0.0000e+00   0.0000e+00   2.6705e+02
20261014_18:00:00   1.2560e-01   3.6219e+01   2.7833e+00   0.0000e+00   0.0000e+00   2.6864e+02
20261014_21:00:00   1.2097e-01   3.5090e+01   2.7104e+00   7.2390e-04   0.0000e+00   2.7171e+02
20261015_00:00:00   1.1382e-01   3.3305e+01   2.6126e+00   9.4960e-05   0.0000e+00   2.6858e+02
20261015_03:00:00   8.5499e-02   2.6357e+01   1.9658e+00   0.0000e+00   0.0000e+00   2.6978e+02
20261015_06:00:00   7.5388e-02   2.3853e+01   1.7159e+00   0.0000e+00   0.0000e+00   2.6914e+02
20261015_09:00:00   6.6759e-02   2.1702e+01   1.4933e+00   0.0000e+00   0.0000e+00   2.6999e+02
20261015_12:00:00   5.9154e-02   1.9771e+01   1.2965e+00   0.0000e+00   0.0000e+00   2.6983e+02
20261015_15:00:00   5.4730e-02   1.8618e+01   1.1839e+00   0.0000e+00   3.9200e-04   2.6848e+02
20261015_18:00:00   5.2085e-02   1.7945e+01   1.1077e+00   0.0000e+00   4.0814e-03   2.6817e+02
20261015_21:00:00   5.2122e-02   1.7957e+01   1.1085e+00   0.0000e+00   3.6114e-03   2.6813e+02
20261016_00:00:00   7.0883e-02   2.2670e+01   1.6164e+00   0.0000e+00   8.4700e-05   2.6671e+02
20261016_03:00:00   1.1013e-01   3.2173e+01   2.6369e+00   0.0000e+00   4.0540e-05   2.6480e+02
20261016_06:00:00   1.2156e-01   3.5076e+01   2.8565e+00   0.0000e+00   0.0000e+00   2.6589e+02
20261016_09:00:00   1.3261e-01   3.7727e+01   3.1019e+00   0.0000e+00   2.6340e-04   2.6682e+02
20261016_12:00:00   1.4383e-01   4.0315e+01   3.3530e+00   0.0000e+00   6.7375e-05   2.6683e+02
20261016_15:00:00   1.5267e-01   4.2313e+01   3.5718e+00   0.0000e+00   1.0564e-04   2.6810e+02
20261016_18:00:00   1.6039e-01   4.4117e+01   3.7551e+00   0.0000e+00   0.0000e+00   2.6735e+02
20261016_21:00:00   1.7443e-01   4.7334e+01   4.0778e+00   0.0000e+00   0.0000e+00   2.6727e+02
20261017_00:00:00   1.9778e-01   5.2396e+01   4.6436e+00   0.0000e+00   8.1000e-05   2.6608e+02
20261017_03:00:00   2.1308e-01   5.5646e+01   5.0296e+00   7.7920e-05   1.6348e-05   2.6639e+02
20261017_06:00:00   2.3044e-01   5.9355e+01   5.3956e+00   0.0000e+00   1.6398e-03   2.6586e+02
20261017_09:00:00   2.4232e-01   6.1842e+01   5.6539e+00   0.0000e+00   7.7000e-05   2.6637e+02
20261017_12:00:00   2.4791e-01   6.2938e+01   5.8063e+00   0.0000e+00   1.9904e-03   2.6635e+02
20261017_15:00:00   2.5232e-01   6.3794e+01   5.9244e+00   0.0000e+00   5.5505e-04   2.6560e+02
20261017_18:00:00   2.6145e-01   6.5565e+01   6.1871e+00   0.0000e+00   8.4729e-03   2.6724e+02
20261017_21:00:00   2.6567e-01   6.6449e+01   6.2719e+00   0.0000e+00   7.5748e-03   2.6916e+02
20261018_00:00:00   2.7619e-01   6.8658e+01   6.4784e+00   0.0000e+00   2.1527e-03   2.6777e+02
20261018_03:00:00   2.8070e-01   6.9625e+01   6.5521e+00   0.0000e+00   1.1203e-04   2.6685e+02
20261018_06:00:00   2.9082e-01   7.1591e+01   6.7713e+00   0.0000e+00   3.4858e-03   2.6714e+02
20261018_09:00:00   2.9794e-01   7.2925e+01   6.9073e+00   0.0000e+00   6.3991e-03   2.6715e+02
20261018_12:00:00   2.9255e-01   7.1804e+01   6.7729e+00   0.0000e+00   9.9982e-03   2.6662e+02
20261018_15:00:00   2.8367e-01   6.9985e+01   6.6306e+00   0.0000e+00   9.6137e-03   2.6361e+02
20261018_18:00:00   2.8580e-01   7.0312e+01   6.6906e+00   0.0000e+00   4.1396e-03   2.6343e+02
20261018_21:00:00   2.7528e-01   6.8290e+01   6.4499e+00   0.0000e+00   7.0231e-03   2.6325e+02
20261019_00:00:00   2.7631e-01   6.8514e+01   6.4501e+00   0.0000e+00   1.3242e-02   2.6262e+02
20261019_03:00:00   2.8551e-01   7.0450e+01   6.6174e+00   0.0000e+00   2.0845e-03   2.6239e+02
20261019_06:00:00   2.7986e-01   6.9378e+01   6.4501e+00   0.0000e+00   5.3073e-05   2.6294e+02
