#            date       tau255        Tb[K]      pwv[mm] lwp[kg*m^-2] iwp[kg*m^-2]       o3[DU]
20260813_18:00:00   8.9028e-02   2.7673e+01   1.9171e+00   0.0000e+00   0.0000e+00   2.6921e+02
20260813_19:00:00   8.2545e-02   2.6063e+01   1.7731e+00   0.0000e+00   0.0000e+00   2.7199e+02
20260813_20:00:00   8.2847e-02   2.6146e+01   1.7831e+00   0.0000e+00   0.0000e+00   2.7225e+02
20260813_21:00:00   9.2069e-02   2.8456e+01   2.0047e+00   0.0000e+00   0.0000e+00   2.7232e+02
20260813_22:00:00   1.0430e-01   3.1472e+01   2.2692e+00   0.0000e+00   0.0000e+00   2.7538e+02
20260813_23:00:00   1.1885e-01   3.4985e+01   2.5682e+00   0.0000e+00   0.0000e+00   2.7333e+02
20260814_00:00:00   1.2940e-01   3.7512e+01   2.7687e+00   0.0000e+00   0.0000e+00   2.7229e+02
20260814_01:00:00   1.2731e-01   3.7015e+01   2.7233e+00   0.0000e+00   0.0000e+00   2.7121e+02
20260814_02:00:00   1.1091e-01   3.3098e+01   2.3705e+00   0.0000e+00   0.0000e+00   2.6970e+02
20260814_03:00:00   9.1576e-02   2.8403e+01   1.9518e+00   0.0000e+00   0.0000e+00   2.6771e+02
20260814_04:00:00   7.8923e-02   2.5255e+01   1.6667e+00   0.0000e+00   0.0000e+00   2.6986e+02
20260814_05:00:00   7.1165e-02   2.3286e+01   1.4893e+00   0.0000e+00   0.0000e+00   2.6926e+02
20260814_06:00:00   6.3936e-02   2.1405e+01   1.3268e+00   0.0000e+00   0.0000e+00   2.6778e+02
20260814_07:00:00   6.0609e-02   2.0539e+01   1.2506e+00   0.0000e+00   0.0000e+00   2.6895e+02
20260814_08:00:00   5.8565e-02   2.0017e+01   1.2060e+00   0.0000e+00   0.0000e+00   2.6934e+02
20260814_09:00:00   5.9611e-02   2.0269e+01   1.2327e+00   0.0000e+00   0.0000e+00   2.6690e+02
20260814_10:00:00   5.5734e-02   1.9251e+01   1.1434e+00   0.0000e+00   0.0000e+00   2.6562e+02
20260814_11:00:00   5.1888e-02   1.8244e+01   1.0498e+00   0.0000e+00   0.0000e+00   2.6592e+02
20260814_12:00:00   5.0280e-02   1.7823e+01   1.0105e+00   0.0000e+00   0.0000e+00   2.6797e+02
20260814_13:00:00   4.6820e-02   1.6908e+01   9.2551e-01   0.0000e+00   0.0000e+00   2.7177e+02
20260814_14:00:00   4.4543e-02   1.6306e+01   8.6883e-01   0.0000e+00   0.0000e+00   2.7409e+02
20260814_15:00:00   4.5022e-02   1.6438e+01   8.8206e-01   0.0000e+00   0.0000e+00   2.7286e+02
20260814_16:00:00   4.5689e-02   1.6623e+01   8.9858e-01   0.0000e+00   0.0000e+00   2.6651e+02
20260814_17:00:00   4.6418e-02   1.6821e+01   9.1452e-01   0.0000e+00   0.0000e+00   2.6620e+02
20260814_18:00:00   5.0888e-02   1.8009e+01   1.0213e+00   0.0000e+00   0.0000e+00   2.6585e+02
20260814_19:00:00   6.0822e-02   2.0632e+01   1.2574e+00   0.0000e+00   0.0000e+00   2.6598e+02
20260814_20:00:00   7.0317e-02   2.3093e+01   1.4805e+00   0.0000e+00   0.0000e+00   2.6433e+02
20260814_21:00:00   6.7121e-02   2.2234e+01   1.4176e+00   0.0000e+00   0.0000e+00   2.6588e+02
20260814_22:00:00   6.9363e-02   2.2814e+01   1.4692e+00   0.0000e+00   0.0000e+00   2.6663e+02
20260814_23:00:00   8.7363e-02   2.7417e+01   1.8694e+00   0.0000e+00   0.0000e+00   2.7215e+02
20260815_00:00:00   1.2851e-01   3.7533e+01   2.7327e+00   0.0000e+00   0.0000e+00   2.7261e+02
20260815_01:00:00   1.8512e-01   5.0737e+01   3.8196e+00   8.3740e-05   0.0000e+00   2.7331e+02
20260815_02:00:00   2.6763e-01   6.8590e+01   4.5934e+00   1.6070e-02   0.0000e+00   2.7322e+02
20260815_03:00:00   4.5167e-01   1.0376e+02   5.3048e+00   7.4268e-02   0.0000e+00   2.7363e+02
20260815_04:00:00   3.6793e-01   8.8290e+01   7.1290e+00   1.4058e-03   0.0000e+00   2.7228e+02
20260815_05:00:00   3.6317e-01   8.7468e+01   7.1432e+00   5.0270e-04   4.0440e-06   2.6957e+02
20260815_06:00:00   5.2310e-01   1.1546e+02   7.3563e+00   5.9724e-02   3.5040e-05   2.6663e+02
20260815_07:00:00   1.2711e+00   2.0048e+02   7.9625e+00   3.4376e-01   3.1520e-05   2.7131e+02
20260815_08:00:00   1.8252e+00   2.3322e+02   8.1660e+00   5.6050e-01   4.4100e-06   2.7249e+02
20260815_09:00:00   1.1112e+00   1.8700e+02   8.2131e+00   2.7687e-01   1.0108e-06   2.7437e+02
20260815_10:00:00   5.5004e-01   1.1942e+02   7.6183e+00   6.4836e-02   1.2634e-06   2.7704e+02
20260815_11:00:00   3.8541e-01   9.1326e+01   6.9467e+00   1.4494e-02   4.0440e-06   2.7395e+02
20260815_12:00:00   3.8889e-01   9.1828e+01   7.7344e+00   1.0499e-03   0.0000e+00   2.7242e+02
20260815_13:00:00   6.8431e-01   1.3867e+02   8.7008e+00   9.9770e-02   4.6710e-04   2.7076e+02
20260815_14:00:00   2.9531e+00   2.6265e+02   1.0083e+01   9.7850e-01   1.5947e-04   2.7073e+02
20260815_15:00:00   2.2390e+00   2.4715e+02   9.9591e+00   6.9601e-01   4.7895e-04   2.7243e+02
20260815_16:00:00   1.7985e+00   2.3118e+02   1.0246e+01   5.1004e-01   3.4267e-03   2.7331e+02
20260815_17:00:00   2.1313e+00   2.4406e+02   1.0458e+01   6.3964e-01   8.7560e-03   2.7180e+02
20260815_18:00:00   2.3233e+00   2.4959e+02   1.1085e+01   7.0762e-01   3.5060e-02   2.7209e+02
20260815_19:00:00   2.3227e+00   2.4873e+02   1.3540e+01   6.7258e-01   1.5180e-01   2.6997e+02
20260815_20:00:00   1.5848e+00   2.2028e+02   1.1256e+01   4.1591e-01   7.3208e-02   2.7095e+02
20260815_21:00:00   2.9412e+00   2.6162e+02   1.3771e+01   9.1854e-01   4.1349e-01   2.7087e+02
20260815_22:00:00   1.5355e+00   2.1723e+02   1.2972e+01   3.6420e-01   4.8109e-01   2.7117e+02
20260815_23:00:00   1.8870e+00   2.3498e+02   1.2763e+01   5.1175e-01   3.5780e-01   2.7181e+02
20260816_00:00:00   1.4467e+00   2.1137e+02   1.3226e+01   3.2608e-01   5.5278e-01   2.7086e+02
20260816_01:00:00   1.0410e+00   1.7696e+02   1.4488e+01   1.4055e-01   1.2264e+00   2.7010e+02
20260816_02:00:00   2.2361e+00   2.4457e+02   1.5545e+01   6.0717e-01   7.2983e-01   2.7155e+02
20260816_03:00:00   3.7976e+00   2.6876e+02   1.4805e+01   1.2704e+00   2.4762e-01   2.7172e+02
20260816_04:00:00   1.8199e+00   2.3027e+02   1.4871e+01   4.4494e-01   5.1834e-01   2.7345e+02
20260816_05:00:00   3.7472e+00   2.6954e+02   1.4704e+01   1.2406e+00   2.9617e-01   2.7477e+02
20260816_06:00:00   2.4120e+00   2.5149e+02   1.3840e+01   7.0620e-01   2.1710e-01   2.7269e+02
20260816_07:00:00   1.2786e+00   1.9830e+02   1.4910e+01   2.2653e-01   4.1996e-01   2.7054e+02
20260816_08:00:00   1.3559e+00   2.0387e+02   1.5004e+01   2.6185e-01   4.0350e-01   2.6900e+02
20260816_09:00:00   1.6418e+00   2.2159e+02   1.5639e+01   3.5675e-01   7.2254e-01   2.6863e+02
20260816_10:00:00   2.2666e+00   2.4565e+02   1.5265e+01   6.2623e-01   9.9377e-01   2.6911e+02
20260816_11:00:00   1.1120e+00   1.8364e+02   1.5040e+01   1.5204e-01   7.9462e-01   2.6969e+02
20260816_12:00:00   1.4813e+00   2.1108e+02   1.5064e+01   3.0803e-01   5.6690e-01   2.7184e+02
20260816_13:00:00   9.9432e-01   1.7309e+02   1.4288e+01   1.2302e-01   1.6791e-01   2.7050e+02
20260816_14:00:00   1.6069e+00   2.1981e+02   1.4022e+01   3.7591e-01   1.2353e-01   2.7058e+02
20260816_15:00:00   3.8878e+00   2.6955e+02   1.4470e+01   1.3159e+00   3.6715e-01   2.7049e+02
20260816_16:00:00   2.9249e+00   2.6065e+02   1.3363e+01   9.2471e-01   1.4191e-01   2.7128e+02
20260816_17:00:00   2.4722e+00   2.5175e+02   1.3113e+01   7.5060e-01   7.9371e-02   2.7117e+02
20260816_18:00:00   1.5553e+00   2.1710e+02   1.2358e+01   3.8736e-01   6.9044e-02   2.7501e+02
20260816_19:00:00   2.5510e+00   2.5453e+02   1.2789e+01   7.7864e-01   8.0297e-03   2.7706e+02
20260816_20:00:00   1.0416e+00   1.7852e+02   1.2659e+01   1.7074e-01   1.2485e-02   2.7509e+02
20260816_21:00:00   1.0470e+00   1.7971e+02   1.3116e+01   1.5947e-01   5.0772e-03   2.7423e+02
20260816_22:00:00   6.7097e-01   1.3535e+02   1.2917e+01   1.6181e-02   4.6803e-03   2.7474e+02
20260816_23:00:00   6.8944e-01   1.3793e+02   1.2965e+01   2.4022e-02   8.2804e-03   2.7476e+02
20260817_00:00:00   6.7982e-01   1.3660e+02   1.2992e+01   1.9813e-02   1.0171e-02   2.7431e+02
20260817_01:00:00   7.1301e-01   1.4134e+02   1.2705e+01   3.9179e-02   7.1822e-03   2.7267e+02
20260817_02:00:00   9.5899e-01   1.7078e+02   1.2563e+01   1.3978e-01   4.2474e-03   2.7314e+02
20260817_03:00:00   1.3141e+00   2.0160e+02   1.3174e+01   2.7221e-01   3.6183e-02   2.7323e+02
20260817_04:00:00   2.3333e+00   2.4915e+02   1.4543e+01   6.5308e-01   3.9611e-01   2.7308e+02
20260817_05:00:00   2.2333e+00   2.4523e+02   1.5187e+01   6.1182e-01   7.9392e-01   2.7282e+02
20260817_06:00:00   1.7584e+00   2.2730e+02   1.5036e+01   4.1389e-01   8.1905e-01   2.7204e+02
20260817_07:00:00   1.3695e+00   2.0491e+02   1.4770e+01   2.5892e-01   7.0063e-01   2.7175e+02
20260817_08:00:00   8.1924e-01   1.5401e+02   1.4153e+01   5.1509e-02   3.9388e-01   2.7300e+02
20260817_09:00:00   7.4268e-01   1.4474e+02   1.3453e+01   3.7790e-02   1.1096e-01   2.7238e+02
20260817_10:00:00   7.7262e-01   1.4894e+02   1.2872e+01   6.1090e-02   1.4948e-03   2.7215e+02
20260817_11:00:00   8.1259e-01   1.5402e+02   1.2495e+01   8.4557e-02   3.4017e-04   2.7101e+02
20260817_12:00:00   7.5816e-01   1.4720e+02   1.2298e+01   6.7310e-02   2.6840e-04   2.6980e+02
20260817_13:00:00   7.0126e-01   1.3971e+02   1.2080e+01   5.0255e-02   0.0000e+00   2.7017e+02
20260817_14:00:00   1.1143e+00   1.8614e+02   1.2040e+01   2.1671e-01   0.0000e+00   2.7238e+02
20260817_15:00:00   9.4553e-01   1.6946e+02   1.1914e+01   1.5214e-01   0.0000e+00   2.7435e+02
20260817_16:00:00   5.9426e-01   1.2439e+02   1.1672e+01   1.6127e-02   0.0000e+00   2.7134e+02
20260817_17:00:00   5.4461e-01   1.1677e+02   1.1372e+01   2.6900e-03   0.0000e+00   2.7312e+02
20260817_18:00:00   5.9824e-01   1.2526e+02   1.1217e+01   2.6850e-02   0.0000e+00   2.7256e+02
20260817_19:00:00   5.8315e-01   1.2302e+02   1.1094e+01   2.3430e-02   0.0000e+00   2.7139e+02
20260817_20:00:00   5.2480e-01   1.1381e+02   1.0989e+01   2.5960e-03   0.0000e+00   2.7012e+02
20260817_21:00:00   5.1950e-01   1.1294e+02   1.1023e+01   2.1750e-04   0.0000e+00   2.7169e+02
20260817_22:00:00   5.4590e-01   1.1719e+02   1.1114e+01   9.3150e-03   0.0000e+00   2.7447e+02
20260817_23:00:00   6.2322e-01   1.2908e+02   1.1286e+01   3.6720e-02   1.9602e-05   2.7341e+02
20260818_00:00:00   5.7585e-01   1.2182e+02   1.1421e+01   1.5460e-02   3.0340e-05   2.7343e+02
20260818_01:00:00   5.3796e-01   1.1580e+02   1.1424e+01   9.4760e-05   2.1506e-05   2.7471e+02
20260818_02:00:00   5.7852e-01   1.2226e+02   1.1436e+01   1.5460e-02   2.3224e-05   2.7612e+02
20260818_03:00:00   6.1858e-01   1.2848e+02   1.1260e+01   3.5990e-02   2.8324e-05   2.7652e+02
20260818_04:00:00   5.0651e-01   1.1091e+02   1.0891e+01   4.2000e-04   3.4680e-05   2.7699e+02
20260818_05:00:00   4.8414e-01   1.0729e+02   1.0479e+01   0.0000e+00   2.2960e-05   2.7725e+02
20260818_06:00:00   4.6652e-01   1.0441e+02   1.0126e+01   0.0000e+00   6.2800e-05   2.7598e+02
20260818_07:00:00   4.5037e-01   1.0173e+02   9.8094e+00   0.0000e+00   1.7288e-04   2.7770e+02
20260818_08:00:00   4.3681e-01   9.9476e+01   9.5636e+00   0.0000e+00   5.1200e-04   2.7771e+02
20260818_09:00:00   4.3374e-01   9.8919e+01   9.5088e+00   0.0000e+00   4.0760e-04   2.7845e+02
20260818_10:00:00   4.2665e-01   9.7711e+01   9.3174e+00   0.0000e+00   1.3095e-04   2.7871e+02
20260818_11:00:00   4.2293e-01   9.7087e+01   9.1907e+00   0.0000e+00   3.4760e-05   2.7981e+02
20260818_12:00:00   4.1998e-01   9.6585e+01   9.0780e+00   0.0000e+00   3.0480e-05   2.7846e+02
20260818_13:00:00   4.1001e-01   9.4866e+01   8.8545e+00   0.0000e+00   2.1560e-04   2.7840e+02
20260818_14:00:00   4.0717e-01   9.4349e+01   8.7808e+00   0.0000e+00   1.4986e-04   2.7810e+02
20260818_15:00:00   4.0918e-01   9.4677e+01   8.8286e+00   0.0000e+00   1.4854e-04   2.7777e+02
20260818_16:00:00   4.0866e-01   9.4554e+01   8.7928e+00   0.0000e+00   1.2754e-04   2.7852e+02
20260818_17:00:00   4.0495e-01   9.3925e+01   8.7105e+00   0.0000e+00   2.0380e-04   2.7986e+02
20260818_18:00:00   4.0262e-01   9.3517e+01   8.6435e+00   0.0000e+00   2.2860e-04   2.8089e+02
20260818_21:00:00   3.9978e-01   9.3053e+01   8.5890e+00   0.0000e+00   4.1200e-06   2.8007e+02
20260819_00:00:00   4.0958e-01   9.4694e+01   8.9289e+00   0.0000e+00   0.0000e+00   2.7677e+02
20260819_03:00:00   4.5511e-01   1.0254e+02   9.7573e+00   5.2040e-04   0.0000e+00   2.7800e+02
20260819_06:00:00   4.3050e-01   9.8342e+01   9.2685e+00   0.0000e+00   0.0000e+00   2.7851e+02
20260819_09:00:00   4.0978e-01   9.4717e+01   8.8802e+00   0.0000e+00   0.0000e+00   2.7990e+02
20260819_12:00:00   3.9539e-01   9.2012e+01   8.6164e+00   0.0000e+00   0.0000e+00   2.7785e+02
20260819_15:00:00   3.7606e-01   8.8349e+01   8.3138e+00   0.0000e+00   0.0000e+00   2.7827e+02
20260819_18:00:00   3.3120e-01   8.0033e+01   7.3882e+00   0.0000e+00   0.0000e+00   2.8041e+02
20260819_21:00:00   3.2277e-01   7.8519e+01   7.1923e+00   0.0000e+00   0.0000e+00   2.7956e+02
20260820_00:00:00   3.0979e-01   7.5943e+01   6.9197e+00   0.0000e+00   0.0000e+00   2.7317e+02
20260820_03:00:00   2.8158e-01   7.0339e+01   6.3638e+00   0.0000e+00   0.0000e+00   2.7216e+02
20260820_06:00:00   2.8508e-01   7.1084e+01   6.4104e+00   0.0000e+00   0.0000e+00   2.7441e+02
20260820_09:00:00   3.0679e-01   7.5354e+01   6.8340e+00   0.0000e+00   2.2260e-06   2.7675e+02
20260820_12:00:00   2.9994e-01   7.3860e+01   6.7602e+00   0.0000e+00   2.1700e-04   2.7590e+02
20260820_15:00:00   2.6093e-01   6.6077e+01   5.9002e+00   0.0000e+00   4.0802e-04   2.7463e+02
20260820_18:00:00   2.1413e-01   5.6493e+01   4.7596e+00   0.0000e+00   4.3460e-06   2.7870e+02
20260820_21:00:00   2.1639e-01   5.7019e+01   4.7932e+00   0.0000e+00   0.0000e+00   2.7959e+02
20260821_00:00:00   2.1395e-01   5.6582e+01   4.7040e+00   1.9870e-05   1.2634e-06   2.7915e+02
20260821_03:00:00   2.0675e-01   5.5114e+01   4.4609e+00   6.5960e-04   0.0000e+00   2.8161e+02
20260821_06:00:00   1.9235e-01   5.1982e+01   4.1406e+00   5.9840e-05   4.0540e-05   2.8552e+02
20260821_09:00:00   1.7838e-01   4.8855e+01   3.8545e+00   0.0000e+00   1.5846e-05   2.8398e+02
20260821_12:00:00   1.7857e-01   4.8786e+01   3.8823e+00   0.0000e+00   1.5681e-03   2.8240e+02
20260821_15:00:00   1.7666e-01   4.8267e+01   3.8660e+00   0.0000e+00   4.4896e-03   2.8004e+02
20260821_18:00:00   1.7882e-01   4.8646e+01   3.9661e+00   0.0000e+00   3.6200e-03   2.8026e+02
20260821_21:00:00   1.7890e-01   4.8684e+01   3.9796e+00   0.0000e+00   8.9399e-03   2.8127e+02
20260822_00:00:00   2.4419e-01   6.2805e+01   5.2836e+00   2.7710e-03   3.4323e-03   2.8157e+02
20260822_03:00:00   2.6532e-01   6.7292e+01   5.7193e+00   1.9610e-03   6.0780e-04   2.8014e+02
20260822_06:00:00   2.1876e-01   5.7647e+01   4.5831e+00   2.5625e-03   5.8775e-05   2.8256e+02
20260822_09:00:00   1.8745e-01   5.0701e+01   4.0434e+00   4.2530e-04   9.0020e-05   2.8280e+02
20260822_12:00:00   1.8203e-01   4.9291e+01   4.0244e+00   0.0000e+00   2.3420e-05   2.8154e+02
20260822_15:00:00   1.6554e-01   4.5509e+01   3.6952e+00   0.0000e+00   5.5960e-05   2.7946e+02
20260822_18:00:00   1.6389e-01   4.5159e+01   3.6442e+00   0.0000e+00   1.4948e-04   2.7858e+02
20260822_21:00:00   1.5875e-01   4.4037e+01   3.5433e+00   0.0000e+00   1.5794e-04   2.7839e+02
20260823_00:00:00   2.5182e-01   6.4184e+01   5.3864e+00   4.7140e-03   3.0110e-04   2.7574e+02
20260823_03:00:00   3.1582e-01   7.6918e+01   6.7918e+00   1.2910e-03   1.1180e-05   2.7389e+02
20260823_06:00:00   2.7758e-01   6.9447e+01   5.9715e+00   0.0000e+00   2.1240e-07   2.7539e+02
20260823_09:00:00   2.7238e-01   6.8407e+01   5.8476e+00   0.0000e+00   0.0000e+00   2.7468e+02
20260823_12:00:00   2.7194e-01   6.8153e+01   5.9412e+00   0.0000e+00   0.0000e+00   2.7441e+02
20260823_15:00:00   2.7828e-01   6.9312e+01   6.1700e+00   0.0000e+00   0.0000e+00   2.7557e+02
20260823_18:00:00   2.7943e-01   6.9533e+01   6.2216e+00   0.0000e+00   0.0000e+00   2.8015e+02
20260823_21:00:00   2.6481e-01   6.6613e+01   5.9663e+00   0.0000e+00   0.0000e+00   2.7997e+02
20260824_00:00:00   2.6220e-01   6.6102e+01   5.8994e+00   0.0000e+00   0.0000e+00   2.7902e+02
20260824_03:00:00   2.6620e-01   6.6934e+01   5.9697e+00   0.0000e+00   0.0000e+00   2.7653e+02
20260824_06:00:00   2.6409e-01   6.6461e+01   5.9309e+00   0.0000e+00   0.0000e+00   2.7429e+02
20260824_09:00:00   2.4917e-01   6.3300e+01   5.6362e+00   0.0000e+00   0.0000e+00   2.7521e+02
20260824_12:00:00   2.3533e-01   6.0387e+01   5.3303e+00   0.0000e+00   0.0000e+00   2.7512e+02
20260824_15:00:00   2.2236e-01   5.7675e+01   5.0345e+00   0.0000e+00   0.0000e+00   2.7477e+02
20260824_18:00:00   2.2122e-01   5.7495e+01   5.0176e+00   0.0000e+00   0.0000e+00   2.7574e+02
20260824_21:00:00   2.2746e-01   5.8893e+01   5.1392e+00   0.0000e+00   0.0000e+00   2.7675e+02
20260825_00:00:00   2.2148e-01   5.7652e+01   4.9910e+00   0.0000e+00   0.0000e+00   2.7459e+02
20260825_03:00:00   2.0344e-01   5.3813e+01   4.6039e+00   0.0000e+00   0.0000e+00   2.7261e+02
20260825_06:00:00   1.7873e-01   4.8376e+01   4.0783e+00   0.0000e+00   0.0000e+00   2.7330e+02
20260825_09:00:00   1.7139e-01   4.6740e+01   3.9028e+00   0.0000e+00   0.0000e+00   2.7298e+02
20260825_12:00:00   1.6569e-01   4.5486e+01   3.7396e+00   0.0000e+00   0.0000e+00   2.7031e+02
20260825_15:00:00   1.5384e-01   4.2769e+01   3.4896e+00   0.0000e+00   0.0000e+00   2.6942e+02
20260825_18:00:00   1.4521e-01   4.0823e+01   3.2993e+00   0.0000e+00   0.0000e+00   2.6955e+02
20260825_21:00:00   1.5541e-01   4.3263e+01   3.4883e+00   0.0000e+00   0.0000e+00   2.7210e+02
20260826_00:00:00   1.9024e-01   5.1194e+01   4.1663e+00   0.0000e+00   0.0000e+00   2.7473e+02
20260826_03:00:00   2.5558e-01   6.5202e+01   5.4619e+00   0.0000e+00   0.0000e+00   2.7555e+02
20260826_06:00:00   2.8214e-01   7.0618e+01   6.0285e+00   0.0000e+00   0.0000e+00   2.7482e+02
20260826_09:00:00   2.9028e-01   7.2175e+01   6.2153e+00   0.0000e+00   0.0000e+00   2.7571e+02
20260826_12:00:00   3.0145e-01   7.4348e+01   6.3819e+00   0.0000e+00   0.0000e+00   2.7535e+02
20260826_15:00:00   2.5718e-01   6.5367e+01   5.5488e+00   0.0000e+00   0.0000e+00   2.7446e+02
20260826_18:00:00   2.7015e-01   6.7921e+01   5.8586e+00   0.0000e+00   0.0000e+00   2.7482e+02
20260826_21:00:00   2.7573e-01   6.9000e+01   6.0436e+00   0.0000e+00   0.0000e+00   2.7562e+02
20260827_00:00:00   2.6155e-01   6.6001e+01   5.8299e+00   0.0000e+00   0.0000e+00   2.7615e+02
20260827_03:00:00   2.4443e-01   6.2448e+01   5.5200e+00   0.0000e+00   0.0000e+00   2.7462e+02
20260827_06:00:00   2.0910e-01   5.4901e+01   4.7905e+00   0.0000e+00   0.0000e+00   2.7877e+02
20260827_09:00:00   2.1046e-01   5.5149e+01   4.8257e+00   0.0000e+00   0.0000e+00   2.7834e+02
20260827_12:00:00   1.8878e-01   5.0374e+01   4.3584e+00   0.0000e+00   5.1326e-05   2.7957e+02
20260827_15:00:00   1.8462e-01   4.9504e+01   4.2567e+00   0.0000e+00   0.0000e+00   2.7668e+02
20260827_18:00:00   2.0191e-01   5.3258e+01   4.6517e+00   0.0000e+00   0.0000e+00   2.8028e+02
20260827_21:00:00   2.1997e-01   5.7159e+01   5.0404e+00   0.0000e+00   0.0000e+00   2.8130e+02
20260828_00:00:00   2.2315e-01   5.7940e+01   5.1060e+00   1.5410e-06   0.0000e+00   2.8176e+02
20260828_03:00:00   2.3727e-01   6.0924e+01   5.4174e+00   0.0000e+00   0.0000e+00   2.8035e+02
20260828_06:00:00   2.3132e-01   5.9757e+01   5.2582e+00   0.0000e+00   0.0000e+00   2.7798e+02
20260828_09:00:00   2.1526e-01   5.6474e+01   4.8919e+00   0.0000e+00   0.0000e+00   2.7735e+02
20260828_12:00:00   2.3550e-01   6.0785e+01   5.3211e+00   0.0000e+00   0.0000e+00   2.7668e+02
20260828_15:00:00   2.6854e-01   6.7528e+01   6.0380e+00   0.0000e+00   0.0000e+00   2.7445e+02
20260828_18:00:00   2.7305e-01   6.8477e+01   6.1380e+00   0.0000e+00   0.0000e+00   2.7679e+02
20260828_21:00:00   2.7012e-01   6.7966e+01   6.0620e+00   0.0000e+00   0.0000e+00   2.7820e+02
20260829_00:00:00   2.8114e-01   7.0290e+01   6.2680e+00   0.0000e+00   0.0000e+00   2.7604e+02
20260829_03:00:00   2.9254e-01   7.2487e+01   6.5206e+00   0.0000e+00   0.0000e+00   2.7272e+02
20260829_06:00:00   2.9584e-01   7.3135e+01   6.5682e+00   0.0000e+00   0.0000e+00   2.7333e+02
20260829_09:00:00   2.8428e-01   7.0859e+01   6.3185e+00   0.0000e+00   0.0000e+00   2.7504e+02
20260829_12:00:00   2.7841e-01   6.9658e+01   6.2313e+00   0.0000e+00   0.0000e+00   2.7468e+02
20260829_15:00:00   2.7331e-01   6.8585e+01   6.1487e+00   0.0000e+00   0.0000e+00   2.7335e+02
20260829_18:00:00   2.7150e-01   6.8224e+01   6.1231e+00   0.0000e+00   0.0000e+00   2.7347e+02
