#            date       tau255        Tb[K]      pwv[mm] lwp[kg*m^-2] iwp[kg*m^-2]       o3[DU]
20260925_12:00:00   5.9994e-01   1.2389e+02   1.2911e+01   8.5652e-04   1.1572e-01   2.6007e+02
20260925_13:00:00   6.3846e-01   1.2951e+02   1.3489e+01   1.2128e-03   4.6756e-02   2.5847e+02
20260925_14:00:00   6.2728e-01   1.2803e+02   1.3367e+01   1.2420e-05   4.2090e-02   2.5758e+02
20260925_15:00:00   6.0314e-01   1.2443e+02   1.3038e+01   5.9830e-05   9.7987e-02   2.5565e+02
20260925_16:00:00   5.8204e-01   1.2147e+02   1.2698e+01   0.0000e+00   3.6920e-02   2.5434e+02
20260925_17:00:00   5.4830e-01   1.1646e+02   1.2098e+01   0.0000e+00   1.1246e-02   2.5572e+02
20260925_18:00:00   5.1481e-01   1.1135e+02   1.1468e+01   0.0000e+00   3.0445e-03   2.5738e+02
20260925_19:00:00   5.5724e-01   1.1768e+02   1.2223e+01   1.3226e-03   1.7701e-02   2.5927e+02
20260925_20:00:00   5.8860e-01   1.2245e+02   1.2766e+01   0.0000e+00   1.3501e-02   2.6405e+02
20260925_21:00:00   6.0803e-01   1.2526e+02   1.3177e+01   0.0000e+00   8.3418e-02   2.6470e+02
20260925_22:00:00   6.5157e-01   1.3139e+02   1.3991e+01   5.2380e-05   1.3530e-01   2.6467e+02
20260925_23:00:00   6.9961e-01   1.3779e+02   1.4577e+01   1.0663e-03   6.7294e-01   2.6276e+02
20260926_00:00:00   7.4838e-01   1.4418e+02   1.5085e+01   8.5682e-03   5.9070e-01   2.5970e+02
20260926_01:00:00   1.4864e+00   2.1164e+02   1.5593e+01   2.9883e-01   6.2280e-01   2.5746e+02
20260926_02:00:00   2.6448e+00   2.5488e+02   1.5892e+01   7.6513e-01   7.6296e-01   2.5485e+02
20260926_03:00:00   3.5022e+00   2.6675e+02   1.5804e+01   1.1213e+00   4.7106e-01   2.5475e+02
20260926_04:00:00   2.1771e+00   2.4290e+02   1.5359e+01   5.9096e-01   1.7846e-01   2.5648e+02
20260926_05:00:00   2.7496e+00   2.5740e+02   1.5157e+01   8.2393e-01   1.3053e-01   2.5650e+02
20260926_06:00:00   2.2345e+00   2.4556e+02   1.4843e+01   6.1838e-01   9.8911e-02   2.5613e+02
20260926_07:00:00   1.5331e+00   2.1582e+02   1.4606e+01   3.3657e-01   4.5126e-02   2.5613e+02
20260926_08:00:00   1.2576e+00   1.9705e+02   1.4488e+01   2.2711e-01   4.1626e-02   2.5916e+02
20260926_09:00:00   1.1936e+00   1.9213e+02   1.3859e+01   2.1173e-01   4.4580e-02   2.6067e+02
20260926_10:00:00   8.4550e-01   1.5785e+02   1.3125e+01   8.6771e-02   2.9227e-02   2.6388e+02
20260926_11:00:00   7.4186e-01   1.4515e+02   1.2914e+01   5.0762e-02   2.5911e-02   2.6175e+02
20260926_12:00:00   6.0858e-01   1.2659e+02   1.2703e+01   4.6688e-03   2.0926e-02   2.5876e+02
20260926_13:00:00   5.8676e-01   1.2330e+02   1.2418e+01   3.5810e-03   1.3588e-02   2.5775e+02
20260926_14:00:00   5.7539e-01   1.2160e+02   1.2367e+01   1.0230e-03   1.2669e-02   2.5838e+02
20260926_15:00:00   5.7738e-01   1.2210e+02   1.2206e+01   5.4750e-03   9.7338e-03   2.5687e+02
20260926_16:00:00   5.8913e-01   1.2424e+02   1.1569e+01   2.4684e-02   6.6589e-03   2.5891e+02
20260926_17:00:00   6.8792e-01   1.3884e+02   1.1058e+01   7.3394e-02   5.0295e-03   2.5950e+02
20260926_18:00:00   7.3609e-01   1.4538e+02   1.1173e+01   8.9207e-02   6.1577e-03   2.5819e+02
20260926_19:00:00   7.7785e-01   1.5043e+02   1.1786e+01   9.3251e-02   6.0124e-03   2.5849e+02
20260926_20:00:00   8.2233e-01   1.5603e+02   1.1736e+01   1.1096e-01   5.1619e-03   2.5901e+02
20260926_21:00:00   6.4834e-01   1.3318e+02   1.1481e+01   5.0855e-02   6.6327e-03   2.5848e+02
20260926_22:00:00   1.4460e+00   2.1210e+02   1.1954e+01   3.5520e-01   6.1411e-03   2.5869e+02
20260926_23:00:00   1.6825e+00   2.2572e+02   1.2004e+01   4.4790e-01   5.6330e-03   2.5803e+02
20260927_00:00:00   1.6472e+00   2.2379e+02   1.2263e+01   4.2724e-01   4.5848e-03   2.5860e+02
20260927_01:00:00   1.7231e+00   2.2779e+02   1.2269e+01   4.5638e-01   3.4082e-03   2.5838e+02
20260927_02:00:00   1.7908e+00   2.3107e+02   1.2015e+01   4.8650e-01   2.6818e-03   2.5381e+02
20260927_03:00:00   1.7874e+00   2.3089e+02   1.1970e+01   4.8573e-01   3.5627e-03   2.5174e+02
20260927_04:00:00   1.6107e+00   2.2204e+02   1.1833e+01   4.1791e-01   3.4360e-03   2.5075e+02
20260927_05:00:00   1.7841e+00   2.3071e+02   1.1859e+01   4.8677e-01   2.3115e-03   2.5235e+02
20260927_06:00:00   1.5446e+00   2.1825e+02   1.1589e+01   3.9485e-01   2.7300e-03   2.5725e+02
20260927_07:00:00   9.9695e-01   1.7550e+02   1.1389e+01   1.8126e-01   3.6720e-03   2.5741e+02
20260927_08:00:00   5.6506e-01   1.2104e+02   1.0706e+01   2.8620e-02   4.4860e-03   2.5949e+02
20260927_09:00:00   5.0711e-01   1.1163e+02   1.0730e+01   5.2840e-03   4.1080e-03   2.5795e+02
20260927_10:00:00   4.7249e-01   1.0600e+02   1.0233e+01   6.8580e-04   3.6040e-03   2.5843e+02
20260927_11:00:00   4.6514e-01   1.0453e+02   1.0128e+01   2.9250e-04   7.1840e-04   2.5876e+02
20260927_12:00:00   4.2783e-01   9.8163e+01   9.3400e+00   3.7342e-04   8.0240e-04   2.6093e+02
20260927_13:00:00   3.7474e-01   8.8529e+01   8.4570e+00   0.0000e+00   5.1460e-04   2.5710e+02
20260927_14:00:00   3.6426e-01   8.6539e+01   8.2317e+00   0.0000e+00   1.8274e-03   2.5686e+02
20260927_15:00:00   3.4883e-01   8.3618e+01   7.9392e+00   0.0000e+00   5.4125e-04   2.5868e+02
20260927_16:00:00   3.4197e-01   8.2313e+01   7.7372e+00   0.0000e+00   2.4837e-04   2.6094e+02
20260927_17:00:00   3.1380e-01   7.6904e+01   7.1989e+00   0.0000e+00   4.5705e-04   2.6058e+02
20260927_18:00:00   3.0718e-01   7.5664e+01   6.9868e+00   0.0000e+00   1.5640e-04   2.5785e+02
20260927_19:00:00   2.9761e-01   7.3827e+01   6.7384e+00   0.0000e+00   2.0060e-04   2.5763e+02
20260927_20:00:00   2.8614e-01   7.1618e+01   6.4427e+00   0.0000e+00   3.1140e-04   2.6057e+02
20260927_21:00:00   2.9364e-01   7.3156e+01   6.5281e+00   0.0000e+00   4.7360e-04   2.5991e+02
20260927_22:00:00   2.7700e-01   6.9880e+01   6.1367e+00   0.0000e+00   2.8220e-04   2.5786e+02
20260927_23:00:00   2.8292e-01   7.1070e+01   6.1036e+00   1.4750e-03   2.7880e-04   2.5603e+02
20260928_00:00:00   2.5789e-01   6.5959e+01   5.6759e+00   0.0000e+00   2.6380e-04   2.5773e+02
20260928_01:00:00   2.6276e-01   6.6938e+01   5.7426e+00   0.0000e+00   6.2100e-04   2.5572e+02
20260928_02:00:00   2.2959e-01   6.0044e+01   5.0676e+00   0.0000e+00   1.3324e-03   2.5724e+02
20260928_03:00:00   2.1182e-01   5.6208e+01   4.6785e+00   0.0000e+00   1.5404e-03   2.5918e+02
20260928_04:00:00   1.7782e-01   4.8631e+01   4.0263e+00   0.0000e+00   1.5822e-03   2.6210e+02
20260928_05:00:00   1.5435e-01   4.3181e+01   3.5503e+00   0.0000e+00   1.3960e-03   2.6205e+02
20260928_06:00:00   1.3303e-01   3.8143e+01   3.1101e+00   0.0000e+00   1.0956e-03   2.6346e+02
20260928_07:00:00   1.2176e-01   3.5422e+01   2.8559e+00   0.0000e+00   3.9360e-04   2.6176e+02
20260928_08:00:00   1.1013e-01   3.2607e+01   2.5991e+00   0.0000e+00   2.6740e-04   2.6189e+02
20260928_09:00:00   1.0661e-01   3.1717e+01   2.5191e+00   0.0000e+00   8.2080e-04   2.5988e+02
20260928_10:00:00   1.0373e-01   3.0974e+01   2.4623e+00   0.0000e+00   2.2920e-03   2.5836e+02
20260928_11:00:00   1.0278e-01   3.0706e+01   2.4405e+00   0.0000e+00   2.2200e-03   2.5633e+02
20260928_12:00:00   9.9131e-02   2.9795e+01   2.3555e+00   0.0000e+00   8.7480e-04   2.5534e+02
20260928_13:00:00   9.6768e-02   2.9219e+01   2.2965e+00   0.0000e+00   9.0300e-05   2.5542e+02
20260928_14:00:00   9.3463e-02   2.8401e+01   2.2169e+00   0.0000e+00   4.5660e-04   2.5837e+02
20260928_15:00:00   9.1459e-02   2.7909e+01   2.1617e+00   0.0000e+00   8.6280e-04   2.5799e+02
20260928_16:00:00   8.8033e-02   2.7071e+01   2.0719e+00   0.0000e+00   4.7460e-04   2.5659e+02
20260928_17:00:00   8.4285e-02   2.6150e+01   1.9735e+00   0.0000e+00   8.9540e-05   2.5630e+02
20260928_18:00:00   8.1444e-02   2.5443e+01   1.9037e+00   0.0000e+00   0.0000e+00   2.5732e+02
20260928_19:00:00   7.9179e-02   2.4887e+01   1.8478e+00   0.0000e+00   0.0000e+00   2.5957e+02
20260928_20:00:00   7.6806e-02   2.4301e+01   1.7874e+00   0.0000e+00   0.0000e+00   2.5855e+02
20260928_21:00:00   7.4707e-02   2.3777e+01   1.7335e+00   0.0000e+00   0.0000e+00   2.5823e+02
20260928_22:00:00   7.1777e-02   2.3044e+01   1.6590e+00   0.0000e+00   0.0000e+00   2.5928e+02
20260928_23:00:00   7.0691e-02   2.2783e+01   1.6234e+00   0.0000e+00   0.0000e+00   2.5969e+02
20260929_00:00:00   7.2732e-02   2.3333e+01   1.6589e+00   0.0000e+00   0.0000e+00   2.5856e+02
20260929_01:00:00   7.4392e-02   2.3764e+01   1.6926e+00   0.0000e+00   0.0000e+00   2.5572e+02
20260929_02:00:00   7.8867e-02   2.4930e+01   1.7145e+00   1.3050e-03   0.0000e+00   2.5502e+02
20260929_03:00:00   7.7833e-02   2.4669e+01   1.7120e+00   9.3150e-04   0.0000e+00   2.5724e+02
20260929_04:00:00   7.3394e-02   2.3519e+01   1.6688e+00   0.0000e+00   0.0000e+00   2.5914e+02
20260929_05:00:00   7.4586e-02   2.3807e+01   1.6971e+00   0.0000e+00   0.0000e+00   2.6136e+02
20260929_06:00:00   7.4522e-02   2.3791e+01   1.6935e+00   0.0000e+00   0.0000e+00   2.6485e+02
20260929_07:00:00   7.2663e-02   2.3327e+01   1.6482e+00   0.0000e+00   0.0000e+00   2.6649e+02
20260929_08:00:00   7.3350e-02   2.3504e+01   1.6633e+00   0.0000e+00   0.0000e+00   2.6636e+02
20260929_09:00:00   7.5382e-02   2.4010e+01   1.7163e+00   0.0000e+00   0.0000e+00   2.6626e+02
20260929_10:00:00   7.8927e-02   2.4891e+01   1.8092e+00   0.0000e+00   0.0000e+00   2.6630e+02
20260929_11:00:00   8.9603e-02   2.7568e+01   2.0677e+00   0.0000e+00   0.0000e+00   2.6540e+02
20260929_12:00:00   1.0962e-01   3.2489e+01   2.5433e+00   0.0000e+00   0.0000e+00   2.6563e+02
20260929_13:00:00   1.3882e-01   3.9476e+01   3.1980e+00   0.0000e+00   0.0000e+00   2.6487e+02
20260929_14:00:00   1.5423e-01   4.3094e+01   3.5160e+00   0.0000e+00   0.0000e+00   2.6465e+02
20260929_15:00:00   1.6190e-01   4.4889e+01   3.6584e+00   0.0000e+00   0.0000e+00   2.6356e+02
20260929_16:00:00   1.6345e-01   4.5269e+01   3.6749e+00   0.0000e+00   0.0000e+00   2.6287e+02
20260929_17:00:00   1.6280e-01   4.5149e+01   3.6552e+00   0.0000e+00   0.0000e+00   2.6281e+02
20260929_18:00:00   1.6858e-01   4.6468e+01   3.7807e+00   0.0000e+00   0.0000e+00   2.6278e+02
20260929_19:00:00   1.8354e-01   4.9790e+01   4.1284e+00   0.0000e+00   0.0000e+00   2.6378e+02
20260929_20:00:00   1.9789e-01   5.2973e+01   4.4524e+00   0.0000e+00   0.0000e+00   2.6324e+02
20260929_21:00:00   2.1447e-01   5.6583e+01   4.8095e+00   0.0000e+00   0.0000e+00   2.6222e+02
20260929_22:00:00   2.3185e-01   6.0280e+01   5.1788e+00   0.0000e+00   0.0000e+00   2.6241e+02
20260929_23:00:00   2.5103e-01   6.4329e+01   5.5820e+00   0.0000e+00   0.0000e+00   2.6175e+02
20260930_00:00:00   2.7948e-01   7.0164e+01   6.1693e+00   0.0000e+00   0.0000e+00   2.6056e+02
20260930_01:00:00   3.1519e-01   7.7263e+01   6.8677e+00   5.6260e-04   0.0000e+00   2.5950e+02
20260930_02:00:00   3.4242e-01   8.2489e+01   7.4248e+00   7.8760e-04   0.0000e+00   2.5914e+02
20260930_03:00:00   3.6429e-01   8.6597e+01   7.9062e+00   2.5580e-04   0.0000e+00   2.5991e+02
20260930_04:00:00   3.8234e-01   8.9945e+01   8.2400e+00   3.0590e-04   0.0000e+00   2.6036e+02
20260930_05:00:00   4.0232e-01   9.3561e+01   8.5872e+00   1.4750e-06   6.4610e-06   2.6107e+02
20260930_06:00:00   4.2403e-01   9.7370e+01   8.9498e+00   0.0000e+00   0.0000e+00   2.6079e+02
20260930_07:00:00   4.4519e-01   1.0100e+02   9.3384e+00   0.0000e+00   0.0000e+00   2.6133e+02
20260930_08:00:00   4.6945e-01   1.0506e+02   9.7616e+00   0.0000e+00   0.0000e+00   2.6168e+02
20260930_09:00:00   4.8085e-01   1.0692e+02   9.9414e+00   0.0000e+00   0.0000e+00   2.6166e+02
20260930_10:00:00   4.9027e-01   1.0847e+02   1.0078e+01   0.0000e+00   4.0430e-07   2.6205e+02
20260930_11:00:00   4.9003e-01   1.0845e+02   1.0006e+01   0.0000e+00   5.9520e-06   2.6145e+02
20260930_12:00:00   4.7949e-01   1.0675e+02   9.7974e+00   0.0000e+00   5.5730e-06   2.6031e+02
20260930_15:00:00   4.4122e-01   1.0025e+02   9.1361e+00   0.0000e+00   1.7617e-06   2.6266e+02
20260930_18:00:00   4.1541e-01   9.5737e+01   8.7557e+00   0.0000e+00   0.0000e+00   2.6477e+02
20260930_21:00:00   3.9462e-01   9.2008e+01   8.4913e+00   0.0000e+00   0.0000e+00   2.6780e+02
20261001_00:00:00   3.8603e-01   9.0369e+01   8.4235e+00   2.8860e-06   6.3880e-05   2.6876e+02
20261001_03:00:00   3.8304e-01   8.9937e+01   8.3378e+00   0.0000e+00   1.0198e-05   2.6652e+02
20261001_06:00:00   3.5013e-01   8.4012e+01   7.5161e+00   0.0000e+00   0.0000e+00   2.6548e+02
20261001_09:00:00   3.1730e-01   7.7793e+01   6.8188e+00   0.0000e+00   0.0000e+00   2.6696e+02
20261001_12:00:00   3.0468e-01   7.5221e+01   6.6440e+00   0.0000e+00   0.0000e+00   2.6791e+02
20261001_15:00:00   2.9287e-01   7.2990e+01   6.3403e+00   0.0000e+00   3.9510e-05   2.6525e+02
20261001_18:00:00   2.6960e-01   6.8383e+01   5.8228e+00   0.0000e+00   3.4350e-05   2.5722e+02
20261001_21:00:00   2.6260e-01   6.7027e+01   5.5998e+00   0.0000e+00   2.8460e-05   2.5816e+02
20261002_00:00:00   2.4864e-01   6.4104e+01   5.3081e+00   1.1340e-05   3.5500e-06   2.5465e+02
20261002_03:00:00   2.1622e-01   5.7225e+01   4.6669e+00   0.0000e+00   3.2630e-06   2.5448e+02
20261002_06:00:00   1.9343e-01   5.2241e+01   4.2268e+00   0.0000e+00   0.0000e+00   2.5494e+02
20261002_09:00:00   1.6478e-01   4.5727e+01   3.6621e+00   0.0000e+00   0.0000e+00   2.5924e+02
20261002_12:00:00   1.4243e-01   4.0490e+01   3.2037e+00   0.0000e+00   0.0000e+00   2.5975e+02
20261002_15:00:00   1.2322e-01   3.5920e+01   2.7889e+00   0.0000e+00   0.0000e+00   2.6062e+02
20261002_18:00:00   1.0584e-01   3.1741e+01   2.4006e+00   0.0000e+00   0.0000e+00   2.6008e+02
20261002_21:00:00   9.2943e-02   2.8586e+01   2.1073e+00   0.0000e+00   0.0000e+00   2.6234e+02
20261003_00:00:00   9.0826e-02   2.8048e+01   2.0622e+00   0.0000e+00   0.0000e+00   2.5736e+02
20261003_03:00:00   8.3830e-02   2.6289e+01   1.8972e+00   0.0000e+00   0.0000e+00   2.5915e+02
20261003_06:00:00   7.5945e-02   2.4322e+01   1.6993e+00   0.0000e+00   1.0475e-06   2.6088e+02
20261003_09:00:00   6.9596e-02   2.2694e+01   1.5399e+00   0.0000e+00   0.0000e+00   2.6056e+02
20261003_12:00:00   6.5753e-02   2.1686e+01   1.4492e+00   0.0000e+00   0.0000e+00   2.5922e+02
20261003_15:00:00   6.3150e-02   2.1016e+01   1.3884e+00   0.0000e+00   0.0000e+00   2.6151e+02
20261003_18:00:00   6.2422e-02   2.0835e+01   1.3713e+00   0.0000e+00   0.0000e+00   2.6366e+02
20261003_21:00:00   6.1195e-02   2.0518e+01   1.3411e+00   0.0000e+00   0.0000e+00   2.6476e+02
20261004_00:00:00   6.1612e-02   2.0635e+01   1.3501e+00   0.0000e+00   0.0000e+00   2.6569e+02
20261004_03:00:00   6.2981e-02   2.1016e+01   1.3751e+00   0.0000e+00   0.0000e+00   2.6338e+02
20261004_06:00:00   6.1696e-02   2.0682e+01   1.3402e+00   0.0000e+00   0.0000e+00   2.6334e+02
20261004_09:00:00   6.0940e-02   2.0491e+01   1.3174e+00   0.0000e+00   0.0000e+00   2.6233e+02
20261004_12:00:00   6.1932e-02   2.0742e+01   1.3421e+00   0.0000e+00   0.0000e+00   2.5766e+02
20261004_15:00:00   6.5597e-02   2.1656e+01   1.4354e+00   0.0000e+00   0.0000e+00   2.5729e+02
20261004_18:00:00   6.9777e-02   2.2711e+01   1.5388e+00   0.0000e+00   0.0000e+00   2.5959e+02
20261004_21:00:00   7.4430e-02   2.3847e+01   1.6682e+00   0.0000e+00   0.0000e+00   2.6416e+02
20261005_00:00:00   8.4310e-02   2.6307e+01   1.9111e+00   0.0000e+00   0.0000e+00   2.6313e+02
20261005_03:00:00   9.0946e-02   2.7800e+01   2.1231e+00   0.0000e+00   0.0000e+00   2.6498e+02
20261005_06:00:00   1.0084e-01   3.0101e+01   2.4041e+00   0.0000e+00   0.0000e+00   2.6293e+02
20261005_09:00:00   1.2162e-01   3.5041e+01   2.9251e+00   0.0000e+00   0.0000e+00   2.6238e+02
20261005_12:00:00   1.4102e-01   3.9577e+01   3.3748e+00   0.0000e+00   0.0000e+00   2.5939e+02
20261005_15:00:00   1.4708e-01   4.1025e+01   3.4750e+00   0.0000e+00   0.0000e+00   2.5769e+02
20261005_18:00:00   1.3457e-01   3.8364e+01   3.1143e+00   0.0000e+00   0.0000e+00   2.6015e+02
20261005_21:00:00   1.0679e-01   3.1937e+01   2.3879e+00   0.0000e+00   0.0000e+00   2.6261e+02
20261006_00:00:00   1.0509e-01   3.1564e+01   2.3524e+00   0.0000e+00   0.0000e+00   2.6386e+02
20261006_03:00:00   1.3550e-01   3.9038e+01   2.4180e+00   1.0750e-02   0.0000e+00   2.6407e+02
20261006_06:00:00   1.0859e-01   3.2431e+01   2.4362e+00   0.0000e+00   0.0000e+00   2.6542e+02
20261006_09:00:00   1.0014e-01   3.0401e+01   2.2315e+00   0.0000e+00   0.0000e+00   2.6563e+02
20261006_12:00:00   9.9071e-02   3.0121e+01   2.2177e+00   0.0000e+00   0.0000e+00   2.6652e+02
20261006_15:00:00   1.1368e-01   3.3635e+01   2.5805e+00   0.0000e+00   0.0000e+00   2.6679e+02
20261006_18:00:00   1.1492e-01   3.3945e+01   2.6131e+00   0.0000e+00   0.0000e+00   2.6522e+02
20261006_21:00:00   1.2435e-01   3.6212e+01   2.8456e+00   0.0000e+00   0.0000e+00   2.6336e+02
20261007_00:00:00   1.2138e-01   3.5535e+01   2.7691e+00   0.0000e+00   0.0000e+00   2.6248e+02
20261007_03:00:00   1.2240e-01   3.5805e+01   2.7965e+00   0.0000e+00   0.0000e+00   2.6359e+02
20261007_06:00:00   1.2474e-01   3.6352e+01   2.8547e+00   0.0000e+00   0.0000e+00   2.6214e+02
20261007_09:00:00   1.2470e-01   3.6322e+01   2.8415e+00   0.0000e+00   0.0000e+00   2.6131e+02
20261007_12:00:00   1.2706e-01   3.6889e+01   2.8958e+00   0.0000e+00   0.0000e+00   2.6003e+02
20261007_15:00:00   1.2925e-01   3.7386e+01   2.9342e+00   0.0000e+00   0.0000e+00   2.6106e+02
20261007_18:00:00   1.3100e-01   3.7840e+01   2.9811e+00   0.0000e+00   0.0000e+00   2.6127e+02
20261007_21:00:00   1.2355e-01   3.6123e+01   2.8148e+00   0.0000e+00   0.0000e+00   2.6338e+02
20261008_00:00:00   1.2198e-01   3.5720e+01   2.7842e+00   0.0000e+00   0.0000e+00   2.6288e+02
20261008_03:00:00   1.1880e-01   3.4965e+01   2.6980e+00   0.0000e+00   0.0000e+00   2.6285e+02
20261008_06:00:00   1.2614e-01   3.6709e+01   2.8582e+00   0.0000e+00   0.0000e+00   2.5988e+02
20261008_09:00:00   1.2375e-01   3.6138e+01   2.7924e+00   0.0000e+00   0.0000e+00   2.5889e+02
20261008_12:00:00   1.2223e-01   3.5752e+01   2.7503e+00   0.0000e+00   0.0000e+00   2.5836e+02
20261008_15:00:00   1.2538e-01   3.6535e+01   2.7881e+00   0.0000e+00   0.0000e+00   2.5910e+02
20261008_18:00:00   1.2621e-01   3.6802e+01   2.7788e+00   0.0000e+00   0.0000e+00   2.5758e+02
20261008_21:00:00   1.2802e-01   3.7209e+01   2.8427e+00   0.0000e+00   0.0000e+00   2.5904e+02
20261009_00:00:00   1.5624e-01   4.3749e+01   3.4608e+00   1.9990e-04   0.0000e+00   2.5790e+02
20261009_03:00:00   1.7576e-01   4.8091e+01   3.9408e+00   1.3450e-05   0.0000e+00   2.5741e+02
20261009_06:00:00   1.8847e-01   5.0923e+01   4.2076e+00   0.0000e+00   0.0000e+00   2.5510e+02
20261009_09:00:00   1.4886e-01   4.1925e+01   3.3371e+00   0.0000e+00   0.0000e+00   2.5743e+02
20261009_12:00:00   1.1163e-01   3.3044e+01   2.5151e+00   0.0000e+00   0.0000e+00   2.5643e+02
20261009_15:00:00   9.8919e-02   2.9961e+01   2.2150e+00   0.0000e+00   0.0000e+00   2.5793e+02
20261009_18:00:00   1.0723e-01   3.1921e+01   2.4275e+00   0.0000e+00   0.0000e+00   2.5798e+02
20261009_21:00:00   1.1071e-01   3.2725e+01   2.5092e+00   1.1020e-04   0.0000e+00   2.6182e+02
20261010_00:00:00   1.0843e-01   3.2182e+01   2.4117e+00   1.1050e-03   0.0000e+00   2.5843e+02
20261010_03:00:00   1.1470e-01   3.3763e+01   2.4606e+00   2.0440e-03   0.0000e+00   2.5824e+02
20261010_06:00:00   2.1745e-01   5.7731e+01   2.1702e+00   4.7690e-02   0.0000e+00   2.6041e+02
20261010_09:00:00   2.2763e-01   5.9891e+01   2.1609e+00   5.1689e-02   0.0000e+00   2.6039e+02
20261010_12:00:00   9.8898e-02   2.9973e+01   2.1473e+00   2.3780e-04   0.0000e+00   2.6073e+02
20261010_15:00:00   1.2580e-01   3.6518e+01   2.6563e+00   0.0000e+00   0.0000e+00   2.5828e+02
20261010_18:00:00   1.9159e-01   5.1692e+01   2.9966e+00   2.0619e-02   0.0000e+00   2.5690e+02
20261010_21:00:00   1.1115e-01   3.2854e+01   2.4962e+00   0.0000e+00   0.0000e+00   2.5960e+02
20261011_00:00:00   1.6516e-01   4.5600e+01   2.7016e+00   1.8790e-02   0.0000e+00   2.5941e+02
20261011_03:00:00   1.2234e-01   3.5556e+01   2.7129e+00   8.7510e-04   0.0000e+00   2.5909e+02
20261011_06:00:00   1.4264e-01   4.0377e+01   3.0848e+00   1.9010e-03   0.0000e+00   2.5803e+02
20261011_09:00:00   1.4998e-01   4.2095e+01   3.3273e+00   0.0000e+00   0.0000e+00   2.5707e+02
20261011_12:00:00   1.5958e-01   4.4335e+01   3.4831e+00   1.2119e-03   0.0000e+00   2.5846e+02
