#            date       tau255        Tb[K]      pwv[mm] lwp[kg*m^-2] iwp[kg*m^-2]       o3[DU]
20260819_00:00:00   4.6629e-01   1.0401e+02   1.0176e+01   0.0000e+00   4.7624e-03   2.6799e+02
20260819_01:00:00   4.8084e-01   1.0641e+02   1.0453e+01   0.0000e+00   3.8823e-03   2.7069e+02
20260819_02:00:00   5.0879e-01   1.1088e+02   1.1001e+01   0.0000e+00   2.4223e-03   2.7328e+02
20260819_03:00:00   5.3196e-01   1.1449e+02   1.1479e+01   0.0000e+00   1.6266e-03   2.7603e+02
20260819_04:00:00   5.3770e-01   1.1538e+02   1.1584e+01   0.0000e+00   1.6371e-03   2.7863e+02
20260819_05:00:00   5.2531e-01   1.1352e+02   1.1326e+01   0.0000e+00   1.1866e-03   2.7875e+02
20260819_06:00:00   5.1266e-01   1.1159e+02   1.1062e+01   0.0000e+00   1.4628e-03   2.7844e+02
20260819_07:00:00   4.9224e-01   1.0841e+02   1.0673e+01   0.0000e+00   7.7853e-04   2.7684e+02
20260819_08:00:00   4.6219e-01   1.0351e+02   1.0093e+01   0.0000e+00   1.3592e-04   2.7765e+02
20260819_09:00:00   4.4013e-01   9.9758e+01   9.6743e+00   0.0000e+00   1.0901e-04   2.7756e+02
20260819_10:00:00   4.2768e-01   9.7582e+01   9.4120e+00   0.0000e+00   2.3599e-05   2.7439e+02
20260819_11:00:00   4.1339e-01   9.5049e+01   9.1396e+00   0.0000e+00   1.5784e-04   2.7535e+02
20260819_12:00:00   4.0136e-01   9.2860e+01   8.9272e+00   0.0000e+00   1.0222e-04   2.7440e+02
20260819_13:00:00   3.9454e-01   9.1588e+01   8.8183e+00   0.0000e+00   1.0658e-04   2.7279e+02
20260819_14:00:00   3.9839e-01   9.2218e+01   8.8938e+00   0.0000e+00   2.2859e-04   2.7110e+02
20260819_15:00:00   4.0328e-01   9.3058e+01   8.9740e+00   0.0000e+00   2.5040e-04   2.7314e+02
20260819_16:00:00   4.0575e-01   9.3511e+01   8.9985e+00   0.0000e+00   4.0959e-04   2.7246e+02
20260819_17:00:00   4.1162e-01   9.4614e+01   9.0916e+00   0.0000e+00   1.2008e-03   2.7383e+02
20260819_18:00:00   4.2037e-01   9.6211e+01   9.2609e+00   0.0000e+00   2.0241e-03   2.7434e+02
20260819_19:00:00   4.3338e-01   9.8481e+01   9.5614e+00   0.0000e+00   1.9082e-03   2.7406e+02
20260819_20:00:00   4.3892e-01   9.9393e+01   9.6720e+00   0.0000e+00   2.3032e-03   2.7509e+02
20260819_21:00:00   4.3848e-01   9.9251e+01   9.7045e+00   0.0000e+00   1.0108e-02   2.7415e+02
20260819_22:00:00   4.3422e-01   9.8452e+01   9.6425e+00   0.0000e+00   5.4982e-03   2.7422e+02
20260819_23:00:00   4.3698e-01   9.8855e+01   9.7261e+00   0.0000e+00   2.4667e-03   2.7358e+02
20260820_00:00:00   4.3077e-01   9.7778e+01   9.6207e+00   0.0000e+00   3.8930e-03   2.7343e+02
20260820_01:00:00   4.1999e-01   9.5898e+01   9.4261e+00   0.0000e+00   2.0444e-02   2.7252e+02
20260820_02:00:00   4.1729e-01   9.5385e+01   9.3991e+00   0.0000e+00   8.6099e-03   2.7327e+02
20260820_03:00:00   3.9057e-01   9.0655e+01   8.8603e+00   0.0000e+00   8.5082e-03   2.7544e+02
20260820_04:00:00   3.7770e-01   8.8293e+01   8.6126e+00   0.0000e+00   2.1375e-02   2.7682e+02
20260820_05:00:00   3.8873e-01   9.0242e+01   8.8329e+00   0.0000e+00   4.4849e-02   2.7703e+02
20260820_06:00:00   3.9383e-01   9.1133e+01   8.9477e+00   0.0000e+00   1.6855e-02   2.7739e+02
20260820_07:00:00   3.8619e-01   8.9788e+01   8.7676e+00   0.0000e+00   3.0824e-03   2.7792e+02
20260820_08:00:00   3.7247e-01   8.7322e+01   8.4709e+00   0.0000e+00   3.7457e-03   2.7690e+02
20260820_09:00:00   3.6535e-01   8.5947e+01   8.3493e+00   0.0000e+00   3.4645e-03   2.7544e+02
20260820_10:00:00   3.5770e-01   8.4512e+01   8.1882e+00   0.0000e+00   6.0224e-03   2.7261e+02
20260820_11:00:00   3.5139e-01   8.3287e+01   8.0250e+00   0.0000e+00   3.0168e-02   2.6969e+02
20260820_12:00:00   3.4155e-01   8.1405e+01   7.8137e+00   0.0000e+00   8.2686e-03   2.7040e+02
20260820_13:00:00   3.1262e-01   7.5911e+01   7.1801e+00   0.0000e+00   6.5756e-03   2.7038e+02
20260820_14:00:00   2.8151e-01   6.9810e+01   6.5057e+00   0.0000e+00   4.0147e-03   2.7117e+02
20260820_15:00:00   2.4804e-01   6.3042e+01   5.7637e+00   0.0000e+00   2.0703e-03   2.7126e+02
20260820_16:00:00   2.1721e-01   5.6610e+01   5.0709e+00   0.0000e+00   2.9980e-05   2.7444e+02
20260820_17:00:00   1.9414e-01   5.1715e+01   4.5161e+00   0.0000e+00   0.0000e+00   2.7580e+02
20260820_18:00:00   1.8172e-01   4.9005e+01   4.2220e+00   0.0000e+00   0.0000e+00   2.7703e+02
20260820_19:00:00   1.7063e-01   4.6533e+01   3.9755e+00   0.0000e+00   0.0000e+00   2.7568e+02
20260820_20:00:00   1.5763e-01   4.3603e+01   3.6771e+00   0.0000e+00   0.0000e+00   2.7454e+02
20260820_21:00:00   1.4797e-01   4.1440e+01   3.4378e+00   0.0000e+00   0.0000e+00   2.7332e+02
20260820_22:00:00   1.3990e-01   3.9627e+01   3.2207e+00   0.0000e+00   0.0000e+00   2.7438e+02
20260820_23:00:00   1.3603e-01   3.8820e+01   3.0823e+00   0.0000e+00   0.0000e+00   2.7611e+02
20260821_00:00:00   1.4761e-01   4.1564e+01   3.3277e+00   5.3170e-05   0.0000e+00   2.7493e+02
20260821_01:00:00   1.8234e-01   4.9507e+01   3.9491e+00   2.3100e-03   0.0000e+00   2.7208e+02
20260821_02:00:00   2.1064e-01   5.5968e+01   3.8091e+00   1.5710e-02   9.3000e-06   2.7117e+02
20260821_03:00:00   2.0359e-01   5.4438e+01   3.9005e+00   1.0050e-02   6.3180e-07   2.7191e+02
20260821_04:00:00   2.1447e-01   5.6985e+01   3.6413e+00   1.7970e-02   0.0000e+00   2.7112e+02
20260821_05:00:00   1.5822e-01   4.4206e+01   3.4105e+00   1.8810e-04   0.0000e+00   2.7053e+02
20260821_06:00:00   1.6255e-01   4.5154e+01   3.5202e+00   0.0000e+00   0.0000e+00   2.6961e+02
20260821_07:00:00   1.4934e-01   4.2133e+01   3.2150e+00   0.0000e+00   0.0000e+00   2.7126e+02
20260821_08:00:00   1.4023e-01   3.9985e+01   3.0292e+00   0.0000e+00   0.0000e+00   2.7282e+02
20260821_09:00:00   1.3404e-01   3.8507e+01   2.9023e+00   0.0000e+00   0.0000e+00   2.7696e+02
20260821_10:00:00   1.2697e-01   3.6805e+01   2.7699e+00   0.0000e+00   0.0000e+00   2.7774e+02
20260821_11:00:00   1.2526e-01   3.6369e+01   2.7467e+00   0.0000e+00   2.9060e-05   2.7676e+02
20260821_12:00:00   1.2865e-01   3.7121e+01   2.8434e+00   0.0000e+00   3.7020e-05   2.7656e+02
20260821_13:00:00   1.3687e-01   3.8999e+01   3.0528e+00   0.0000e+00   8.7080e-06   2.7490e+02
20260821_14:00:00   1.4707e-01   4.1317e+01   3.3106e+00   0.0000e+00   3.0180e-06   2.7455e+02
20260821_15:00:00   1.6261e-01   4.4822e+01   3.6910e+00   0.0000e+00   8.0760e-06   2.7471e+02
20260821_16:00:00   1.7828e-01   4.8312e+01   4.0682e+00   0.0000e+00   1.7132e-05   2.7627e+02
20260821_17:00:00   2.0005e-01   5.3064e+01   4.5596e+00   0.0000e+00   1.5386e-05   2.7736e+02
20260821_18:00:00   2.1721e-01   5.6766e+01   4.9404e+00   0.0000e+00   1.5482e-05   2.7948e+02
20260821_19:00:00   2.2974e-01   5.9411e+01   5.2140e+00   0.0000e+00   4.7400e-05   2.7826e+02
20260821_20:00:00   2.4519e-01   6.2648e+01   5.5464e+00   0.0000e+00   1.2318e-05   2.7609e+02
20260821_21:00:00   2.6616e-01   6.6976e+01   5.9880e+00   0.0000e+00   0.0000e+00   2.7620e+02
20260821_22:00:00   2.9487e-01   7.2687e+01   6.5929e+00   0.0000e+00   0.0000e+00   2.7742e+02
20260821_23:00:00   3.1700e-01   7.6992e+01   7.0480e+00   0.0000e+00   6.5480e-06   2.7696e+02
20260822_00:00:00   3.1726e-01   7.7092e+01   7.0157e+00   4.8070e-04   0.0000e+00   2.7440e+02
20260822_01:00:00   3.0685e-01   7.5148e+01   6.6903e+00   2.0229e-03   0.0000e+00   2.7424e+02
20260822_02:00:00   2.9394e-01   7.2706e+01   6.0798e+00   8.8960e-03   1.7376e-05   2.7590e+02
20260822_03:00:00   2.4710e-01   6.3079e+01   5.5241e+00   1.0650e-03   1.6724e-05   2.7499e+02
20260822_04:00:00   2.4796e-01   6.3246e+01   5.5568e+00   1.0864e-03   2.1920e-05   2.7567e+02
20260822_05:00:00   2.5597e-01   6.4922e+01   5.7427e+00   0.0000e+00   1.8926e-05   2.7730e+02
20260822_06:00:00   2.7220e-01   6.8277e+01   6.0432e+00   0.0000e+00   1.4358e-05   2.7782e+02
20260822_07:00:00   2.8327e-01   7.0567e+01   6.2191e+00   0.0000e+00   4.0400e-05   2.7749e+02
20260822_08:00:00   2.8647e-01   7.1296e+01   6.2248e+00   0.0000e+00   4.7580e-05   2.7779e+02
20260822_09:00:00   2.8923e-01   7.1863e+01   6.2252e+00   0.0000e+00   2.7460e-05   2.7937e+02
20260822_10:00:00   2.8168e-01   7.0366e+01   6.0592e+00   0.0000e+00   9.0740e-06   2.7900e+02
20260822_11:00:00   2.7771e-01   6.9586e+01   5.9606e+00   0.0000e+00   7.4380e-05   2.7575e+02
20260822_12:00:00   2.7540e-01   6.9084e+01   5.9184e+00   0.0000e+00   2.5340e-04   2.7437e+02
20260822_13:00:00   2.6602e-01   6.7173e+01   5.7433e+00   0.0000e+00   3.4980e-04   2.7450e+02
20260822_14:00:00   2.5373e-01   6.4634e+01   5.4932e+00   0.0000e+00   2.4100e-04   2.7332e+02
20260822_15:00:00   2.4419e-01   6.2651e+01   5.2972e+00   0.0000e+00   1.4334e-04   2.7471e+02
20260822_16:00:00   2.3716e-01   6.1167e+01   5.1483e+00   0.0000e+00   8.6940e-05   2.7649e+02
20260822_17:00:00   2.2706e-01   5.9051e+01   4.9513e+00   0.0000e+00   4.0260e-05   2.7708e+02
20260822_18:00:00   2.2272e-01   5.8135e+01   4.8534e+00   0.0000e+00   1.0198e-05   2.7662e+02
20260822_19:00:00   2.1436e-01   5.6363e+01   4.6853e+00   0.0000e+00   2.7520e-06   2.7712e+02
20260822_20:00:00   2.0701e-01   5.4811e+01   4.5137e+00   0.0000e+00   9.3000e-06   2.7874e+02
20260822_21:00:00   2.0478e-01   5.4376e+01   4.4379e+00   0.0000e+00   0.0000e+00   2.7720e+02
20260822_22:00:00   2.0877e-01   5.5272e+01   4.4907e+00   0.0000e+00   0.0000e+00   2.7544e+02
20260822_23:00:00   2.0945e-01   5.5443e+01   4.5111e+00   0.0000e+00   0.0000e+00   2.7671e+02
20260823_00:00:00   2.0792e-01   5.5093e+01   4.4930e+00   0.0000e+00   0.0000e+00   2.7645e+02
20260823_01:00:00   2.0849e-01   5.5219e+01   4.4204e+00   2.0750e-03   0.0000e+00   2.7351e+02
20260823_02:00:00   1.9061e-01   5.1319e+01   4.1690e+00   3.1160e-06   0.0000e+00   2.7023e+02
20260823_03:00:00   1.9292e-01   5.1843e+01   4.2136e+00   0.0000e+00   1.0108e-06   2.7038e+02
20260823_04:00:00   2.0672e-01   5.4878e+01   4.4906e+00   0.0000e+00   5.1140e-05   2.7070e+02
20260823_05:00:00   2.2499e-01   5.8808e+01   4.8654e+00   0.0000e+00   6.0340e-05   2.7014e+02
20260823_06:00:00   2.4099e-01   6.2172e+01   5.2174e+00   0.0000e+00   2.9540e-05   2.6911e+02
20260823_07:00:00   2.5445e-01   6.4965e+01   5.4881e+00   0.0000e+00   9.3000e-06   2.7144e+02
20260823_08:00:00   2.4816e-01   6.3647e+01   5.3969e+00   0.0000e+00   0.0000e+00   2.7233e+02
20260823_09:00:00   2.2922e-01   5.9602e+01   5.0803e+00   0.0000e+00   0.0000e+00   2.7166e+02
20260823_10:00:00   2.3007e-01   5.9785e+01   5.1074e+00   0.0000e+00   8.7080e-06   2.7150e+02
20260823_11:00:00   2.3659e-01   6.1146e+01   5.2219e+00   0.0000e+00   1.5236e-04   2.7162e+02
20260823_12:00:00   2.4810e-01   6.3517e+01   5.4343e+00   0.0000e+00   1.5468e-04   2.7044e+02
20260823_13:00:00   2.5430e-01   6.4821e+01   5.5183e+00   0.0000e+00   2.4960e-04   2.7088e+02
20260823_14:00:00   2.5497e-01   6.4925e+01   5.5754e+00   0.0000e+00   2.3520e-04   2.7317e+02
20260823_15:00:00   2.6652e-01   6.7250e+01   5.8923e+00   0.0000e+00   3.3280e-05   2.7284e+02
20260823_16:00:00   2.7543e-01   6.8960e+01   6.1241e+00   0.0000e+00   5.7720e-06   2.7614e+02
20260823_17:00:00   2.9479e-01   7.2841e+01   6.5093e+00   0.0000e+00   0.0000e+00   2.7836e+02
20260823_18:00:00   3.3621e-01   8.0995e+01   7.2727e+00   0.0000e+00   1.4138e-04   2.8121e+02
20260823_19:00:00   4.0148e-01   9.3217e+01   8.3146e+00   2.1473e-03   2.8706e-05   2.7867e+02
20260823_20:00:00   6.1866e-01   1.2857e+02   9.6434e+00   5.7948e-02   4.9196e-05   2.7612e+02
20260823_21:00:00   6.9387e-01   1.3912e+02   1.0673e+01   6.5846e-02   6.0296e-05   2.7796e+02
20260823_22:00:00   1.7908e+00   2.2974e+02   1.1411e+01   4.9264e-01   3.5998e-03   2.7726e+02
20260823_23:00:00   2.5543e+00   2.5449e+02   1.2211e+01   7.8364e-01   3.5627e-03   2.7440e+02
20260824_00:00:00   3.3043e+00   2.6567e+02   1.2177e+01   1.0914e+00   7.6558e-03   2.7221e+02
20260824_03:00:00   2.6900e+00   2.5681e+02   1.3067e+01   8.2865e-01   7.6814e-02   2.7319e+02
20260824_06:00:00   2.6110e+00   2.5596e+02   1.3609e+01   7.8397e-01   1.1532e-01   2.7675e+02
20260824_09:00:00   1.7221e+00   2.2603e+02   1.5150e+01   3.9704e-01   4.7492e-01   2.7413e+02
20260824_12:00:00   2.0550e+00   2.4120e+02   1.4009e+01   5.5698e-01   8.0236e-02   2.7512e+02
20260824_15:00:00   7.2125e-01   1.4202e+02   1.3419e+01   3.6828e-02   3.3865e-01   2.7368e+02
20260824_18:00:00   8.9002e-01   1.6154e+02   1.5045e+01   5.9969e-02   8.8516e-01   2.7786e+02
20260824_21:00:00   1.6919e+00   2.2479e+02   1.4792e+01   3.9182e-01   4.2462e-01   2.7803e+02
20260825_00:00:00   6.8293e-01   1.3613e+02   1.3460e+01   1.4322e-02   3.3848e-01   2.7648e+02
20260825_03:00:00   8.3716e-01   1.5564e+02   1.3590e+01   7.3553e-02   1.8650e-01   2.7629e+02
20260825_06:00:00   1.2966e+00   1.9887e+02   1.3769e+01   2.5578e-01   2.1138e-01   2.7718e+02
20260825_09:00:00   4.7402e-01   1.0514e+02   1.0073e+01   2.7345e-04   3.3858e-03   2.7796e+02
20260825_12:00:00   4.6006e-01   1.0262e+02   9.8757e+00   8.7718e-06   9.1848e-04   2.8043e+02
20260825_15:00:00   4.6212e-01   1.0264e+02   1.0145e+01   0.0000e+00   1.6751e-03   2.7962e+02
20260825_18:00:00   4.6308e-01   1.0271e+02   1.0173e+01   0.0000e+00   1.9296e-03   2.8006e+02
20260825_21:00:00   4.5610e-01   1.0166e+02   9.9653e+00   0.0000e+00   6.2688e-02   2.7937e+02
20260826_00:00:00   5.3339e-01   1.1404e+02   1.1417e+01   0.0000e+00   7.2050e-02   2.7510e+02
20260826_03:00:00   5.6848e-01   1.1962e+02   1.1672e+01   7.8220e-03   1.8230e-02   2.7496e+02
20260826_06:00:00   6.0553e-01   1.2508e+02   1.1640e+01   2.3500e-02   6.1936e-03   2.7537e+02
20260826_09:00:00   5.1810e-01   1.1173e+02   1.1118e+01   0.0000e+00   2.3761e-03   2.7728e+02
20260826_12:00:00   4.6362e-01   1.0290e+02   1.0096e+01   0.0000e+00   8.7960e-04   2.7638e+02
20260826_15:00:00   4.1564e-01   9.4796e+01   9.1351e+00   0.0000e+00   1.1010e-05   2.7769e+02
20260826_18:00:00   3.8676e-01   8.9724e+01   8.5676e+00   0.0000e+00   0.0000e+00   2.8031e+02
20260826_21:00:00   3.7064e-01   8.6871e+01   8.2682e+00   0.0000e+00   0.0000e+00   2.7999e+02
20260827_00:00:00   3.8227e-01   8.8990e+01   8.5017e+00   0.0000e+00   0.0000e+00   2.8017e+02
20260827_03:00:00   3.7222e-01   8.7332e+01   8.2158e+00   0.0000e+00   0.0000e+00   2.7700e+02
20260827_06:00:00   3.5556e-01   8.4313e+01   7.8512e+00   0.0000e+00   0.0000e+00   2.7939e+02
20260827_09:00:00   3.3048e-01   7.9585e+01   7.3526e+00   0.0000e+00   0.0000e+00   2.7964e+02
20260827_12:00:00   3.0235e-01   7.4202e+01   6.7871e+00   0.0000e+00   1.3094e-05   2.7799e+02
20260827_15:00:00   2.8950e-01   7.1715e+01   6.4959e+00   0.0000e+00   0.0000e+00   2.7694e+02
20260827_18:00:00   2.8160e-01   7.0151e+01   6.3355e+00   0.0000e+00   4.6940e-04   2.7765e+02
20260827_21:00:00   2.7954e-01   6.9715e+01   6.3455e+00   0.0000e+00   1.0872e-03   2.7943e+02
20260828_00:00:00   2.8939e-01   7.1582e+01   6.6034e+00   6.5050e-04   6.5480e-05   2.7709e+02
20260828_03:00:00   2.9689e-01   7.3039e+01   6.7901e+00   0.0000e+00   6.5480e-06   2.7367e+02
20260828_06:00:00   3.1119e-01   7.5834e+01   7.0949e+00   4.7880e-06   0.0000e+00   2.7670e+02
20260828_09:00:00   3.2317e-01   7.8233e+01   7.2501e+00   0.0000e+00   0.0000e+00   2.7774e+02
20260828_12:00:00   3.2364e-01   7.8358e+01   7.2183e+00   0.0000e+00   6.5430e-06   2.7734e+02
20260828_15:00:00   3.0361e-01   7.4593e+01   6.7733e+00   0.0000e+00   8.0480e-04   2.7567e+02
20260828_18:00:00   2.9810e-01   7.3629e+01   6.6083e+00   0.0000e+00   2.2808e-03   2.7620e+02
20260828_21:00:00   3.0105e-01   7.4219e+01   6.6826e+00   0.0000e+00   7.3112e-03   2.7899e+02
20260829_00:00:00   3.0208e-01   7.4363e+01   6.7575e+00   0.0000e+00   1.1511e-02   2.7660e+02
20260829_03:00:00   3.1401e-01   7.6702e+01   7.0147e+00   0.0000e+00   2.5919e-03   2.7505e+02
20260829_06:00:00   3.2902e-01   7.9528e+01   7.3202e+00   0.0000e+00   1.7376e-05   2.7646e+02
20260829_09:00:00   3.0128e-01   7.4259e+01   6.7712e+00   0.0000e+00   4.4783e-05   2.7522e+02
20260829_12:00:00   2.8103e-01   7.0159e+01   6.4214e+00   0.0000e+00   3.4519e-04   2.7027e+02
20260829_15:00:00   2.7980e-01   6.9816e+01   6.4096e+00   0.0000e+00   3.6377e-03   2.7072e+02
20260829_18:00:00   2.7314e-01   6.8521e+01   6.2478e+00   0.0000e+00   9.7857e-04   2.7082e+02
20260829_21:00:00   2.6833e-01   6.7671e+01   6.0958e+00   0.0000e+00   0.0000e+00   2.7185e+02
20260830_00:00:00   2.7346e-01   6.8681e+01   6.2057e+00   0.0000e+00   1.0716e-03   2.7061e+02
20260830_03:00:00   2.6765e-01   6.7584e+01   6.0798e+00   0.0000e+00   0.0000e+00   2.6960e+02
20260830_06:00:00   2.5409e-01   6.4780e+01   5.8269e+00   0.0000e+00   0.0000e+00   2.7118e+02
20260830_09:00:00   2.5626e-01   6.5142e+01   5.8971e+00   0.0000e+00   1.4007e-03   2.7223e+02
20260830_12:00:00   2.6652e-01   6.7016e+01   6.2194e+00   0.0000e+00   0.0000e+00   2.6986e+02
20260830_15:00:00   2.5355e-01   6.4290e+01   5.9703e+00   0.0000e+00   0.0000e+00   2.6924e+02
20260830_18:00:00   2.5473e-01   6.4538e+01   5.9962e+00   0.0000e+00   0.0000e+00   2.7217e+02
20260830_21:00:00   2.5466e-01   6.4434e+01   6.0628e+00   0.0000e+00   0.0000e+00   2.7456e+02
20260831_00:00:00   2.5642e-01   6.4887e+01   6.0872e+00   0.0000e+00   0.0000e+00   2.7057e+02
20260831_03:00:00   2.4067e-01   6.1837e+01   5.6758e+00   0.0000e+00   1.0454e-04   2.6903e+02
20260831_06:00:00   2.5125e-01   6.4020e+01   5.9049e+00   0.0000e+00   0.0000e+00   2.7280e+02
20260831_09:00:00   2.4195e-01   6.2022e+01   5.7158e+00   0.0000e+00   0.0000e+00   2.7216e+02
20260831_12:00:00   2.2825e-01   5.9187e+01   5.3593e+00   0.0000e+00   0.0000e+00   2.7097e+02
20260831_15:00:00   2.0273e-01   5.3686e+01   4.8066e+00   0.0000e+00   1.2634e-06   2.7063e+02
20260831_18:00:00   2.0158e-01   5.3490e+01   4.7566e+00   0.0000e+00   6.3180e-07   2.7123e+02
20260831_21:00:00   2.0157e-01   5.3556e+01   4.7418e+00   0.0000e+00   0.0000e+00   2.7168e+02
20260901_00:00:00   2.1084e-01   5.5546e+01   4.9442e+00   0.0000e+00   0.0000e+00   2.7122e+02
20260901_03:00:00   2.1594e-01   5.6694e+01   5.0426e+00   2.6910e-04   0.0000e+00   2.7013e+02
20260901_06:00:00   2.0950e-01   5.5300e+01   4.9319e+00   0.0000e+00   0.0000e+00   2.7093e+02
20260901_09:00:00   2.0503e-01   5.4287e+01   4.8353e+00   0.0000e+00   0.0000e+00   2.7221e+02
20260901_12:00:00   2.0287e-01   5.3846e+01   4.7621e+00   0.0000e+00   0.0000e+00   2.7111e+02
20260901_15:00:00   2.0163e-01   5.3629e+01   4.6820e+00   0.0000e+00   3.9920e-05   2.6924e+02
20260901_18:00:00   2.0509e-01   5.4514e+01   4.6773e+00   0.0000e+00   0.0000e+00   2.7060e+02
20260901_21:00:00   1.8576e-01   5.0254e+01   4.2400e+00   0.0000e+00   0.0000e+00   2.7416e+02
20260902_00:00:00   1.8591e-01   5.0434e+01   3.8014e+00   8.0400e-03   0.0000e+00   2.7398e+02
20260902_03:00:00   1.4576e-01   4.1134e+01   3.4154e+00   0.0000e+00   6.5480e-06   2.7371e+02
20260902_06:00:00   1.5175e-01   4.2556e+01   3.5226e+00   0.0000e+00   0.0000e+00   2.7232e+02
20260902_09:00:00   1.6335e-01   4.5242e+01   3.7819e+00   0.0000e+00   3.0580e-06   2.7415e+02
20260902_12:00:00   1.7891e-01   4.8854e+01   4.0668e+00   9.5150e-05   1.3804e-04   2.7325e+02
20260902_15:00:00   2.0787e-01   5.5428e+01   4.5498e+00   6.6450e-04   5.0720e-04   2.7440e+02
20260902_18:00:00   2.2226e-01   5.8620e+01   4.8896e+00   2.4660e-05   2.3460e-04   2.7464e+02
20260902_21:00:00   2.0659e-01   5.5228e+01   4.5633e+00   2.7323e-05   1.4446e-04   2.7366e+02
20260903_00:00:00   2.1167e-01   5.6345e+01   4.6113e+00   1.0168e-04   2.2520e-04   2.7193e+02
20260903_03:00:00   2.7847e-01   7.1019e+01   3.9358e+00   3.9710e-02   9.4860e-04   2.6847e+02
20260903_06:00:00   1.0341e+00   1.7995e+02   6.6389e+00   2.8278e-01   4.7995e-03   2.7069e+02
20260903_09:00:00   4.6234e-01   1.0556e+02   5.8841e+00   7.2850e-02   2.3176e-03   2.7062e+02
20260903_12:00:00   8.4451e-01   1.6048e+02   6.7967e+00   2.0518e-01   8.7063e-03   2.7304e+02
20260903_15:00:00   3.3128e-01   8.1274e+01   6.1208e+00   1.7306e-02   8.9519e-03   2.7141e+02
20260903_18:00:00   4.8589e-01   1.0929e+02   7.2957e+00   5.2559e-02   3.0132e-03   2.7329e+02
20260903_21:00:00   4.1369e-01   9.6198e+01   8.4549e+00   3.8687e-03   9.6291e-03   2.7370e+02
20260904_00:00:00   5.5116e-01   1.1891e+02   9.0889e+00   4.4656e-02   5.0356e-03   2.6990e+02
