#            date       tau255        Tb[K]      pwv[mm] lwp[kg*m^-2] iwp[kg*m^-2]       o3[DU]
20260903_00:00:00   4.7246e-01   1.0788e+02   9.3611e+00   0.0000e+00   4.7211e-06   2.8866e+02
20260903_01:00:00   5.8096e-01   1.2489e+02   1.1425e+01   0.0000e+00   1.1385e-04   2.9430e+02
20260903_02:00:00   4.5357e-01   1.0441e+02   9.0517e+00   0.0000e+00   0.0000e+00   2.9811e+02
20260903_03:00:00   3.8350e-01   9.2129e+01   7.6354e+00   0.0000e+00   0.0000e+00   2.9959e+02
20260903_04:00:00   4.5296e-01   1.0423e+02   9.0491e+00   0.0000e+00   0.0000e+00   2.9851e+02
20260903_05:00:00   5.4418e-01   1.1864e+02   1.0974e+01   0.0000e+00   0.0000e+00   2.9736e+02
20260903_06:00:00   4.8999e-01   1.1014e+02   9.8295e+00   0.0000e+00   1.8872e-05   2.9885e+02
20260903_07:00:00   4.8473e-01   1.0937e+02   9.6329e+00   0.0000e+00   0.0000e+00   2.9667e+02
20260903_08:00:00   4.9978e-01   1.1184e+02   9.8730e+00   0.0000e+00   0.0000e+00   2.9604e+02
20260903_09:00:00   4.3604e-01   1.0081e+02   8.8520e+00   0.0000e+00   0.0000e+00   2.9686e+02
20260903_10:00:00   3.8213e-01   9.0939e+01   7.9236e+00   0.0000e+00   7.9120e-06   2.9765e+02
20260903_11:00:00   3.6135e-01   8.6950e+01   7.5421e+00   0.0000e+00   1.6562e-05   2.9551e+02
20260903_12:00:00   3.3868e-01   8.2569e+01   7.0645e+00   0.0000e+00   0.0000e+00   2.9387e+02
20260903_13:00:00   3.1058e-01   7.7085e+01   6.4736e+00   0.0000e+00   1.1638e-06   2.9465e+02
20260903_14:00:00   2.5185e-01   6.5022e+01   5.3282e+00   0.0000e+00   3.0155e-05   2.9528e+02
20260903_15:00:00   2.3798e-01   6.1979e+01   5.0915e+00   0.0000e+00   4.9000e-05   2.9389e+02
20260903_16:00:00   2.5771e-01   6.6038e+01   5.5554e+00   0.0000e+00   6.9040e-04   2.9371e+02
20260903_17:00:00   2.8690e-01   7.2088e+01   6.1690e+00   0.0000e+00   1.4530e-03   2.9502e+02
20260903_18:00:00   3.1048e-01   7.6885e+01   6.7160e+00   0.0000e+00   2.6699e-03   2.9402e+02
20260903_19:00:00   3.5293e-01   8.5083e+01   7.6230e+00   0.0000e+00   2.5062e-03   2.9437e+02
20260903_20:00:00   3.7680e-01   8.9686e+01   8.1163e+00   0.0000e+00   1.1189e-03   2.9555e+02
20260903_21:00:00   3.8914e-01   9.2053e+01   8.4009e+00   0.0000e+00   1.3598e-04   2.9532e+02
20260903_22:00:00   4.1399e-01   9.6573e+01   8.9286e+00   0.0000e+00   4.4510e-05   2.9520e+02
20260903_23:00:00   4.5062e-01   1.0321e+02   9.6775e+00   0.0000e+00   0.0000e+00   2.9573e+02
20260904_00:00:00   4.6772e-01   1.0626e+02   1.0031e+01   0.0000e+00   0.0000e+00   2.9453e+02
20260904_01:00:00   4.6675e-01   1.0612e+02   9.9471e+00   0.0000e+00   0.0000e+00   2.9234e+02
20260904_02:00:00   4.6173e-01   1.0535e+02   9.7908e+00   0.0000e+00   0.0000e+00   2.9144e+02
20260904_03:00:00   4.5851e-01   1.0499e+02   9.6690e+00   0.0000e+00   0.0000e+00   2.9220e+02
20260904_04:00:00   5.1537e-01   1.1447e+02   1.0676e+01   0.0000e+00   0.0000e+00   2.9204e+02
20260904_05:00:00   5.7174e-01   1.2317e+02   1.1696e+01   0.0000e+00   1.2568e-05   2.9211e+02
20260904_06:00:00   5.8124e-01   1.2464e+02   1.1818e+01   0.0000e+00   2.2423e-05   2.9291e+02
20260904_07:00:00   5.6248e-01   1.2190e+02   1.1442e+01   0.0000e+00   2.1580e-06   2.9339e+02
20260904_08:00:00   5.6476e-01   1.2232e+02   1.1418e+01   0.0000e+00   0.0000e+00   2.9099e+02
20260904_09:00:00   5.0993e-01   1.1381e+02   1.0345e+01   0.0000e+00   0.0000e+00   2.9090e+02
20260904_10:00:00   4.9055e-01   1.1083e+02   9.8914e+00   0.0000e+00   0.0000e+00   2.9021e+02
20260904_11:00:00   4.7126e-01   1.0765e+02   9.4785e+00   0.0000e+00   0.0000e+00   2.8899e+02
20260904_12:00:00   4.5395e-01   1.0469e+02   9.1451e+00   0.0000e+00   0.0000e+00   2.8809e+02
20260904_13:00:00   4.6826e-01   1.0716e+02   9.3594e+00   0.0000e+00   0.0000e+00   2.8791e+02
20260904_14:00:00   4.3726e-01   1.0184e+02   8.7370e+00   0.0000e+00   0.0000e+00   2.8904e+02
20260904_15:00:00   4.8130e-01   1.0953e+02   9.4369e+00   0.0000e+00   0.0000e+00   2.8876e+02
20260904_16:00:00   5.2374e-01   1.1653e+02   1.0210e+01   0.0000e+00   0.0000e+00   2.8762e+02
20260904_17:00:00   6.0898e-01   1.2972e+02   1.1770e+01   2.2640e-05   0.0000e+00   2.8809e+02
20260904_18:00:00   6.4065e-01   1.3434e+02   1.2553e+01   0.0000e+00   5.7400e-05   2.9030e+02
20260904_19:00:00   6.3737e-01   1.3392e+02   1.2701e+01   5.5240e-04   2.0702e-04   2.9028e+02
20260904_20:00:00   6.8949e-01   1.4118e+02   1.3388e+01   1.1148e-02   1.8956e-03   2.8932e+02
20260904_21:00:00   7.1088e-01   1.4402e+02   1.3874e+01   1.1528e-02   2.7601e-02   2.8898e+02
20260904_22:00:00   6.1528e-01   1.3086e+02   1.2672e+01   2.8024e-04   2.4644e-03   2.8857e+02
20260904_23:00:00   6.5315e-01   1.3651e+02   1.3228e+01   2.4121e-03   4.5990e-03   2.8768e+02
20260905_00:00:00   6.6991e-01   1.3890e+02   1.3441e+01   2.0756e-03   5.5372e-03   2.8608e+02
20260905_01:00:00   6.5229e-01   1.3673e+02   1.3048e+01   0.0000e+00   6.5076e-05   2.8478e+02
20260905_02:00:00   6.9114e-01   1.4193e+02   1.3693e+01   2.0944e-05   1.3184e-04   2.8449e+02
20260905_03:00:00   7.4040e-01   1.4817e+02   1.4597e+01   1.8300e-05   1.3840e-03   2.8444e+02
20260905_04:00:00   7.7372e-01   1.5229e+02   1.4869e+01   6.7288e-03   1.6724e-03   2.8176e+02
20260905_05:00:00   7.7929e-01   1.5284e+02   1.5136e+01   4.1923e-03   1.3044e-03   2.8115e+02
20260905_06:00:00   7.8315e-01   1.5316e+02   1.5548e+01   0.0000e+00   6.3169e-03   2.8193e+02
20260905_07:00:00   7.7581e-01   1.5236e+02   1.5365e+01   0.0000e+00   1.5596e-04   2.7981e+02
20260905_08:00:00   7.4447e-01   1.4866e+02   1.4558e+01   0.0000e+00   0.0000e+00   2.7680e+02
20260905_09:00:00   7.2032e-01   1.4561e+02   1.4025e+01   0.0000e+00   0.0000e+00   2.7507e+02
20260905_10:00:00   7.3107e-01   1.4699e+02   1.4095e+01   0.0000e+00   0.0000e+00   2.7419e+02
20260905_11:00:00   7.5634e-01   1.5018e+02   1.4440e+01   0.0000e+00   0.0000e+00   2.7429e+02
20260905_12:00:00   7.6696e-01   1.5145e+02   1.4511e+01   0.0000e+00   1.1638e-06   2.7596e+02
20260905_13:00:00   7.7608e-01   1.5261e+02   1.4565e+01   0.0000e+00   5.3930e-06   2.7739e+02
20260905_14:00:00   7.7348e-01   1.5219e+02   1.4539e+01   0.0000e+00   2.6220e-04   2.7776e+02
20260905_15:00:00   7.4937e-01   1.4907e+02   1.4138e+01   0.0000e+00   2.8745e-03   2.7706e+02
20260905_16:00:00   7.6462e-01   1.5095e+02   1.4124e+01   5.7400e-03   2.6534e-03   2.7596e+02
20260905_17:00:00   7.3150e-01   1.4709e+02   1.3738e+01   6.3080e-05   7.9945e-03   2.7581e+02
20260905_18:00:00   7.7638e-01   1.5289e+02   1.3729e+01   2.2023e-02   2.1705e-02   2.7755e+02
20260905_19:00:00   7.7565e-01   1.5272e+02   1.3531e+01   3.4407e-02   1.4613e-02   2.7753e+02
20260905_20:00:00   7.6827e-01   1.5144e+02   1.3913e+01   2.9944e-02   1.2999e-02   2.7685e+02
20260905_21:00:00   6.7177e-01   1.3884e+02   1.3569e+01   2.3201e-03   1.1822e-02   2.7455e+02
20260905_22:00:00   7.3795e-01   1.4735e+02   1.3735e+01   2.9603e-02   7.3212e-02   2.7229e+02
20260905_23:00:00   6.9068e-01   1.4119e+02   1.3818e+01   8.5382e-03   1.7086e-02   2.7261e+02
20260906_00:00:00   7.2099e-01   1.4525e+02   1.4426e+01   7.2280e-03   3.2865e-02   2.7307e+02
20260906_01:00:00   8.0324e-01   1.5571e+02   1.5352e+01   1.6978e-02   4.7361e-02   2.7433e+02
20260906_02:00:00   7.1926e-01   1.4552e+02   1.4346e+01   0.0000e+00   3.8981e-03   2.7402e+02
20260906_03:00:00   7.3167e-01   1.4705e+02   1.4524e+01   3.3020e-04   2.2536e-03   2.7364e+02
20260906_04:00:00   7.3725e-01   1.4764e+02   1.4627e+01   5.0260e-04   1.0061e-03   2.7307e+02
20260906_05:00:00   7.2655e-01   1.4606e+02   1.4436e+01   4.6360e-04   2.2951e-02   2.7258e+02
20260906_06:00:00   7.2896e-01   1.4616e+02   1.4549e+01   3.6420e-04   1.1309e-02   2.7245e+02
20260906_07:00:00   7.4811e-01   1.4839e+02   1.4877e+01   2.6481e-03   5.0913e-03   2.7205e+02
20260906_08:00:00   7.3356e-01   1.4645e+02   1.4709e+01   0.0000e+00   2.5968e-03   2.7149e+02
20260906_09:00:00   7.3382e-01   1.4633e+02   1.4790e+01   0.0000e+00   2.1617e-03   2.7071e+02
20260906_10:00:00   7.1082e-01   1.4315e+02   1.4506e+01   0.0000e+00   1.5630e-02   2.7059e+02
20260906_11:00:00   7.3106e-01   1.4555e+02   1.4979e+01   0.0000e+00   4.8935e-02   2.7016e+02
20260906_12:00:00   7.4653e-01   1.4747e+02   1.5315e+01   0.0000e+00   3.4920e-02   2.7190e+02
20260906_13:00:00   8.1447e-01   1.5560e+02   1.6543e+01   0.0000e+00   9.1922e-02   2.7262e+02
20260906_14:00:00   8.4578e-01   1.5928e+02   1.7006e+01   0.0000e+00   1.2040e-01   2.7302e+02
20260906_15:00:00   8.5582e-01   1.6037e+02   1.7208e+01   2.4400e-04   9.2933e-02   2.7257e+02
20260906_16:00:00   8.6082e-01   1.6091e+02   1.7219e+01   0.0000e+00   2.7603e-01   2.7129e+02
20260906_17:00:00   8.6082e-01   1.6097e+02   1.7281e+01   9.5900e-06   9.0236e-02   2.6955e+02
20260906_18:00:00   8.6748e-01   1.6204e+02   1.7330e+01   2.6760e-03   5.2656e-02   2.6814e+02
20260906_19:00:00   1.0042e+00   1.7668e+02   1.7941e+01   4.5315e-02   1.3062e-01   2.6789e+02
20260906_20:00:00   1.2612e+00   1.9930e+02   1.8765e+01   1.2887e-01   3.0018e-01   2.6695e+02
20260906_21:00:00   1.1750e+00   1.9284e+02   1.9378e+01   7.5572e-02   7.4200e-02   2.6481e+02
20260906_22:00:00   1.4576e+00   2.1336e+02   1.9579e+01   1.8784e-01   1.5874e-01   2.6437e+02
20260906_23:00:00   1.3912e+00   2.0912e+02   2.0139e+01   1.4468e-01   1.4391e-01   2.6525e+02
20260907_00:00:00   1.0477e+00   1.8136e+02   2.0109e+01   4.7846e-03   1.4573e-01   2.6643e+02
20260907_01:00:00   1.2351e+00   1.9737e+02   1.9721e+01   8.8458e-02   2.3719e-02   2.6642e+02
20260907_02:00:00   9.7928e-01   1.7484e+02   1.8910e+01   3.7939e-04   7.5229e-04   2.6719e+02
20260907_03:00:00   9.8537e-01   1.7548e+02   1.9058e+01   1.4726e-03   3.0815e-02   2.6694e+02
20260907_04:00:00   1.0362e+00   1.8024e+02   2.0051e+01   9.6280e-04   3.8085e-02   2.6617e+02
20260907_05:00:00   1.0802e+00   1.8440e+02   1.9706e+01   2.0020e-02   4.8158e-02   2.6548e+02
20260907_06:00:00   1.0656e+00   1.8331e+02   1.9027e+01   3.0827e-02   2.6015e-02   2.6488e+02
20260907_07:00:00   9.8915e-01   1.7607e+02   1.8861e+01   4.0346e-03   6.2893e-03   2.6373e+02
20260907_08:00:00   1.0432e+00   1.8102e+02   1.9314e+01   7.5880e-03   3.1098e-03   2.6269e+02
20260907_09:00:00   1.1699e+00   1.9265e+02   1.8599e+01   7.4080e-02   1.5382e-03   2.6276e+02
20260907_10:00:00   1.5422e+00   2.1830e+02   1.7497e+01   2.4924e-01   3.1150e-03   2.6292e+02
20260907_11:00:00   1.4517e+00   2.1250e+02   1.7005e+01   2.2361e-01   2.6694e-03   2.6236e+02
20260907_12:00:00   1.2730e+00   2.0015e+02   1.6870e+01   1.4728e-01   1.4204e-02   2.6377e+02
20260907_13:00:00   8.6672e-01   1.6209e+02   1.6475e+01   3.2820e-04   7.3186e-03   2.6477e+02
20260907_14:00:00   9.0531e-01   1.6613e+02   1.7126e+01   3.6780e-03   1.5286e-02   2.6553e+02
20260907_15:00:00   9.0481e-01   1.6605e+02   1.7205e+01   2.8700e-05   1.8342e-02   2.6741e+02
20260907_16:00:00   8.3435e-01   1.5838e+02   1.5715e+01   1.6310e-03   1.3476e-02   2.6944e+02
20260907_17:00:00   7.6648e-01   1.5038e+02   1.4028e+01   1.3720e-02   2.6023e-02   2.7009e+02
20260907_18:00:00   6.8424e-01   1.3959e+02   1.3428e+01   3.8380e-05   6.8344e-02   2.7026e+02
20260907_19:00:00   6.3522e-01   1.3278e+02   1.2712e+01   1.9784e-04   5.9027e-02   2.7065e+02
20260907_20:00:00   6.5447e-01   1.3531e+02   1.3155e+01   1.2408e-03   5.8474e-02   2.7063e+02
20260907_21:00:00   6.0152e-01   1.2760e+02   1.2451e+01   1.0240e-05   6.8108e-02   2.7061e+02
20260907_22:00:00   5.5115e-01   1.1992e+02   1.1480e+01   0.0000e+00   1.0254e-01   2.7037e+02
20260907_23:00:00   4.6933e-01   1.0668e+02   9.9233e+00   0.0000e+00   3.8329e-02   2.6893e+02
20260908_00:00:00   4.1926e-01   9.8076e+01   8.8659e+00   1.2614e-04   7.8612e-03   2.7037e+02
20260908_03:00:00   4.1884e-01   9.8153e+01   8.5679e+00   0.0000e+00   6.0237e-03   2.7285e+02
20260908_06:00:00   3.1830e-01   7.9217e+01   6.4627e+00   0.0000e+00   2.5267e-03   2.7801e+02
20260908_09:00:00   3.3116e-01   8.1987e+01   6.3937e+00   0.0000e+00   1.0665e-03   2.7936e+02
20260908_12:00:00   3.8596e-01   9.2427e+01   7.2098e+00   0.0000e+00   1.1638e-06   2.8214e+02
20260908_15:00:00   3.5718e-01   8.7160e+01   6.7016e+00   0.0000e+00   0.0000e+00   2.8674e+02
20260908_18:00:00   3.9653e-01   9.4600e+01   7.8239e+00   0.0000e+00   0.0000e+00   2.8971e+02
20260908_21:00:00   3.9999e-01   9.4726e+01   8.4479e+00   0.0000e+00   0.0000e+00   2.9023e+02
20260909_00:00:00   4.3852e-01   1.0191e+02   9.2293e+00   7.5240e-05   1.1985e-03   2.8980e+02
20260909_03:00:00   5.3156e-01   1.1765e+02   1.0757e+01   0.0000e+00   1.5826e-05   2.9098e+02
20260909_06:00:00   5.5377e-01   1.2084e+02   1.0966e+01   0.0000e+00   4.3340e-04   2.8947e+02
20260909_09:00:00   4.9996e-01   1.1301e+02   9.7174e+00   0.0000e+00   0.0000e+00   2.8853e+02
20260909_12:00:00   4.4931e-01   1.0441e+02   8.8252e+00   0.0000e+00   0.0000e+00   2.8706e+02
20260909_15:00:00   4.0995e-01   9.7428e+01   8.0243e+00   0.0000e+00   0.0000e+00   2.8590e+02
20260909_18:00:00   5.4326e-01   1.1987e+02   1.0771e+01   0.0000e+00   2.8700e-06   2.8832e+02
20260909_21:00:00   6.9262e-01   1.4125e+02   1.3364e+01   1.6472e-02   8.9317e-02   2.9152e+02
20260910_00:00:00   7.8545e-01   1.5360e+02   1.5057e+01   1.2570e-02   5.9649e-02   2.8838e+02
20260910_03:00:00   8.6099e-01   1.6184e+02   1.7005e+01   1.6562e-05   1.3857e-01   2.8208e+02
20260910_06:00:00   1.1899e+00   1.9347e+02   1.8646e+01   9.0530e-02   2.2869e-01   2.7844e+02
20260910_09:00:00   1.0438e+00   1.8057e+02   1.8055e+01   4.5756e-02   1.4714e-02   2.7711e+02
20260910_12:00:00   9.9255e-01   1.7528e+02   1.7627e+01   3.6026e-02   1.1445e-01   2.7677e+02
20260910_15:00:00   9.3655e-01   1.6940e+02   1.8272e+01   0.0000e+00   1.0309e-01   2.8152e+02
20260910_18:00:00   1.8651e+00   2.3441e+02   2.0029e+01   3.3346e-01   8.8044e-02   2.7904e+02
20260910_21:00:00   1.5260e+00   2.1724e+02   2.0568e+01   1.7326e-01   1.9252e-01   2.7666e+02
20260911_00:00:00   1.8648e+00   2.3401e+02   2.1597e+01   2.7844e-01   5.0289e-01   2.7806e+02
20260911_03:00:00   1.2154e+00   1.9483e+02   1.9089e+01   8.2843e-02   1.3734e-01   2.7860e+02
20260911_06:00:00   9.7031e-01   1.7115e+02   1.6578e+01   5.7701e-02   1.6682e-01   2.8107e+02
20260911_09:00:00   8.0422e-01   1.5196e+02   1.3318e+01   6.2935e-02   1.5768e-01   2.8506e+02
20260911_12:00:00   6.1154e-01   1.2670e+02   1.1169e+01   1.6633e-02   8.0685e-02   2.8972e+02
20260911_15:00:00   4.8190e-01   1.0649e+02   8.9992e+00   0.0000e+00   2.5750e-05   3.0061e+02
20260911_18:00:00   4.3491e-01   9.8288e+01   8.4601e+00   2.9938e-04   1.5335e-03   3.2484e+02
20260911_21:00:00   4.2804e-01   9.7686e+01   8.4065e+00   6.2540e-04   3.8035e-03   3.0532e+02
20260912_00:00:00   4.2931e-01   9.8001e+01   8.4914e+00   0.0000e+00   1.4314e-02   3.0453e+02
20260912_03:00:00   4.4155e-01   9.9662e+01   8.9409e+00   0.0000e+00   2.7465e-02   3.0316e+02
20260912_06:00:00   5.1935e-01   1.1232e+02   1.0272e+01   1.3314e-04   7.8517e-04   3.0378e+02
20260912_09:00:00   4.3122e-01   9.8171e+01   8.4698e+00   0.0000e+00   1.0630e-05   3.0230e+02
20260912_12:00:00   4.2839e-01   9.7672e+01   8.3828e+00   0.0000e+00   5.7380e-04   3.0110e+02
20260912_15:00:00   4.3474e-01   9.8064e+01   8.9220e+00   0.0000e+00   6.4462e-03   3.0159e+02
20260912_18:00:00   4.5951e-01   1.0232e+02   9.1554e+00   5.0720e-03   4.7934e-03   3.0053e+02
20260912_21:00:00   4.9245e-01   1.0811e+02   9.9659e+00   1.0192e-03   4.3648e-02   3.0214e+02
20260913_00:00:00   4.8969e-01   1.0791e+02   9.9036e+00   3.0860e-04   3.3453e-02   3.0762e+02
20260913_03:00:00   4.6684e-01   1.0449e+02   9.1599e+00   0.0000e+00   0.0000e+00   3.0867e+02
20260913_06:00:00   4.6361e-01   1.0370e+02   9.0006e+00   0.0000e+00   3.0657e-04   3.1113e+02
20260913_09:00:00   4.7200e-01   1.0550e+02   8.3373e+00   4.3229e-03   2.7099e-03   3.0989e+02
20260913_12:00:00   2.7433e-01   6.8971e+01   5.0841e+00   0.0000e+00   1.8110e-05   3.0115e+02
20260913_15:00:00   1.2990e-01   3.7056e+01   2.6291e+00   0.0000e+00   0.0000e+00   2.9083e+02
20260913_18:00:00   1.5826e-01   4.3515e+01   3.3857e+00   0.0000e+00   0.0000e+00   2.8862e+02
20260913_21:00:00   2.1058e-01   5.5211e+01   4.7000e+00   0.0000e+00   0.0000e+00   2.8727e+02
20260914_00:00:00   2.5121e-01   6.4203e+01   5.5093e+00   0.0000e+00   1.3524e-03   2.8726e+02
20260914_03:00:00   2.9264e-01   7.2647e+01   6.4550e+00   0.0000e+00   0.0000e+00   2.8436e+02
20260914_06:00:00   3.4889e-01   8.3105e+01   7.7772e+00   0.0000e+00   1.1318e-05   2.8276e+02
20260914_09:00:00   4.3270e-01   9.8230e+01   9.4765e+00   0.0000e+00   1.4012e-02   2.8658e+02
20260914_12:00:00   4.7067e-01   1.0498e+02   1.0098e+01   0.0000e+00   6.1790e-03   2.8614e+02
20260914_15:00:00   4.2074e-01   9.6987e+01   9.0793e+00   0.0000e+00   4.0940e-04   2.8657e+02
20260914_18:00:00   4.5871e-01   1.0352e+02   9.8545e+00   0.0000e+00   2.9086e-03   2.8880e+02
20260914_21:00:00   5.1798e-01   1.1373e+02   1.0940e+01   0.0000e+00   4.5972e-03   2.9069e+02
20260915_00:00:00   5.3004e-01   1.1649e+02   1.0943e+01   0.0000e+00   0.0000e+00   2.9169e+02
20260915_03:00:00   4.9561e-01   1.1076e+02   1.0194e+01   0.0000e+00   0.0000e+00   2.9273e+02
20260915_06:00:00   4.6650e-01   1.0587e+02   9.7244e+00   0.0000e+00   0.0000e+00   2.9594e+02
20260915_09:00:00   4.5652e-01   1.0414e+02   9.5796e+00   0.0000e+00   3.5880e-06   2.9701e+02
20260915_12:00:00   4.8711e-01   1.0903e+02   1.0144e+01   0.0000e+00   3.1427e-05   2.9971e+02
20260915_15:00:00   5.1268e-01   1.1305e+02   1.0591e+01   0.0000e+00   4.9180e-05   2.9752e+02
20260915_18:00:00   5.7823e-01   1.2341e+02   1.1883e+01   1.0820e-03   1.0513e-03   3.0028e+02
20260915_21:00:00   5.1170e-01   1.1387e+02   1.0684e+01   2.7502e-05   3.5004e-04   3.0101e+02
20260916_00:00:00   4.6234e-01   1.0627e+02   9.4759e+00   0.0000e+00   1.2229e-03   3.0041e+02
20260916_03:00:00   4.2391e-01   9.9128e+01   8.6495e+00   0.0000e+00   2.0780e-04   3.0246e+02
20260916_06:00:00   4.1638e-01   9.7357e+01   8.4139e+00   0.0000e+00   3.2200e-06   3.0156e+02
20260916_09:00:00   5.1575e-01   1.1310e+02   9.9720e+00   0.0000e+00   3.8046e-05   3.0273e+02
20260916_12:00:00   6.3368e-01   1.3038e+02   1.0282e+01   3.3710e-02   2.8700e-06   3.0641e+02
20260916_15:00:00   1.2769e+00   1.9734e+02   1.1009e+01   2.7942e-01   2.3070e-03   3.0776e+02
20260916_18:00:00   1.5864e+00   2.1727e+02   1.1091e+01   4.0203e-01   1.3145e-01   3.0778e+02
20260916_21:00:00   2.0003e+00   2.3515e+02   1.1893e+01   5.5863e-01   2.7672e-01   3.1064e+02
20260917_00:00:00   9.7113e-01   1.6821e+02   1.2099e+01   1.3390e-01   4.0720e-01   3.0867e+02
20260917_03:00:00   9.0348e-01   1.6081e+02   1.1075e+01   1.3565e-01   1.5306e-01   3.0824e+02
20260917_06:00:00   8.2552e-01   1.5179e+02   1.0701e+01   1.0920e-01   1.9535e-01   3.0987e+02
20260917_09:00:00   5.8273e-01   1.1934e+02   1.0868e+01   1.3424e-04   4.5789e-01   3.1329e+02
20260917_12:00:00   5.4169e-01   1.1316e+02   1.0179e+01   1.5310e-05   2.5876e-01   3.1057e+02
20260917_15:00:00   3.2739e-01   7.7106e+01   6.5221e+00   8.4490e-07   1.0251e-03   3.1268e+02
20260917_18:00:00   2.1118e-01   5.4780e+01   3.4840e+00   8.7980e-03   3.8937e-03   3.1489e+02
20260917_21:00:00   1.9866e-01   5.2422e+01   3.5337e+00   8.3272e-04   1.1547e-05   3.2230e+02
20260918_00:00:00   2.3746e-01   6.0759e+01   4.0516e+00   4.2112e-03   7.4658e-05   3.2587e+02
20260918_03:00:00   2.2123e-01   5.7306e+01   3.8906e+00   1.1218e-04   4.6390e-06   3.3310e+02
20260918_06:00:00   1.4869e-01   4.1292e+01   2.6517e+00   0.0000e+00   0.0000e+00   3.3851e+02
20260918_09:00:00   1.0778e-01   3.1461e+01   2.0206e+00   0.0000e+00   1.5970e-06   3.4203e+02
20260918_12:00:00   1.2370e-01   3.5173e+01   2.4172e+00   0.0000e+00   8.1220e-07   3.2580e+02
20260918_15:00:00   1.6861e-01   4.5279e+01   3.5057e+00   0.0000e+00   0.0000e+00   3.1539e+02
20260918_18:00:00   2.5660e-01   6.4251e+01   5.4367e+00   0.0000e+00   1.2677e-03   3.0594e+02
20260918_21:00:00   3.1273e-01   7.5897e+01   6.6857e+00   0.0000e+00   0.0000e+00   3.0065e+02
20260919_00:00:00   3.5558e-01   8.4419e+01   7.5308e+00   0.0000e+00   0.0000e+00   2.9773e+02
