#            date       tau255        Tb[K]      pwv[mm] lwp[kg*m^-2] iwp[kg*m^-2]       o3[DU]
20260813_00:00:00   1.1097e+00   1.8811e+02   1.8232e+01   5.1684e-02   3.0829e-04   3.0615e+02
20260813_01:00:00   9.5294e-01   1.7247e+02   1.8167e+01   2.2840e-03   1.5807e-03   3.0625e+02
20260813_02:00:00   9.3601e-01   1.7036e+02   1.7774e+01   1.0652e-02   2.6216e-02   3.0436e+02
20260813_03:00:00   1.0923e+00   1.8524e+02   1.8343e+01   6.6020e-02   1.0790e-01   3.0470e+02
20260813_04:00:00   1.0615e+00   1.8224e+02   1.9079e+01   3.2220e-02   3.8109e-01   3.0609e+02
20260813_05:00:00   1.0973e+00   1.8534e+02   2.0124e+01   1.1112e-02   6.4551e-01   3.0452e+02
20260813_06:00:00   9.4644e-01   1.7091e+02   1.8507e+01   0.0000e+00   2.2962e-01   3.0700e+02
20260813_07:00:00   9.5227e-01   1.7153e+02   1.8615e+01   0.0000e+00   5.5123e-02   3.0788e+02
20260813_08:00:00   9.6541e-01   1.7288e+02   1.8441e+01   7.7757e-03   2.0172e-02   3.0823e+02
20260813_09:00:00   9.4445e-01   1.7092e+02   1.7770e+01   1.1354e-02   2.7888e-03   3.0951e+02
20260813_10:00:00   9.1953e-01   1.6829e+02   1.7680e+01   2.3460e-03   8.9303e-04   3.1028e+02
20260813_11:00:00   9.5860e-01   1.7216e+02   1.8381e+01   6.9120e-04   4.0506e-04   3.1087e+02
20260813_12:00:00   9.3643e-01   1.6991e+02   1.7974e+01   0.0000e+00   2.6830e-04   3.0880e+02
20260813_13:00:00   9.3058e-01   1.6924e+02   1.7913e+01   0.0000e+00   1.2668e-03   3.0568e+02
20260813_14:00:00   9.6076e-01   1.7228e+02   1.8496e+01   0.0000e+00   3.4365e-03   3.0413e+02
20260813_15:00:00   1.0066e+00   1.7690e+02   1.9185e+01   7.0940e-05   6.6797e-03   3.0387e+02
20260813_16:00:00   1.0490e+00   1.8109e+02   1.9824e+01   9.8296e-04   3.6528e-02   3.0290e+02
20260813_17:00:00   1.1180e+00   1.8765e+02   2.0438e+01   1.0803e-02   2.7243e-01   3.0265e+02
20260813_18:00:00   1.8369e+00   2.3321e+02   2.0932e+01   2.9705e-01   3.2713e-01   3.0163e+02
20260813_19:00:00   1.2703e+00   2.0024e+02   2.0325e+01   7.7401e-02   1.0770e-01   3.0018e+02
20260813_20:00:00   1.1353e+00   1.8982e+02   1.9715e+01   3.6111e-02   3.1905e-03   3.0194e+02
20260813_21:00:00   1.2605e+00   2.0076e+02   1.9366e+01   9.3440e-02   4.6800e-04   3.0263e+02
20260813_22:00:00   1.3528e+00   2.0764e+02   1.9226e+01   1.3693e-01   3.8360e-03   3.0175e+02
20260813_23:00:00   2.6399e+00   2.5794e+02   2.0460e+01   6.4761e-01   6.3618e-02   3.0218e+02
20260814_00:00:00   1.2368e+00   1.9844e+02   1.9291e+01   9.0511e-02   8.6679e-02   3.0256e+02
20260814_01:00:00   1.3188e+00   2.0415e+02   1.9167e+01   1.2748e-01   1.3266e-01   3.0299e+02
20260814_02:00:00   9.8038e-01   1.7565e+02   1.8378e+01   2.2440e-03   8.5317e-04   3.0218e+02
20260814_03:00:00   1.1847e+00   1.9401e+02   2.0180e+01   4.4860e-02   2.7096e-03   3.0314e+02
20260814_04:00:00   1.6132e+00   2.2255e+02   2.0424e+01   2.2014e-01   8.0954e-02   3.0129e+02
20260814_05:00:00   1.4124e+00   2.1041e+02   2.0041e+01   1.4158e-01   1.9464e-02   2.9953e+02
20260814_06:00:00   1.0837e+00   1.8472e+02   2.0080e+01   6.9380e-03   2.9708e-02   2.9966e+02
20260814_07:00:00   9.5585e-01   1.7259e+02   1.8177e+01   0.0000e+00   2.6799e-04   2.9948e+02
20260814_08:00:00   9.2475e-01   1.6920e+02   1.7684e+01   0.0000e+00   6.1234e-04   3.0009e+02
20260814_09:00:00   8.9688e-01   1.6589e+02   1.7374e+01   0.0000e+00   1.6084e-03   3.0082e+02
20260814_10:00:00   7.9580e-01   1.5424e+02   1.5554e+01   0.0000e+00   2.8040e-04   2.9901e+02
20260814_11:00:00   7.4943e-01   1.4851e+02   1.4667e+01   0.0000e+00   1.5178e-04   2.9821e+02
20260814_12:00:00   6.7602e-01   1.3865e+02   1.3541e+01   0.0000e+00   4.3680e-04   2.9756e+02
20260814_13:00:00   6.5617e-01   1.3590e+02   1.3146e+01   0.0000e+00   1.3106e-03   2.9970e+02
20260814_14:00:00   6.9310e-01   1.4096e+02   1.3719e+01   0.0000e+00   3.7617e-04   3.0075e+02
20260814_15:00:00   7.0897e-01   1.4312e+02   1.3909e+01   0.0000e+00   5.1841e-04   3.0020e+02
20260814_16:00:00   7.5625e-01   1.4947e+02   1.4515e+01   0.0000e+00   9.7420e-05   3.0057e+02
20260814_17:00:00   7.7395e-01   1.5183e+02   1.4945e+01   0.0000e+00   9.2740e-04   3.0063e+02
20260814_18:00:00   8.8328e-01   1.6458e+02   1.6014e+01   2.4560e-02   2.9849e-03   3.0018e+02
20260814_19:00:00   1.3501e+00   2.0614e+02   1.6927e+01   2.0032e-01   5.8784e-03   2.9786e+02
20260814_20:00:00   1.2988e+00   2.0224e+02   1.7622e+01   1.6546e-01   1.2884e-02   2.9662e+02
20260814_21:00:00   1.6612e+00   2.2434e+02   1.8438e+01   3.0130e-01   1.1742e-01   2.9590e+02
20260814_22:00:00   1.2912e+00   2.0215e+02   1.8131e+01   1.4759e-01   1.2166e-01   2.9664e+02
20260814_23:00:00   1.1441e+00   1.9037e+02   1.9017e+01   6.4314e-02   7.9500e-02   2.9651e+02
20260815_00:00:00   1.8666e+00   2.3445e+02   1.9290e+01   3.6016e-01   1.1300e-01   2.9602e+02
20260815_01:00:00   1.5583e+00   2.1929e+02   1.9245e+01   2.2837e-01   3.3487e-02   2.9629e+02
20260815_02:00:00   2.6889e+00   2.5770e+02   2.1170e+01   6.5312e-01   5.5714e-01   2.9737e+02
20260815_03:00:00   1.5517e+00   2.1861e+02   2.0365e+01   1.9034e-01   1.5849e-01   2.9702e+02
20260815_04:00:00   9.8152e-01   1.7448e+02   1.8297e+01   7.6420e-03   2.2858e-02   2.9847e+02
20260815_05:00:00   9.3698e-01   1.6981e+02   1.7378e+01   1.2760e-02   6.2924e-03   2.9895e+02
20260815_06:00:00   8.4143e-01   1.5918e+02   1.6379e+01   0.0000e+00   5.7212e-04   2.9735e+02
20260815_07:00:00   7.8386e-01   1.5255e+02   1.5167e+01   0.0000e+00   3.5900e-04   2.9499e+02
20260815_08:00:00   7.6102e-01   1.4981e+02   1.4633e+01   0.0000e+00   4.6740e-04   2.9692e+02
20260815_09:00:00   7.4352e-01   1.4743e+02   1.4409e+01   0.0000e+00   1.2014e-04   2.9584e+02
20260815_10:00:00   7.4270e-01   1.4711e+02   1.4521e+01   0.0000e+00   0.0000e+00   2.9571e+02
20260815_11:00:00   7.5732e-01   1.4880e+02   1.4831e+01   0.0000e+00   9.1499e-04   2.9649e+02
20260815_12:00:00   7.7627e-01   1.5101e+02   1.5158e+01   0.0000e+00   6.8279e-04   2.9773e+02
20260815_13:00:00   7.7067e-01   1.5035e+02   1.5052e+01   0.0000e+00   1.3942e-02   2.9740e+02
20260815_14:00:00   8.1944e-01   1.5606e+02   1.6002e+01   0.0000e+00   4.9525e-02   2.9796e+02
20260815_15:00:00   8.4787e-01   1.5935e+02   1.6453e+01   0.0000e+00   9.9958e-02   2.9871e+02
20260815_16:00:00   8.8471e-01   1.6362e+02   1.7029e+01   0.0000e+00   8.5866e-02   2.9920e+02
20260815_17:00:00   9.7318e-01   1.7332e+02   1.7631e+01   1.9278e-02   9.9893e-02   3.0011e+02
20260815_18:00:00   1.8450e+00   2.3310e+02   1.7860e+01   3.7735e-01   5.6627e-02   2.9924e+02
20260815_19:00:00   1.4656e+00   2.1293e+02   1.6980e+01   2.4571e-01   4.7358e-02   3.0045e+02
20260815_20:00:00   1.2966e+00   2.0174e+02   1.6591e+01   1.7800e-01   9.5459e-02   2.9932e+02
20260815_21:00:00   9.6291e-01   1.7305e+02   1.5597e+01   5.7008e-02   1.2289e-02   2.9834e+02
20260815_22:00:00   9.6256e-01   1.7298e+02   1.4392e+01   9.3796e-02   3.9702e-02   2.9983e+02
20260815_23:00:00   8.0065e-01   1.5517e+02   1.4549e+01   2.2272e-02   6.6521e-02   3.0098e+02
20260816_00:00:00   6.8148e-01   1.4024e+02   1.3174e+01   8.4090e-04   1.3560e-02   3.0281e+02
20260816_01:00:00   6.4445e-01   1.3486e+02   1.2613e+01   1.1823e-04   2.3804e-02   3.0053e+02
20260816_02:00:00   6.2297e-01   1.3165e+02   1.2113e+01   4.1440e-03   7.0140e-03   2.9925e+02
20260816_03:00:00   6.0852e-01   1.2954e+02   1.1929e+01   5.5460e-04   1.7430e-02   2.9813e+02
20260816_04:00:00   5.5469e-01   1.2145e+02   1.0889e+01   4.4260e-06   1.2462e-04   3.0030e+02
20260816_05:00:00   5.7532e-01   1.2425e+02   1.1291e+01   7.1340e-04   1.2972e-03   2.9919e+02
20260816_06:00:00   5.7684e-01   1.2439e+02   1.1242e+01   2.0700e-03   9.1975e-03   2.9783e+02
20260816_07:00:00   5.9592e-01   1.2719e+02   1.1583e+01   5.3120e-04   3.5682e-02   2.9601e+02
20260816_08:00:00   5.8391e-01   1.2561e+02   1.1340e+01   0.0000e+00   2.0070e-04   2.9619e+02
20260816_09:00:00   5.7915e-01   1.2484e+02   1.1274e+01   0.0000e+00   2.3200e-05   2.9602e+02
20260816_10:00:00   5.6327e-01   1.2239e+02   1.1000e+01   0.0000e+00   6.0080e-05   2.9583e+02
20260816_11:00:00   5.2813e-01   1.1688e+02   1.0393e+01   0.0000e+00   1.0622e-05   2.9532e+02
20260816_12:00:00   5.1291e-01   1.1441e+02   1.0133e+01   0.0000e+00   0.0000e+00   2.9599e+02
20260816_13:00:00   5.2894e-01   1.1690e+02   1.0415e+01   0.0000e+00   0.0000e+00   2.9628e+02
20260816_14:00:00   5.4350e-01   1.1926e+02   1.0636e+01   0.0000e+00   0.0000e+00   2.9752e+02
20260816_15:00:00   5.5222e-01   1.2065e+02   1.0815e+01   0.0000e+00   0.0000e+00   2.9920e+02
20260816_16:00:00   5.6322e-01   1.2228e+02   1.1099e+01   0.0000e+00   0.0000e+00   2.9706e+02
20260816_17:00:00   5.6849e-01   1.2302e+02   1.1339e+01   0.0000e+00   1.6533e-04   2.9473e+02
20260816_18:00:00   6.0120e-01   1.2760e+02   1.1940e+01   6.5600e-03   2.9903e-03   2.9293e+02
20260816_19:00:00   6.5472e-01   1.3500e+02   1.3006e+01   1.1300e-02   6.6303e-02   2.9229e+02
20260816_20:00:00   7.2551e-01   1.4440e+02   1.3575e+01   3.0379e-02   1.2987e-01   2.9229e+02
20260816_21:00:00   7.2564e-01   1.4458e+02   1.4238e+01   1.4750e-02   2.4091e-01   2.9302e+02
20260816_22:00:00   7.3102e-01   1.4521e+02   1.4424e+01   1.5361e-02   1.8956e-01   2.9302e+02
20260816_23:00:00   7.6969e-01   1.4998e+02   1.4890e+01   2.0060e-02   2.6959e-01   2.9399e+02
20260817_00:00:00   7.5431e-01   1.4817e+02   1.5414e+01   0.0000e+00   1.3852e-01   2.9512e+02
20260817_01:00:00   6.7780e-01   1.3822e+02   1.4120e+01   0.0000e+00   3.1580e-02   2.9627e+02
20260817_02:00:00   6.4233e-01   1.3344e+02   1.3371e+01   0.0000e+00   4.0559e-02   2.9708e+02
20260817_03:00:00   6.2096e-01   1.3033e+02   1.2910e+01   0.0000e+00   7.5194e-02   2.9678e+02
20260817_04:00:00   5.9617e-01   1.2677e+02   1.2444e+01   0.0000e+00   2.6803e-02   2.9684e+02
20260817_05:00:00   5.9588e-01   1.2664e+02   1.2442e+01   0.0000e+00   5.1893e-02   2.9733e+02
20260817_06:00:00   5.9698e-01   1.2668e+02   1.2485e+01   0.0000e+00   5.9585e-02   2.9762e+02
20260817_07:00:00   6.1716e-01   1.2946e+02   1.2872e+01   9.3260e-05   1.2839e-02   2.9922e+02
20260817_08:00:00   6.2442e-01   1.3089e+02   1.2788e+01   0.0000e+00   8.2205e-03   3.0078e+02
20260817_09:00:00   6.3569e-01   1.3248e+02   1.2970e+01   0.0000e+00   3.6630e-03   2.9966e+02
20260817_10:00:00   6.2908e-01   1.3173e+02   1.2608e+01   0.0000e+00   7.6363e-03   3.0045e+02
20260817_11:00:00   6.3062e-01   1.3202e+02   1.2549e+01   0.0000e+00   9.9518e-04   3.0198e+02
20260817_12:00:00   6.4484e-01   1.3404e+02   1.2757e+01   3.5880e-05   2.5269e-03   3.0325e+02
20260817_13:00:00   6.5130e-01   1.3506e+02   1.2793e+01   0.0000e+00   2.3687e-03   3.0378e+02
20260817_14:00:00   6.3746e-01   1.3324e+02   1.2534e+01   0.0000e+00   5.0260e-05   3.0321e+02
20260817_15:00:00   5.8724e-01   1.2622e+02   1.1609e+01   0.0000e+00   0.0000e+00   3.0107e+02
20260817_16:00:00   5.8447e-01   1.2599e+02   1.1564e+01   0.0000e+00   0.0000e+00   3.0198e+02
20260817_17:00:00   6.2099e-01   1.3137e+02   1.2260e+01   0.0000e+00   3.2580e-06   3.0047e+02
20260817_18:00:00   6.6141e-01   1.3720e+02   1.2998e+01   2.2197e-03   6.9460e-04   3.0097e+02
20260817_19:00:00   6.7953e-01   1.3962e+02   1.3264e+01   9.8980e-03   8.3694e-03   2.9851e+02
20260817_20:00:00   7.4713e-01   1.4829e+02   1.4149e+01   2.3015e-02   9.8922e-02   2.9749e+02
20260817_21:00:00   7.2273e-01   1.4561e+02   1.4387e+01   7.8504e-03   4.6039e-02   2.9664e+02
20260817_22:00:00   8.1789e-01   1.5725e+02   1.5298e+01   2.9280e-02   1.5140e-01   2.9370e+02
20260817_23:00:00   8.1537e-01   1.5710e+02   1.5590e+01   2.1337e-02   1.1190e-01   2.9359e+02
20260818_00:00:00   8.8632e-01   1.6505e+02   1.5688e+01   4.7885e-02   2.4945e-01   2.9367e+02
20260818_03:00:00   7.0186e-01   1.4340e+02   1.3911e+01   3.8617e-04   6.1715e-03   2.9178e+02
20260818_06:00:00   9.0957e-01   1.6717e+02   1.3727e+01   9.6261e-02   4.7953e-02   2.8834e+02
20260818_09:00:00   6.2497e-01   1.3220e+02   1.2508e+01   0.0000e+00   4.0064e-03   2.8734e+02
20260818_12:00:00   6.1746e-01   1.3113e+02   1.2363e+01   0.0000e+00   2.0207e-03   2.8920e+02
20260818_15:00:00   6.4881e-01   1.3529e+02   1.2977e+01   0.0000e+00   3.7472e-03   2.9034e+02
20260818_18:00:00   6.6342e-01   1.3710e+02   1.3662e+01   1.1316e-03   8.8732e-03   2.9110e+02
20260818_21:00:00   6.8214e-01   1.3947e+02   1.4267e+01   4.5640e-03   6.7697e-02   2.9125e+02
20260819_00:00:00   7.3513e-01   1.4727e+02   1.5334e+01   1.4406e-03   2.4093e-02   2.9094e+02
20260819_03:00:00   1.1947e+00   1.9407e+02   1.9369e+01   7.6344e-02   2.8878e-01   2.9423e+02
20260819_06:00:00   1.4587e+00   2.1222e+02   1.9347e+01   1.8033e-01   7.0841e-01   2.9708e+02
20260819_09:00:00   8.9116e-01   1.6491e+02   1.6735e+01   2.7560e-03   1.1481e-01   3.0564e+02
20260819_12:00:00   6.4115e-01   1.3313e+02   1.2630e+01   1.6164e-03   3.0722e-03   3.0906e+02
20260819_15:00:00   4.6437e-01   1.0618e+02   9.2070e+00   0.0000e+00   1.4350e-05   3.1399e+02
20260819_18:00:00   9.5601e-01   1.7048e+02   1.4051e+01   1.1187e-01   9.2885e-02   3.0976e+02
20260819_21:00:00   6.9488e-01   1.4146e+02   1.3780e+01   0.0000e+00   9.8546e-03   3.0741e+02
20260820_00:00:00   7.9506e-01   1.5351e+02   1.5523e+01   3.8982e-03   8.7933e-02   3.0571e+02
20260820_03:00:00   9.4009e-01   1.6889e+02   1.4886e+01   7.4835e-02   8.0603e-02   3.0695e+02
20260820_06:00:00   7.3910e-01   1.4542e+02   1.4505e+01   0.0000e+00   3.0015e-02   3.0585e+02
20260820_09:00:00   7.8428e-01   1.5103e+02   1.5126e+01   6.4520e-04   6.3491e-02   3.1073e+02
20260820_12:00:00   1.0125e+00   1.7567e+02   1.6478e+01   4.7808e-02   4.3203e-01   3.1785e+02
20260820_15:00:00   1.5652e+00   2.1751e+02   1.4445e+01   3.2175e-01   2.9061e-02   3.2231e+02
20260820_18:00:00   1.4581e+00   2.1063e+02   1.4906e+01   2.7201e-01   8.1407e-02   3.1859e+02
20260820_21:00:00   8.0355e-01   1.5333e+02   1.4791e+01   7.7520e-03   1.4789e-02   3.2416e+02
20260821_00:00:00   7.5282e-01   1.4801e+02   1.3630e+01   1.1756e-02   1.0834e-03   3.2168e+02
20260821_03:00:00   7.8780e-01   1.5209e+02   1.3278e+01   3.5285e-02   5.2379e-03   3.2161e+02
20260821_06:00:00   5.6869e-01   1.2234e+02   1.0901e+01   0.0000e+00   1.9890e-02   3.2280e+02
20260821_09:00:00   5.0221e-01   1.1185e+02   9.6263e+00   0.0000e+00   1.6070e-02   3.1951e+02
20260821_12:00:00   4.4293e-01   1.0213e+02   8.2439e+00   0.0000e+00   7.1720e-05   3.1434e+02
20260821_15:00:00   4.7377e-01   1.0745e+02   8.7619e+00   0.0000e+00   0.0000e+00   3.1032e+02
20260821_18:00:00   4.7549e-01   1.0812e+02   8.9542e+00   0.0000e+00   0.0000e+00   3.1134e+02
20260821_21:00:00   5.1565e-01   1.1499e+02   1.0036e+01   1.9548e-05   4.0080e-05   3.1274e+02
20260822_00:00:00   5.4953e-01   1.2056e+02   1.0782e+01   0.0000e+00   8.4340e-05   3.1445e+02
20260822_03:00:00   5.5502e-01   1.2127e+02   1.0449e+01   0.0000e+00   1.3096e-03   3.1211e+02
20260822_06:00:00   4.0185e-01   9.5442e+01   7.7163e+00   0.0000e+00   5.5180e-04   3.0939e+02
20260822_09:00:00   3.3846e-01   8.3352e+01   6.6156e+00   0.0000e+00   0.0000e+00   3.0926e+02
20260822_12:00:00   3.3739e-01   8.3046e+01   6.6156e+00   0.0000e+00   0.0000e+00   3.0778e+02
20260822_15:00:00   3.2625e-01   8.0823e+01   6.5355e+00   0.0000e+00   0.0000e+00   3.0718e+02
20260822_18:00:00   3.3949e-01   8.3652e+01   7.0249e+00   0.0000e+00   0.0000e+00   3.0433e+02
20260822_21:00:00   3.5628e-01   8.7316e+01   7.5006e+00   0.0000e+00   0.0000e+00   3.0400e+02
20260823_00:00:00   4.2896e-01   1.0106e+02   8.7927e+00   0.0000e+00   0.0000e+00   3.0129e+02
20260823_03:00:00   3.8380e-01   9.2983e+01   7.8850e+00   0.0000e+00   0.0000e+00   2.9948e+02
20260823_06:00:00   3.2355e-01   8.1212e+01   6.7394e+00   0.0000e+00   0.0000e+00   2.9558e+02
20260823_09:00:00   2.7097e-01   7.0390e+01   5.7371e+00   0.0000e+00   0.0000e+00   2.9319e+02
20260823_12:00:00   2.3039e-01   6.1552e+01   4.9493e+00   0.0000e+00   0.0000e+00   2.8877e+02
20260823_15:00:00   1.9758e-01   5.4152e+01   4.3056e+00   0.0000e+00   0.0000e+00   2.9015e+02
20260823_18:00:00   2.1791e-01   5.8843e+01   4.7930e+00   0.0000e+00   0.0000e+00   2.8796e+02
20260823_21:00:00   2.8678e-01   7.3881e+01   6.2758e+00   0.0000e+00   0.0000e+00   2.9049e+02
20260824_00:00:00   3.8054e-01   9.2641e+01   8.1555e+00   0.0000e+00   0.0000e+00   2.9018e+02
20260824_03:00:00   3.6863e-01   9.0657e+01   7.7153e+00   0.0000e+00   0.0000e+00   2.8757e+02
20260824_06:00:00   3.1351e-01   7.9580e+01   6.6914e+00   0.0000e+00   0.0000e+00   2.8850e+02
20260824_09:00:00   2.9512e-01   7.5437e+01   6.3541e+00   0.0000e+00   0.0000e+00   2.8900e+02
20260824_12:00:00   2.7992e-01   7.2181e+01   5.9769e+00   0.0000e+00   0.0000e+00   2.8937e+02
20260824_15:00:00   3.2370e-01   8.0984e+01   6.8696e+00   0.0000e+00   0.0000e+00   2.8993e+02
20260824_18:00:00   4.5041e-01   1.0479e+02   9.2760e+00   0.0000e+00   0.0000e+00   2.9202e+02
20260824_21:00:00   5.5353e-01   1.2138e+02   1.1507e+01   0.0000e+00   9.5097e-04   2.9174e+02
20260825_00:00:00   6.8865e-01   1.4114e+02   1.3906e+01   1.0264e-03   2.3526e-02   2.9085e+02
20260825_03:00:00   7.0220e-01   1.4341e+02   1.3988e+01   0.0000e+00   0.0000e+00   2.8854e+02
20260825_06:00:00   5.3959e-01   1.2006e+02   1.0822e+01   0.0000e+00   0.0000e+00   2.9059e+02
20260825_09:00:00   4.6495e-01   1.0718e+02   9.6351e+00   0.0000e+00   0.0000e+00   2.9693e+02
20260825_12:00:00   4.8315e-01   1.1005e+02   9.9902e+00   0.0000e+00   0.0000e+00   2.9511e+02
20260825_15:00:00   4.9028e-01   1.1125e+02   1.0127e+01   0.0000e+00   0.0000e+00   2.9410e+02
20260825_18:00:00   4.7338e-01   1.0852e+02   9.9098e+00   0.0000e+00   0.0000e+00   2.9473e+02
20260825_21:00:00   5.6893e-01   1.2366e+02   1.1804e+01   2.9173e-03   1.7534e-02   2.9545e+02
20260826_00:00:00   5.7115e-01   1.2412e+02   1.2143e+01   0.0000e+00   9.1840e-02   2.9829e+02
20260826_03:00:00   4.9579e-01   1.1278e+02   1.0484e+01   0.0000e+00   1.1066e-06   2.9235e+02
20260826_06:00:00   4.8531e-01   1.1096e+02   1.0216e+01   0.0000e+00   0.0000e+00   2.9178e+02
20260826_09:00:00   4.7372e-01   1.0880e+02   1.0018e+01   0.0000e+00   0.0000e+00   2.9150e+02
20260826_12:00:00   4.3936e-01   1.0278e+02   9.3435e+00   0.0000e+00   0.0000e+00   2.9088e+02
20260826_15:00:00   3.9095e-01   9.3921e+01   8.4233e+00   0.0000e+00   0.0000e+00   2.9049e+02
20260826_18:00:00   4.4748e-01   1.0409e+02   9.5998e+00   0.0000e+00   0.0000e+00   2.8952e+02
20260826_21:00:00   5.0729e-01   1.1404e+02   1.0941e+01   1.4994e-03   2.0508e-02   2.9088e+02
20260827_00:00:00   5.7520e-01   1.2493e+02   1.2374e+01   0.0000e+00   7.6301e-03   2.9028e+02
20260827_03:00:00   5.0683e-01   1.1422e+02   1.0903e+01   0.0000e+00   9.0910e-04   2.8980e+02
20260827_06:00:00   4.5980e-01   1.0637e+02   9.8247e+00   0.0000e+00   6.7900e-05   2.8910e+02
20260827_09:00:00   4.4441e-01   1.0373e+02   9.5167e+00   0.0000e+00   0.0000e+00   2.8917e+02
20260827_12:00:00   4.7034e-01   1.0811e+02   9.9883e+00   0.0000e+00   0.0000e+00   2.8921e+02
20260827_15:00:00   4.5502e-01   1.0569e+02   9.6549e+00   0.0000e+00   0.0000e+00   2.8956e+02
20260827_18:00:00   4.7981e-01   1.0985e+02   1.0275e+01   0.0000e+00   2.8700e-06   2.9167e+02
20260827_21:00:00   5.4053e-01   1.1938e+02   1.1670e+01   4.2800e-04   8.8541e-03   2.9109e+02
20260828_00:00:00   6.2503e-01   1.3282e+02   1.3183e+01   0.0000e+00   3.3752e-04   2.8994e+02
20260828_03:00:00   4.9672e-01   1.1300e+02   1.0597e+01   0.0000e+00   3.3174e-03   2.8596e+02
20260828_06:00:00   3.8232e-01   9.2820e+01   8.2626e+00   0.0000e+00   2.2580e-05   2.8540e+02
20260828_09:00:00   3.7631e-01   9.1537e+01   8.1400e+00   0.0000e+00   3.8980e-04   2.8276e+02
20260828_12:00:00   3.7700e-01   9.1562e+01   8.1437e+00   0.0000e+00   0.0000e+00   2.8608e+02
20260828_15:00:00   3.4162e-01   8.4663e+01   7.4801e+00   0.0000e+00   7.1740e-06   2.8700e+02
20260828_18:00:00   2.6094e-01   6.8119e+01   5.8713e+00   0.0000e+00   2.7100e-04   2.8732e+02
20260828_21:00:00   3.0596e-01   7.7488e+01   6.9261e+00   0.0000e+00   3.3460e-04   2.8829e+02
20260829_00:00:00   4.2487e-01   1.0109e+02   9.1828e+00   0.0000e+00   1.9802e-04   2.8801e+02
