#            date       tau255        Tb[K]      pwv[mm] lwp[kg*m^-2] iwp[kg*m^-2]       o3[DU]
20260806_00:00:00   2.0588e-01   5.4869e+01   4.7171e+00   0.0000e+00   7.8220e-03   3.0909e+02
20260806_01:00:00   1.8708e-01   5.0624e+01   4.2915e+00   0.0000e+00   8.6058e-03   3.0963e+02
20260806_02:00:00   1.9512e-01   5.2420e+01   4.4661e+00   0.0000e+00   3.5201e-03   3.0874e+02
20260806_03:00:00   2.2068e-01   5.7896e+01   5.0537e+00   0.0000e+00   5.5220e-03   3.0690e+02
20260806_04:00:00   2.3556e-01   6.1161e+01   5.3664e+00   0.0000e+00   8.5270e-03   3.0411e+02
20260806_05:00:00   2.3072e-01   6.0239e+01   5.2465e+00   0.0000e+00   8.1622e-03   3.0166e+02
20260806_06:00:00   2.1927e-01   5.7886e+01   4.9762e+00   0.0000e+00   1.5428e-04   3.0215e+02
20260806_07:00:00   2.1587e-01   5.7277e+01   4.8839e+00   0.0000e+00   0.0000e+00   3.0103e+02
20260806_08:00:00   2.1242e-01   5.6607e+01   4.7992e+00   0.0000e+00   0.0000e+00   3.0103e+02
20260806_09:00:00   2.1336e-01   5.6766e+01   4.8369e+00   0.0000e+00   0.0000e+00   3.0099e+02
20260806_10:00:00   2.2084e-01   5.8280e+01   5.0221e+00   0.0000e+00   0.0000e+00   3.0256e+02
20260806_11:00:00   2.1650e-01   5.7238e+01   4.9272e+00   0.0000e+00   0.0000e+00   3.0538e+02
20260806_12:00:00   2.0800e-01   5.5281e+01   4.7394e+00   0.0000e+00   0.0000e+00   3.0671e+02
20260806_13:00:00   2.0361e-01   5.4214e+01   4.6537e+00   0.0000e+00   0.0000e+00   3.0743e+02
20260806_14:00:00   2.0286e-01   5.4032e+01   4.6312e+00   0.0000e+00   0.0000e+00   3.0616e+02
20260806_15:00:00   2.0807e-01   5.5249e+01   4.7224e+00   0.0000e+00   0.0000e+00   3.0584e+02
20260806_16:00:00   2.2227e-01   5.8440e+01   5.0190e+00   0.0000e+00   0.0000e+00   3.0487e+02
20260806_17:00:00   2.2809e-01   5.9803e+01   5.1631e+00   0.0000e+00   0.0000e+00   3.0557e+02
20260806_18:00:00   2.3209e-01   6.0717e+01   5.2770e+00   0.0000e+00   0.0000e+00   3.0646e+02
20260806_19:00:00   2.3048e-01   6.0463e+01   5.2607e+00   0.0000e+00   0.0000e+00   3.0601e+02
20260806_20:00:00   2.3085e-01   6.0571e+01   5.2810e+00   0.0000e+00   0.0000e+00   3.0492e+02
20260806_21:00:00   2.1648e-01   5.7625e+01   4.9485e+00   0.0000e+00   0.0000e+00   3.0351e+02
20260806_22:00:00   2.0702e-01   5.5664e+01   4.7284e+00   0.0000e+00   0.0000e+00   3.0213e+02
20260806_23:00:00   1.9994e-01   5.4185e+01   4.5602e+00   0.0000e+00   0.0000e+00   3.0252e+02
20260807_00:00:00   1.9927e-01   5.4155e+01   4.5239e+00   0.0000e+00   0.0000e+00   3.0170e+02
20260807_01:00:00   1.9882e-01   5.4089e+01   4.5052e+00   0.0000e+00   0.0000e+00   3.0020e+02
20260807_02:00:00   2.0064e-01   5.4536e+01   4.5272e+00   0.0000e+00   0.0000e+00   3.0061e+02
20260807_03:00:00   2.0692e-01   5.5973e+01   4.6557e+00   0.0000e+00   0.0000e+00   3.0045e+02
20260807_04:00:00   2.1972e-01   5.8859e+01   4.9294e+00   0.0000e+00   0.0000e+00   3.0013e+02
20260807_05:00:00   2.1897e-01   5.8678e+01   4.9125e+00   0.0000e+00   0.0000e+00   2.9935e+02
20260807_06:00:00   2.2877e-01   6.0765e+01   5.1307e+00   0.0000e+00   0.0000e+00   2.9927e+02
20260807_07:00:00   2.3722e-01   6.2547e+01   5.3140e+00   0.0000e+00   0.0000e+00   3.0134e+02
20260807_08:00:00   2.3420e-01   6.1836e+01   5.2500e+00   0.0000e+00   0.0000e+00   3.0002e+02
20260807_09:00:00   2.2854e-01   6.0582e+01   5.1262e+00   0.0000e+00   0.0000e+00   3.0092e+02
20260807_10:00:00   2.2276e-01   5.9336e+01   4.9991e+00   0.0000e+00   0.0000e+00   3.0320e+02
20260807_11:00:00   2.2311e-01   5.9416e+01   5.0143e+00   0.0000e+00   0.0000e+00   3.0551e+02
20260807_12:00:00   2.2478e-01   5.9785e+01   5.0554e+00   0.0000e+00   0.0000e+00   3.0466e+02
20260807_13:00:00   2.2457e-01   5.9704e+01   5.0565e+00   0.0000e+00   0.0000e+00   3.0533e+02
20260807_14:00:00   2.2743e-01   6.0278e+01   5.1228e+00   0.0000e+00   0.0000e+00   3.0542e+02
20260807_15:00:00   2.3529e-01   6.1965e+01   5.2951e+00   0.0000e+00   0.0000e+00   3.0542e+02
20260807_16:00:00   2.4818e-01   6.4824e+01   5.5643e+00   0.0000e+00   0.0000e+00   3.0551e+02
20260807_17:00:00   2.5582e-01   6.6506e+01   5.7463e+00   0.0000e+00   0.0000e+00   3.0638e+02
20260807_18:00:00   2.7118e-01   6.9594e+01   6.1315e+00   0.0000e+00   0.0000e+00   3.0593e+02
20260807_19:00:00   2.8645e-01   7.2566e+01   6.5241e+00   0.0000e+00   0.0000e+00   3.0326e+02
20260807_20:00:00   2.9508e-01   7.4145e+01   6.7729e+00   0.0000e+00   8.9560e-05   3.0296e+02
20260807_21:00:00   3.0013e-01   7.4993e+01   6.9398e+00   4.6540e-06   2.4156e-03   3.0272e+02
20260807_22:00:00   3.0000e-01   7.4890e+01   6.9832e+00   5.3838e-05   5.4758e-03   3.0152e+02
20260807_23:00:00   2.9795e-01   7.4599e+01   6.9245e+00   3.2400e-04   1.2537e-03   3.0116e+02
20260808_00:00:00   2.8994e-01   7.3190e+01   6.7267e+00   7.3900e-05   2.4769e-03   3.0092e+02
20260808_01:00:00   2.7863e-01   7.1056e+01   6.4549e+00   0.0000e+00   4.7810e-03   3.0017e+02
20260808_02:00:00   2.6963e-01   6.9274e+01   6.2352e+00   0.0000e+00   2.1237e-03   2.9887e+02
20260808_03:00:00   2.6970e-01   6.9308e+01   6.2265e+00   0.0000e+00   2.8281e-04   2.9905e+02
20260808_04:00:00   2.8096e-01   7.1600e+01   6.4581e+00   0.0000e+00   1.4982e-05   3.0100e+02
20260808_05:00:00   2.9897e-01   7.5205e+01   6.8219e+00   0.0000e+00   0.0000e+00   3.0095e+02
20260808_06:00:00   3.0914e-01   7.7339e+01   7.0050e+00   0.0000e+00   0.0000e+00   3.0039e+02
20260808_07:00:00   3.0527e-01   7.6770e+01   6.8996e+00   0.0000e+00   0.0000e+00   3.0245e+02
20260808_08:00:00   3.0365e-01   7.6455e+01   6.8695e+00   0.0000e+00   0.0000e+00   3.0365e+02
20260808_09:00:00   3.0501e-01   7.6727e+01   6.8860e+00   0.0000e+00   0.0000e+00   3.0231e+02
20260808_10:00:00   3.1139e-01   7.8010e+01   7.0164e+00   0.0000e+00   0.0000e+00   2.9986e+02
20260808_11:00:00   3.1448e-01   7.8606e+01   7.0785e+00   0.0000e+00   0.0000e+00   3.0002e+02
20260808_12:00:00   3.3853e-01   8.3055e+01   7.6225e+00   0.0000e+00   0.0000e+00   3.0011e+02
20260808_13:00:00   3.5048e-01   8.5190e+01   7.8832e+00   0.0000e+00   0.0000e+00   3.0187e+02
20260808_14:00:00   3.6762e-01   8.8337e+01   8.2336e+00   0.0000e+00   2.8700e-06   3.0203e+02
20260808_15:00:00   3.8054e-01   9.0805e+01   8.4676e+00   0.0000e+00   2.9500e-07   3.0085e+02
20260808_16:00:00   3.8196e-01   9.1215e+01   8.4805e+00   0.0000e+00   0.0000e+00   2.9979e+02
20260808_17:00:00   3.7547e-01   9.0224e+01   8.3446e+00   0.0000e+00   1.4406e-04   3.0145e+02
20260808_18:00:00   3.9722e-01   9.4163e+01   8.8416e+00   6.6360e-04   6.8040e-04   3.0264e+02
20260808_19:00:00   4.7759e-01   1.0750e+02   9.9148e+00   1.7512e-02   1.1878e-01   3.0199e+02
20260808_20:00:00   4.5235e-01   1.0383e+02   1.0108e+01   5.3800e-04   6.6577e-02   3.0100e+02
20260808_21:00:00   4.7425e-01   1.0754e+02   1.0507e+01   3.9621e-03   6.8794e-02   2.9969e+02
20260808_22:00:00   4.7042e-01   1.0762e+02   1.0530e+01   2.5020e-05   7.1014e-03   3.0073e+02
20260808_23:00:00   4.6359e-01   1.0636e+02   1.0410e+01   1.2144e-04   8.9579e-04   3.0057e+02
20260809_00:00:00   4.7358e-01   1.0806e+02   1.0606e+01   0.0000e+00   6.5339e-04   3.0047e+02
20260809_01:00:00   4.4417e-01   1.0309e+02   9.9520e+00   0.0000e+00   1.0556e-06   2.9991e+02
20260809_02:00:00   3.9189e-01   9.3426e+01   8.9286e+00   0.0000e+00   4.0200e-05   3.0057e+02
20260809_03:00:00   3.7228e-01   8.9477e+01   8.5510e+00   0.0000e+00   1.6978e-05   3.0110e+02
20260809_04:00:00   3.9711e-01   9.3633e+01   9.1146e+00   0.0000e+00   8.9940e-05   3.0135e+02
20260809_05:00:00   4.0036e-01   9.4110e+01   9.1882e+00   2.2640e-06   1.1359e-02   3.0119e+02
20260809_06:00:00   3.8439e-01   9.1483e+01   8.7946e+00   0.0000e+00   2.7438e-03   3.0008e+02
20260809_07:00:00   3.7831e-01   9.0641e+01   8.6061e+00   0.0000e+00   0.0000e+00   3.0174e+02
20260809_08:00:00   3.9194e-01   9.3018e+01   8.9058e+00   0.0000e+00   0.0000e+00   3.0260e+02
20260809_09:00:00   3.8851e-01   9.2341e+01   8.8453e+00   0.0000e+00   2.8460e-05   3.0226e+02
20260809_10:00:00   3.9786e-01   9.3814e+01   9.0731e+00   0.0000e+00   1.1480e-05   3.0143e+02
20260809_11:00:00   4.1934e-01   9.7558e+01   9.5442e+00   0.0000e+00   1.1654e-03   3.0135e+02
20260809_12:00:00   4.3804e-01   1.0080e+02   9.9329e+00   0.0000e+00   1.3046e-03   3.0107e+02
20260809_13:00:00   4.8867e-01   1.0953e+02   1.0872e+01   0.0000e+00   6.2385e-04   3.0176e+02
20260809_14:00:00   5.1292e-01   1.1379e+02   1.1252e+01   0.0000e+00   5.8759e-04   3.0124e+02
20260809_15:00:00   5.4828e-01   1.1944e+02   1.1929e+01   0.0000e+00   3.4388e-04   3.0016e+02
20260809_16:00:00   5.6537e-01   1.2219e+02   1.2266e+01   0.0000e+00   3.1980e-03   3.0089e+02
20260809_17:00:00   5.8399e-01   1.2502e+02   1.2409e+01   5.7460e-03   3.6439e-02   3.0142e+02
20260809_18:00:00   5.5926e-01   1.2153e+02   1.2119e+01   2.3080e-03   1.6608e-02   3.0200e+02
20260809_19:00:00   6.0395e-01   1.2783e+02   1.2171e+01   2.3581e-02   1.4283e-01   2.9972e+02
20260809_20:00:00   6.1910e-01   1.3045e+02   1.3027e+01   8.5860e-03   2.4203e-01   2.9724e+02
20260809_21:00:00   5.4700e-01   1.1979e+02   1.1952e+01   5.3756e-03   5.1140e-02   2.9599e+02
20260809_22:00:00   5.2797e-01   1.1701e+02   1.1817e+01   1.9650e-04   1.1865e-02   2.9624e+02
20260809_23:00:00   5.3606e-01   1.1841e+02   1.2010e+01   4.6400e-04   3.0762e-03   2.9732e+02
20260810_00:00:00   6.2005e-01   1.3116e+02   1.3301e+01   6.8944e-03   8.1861e-02   2.9814e+02
20260810_01:00:00   5.7703e-01   1.2518e+02   1.2674e+01   0.0000e+00   3.5924e-02   3.0042e+02
20260810_02:00:00   6.7063e-01   1.3853e+02   1.4089e+01   1.9267e-03   1.5705e-01   3.0083e+02
20260810_03:00:00   6.6716e-01   1.3757e+02   1.4188e+01   0.0000e+00   1.0660e-01   3.0105e+02
20260810_04:00:00   6.5833e-01   1.3641e+02   1.4016e+01   0.0000e+00   2.9310e-02   3.0103e+02
20260810_05:00:00   6.6594e-01   1.3749e+02   1.4068e+01   0.0000e+00   2.5756e-03   3.0051e+02
20260810_06:00:00   6.6438e-01   1.3736e+02   1.3906e+01   0.0000e+00   2.5188e-03   2.9991e+02
20260810_07:00:00   6.2050e-01   1.3130e+02   1.3118e+01   0.0000e+00   2.0500e-04   3.0112e+02
20260810_08:00:00   6.0431e-01   1.2885e+02   1.2884e+01   0.0000e+00   4.4560e-04   2.9922e+02
20260810_09:00:00   5.8824e-01   1.2656e+02   1.2562e+01   0.0000e+00   6.3284e-04   3.0220e+02
20260810_10:00:00   5.8656e-01   1.2624e+02   1.2540e+01   0.0000e+00   6.9620e-04   3.0228e+02
20260810_11:00:00   5.9194e-01   1.2708e+02   1.2597e+01   0.0000e+00   2.0239e-03   3.0313e+02
20260810_12:00:00   5.7124e-01   1.2419e+02   1.2094e+01   0.0000e+00   1.2450e-04   3.0297e+02
20260810_13:00:00   5.6931e-01   1.2401e+02   1.1981e+01   0.0000e+00   0.0000e+00   3.0290e+02
20260810_14:00:00   5.6346e-01   1.2325e+02   1.1815e+01   0.0000e+00   7.3760e-07   3.0245e+02
20260810_15:00:00   5.7464e-01   1.2502e+02   1.1982e+01   0.0000e+00   4.6540e-07   3.0355e+02
20260810_16:00:00   6.0407e-01   1.2950e+02   1.2526e+01   0.0000e+00   0.0000e+00   3.0389e+02
20260810_17:00:00   6.4486e-01   1.3516e+02   1.3168e+01   4.7060e-03   2.0482e-03   3.0335e+02
20260810_18:00:00   7.5387e-01   1.4885e+02   1.3574e+01   4.9003e-02   1.5312e-01   3.0243e+02
20260810_19:00:00   6.1538e-01   1.3050e+02   1.2546e+01   1.3955e-02   9.4178e-02   3.0124e+02
20260810_20:00:00   9.1410e-01   1.6678e+02   1.4907e+01   9.6193e-02   5.9977e-01   3.0065e+02
20260810_21:00:00   9.5231e-01   1.7100e+02   1.5667e+01   9.3922e-02   4.6048e-01   3.0307e+02
20260810_22:00:00   7.3432e-01   1.4733e+02   1.5066e+01   3.3884e-03   1.2578e-01   3.0492e+02
20260810_23:00:00   8.8429e-01   1.6484e+02   1.6605e+01   2.9055e-02   1.9869e-01   3.0508e+02
20260811_00:00:00   6.7546e-01   1.4002e+02   1.3909e+01   0.0000e+00   1.4787e-02   3.0328e+02
20260811_03:00:00   4.5616e-01   1.0608e+02   9.8220e+00   0.0000e+00   0.0000e+00   3.0425e+02
20260811_06:00:00   4.6399e-01   1.0740e+02   9.9068e+00   0.0000e+00   3.7284e-03   2.9973e+02
20260811_09:00:00   4.2242e-01   9.9663e+01   9.2258e+00   0.0000e+00   1.5934e-03   3.0094e+02
20260811_12:00:00   4.0965e-01   9.6721e+01   9.1372e+00   0.0000e+00   1.2642e-04   2.9861e+02
20260811_15:00:00   4.2667e-01   9.9612e+01   9.4954e+00   0.0000e+00   0.0000e+00   3.0097e+02
20260811_18:00:00   5.6167e-01   1.2153e+02   1.1719e+01   1.3202e-02   8.8412e-02   3.0125e+02
20260811_21:00:00   6.1372e-01   1.2946e+02   1.2990e+01   1.0083e-02   2.9814e-01   2.9812e+02
20260812_00:00:00   6.3770e-01   1.3345e+02   1.3639e+01   6.6661e-03   1.7388e-01   2.9995e+02
20260812_03:00:00   6.3161e-01   1.3269e+02   1.3615e+01   0.0000e+00   5.1729e-02   2.9688e+02
20260812_06:00:00   5.6081e-01   1.2270e+02   1.2205e+01   0.0000e+00   0.0000e+00   2.9655e+02
20260812_09:00:00   5.6590e-01   1.2362e+02   1.2296e+01   0.0000e+00   6.2960e-03   2.9475e+02
20260812_12:00:00   5.4191e-01   1.1947e+02   1.1813e+01   0.0000e+00   9.0280e-03   2.9395e+02
20260812_15:00:00   5.6704e-01   1.2248e+02   1.2437e+01   0.0000e+00   1.0230e-01   2.9715e+02
20260812_18:00:00   6.2741e-01   1.3139e+02   1.3119e+01   1.1608e-02   9.2288e-02   2.9580e+02
20260812_21:00:00   9.1125e-01   1.6640e+02   1.5736e+01   7.7740e-02   4.3895e-01   2.9265e+02
20260813_00:00:00   5.7615e-01   1.2571e+02   1.2364e+01   0.0000e+00   2.3962e-05   2.9313e+02
20260813_03:00:00   6.4723e-01   1.3584e+02   1.3729e+01   0.0000e+00   2.9760e-04   2.9317e+02
20260813_06:00:00   5.6401e-01   1.2354e+02   1.2141e+01   0.0000e+00   2.1638e-03   2.9579e+02
20260813_09:00:00   4.9685e-01   1.1265e+02   1.0822e+01   0.0000e+00   5.8592e-03   2.9523e+02
20260813_12:00:00   4.7869e-01   1.0869e+02   1.0593e+01   0.0000e+00   4.7800e-03   2.9339e+02
20260813_15:00:00   5.0060e-01   1.1175e+02   1.1147e+01   0.0000e+00   5.3670e-03   2.9331e+02
20260813_18:00:00   5.6828e-01   1.2273e+02   1.2471e+01   1.3160e-03   2.8086e-02   2.9406e+02
20260813_21:00:00   7.0811e-01   1.4262e+02   1.4329e+01   2.2482e-02   3.7913e-01   2.9440e+02
20260814_00:00:00   7.0546e-01   1.4253e+02   1.4963e+01   5.0200e-03   4.2507e-01   2.9344e+02
20260814_03:00:00   7.0646e-01   1.4331e+02   1.5157e+01   0.0000e+00   1.7994e-02   2.9533e+02
20260814_06:00:00   7.1504e-01   1.4441e+02   1.5232e+01   0.0000e+00   1.1528e-02   2.9464e+02
20260814_09:00:00   7.4330e-01   1.4817e+02   1.5708e+01   0.0000e+00   1.6260e-02   2.9466e+02
20260814_12:00:00   7.9498e-01   1.5418e+02   1.6615e+01   0.0000e+00   1.1720e-01   2.9704e+02
20260814_15:00:00   8.7644e-01   1.6353e+02   1.7793e+01   0.0000e+00   1.5582e-01   2.9852e+02
20260814_18:00:00   1.3068e+00   2.0324e+02   1.9655e+01   1.2254e-01   2.3403e-01   2.9516e+02
20260814_21:00:00   1.7718e+00   2.3103e+02   2.0428e+01   2.9563e-01   5.8546e-02   2.9331e+02
20260815_00:00:00   1.4764e+00   2.1608e+02   1.9031e+01   1.8771e-01   1.0888e-03   2.9338e+02
20260815_03:00:00   8.7825e-01   1.6581e+02   1.6833e+01   0.0000e+00   3.4993e-04   2.9612e+02
20260815_06:00:00   9.8883e-01   1.7705e+02   1.8140e+01   1.7773e-02   4.9895e-03   2.9474e+02
20260815_09:00:00   8.6143e-01   1.6320e+02   1.7071e+01   0.0000e+00   1.8252e-03   2.9581e+02
20260815_12:00:00   8.4102e-01   1.6073e+02   1.6717e+01   0.0000e+00   3.3686e-03   2.9594e+02
20260815_15:00:00   8.7699e-01   1.6460e+02   1.7366e+01   0.0000e+00   7.8715e-03   2.9718e+02
20260815_18:00:00   1.1663e+00   1.9333e+02   1.8499e+01   9.2200e-02   6.2893e-03   2.9344e+02
20260815_21:00:00   1.0721e+00   1.8569e+02   1.7979e+01   5.9689e-02   1.9564e-02   2.9105e+02
20260816_00:00:00   1.7590e+00   2.3149e+02   2.0381e+01   2.7877e-01   1.0462e-01   2.9397e+02
20260816_03:00:00   1.0148e+00   1.7981e+02   1.9368e+01   2.5800e-03   1.3627e-01   2.9521e+02
20260816_06:00:00   9.5198e-01   1.7328e+02   1.8469e+01   0.0000e+00   3.4435e-05   2.9217e+02
20260816_09:00:00   8.9183e-01   1.6666e+02   1.7565e+01   0.0000e+00   7.1313e-04   2.9446e+02
20260816_12:00:00   8.2641e-01   1.5869e+02   1.6542e+01   0.0000e+00   9.8100e-04   2.9447e+02
20260816_15:00:00   7.9952e-01   1.5535e+02   1.6091e+01   0.0000e+00   3.8020e-05   2.9422e+02
20260816_18:00:00   1.1284e+00   1.8955e+02   1.7040e+01   1.1064e-01   6.9451e-02   2.9117e+02
20260816_21:00:00   8.7697e-01   1.6562e+02   1.6953e+01   1.7566e-03   2.2586e-03   2.9169e+02
20260817_00:00:00   7.9569e-01   1.5628e+02   1.5337e+01   1.0088e-02   1.7485e-02   2.9023e+02
20260817_03:00:00   1.0115e+00   1.8035e+02   1.8575e+01   2.7059e-03   9.2816e-03   2.9074e+02
20260817_06:00:00   8.7095e-01   1.6528e+02   1.6503e+01   0.0000e+00   0.0000e+00   2.8992e+02
20260817_09:00:00   6.7093e-01   1.3998e+02   1.3010e+01   0.0000e+00   0.0000e+00   2.8900e+02
20260817_12:00:00   5.0558e-01   1.1444e+02   1.0210e+01   0.0000e+00   0.0000e+00   2.9107e+02
20260817_15:00:00   4.1782e-01   9.9111e+01   8.6329e+00   0.0000e+00   0.0000e+00   2.8966e+02
20260817_18:00:00   5.0980e-01   1.1509e+02   1.0365e+01   0.0000e+00   0.0000e+00   2.8866e+02
20260817_21:00:00   5.9502e-01   1.2828e+02   1.2465e+01   4.5040e-04   8.7833e-04   2.8694e+02
20260818_00:00:00   7.4223e-01   1.4981e+02   1.5080e+01   0.0000e+00   7.3980e-06   2.8627e+02
20260818_03:00:00   7.6095e-01   1.5229e+02   1.5293e+01   0.0000e+00   0.0000e+00   2.8743e+02
20260818_06:00:00   8.5607e-01   1.6390e+02   1.6593e+01   0.0000e+00   2.2101e-03   2.8888e+02
20260818_09:00:00   7.8840e-01   1.5584e+02   1.5682e+01   0.0000e+00   3.4176e-03   2.8789e+02
20260818_12:00:00   7.9394e-01   1.5607e+02   1.5837e+01   0.0000e+00   7.6595e-02   2.8794e+02
20260818_15:00:00   8.1011e-01   1.5820e+02   1.6108e+01   0.0000e+00   4.4760e-05   2.8875e+02
20260818_18:00:00   1.0255e+00   1.8167e+02   1.9076e+01   2.7723e-02   5.9698e-04   2.8649e+02
20260818_21:00:00   1.0908e+00   1.8798e+02   1.9673e+01   4.6411e-02   8.7501e-03   2.8628e+02
20260819_00:00:00   1.2265e+00   1.9911e+02   2.0715e+01   7.7601e-02   1.2188e-01   2.8468e+02
20260819_03:00:00   8.4921e-01   1.6349e+02   1.6744e+01   2.9960e-04   2.9946e-04   2.8548e+02
20260819_06:00:00   7.0557e-01   1.4553e+02   1.3700e+01   0.0000e+00   2.8700e-06   2.8665e+02
20260819_09:00:00   7.1083e-01   1.4588e+02   1.3663e+01   0.0000e+00   0.0000e+00   2.8569e+02
20260819_12:00:00   6.8193e-01   1.4131e+02   1.3577e+01   0.0000e+00   0.0000e+00   2.8405e+02
20260819_15:00:00   6.8637e-01   1.4160e+02   1.3539e+01   0.0000e+00   0.0000e+00   2.8618e+02
20260819_18:00:00   8.6164e-01   1.6364e+02   1.6964e+01   2.1080e-03   1.2772e-04   2.8720e+02
20260819_21:00:00   9.2853e-01   1.7119e+02   1.6949e+01   3.0834e-02   2.3839e-02   2.8486e+02
20260820_00:00:00   8.1620e-01   1.5846e+02   1.6524e+01   1.3478e-03   7.7934e-03   2.8608e+02
20260820_03:00:00   8.5443e-01   1.6285e+02   1.6771e+01   1.2957e-03   2.8901e-03   2.8665e+02
20260820_06:00:00   7.0801e-01   1.4476e+02   1.4195e+01   0.0000e+00   0.0000e+00   2.8711e+02
20260820_09:00:00   7.0667e-01   1.4437e+02   1.4090e+01   0.0000e+00   0.0000e+00   2.8678e+02
20260820_12:00:00   6.4026e-01   1.3540e+02   1.2458e+01   0.0000e+00   0.0000e+00   2.8737e+02
20260820_15:00:00   6.0595e-01   1.3004e+02   1.1975e+01   0.0000e+00   1.9784e-05   2.8681e+02
20260820_18:00:00   6.0899e-01   1.3058e+02   1.2407e+01   1.9918e-05   2.9620e-05   2.8772e+02
20260820_21:00:00   7.6301e-01   1.5160e+02   1.5629e+01   5.0204e-03   3.6359e-02   2.8565e+02
20260821_00:00:00   6.8446e-01   1.4118e+02   1.4484e+01   1.3044e-03   1.7932e-02   2.8544e+02
20260821_03:00:00   5.6761e-01   1.2385e+02   1.2067e+01   0.0000e+00   5.3600e-04   2.8584e+02
20260821_06:00:00   5.4088e-01   1.1946e+02   1.1501e+01   0.0000e+00   2.8700e-06   2.8438e+02
20260821_09:00:00   5.5623e-01   1.2216e+02   1.1631e+01   0.0000e+00   0.0000e+00   2.8607e+02
20260821_12:00:00   5.3149e-01   1.1846e+02   1.1165e+01   0.0000e+00   0.0000e+00   2.8776e+02
20260821_15:00:00   5.2024e-01   1.1686e+02   1.0939e+01   0.0000e+00   5.0220e-05   2.8574e+02
20260821_18:00:00   5.9153e-01   1.2781e+02   1.2684e+01   0.0000e+00   6.6211e-04   2.8710e+02
20260821_21:00:00   8.3699e-01   1.5881e+02   1.4940e+01   6.9068e-02   3.4655e-01   2.8800e+02
20260822_00:00:00   7.5838e-01   1.5110e+02   1.5950e+01   0.0000e+00   2.3221e-02   2.8886e+02
