#            date       tau255        Tb[K]      pwv[mm] lwp[kg*m^-2] iwp[kg*m^-2]       o3[DU]
20260814_00:00:00   2.4847e+00   2.5418e+02   2.0002e+01   5.9365e-01   4.3393e-02   3.0087e+02
20260814_01:00:00   1.2015e+00   1.9529e+02   1.8628e+01   9.1633e-02   3.3425e-03   2.9952e+02
20260814_02:00:00   1.1510e+00   1.9108e+02   1.8167e+01   8.0720e-02   1.8678e-02   2.9826e+02
20260814_03:00:00   1.0398e+00   1.8095e+02   1.7678e+01   4.6613e-02   7.0747e-03   2.9688e+02
20260814_04:00:00   1.0237e+00   1.7896e+02   1.7526e+01   4.3841e-02   6.7676e-03   2.9458e+02
20260814_05:00:00   1.0216e+00   1.7870e+02   1.8358e+01   2.1944e-02   7.6442e-03   2.9525e+02
20260814_06:00:00   9.5549e-01   1.7200e+02   1.8162e+01   7.2160e-05   1.1626e-03   2.9494e+02
20260814_07:00:00   1.1416e+00   1.8955e+02   1.8576e+01   6.3037e-02   2.9692e-03   2.9465e+02
20260814_08:00:00   8.9537e-01   1.6556e+02   1.7063e+01   0.0000e+00   0.0000e+00   2.9594e+02
20260814_09:00:00   8.3667e-01   1.5902e+02   1.6167e+01   0.0000e+00   0.0000e+00   2.9592e+02
20260814_10:00:00   7.9625e-01   1.5416e+02   1.5561e+01   0.0000e+00   1.0328e-03   2.9639e+02
20260814_11:00:00   7.9787e-01   1.5421e+02   1.5720e+01   0.0000e+00   1.3646e-05   2.9581e+02
20260814_12:00:00   7.7990e-01   1.5196e+02   1.5384e+01   0.0000e+00   1.3796e-03   2.9613e+02
20260814_13:00:00   7.1285e-01   1.4326e+02   1.4288e+01   0.0000e+00   1.7853e-03   2.9887e+02
20260814_14:00:00   6.8412e-01   1.3945e+02   1.3682e+01   0.0000e+00   1.5188e-03   3.0061e+02
20260814_15:00:00   6.8265e-01   1.3931e+02   1.3600e+01   0.0000e+00   4.8077e-03   3.0023e+02
20260814_16:00:00   7.3811e-01   1.4671e+02   1.4515e+01   0.0000e+00   7.1191e-03   3.0034e+02
20260814_17:00:00   7.7758e-01   1.5181e+02   1.5273e+01   0.0000e+00   7.7341e-03   3.0023e+02
20260814_18:00:00   8.1679e-01   1.5658e+02   1.5836e+01   6.5520e-03   5.9268e-03   2.9894e+02
20260814_19:00:00   9.8047e-01   1.7443e+02   1.6351e+01   6.7000e-02   8.3379e-03   2.9761e+02
20260814_20:00:00   9.9304e-01   1.7554e+02   1.6769e+01   6.3320e-02   4.2669e-02   2.9729e+02
20260814_21:00:00   1.5318e+00   2.1715e+02   1.8701e+01   2.3411e-01   4.2046e-01   2.9715e+02
20260814_22:00:00   9.6288e-01   1.7292e+02   1.8054e+01   5.7575e-03   1.3190e-01   2.9721e+02
20260814_23:00:00   9.1001e-01   1.6768e+02   1.7093e+01   9.2400e-03   9.9872e-03   2.9831e+02
20260815_00:00:00   9.2345e-01   1.6891e+02   1.7860e+01   1.9411e-03   4.6755e-03   2.9874e+02
20260815_01:00:00   9.3076e-01   1.6949e+02   1.7615e+01   1.2903e-02   1.8556e-03   2.9917e+02
20260815_02:00:00   1.2793e+00   2.0033e+02   1.8578e+01   1.3442e-01   1.1288e-01   3.0057e+02
20260815_03:00:00   1.0621e+00   1.8234e+02   1.8245e+01   4.7743e-02   3.8340e-02   2.9967e+02
20260815_04:00:00   1.3632e+00   2.0652e+02   1.8656e+01   1.5822e-01   2.6549e-01   2.9893e+02
20260815_05:00:00   2.1767e+00   2.4506e+02   1.9073e+01   4.7876e-01   2.4629e-01   2.9782e+02
20260815_06:00:00   9.6459e-01   1.7250e+02   1.8031e+01   7.0740e-03   1.9440e-02   2.9712e+02
20260815_07:00:00   8.9793e-01   1.6540e+02   1.7101e+01   3.8040e-03   2.3367e-02   2.9763e+02
20260815_08:00:00   8.2636e-01   1.5734e+02   1.6090e+01   1.1638e-06   4.8665e-04   2.9671e+02
20260815_09:00:00   7.6889e-01   1.5032e+02   1.5025e+01   0.0000e+00   2.5399e-04   2.9707e+02
20260815_10:00:00   7.4182e-01   1.4671e+02   1.4658e+01   0.0000e+00   3.0059e-04   2.9718e+02
20260815_11:00:00   7.4204e-01   1.4648e+02   1.4730e+01   0.0000e+00   1.0515e-03   2.9502e+02
20260815_12:00:00   7.5799e-01   1.4829e+02   1.4984e+01   0.0000e+00   3.8439e-03   2.9586e+02
20260815_13:00:00   8.0119e-01   1.5353e+02   1.5653e+01   0.0000e+00   2.7031e-03   2.9726e+02
20260815_14:00:00   8.0681e-01   1.5415e+02   1.5730e+01   0.0000e+00   3.4180e-04   2.9806e+02
20260815_15:00:00   8.0245e-01   1.5383e+02   1.5573e+01   0.0000e+00   2.7934e-06   2.9814e+02
20260815_16:00:00   7.7571e-01   1.5081e+02   1.5128e+01   7.1740e-05   1.6292e-06   2.9770e+02
20260815_17:00:00   8.3730e-01   1.5844e+02   1.5568e+01   1.4450e-02   1.3797e-04   2.9939e+02
20260815_18:00:00   1.4118e+00   2.0935e+02   1.6160e+01   2.4140e-01   7.9890e-03   2.9855e+02
20260815_19:00:00   1.0484e+00   1.8059e+02   1.5770e+01   9.8401e-02   3.2009e-02   2.9826e+02
20260815_20:00:00   9.3040e-01   1.6920e+02   1.5591e+01   4.9516e-02   3.1430e-02   2.9729e+02
20260815_21:00:00   8.6635e-01   1.6241e+02   1.5635e+01   2.2557e-02   3.2077e-02   2.9808e+02
20260815_22:00:00   1.0427e+00   1.8060e+02   1.6362e+01   8.0838e-02   6.3141e-02   2.9704e+02
20260815_23:00:00   9.0141e-01   1.6655e+02   1.6196e+01   2.5916e-02   1.5887e-02   2.9639e+02
20260816_00:00:00   8.0896e-01   1.5652e+02   1.5315e+01   3.9861e-03   2.1346e-04   2.9864e+02
20260816_01:00:00   8.0631e-01   1.5632e+02   1.4617e+01   1.4108e-02   3.4299e-04   2.9761e+02
20260816_02:00:00   7.7121e-01   1.5177e+02   1.4565e+01   1.9370e-03   6.3992e-04   2.9648e+02
20260816_03:00:00   7.2166e-01   1.4540e+02   1.3668e+01   7.7620e-04   8.2020e-04   2.9708e+02
20260816_04:00:00   7.2320e-01   1.4555e+02   1.3033e+01   1.5788e-02   1.9952e-03   2.9701e+02
20260816_05:00:00   6.0772e-01   1.2977e+02   1.1627e+01   0.0000e+00   5.1520e-05   2.9646e+02
20260816_06:00:00   6.2751e-01   1.3248e+02   1.1919e+01   1.2292e-03   1.7624e-03   2.9521e+02
20260816_07:00:00   7.1865e-01   1.4474e+02   1.2243e+01   3.1920e-02   5.2915e-03   2.9432e+02
20260816_08:00:00   6.4750e-01   1.3512e+02   1.2062e+01   6.5000e-03   4.2653e-03   2.9468e+02
20260816_09:00:00   6.4770e-01   1.3510e+02   1.2217e+01   2.8000e-03   1.6193e-03   2.9391e+02
20260816_10:00:00   5.8302e-01   1.2577e+02   1.1249e+01   0.0000e+00   6.5320e-05   2.9372e+02
20260816_11:00:00   5.3282e-01   1.1808e+02   1.0358e+01   0.0000e+00   0.0000e+00   2.9568e+02
20260816_12:00:00   5.0706e-01   1.1384e+02   9.9244e+00   0.0000e+00   1.1638e-06   2.9670e+02
20260816_13:00:00   5.2124e-01   1.1597e+02   1.0220e+01   0.0000e+00   0.0000e+00   2.9647e+02
20260816_14:00:00   5.0192e-01   1.1276e+02   9.9370e+00   0.0000e+00   3.2500e-04   2.9583e+02
20260816_15:00:00   4.8013e-01   1.0910e+02   9.6147e+00   0.0000e+00   7.1996e-04   2.9527e+02
20260816_16:00:00   4.8630e-01   1.1006e+02   9.7979e+00   0.0000e+00   1.1490e-03   2.9513e+02
20260816_17:00:00   5.0393e-01   1.1269e+02   1.0312e+01   0.0000e+00   8.8741e-04   2.9482e+02
20260816_18:00:00   5.5405e-01   1.2048e+02   1.1189e+01   4.0800e-03   1.6747e-03   2.9362e+02
20260816_19:00:00   6.0532e-01   1.2799e+02   1.2377e+01   4.5568e-03   2.6809e-02   2.9290e+02
20260816_20:00:00   7.0200e-01   1.4134e+02   1.3508e+01   2.1284e-02   1.5035e-01   2.9315e+02
20260816_21:00:00   7.8443e-01   1.5196e+02   1.4948e+01   2.0952e-02   1.8244e-01   2.9403e+02
20260816_22:00:00   8.1985e-01   1.5639e+02   1.5218e+01   2.8567e-02   1.8589e-01   2.9513e+02
20260816_23:00:00   7.6803e-01   1.5066e+02   1.5172e+01   3.7802e-03   4.7452e-02   2.9640e+02
20260817_00:00:00   7.1637e-01   1.4427e+02   1.4335e+01   4.9220e-04   1.1086e-02   2.9793e+02
20260817_01:00:00   6.9979e-01   1.4197e+02   1.4046e+01   4.1235e-05   4.5938e-02   2.9849e+02
20260817_02:00:00   6.9112e-01   1.4068e+02   1.3767e+01   1.7412e-03   1.2143e-01   3.0082e+02
20260817_03:00:00   6.5173e-01   1.3531e+02   1.3176e+01   3.9560e-05   1.6350e-02   3.0082e+02
20260817_04:00:00   6.1976e-01   1.3075e+02   1.2566e+01   0.0000e+00   2.0960e-02   2.9975e+02
20260817_05:00:00   6.1008e-01   1.2923e+02   1.2417e+01   0.0000e+00   2.5269e-02   3.0028e+02
20260817_06:00:00   6.0949e-01   1.2917e+02   1.2350e+01   0.0000e+00   2.5781e-02   3.0019e+02
20260817_07:00:00   6.0139e-01   1.2802e+02   1.2118e+01   0.0000e+00   1.5599e-02   3.0090e+02
20260817_08:00:00   5.7424e-01   1.2401e+02   1.1606e+01   0.0000e+00   4.7539e-03   3.0132e+02
20260817_09:00:00   5.8366e-01   1.2543e+02   1.1785e+01   0.0000e+00   1.0002e-04   3.0305e+02
20260817_10:00:00   5.9130e-01   1.2651e+02   1.1956e+01   0.0000e+00   0.0000e+00   3.0493e+02
20260817_11:00:00   6.1778e-01   1.3033e+02   1.2365e+01   0.0000e+00   0.0000e+00   3.0548e+02
20260817_12:00:00   6.4282e-01   1.3402e+02   1.2701e+01   0.0000e+00   0.0000e+00   3.0351e+02
20260817_13:00:00   6.2697e-01   1.3210e+02   1.2293e+01   0.0000e+00   0.0000e+00   3.0197e+02
20260817_14:00:00   6.3164e-01   1.3288e+02   1.2335e+01   0.0000e+00   3.6220e-05   3.0148e+02
20260817_15:00:00   6.4040e-01   1.3403e+02   1.2587e+01   0.0000e+00   3.0740e-04   3.0210e+02
20260817_16:00:00   6.4803e-01   1.3532e+02   1.2703e+01   0.0000e+00   7.9120e-06   3.0164e+02
20260817_17:00:00   6.6792e-01   1.3825e+02   1.3029e+01   1.2110e-03   1.1738e-04   3.0016e+02
20260817_18:00:00   8.4165e-01   1.5956e+02   1.4004e+01   6.1275e-02   1.2910e-02   2.9775e+02
20260817_19:00:00   7.9844e-01   1.5487e+02   1.4495e+01   2.8968e-02   7.9769e-02   2.9548e+02
20260817_20:00:00   7.4248e-01   1.4830e+02   1.4348e+01   9.5584e-03   1.9454e-02   2.9328e+02
20260817_21:00:00   9.1064e-01   1.6760e+02   1.5362e+01   6.2430e-02   1.3407e-01   2.9373e+02
20260817_22:00:00   7.6899e-01   1.5140e+02   1.5173e+01   8.0580e-03   1.2333e-01   2.9411e+02
20260817_23:00:00   8.0292e-01   1.5581e+02   1.5630e+01   8.5759e-03   6.9224e-02   2.9259e+02
20260818_00:00:00   7.8830e-01   1.5412e+02   1.5435e+01   7.8600e-03   9.1035e-02   2.9317e+02
20260818_01:00:00   7.5540e-01   1.5035e+02   1.4884e+01   5.1482e-03   4.7124e-02   2.9206e+02
20260818_02:00:00   7.0495e-01   1.4374e+02   1.4129e+01   3.3175e-03   3.7668e-03   2.9089e+02
20260818_03:00:00   8.2310e-01   1.5800e+02   1.5755e+01   1.4198e-02   9.7928e-02   2.8960e+02
20260818_04:00:00   7.2507e-01   1.4613e+02   1.4380e+01   2.8963e-03   4.0956e-03   2.9063e+02
20260818_05:00:00   7.2570e-01   1.4599e+02   1.4374e+01   6.5062e-03   1.0645e-02   2.8939e+02
20260818_06:00:00   7.0311e-01   1.4319e+02   1.4073e+01   0.0000e+00   2.3078e-03   2.9071e+02
20260818_07:00:00   6.3758e-01   1.3428e+02   1.2838e+01   0.0000e+00   3.5880e-06   2.9087e+02
20260818_08:00:00   7.1174e-01   1.4432e+02   1.4026e+01   0.0000e+00   6.0008e-05   2.8909e+02
20260818_09:00:00   7.2352e-01   1.4580e+02   1.4187e+01   2.1520e-05   2.5648e-04   2.8799e+02
20260818_10:00:00   7.3745e-01   1.4757e+02   1.4386e+01   0.0000e+00   2.7531e-04   2.8837e+02
20260818_11:00:00   7.8277e-01   1.5309e+02   1.4018e+01   2.7680e-02   2.8398e-03   2.8721e+02
20260818_12:00:00   6.6571e-01   1.3780e+02   1.3211e+01   4.5520e-04   1.3089e-03   2.8523e+02
20260818_13:00:00   6.8090e-01   1.3986e+02   1.3567e+01   2.1500e-04   6.7349e-04   2.8619e+02
20260818_14:00:00   6.5973e-01   1.3696e+02   1.3265e+01   0.0000e+00   1.2217e-03   2.8832e+02
20260818_15:00:00   6.8335e-01   1.4007e+02   1.3746e+01   0.0000e+00   3.5510e-04   2.8965e+02
20260818_16:00:00   8.2001e-01   1.5735e+02   1.5445e+01   1.7584e-02   3.5857e-03   2.9032e+02
20260818_17:00:00   1.0559e+00   1.8154e+02   1.5491e+01   1.2253e-01   3.6999e-02   2.8861e+02
20260818_18:00:00   7.8395e-01   1.5278e+02   1.5040e+01   1.7297e-02   3.0232e-02   2.8795e+02
20260818_19:00:00   9.3366e-01   1.6970e+02   1.6022e+01   5.7736e-02   1.2042e-01   2.8907e+02
20260818_20:00:00   8.7765e-01   1.6337e+02   1.5441e+01   5.4162e-02   1.3110e-01   2.8882e+02
20260818_21:00:00   7.7487e-01   1.5179e+02   1.5494e+01   1.1821e-02   2.5826e-02   2.8860e+02
20260818_22:00:00   1.3569e+00   2.0595e+02   1.8377e+01   1.8290e-01   3.4469e-01   2.9026e+02
20260818_23:00:00   9.0241e-01   1.6675e+02   1.7715e+01   4.7236e-03   5.3978e-02   2.8923e+02
20260819_00:00:00   1.2803e+00   2.0068e+02   1.9333e+01   1.1338e-01   2.3135e-01   2.8933e+02
20260819_03:00:00   1.2679e+00   1.9928e+02   1.9453e+01   9.5672e-02   7.5945e-01   2.8976e+02
20260819_06:00:00   8.3195e-01   1.5740e+02   1.6374e+01   5.1347e-03   1.6228e-01   2.9386e+02
20260819_09:00:00   8.7991e-01   1.6243e+02   1.6503e+01   1.6103e-02   1.1008e-01   3.0274e+02
20260819_12:00:00   1.0861e+00   1.8308e+02   1.6333e+01   1.0024e-01   6.6221e-02   3.0551e+02
20260819_15:00:00   2.5924e+00   2.5378e+02   1.6782e+01   7.1458e-01   1.6733e-01   3.0826e+02
20260819_18:00:00   6.9645e-01   1.4047e+02   1.3158e+01   0.0000e+00   2.2884e-05   3.1338e+02
20260819_21:00:00   7.2345e-01   1.4315e+02   1.3044e+01   2.2352e-02   1.7442e-01   3.2394e+02
20260820_00:00:00   4.0445e-01   9.4208e+01   8.5188e+00   1.4430e-04   3.7191e-03   3.3294e+02
20260820_03:00:00   4.8909e-01   1.0948e+02   9.7858e+00   0.0000e+00   0.0000e+00   3.2105e+02
20260820_06:00:00   3.9573e-01   9.3844e+01   7.7893e+00   0.0000e+00   0.0000e+00   3.1428e+02
20260820_09:00:00   3.4830e-01   8.4880e+01   7.0486e+00   0.0000e+00   0.0000e+00   3.1098e+02
20260820_12:00:00   4.0767e-01   9.5591e+01   8.2437e+00   0.0000e+00   0.0000e+00   3.1132e+02
20260820_15:00:00   4.1300e-01   9.6818e+01   8.2288e+00   0.0000e+00   0.0000e+00   3.1418e+02
20260820_18:00:00   4.5972e-01   1.0510e+02   9.2304e+00   2.5120e-05   1.2686e-04   3.1810e+02
20260820_21:00:00   4.8059e-01   1.0856e+02   1.0151e+01   3.3740e-05   5.9253e-04   3.1442e+02
20260821_00:00:00   3.3803e-01   8.2842e+01   7.3919e+00   0.0000e+00   1.5378e-04   3.1826e+02
20260821_03:00:00   3.7944e-01   9.0678e+01   8.1961e+00   0.0000e+00   0.0000e+00   3.2104e+02
20260821_06:00:00   4.0135e-01   9.4970e+01   8.5268e+00   0.0000e+00   0.0000e+00   3.1287e+02
20260821_09:00:00   3.9694e-01   9.4186e+01   8.4294e+00   0.0000e+00   0.0000e+00   3.1351e+02
20260821_12:00:00   3.8956e-01   9.2738e+01   8.2683e+00   0.0000e+00   0.0000e+00   3.1251e+02
20260821_15:00:00   3.7483e-01   9.0081e+01   7.9123e+00   0.0000e+00   0.0000e+00   3.0991e+02
20260821_18:00:00   3.7589e-01   9.0669e+01   7.9399e+00   0.0000e+00   0.0000e+00   3.0808e+02
20260821_21:00:00   3.8959e-01   9.3401e+01   8.4533e+00   0.0000e+00   0.0000e+00   3.0360e+02
20260822_00:00:00   4.5232e-01   1.0495e+02   9.6571e+00   0.0000e+00   2.8700e-06   3.0157e+02
20260822_03:00:00   3.8232e-01   9.2923e+01   8.0189e+00   0.0000e+00   0.0000e+00   3.0027e+02
20260822_06:00:00   2.8428e-01   7.3446e+01   6.1108e+00   0.0000e+00   1.4046e-04   2.9618e+02
20260822_09:00:00   2.4578e-01   6.5169e+01   5.3248e+00   0.0000e+00   0.0000e+00   2.9381e+02
20260822_12:00:00   2.3669e-01   6.3102e+01   5.1521e+00   0.0000e+00   0.0000e+00   2.9050e+02
20260822_15:00:00   2.2360e-01   6.0277e+01   4.8906e+00   0.0000e+00   0.0000e+00   2.9014e+02
20260822_18:00:00   2.8515e-01   7.3610e+01   6.2762e+00   0.0000e+00   0.0000e+00   2.8877e+02
20260822_21:00:00   3.4904e-01   8.6185e+01   7.8839e+00   0.0000e+00   0.0000e+00   2.9171e+02
20260823_00:00:00   4.1371e-01   9.7986e+01   9.3483e+00   0.0000e+00   8.9820e-05   2.9027e+02
20260823_03:00:00   3.7954e-01   9.2371e+01   8.3960e+00   0.0000e+00   0.0000e+00   2.8973e+02
20260823_06:00:00   3.1288e-01   7.9316e+01   7.0014e+00   0.0000e+00   0.0000e+00   2.8920e+02
20260823_09:00:00   3.8351e-01   9.2965e+01   8.4195e+00   0.0000e+00   0.0000e+00   2.8739e+02
20260823_12:00:00   4.0851e-01   9.7676e+01   8.8627e+00   0.0000e+00   0.0000e+00   2.8572e+02
20260823_15:00:00   3.8449e-01   9.3338e+01   8.3791e+00   0.0000e+00   1.4350e-05   2.8906e+02
20260823_18:00:00   5.1330e-01   1.1541e+02   1.1070e+01   1.0834e-03   1.0480e-03   2.8945e+02
20260823_21:00:00   6.2902e-01   1.3268e+02   1.2978e+01   1.6204e-02   1.7569e-01   2.9336e+02
20260824_00:00:00   7.0468e-01   1.4368e+02   1.4887e+01   3.6940e-04   1.3978e-01   2.8986e+02
20260824_03:00:00   7.0040e-01   1.4329e+02   1.4671e+01   0.0000e+00   8.0027e-04   2.8845e+02
20260824_06:00:00   6.7932e-01   1.4052e+02   1.4056e+01   0.0000e+00   5.2090e-04   2.8912e+02
20260824_09:00:00   6.4297e-01   1.3559e+02   1.3471e+01   0.0000e+00   1.0061e-03   2.9084e+02
20260824_12:00:00   6.2800e-01   1.3316e+02   1.3301e+01   0.0000e+00   1.9074e-05   2.9017e+02
20260824_15:00:00   5.8921e-01   1.2743e+02   1.2596e+01   0.0000e+00   7.9120e-06   2.8629e+02
20260824_18:00:00   6.7289e-01   1.3978e+02   1.4148e+01   4.4580e-03   1.3428e-03   2.8565e+02
20260824_21:00:00   7.5843e-01   1.5127e+02   1.5523e+01   1.2535e-02   1.0684e-01   2.8805e+02
20260825_00:00:00   1.0559e+00   1.8284e+02   2.0377e+01   3.0440e-03   7.2046e-01   2.8814e+02
20260825_03:00:00   8.3681e-01   1.5996e+02   1.7225e+01   0.0000e+00   2.3522e-01   2.8551e+02
20260825_06:00:00   7.7481e-01   1.5305e+02   1.5997e+01   0.0000e+00   5.1114e-02   2.8482e+02
20260825_09:00:00   6.5372e-01   1.3747e+02   1.3576e+01   0.0000e+00   3.3290e-03   2.8492e+02
20260825_12:00:00   6.8601e-01   1.4167e+02   1.4293e+01   0.0000e+00   9.6563e-03   2.8491e+02
20260825_15:00:00   7.4653e-01   1.4921e+02   1.5527e+01   0.0000e+00   4.4793e-03   2.8540e+02
20260825_18:00:00   8.4207e-01   1.6149e+02   1.6939e+01   3.3000e-04   2.7521e-02   2.8457e+02
20260825_21:00:00   9.0641e-01   1.6858e+02   1.7992e+01   8.9115e-03   5.1463e-02   2.8375e+02
20260826_00:00:00   1.7480e+00   2.2815e+02   1.7861e+01   3.9485e-01   5.3456e-01   2.8277e+02
20260826_03:00:00   9.8939e-01   1.7629e+02   1.9298e+01   1.0078e-02   2.1464e-01   2.8233e+02
20260826_06:00:00   8.5034e-01   1.6168e+02   1.7304e+01   0.0000e+00   2.9254e-03   2.8402e+02
20260826_09:00:00   8.2783e-01   1.5916e+02   1.6823e+01   0.0000e+00   8.5671e-03   2.8329e+02
20260826_12:00:00   8.0378e-01   1.5592e+02   1.6548e+01   0.0000e+00   1.6767e-02   2.8156e+02
20260826_15:00:00   8.5451e-01   1.6210e+02   1.6974e+01   0.0000e+00   2.2961e-04   2.8286e+02
20260826_18:00:00   1.4027e+00   2.1081e+02   1.8837e+01   1.8731e-01   4.8349e-02   2.8029e+02
20260826_21:00:00   2.1474e+00   2.4520e+02   2.1612e+01   4.3105e-01   4.1138e-01   2.7988e+02
20260827_00:00:00   1.0701e+00   1.8511e+02   1.9618e+01   2.3275e-02   2.9672e-02   2.7739e+02
20260827_03:00:00   9.2319e-01   1.7058e+02   1.7799e+01   5.6060e-05   1.5854e-04   2.7741e+02
20260827_06:00:00   8.0422e-01   1.5707e+02   1.5931e+01   0.0000e+00   5.9222e-04   2.7702e+02
20260827_09:00:00   7.4961e-01   1.4986e+02   1.5395e+01   0.0000e+00   1.7574e-04   2.7541e+02
20260827_12:00:00   8.4721e-01   1.6153e+02   1.7090e+01   0.0000e+00   4.5280e-06   2.7636e+02
20260827_15:00:00   7.8195e-01   1.5426e+02   1.5609e+01   0.0000e+00   0.0000e+00   2.7706e+02
20260827_18:00:00   1.1497e+00   1.9225e+02   1.7312e+01   1.1480e-01   3.9351e-02   2.7877e+02
20260827_21:00:00   1.6861e+00   2.2740e+02   2.0095e+01   2.7245e-01   4.7857e-01   2.7790e+02
20260828_00:00:00   9.2650e-01   1.7121e+02   1.8252e+01   0.0000e+00   1.1335e-03   2.7677e+02
20260828_03:00:00   8.2797e-01   1.6027e+02   1.6570e+01   0.0000e+00   6.1210e-04   2.7562e+02
20260828_06:00:00   9.0714e-01   1.6880e+02   1.7470e+01   7.3800e-03   6.4162e-03   2.7655e+02
20260828_09:00:00   8.1115e-01   1.5764e+02   1.6429e+01   0.0000e+00   3.8288e-02   2.7539e+02
20260828_12:00:00   8.5016e-01   1.6164e+02   1.7311e+01   0.0000e+00   9.6352e-02   2.7559e+02
20260828_15:00:00   8.7261e-01   1.6409e+02   1.7723e+01   0.0000e+00   7.0885e-03   2.7758e+02
20260828_18:00:00   1.1366e+00   1.9058e+02   1.9617e+01   6.1581e-02   5.0307e-02   2.7959e+02
20260828_21:00:00   2.7522e+00   2.5983e+02   2.1790e+01   6.9673e-01   6.6962e-01   2.7987e+02
20260829_00:00:00   1.8882e+00   2.3565e+02   2.2004e+01   3.0347e-01   4.5557e-01   2.7883e+02
20260829_03:00:00   9.2351e-01   1.7060e+02   1.8038e+01   0.0000e+00   3.1846e-02   2.8141e+02
20260829_06:00:00   7.4398e-01   1.4938e+02   1.5109e+01   0.0000e+00   3.7731e-03   2.8209e+02
20260829_09:00:00   7.5807e-01   1.5073e+02   1.5427e+01   0.0000e+00   7.2454e-04   2.8284e+02
20260829_12:00:00   6.6732e-01   1.3886e+02   1.3396e+01   0.0000e+00   1.0050e-03   2.8065e+02
20260829_15:00:00   8.0924e-01   1.5678e+02   1.6205e+01   0.0000e+00   1.9136e-04   2.8262e+02
20260829_18:00:00   9.5348e-01   1.7365e+02   1.7658e+01   1.8394e-02   1.8486e-03   2.8344e+02
20260829_21:00:00   1.4415e+00   2.1210e+02   1.7824e+01   2.3129e-01   7.5869e-01   2.8307e+02
20260830_00:00:00   9.8752e-01   1.7653e+02   1.9002e+01   5.4028e-03   2.9034e-01   2.8147e+02
