#            date       tau255        Tb[K]      pwv[mm] lwp[kg*m^-2] iwp[kg*m^-2]       o3[DU]
20260826_18:00:00   7.3780e-01   1.4618e+02   1.3424e+01   2.9785e-02   7.1016e-02   2.9052e+02
20260826_19:00:00   7.3245e-01   1.4554e+02   1.4006e+01   1.6130e-02   1.1382e-01   2.8889e+02
20260826_20:00:00   7.6389e-01   1.4966e+02   1.4477e+01   1.8254e-02   1.5714e-01   2.8895e+02
20260826_21:00:00   7.8099e-01   1.5199e+02   1.5088e+01   9.0274e-03   1.4441e-01   2.8793e+02
20260826_22:00:00   7.8451e-01   1.5267e+02   1.5275e+01   4.6056e-03   7.6376e-02   2.8834e+02
20260826_23:00:00   6.9848e-01   1.4165e+02   1.4189e+01   5.0380e-04   2.5379e-02   2.8946e+02
20260827_00:00:00   6.8747e-01   1.4025e+02   1.3983e+01   1.5066e-04   2.6637e-02   2.8709e+02
20260827_01:00:00   6.8389e-01   1.4004e+02   1.3811e+01   0.0000e+00   1.6125e-03   2.8737e+02
20260827_02:00:00   6.8329e-01   1.4015e+02   1.3682e+01   0.0000e+00   2.2776e-03   2.8511e+02
20260827_03:00:00   7.3135e-01   1.4623e+02   1.4446e+01   7.3980e-04   4.4706e-03   2.8475e+02
20260827_04:00:00   7.3779e-01   1.4683e+02   1.4648e+01   3.5880e-04   1.5677e-02   2.8327e+02
20260827_05:00:00   7.1836e-01   1.4444e+02   1.4209e+01   0.0000e+00   1.1368e-02   2.8199e+02
20260827_06:00:00   6.6833e-01   1.3786e+02   1.3372e+01   0.0000e+00   1.0696e-02   2.8393e+02
20260827_07:00:00   6.6589e-01   1.3745e+02   1.3315e+01   0.0000e+00   1.0542e-03   2.8400e+02
20260827_08:00:00   6.5279e-01   1.3557e+02   1.3095e+01   0.0000e+00   5.8400e-05   2.8534e+02
20260827_09:00:00   6.5350e-01   1.3561e+02   1.3044e+01   0.0000e+00   5.6600e-06   2.8499e+02
20260827_10:00:00   5.9320e-01   1.2713e+02   1.1897e+01   0.0000e+00   1.1020e-04   2.8503e+02
20260827_11:00:00   5.7791e-01   1.2481e+02   1.1622e+01   0.0000e+00   1.1318e-05   2.8552e+02
20260827_12:00:00   5.9551e-01   1.2731e+02   1.1927e+01   0.0000e+00   0.0000e+00   2.8588e+02
20260827_13:00:00   5.9644e-01   1.2742e+02   1.1921e+01   0.0000e+00   0.0000e+00   2.8598e+02
20260827_14:00:00   5.9169e-01   1.2674e+02   1.1818e+01   0.0000e+00   0.0000e+00   2.8658e+02
20260827_15:00:00   5.7456e-01   1.2417e+02   1.1536e+01   0.0000e+00   0.0000e+00   2.8636e+02
20260827_16:00:00   5.5759e-01   1.2170e+02   1.1236e+01   0.0000e+00   0.0000e+00   2.8660e+02
20260827_17:00:00   5.6655e-01   1.2308e+02   1.1467e+01   0.0000e+00   0.0000e+00   2.8807e+02
20260827_18:00:00   6.0021e-01   1.2804e+02   1.2050e+01   3.2760e-03   2.0562e-03   2.8884e+02
20260827_19:00:00   6.7686e-01   1.3858e+02   1.2878e+01   2.0317e-02   7.6650e-02   2.8795e+02
20260827_20:00:00   6.9949e-01   1.4168e+02   1.3555e+01   1.5115e-02   1.2479e-01   2.8763e+02
20260827_21:00:00   6.2290e-01   1.3162e+02   1.2824e+01   7.2636e-04   5.2640e-02   2.8752e+02
20260827_22:00:00   7.9568e-01   1.5405e+02   1.4405e+01   3.7560e-02   1.6533e-01   2.8715e+02
20260827_23:00:00   7.7348e-01   1.5173e+02   1.5072e+01   9.1703e-03   8.5161e-02   2.8452e+02
20260828_00:00:00   7.4030e-01   1.4767e+02   1.4897e+01   4.6480e-04   8.5393e-02   2.8369e+02
20260828_01:00:00   6.8760e-01   1.4094e+02   1.3930e+01   0.0000e+00   1.1333e-02   2.8334e+02
20260828_02:00:00   6.9804e-01   1.4211e+02   1.4240e+01   0.0000e+00   3.3004e-03   2.8436e+02
20260828_03:00:00   6.4341e-01   1.3459e+02   1.3250e+01   0.0000e+00   3.5852e-03   2.8435e+02
20260828_04:00:00   5.3081e-01   1.1790e+02   1.1119e+01   0.0000e+00   2.1077e-03   2.8428e+02
20260828_05:00:00   5.4837e-01   1.2052e+02   1.1502e+01   0.0000e+00   1.4486e-02   2.8459e+02
20260828_06:00:00   5.9167e-01   1.2691e+02   1.2396e+01   0.0000e+00   1.5412e-03   2.8579e+02
20260828_07:00:00   6.4785e-01   1.3481e+02   1.3449e+01   0.0000e+00   8.1960e-04   2.8543e+02
20260828_08:00:00   6.7082e-01   1.3793e+02   1.3848e+01   0.0000e+00   8.7667e-05   2.8485e+02
20260828_09:00:00   7.0502e-01   1.4257e+02   1.4448e+01   0.0000e+00   3.9866e-04   2.8577e+02
20260828_10:00:00   7.3016e-01   1.4584e+02   1.4934e+01   0.0000e+00   1.8134e-03   2.8670e+02
20260828_11:00:00   7.3256e-01   1.4631e+02   1.4873e+01   0.0000e+00   2.1589e-03   2.8672e+02
20260828_12:00:00   7.5496e-01   1.4901e+02   1.5326e+01   0.0000e+00   3.8483e-04   2.8650e+02
20260828_13:00:00   7.9064e-01   1.5335e+02   1.5955e+01   0.0000e+00   1.6407e-03   2.8501e+02
20260828_14:00:00   7.8243e-01   1.5233e+02   1.5855e+01   0.0000e+00   1.9336e-03   2.8315e+02
20260828_15:00:00   7.6044e-01   1.4979e+02   1.5363e+01   0.0000e+00   4.3342e-04   2.8237e+02
20260828_16:00:00   7.6783e-01   1.5086e+02   1.5501e+01   0.0000e+00   2.4879e-03   2.8253e+02
20260828_17:00:00   7.7516e-01   1.5188e+02   1.5672e+01   4.4080e-04   3.7985e-03   2.8066e+02
20260828_18:00:00   7.5901e-01   1.4967e+02   1.5476e+01   3.4160e-03   9.5088e-03   2.7983e+02
20260828_19:00:00   9.4392e-01   1.7021e+02   1.5754e+01   8.2478e-02   4.2181e-02   2.8129e+02
20260828_20:00:00   7.7524e-01   1.5168e+02   1.5897e+01   3.7502e-03   3.5671e-02   2.8140e+02
20260828_21:00:00   7.5506e-01   1.4899e+02   1.5566e+01   6.5273e-03   7.7708e-02   2.8248e+02
20260828_22:00:00   8.1792e-01   1.5680e+02   1.6046e+01   2.1659e-02   1.0273e-01   2.8238e+02
20260828_23:00:00   8.1300e-01   1.5653e+02   1.6700e+01   1.1792e-03   9.3654e-02   2.8238e+02
20260829_00:00:00   8.1899e-01   1.5716e+02   1.6752e+01   2.1764e-03   1.2591e-01   2.8258e+02
20260829_01:00:00   7.7882e-01   1.5227e+02   1.6164e+01   0.0000e+00   6.7399e-02   2.8328e+02
20260829_02:00:00   8.1242e-01   1.5664e+02   1.6549e+01   0.0000e+00   1.0133e-02   2.8252e+02
20260829_03:00:00   7.3260e-01   1.4701e+02   1.5026e+01   0.0000e+00   3.5897e-03   2.8171e+02
20260829_04:00:00   7.2132e-01   1.4545e+02   1.4789e+01   0.0000e+00   1.1161e-03   2.8092e+02
20260829_05:00:00   7.9325e-01   1.5427e+02   1.6121e+01   0.0000e+00   1.3412e-03   2.8111e+02
20260829_06:00:00   8.0428e-01   1.5537e+02   1.6388e+01   5.7400e-05   3.8329e-02   2.8102e+02
20260829_07:00:00   7.6217e-01   1.5028e+02   1.5620e+01   0.0000e+00   2.6958e-02   2.8261e+02
20260829_08:00:00   7.7456e-01   1.5186e+02   1.5856e+01   0.0000e+00   8.8533e-03   2.8244e+02
20260829_09:00:00   7.8481e-01   1.5318e+02   1.5988e+01   0.0000e+00   9.0728e-03   2.8386e+02
20260829_10:00:00   7.5226e-01   1.4923e+02   1.5359e+01   0.0000e+00   5.5875e-02   2.8563e+02
20260829_11:00:00   7.3514e-01   1.4726e+02   1.4892e+01   0.0000e+00   1.6003e-02   2.8509e+02
20260829_12:00:00   7.2623e-01   1.4632e+02   1.4442e+01   0.0000e+00   8.5499e-03   2.8393e+02
20260829_13:00:00   7.1180e-01   1.4443e+02   1.4220e+01   0.0000e+00   1.8138e-03   2.8367e+02
20260829_14:00:00   6.8563e-01   1.4092e+02   1.3642e+01   0.0000e+00   4.7990e-03   2.8652e+02
20260829_15:00:00   6.6241e-01   1.3763e+02   1.3196e+01   0.0000e+00   1.4360e-02   2.8798e+02
20260829_16:00:00   6.5978e-01   1.3720e+02   1.3176e+01   0.0000e+00   2.4663e-02   2.8814e+02
20260829_17:00:00   6.4870e-01   1.3550e+02   1.3122e+01   0.0000e+00   6.2647e-02   2.8784e+02
20260829_18:00:00   6.7014e-01   1.3830e+02   1.3632e+01   7.6480e-04   5.1519e-02   2.8637e+02
20260829_19:00:00   6.9795e-01   1.4180e+02   1.4313e+01   2.4640e-03   9.5758e-02   2.8426e+02
20260829_20:00:00   7.6731e-01   1.5079e+02   1.5372e+01   8.1304e-03   2.1570e-01   2.8437e+02
20260829_21:00:00   8.0076e-01   1.5537e+02   1.6157e+01   7.7875e-04   2.0851e-01   2.8525e+02
20260829_22:00:00   8.2492e-01   1.5799e+02   1.5836e+01   1.9426e-02   2.6858e-01   2.8537e+02
20260829_23:00:00   7.3626e-01   1.4745e+02   1.5068e+01   1.1900e-04   8.8927e-02   2.8490e+02
20260830_00:00:00   7.8692e-01   1.5374e+02   1.5124e+01   1.6538e-02   2.9209e-02   2.8585e+02
20260830_01:00:00   7.5457e-01   1.4892e+02   1.5356e+01   1.2504e-04   1.3474e-01   2.8680e+02
20260830_02:00:00   1.0371e+00   1.8015e+02   1.8611e+01   2.7906e-02   2.5893e-01   2.8871e+02
20260830_03:00:00   8.6825e-01   1.6265e+02   1.6945e+01   2.4082e-03   3.9873e-02   2.8842e+02
20260830_04:00:00   8.7622e-01   1.6303e+02   1.7013e+01   3.6660e-03   6.2483e-02   2.9013e+02
20260830_05:00:00   9.5138e-01   1.7147e+02   1.7547e+01   1.9184e-02   1.7072e-01   2.8766e+02
20260830_06:00:00   8.2664e-01   1.5766e+02   1.6166e+01   0.0000e+00   4.2861e-02   2.8588e+02
20260830_07:00:00   7.6865e-01   1.5089e+02   1.5033e+01   0.0000e+00   5.5489e-02   2.8576e+02
20260830_08:00:00   7.1041e-01   1.4383e+02   1.3836e+01   0.0000e+00   1.1798e-02   2.8531e+02
20260830_09:00:00   7.1828e-01   1.4461e+02   1.4002e+01   0.0000e+00   2.6451e-02   2.8549e+02
20260830_10:00:00   7.2169e-01   1.4502e+02   1.4025e+01   0.0000e+00   2.5851e-02   2.8555e+02
20260830_11:00:00   6.4715e-01   1.3511e+02   1.2620e+01   0.0000e+00   1.9024e-02   2.8637e+02
20260830_12:00:00   6.0274e-01   1.2870e+02   1.1803e+01   0.0000e+00   3.3345e-02   2.8639e+02
20260830_13:00:00   5.8053e-01   1.2524e+02   1.1493e+01   0.0000e+00   4.1974e-02   2.8883e+02
20260830_14:00:00   6.1111e-01   1.2952e+02   1.2230e+01   0.0000e+00   4.4226e-02   2.8848e+02
20260830_15:00:00   6.4041e-01   1.3355e+02   1.2848e+01   0.0000e+00   2.5823e-02   2.8437e+02
20260830_16:00:00   6.7218e-01   1.3823e+02   1.3233e+01   0.0000e+00   1.5820e-02   2.8378e+02
20260830_17:00:00   6.7404e-01   1.3846e+02   1.3386e+01   0.0000e+00   1.4250e-02   2.8477e+02
20260830_18:00:00   6.7378e-01   1.3818e+02   1.3527e+01   1.2230e-03   3.5580e-02   2.8494e+02
20260830_19:00:00   6.5979e-01   1.3636e+02   1.3337e+01   6.3480e-04   3.5681e-02   2.8267e+02
20260830_20:00:00   7.6986e-01   1.5117e+02   1.4089e+01   2.7578e-02   4.0758e-02   2.8280e+02
20260830_21:00:00   7.5612e-01   1.4971e+02   1.4401e+01   1.3456e-02   4.2027e-02   2.8355e+02
20260830_22:00:00   7.1067e-01   1.4388e+02   1.4120e+01   1.3462e-03   1.2211e-02   2.8544e+02
20260830_23:00:00   6.4872e-01   1.3532e+02   1.3111e+01   1.4887e-03   2.0906e-02   2.8599e+02
20260831_00:00:00   6.9938e-01   1.4206e+02   1.4113e+01   2.5880e-04   4.3039e-02   2.8622e+02
20260831_01:00:00   7.5437e-01   1.4921e+02   1.4698e+01   6.7547e-03   7.3985e-02   2.8531e+02
20260831_02:00:00   8.0767e-01   1.5554e+02   1.5996e+01   0.0000e+00   1.0658e-01   2.8558e+02
20260831_03:00:00   7.6442e-01   1.5021e+02   1.5249e+01   0.0000e+00   1.5365e-01   2.8523e+02
20260831_04:00:00   7.6293e-01   1.5009e+02   1.5100e+01   0.0000e+00   2.2538e-01   2.8409e+02
20260831_05:00:00   7.7474e-01   1.5150e+02   1.5264e+01   0.0000e+00   3.0321e-01   2.8344e+02
20260831_06:00:00   7.3479e-01   1.4558e+02   1.4797e+01   0.0000e+00   4.3022e-01   2.8113e+02
20260831_07:00:00   7.0812e-01   1.4204e+02   1.4458e+01   0.0000e+00   2.2535e-01   2.7908e+02
20260831_08:00:00   6.8988e-01   1.3963e+02   1.4156e+01   0.0000e+00   1.9780e-01   2.7907e+02
20260831_09:00:00   7.0711e-01   1.4190e+02   1.4419e+01   0.0000e+00   2.0044e-01   2.8121e+02
20260831_10:00:00   6.9620e-01   1.4028e+02   1.4347e+01   0.0000e+00   1.2103e-01   2.8120e+02
20260831_11:00:00   7.1363e-01   1.4256e+02   1.4728e+01   0.0000e+00   1.2361e-01   2.8116e+02
20260831_12:00:00   7.4489e-01   1.4663e+02   1.5129e+01   0.0000e+00   1.8700e-01   2.8205e+02
20260831_13:00:00   7.8605e-01   1.5182e+02   1.5712e+01   0.0000e+00   2.8723e-01   2.8319e+02
20260831_14:00:00   8.1545e-01   1.5538e+02   1.6135e+01   0.0000e+00   2.5572e-01   2.8414e+02
20260831_15:00:00   8.1136e-01   1.5506e+02   1.5919e+01   4.5560e-03   1.7634e-02   2.8497e+02
20260831_16:00:00   7.9030e-01   1.5257e+02   1.5684e+01   1.2776e-03   9.2058e-03   2.8513e+02
20260831_17:00:00   8.3688e-01   1.5815e+02   1.6527e+01   3.6260e-04   3.6738e-02   2.8528e+02
20260831_18:00:00   9.2707e-01   1.6820e+02   1.7006e+01   2.7523e-02   9.8004e-02   2.8593e+02
20260831_21:00:00   1.4948e+00   2.1451e+02   1.7895e+01   2.4240e-01   3.7728e-01   2.8461e+02
20260901_00:00:00   9.9813e-01   1.7590e+02   1.7241e+01   4.1253e-02   2.4969e-01   2.8380e+02
20260901_03:00:00   7.4545e-01   1.4779e+02   1.4239e+01   2.4860e-03   2.2007e-04   2.8679e+02
20260901_06:00:00   8.7390e-01   1.6235e+02   1.6649e+01   0.0000e+00   1.4073e-01   2.8837e+02
20260901_09:00:00   8.2994e-01   1.5663e+02   1.6099e+01   6.5110e-04   3.2798e-01   2.8593e+02
20260901_12:00:00   7.6714e-01   1.4949e+02   1.4516e+01   2.5060e-03   1.7549e-02   2.9309e+02
20260901_15:00:00   5.9706e-01   1.2654e+02   1.1498e+01   0.0000e+00   2.2356e-04   2.9266e+02
20260901_18:00:00   6.3143e-01   1.3200e+02   1.1348e+01   1.5608e-02   5.1225e-04   2.8699e+02
20260901_21:00:00   4.8717e-01   1.0969e+02   9.9408e+00   0.0000e+00   1.1634e-03   2.8320e+02
20260902_00:00:00   5.8523e-01   1.2512e+02   1.1924e+01   0.0000e+00   8.2180e-05   2.8034e+02
20260902_03:00:00   6.5101e-01   1.3493e+02   1.2831e+01   5.7160e-04   9.9600e-05   2.7495e+02
20260902_06:00:00   6.6188e-01   1.3663e+02   1.2828e+01   0.0000e+00   4.0034e-04   2.7472e+02
20260902_09:00:00   6.3773e-01   1.3297e+02   1.2537e+01   0.0000e+00   0.0000e+00   2.7285e+02
20260902_12:00:00   6.5423e-01   1.3567e+02   1.2495e+01   0.0000e+00   0.0000e+00   2.7459e+02
20260902_15:00:00   6.7648e-01   1.3862e+02   1.2969e+01   0.0000e+00   3.3260e-04   2.7516e+02
20260902_18:00:00   8.6476e-01   1.6246e+02   1.3943e+01   5.9061e-02   9.9088e-03   2.7409e+02
20260902_21:00:00   8.3596e-01   1.5904e+02   1.4677e+01   4.1145e-02   5.3954e-02   2.7671e+02
20260903_00:00:00   8.0071e-01   1.5500e+02   1.5206e+01   1.6442e-02   1.3026e-01   2.7552e+02
20260903_03:00:00   7.9546e-01   1.5450e+02   1.5665e+01   0.0000e+00   9.8416e-03   2.7431e+02
20260903_06:00:00   8.7704e-01   1.6368e+02   1.7176e+01   0.0000e+00   2.9993e-03   2.7545e+02
20260903_09:00:00   9.3092e-01   1.6922e+02   1.7994e+01   1.9840e-04   1.1555e-02   2.7242e+02
20260903_12:00:00   1.9296e+00   2.3612e+02   1.8345e+01   3.8969e-01   6.1711e-02   2.7378e+02
20260903_15:00:00   1.6825e+00   2.2412e+02   1.7453e+01   3.2267e-01   2.0207e-01   2.7707e+02
20260903_18:00:00   6.2678e-01   1.3051e+02   1.2748e+01   2.4440e-05   5.5103e-03   2.8290e+02
20260903_21:00:00   7.0298e-01   1.4246e+02   1.3568e+01   8.2480e-03   3.0914e-03   2.8406e+02
20260904_00:00:00   8.5340e-01   1.6125e+02   1.6858e+01   6.8580e-04   3.6692e-03   2.7885e+02
20260904_03:00:00   8.9559e-01   1.6588e+02   1.7671e+01   0.0000e+00   1.2880e-01   2.7462e+02
20260904_06:00:00   9.8604e-01   1.7523e+02   1.9167e+01   0.0000e+00   1.7467e-01   2.7214e+02
20260904_09:00:00   1.0002e+00   1.7677e+02   1.9191e+01   2.5824e-03   1.0868e-03   2.7327e+02
20260904_12:00:00   9.3591e-01   1.7042e+02   1.8064e+01   0.0000e+00   0.0000e+00   2.7571e+02
20260904_15:00:00   8.7704e-01   1.6405e+02   1.7316e+01   0.0000e+00   1.0118e-04   2.7207e+02
20260904_18:00:00   9.4510e-01   1.7234e+02   1.7165e+01   2.8380e-02   3.7880e-03   2.6639e+02
20260904_21:00:00   9.1851e-01   1.6958e+02   1.7174e+01   2.6053e-02   7.6296e-03   2.6815e+02
20260905_00:00:00   9.2917e-01   1.7073e+02   1.8036e+01   1.6725e-02   1.0801e-02   2.6886e+02
20260905_03:00:00   8.9851e-01   1.6793e+02   1.7587e+01   0.0000e+00   2.1379e-04   2.7056e+02
20260905_06:00:00   1.0201e+00   1.8023e+02   1.9341e+01   9.3960e-03   5.0464e-03   2.6907e+02
20260905_09:00:00   9.3802e-01   1.7181e+02   1.8555e+01   0.0000e+00   2.8022e-02   2.6820e+02
20260905_12:00:00   9.3594e-01   1.7137e+02   1.8545e+01   0.0000e+00   6.2111e-03   2.6736e+02
20260905_15:00:00   9.5813e-01   1.7361e+02   1.8787e+01   0.0000e+00   1.6540e-03   2.6836e+02
20260905_18:00:00   1.0240e+00   1.8080e+02   1.8683e+01   2.9440e-02   4.7214e-04   2.6755e+02
20260905_21:00:00   1.7396e+00   2.2991e+02   1.9807e+01   3.0631e-01   2.6182e-01   2.6714e+02
20260906_00:00:00   1.4596e+00   2.1448e+02   2.2041e+01   1.1752e-01   2.7958e-01   2.6639e+02
20260906_03:00:00   1.3207e+00   2.0423e+02   2.1795e+01   6.9948e-02   8.9045e-01   2.6887e+02
20260906_06:00:00   1.0677e+00   1.8404e+02   2.0435e+01   1.4798e-03   2.4600e-02   2.6692e+02
20260906_09:00:00   1.0051e+00   1.7817e+02   1.9462e+01   0.0000e+00   1.7451e-03   2.6684e+02
20260906_12:00:00   1.0141e+00   1.7898e+02   1.9393e+01   6.8510e-07   3.0654e-04   2.6653e+02
20260906_15:00:00   9.1414e-01   1.6893e+02   1.7483e+01   1.8360e-03   8.7219e-04   2.6618e+02
20260906_18:00:00   9.5243e-01   1.7341e+02   1.8112e+01   0.0000e+00   1.1479e-04   2.6481e+02
20260906_21:00:00   2.2154e+00   2.4852e+02   2.2452e+01   4.3702e-01   8.0126e-01   2.6496e+02
20260907_00:00:00   2.0212e+00   2.4183e+02   2.0952e+01   3.7274e-01   9.1816e-02   2.6386e+02
20260907_03:00:00   9.7969e-01   1.7574e+02   1.8686e+01   2.4880e-03   4.7197e-03   2.6418e+02
20260907_06:00:00   7.9465e-01   1.5527e+02   1.5790e+01   0.0000e+00   7.8687e-05   2.6430e+02
20260907_09:00:00   9.6125e-01   1.7355e+02   1.8424e+01   7.8700e-06   7.3193e-04   2.6380e+02
20260907_12:00:00   8.3938e-01   1.6007e+02   1.6355e+01   1.4460e-04   3.4551e-04   2.6241e+02
20260907_15:00:00   7.3085e-01   1.4681e+02   1.4504e+01   0.0000e+00   3.3400e-04   2.6471e+02
20260907_18:00:00   9.5177e-01   1.7296e+02   1.8111e+01   6.3560e-03   2.4996e-04   2.6283e+02
20260907_21:00:00   1.9919e+00   2.3927e+02   2.0546e+01   3.9809e-01   4.8492e-01   2.6413e+02
20260908_00:00:00   9.1535e-01   1.6957e+02   1.7576e+01   4.9321e-03   1.0467e-02   2.6410e+02
20260908_03:00:00   1.1263e+00   1.8984e+02   1.8864e+01   5.8104e-02   4.2723e-02   2.6627e+02
20260908_06:00:00   8.3031e-01   1.5961e+02   1.6318e+01   0.0000e+00   7.7460e-06   2.6591e+02
20260908_09:00:00   6.7532e-01   1.3973e+02   1.3549e+01   0.0000e+00   1.7332e-04   2.6630e+02
20260908_12:00:00   7.1818e-01   1.4543e+02   1.4224e+01   0.0000e+00   5.2440e-05   2.6695e+02
20260908_15:00:00   7.4192e-01   1.4839e+02   1.4787e+01   0.0000e+00   6.6780e-05   2.6448e+02
20260908_18:00:00   8.1720e-01   1.5800e+02   1.5576e+01   1.0910e-02   1.9180e-04   2.6419e+02
20260908_21:00:00   7.4091e-01   1.4891e+02   1.4532e+01   7.2587e-04   2.0976e-03   2.6590e+02
20260909_00:00:00   6.8737e-01   1.4194e+02   1.3613e+01   0.0000e+00   7.8162e-05   2.6664e+02
20260909_03:00:00   7.7485e-01   1.5269e+02   1.5192e+01   0.0000e+00   1.3268e-04   2.6903e+02
20260909_06:00:00   9.0567e-01   1.6700e+02   1.7772e+01   7.2100e-04   1.3732e-01   2.6936e+02
20260909_09:00:00   8.1156e-01   1.5692e+02   1.5636e+01   0.0000e+00   4.5038e-03   2.6991e+02
20260909_12:00:00   6.6276e-01   1.3741e+02   1.2979e+01   0.0000e+00   1.6909e-02   2.7102e+02
20260909_15:00:00   7.1760e-01   1.4436e+02   1.4347e+01   2.8700e-06   4.6123e-02   2.7178e+02
20260909_18:00:00   1.0549e+00   1.8199e+02   1.8371e+01   4.6038e-02   3.4371e-02   2.7475e+02
20260909_21:00:00   1.3254e+00   2.0452e+02   1.8977e+01   1.4315e-01   8.0057e-02   2.7518e+02
20260910_00:00:00   9.9132e-01   1.7528e+02   1.9117e+01   0.0000e+00   1.3964e-01   2.7477e+02
20260910_03:00:00   1.4595e+00   2.1306e+02   1.9506e+01   1.7308e-01   1.2338e-01   2.7521e+02
20260910_06:00:00   1.2024e+00   1.9410e+02   1.9729e+01   6.2032e-02   2.8635e-01   2.7615e+02
20260910_09:00:00   1.8380e+00   2.3265e+02   1.8564e+01   3.4668e-01   5.8501e-03   2.7668e+02
20260910_12:00:00   3.1120e+00   2.6430e+02   1.8996e+01   8.5353e-01   2.0217e-02   2.7644e+02
20260910_15:00:00   1.6386e+00   2.2270e+02   1.8520e+01   2.6674e-01   9.2385e-02   2.8079e+02
20260910_18:00:00   9.4818e-01   1.6995e+02   1.7890e+01   2.9559e-03   1.6706e-01   2.8047e+02
20260910_21:00:00   2.0691e+00   2.4183e+02   1.9046e+01   4.2882e-01   1.2897e-01   2.8264e+02
20260911_00:00:00   9.0485e-01   1.6484e+02   1.7310e+01   1.0299e-03   2.3482e-01   2.8635e+02
20260911_03:00:00   7.7237e-01   1.5005e+02   1.5185e+01   0.0000e+00   2.8137e-03   2.8645e+02
20260911_06:00:00   9.0206e-01   1.6470e+02   1.7161e+01   0.0000e+00   2.0080e-01   2.8481e+02
20260911_09:00:00   8.6218e-01   1.6054e+02   1.5554e+01   1.8504e-02   2.0558e-03   2.8679e+02
20260911_12:00:00   1.5563e+00   2.1760e+02   1.6283e+01   2.7588e-01   2.0914e-02   2.8659e+02
20260911_15:00:00   6.4445e-01   1.3300e+02   1.2426e+01   0.0000e+00   0.0000e+00   2.8642e+02
20260911_18:00:00   6.9997e-01   1.4123e+02   1.3392e+01   9.0540e-04   4.5280e-06   2.8892e+02
