#            date       tau255        Tb[K]      pwv[mm] lwp[kg*m^-2] iwp[kg*m^-2]       o3[DU]
20261006_06:00:00   3.1792e-01   7.7982e+01   6.8531e+00   0.0000e+00   7.2376e-02   2.7317e+02
20261006_07:00:00   3.0250e-01   7.5139e+01   6.5220e+00   0.0000e+00   4.6529e-03   2.7296e+02
20261006_08:00:00   3.1762e-01   7.8193e+01   6.7958e+00   0.0000e+00   8.3004e-03   2.7399e+02
20261006_09:00:00   3.3512e-01   8.1702e+01   7.0977e+00   0.0000e+00   2.6127e-03   2.7550e+02
20261006_10:00:00   3.5881e-01   8.6152e+01   7.5536e+00   0.0000e+00   1.1128e-03   2.7538e+02
20261006_11:00:00   3.8298e-01   9.0475e+01   8.0520e+00   0.0000e+00   2.6990e-03   2.7540e+02
20261006_12:00:00   3.9427e-01   9.2460e+01   8.2911e+00   0.0000e+00   2.8352e-03   2.7701e+02
20261006_13:00:00   4.0342e-01   9.3984e+01   8.4835e+00   0.0000e+00   2.5892e-02   2.7445e+02
20261006_14:00:00   4.3354e-01   9.9135e+01   9.0863e+00   0.0000e+00   1.7394e-02   2.7355e+02
20261006_15:00:00   4.2303e-01   9.7443e+01   8.8669e+00   0.0000e+00   1.3681e-02   2.7103e+02
20261006_16:00:00   4.2022e-01   9.6839e+01   8.8334e+00   0.0000e+00   5.7385e-02   2.7028e+02
20261006_17:00:00   4.1722e-01   9.6402e+01   8.7679e+00   0.0000e+00   2.3198e-02   2.7004e+02
20261006_18:00:00   4.2731e-01   9.8146e+01   8.9985e+00   0.0000e+00   5.7788e-03   2.7127e+02
20261006_19:00:00   4.4085e-01   1.0028e+02   9.3067e+00   0.0000e+00   4.5647e-02   2.7133e+02
20261006_20:00:00   4.4813e-01   1.0151e+02   9.4534e+00   0.0000e+00   3.4368e-02   2.7248e+02
20261006_21:00:00   4.5690e-01   1.0307e+02   9.6367e+00   0.0000e+00   1.1700e-02   2.7253e+02
20261006_22:00:00   4.6411e-01   1.0440e+02   9.7805e+00   0.0000e+00   4.2355e-03   2.7068e+02
20261006_23:00:00   4.6660e-01   1.0500e+02   9.7927e+00   0.0000e+00   2.0373e-03   2.6722e+02
20261007_00:00:00   4.5091e-01   1.0261e+02   9.4318e+00   0.0000e+00   4.1193e-04   2.6655e+02
20261007_01:00:00   4.2687e-01   9.8633e+01   8.9125e+00   0.0000e+00   8.1479e-05   2.6866e+02
20261007_02:00:00   4.2373e-01   9.8094e+01   8.8233e+00   0.0000e+00   0.0000e+00   2.7107e+02
20261007_03:00:00   4.2461e-01   9.8210e+01   8.8060e+00   0.0000e+00   0.0000e+00   2.7382e+02
20261007_04:00:00   4.3477e-01   9.9932e+01   8.9597e+00   0.0000e+00   0.0000e+00   2.7387e+02
20261007_05:00:00   4.5724e-01   1.0370e+02   9.3025e+00   3.0440e-04   6.7435e-04   2.7419e+02
20261007_06:00:00   4.7661e-01   1.0678e+02   9.6190e+00   0.0000e+00   1.7776e-02   2.7402e+02
20261007_07:00:00   4.7257e-01   1.0613e+02   9.5026e+00   0.0000e+00   1.6373e-02   2.7202e+02
20261007_08:00:00   4.4984e-01   1.0241e+02   9.0591e+00   0.0000e+00   2.8540e-03   2.7355e+02
20261007_09:00:00   4.1918e-01   9.7270e+01   8.4686e+00   0.0000e+00   0.0000e+00   2.7397e+02
20261007_10:00:00   3.8861e-01   9.1894e+01   7.8989e+00   0.0000e+00   0.0000e+00   2.7293e+02
20261007_11:00:00   3.5005e-01   8.4804e+01   7.1563e+00   0.0000e+00   0.0000e+00   2.6984e+02
20261007_12:00:00   3.3311e-01   8.1526e+01   6.8381e+00   0.0000e+00   0.0000e+00   2.7097e+02
20261007_13:00:00   3.2554e-01   8.0019e+01   6.6951e+00   0.0000e+00   0.0000e+00   2.7096e+02
20261007_14:00:00   3.2220e-01   7.9301e+01   6.6281e+00   0.0000e+00   0.0000e+00   2.6666e+02
20261007_15:00:00   3.1719e-01   7.8291e+01   6.5402e+00   0.0000e+00   0.0000e+00   2.6508e+02
20261007_16:00:00   3.1941e-01   7.8694e+01   6.5942e+00   0.0000e+00   0.0000e+00   2.6488e+02
20261007_17:00:00   3.3171e-01   8.1139e+01   6.8344e+00   0.0000e+00   0.0000e+00   2.6417e+02
20261007_18:00:00   3.5172e-01   8.4961e+01   7.2563e+00   0.0000e+00   0.0000e+00   2.6224e+02
20261007_19:00:00   3.7025e-01   8.8301e+01   7.6861e+00   0.0000e+00   1.0349e-04   2.6240e+02
20261007_20:00:00   3.6773e-01   8.7830e+01   7.6938e+00   4.0740e-05   1.1816e-03   2.6420e+02
20261007_21:00:00   3.7437e-01   8.8932e+01   7.8924e+00   0.0000e+00   2.5333e-03   2.6466e+02
20261007_22:00:00   3.9042e-01   9.1830e+01   8.2200e+00   0.0000e+00   1.7350e-03   2.6526e+02
20261007_23:00:00   4.1240e-01   9.5897e+01   8.5796e+00   0.0000e+00   1.3685e-02   2.6373e+02
20261008_00:00:00   4.1987e-01   9.7434e+01   8.6274e+00   0.0000e+00   2.5093e-03   2.6271e+02
20261008_01:00:00   4.3531e-01   1.0025e+02   8.8427e+00   0.0000e+00   1.4389e-03   2.6168e+02
20261008_02:00:00   4.8219e-01   1.0836e+02   9.4599e+00   0.0000e+00   0.0000e+00   2.6008e+02
20261008_03:00:00   4.8047e-01   1.0825e+02   9.3189e+00   0.0000e+00   0.0000e+00   2.5722e+02
20261008_04:00:00   4.5204e-01   1.0346e+02   8.8481e+00   0.0000e+00   0.0000e+00   2.5719e+02
20261008_05:00:00   4.1456e-01   9.6819e+01   8.2592e+00   0.0000e+00   0.0000e+00   2.5743e+02
20261008_06:00:00   3.7722e-01   8.9947e+01   7.6392e+00   0.0000e+00   0.0000e+00   2.5740e+02
20261008_07:00:00   3.5705e-01   8.6130e+01   7.2821e+00   0.0000e+00   0.0000e+00   2.5599e+02
20261008_08:00:00   3.4152e-01   8.3122e+01   7.0025e+00   0.0000e+00   0.0000e+00   2.5465e+02
20261008_09:00:00   3.2085e-01   7.9035e+01   6.6436e+00   0.0000e+00   1.5904e-04   2.5187e+02
20261008_10:00:00   2.9926e-01   7.4481e+01   6.3074e+00   0.0000e+00   2.8456e-04   2.4956e+02
20261008_11:00:00   2.9985e-01   7.4532e+01   6.3311e+00   0.0000e+00   7.0449e-04   2.4952e+02
20261008_12:00:00   3.0332e-01   7.5285e+01   6.3722e+00   0.0000e+00   6.5640e-05   2.4989e+02
20261008_13:00:00   3.0755e-01   7.6228e+01   6.3976e+00   0.0000e+00   0.0000e+00   2.5027e+02
20261008_14:00:00   3.1797e-01   7.8332e+01   6.5679e+00   0.0000e+00   0.0000e+00   2.5104e+02
20261008_15:00:00   3.2285e-01   7.9307e+01   6.6464e+00   0.0000e+00   0.0000e+00   2.5300e+02
20261008_16:00:00   3.3014e-01   8.0784e+01   6.7635e+00   0.0000e+00   0.0000e+00   2.5411e+02
20261008_17:00:00   3.4106e-01   8.2930e+01   6.9760e+00   0.0000e+00   0.0000e+00   2.5484e+02
20261008_18:00:00   3.5923e-01   8.6407e+01   7.3483e+00   0.0000e+00   0.0000e+00   2.5561e+02
20261008_19:00:00   3.9224e-01   9.2423e+01   8.0215e+00   0.0000e+00   0.0000e+00   2.5584e+02
20261008_20:00:00   4.2828e-01   9.8630e+01   8.7915e+00   4.5280e-05   9.9860e-04   2.5655e+02
20261008_21:00:00   4.4761e-01   1.0187e+02   9.2082e+00   5.0940e-05   1.7178e-02   2.5890e+02
20261008_22:00:00   4.7115e-01   1.0583e+02   9.3950e+00   6.0460e-03   4.7069e-02   2.6258e+02
20261008_23:00:00   4.6968e-01   1.0576e+02   9.5648e+00   4.0920e-04   3.9924e-02   2.6501e+02
20261009_00:00:00   4.8043e-01   1.0749e+02   9.7388e+00   0.0000e+00   2.8458e-02   2.6799e+02
20261009_01:00:00   4.6278e-01   1.0465e+02   9.3805e+00   0.0000e+00   2.5735e-03   2.6934e+02
20261009_02:00:00   4.5260e-01   1.0288e+02   9.2051e+00   0.0000e+00   2.5101e-03   2.7039e+02
20261009_03:00:00   4.6352e-01   1.0460e+02   9.3727e+00   0.0000e+00   6.4223e-04   2.7126e+02
20261009_04:00:00   4.7063e-01   1.0575e+02   9.4613e+00   0.0000e+00   1.8154e-05   2.7272e+02
20261009_05:00:00   4.5816e-01   1.0373e+02   9.2119e+00   0.0000e+00   0.0000e+00   2.7364e+02
20261009_06:00:00   4.6093e-01   1.0415e+02   9.2413e+00   0.0000e+00   4.8140e-05   2.7255e+02
20261009_07:00:00   4.6972e-01   1.0557e+02   9.3978e+00   0.0000e+00   7.8226e-04   2.7025e+02
20261009_08:00:00   4.7675e-01   1.0676e+02   9.5252e+00   0.0000e+00   2.2640e-05   2.6905e+02
20261009_09:00:00   4.8199e-01   1.0772e+02   9.6414e+00   0.0000e+00   0.0000e+00   2.6897e+02
20261009_10:00:00   4.6967e-01   1.0573e+02   9.4220e+00   0.0000e+00   0.0000e+00   2.6906e+02
20261009_11:00:00   4.5282e-01   1.0303e+02   9.0439e+00   0.0000e+00   0.0000e+00   2.6908e+02
20261009_12:00:00   4.4659e-01   1.0203e+02   8.8535e+00   0.0000e+00   0.0000e+00   2.6794e+02
20261009_13:00:00   4.2295e-01   9.7939e+01   8.4098e+00   0.0000e+00   0.0000e+00   2.6791e+02
20261009_14:00:00   3.8165e-01   9.0518e+01   7.6449e+00   0.0000e+00   0.0000e+00   2.6840e+02
20261009_15:00:00   3.5030e-01   8.4611e+01   7.0867e+00   0.0000e+00   0.0000e+00   2.7024e+02
20261009_16:00:00   3.5329e-01   8.5307e+01   7.0888e+00   0.0000e+00   0.0000e+00   2.7086e+02
20261009_17:00:00   3.5856e-01   8.6390e+01   7.1575e+00   0.0000e+00   0.0000e+00   2.7183e+02
20261009_18:00:00   4.0013e-01   9.4081e+01   7.9591e+00   0.0000e+00   0.0000e+00   2.7282e+02
20261009_19:00:00   4.1145e-01   9.6038e+01   8.2303e+00   0.0000e+00   0.0000e+00   2.7341e+02
20261009_20:00:00   4.3208e-01   9.9363e+01   8.7186e+00   0.0000e+00   8.2067e-04   2.7362e+02
20261009_21:00:00   4.3425e-01   9.9606e+01   8.8645e+00   5.3328e-06   5.5151e-03   2.7497e+02
20261009_22:00:00   4.2552e-01   9.8057e+01   8.7341e+00   0.0000e+00   2.4682e-03   2.7616e+02
20261009_23:00:00   4.8196e-01   1.0747e+02   9.6950e+00   1.3942e-03   5.5320e-02   2.7454e+02
20261010_00:00:00   5.1180e-01   1.1247e+02   1.0268e+01   0.0000e+00   1.0716e-02   2.7328e+02
20261010_01:00:00   4.3435e-01   9.9853e+01   8.7641e+00   0.0000e+00   3.3410e-05   2.7499e+02
20261010_02:00:00   4.3180e-01   9.9543e+01   8.6280e+00   0.0000e+00   0.0000e+00   2.7907e+02
20261010_03:00:00   4.2007e-01   9.7447e+01   8.3632e+00   0.0000e+00   1.4906e-05   2.8388e+02
20261010_04:00:00   4.4259e-01   1.0080e+02   8.9586e+00   0.0000e+00   2.6469e-03   2.8681e+02
20261010_05:00:00   4.1867e-01   9.6682e+01   8.4657e+00   0.0000e+00   2.3417e-04   2.8807e+02
20261010_06:00:00   4.4881e-01   1.0184e+02   8.9786e+00   0.0000e+00   1.2980e-03   2.8854e+02
20261010_07:00:00   4.6646e-01   1.0448e+02   9.4147e+00   0.0000e+00   1.5888e-03   2.8891e+02
20261010_08:00:00   4.4999e-01   1.0181e+02   9.0742e+00   0.0000e+00   5.7967e-04   2.9159e+02
20261010_09:00:00   4.2290e-01   9.7185e+01   8.5596e+00   0.0000e+00   6.5240e-05   2.9137e+02
20261010_10:00:00   4.1828e-01   9.6512e+01   8.4006e+00   0.0000e+00   0.0000e+00   2.8718e+02
20261010_11:00:00   4.4043e-01   1.0023e+02   8.8288e+00   0.0000e+00   2.8447e-04   2.8402e+02
20261010_12:00:00   4.7557e-01   1.0592e+02   9.5689e+00   0.0000e+00   1.0936e-03   2.8310e+02
20261010_13:00:00   4.6673e-01   1.0445e+02   9.3863e+00   0.0000e+00   6.5537e-04   2.8314e+02
20261010_14:00:00   4.8132e-01   1.0687e+02   9.6101e+00   0.0000e+00   1.0023e-04   2.8278e+02
20261010_15:00:00   4.6925e-01   1.0496e+02   9.3720e+00   0.0000e+00   1.7637e-05   2.8256e+02
20261010_16:00:00   4.8186e-01   1.0720e+02   9.5077e+00   0.0000e+00   2.8553e-05   2.8258e+02
20261010_17:00:00   5.1153e-01   1.1216e+02   9.9867e+00   3.3020e-04   1.7712e-04   2.8248e+02
20261010_18:00:00   5.1850e-01   1.1326e+02   1.0042e+01   2.9285e-03   1.4040e-03   2.8312e+02
20261010_19:00:00   6.1957e-01   1.2830e+02   1.0632e+01   3.2362e-02   4.3953e-02   2.8243e+02
20261010_20:00:00   5.3541e-01   1.1593e+02   1.0375e+01   1.9292e-03   2.0036e-02   2.8024e+02
20261010_21:00:00   5.6252e-01   1.2026e+02   1.0867e+01   1.5570e-03   4.5472e-02   2.7733e+02
20261010_22:00:00   5.5117e-01   1.1850e+02   1.0855e+01   0.0000e+00   9.8212e-03   2.7583e+02
20261010_23:00:00   5.2343e-01   1.1429e+02   1.0356e+01   0.0000e+00   2.0966e-04   2.7491e+02
20261011_00:00:00   5.5125e-01   1.1844e+02   1.0886e+01   0.0000e+00   1.0300e-02   2.7481e+02
20261011_01:00:00   5.9554e-01   1.2489e+02   1.1733e+01   0.0000e+00   1.1874e-03   2.7328e+02
20261011_02:00:00   6.6747e-01   1.3498e+02   1.2616e+01   6.0641e-03   1.0648e-02   2.7133e+02
20261011_03:00:00   9.0934e-01   1.6440e+02   1.3912e+01   6.5938e-02   1.8724e-01   2.7178e+02
20261011_04:00:00   6.5597e-01   1.3317e+02   1.2578e+01   0.0000e+00   5.3997e-02   2.7151e+02
20261011_05:00:00   6.9532e-01   1.3861e+02   1.2704e+01   9.0880e-03   9.6338e-03   2.7075e+02
20261011_06:00:00   6.3898e-01   1.3098e+02   1.2146e+01   2.7160e-04   7.1432e-03   2.7229e+02
20261011_09:00:00   5.1707e-01   1.1325e+02   1.0017e+01   0.0000e+00   2.0346e-03   2.6950e+02
20261011_12:00:00   5.8544e-01   1.2328e+02   1.1342e+01   0.0000e+00   9.1398e-03   2.6621e+02
20261011_15:00:00   7.7713e-01   1.4858e+02   1.3956e+01   1.8559e-02   6.0554e-02   2.6806e+02
20261011_18:00:00   8.2007e-01   1.5363e+02   1.4664e+01   1.6866e-02   2.3211e-01   2.6795e+02
20261011_21:00:00   1.3703e+00   2.0491e+02   1.4826e+01   2.3710e-01   5.3819e-02   2.6931e+02
20261012_00:00:00   8.5593e-01   1.5850e+02   1.4486e+01   3.5222e-02   2.0253e-02   2.6843e+02
20261012_03:00:00   7.1616e-01   1.4149e+02   1.3594e+01   0.0000e+00   1.3078e-03   2.6443e+02
20261012_06:00:00   7.3074e-01   1.4326e+02   1.4185e+01   0.0000e+00   7.0500e-02   2.6161e+02
20261012_09:00:00   6.0369e-01   1.2620e+02   1.2003e+01   0.0000e+00   2.6901e-02   2.5745e+02
20261012_12:00:00   7.2896e-01   1.4344e+02   1.4206e+01   0.0000e+00   4.9854e-02   2.5585e+02
20261012_15:00:00   8.0951e-01   1.5320e+02   1.5404e+01   0.0000e+00   7.2090e-02   2.5507e+02
20261012_18:00:00   7.2402e-01   1.4347e+02   1.3764e+01   2.3378e-03   1.0445e-04   2.5671e+02
20261012_21:00:00   7.2996e-01   1.4422e+02   1.4232e+01   2.5120e-03   2.7950e-02   2.5584e+02
20261013_00:00:00   8.0685e-01   1.5382e+02   1.4676e+01   8.8830e-03   1.1207e-02   2.5378e+02
20261013_03:00:00   6.9851e-01   1.4009e+02   1.3346e+01   0.0000e+00   3.7660e-03   2.5487e+02
20261013_06:00:00   5.8638e-01   1.2452e+02   1.1123e+01   0.0000e+00   4.3240e-06   2.4985e+02
20261013_09:00:00   4.8614e-01   1.0920e+02   8.9947e+00   0.0000e+00   0.0000e+00   2.4838e+02
20261013_12:00:00   4.4258e-01   1.0184e+02   8.0797e+00   0.0000e+00   0.0000e+00   2.4547e+02
20261013_15:00:00   4.4029e-01   1.0133e+02   8.0150e+00   0.0000e+00   0.0000e+00   2.4555e+02
20261013_18:00:00   4.4705e-01   1.0258e+02   8.3015e+00   0.0000e+00   0.0000e+00   2.4517e+02
20261013_21:00:00   4.6241e-01   1.0503e+02   8.9213e+00   0.0000e+00   4.7720e-05   2.4268e+02
20261014_00:00:00   5.0409e-01   1.1197e+02   9.6339e+00   0.0000e+00   5.2262e-05   2.4643e+02
20261014_03:00:00   4.4725e-01   1.0273e+02   8.4427e+00   0.0000e+00   0.0000e+00   2.4830e+02
20261014_06:00:00   4.3808e-01   1.0110e+02   8.1211e+00   0.0000e+00   0.0000e+00   2.4693e+02
20261014_09:00:00   4.1636e-01   9.7264e+01   7.5540e+00   0.0000e+00   0.0000e+00   2.4709e+02
20261014_12:00:00   3.6792e-01   8.8382e+01   6.6673e+00   0.0000e+00   0.0000e+00   2.4563e+02
20261014_15:00:00   3.0706e-01   7.6655e+01   5.6532e+00   0.0000e+00   0.0000e+00   2.4882e+02
20261014_18:00:00   3.2624e-01   8.0342e+01   6.2703e+00   0.0000e+00   5.2900e-05   2.4998e+02
20261014_21:00:00   3.0956e-01   7.7016e+01   6.2740e+00   0.0000e+00   1.5954e-03   2.4868e+02
20261015_00:00:00   3.4216e-01   8.3168e+01   7.0189e+00   0.0000e+00   0.0000e+00   2.4855e+02
20261015_03:00:00   5.2973e-01   1.1496e+02   1.0831e+01   0.0000e+00   2.9500e-07   2.4857e+02
20261015_06:00:00   5.5815e-01   1.1958e+02   1.1333e+01   0.0000e+00   7.4812e-04   2.5445e+02
20261015_09:00:00   6.3324e-01   1.2998e+02   1.2508e+01   0.0000e+00   8.3318e-03   2.5688e+02
20261015_12:00:00   5.9804e-01   1.2419e+02   1.1663e+01   0.0000e+00   2.0683e-01   2.6062e+02
20261015_15:00:00   6.3152e-01   1.2866e+02   1.2138e+01   0.0000e+00   3.8039e-01   2.6060e+02
20261015_18:00:00   6.8827e-01   1.3642e+02   1.0431e+01   5.6251e-02   2.3101e-01   2.6265e+02
20261015_21:00:00   1.5449e+00   2.1259e+02   7.0721e+00   4.8885e-01   1.9956e-01   2.6665e+02
20261016_00:00:00   3.4156e-01   8.0037e+01   5.3366e+00   1.6888e-02   1.2684e-01   2.6538e+02
20261016_03:00:00   2.8869e-01   6.9472e+01   4.8583e+00   5.3732e-03   2.5734e-02   2.7564e+02
20261016_06:00:00   2.1997e-01   5.5377e+01   3.6492e+00   1.5357e-04   5.6185e-02   2.9196e+02
20261016_09:00:00   1.6690e-01   4.3953e+01   2.7229e+00   0.0000e+00   6.2084e-03   3.0875e+02
20261016_12:00:00   8.4270e-02   2.5386e+01   1.2518e+00   0.0000e+00   0.0000e+00   3.0897e+02
20261016_15:00:00   6.7978e-02   2.1478e+01   1.0062e+00   0.0000e+00   0.0000e+00   2.9761e+02
20261016_18:00:00   7.8535e-02   2.4082e+01   1.3066e+00   0.0000e+00   0.0000e+00   2.9378e+02
20261016_21:00:00   9.8703e-02   2.9011e+01   1.7613e+00   0.0000e+00   0.0000e+00   2.9063e+02
20261017_00:00:00   9.4050e-02   2.8051e+01   1.6525e+00   0.0000e+00   0.0000e+00   2.8317e+02
20261017_03:00:00   8.4883e-02   2.5946e+01   1.5212e+00   0.0000e+00   0.0000e+00   2.7699e+02
20261017_06:00:00   8.8541e-02   2.6905e+01   1.6279e+00   0.0000e+00   0.0000e+00   2.6931e+02
20261017_09:00:00   1.0965e-01   3.1872e+01   2.1854e+00   0.0000e+00   0.0000e+00   2.6218e+02
20261017_12:00:00   1.0866e-01   3.1782e+01   2.1531e+00   0.0000e+00   0.0000e+00   2.6410e+02
20261017_15:00:00   1.0400e-01   3.0840e+01   2.0482e+00   0.0000e+00   0.0000e+00   2.6567e+02
20261017_18:00:00   1.2013e-01   3.4820e+01   2.4016e+00   0.0000e+00   0.0000e+00   2.6471e+02
20261017_21:00:00   1.2294e-01   3.5666e+01   2.4554e+00   0.0000e+00   0.0000e+00   2.6515e+02
20261018_00:00:00   1.1157e-01   3.2978e+01   2.2213e+00   0.0000e+00   0.0000e+00   2.6519e+02
20261018_03:00:00   9.6307e-02   2.9253e+01   1.8960e+00   0.0000e+00   0.0000e+00   2.6553e+02
20261018_06:00:00   9.4797e-02   2.8865e+01   1.8712e+00   0.0000e+00   0.0000e+00   2.6112e+02
20261018_09:00:00   1.0375e-01   3.1004e+01   2.0798e+00   0.0000e+00   0.0000e+00   2.6110e+02
20261018_12:00:00   1.0653e-01   3.1684e+01   2.1389e+00   0.0000e+00   0.0000e+00   2.6137e+02
20261018_15:00:00   9.6127e-02   2.9285e+01   1.8510e+00   0.0000e+00   0.0000e+00   2.6278e+02
20261018_18:00:00   1.0499e-01   3.1526e+01   2.0044e+00   0.0000e+00   0.0000e+00   2.6395e+02
20261018_21:00:00   1.4760e-01   4.1549e+01   2.9471e+00   0.0000e+00   0.0000e+00   2.6323e+02
20261019_00:00:00   1.5340e-01   4.2624e+01   3.1112e+00   0.0000e+00   0.0000e+00   2.6355e+02
20261019_03:00:00   1.4500e-01   4.0479e+01   2.9505e+00   0.0000e+00   0.0000e+00   2.6601e+02
20261019_06:00:00   1.3238e-01   3.7321e+01   2.7258e+00   0.0000e+00   1.5672e-03   2.7038e+02
20261019_09:00:00   1.4307e-01   3.9654e+01   2.9587e+00   0.0000e+00   3.5914e-03   2.7497e+02
20261019_12:00:00   1.5460e-01   4.2351e+01   3.1529e+00   0.0000e+00   7.9656e-04   2.7965e+02
20261019_15:00:00   1.5433e-01   4.2306e+01   3.1130e+00   0.0000e+00   7.3760e-07   2.8697e+02
20261019_18:00:00   1.9682e-01   5.1591e+01   3.9917e+00   0.0000e+00   2.4819e-04   2.8556e+02
20261019_21:00:00   2.1163e-01   5.4729e+01   4.3397e+00   0.0000e+00   2.2200e-05   2.8553e+02
20261020_00:00:00   2.2539e-01   5.7808e+01   4.5593e+00   0.0000e+00   0.0000e+00   2.8509e+02
20261020_03:00:00   1.8301e-01   4.8803e+01   3.6628e+00   0.0000e+00   0.0000e+00   2.7828e+02
20261020_06:00:00   1.5677e-01   4.2967e+01   3.1432e+00   0.0000e+00   0.0000e+00   2.7285e+02
20261020_09:00:00   1.9118e-01   5.0519e+01   3.8512e+00   0.0000e+00   3.6060e-05   2.7417e+02
20261020_12:00:00   2.1603e-01   5.5588e+01   4.3914e+00   0.0000e+00   3.2622e-03   2.8013e+02
20261020_15:00:00   2.0909e-01   5.4070e+01   4.2083e+00   0.0000e+00   7.4999e-03   2.8524e+02
20261020_18:00:00   2.3754e-01   5.9801e+01   4.8210e+00   0.0000e+00   1.8582e-02   2.8501e+02
20261020_21:00:00   3.2425e-01   7.6499e+01   6.5501e+00   0.0000e+00   3.5979e-02   2.8494e+02
20261021_00:00:00   3.8204e-01   8.7166e+01   7.4807e+00   0.0000e+00   7.9890e-02   2.8208e+02
20261021_03:00:00   2.9403e-01   7.1773e+01   5.5000e+00   0.0000e+00   6.9741e-04   2.8035e+02
20261021_06:00:00   2.5784e-01   6.4807e+01   4.8162e+00   0.0000e+00   0.0000e+00   2.7302e+02
20261021_09:00:00   1.7843e-01   4.8022e+01   3.4036e+00   0.0000e+00   0.0000e+00   2.7380e+02
20261021_12:00:00   1.5209e-01   4.1905e+01   3.0633e+00   0.0000e+00   0.0000e+00   2.7114e+02
20261021_15:00:00   1.6391e-01   4.4454e+01   3.4127e+00   0.0000e+00   0.0000e+00   2.7330e+02
20261021_18:00:00   2.0718e-01   5.3934e+01   4.3815e+00   0.0000e+00   1.1214e-04   2.7419e+02
20261021_21:00:00   2.3655e-01   6.0197e+01   5.0868e+00   0.0000e+00   7.9097e-04   2.6803e+02
20261022_00:00:00   2.0150e-01   5.3166e+01   4.2747e+00   0.0000e+00   1.0014e-03   2.6722e+02
20261022_03:00:00   1.6376e-01   4.4529e+01   3.5511e+00   0.0000e+00   2.8750e-03   2.6506e+02
20261022_06:00:00   1.6828e-01   4.5325e+01   3.7063e+00   0.0000e+00   3.8188e-04   2.5800e+02
