#            date       tau255        Tb[K]      pwv[mm] lwp[kg*m^-2] iwp[kg*m^-2]       o3[DU]
20260831_00:00:00   6.5229e-01   1.3488e+02   1.2680e+01   7.4363e-04   1.8246e-02   2.9766e+02
20260831_01:00:00   7.0159e-01   1.4091e+02   1.3770e+01   0.0000e+00   1.5760e-01   2.9835e+02
20260831_02:00:00   6.5618e-01   1.3474e+02   1.3052e+01   0.0000e+00   7.1101e-02   2.9817e+02
20260831_03:00:00   6.9379e-01   1.3990e+02   1.3235e+01   1.6662e-03   1.4804e-02   2.9774e+02
20260831_04:00:00   6.0055e-01   1.2647e+02   1.2022e+01   0.0000e+00   4.0064e-02   2.9843e+02
20260831_05:00:00   5.5568e-01   1.2011e+02   1.1131e+01   0.0000e+00   1.7697e-02   2.9827e+02
20260831_06:00:00   5.5576e-01   1.2037e+02   1.0915e+01   0.0000e+00   1.6162e-03   3.0012e+02
20260831_07:00:00   5.1808e-01   1.1462e+02   1.0154e+01   0.0000e+00   1.1102e-03   3.0067e+02
20260831_08:00:00   5.2652e-01   1.1581e+02   1.0523e+01   0.0000e+00   2.4936e-03   2.9768e+02
20260831_09:00:00   4.7704e-01   1.0807e+02   9.4220e+00   0.0000e+00   7.1180e-04   2.9923e+02
20260831_10:00:00   4.4337e-01   1.0240e+02   8.7687e+00   0.0000e+00   1.4939e-03   3.0008e+02
20260831_11:00:00   4.5748e-01   1.0482e+02   9.0196e+00   0.0000e+00   1.7547e-03   3.0014e+02
20260831_12:00:00   4.3506e-01   1.0095e+02   8.6127e+00   0.0000e+00   5.9435e-04   2.9949e+02
20260831_13:00:00   4.2537e-01   9.9228e+01   8.4450e+00   0.0000e+00   2.4401e-04   2.9913e+02
20260831_14:00:00   4.4298e-01   1.0218e+02   8.8547e+00   0.0000e+00   4.2995e-03   2.9863e+02
20260831_15:00:00   4.8871e-01   1.0969e+02   9.8318e+00   0.0000e+00   1.9069e-02   2.9753e+02
20260831_16:00:00   5.5421e-01   1.2011e+02   1.1050e+01   0.0000e+00   4.2105e-02   2.9762e+02
20260831_17:00:00   6.1771e-01   1.2966e+02   1.2227e+01   0.0000e+00   4.5078e-02   2.9612e+02
20260831_18:00:00   6.5165e-01   1.3464e+02   1.2867e+01   4.9540e-04   6.0080e-02   2.9517e+02
20260831_19:00:00   6.7526e-01   1.3797e+02   1.3429e+01   4.2780e-04   1.1290e-01   2.9432e+02
20260831_20:00:00   7.1292e-01   1.4294e+02   1.4101e+01   6.0803e-03   1.1279e-01   2.9385e+02
20260831_21:00:00   7.2493e-01   1.4434e+02   1.4537e+01   4.7520e-03   1.1148e-01   2.9269e+02
20260831_22:00:00   8.4963e-01   1.5922e+02   1.5606e+01   3.0985e-02   3.6604e-01   2.9212e+02
20260831_23:00:00   8.8791e-01   1.6328e+02   1.5851e+01   3.9478e-02   3.8991e-01   2.9223e+02
20260901_00:00:00   7.7766e-01   1.5056e+02   1.5555e+01   0.0000e+00   3.6347e-01   2.9305e+02
20260901_01:00:00   8.6739e-01   1.6122e+02   1.6825e+01   2.6960e-03   2.0733e-01   2.9366e+02
20260901_02:00:00   9.0496e-01   1.6506e+02   1.7333e+01   2.1564e-04   5.3860e-01   2.9256e+02
20260901_03:00:00   9.6570e-01   1.7135e+02   1.7895e+01   7.4450e-03   4.8893e-01   2.9252e+02
20260901_04:00:00   1.3490e+00   2.0419e+02   1.8346e+01   1.5482e-01   3.7005e-01   2.9244e+02
20260901_05:00:00   1.1404e+00   1.8815e+02   1.8245e+01   7.1813e-02   8.4527e-02   2.9337e+02
20260901_06:00:00   1.0838e+00   1.8322e+02   1.8190e+01   5.2495e-02   1.6393e-01   2.9324e+02
20260901_07:00:00   2.2194e+00   2.4591e+02   1.9107e+01   4.8892e-01   3.9315e-01   2.9254e+02
20260901_08:00:00   2.5079e+00   2.5298e+02   1.8484e+01   6.2699e-01   2.8000e-01   2.9248e+02
20260901_09:00:00   1.1216e+00   1.8710e+02   1.6606e+01   9.4813e-02   6.5543e-02   2.9301e+02
20260901_10:00:00   8.6911e-01   1.6171e+02   1.5223e+01   1.9317e-02   3.7169e-02   2.9500e+02
20260901_11:00:00   1.1862e+00   1.9299e+02   1.4503e+01   1.5736e-01   8.0617e-02   2.9819e+02
20260901_12:00:00   7.7971e-01   1.5081e+02   1.4040e+01   7.8187e-03   5.3372e-02   2.9926e+02
20260901_13:00:00   7.4557e-01   1.4643e+02   1.4105e+01   0.0000e+00   4.2263e-02   3.0045e+02
20260901_14:00:00   6.8710e-01   1.3881e+02   1.3222e+01   0.0000e+00   1.2822e-02   2.9839e+02
20260901_15:00:00   6.5299e-01   1.3441e+02   1.2400e+01   0.0000e+00   2.2251e-03   3.0049e+02
20260901_16:00:00   6.2940e-01   1.3155e+02   1.1511e+01   2.6980e-03   5.1027e-05   3.0137e+02
20260901_17:00:00   6.0701e-01   1.2872e+02   1.0829e+01   5.8840e-03   1.8110e-05   3.0105e+02
20260901_18:00:00   5.5767e-01   1.2138e+02   1.0369e+01   0.0000e+00   4.5280e-06   2.9987e+02
20260901_19:00:00   5.3676e-01   1.1810e+02   1.0220e+01   0.0000e+00   3.9240e-05   2.9767e+02
20260901_20:00:00   5.2638e-01   1.1644e+02   1.0259e+01   0.0000e+00   1.1179e-04   2.9615e+02
20260901_21:00:00   5.2557e-01   1.1612e+02   1.0463e+01   5.5320e-05   2.3360e-04   2.9409e+02
20260901_22:00:00   5.2862e-01   1.1643e+02   1.0661e+01   0.0000e+00   3.3995e-04   2.9303e+02
20260901_23:00:00   5.4712e-01   1.1939e+02   1.1006e+01   7.6480e-04   1.3986e-03   2.9170e+02
20260902_00:00:00   5.8959e-01   1.2609e+02   1.1617e+01   2.2507e-03   1.8859e-02   2.8775e+02
20260902_01:00:00   6.1219e-01   1.2973e+02   1.1967e+01   0.0000e+00   1.1862e-03   2.8456e+02
20260902_02:00:00   5.8016e-01   1.2511e+02   1.1403e+01   0.0000e+00   0.0000e+00   2.8389e+02
20260902_03:00:00   5.5125e-01   1.2067e+02   1.0878e+01   0.0000e+00   0.0000e+00   2.8300e+02
20260902_04:00:00   5.9337e-01   1.2677e+02   1.1719e+01   0.0000e+00   0.0000e+00   2.8218e+02
20260902_05:00:00   6.1436e-01   1.2970e+02   1.2067e+01   0.0000e+00   0.0000e+00   2.8301e+02
20260902_06:00:00   6.4171e-01   1.3351e+02   1.2469e+01   0.0000e+00   2.7600e-05   2.8316e+02
20260902_07:00:00   6.9887e-01   1.4146e+02   1.3366e+01   0.0000e+00   1.0110e-05   2.8172e+02
20260902_08:00:00   7.2091e-01   1.4437e+02   1.3669e+01   0.0000e+00   4.5280e-06   2.7961e+02
20260902_09:00:00   7.2464e-01   1.4486e+02   1.3796e+01   0.0000e+00   0.0000e+00   2.7936e+02
20260902_10:00:00   7.3873e-01   1.4665e+02   1.3993e+01   0.0000e+00   0.0000e+00   2.7861e+02
20260902_11:00:00   7.6261e-01   1.4967e+02   1.3868e+01   8.7252e-03   3.1179e-03   2.7729e+02
20260902_12:00:00   8.9161e-01   1.6485e+02   1.3266e+01   7.1870e-02   1.6136e-03   2.7735e+02
20260902_13:00:00   6.6324e-01   1.3681e+02   1.2262e+01   0.0000e+00   0.0000e+00   2.7871e+02
20260902_14:00:00   6.0627e-01   1.2861e+02   1.1438e+01   0.0000e+00   0.0000e+00   2.7817e+02
20260902_15:00:00   6.1372e-01   1.2961e+02   1.1556e+01   0.0000e+00   8.6100e-06   2.7575e+02
20260902_16:00:00   6.1924e-01   1.3053e+02   1.1507e+01   9.5760e-04   0.0000e+00   2.7577e+02
20260902_17:00:00   5.7893e-01   1.2452e+02   1.1163e+01   1.6228e-05   5.8240e-05   2.7742e+02
20260902_18:00:00   8.6872e-01   1.6222e+02   1.2780e+01   8.6557e-02   4.9608e-03   2.7670e+02
20260902_19:00:00   6.1668e-01   1.3020e+02   1.1510e+01   9.0670e-03   2.7064e-03   2.7751e+02
20260902_20:00:00   7.6907e-01   1.5053e+02   1.3138e+01   3.8274e-02   4.1433e-02   2.7785e+02
20260902_21:00:00   6.2788e-01   1.3196e+02   1.2363e+01   2.5620e-04   5.3110e-03   2.7728e+02
20260902_22:00:00   6.3110e-01   1.3207e+02   1.2565e+01   4.4395e-04   2.0233e-02   2.7701e+02
20260902_23:00:00   5.8795e-01   1.2566e+02   1.1824e+01   1.0796e-03   2.2403e-02   2.7970e+02
20260903_00:00:00   5.9701e-01   1.2704e+02   1.1906e+01   0.0000e+00   2.1619e-02   2.8379e+02
20260903_01:00:00   5.4901e-01   1.2015e+02   1.0990e+01   1.7642e-04   8.5771e-03   2.8759e+02
20260903_02:00:00   7.4689e-01   1.4668e+02   1.4590e+01   2.0440e-04   1.7884e-01   2.9161e+02
20260903_03:00:00   5.2486e-01   1.1623e+02   1.0424e+01   0.0000e+00   4.7268e-04   2.9582e+02
20260903_04:00:00   5.0479e-01   1.1292e+02   1.0048e+01   0.0000e+00   1.8110e-05   2.9859e+02
20260903_05:00:00   4.6551e-01   1.0648e+02   9.3096e+00   0.0000e+00   0.0000e+00   2.9714e+02
20260903_06:00:00   4.5616e-01   1.0477e+02   9.1685e+00   0.0000e+00   0.0000e+00   2.9612e+02
20260903_07:00:00   5.3974e-01   1.1832e+02   1.0757e+01   0.0000e+00   0.0000e+00   2.9650e+02
20260903_08:00:00   5.2047e-01   1.1528e+02   1.0283e+01   0.0000e+00   0.0000e+00   2.9660e+02
20260903_09:00:00   4.7334e-01   1.0750e+02   9.4131e+00   0.0000e+00   0.0000e+00   2.9951e+02
20260903_10:00:00   4.6655e-01   1.0635e+02   9.2114e+00   0.0000e+00   0.0000e+00   2.9738e+02
20260903_11:00:00   4.7001e-01   1.0684e+02   9.2452e+00   0.0000e+00   0.0000e+00   2.9698e+02
20260903_12:00:00   4.5028e-01   1.0335e+02   8.9311e+00   0.0000e+00   0.0000e+00   2.9699e+02
20260903_13:00:00   4.4004e-01   1.0155e+02   8.7669e+00   0.0000e+00   5.8180e-07   2.9646e+02
20260903_14:00:00   4.1877e-01   9.7899e+01   8.4267e+00   0.0000e+00   2.7800e-04   2.9831e+02
20260903_15:00:00   3.9027e-01   9.2800e+01   7.9104e+00   0.0000e+00   3.4327e-04   3.0028e+02
20260903_16:00:00   3.6755e-01   8.8614e+01   7.5344e+00   0.0000e+00   3.7240e-04   3.0000e+02
20260903_17:00:00   3.8482e-01   9.1845e+01   7.9642e+00   0.0000e+00   1.9482e-04   2.9908e+02
20260903_18:00:00   3.8243e-01   9.1521e+01   7.9820e+00   0.0000e+00   1.4350e-05   2.9992e+02
20260903_19:00:00   4.2899e-01   9.9889e+01   8.9313e+00   0.0000e+00   2.3740e-04   2.9888e+02
20260903_20:00:00   4.1230e-01   9.6976e+01   8.7121e+00   0.0000e+00   7.1740e-06   2.9930e+02
20260903_21:00:00   4.3892e-01   1.0164e+02   9.2874e+00   0.0000e+00   1.8110e-05   2.9781e+02
20260903_22:00:00   4.4917e-01   1.0339e+02   9.5160e+00   0.0000e+00   8.9120e-05   2.9743e+02
20260903_23:00:00   4.3916e-01   1.0162e+02   9.3658e+00   0.0000e+00   1.4164e-05   2.9749e+02
20260904_00:00:00   4.2707e-01   9.9553e+01   9.1253e+00   0.0000e+00   3.5400e-06   2.9785e+02
20260904_01:00:00   4.2370e-01   9.9154e+01   8.9777e+00   0.0000e+00   0.0000e+00   2.9852e+02
20260904_02:00:00   4.2749e-01   9.9878e+01   8.9963e+00   0.0000e+00   0.0000e+00   2.9757e+02
20260904_03:00:00   4.0623e-01   9.6148e+01   8.5247e+00   0.0000e+00   0.0000e+00   2.9600e+02
20260904_04:00:00   4.1856e-01   9.8190e+01   8.7670e+00   0.0000e+00   0.0000e+00   2.9459e+02
20260904_05:00:00   4.8247e-01   1.0893e+02   9.9818e+00   0.0000e+00   1.6758e-05   2.9416e+02
20260904_06:00:00   5.0511e-01   1.1264e+02   1.0334e+01   0.0000e+00   1.0472e-04   2.9564e+02
20260904_07:00:00   5.0282e-01   1.1238e+02   1.0226e+01   0.0000e+00   2.9500e-07   2.9680e+02
20260904_08:00:00   5.2089e-01   1.1543e+02   1.0515e+01   1.8968e-04   4.8018e-05   2.9561e+02
20260904_09:00:00   5.6317e-01   1.2206e+02   1.1244e+01   9.0305e-04   5.3240e-04   2.9502e+02
20260904_10:00:00   5.4922e-01   1.1993e+02   1.0989e+01   6.3440e-05   1.8478e-04   2.9357e+02
20260904_11:00:00   5.1256e-01   1.1411e+02   1.0324e+01   0.0000e+00   0.0000e+00   2.9478e+02
20260904_12:00:00   4.9505e-01   1.1131e+02   9.9814e+00   0.0000e+00   0.0000e+00   2.9714e+02
20260904_13:00:00   4.8052e-01   1.0897e+02   9.6495e+00   0.0000e+00   0.0000e+00   2.9754e+02
20260904_14:00:00   4.8275e-01   1.0948e+02   9.5990e+00   0.0000e+00   0.0000e+00   2.9596e+02
20260904_15:00:00   4.7460e-01   1.0807e+02   9.4704e+00   0.0000e+00   0.0000e+00   2.9407e+02
20260904_16:00:00   4.7289e-01   1.0777e+02   9.4694e+00   0.0000e+00   0.0000e+00   2.9456e+02
20260904_17:00:00   4.9802e-01   1.1208e+02   9.9373e+00   0.0000e+00   0.0000e+00   2.9537e+02
20260904_18:00:00   5.6527e-01   1.2277e+02   1.1201e+01   1.3800e-03   1.1219e-04   2.9582e+02
20260904_19:00:00   5.9948e-01   1.2796e+02   1.1957e+01   1.1318e-03   1.0590e-03   2.9488e+02
20260904_20:00:00   5.6991e-01   1.2356e+02   1.1519e+01   2.7540e-03   5.5977e-03   2.9337e+02
20260904_21:00:00   6.1349e-01   1.3020e+02   1.2452e+01   1.2606e-03   1.5587e-02   2.9328e+02
20260904_22:00:00   6.3551e-01   1.3326e+02   1.2782e+01   5.5501e-03   1.8822e-02   2.9383e+02
20260904_23:00:00   6.4419e-01   1.3490e+02   1.3051e+01   1.3377e-03   3.3151e-02   2.9531e+02
20260905_00:00:00   6.1272e-01   1.3065e+02   1.2455e+01   4.1900e-05   4.5738e-03   2.9127e+02
20260905_03:00:00   7.0261e-01   1.4291e+02   1.3815e+01   2.3120e-04   2.6299e-03   2.8289e+02
20260905_06:00:00   6.6222e-01   1.3760e+02   1.2907e+01   7.4480e-05   2.9397e-04   2.8211e+02
20260905_09:00:00   6.8115e-01   1.4022e+02   1.3342e+01   0.0000e+00   0.0000e+00   2.7707e+02
20260905_12:00:00   7.1357e-01   1.4438e+02   1.3931e+01   1.1264e-03   2.5564e-04   2.7420e+02
20260905_15:00:00   7.5693e-01   1.4957e+02   1.4901e+01   7.8200e-04   7.0569e-02   2.7033e+02
20260905_18:00:00   8.9618e-01   1.6591e+02   1.7316e+01   1.6244e-02   2.4445e-02   2.6799e+02
20260905_21:00:00   1.0858e+00   1.8535e+02   1.9273e+01   5.1795e-02   7.8172e-02   2.6657e+02
20260906_00:00:00   3.3033e+00   2.6663e+02   2.2799e+01   9.0092e-01   8.5113e-01   2.6946e+02
20260906_03:00:00   1.5544e+00   2.2009e+02   2.3299e+01   1.3534e-01   2.6000e-01   2.6636e+02
20260906_06:00:00   1.0286e+00   1.8113e+02   2.0601e+01   0.0000e+00   1.2604e-01   2.6419e+02
20260906_09:00:00   1.0937e+00   1.8700e+02   2.1400e+01   2.8700e-05   5.2523e-02   2.6589e+02
20260906_12:00:00   1.0035e+00   1.7853e+02   1.9557e+01   0.0000e+00   0.0000e+00   2.6486e+02
20260906_15:00:00   8.9600e-01   1.6773e+02   1.7539e+01   0.0000e+00   0.0000e+00   2.6614e+02
20260906_18:00:00   9.4188e-01   1.7355e+02   1.7011e+01   2.1567e-02   2.9691e-05   2.6574e+02
20260906_21:00:00   1.3329e+00   2.0773e+02   1.8454e+01   1.5052e-01   1.7010e-03   2.6561e+02
20260907_00:00:00   2.0403e+00   2.4431e+02   1.9108e+01   4.2777e-01   2.8673e-02   2.6374e+02
20260907_03:00:00   1.2710e+00   2.0379e+02   1.8037e+01   1.3019e-01   1.1510e-03   2.6078e+02
20260907_06:00:00   8.0312e-01   1.5857e+02   1.5369e+01   0.0000e+00   0.0000e+00   2.5730e+02
20260907_09:00:00   8.1191e-01   1.5954e+02   1.5404e+01   1.5784e-04   7.3980e-06   2.5746e+02
20260907_12:00:00   1.0179e+00   1.8153e+02   1.5890e+01   6.8640e-02   3.3680e-05   2.5490e+02
20260907_15:00:00   5.9017e-01   1.2875e+02   1.1786e+01   0.0000e+00   0.0000e+00   2.5545e+02
20260907_18:00:00   7.0794e-01   1.4596e+02   1.3923e+01   0.0000e+00   0.0000e+00   2.5653e+02
20260907_21:00:00   8.0413e-01   1.5817e+02   1.5930e+01   6.6720e-03   9.1413e-04   2.5990e+02
20260908_00:00:00   7.9697e-01   1.5767e+02   1.5909e+01   4.0750e-03   2.5820e-03   2.6331e+02
20260908_03:00:00   1.1039e+00   1.8962e+02   1.7977e+01   7.5914e-02   1.2825e-02   2.6279e+02
20260908_06:00:00   8.9995e-01   1.6947e+02   1.7242e+01   7.5800e-04   9.3100e-07   2.6452e+02
20260908_09:00:00   9.0284e-01   1.6963e+02   1.7315e+01   0.0000e+00   0.0000e+00   2.6678e+02
20260908_12:00:00   8.7135e-01   1.6586e+02   1.6820e+01   0.0000e+00   0.0000e+00   2.6854e+02
20260908_15:00:00   9.5294e-01   1.7448e+02   1.7394e+01   1.4408e-02   2.0840e-04   2.6990e+02
20260908_18:00:00   9.4137e-01   1.7388e+02   1.7267e+01   1.6140e-02   1.4656e-04   2.7002e+02
20260908_21:00:00   2.2780e+00   2.5097e+02   2.1212e+01   4.7934e-01   1.4132e-01   2.7188e+02
20260909_00:00:00   3.3717e+00   2.6884e+02   2.2439e+01   9.2927e-01   3.7941e-01   2.7599e+02
20260909_03:00:00   1.9698e+00   2.3961e+02   2.1278e+01   3.5470e-01   1.2768e-01   2.7734e+02
20260909_06:00:00   1.1159e+00   1.8877e+02   1.9562e+01   4.5664e-02   1.1730e-02   2.7617e+02
20260909_09:00:00   1.0899e+00   1.8620e+02   2.0783e+01   1.0474e-03   4.1091e-02   2.7797e+02
20260909_12:00:00   9.7430e-01   1.7486e+02   1.8417e+01   6.4843e-03   3.1832e-02   2.8064e+02
20260909_15:00:00   1.3071e+00   2.0320e+02   1.9847e+01   9.7315e-02   2.6083e-02   2.8198e+02
20260909_18:00:00   1.3254e+00   2.0475e+02   2.1131e+01   7.3496e-02   1.1272e-01   2.8125e+02
20260909_21:00:00   1.9810e+00   2.3831e+02   2.1381e+01   3.4769e-01   1.1198e+00   2.8222e+02
20260910_00:00:00   9.2548e-01   1.6871e+02   1.7299e+01   1.0660e-02   2.6309e-01   2.7946e+02
20260910_03:00:00   7.1325e-01   1.4459e+02   1.3464e+01   0.0000e+00   7.7216e-03   2.7989e+02
20260910_06:00:00   7.6433e-01   1.5097e+02   1.4501e+01   0.0000e+00   1.4544e-04   2.7757e+02
20260910_09:00:00   7.5621e-01   1.4953e+02   1.4578e+01   0.0000e+00   0.0000e+00   2.7867e+02
20260910_12:00:00   6.7011e-01   1.3777e+02   1.3293e+01   0.0000e+00   0.0000e+00   2.7818e+02
20260910_15:00:00   5.7711e-01   1.2413e+02   1.1569e+01   0.0000e+00   0.0000e+00   2.8263e+02
20260910_18:00:00   6.0092e-01   1.2858e+02   1.1646e+01   0.0000e+00   0.0000e+00   2.8100e+02
20260910_21:00:00   5.6040e-01   1.2303e+02   1.1124e+01   0.0000e+00   4.3620e-05   2.7980e+02
20260911_00:00:00   6.0803e-01   1.2986e+02   1.2206e+01   2.2080e-04   9.2139e-03   2.7749e+02
20260911_03:00:00   5.4707e-01   1.2065e+02   1.0983e+01   0.0000e+00   0.0000e+00   2.7562e+02
20260911_06:00:00   4.2966e-01   1.0103e+02   8.8503e+00   0.0000e+00   0.0000e+00   2.7289e+02
20260911_09:00:00   4.1434e-01   9.8055e+01   8.5936e+00   0.0000e+00   0.0000e+00   2.7261e+02
20260911_12:00:00   4.2243e-01   9.9404e+01   8.7021e+00   0.0000e+00   0.0000e+00   2.7324e+02
20260911_15:00:00   4.1828e-01   9.8661e+01   8.6022e+00   0.0000e+00   0.0000e+00   2.7377e+02
20260911_18:00:00   4.4256e-01   1.0317e+02   9.1261e+00   0.0000e+00   0.0000e+00   2.7664e+02
20260911_21:00:00   4.8922e-01   1.1118e+02   1.0245e+01   0.0000e+00   1.0600e-04   2.7518e+02
20260912_00:00:00   5.5583e-01   1.2244e+02   1.1383e+01   0.0000e+00   5.1020e-05   2.7638e+02
20260912_03:00:00   5.6190e-01   1.2348e+02   1.1382e+01   0.0000e+00   0.0000e+00   2.7357e+02
20260912_06:00:00   5.5238e-01   1.2200e+02   1.1106e+01   0.0000e+00   5.3602e-03   2.7485e+02
20260912_09:00:00   5.4188e-01   1.1960e+02   1.1260e+01   0.0000e+00   1.3901e-03   2.7398e+02
20260912_12:00:00   6.5717e-01   1.3585e+02   1.3867e+01   0.0000e+00   1.8361e-03   2.7345e+02
20260912_15:00:00   8.3005e-01   1.5815e+02   1.6834e+01   0.0000e+00   9.2441e-03   2.7336e+02
20260912_18:00:00   9.6635e-01   1.7353e+02   1.8850e+01   4.5520e-03   1.8681e-02   2.6995e+02
20260912_21:00:00   1.1741e+00   1.9274e+02   1.9508e+01   7.4929e-02   7.7568e-02   2.7053e+02
20260913_00:00:00   9.3493e-01   1.7078e+02   1.8091e+01   1.1206e-03   1.6991e-01   2.7308e+02
20260913_03:00:00   7.6600e-01   1.5156e+02   1.4895e+01   0.0000e+00   2.9438e-03   2.7266e+02
20260913_06:00:00   6.1366e-01   1.3060e+02   1.2306e+01   0.0000e+00   3.8871e-04   2.7420e+02
20260913_09:00:00   6.3864e-01   1.3417e+02   1.2589e+01   0.0000e+00   6.1520e-05   2.7521e+02
20260913_12:00:00   7.0720e-01   1.4321e+02   1.3773e+01   0.0000e+00   4.5940e-04   2.7937e+02
20260913_15:00:00   6.8738e-01   1.4018e+02   1.3253e+01   1.0757e-04   5.2708e-03   2.8023e+02
20260913_18:00:00   7.2593e-01   1.4581e+02   1.3207e+01   1.7512e-02   8.2802e-04   2.7691e+02
20260913_21:00:00   6.8798e-01   1.4074e+02   1.3122e+01   5.7905e-03   8.8683e-02   2.8332e+02
20260914_00:00:00   6.9293e-01   1.4142e+02   1.2650e+01   1.4228e-02   2.1645e-03   2.8396e+02
20260914_03:00:00   4.5270e-01   1.0430e+02   8.3628e+00   0.0000e+00   0.0000e+00   2.8223e+02
20260914_06:00:00   3.9150e-01   9.3298e+01   7.4420e+00   0.0000e+00   2.3280e-06   2.8278e+02
20260914_09:00:00   4.1267e-01   9.7056e+01   7.8405e+00   0.0000e+00   2.2500e-04   2.8740e+02
20260914_12:00:00   2.8427e-01   7.2895e+01   5.5040e+00   0.0000e+00   0.0000e+00   2.8397e+02
20260914_15:00:00   1.8620e-01   5.1589e+01   3.7189e+00   0.0000e+00   0.0000e+00   2.8384e+02
20260914_18:00:00   2.9315e-01   7.4958e+01   5.9435e+00   0.0000e+00   0.0000e+00   2.8354e+02
20260914_21:00:00   3.2175e-01   8.0550e+01   6.8046e+00   0.0000e+00   0.0000e+00   2.8547e+02
20260915_00:00:00   3.1434e-01   7.9246e+01   6.5714e+00   0.0000e+00   7.3760e-07   2.8640e+02
20260915_03:00:00   2.6397e-01   6.8676e+01   5.5436e+00   0.0000e+00   0.0000e+00   2.8440e+02
20260915_06:00:00   1.8532e-01   5.1230e+01   3.9670e+00   0.0000e+00   0.0000e+00   2.8465e+02
20260915_09:00:00   1.6928e-01   4.7542e+01   3.6109e+00   0.0000e+00   0.0000e+00   2.8295e+02
20260915_12:00:00   2.4008e-01   6.3387e+01   5.0494e+00   0.0000e+00   0.0000e+00   2.8559e+02
20260915_15:00:00   2.0057e-01   5.4663e+01   4.2235e+00   0.0000e+00   0.0000e+00   2.8544e+02
20260915_18:00:00   2.6498e-01   6.8360e+01   5.6655e+00   0.0000e+00   0.0000e+00   2.8730e+02
20260915_21:00:00   2.3533e-01   6.1746e+01   5.2070e+00   0.0000e+00   0.0000e+00   2.8876e+02
20260916_00:00:00   2.4739e-01   6.4099e+01   5.4860e+00   0.0000e+00   0.0000e+00   2.9004e+02
