#            date       tau255        Tb[K]      pwv[mm] lwp[kg*m^-2] iwp[kg*m^-2]       o3[DU]
20260730_06:00:00   9.1294e-01   1.6957e+02   1.7797e+01   0.0000e+00   0.0000e+00   3.0476e+02
20260730_07:00:00   9.6707e-01   1.7470e+02   1.9089e+01   0.0000e+00   1.8160e-02   3.0202e+02
20260730_08:00:00   9.6728e-01   1.7454e+02   1.9340e+01   0.0000e+00   1.1098e-02   3.0193e+02
20260730_09:00:00   9.8123e-01   1.7574e+02   1.9450e+01   0.0000e+00   7.5736e-03   3.0445e+02
20260730_10:00:00   1.0432e+00   1.8158e+02   1.9969e+01   1.1205e-02   2.4522e-02   3.0367e+02
20260730_11:00:00   1.4025e+00   2.1041e+02   1.9552e+01   1.6160e-01   2.2693e-02   3.0382e+02
20260730_12:00:00   1.4825e+00   2.1558e+02   1.8954e+01   2.0328e-01   3.5798e-03   3.0246e+02
20260730_13:00:00   9.2089e-01   1.6941e+02   1.7176e+01   1.5356e-02   1.1982e-04   3.0493e+02
20260730_14:00:00   7.5715e-01   1.5048e+02   1.4800e+01   0.0000e+00   0.0000e+00   3.0614e+02
20260730_15:00:00   6.9849e-01   1.4307e+02   1.3604e+01   0.0000e+00   0.0000e+00   3.0325e+02
20260730_16:00:00   7.0787e-01   1.4457e+02   1.3664e+01   0.0000e+00   0.0000e+00   3.0084e+02
20260730_17:00:00   7.5638e-01   1.5097e+02   1.4437e+01   1.9258e-03   9.0540e-06   3.0044e+02
20260730_18:00:00   8.6790e-01   1.6379e+02   1.4789e+01   4.6055e-02   2.8562e-03   2.9883e+02
20260730_19:00:00   7.1828e-01   1.4549e+02   1.3610e+01   1.3828e-02   4.8612e-02   2.9922e+02
20260730_20:00:00   6.5187e-01   1.3598e+02   1.2962e+01   7.6090e-03   4.4603e-02   3.0075e+02
20260730_21:00:00   6.3613e-01   1.3381e+02   1.2778e+01   7.9790e-03   5.0272e-02   2.9844e+02
20260730_22:00:00   6.6307e-01   1.3764e+02   1.3034e+01   1.3249e-02   9.1477e-02   2.9815e+02
20260730_23:00:00   6.1354e-01   1.3077e+02   1.2526e+01   3.5556e-03   4.8519e-02   2.9787e+02
20260731_00:00:00   5.6759e-01   1.2373e+02   1.1952e+01   0.0000e+00   1.3369e-03   3.0187e+02
20260731_01:00:00   5.1364e-01   1.1479e+02   1.1039e+01   0.0000e+00   2.0556e-05   3.0051e+02
20260731_02:00:00   5.1523e-01   1.1467e+02   1.1194e+01   0.0000e+00   3.3743e-03   3.0157e+02
20260731_03:00:00   5.5482e-01   1.2087e+02   1.1959e+01   0.0000e+00   1.5696e-04   3.0265e+02
20260731_04:00:00   5.6039e-01   1.2168e+02   1.1970e+01   9.8775e-04   2.5170e-03   3.0249e+02
20260731_05:00:00   6.7034e-01   1.3812e+02   1.3834e+01   0.0000e+00   1.2896e-02   3.0148e+02
20260731_06:00:00   7.0717e-01   1.4339e+02   1.4270e+01   0.0000e+00   3.4284e-03   3.0163e+02
20260731_07:00:00   7.0851e-01   1.4387e+02   1.4067e+01   0.0000e+00   0.0000e+00   3.0098e+02
20260731_08:00:00   6.9307e-01   1.4209e+02   1.3408e+01   0.0000e+00   0.0000e+00   3.0260e+02
20260731_09:00:00   6.5528e-01   1.3713e+02   1.2610e+01   0.0000e+00   0.0000e+00   3.0317e+02
20260731_10:00:00   6.0437e-01   1.2975e+02   1.1729e+01   0.0000e+00   0.0000e+00   3.0374e+02
20260731_11:00:00   5.8426e-01   1.2669e+02   1.1393e+01   0.0000e+00   0.0000e+00   3.0226e+02
20260731_12:00:00   5.4687e-01   1.2089e+02   1.0803e+01   0.0000e+00   0.0000e+00   3.0217e+02
20260731_13:00:00   5.3651e-01   1.1915e+02   1.0660e+01   0.0000e+00   0.0000e+00   3.0235e+02
20260731_14:00:00   5.2189e-01   1.1673e+02   1.0454e+01   0.0000e+00   0.0000e+00   3.0505e+02
20260731_15:00:00   5.1180e-01   1.1510e+02   1.0291e+01   0.0000e+00   0.0000e+00   3.0559e+02
20260731_16:00:00   5.4391e-01   1.2032e+02   1.0849e+01   0.0000e+00   2.8700e-05   3.0575e+02
20260731_17:00:00   6.1702e-01   1.3085e+02   1.2114e+01   6.3180e-03   1.9445e-02   3.0487e+02
20260731_18:00:00   9.0751e-01   1.6629e+02   1.3204e+01   1.1273e-01   1.7281e-01   3.0313e+02
20260731_19:00:00   6.1733e-01   1.3100e+02   1.2486e+01   3.4716e-03   6.9097e-02   3.0071e+02
20260731_20:00:00   6.7319e-01   1.3908e+02   1.3346e+01   6.6000e-03   5.7416e-02   3.0351e+02
20260731_21:00:00   6.8901e-01   1.4135e+02   1.3931e+01   1.1678e-03   9.9545e-02   3.0534e+02
20260731_22:00:00   6.8937e-01   1.4121e+02   1.3747e+01   8.9220e-03   1.2424e-01   3.0813e+02
20260731_23:00:00   6.8993e-01   1.4097e+02   1.4056e+01   4.2540e-03   2.1015e-01   3.0715e+02
20260801_00:00:00   7.5518e-01   1.5021e+02   1.4908e+01   3.2684e-03   4.7820e-02   3.0718e+02
20260801_01:00:00   7.5394e-01   1.5005e+02   1.4643e+01   0.0000e+00   4.4293e-03   3.0965e+02
20260801_02:00:00   7.3048e-01   1.4701e+02   1.4116e+01   1.2980e-05   3.8405e-03   3.0936e+02
20260801_03:00:00   6.7152e-01   1.3872e+02   1.3334e+01   0.0000e+00   2.0920e-03   3.0610e+02
20260801_04:00:00   5.6753e-01   1.2348e+02   1.1602e+01   0.0000e+00   5.6900e-05   3.0745e+02
20260801_05:00:00   5.0335e-01   1.1323e+02   1.0532e+01   0.0000e+00   0.0000e+00   3.0706e+02
20260801_06:00:00   4.8826e-01   1.1056e+02   1.0346e+01   0.0000e+00   0.0000e+00   3.0604e+02
20260801_07:00:00   4.7380e-01   1.0798e+02   1.0121e+01   0.0000e+00   0.0000e+00   3.0105e+02
20260801_08:00:00   4.8685e-01   1.1006e+02   1.0400e+01   0.0000e+00   0.0000e+00   2.9832e+02
20260801_09:00:00   4.9329e-01   1.1128e+02   1.0425e+01   0.0000e+00   0.0000e+00   2.9990e+02
20260801_10:00:00   4.7449e-01   1.0843e+02   9.8962e+00   0.0000e+00   0.0000e+00   2.9994e+02
20260801_11:00:00   4.6351e-01   1.0669e+02   9.5882e+00   0.0000e+00   0.0000e+00   2.9791e+02
20260801_12:00:00   4.4210e-01   1.0317e+02   9.0822e+00   0.0000e+00   0.0000e+00   2.9753e+02
20260801_13:00:00   3.9418e-01   9.4750e+01   8.0823e+00   0.0000e+00   0.0000e+00   2.9775e+02
20260801_14:00:00   3.5690e-01   8.7874e+01   7.3219e+00   0.0000e+00   0.0000e+00   2.9598e+02
20260801_15:00:00   3.5041e-01   8.6710e+01   7.1538e+00   0.0000e+00   0.0000e+00   2.9476e+02
20260801_16:00:00   3.6468e-01   8.9529e+01   7.4014e+00   0.0000e+00   0.0000e+00   2.9323e+02
20260801_17:00:00   3.7894e-01   9.2161e+01   7.7700e+00   0.0000e+00   0.0000e+00   2.9273e+02
20260801_18:00:00   3.9305e-01   9.4754e+01   8.1611e+00   0.0000e+00   0.0000e+00   2.9300e+02
20260801_19:00:00   4.1316e-01   9.8334e+01   8.7004e+00   0.0000e+00   0.0000e+00   2.9486e+02
20260801_20:00:00   4.3659e-01   1.0245e+02   9.2711e+00   0.0000e+00   9.0540e-06   2.9437e+02
20260801_21:00:00   4.6210e-01   1.0684e+02   9.8689e+00   0.0000e+00   2.7243e-05   2.9193e+02
20260801_22:00:00   4.7561e-01   1.0915e+02   1.0211e+01   0.0000e+00   2.2960e-05   2.9030e+02
20260801_23:00:00   4.5977e-01   1.0667e+02   9.8840e+00   0.0000e+00   8.6100e-06   2.9065e+02
20260802_00:00:00   4.5434e-01   1.0579e+02   9.7890e+00   0.0000e+00   0.0000e+00   2.9208e+02
20260802_01:00:00   4.4968e-01   1.0502e+02   9.6845e+00   0.0000e+00   0.0000e+00   2.9271e+02
20260802_02:00:00   4.4831e-01   1.0483e+02   9.6268e+00   0.0000e+00   0.0000e+00   2.9175e+02
20260802_03:00:00   4.2453e-01   1.0078e+02   9.1173e+00   0.0000e+00   0.0000e+00   2.9087e+02
20260802_04:00:00   3.9126e-01   9.4827e+01   8.3960e+00   0.0000e+00   7.1740e-06   2.8904e+02
20260802_05:00:00   3.8255e-01   9.3176e+01   8.1956e+00   0.0000e+00   1.7764e-03   2.8863e+02
20260802_06:00:00   3.8208e-01   9.3010e+01   8.2196e+00   0.0000e+00   1.7528e-04   2.9002e+02
20260802_07:00:00   3.5652e-01   8.8200e+01   7.6973e+00   0.0000e+00   1.2247e-03   2.8965e+02
20260802_08:00:00   3.3614e-01   8.4227e+01   7.2782e+00   0.0000e+00   1.8116e-03   2.9023e+02
20260802_09:00:00   3.2088e-01   8.1173e+01   6.9617e+00   0.0000e+00   4.5543e-04   2.8978e+02
20260802_10:00:00   3.1252e-01   7.9436e+01   6.8110e+00   0.0000e+00   4.6755e-04   2.9032e+02
20260802_11:00:00   3.2540e-01   8.1897e+01   7.1169e+00   0.0000e+00   4.1621e-04   2.8850e+02
20260802_12:00:00   3.4232e-01   8.5122e+01   7.4923e+00   0.0000e+00   4.8907e-04   2.8678e+02
20260802_13:00:00   3.4812e-01   8.6157e+01   7.6445e+00   0.0000e+00   4.2088e-03   2.8679e+02
20260802_14:00:00   3.5823e-01   8.7952e+01   7.9193e+00   0.0000e+00   1.4727e-03   2.8683e+02
20260802_15:00:00   3.6482e-01   8.9287e+01   8.0339e+00   0.0000e+00   4.7600e-05   2.8677e+02
20260802_16:00:00   3.9325e-01   9.4697e+01   8.6349e+00   0.0000e+00   0.0000e+00   2.8718e+02
20260802_17:00:00   4.1333e-01   9.8221e+01   9.1191e+00   0.0000e+00   0.0000e+00   2.8708e+02
20260802_18:00:00   4.0282e-01   9.6129e+01   9.0448e+00   0.0000e+00   1.4350e-05   2.8785e+02
20260802_19:00:00   4.0867e-01   9.6945e+01   9.3071e+00   0.0000e+00   7.3760e-07   2.8928e+02
20260802_20:00:00   4.1656e-01   9.8316e+01   9.5702e+00   0.0000e+00   2.8220e-04   2.9190e+02
20260802_21:00:00   4.4650e-01   1.0331e+02   1.0359e+01   7.3560e-05   1.1446e-02   2.9400e+02
20260802_22:00:00   4.9204e-01   1.1049e+02   1.0770e+01   1.3576e-02   1.6718e-01   2.9400e+02
20260802_23:00:00   4.7887e-01   1.0850e+02   1.1080e+01   3.2060e-04   1.8386e-01   2.9343e+02
20260803_00:00:00   5.1445e-01   1.1420e+02   1.1269e+01   1.1372e-02   3.0728e-01   2.9259e+02
20260803_01:00:00   5.0637e-01   1.1304e+02   1.1233e+01   6.4180e-03   2.6173e-01   2.9239e+02
20260803_02:00:00   4.6998e-01   1.0741e+02   1.0702e+01   0.0000e+00   1.0417e-01   2.9393e+02
20260803_03:00:00   4.4870e-01   1.0376e+02   1.0268e+01   0.0000e+00   2.2997e-02   2.9559e+02
20260803_04:00:00   4.0924e-01   9.6819e+01   9.4360e+00   0.0000e+00   1.4482e-03   2.9485e+02
20260803_05:00:00   3.8395e-01   9.2266e+01   8.8790e+00   0.0000e+00   1.5746e-05   2.9431e+02
20260803_06:00:00   3.9741e-01   9.4561e+01   9.2065e+00   0.0000e+00   1.5138e-04   2.9430e+02
20260803_07:00:00   4.0977e-01   9.6698e+01   9.4456e+00   0.0000e+00   1.3378e-05   2.9464e+02
20260803_08:00:00   4.0074e-01   9.5165e+01   9.1856e+00   0.0000e+00   9.4420e-06   2.9603e+02
20260803_09:00:00   3.9860e-01   9.4846e+01   9.1266e+00   0.0000e+00   0.0000e+00   2.9656e+02
20260803_10:00:00   3.8260e-01   9.1829e+01   8.7907e+00   0.0000e+00   0.0000e+00   2.9585e+02
20260803_11:00:00   3.6009e-01   8.7480e+01   8.2932e+00   0.0000e+00   0.0000e+00   2.9839e+02
20260803_12:00:00   3.5490e-01   8.6432e+01   8.1372e+00   0.0000e+00   0.0000e+00   3.0124e+02
20260803_13:00:00   3.8065e-01   9.1145e+01   8.6695e+00   0.0000e+00   0.0000e+00   3.0208e+02
20260803_14:00:00   3.9403e-01   9.3514e+01   8.9447e+00   0.0000e+00   0.0000e+00   3.0197e+02
20260803_15:00:00   3.9793e-01   9.4189e+01   9.0406e+00   0.0000e+00   0.0000e+00   3.0141e+02
20260803_16:00:00   4.0946e-01   9.6312e+01   9.2984e+00   0.0000e+00   9.3620e-06   3.0116e+02
20260803_17:00:00   4.3065e-01   1.0014e+02   9.7571e+00   0.0000e+00   2.0360e-04   3.0084e+02
20260803_18:00:00   4.5270e-01   1.0393e+02   1.0250e+01   7.0080e-04   9.7500e-03   2.9909e+02
20260803_19:00:00   4.8139e-01   1.0887e+02   1.0904e+01   6.1760e-04   8.9636e-02   2.9764e+02
20260803_20:00:00   5.6650e-01   1.2263e+02   1.2328e+01   8.3484e-03   2.1199e-01   2.9910e+02
20260803_21:00:00   5.8998e-01   1.2619e+02   1.2600e+01   1.4463e-02   1.9273e-01   2.9956e+02
20260803_22:00:00   6.2942e-01   1.3187e+02   1.3111e+01   1.9054e-02   3.2025e-01   2.9797e+02
20260803_23:00:00   6.7750e-01   1.3886e+02   1.4169e+01   1.0843e-02   3.0819e-01   2.9623e+02
20260804_00:00:00   7.1824e-01   1.4441e+02   1.4724e+01   1.4894e-02   3.2863e-01   2.9558e+02
20260804_01:00:00   6.3988e-01   1.3417e+02   1.3853e+01   1.1318e-05   1.7020e-01   2.9498e+02
20260804_02:00:00   7.8482e-01   1.5242e+02   1.5759e+01   1.1358e-02   7.2222e-01   2.9617e+02
20260804_03:00:00   7.4270e-01   1.4775e+02   1.5534e+01   2.1620e-03   1.9392e-01   2.9660e+02
20260804_04:00:00   7.0110e-01   1.4259e+02   1.4726e+01   0.0000e+00   2.4007e-02   2.9699e+02
20260804_05:00:00   6.4849e-01   1.3524e+02   1.3902e+01   3.2080e-05   2.9941e-02   2.9775e+02
20260804_06:00:00   6.8973e-01   1.4092e+02   1.4525e+01   0.0000e+00   1.3473e-01   2.9797e+02
20260804_09:00:00   5.2661e-01   1.1702e+02   1.1264e+01   0.0000e+00   2.4786e-05   2.9566e+02
20260804_12:00:00   5.9691e-01   1.2693e+02   1.2478e+01   0.0000e+00   9.8109e-03   2.9494e+02
20260804_15:00:00   5.7027e-01   1.2321e+02   1.1734e+01   0.0000e+00   3.6226e-04   2.9696e+02
20260804_18:00:00   6.4811e-01   1.3490e+02   1.3284e+01   0.0000e+00   4.5095e-03   2.9902e+02
20260804_21:00:00   7.2380e-01   1.4592e+02   1.4571e+01   2.4900e-04   1.0880e-01   2.9685e+02
20260805_00:00:00   6.5708e-01   1.3711e+02   1.2846e+01   0.0000e+00   7.4740e-05   2.9434e+02
20260805_03:00:00   5.4773e-01   1.2055e+02   1.0966e+01   0.0000e+00   0.0000e+00   2.9997e+02
20260805_06:00:00   4.3890e-01   1.0234e+02   8.9765e+00   0.0000e+00   0.0000e+00   3.0339e+02
20260805_09:00:00   2.7981e-01   7.2132e+01   5.8695e+00   0.0000e+00   0.0000e+00   3.0426e+02
20260805_12:00:00   2.4551e-01   6.4697e+01   5.2236e+00   0.0000e+00   0.0000e+00   3.1024e+02
20260805_15:00:00   2.3858e-01   6.3026e+01   5.1224e+00   0.0000e+00   0.0000e+00   3.0887e+02
20260805_18:00:00   3.1464e-01   7.8332e+01   6.9617e+00   0.0000e+00   8.2629e-03   3.0916e+02
20260805_21:00:00   3.6840e-01   8.8256e+01   8.3728e+00   1.6350e-04   2.7266e-03   3.0568e+02
20260806_00:00:00   3.8828e-01   9.2321e+01   8.7984e+00   4.7480e-04   5.5564e-03   3.0842e+02
20260806_03:00:00   4.5549e-01   1.0465e+02   9.9772e+00   0.0000e+00   0.0000e+00   3.0644e+02
20260806_06:00:00   3.5071e-01   8.5935e+01   7.7338e+00   0.0000e+00   0.0000e+00   3.0230e+02
20260806_09:00:00   2.7259e-01   7.0062e+01   6.1201e+00   0.0000e+00   0.0000e+00   2.9909e+02
20260806_12:00:00   2.5343e-01   6.5852e+01   5.7027e+00   0.0000e+00   0.0000e+00   3.0167e+02
20260806_15:00:00   3.0091e-01   7.5292e+01   6.7678e+00   0.0000e+00   0.0000e+00   3.0711e+02
20260806_18:00:00   3.4343e-01   8.3534e+01   7.8390e+00   0.0000e+00   8.1337e-05   3.0668e+02
20260806_21:00:00   3.6503e-01   8.7534e+01   8.4291e+00   0.0000e+00   3.9083e-03   3.0579e+02
20260807_00:00:00   3.7515e-01   8.9693e+01   8.6354e+00   0.0000e+00   3.2577e-04   3.0272e+02
20260807_03:00:00   4.4953e-01   1.0308e+02   1.0138e+01   0.0000e+00   2.3559e-02   3.0555e+02
20260807_06:00:00   4.8318e-01   1.0831e+02   1.0634e+01   5.7824e-04   4.3308e-02   3.0450e+02
20260807_09:00:00   4.5030e-01   1.0319e+02   9.8308e+00   0.0000e+00   2.1422e-04   3.0137e+02
20260807_12:00:00   3.8999e-01   9.2177e+01   8.4678e+00   0.0000e+00   7.2965e-04   3.0639e+02
20260807_15:00:00   3.8746e-01   9.2563e+01   8.1270e+00   0.0000e+00   0.0000e+00   3.0941e+02
20260807_18:00:00   3.4520e-01   8.4848e+01   7.3029e+00   0.0000e+00   0.0000e+00   3.1101e+02
20260807_21:00:00   3.6424e-01   8.8344e+01   7.9333e+00   0.0000e+00   1.0240e-05   3.0662e+02
20260808_00:00:00   5.1475e-01   1.1501e+02   1.0862e+01   2.3720e-03   1.7088e-03   3.0106e+02
20260808_03:00:00   6.0443e-01   1.3016e+02   1.1739e+01   0.0000e+00   0.0000e+00   3.0038e+02
20260808_06:00:00   4.8845e-01   1.1064e+02   1.0231e+01   0.0000e+00   4.5305e-03   3.0109e+02
20260808_09:00:00   4.2096e-01   9.8326e+01   9.2019e+00   0.0000e+00   7.7895e-03   2.9968e+02
20260808_12:00:00   3.9269e-01   9.3071e+01   8.6226e+00   0.0000e+00   1.7340e-04   2.9828e+02
20260808_15:00:00   4.1711e-01   9.7491e+01   9.0916e+00   0.0000e+00   2.3280e-06   3.0013e+02
20260808_18:00:00   4.5512e-01   1.0420e+02   9.9228e+00   1.2450e-04   3.4970e-03   3.0012e+02
20260808_21:00:00   6.4960e-01   1.3458e+02   1.3601e+01   6.0143e-03   2.7317e-01   2.9709e+02
20260809_00:00:00   6.7832e-01   1.3922e+02   1.4235e+01   5.1002e-03   1.9795e-01   2.9539e+02
20260809_03:00:00   9.0283e-01   1.6609e+02   1.6304e+01   4.5040e-02   2.4870e-01   2.9789e+02
20260809_06:00:00   7.6259e-01   1.5040e+02   1.5360e+01   0.0000e+00   7.9123e-03   2.9610e+02
20260809_09:00:00   6.9962e-01   1.4222e+02   1.4522e+01   0.0000e+00   8.6356e-02   2.9761e+02
20260809_12:00:00   6.7634e-01   1.3909e+02   1.4033e+01   0.0000e+00   1.0089e-02   2.9642e+02
20260809_15:00:00   6.4745e-01   1.3523e+02   1.3303e+01   0.0000e+00   7.8284e-04   2.9878e+02
20260809_18:00:00   6.6683e-01   1.3794e+02   1.2922e+01   1.5158e-02   3.7255e-03   2.9892e+02
20260809_21:00:00   6.8321e-01   1.3987e+02   1.3652e+01   1.2060e-02   1.5172e-01   2.9696e+02
20260810_00:00:00   5.6745e-01   1.2277e+02   1.2225e+01   1.3632e-04   7.6352e-02   2.9707e+02
20260810_03:00:00   5.5715e-01   1.1998e+02   1.1545e+01   1.4363e-02   7.1281e-02   2.9669e+02
20260810_06:00:00   3.7146e-01   8.9942e+01   7.9881e+00   0.0000e+00   7.5500e-04   2.9873e+02
20260810_09:00:00   3.6377e-01   8.8361e+01   7.7025e+00   0.0000e+00   4.3340e-04   2.9955e+02
20260810_12:00:00   2.7570e-01   7.1191e+01   5.7349e+00   0.0000e+00   0.0000e+00   3.0812e+02
20260810_15:00:00   3.2392e-01   8.1382e+01   6.4584e+00   0.0000e+00   0.0000e+00   3.0751e+02
20260810_18:00:00   3.6900e-01   8.9229e+01   7.8447e+00   0.0000e+00   0.0000e+00   3.0648e+02
20260810_21:00:00   3.9488e-01   9.3846e+01   8.6410e+00   0.0000e+00   5.8018e-04   3.0236e+02
20260811_00:00:00   2.7494e-01   7.0573e+01   6.1408e+00   0.0000e+00   0.0000e+00   3.0243e+02
20260811_03:00:00   2.1528e-01   5.7848e+01   4.7832e+00   0.0000e+00   0.0000e+00   3.0192e+02
20260811_06:00:00   2.5438e-01   6.6129e+01   5.6127e+00   0.0000e+00   0.0000e+00   2.9969e+02
20260811_09:00:00   2.3841e-01   6.2943e+01   5.2280e+00   0.0000e+00   0.0000e+00   2.9934e+02
20260811_12:00:00   2.7621e-01   7.0634e+01   6.0305e+00   0.0000e+00   0.0000e+00   3.0089e+02
20260811_15:00:00   2.9558e-01   7.4688e+01   6.4427e+00   0.0000e+00   0.0000e+00   3.0095e+02
20260811_18:00:00   2.9748e-01   7.5154e+01   6.6312e+00   0.0000e+00   0.0000e+00   2.9909e+02
20260811_21:00:00   3.3145e-01   8.1159e+01   7.6912e+00   0.0000e+00   1.0060e-03   2.9703e+02
20260812_00:00:00   3.1422e-01   7.8222e+01   7.2881e+00   1.5012e-04   2.1661e-03   2.9628e+02
20260812_03:00:00   3.7169e-01   8.9029e+01   8.5611e+00   0.0000e+00   4.7439e-03   2.9711e+02
20260812_06:00:00   4.3244e-01   9.9472e+01   9.7707e+00   0.0000e+00   2.7097e-02   2.9523e+02
20260812_09:00:00   3.9544e-01   9.3379e+01   8.8479e+00   0.0000e+00   2.6940e-04   2.9365e+02
20260812_12:00:00   4.1753e-01   9.7210e+01   9.3193e+00   0.0000e+00   1.5826e-05   2.9483e+02
20260812_15:00:00   4.3531e-01   1.0005e+02   9.7369e+00   0.0000e+00   2.9367e-04   2.9489e+02
20260812_18:00:00   4.8011e-01   1.0797e+02   1.0511e+01   3.0800e-03   9.6782e-02   2.9430e+02
20260812_21:00:00   5.9195e-01   1.2597e+02   1.2528e+01   9.8620e-03   2.4032e-01   2.9381e+02
20260813_00:00:00   5.0762e-01   1.1362e+02   1.1298e+01   0.0000e+00   1.5265e-03   2.9497e+02
20260813_03:00:00   5.2862e-01   1.1672e+02   1.1795e+01   0.0000e+00   1.9856e-03   2.9604e+02
20260813_06:00:00   5.3419e-01   1.1775e+02   1.1969e+01   0.0000e+00   1.6676e-04   2.9372e+02
20260813_09:00:00   5.4133e-01   1.1889e+02   1.2082e+01   0.0000e+00   3.8679e-04   2.9588e+02
20260813_12:00:00   6.1518e-01   1.2961e+02   1.3516e+01   0.0000e+00   1.5146e-02   2.9850e+02
20260813_15:00:00   6.8484e-01   1.3966e+02   1.4782e+01   0.0000e+00   3.5672e-02   2.9843e+02
20260813_18:00:00   7.4621e-01   1.4812e+02   1.5858e+01   1.2044e-03   1.5723e-01   2.9502e+02
20260813_21:00:00   9.1494e-01   1.6874e+02   1.8586e+01   7.7800e-04   1.8601e-01   2.9536e+02
20260814_00:00:00   8.8921e-01   1.6666e+02   1.8314e+01   0.0000e+00   4.1773e-02   2.9405e+02
20260814_03:00:00   1.1680e+00   1.9295e+02   2.1154e+01   2.4167e-02   9.5678e-01   2.9717e+02
20260814_06:00:00   8.4942e-01   1.6199e+02   1.7514e+01   0.0000e+00   8.6669e-04   2.9480e+02
20260814_09:00:00   8.1518e-01   1.5814e+02   1.6896e+01   0.0000e+00   1.9410e-02   2.9404e+02
20260814_12:00:00   8.3310e-01   1.6006e+02   1.7231e+01   0.0000e+00   2.9418e-02   2.9455e+02
20260814_15:00:00   8.7467e-01   1.6451e+02   1.8015e+01   0.0000e+00   1.4963e-02   2.9530e+02
20260814_18:00:00   1.0587e+00   1.8392e+02   1.9581e+01   3.7738e-02   5.1092e-03   2.9434e+02
20260814_21:00:00   1.7296e+00   2.3071e+02   2.1268e+01   2.6608e-01   2.2118e-02   2.9199e+02
20260815_00:00:00   9.7513e-01   1.7672e+02   1.9638e+01   2.3860e-03   2.6792e-02   2.9232e+02
20260815_03:00:00   1.2546e+00   2.0069e+02   2.0030e+01   1.1420e-01   2.2519e-01   2.9261e+02
20260815_06:00:00   1.0826e+00   1.8613e+02   2.1006e+01   8.2200e-03   1.7599e-01   2.9265e+02
