#            date       tau255        Tb[K]      pwv[mm] lwp[kg*m^-2] iwp[kg*m^-2]       o3[DU]
20260908_06:00:00   6.5856e-01   1.3595e+02   1.3026e+01   0.0000e+00   6.5599e-03   2.7561e+02
20260908_07:00:00   6.3150e-01   1.3190e+02   1.2527e+01   1.3352e-04   8.1882e-03   2.7430e+02
20260908_08:00:00   5.9927e-01   1.2704e+02   1.1932e+01   6.4720e-04   1.0381e-02   2.7323e+02
20260908_09:00:00   5.6432e-01   1.2145e+02   1.1394e+01   3.6820e-05   4.5670e-03   2.7357e+02
20260908_10:00:00   5.2908e-01   1.1574e+02   1.0772e+01   0.0000e+00   2.3895e-03   2.7332e+02
20260908_11:00:00   4.8516e-01   1.0853e+02   9.9746e+00   0.0000e+00   1.6080e-03   2.7238e+02
20260908_12:00:00   4.5968e-01   1.0423e+02   9.4982e+00   0.0000e+00   2.7490e-03   2.7154e+02
20260908_13:00:00   4.4877e-01   1.0254e+02   9.1813e+00   0.0000e+00   9.4215e-03   2.7126e+02
20260908_14:00:00   4.3440e-01   1.0036e+02   8.7147e+00   0.0000e+00   6.5649e-03   2.7191e+02
20260908_15:00:00   4.3301e-01   1.0036e+02   8.5038e+00   0.0000e+00   1.6472e-03   2.7236e+02
20260908_16:00:00   4.3593e-01   1.0099e+02   8.5527e+00   0.0000e+00   4.6797e-04   2.7362e+02
20260908_17:00:00   4.5133e-01   1.0386e+02   8.8453e+00   0.0000e+00   1.5146e-04   2.7658e+02
20260908_18:00:00   4.9135e-01   1.1075e+02   9.6843e+00   0.0000e+00   9.8920e-06   2.7920e+02
20260908_19:00:00   4.6160e-01   1.0573e+02   9.3826e+00   0.0000e+00   1.7456e-06   2.8116e+02
20260908_20:00:00   4.6361e-01   1.0605e+02   9.4893e+00   0.0000e+00   7.2402e-05   2.8071e+02
20260908_21:00:00   4.6712e-01   1.0673e+02   9.6010e+00   1.1288e-03   3.2093e-03   2.8040e+02
20260908_22:00:00   4.6844e-01   1.0708e+02   9.5944e+00   1.7030e-03   3.5123e-03   2.8075e+02
20260908_23:00:00   4.6455e-01   1.0647e+02   9.5814e+00   3.4920e-05   5.5491e-03   2.7987e+02
20260909_00:00:00   4.5746e-01   1.0535e+02   9.3924e+00   0.0000e+00   4.2929e-03   2.8063e+02
20260909_01:00:00   4.3600e-01   1.0164e+02   8.9014e+00   0.0000e+00   1.5065e-03   2.8105e+02
20260909_02:00:00   3.9641e-01   9.4627e+01   8.0538e+00   3.0660e-06   2.4800e-05   2.8092e+02
20260909_03:00:00   3.1729e-01   7.9540e+01   6.4671e+00   0.0000e+00   0.0000e+00   2.8189e+02
20260909_04:00:00   3.0711e-01   7.7478e+01   6.1838e+00   0.0000e+00   0.0000e+00   2.8159e+02
20260909_05:00:00   3.1140e-01   7.8103e+01   6.2415e+00   0.0000e+00   0.0000e+00   2.8166e+02
20260909_06:00:00   3.0051e-01   7.5641e+01   6.0697e+00   0.0000e+00   0.0000e+00   2.8025e+02
20260909_07:00:00   2.9547e-01   7.4534e+01   5.9685e+00   0.0000e+00   0.0000e+00   2.7940e+02
20260909_08:00:00   2.8645e-01   7.2592e+01   5.8011e+00   0.0000e+00   0.0000e+00   2.7777e+02
20260909_09:00:00   2.7558e-01   7.0308e+01   5.5893e+00   0.0000e+00   0.0000e+00   2.7764e+02
20260909_10:00:00   2.7561e-01   7.0260e+01   5.5837e+00   0.0000e+00   0.0000e+00   2.7606e+02
20260909_11:00:00   2.7501e-01   7.0081e+01   5.5696e+00   0.0000e+00   0.0000e+00   2.7617e+02
20260909_12:00:00   2.6881e-01   6.8714e+01   5.4685e+00   0.0000e+00   0.0000e+00   2.7688e+02
20260909_13:00:00   2.5774e-01   6.6335e+01   5.2795e+00   0.0000e+00   1.2196e-04   2.7825e+02
20260909_14:00:00   2.4080e-01   6.2711e+01   4.9717e+00   0.0000e+00   3.2097e-04   2.7895e+02
20260909_15:00:00   2.2584e-01   5.9464e+01   4.7023e+00   0.0000e+00   2.6379e-04   2.7985e+02
20260909_16:00:00   2.1423e-01   5.6905e+01   4.5097e+00   0.0000e+00   8.5097e-04   2.8051e+02
20260909_17:00:00   2.1263e-01   5.6532e+01   4.5376e+00   0.0000e+00   1.3184e-03   2.8183e+02
20260909_18:00:00   2.2396e-01   5.8945e+01   4.8579e+00   0.0000e+00   1.1276e-03   2.8151e+02
20260909_19:00:00   2.1421e-01   5.6673e+01   4.7445e+00   0.0000e+00   6.7281e-04   2.8131e+02
20260909_20:00:00   2.1336e-01   5.6434e+01   4.7754e+00   0.0000e+00   1.6840e-03   2.8106e+02
20260909_21:00:00   2.1156e-01   5.6085e+01   4.7416e+00   0.0000e+00   3.0096e-03   2.8162e+02
20260909_22:00:00   2.0590e-01   5.4894e+01   4.5954e+00   0.0000e+00   8.3081e-03   2.8395e+02
20260909_23:00:00   2.0520e-01   5.4849e+01   4.5319e+00   0.0000e+00   1.5595e-02   2.8405e+02
20260910_00:00:00   2.0791e-01   5.5466e+01   4.5626e+00   0.0000e+00   7.7644e-03   2.8674e+02
20260910_01:00:00   2.0452e-01   5.4577e+01   4.5057e+00   0.0000e+00   8.9750e-03   2.9086e+02
20260910_02:00:00   1.9646e-01   5.2785e+01   4.2951e+00   0.0000e+00   5.2857e-03   2.9259e+02
20260910_03:00:00   2.0218e-01   5.4165e+01   4.3527e+00   0.0000e+00   2.0239e-03   2.9455e+02
20260910_04:00:00   2.0080e-01   5.4016e+01   4.2612e+00   0.0000e+00   0.0000e+00   2.9618e+02
20260910_05:00:00   1.8352e-01   5.0329e+01   3.8235e+00   0.0000e+00   0.0000e+00   2.9917e+02
20260910_06:00:00   1.6419e-01   4.6061e+01   3.3606e+00   0.0000e+00   0.0000e+00   3.0633e+02
20260910_07:00:00   1.5587e-01   4.4117e+01   3.1928e+00   0.0000e+00   0.0000e+00   3.0790e+02
20260910_08:00:00   1.5360e-01   4.3541e+01   3.1625e+00   0.0000e+00   0.0000e+00   3.0682e+02
20260910_09:00:00   1.4439e-01   4.1386e+01   2.9626e+00   0.0000e+00   0.0000e+00   3.0692e+02
20260910_10:00:00   1.3817e-01   3.9930e+01   2.8279e+00   0.0000e+00   0.0000e+00   3.0668e+02
20260910_11:00:00   1.3870e-01   4.0077e+01   2.8376e+00   0.0000e+00   0.0000e+00   3.0519e+02
20260910_12:00:00   1.3769e-01   3.9844e+01   2.8120e+00   0.0000e+00   0.0000e+00   3.0327e+02
20260910_13:00:00   1.3698e-01   3.9677e+01   2.7997e+00   0.0000e+00   0.0000e+00   3.0158e+02
20260910_14:00:00   1.3046e-01   3.8115e+01   2.6700e+00   0.0000e+00   0.0000e+00   3.0124e+02
20260910_15:00:00   1.2859e-01   3.7662e+01   2.6346e+00   0.0000e+00   0.0000e+00   3.0079e+02
20260910_16:00:00   1.3021e-01   3.8104e+01   2.6615e+00   0.0000e+00   0.0000e+00   3.0019e+02
20260910_17:00:00   1.3649e-01   3.9698e+01   2.7992e+00   0.0000e+00   0.0000e+00   2.9970e+02
20260910_18:00:00   1.5045e-01   4.3059e+01   3.1393e+00   0.0000e+00   0.0000e+00   2.9874e+02
20260910_19:00:00   1.5883e-01   4.5014e+01   3.3619e+00   0.0000e+00   0.0000e+00   2.9838e+02
20260910_20:00:00   1.6521e-01   4.6509e+01   3.5230e+00   0.0000e+00   0.0000e+00   3.0246e+02
20260910_21:00:00   1.6988e-01   4.7564e+01   3.6521e+00   0.0000e+00   0.0000e+00   3.0383e+02
20260910_22:00:00   1.7261e-01   4.8127e+01   3.7346e+00   0.0000e+00   0.0000e+00   3.0088e+02
20260910_23:00:00   1.6173e-01   4.5669e+01   3.4730e+00   0.0000e+00   0.0000e+00   2.9888e+02
20260911_00:00:00   1.5198e-01   4.3451e+01   3.2231e+00   0.0000e+00   0.0000e+00   3.0099e+02
20260911_01:00:00   1.4592e-01   4.2026e+01   3.0737e+00   0.0000e+00   5.6600e-05   2.9943e+02
20260911_02:00:00   1.6183e-01   4.5392e+01   3.5402e+00   0.0000e+00   5.5580e-03   2.9409e+02
20260911_03:00:00   1.6481e-01   4.5880e+01   3.6491e+00   0.0000e+00   1.7745e-02   2.9395e+02
20260911_04:00:00   1.8984e-01   5.1335e+01   4.2928e+00   0.0000e+00   1.0304e-02   2.9366e+02
20260911_05:00:00   2.2900e-01   5.9654e+01   5.2576e+00   0.0000e+00   4.9030e-03   2.9403e+02
20260911_06:00:00   2.7382e-01   6.8912e+01   6.2894e+00   0.0000e+00   2.1735e-03   2.9308e+02
20260911_07:00:00   3.0879e-01   7.5650e+01   7.0974e+00   0.0000e+00   1.8082e-03   2.9084e+02
20260911_08:00:00   3.6198e-01   8.5673e+01   8.2119e+00   0.0000e+00   1.0907e-03   2.8776e+02
20260911_09:00:00   4.0012e-01   9.2631e+01   8.9984e+00   0.0000e+00   7.3647e-03   2.8368e+02
20260911_10:00:00   4.1573e-01   9.5377e+01   9.3157e+00   0.0000e+00   1.1187e-02   2.8292e+02
20260911_11:00:00   4.6027e-01   1.0301e+02   1.0174e+01   4.2270e-04   1.4300e-02   2.8259e+02
20260911_12:00:00   5.0055e-01   1.0997e+02   1.0892e+01   0.0000e+00   2.7541e-03   2.8179e+02
20260911_13:00:00   5.6568e-01   1.2034e+02   1.1988e+01   0.0000e+00   1.1252e-03   2.8045e+02
20260911_14:00:00   5.9082e-01   1.2425e+02   1.2393e+01   0.0000e+00   9.1276e-03   2.7983e+02
20260911_15:00:00   6.1640e-01   1.2819e+02   1.2767e+01   0.0000e+00   2.3399e-03   2.8020e+02
20260911_16:00:00   6.3214e-01   1.3059e+02   1.2946e+01   0.0000e+00   2.3396e-03   2.8114e+02
20260911_17:00:00   7.1316e-01   1.4193e+02   1.3788e+01   1.3190e-02   4.5429e-03   2.8152e+02
20260911_18:00:00   7.0444e-01   1.4061e+02   1.4258e+01   1.0710e-03   1.5608e-01   2.8467e+02
20260911_19:00:00   6.3827e-01   1.3154e+02   1.2962e+01   5.4878e-04   1.2052e-02   2.8491e+02
20260911_20:00:00   7.3271e-01   1.4484e+02   1.4147e+01   9.7280e-03   8.3142e-03   2.8766e+02
20260911_21:00:00   8.6949e-01   1.6113e+02   1.4565e+01   6.0379e-02   9.8590e-03   2.8783e+02
20260911_22:00:00   7.3083e-01   1.4463e+02   1.4570e+01   7.9260e-04   4.2674e-03   2.8740e+02
20260911_23:00:00   7.6891e-01   1.4886e+02   1.4340e+01   2.4796e-02   1.1459e-01   2.8888e+02
20260912_00:00:00   6.7510e-01   1.3682e+02   1.3669e+01   0.0000e+00   1.6042e-01   2.8992e+02
20260912_01:00:00   6.5153e-01   1.3345e+02   1.3198e+01   5.6337e-05   1.1309e-01   2.8929e+02
20260912_02:00:00   6.8281e-01   1.3783e+02   1.3536e+01   1.1979e-03   1.3713e-01   2.8965e+02
20260912_03:00:00   7.4887e-01   1.4668e+02   1.4470e+01   2.3500e-04   1.2797e-01   2.9232e+02
20260912_04:00:00   6.3604e-01   1.3204e+02   1.2403e+01   3.4328e-05   4.7758e-03   2.9335e+02
20260912_05:00:00   5.9537e-01   1.2613e+02   1.1674e+01   1.4754e-04   9.2060e-05   2.9201e+02
20260912_06:00:00   6.3980e-01   1.3255e+02   1.2312e+01   0.0000e+00   6.0660e-05   2.9133e+02
20260912_07:00:00   6.4219e-01   1.3286e+02   1.2398e+01   0.0000e+00   4.8213e-03   2.9079e+02
20260912_08:00:00   6.7161e-01   1.3691e+02   1.2969e+01   0.0000e+00   4.9365e-03   2.9116e+02
20260912_09:00:00   7.0521e-01   1.4117e+02   1.3594e+01   0.0000e+00   2.6494e-02   2.9124e+02
20260912_10:00:00   7.4560e-01   1.4625e+02   1.4182e+01   4.8300e-05   1.7568e-02   2.9159e+02
20260912_11:00:00   7.2858e-01   1.4425e+02   1.3940e+01   3.0980e-05   4.9797e-05   2.9322e+02
20260912_12:00:00   7.8605e-01   1.5139e+02   1.5004e+01   4.0900e-05   3.5382e-02   2.9207e+02
20260912_13:00:00   7.9713e-01   1.5287e+02   1.5193e+01   3.0880e-05   3.1778e-02   2.9173e+02
20260912_14:00:00   7.9654e-01   1.5279e+02   1.5328e+01   3.8640e-05   8.3844e-03   2.9440e+02
20260912_15:00:00   7.5451e-01   1.4778e+02   1.4565e+01   5.4950e-05   8.8735e-04   2.9483e+02
20260912_16:00:00   7.4210e-01   1.4637e+02   1.4326e+01   0.0000e+00   1.1621e-04   2.9779e+02
20260912_17:00:00   7.3553e-01   1.4568e+02   1.4310e+01   0.0000e+00   1.2532e-03   2.9755e+02
20260912_18:00:00   8.0025e-01   1.5355e+02   1.4652e+01   2.4736e-02   3.3001e-03   2.9724e+02
20260912_19:00:00   8.9413e-01   1.6396e+02   1.4838e+01   6.8527e-02   1.4636e-02   2.9655e+02
20260912_20:00:00   8.7092e-01   1.6207e+02   1.5146e+01   4.8002e-02   5.0337e-02   2.9597e+02
20260912_21:00:00   1.1062e+00   1.8548e+02   1.5729e+01   1.3340e-01   9.9483e-02   2.9466e+02
20260912_22:00:00   1.1031e+00   1.8464e+02   1.6491e+01   1.0738e-01   7.0458e-01   2.9240e+02
20260912_23:00:00   1.0225e+00   1.7788e+02   1.3734e+01   1.4082e-01   1.4318e-01   2.9159e+02
20260913_00:00:00   7.2916e-01   1.4606e+02   1.4100e+01   1.5268e-04   2.7634e-02   2.9164e+02
20260913_01:00:00   7.4932e-01   1.4835e+02   1.4565e+01   2.9081e-03   3.7702e-02   2.9160e+02
20260913_02:00:00   7.9833e-01   1.5401e+02   1.5554e+01   3.9580e-04   4.9116e-02   2.9042e+02
20260913_03:00:00   9.0019e-01   1.6520e+02   1.7126e+01   2.6742e-03   1.1691e-01   2.9121e+02
20260913_04:00:00   8.7057e-01   1.6199e+02   1.6426e+01   5.6240e-03   1.0246e-01   2.9322e+02
20260913_05:00:00   7.3323e-01   1.4545e+02   1.4380e+01   0.0000e+00   6.7726e-02   2.9479e+02
20260913_06:00:00   7.7388e-01   1.5012e+02   1.5309e+01   0.0000e+00   7.1099e-02   2.9608e+02
20260913_09:00:00   8.2596e-01   1.5665e+02   1.6057e+01   0.0000e+00   5.3219e-02   3.0102e+02
20260913_12:00:00   7.7314e-01   1.5058e+02   1.4802e+01   0.0000e+00   5.1976e-04   3.0280e+02
20260913_15:00:00   7.5377e-01   1.4790e+02   1.4165e+01   0.0000e+00   0.0000e+00   3.0203e+02
20260913_18:00:00   7.8534e-01   1.5167e+02   1.3392e+01   3.1598e-02   7.7440e-04   3.0287e+02
20260913_21:00:00   6.0028e-01   1.2724e+02   1.1594e+01   1.6026e-04   1.1241e-03   3.0439e+02
20260914_00:00:00   8.0385e-01   1.5374e+02   1.2807e+01   5.2582e-02   6.5136e-02   3.0526e+02
20260914_03:00:00   5.1495e-01   1.1305e+02   9.9335e+00   0.0000e+00   3.6105e-04   3.0624e+02
20260914_06:00:00   5.3499e-01   1.1596e+02   9.8221e+00   0.0000e+00   0.0000e+00   3.1363e+02
20260914_09:00:00   4.6755e-01   1.0455e+02   8.8078e+00   0.0000e+00   1.7213e-03   3.1500e+02
20260914_12:00:00   3.1260e-01   7.6239e+01   6.0522e+00   0.0000e+00   1.9371e-05   3.1619e+02
20260914_15:00:00   1.9998e-01   5.3260e+01   3.7998e+00   0.0000e+00   0.0000e+00   3.2047e+02
20260914_18:00:00   1.7266e-01   4.7428e+01   3.4609e+00   0.0000e+00   0.0000e+00   3.1755e+02
20260914_21:00:00   1.8965e-01   5.1413e+01   3.8842e+00   0.0000e+00   0.0000e+00   3.1396e+02
20260915_00:00:00   1.8047e-01   4.9325e+01   3.7395e+00   0.0000e+00   1.4754e-06   3.0839e+02
20260915_03:00:00   1.9053e-01   5.1523e+01   3.9456e+00   0.0000e+00   0.0000e+00   3.0216e+02
20260915_06:00:00   2.1353e-01   5.6365e+01   4.5235e+00   0.0000e+00   0.0000e+00   2.9965e+02
20260915_09:00:00   2.3119e-01   5.9867e+01   5.0691e+00   0.0000e+00   0.0000e+00   3.0245e+02
20260915_12:00:00   2.5530e-01   6.5076e+01   5.5915e+00   0.0000e+00   0.0000e+00   2.8793e+02
20260915_15:00:00   3.1127e-01   7.6772e+01   6.6771e+00   0.0000e+00   0.0000e+00   2.8528e+02
20260915_18:00:00   3.8607e-01   9.1432e+01   8.1803e+00   0.0000e+00   0.0000e+00   2.8623e+02
20260915_21:00:00   4.0965e-01   9.6491e+01   8.6456e+00   0.0000e+00   0.0000e+00   2.8384e+02
20260916_00:00:00   4.4074e-01   1.0223e+02   9.2779e+00   0.0000e+00   0.0000e+00   2.8144e+02
20260916_03:00:00   5.0386e-01   1.1176e+02   1.0942e+01   0.0000e+00   1.2169e-02   2.7802e+02
20260916_06:00:00   3.9273e-01   9.3403e+01   8.5386e+00   0.0000e+00   3.5145e-04   2.7721e+02
20260916_09:00:00   3.2431e-01   8.0786e+01   6.9315e+00   0.0000e+00   3.0677e-03   2.7441e+02
20260916_12:00:00   3.3504e-01   8.2798e+01   7.1316e+00   0.0000e+00   0.0000e+00   2.7503e+02
20260916_15:00:00   3.9180e-01   9.3616e+01   8.2282e+00   0.0000e+00   4.4534e-05   2.7821e+02
20260916_18:00:00   4.4850e-01   1.0394e+02   9.5423e+00   0.0000e+00   5.0325e-03   2.7794e+02
20260916_21:00:00   7.9594e-01   1.5507e+02   1.5617e+01   1.1934e-02   4.8665e-02   2.7525e+02
20260917_00:00:00   8.7754e-01   1.6384e+02   1.7629e+01   0.0000e+00   2.3632e-01   2.7508e+02
20260917_03:00:00   7.8531e-01   1.5262e+02   1.6040e+01   2.2310e-05   4.4936e-02   2.7583e+02
20260917_06:00:00   6.0032e-01   1.2704e+02   1.2879e+01   0.0000e+00   1.0263e-02   2.7677e+02
20260917_09:00:00   5.5700e-01   1.2113e+02   1.1548e+01   0.0000e+00   2.0342e-02   2.7241e+02
20260917_12:00:00   5.8770e-01   1.2607e+02   1.1810e+01   0.0000e+00   3.5940e-02   2.7737e+02
20260917_15:00:00   5.7878e-01   1.2475e+02   1.1485e+01   0.0000e+00   3.0113e-03   2.7689e+02
20260917_18:00:00   5.6411e-01   1.2238e+02   1.1428e+01   4.7140e-04   1.2352e-03   2.7257e+02
20260917_21:00:00   6.2215e-01   1.3093e+02   1.2816e+01   1.7254e-03   1.3358e-02   2.7226e+02
20260918_00:00:00   7.6304e-01   1.5070e+02   1.4747e+01   8.1103e-04   3.3163e-04   2.7166e+02
20260918_03:00:00   6.5840e-01   1.3621e+02   1.2867e+01   0.0000e+00   6.1809e-05   2.7277e+02
20260918_06:00:00   6.7014e-01   1.3798e+02   1.3219e+01   0.0000e+00   2.4225e-03   2.7268e+02
20260918_09:00:00   7.4407e-01   1.4821e+02   1.4524e+01   0.0000e+00   3.6079e-05   2.7286e+02
20260918_12:00:00   7.7012e-01   1.5165e+02   1.4933e+01   0.0000e+00   1.8921e-03   2.7088e+02
20260918_15:00:00   7.8959e-01   1.5379e+02   1.5513e+01   0.0000e+00   7.4657e-03   2.7271e+02
20260918_18:00:00   9.1382e-01   1.6829e+02   1.7153e+01   1.4841e-02   3.4090e-03   2.7142e+02
20260918_21:00:00   1.0943e+00   1.8602e+02   1.7861e+01   7.6764e-02   1.1986e-01   2.6998e+02
20260919_00:00:00   1.4956e+00   2.1612e+02   2.0018e+01   1.7641e-01   1.0144e-01   2.6975e+02
20260919_03:00:00   1.0690e+00   1.8393e+02   1.9269e+01   2.1887e-02   1.3779e-02   2.7303e+02
20260919_06:00:00   9.6511e-01   1.7380e+02   1.8282e+01   0.0000e+00   1.5778e-02   2.7207e+02
20260919_09:00:00   9.4762e-01   1.7141e+02   1.8446e+01   0.0000e+00   5.1352e-02   2.7323e+02
20260919_12:00:00   7.3971e-01   1.4739e+02   1.4660e+01   0.0000e+00   1.6948e-02   2.7035e+02
20260919_15:00:00   6.7504e-01   1.3851e+02   1.3488e+01   0.0000e+00   6.7582e-02   2.6930e+02
20260919_18:00:00   7.3969e-01   1.4715e+02   1.4792e+01   2.8700e-06   1.0149e-01   2.6696e+02
20260919_21:00:00   8.4071e-01   1.5924e+02   1.6589e+01   4.6540e-06   4.2981e-01   2.6751e+02
20260920_00:00:00   8.2806e-01   1.5824e+02   1.6204e+01   0.0000e+00   4.6018e-03   2.6499e+02
20260920_03:00:00   8.4645e-01   1.5999e+02   1.6443e+01   0.0000e+00   4.7600e-05   2.6156e+02
20260920_06:00:00   7.6541e-01   1.4976e+02   1.5235e+01   0.0000e+00   1.0417e-03   2.5604e+02
20260920_09:00:00   7.6921e-01   1.5048e+02   1.4982e+01   0.0000e+00   0.0000e+00   2.5578e+02
20260920_12:00:00   8.0421e-01   1.5496e+02   1.5399e+01   0.0000e+00   4.5280e-06   2.5762e+02
20260920_15:00:00   8.2540e-01   1.5769e+02   1.5623e+01   1.8998e-05   9.3100e-07   2.5843e+02
20260920_18:00:00   9.2062e-01   1.6873e+02   1.6101e+01   3.4681e-02   2.3435e-03   2.5763e+02
20260920_21:00:00   9.7211e-01   1.7430e+02   1.6414e+01   5.4697e-02   7.2219e-03   2.5647e+02
20260921_00:00:00   1.1224e+00   1.8864e+02   1.8573e+01   6.4539e-02   1.2659e-02   2.5739e+02
20260921_03:00:00   9.6602e-01   1.7390e+02   1.8299e+01   0.0000e+00   7.2764e-03   2.5961e+02
20260921_06:00:00   9.1833e-01   1.6824e+02   1.7790e+01   0.0000e+00   1.9534e-02   2.5753e+02
20260921_09:00:00   8.0986e-01   1.5594e+02   1.5920e+01   0.0000e+00   6.3020e-02   2.5912e+02
20260921_12:00:00   6.3568e-01   1.3359e+02   1.2315e+01   0.0000e+00   1.1875e-02   2.6042e+02
20260921_15:00:00   5.4941e-01   1.2106e+02   1.0440e+01   0.0000e+00   1.3278e-03   2.6414e+02
20260921_18:00:00   5.7284e-01   1.2502e+02   1.0868e+01   0.0000e+00   3.8600e-04   2.6523e+02
20260921_21:00:00   6.5095e-01   1.3623e+02   1.2667e+01   6.1320e-04   2.9396e-04   2.6690e+02
20260922_00:00:00   8.2576e-01   1.5864e+02   1.3552e+01   5.1480e-02   1.1783e-02   2.6687e+02
20260922_03:00:00   6.9585e-01   1.4137e+02   1.3699e+01   0.0000e+00   1.6757e-01   2.6597e+02
20260922_06:00:00   8.5258e-01   1.6111e+02   1.5188e+01   2.1604e-02   1.3258e-03   2.6472e+02
20260922_09:00:00   5.9879e-01   1.2770e+02   1.1566e+01   0.0000e+00   5.1992e-02   2.6482e+02
20260922_12:00:00   5.5886e-01   1.2127e+02   1.0948e+01   0.0000e+00   1.1376e-02   2.6635e+02
20260922_15:00:00   6.6035e-01   1.3568e+02   1.2915e+01   0.0000e+00   1.6433e-02   2.6863e+02
20260922_18:00:00   7.9353e-01   1.5265e+02   1.4506e+01   2.1861e-02   1.6529e-02   2.6981e+02
20260922_21:00:00   6.1375e-01   1.2813e+02   1.2511e+01   0.0000e+00   5.2625e-02   2.6976e+02
20260923_00:00:00   5.4627e-01   1.1712e+02   1.0831e+01   5.2520e-03   1.7988e-01   2.6958e+02
20260923_03:00:00   3.5225e-01   8.3454e+01   7.1861e+00   0.0000e+00   3.0650e-02   2.7476e+02
20260923_06:00:00   2.9860e-01   7.2660e+01   5.8661e+00   0.0000e+00   1.7751e-02   2.8047e+02
20260923_09:00:00   2.2501e-01   5.7996e+01   4.2913e+00   0.0000e+00   0.0000e+00   2.9264e+02
20260923_12:00:00   2.6208e-01   6.5259e+01   5.1586e+00   0.0000e+00   0.0000e+00   2.9385e+02
20260923_15:00:00   2.9896e-01   7.2506e+01   5.9133e+00   0.0000e+00   8.7739e-04   3.0079e+02
20260923_18:00:00   3.2869e-01   7.8555e+01   6.4776e+00   0.0000e+00   2.3790e-03   3.0732e+02
20260923_21:00:00   3.1988e-01   7.7266e+01   6.3894e+00   0.0000e+00   3.1310e-04   3.1021e+02
20260924_00:00:00   3.0300e-01   7.4623e+01   5.9063e+00   0.0000e+00   1.1018e-04   3.1197e+02
20260924_03:00:00   2.5828e-01   6.5869e+01   4.9402e+00   0.0000e+00   0.0000e+00   3.0902e+02
20260924_06:00:00   2.1888e-01   5.7444e+01   4.2834e+00   0.0000e+00   0.0000e+00   3.0478e+02
