#            date       tau255        Tb[K]      pwv[mm] lwp[kg*m^-2] iwp[kg*m^-2]       o3[DU]
20260815_12:00:00   7.5196e-01   1.4733e+02   1.5007e+01   0.0000e+00   3.5292e-03   2.9841e+02
20260815_13:00:00   7.5687e-01   1.4789e+02   1.5047e+01   0.0000e+00   2.3998e-03   3.0140e+02
20260815_14:00:00   7.4875e-01   1.4699e+02   1.4806e+01   0.0000e+00   2.3271e-03   3.0059e+02
20260815_15:00:00   7.4317e-01   1.4650e+02   1.4504e+01   7.5640e-05   9.4177e-04   2.9821e+02
20260815_16:00:00   7.2425e-01   1.4440e+02   1.3912e+01   8.6160e-04   2.4684e-03   2.9869e+02
20260815_17:00:00   8.3790e-01   1.5831e+02   1.3829e+01   4.9945e-02   1.3256e-02   2.9841e+02
20260815_18:00:00   1.0168e+00   1.7716e+02   1.3795e+01   1.2866e-01   4.9651e-02   2.9796e+02
20260815_19:00:00   9.2890e-01   1.6874e+02   1.4070e+01   7.8339e-02   1.0159e-01   2.9899e+02
20260815_20:00:00   9.9936e-01   1.7621e+02   1.4871e+01   8.4883e-02   1.1380e-01   3.0103e+02
20260815_21:00:00   8.8041e-01   1.6393e+02   1.4586e+01   4.1849e-02   3.6964e-02   3.0114e+02
20260815_22:00:00   9.5434e-01   1.7188e+02   1.4617e+01   7.4267e-02   4.4294e-02   3.0007e+02
20260815_23:00:00   9.0815e-01   1.6721e+02   1.4439e+01   5.8708e-02   4.0308e-02   3.0032e+02
20260816_00:00:00   9.5627e-01   1.7197e+02   1.4021e+01   9.5417e-02   1.0320e-01   3.0146e+02
20260816_01:00:00   9.1149e-01   1.6743e+02   1.3703e+01   7.9115e-02   9.8232e-02   3.0334e+02
20260816_02:00:00   7.4897e-01   1.4863e+02   1.3464e+01   1.3753e-02   1.6057e-02   3.0318e+02
20260816_03:00:00   6.9789e-01   1.4201e+02   1.3099e+01   8.2860e-04   1.1209e-02   3.0381e+02
20260816_04:00:00   6.5577e-01   1.3630e+02   1.2283e+01   1.5296e-03   2.1563e-04   3.0170e+02
20260816_05:00:00   6.6096e-01   1.3685e+02   1.1891e+01   1.1284e-02   1.0768e-03   2.9988e+02
20260816_06:00:00   7.3209e-01   1.4592e+02   1.1551e+01   5.0380e-02   4.1505e-03   2.9946e+02
20260816_07:00:00   6.5625e-01   1.3571e+02   1.1163e+01   2.8540e-02   5.3077e-03   2.9923e+02
20260816_08:00:00   6.0926e-01   1.2898e+02   1.1148e+01   1.1284e-02   8.8564e-03   2.9784e+02
20260816_09:00:00   5.9384e-01   1.2661e+02   1.1275e+01   3.0960e-03   6.9424e-03   2.9796e+02
20260816_10:00:00   5.2742e-01   1.1650e+02   1.0285e+01   0.0000e+00   0.0000e+00   2.9938e+02
20260816_11:00:00   4.8459e-01   1.0958e+02   9.5403e+00   0.0000e+00   0.0000e+00   3.0166e+02
20260816_12:00:00   4.7766e-01   1.0837e+02   9.4044e+00   0.0000e+00   0.0000e+00   3.0130e+02
20260816_13:00:00   4.7697e-01   1.0822e+02   9.3994e+00   0.0000e+00   0.0000e+00   3.0164e+02
20260816_14:00:00   4.8382e-01   1.0934e+02   9.5357e+00   0.0000e+00   1.9886e-05   3.0335e+02
20260816_15:00:00   4.8928e-01   1.1030e+02   9.6255e+00   0.0000e+00   0.0000e+00   3.0361e+02
20260816_16:00:00   5.1135e-01   1.1399e+02   1.0008e+01   0.0000e+00   1.0896e-05   3.0408e+02
20260816_17:00:00   5.3259e-01   1.1726e+02   1.0568e+01   0.0000e+00   5.0705e-04   3.0237e+02
20260816_18:00:00   5.5816e-01   1.2100e+02   1.0982e+01   6.7280e-03   4.4688e-03   3.0258e+02
20260816_19:00:00   5.5777e-01   1.2098e+02   1.1354e+01   9.0784e-04   2.6321e-02   3.0158e+02
20260816_20:00:00   6.0615e-01   1.2810e+02   1.2163e+01   5.8122e-03   1.0388e-01   3.0110e+02
20260816_21:00:00   6.8618e-01   1.3923e+02   1.3368e+01   1.3049e-02   1.9724e-01   2.9937e+02
20260816_22:00:00   7.9941e-01   1.5364e+02   1.4840e+01   2.3305e-02   3.8943e-01   2.9933e+02
20260816_23:00:00   6.9894e-01   1.4163e+02   1.3827e+01   1.6864e-03   3.4818e-02   2.9869e+02
20260817_00:00:00   6.4007e-01   1.3371e+02   1.2810e+01   0.0000e+00   3.4915e-03   2.9670e+02
20260817_01:00:00   5.8429e-01   1.2542e+02   1.1889e+01   0.0000e+00   1.6050e-02   2.9670e+02
20260817_02:00:00   5.3018e-01   1.1706e+02   1.0841e+01   0.0000e+00   1.2450e-02   2.9807e+02
20260817_03:00:00   4.8175e-01   1.0946e+02   9.8502e+00   0.0000e+00   8.8738e-03   2.9700e+02
20260817_04:00:00   4.5591e-01   1.0518e+02   9.2872e+00   0.0000e+00   4.9830e-03   2.9759e+02
20260817_05:00:00   4.5500e-01   1.0487e+02   9.2535e+00   0.0000e+00   5.8978e-03   2.9738e+02
20260817_06:00:00   4.4937e-01   1.0373e+02   9.2035e+00   0.0000e+00   8.7213e-03   2.9729e+02
20260817_07:00:00   4.5409e-01   1.0435e+02   9.3235e+00   0.0000e+00   2.0962e-02   2.9824e+02
20260817_08:00:00   4.4378e-01   1.0250e+02   9.1433e+00   0.0000e+00   2.6999e-02   2.9736e+02
20260817_09:00:00   4.4071e-01   1.0187e+02   9.1175e+00   0.0000e+00   1.7928e-02   2.9804e+02
20260817_10:00:00   4.4053e-01   1.0174e+02   9.1476e+00   0.0000e+00   1.7078e-02   2.9921e+02
20260817_11:00:00   4.6317e-01   1.0548e+02   9.6001e+00   0.0000e+00   7.2447e-03   3.0129e+02
20260817_12:00:00   4.8231e-01   1.0863e+02   9.9263e+00   0.0000e+00   5.3740e-05   3.0295e+02
20260817_13:00:00   4.9317e-01   1.1047e+02   1.0083e+01   0.0000e+00   0.0000e+00   3.0321e+02
20260817_14:00:00   4.6752e-01   1.0649e+02   9.5489e+00   0.0000e+00   0.0000e+00   3.0356e+02
20260817_15:00:00   4.7111e-01   1.0720e+02   9.5897e+00   0.0000e+00   0.0000e+00   3.0366e+02
20260817_16:00:00   4.6714e-01   1.0683e+02   9.4779e+00   0.0000e+00   0.0000e+00   3.0288e+02
20260817_17:00:00   4.8285e-01   1.0945e+02   9.8166e+00   0.0000e+00   8.9340e-05   3.0332e+02
20260817_18:00:00   5.1221e-01   1.1415e+02   1.0528e+01   0.0000e+00   1.6777e-03   3.0430e+02
20260817_19:00:00   5.8054e-01   1.2433e+02   1.1450e+01   1.4168e-02   7.4542e-02   3.0265e+02
20260817_20:00:00   5.9665e-01   1.2680e+02   1.2112e+01   6.3722e-03   1.8789e-01   3.0057e+02
20260817_21:00:00   6.1735e-01   1.2975e+02   1.2425e+01   1.0091e-02   2.0363e-01   2.9771e+02
20260817_22:00:00   6.1680e-01   1.2969e+02   1.2441e+01   1.1132e-02   1.7613e-01   2.9644e+02
20260817_23:00:00   6.0604e-01   1.2833e+02   1.2519e+01   2.5842e-03   1.7961e-01   2.9578e+02
20260818_00:00:00   5.5524e-01   1.2093e+02   1.1684e+01   2.0940e-05   7.2341e-02   2.9547e+02
20260818_01:00:00   5.7604e-01   1.2404e+02   1.2035e+01   0.0000e+00   1.4009e-01   2.9523e+02
20260818_02:00:00   5.8261e-01   1.2523e+02   1.2128e+01   0.0000e+00   2.5443e-02   2.9575e+02
20260818_03:00:00   5.4933e-01   1.2049e+02   1.1377e+01   0.0000e+00   1.6452e-05   2.9492e+02
20260818_04:00:00   5.3223e-01   1.1775e+02   1.1091e+01   0.0000e+00   7.3760e-07   2.9399e+02
20260818_05:00:00   5.2472e-01   1.1647e+02   1.0985e+01   0.0000e+00   0.0000e+00   2.9360e+02
20260818_06:00:00   5.2982e-01   1.1706e+02   1.1207e+01   0.0000e+00   0.0000e+00   2.9260e+02
20260818_07:00:00   5.2724e-01   1.1650e+02   1.1179e+01   0.0000e+00   0.0000e+00   2.9462e+02
20260818_08:00:00   4.8439e-01   1.0964e+02   1.0200e+01   0.0000e+00   3.7599e-04   2.9370e+02
20260818_09:00:00   5.0113e-01   1.1225e+02   1.0501e+01   0.0000e+00   0.0000e+00   2.9326e+02
20260818_10:00:00   5.5904e-01   1.2150e+02   1.1576e+01   0.0000e+00   4.0820e-05   2.9469e+02
20260818_11:00:00   5.7531e-01   1.2415e+02   1.1828e+01   0.0000e+00   0.0000e+00   2.9534e+02
20260818_12:00:00   5.6027e-01   1.2185e+02   1.1557e+01   0.0000e+00   0.0000e+00   2.9531e+02
20260818_13:00:00   5.8066e-01   1.2483e+02   1.1993e+01   0.0000e+00   8.4220e-04   2.9437e+02
20260818_14:00:00   6.0002e-01   1.2754e+02   1.2486e+01   0.0000e+00   2.9744e-03   2.9381e+02
20260818_15:00:00   6.1994e-01   1.3041e+02   1.2882e+01   0.0000e+00   1.0862e-03   2.9292e+02
20260818_16:00:00   6.2852e-01   1.3172e+02   1.2980e+01   0.0000e+00   9.3200e-05   2.9343e+02
20260818_17:00:00   6.9246e-01   1.4051e+02   1.3397e+01   1.8094e-02   6.5018e-03   2.9347e+02
20260818_18:00:00   6.8374e-01   1.3950e+02   1.3659e+01   1.0590e-02   2.4008e-02   2.9319e+02
20260818_19:00:00   7.2927e-01   1.4524e+02   1.3738e+01   3.2035e-02   4.6551e-02   2.9234e+02
20260818_20:00:00   7.0499e-01   1.4266e+02   1.4301e+01   4.9354e-03   9.5200e-02   2.9255e+02
20260818_21:00:00   7.6162e-01   1.5023e+02   1.4912e+01   1.4687e-02   6.7540e-02   2.9130e+02
20260818_22:00:00   7.0649e-01   1.4299e+02   1.4300e+01   9.1820e-03   8.0749e-02   2.9065e+02
20260818_23:00:00   8.0533e-01   1.5589e+02   1.5651e+01   1.5176e-02   5.1730e-02   2.9009e+02
20260819_00:00:00   7.9490e-01   1.5490e+02   1.6026e+01   8.2721e-04   1.2385e-02   2.9102e+02
20260819_01:00:00   8.6346e-01   1.6234e+02   1.6608e+01   1.8271e-02   8.7130e-02   2.9030e+02
20260819_02:00:00   8.4694e-01   1.6049e+02   1.6902e+01   7.9230e-04   1.0044e-01   2.9010e+02
20260819_03:00:00   8.4699e-01   1.6059e+02   1.6609e+01   2.0080e-03   1.0860e-02   2.9233e+02
20260819_04:00:00   8.2295e-01   1.5793e+02   1.6123e+01   3.5680e-03   6.2903e-03   2.9233e+02
20260819_05:00:00   8.3152e-01   1.5889e+02   1.6203e+01   4.3420e-03   2.8880e-02   2.9212e+02
20260819_06:00:00   8.9768e-01   1.6643e+02   1.6419e+01   2.6280e-02   6.3679e-03   2.9292e+02
20260819_07:00:00   8.1283e-01   1.5658e+02   1.6278e+01   0.0000e+00   1.5807e-02   2.9163e+02
20260819_08:00:00   9.2870e-01   1.6921e+02   1.7694e+01   1.3494e-02   2.1091e-02   2.9053e+02
20260819_09:00:00   8.8328e-01   1.6409e+02   1.7070e+01   1.0622e-02   4.0774e-02   2.9061e+02
20260819_10:00:00   8.8520e-01   1.6435e+02   1.7350e+01   3.6938e-03   2.5557e-02   2.9192e+02
20260819_11:00:00   8.8254e-01   1.6409e+02   1.7340e+01   4.3000e-04   4.8760e-02   2.9349e+02
20260819_12:00:00   9.5326e-01   1.7152e+02   1.7741e+01   1.8756e-02   2.5846e-02   2.9447e+02
20260819_13:00:00   8.5084e-01   1.6013e+02   1.6450e+01   1.0405e-02   5.9294e-02   2.9663e+02
20260819_14:00:00   7.7465e-01   1.5102e+02   1.5654e+01   0.0000e+00   1.0422e-02   2.9516e+02
20260819_15:00:00   8.1094e-01   1.5572e+02   1.6009e+01   0.0000e+00   5.2695e-03   2.9495e+02
20260819_16:00:00   7.9053e-01   1.5351e+02   1.5583e+01   0.0000e+00   2.7921e-03   2.9523e+02
20260819_17:00:00   9.3409e-01   1.6943e+02   1.6025e+01   5.4974e-02   5.0626e-02   2.9630e+02
20260819_18:00:00   7.8008e-01   1.5179e+02   1.5135e+01   1.5798e-02   9.8996e-02   2.9665e+02
20260819_19:00:00   7.3486e-01   1.4607e+02   1.4610e+01   1.0726e-02   1.1188e-01   2.9519e+02
20260819_20:00:00   7.8238e-01   1.5210e+02   1.4953e+01   2.3586e-02   1.0602e-01   2.9586e+02
20260819_21:00:00   8.0643e-01   1.5515e+02   1.5180e+01   2.8975e-02   1.1779e-01   2.9788e+02
20260819_22:00:00   6.4026e-01   1.3354e+02   1.3412e+01   2.8320e-04   1.0950e-03   2.9772e+02
20260819_23:00:00   5.3334e-01   1.1696e+02   1.1404e+01   1.4416e-03   1.7440e-03   2.9985e+02
20260820_00:00:00   4.7956e-01   1.0784e+02   1.0437e+01   0.0000e+00   5.3496e-04   3.0423e+02
20260820_01:00:00   4.7328e-01   1.0640e+02   1.0281e+01   0.0000e+00   6.7506e-04   3.0653e+02
20260820_02:00:00   5.0504e-01   1.1128e+02   1.0562e+01   6.7853e-03   1.2091e-02   3.0788e+02
20260820_03:00:00   4.9086e-01   1.0920e+02   1.0313e+01   3.1520e-03   2.3562e-02   3.0949e+02
20260820_04:00:00   4.8410e-01   1.0884e+02   1.0053e+01   5.0940e-05   1.2866e-02   3.1102e+02
20260820_05:00:00   4.8096e-01   1.0875e+02   9.7732e+00   0.0000e+00   4.9000e-05   3.1081e+02
20260820_06:00:00   4.7308e-01   1.0760e+02   9.5461e+00   0.0000e+00   3.6640e-04   3.1148e+02
20260820_07:00:00   4.6140e-01   1.0576e+02   9.2253e+00   0.0000e+00   0.0000e+00   3.0895e+02
20260820_08:00:00   4.4625e-01   1.0328e+02   8.8587e+00   0.0000e+00   0.0000e+00   3.0918e+02
20260820_09:00:00   4.3501e-01   1.0135e+02   8.5740e+00   0.0000e+00   0.0000e+00   3.1179e+02
20260820_10:00:00   4.0781e-01   9.6502e+01   8.1058e+00   0.0000e+00   0.0000e+00   3.1129e+02
20260820_11:00:00   3.7748e-01   9.0953e+01   7.5284e+00   0.0000e+00   0.0000e+00   3.1061e+02
20260820_12:00:00   3.4933e-01   8.5560e+01   7.0392e+00   0.0000e+00   0.0000e+00   3.0667e+02
20260820_15:00:00   3.1054e-01   7.7564e+01   6.5394e+00   0.0000e+00   0.0000e+00   3.0793e+02
20260820_18:00:00   3.9620e-01   9.3587e+01   8.6041e+00   0.0000e+00   0.0000e+00   3.0120e+02
20260820_21:00:00   4.6492e-01   1.0534e+02   1.0341e+01   0.0000e+00   5.5444e-04   2.9827e+02
20260821_00:00:00   5.3121e-01   1.1660e+02   1.1573e+01   0.0000e+00   1.0707e-02   2.9495e+02
20260821_03:00:00   5.4736e-01   1.1961e+02   1.1649e+01   0.0000e+00   5.8620e-05   2.9391e+02
20260821_06:00:00   4.9045e-01   1.1106e+02   1.0331e+01   0.0000e+00   0.0000e+00   2.8820e+02
20260821_09:00:00   4.8013e-01   1.0970e+02   1.0041e+01   0.0000e+00   0.0000e+00   2.8609e+02
20260821_12:00:00   4.7348e-01   1.0840e+02   9.9310e+00   0.0000e+00   2.0300e-03   2.8261e+02
20260821_15:00:00   4.7783e-01   1.0895e+02   1.0083e+01   0.0000e+00   9.1080e-05   2.8246e+02
20260821_18:00:00   5.0090e-01   1.1304e+02   1.0701e+01   0.0000e+00   1.1480e-05   2.8308e+02
20260821_21:00:00   5.3839e-01   1.1893e+02   1.1745e+01   7.5720e-04   6.7370e-03   2.8086e+02
20260822_00:00:00   5.8733e-01   1.2663e+02   1.2649e+01   8.6400e-05   5.5530e-02   2.8028e+02
20260822_03:00:00   5.2243e-01   1.1731e+02   1.1129e+01   0.0000e+00   0.0000e+00   2.7811e+02
20260822_06:00:00   4.5557e-01   1.0611e+02   9.9079e+00   0.0000e+00   0.0000e+00   2.7757e+02
20260822_09:00:00   4.4965e-01   1.0503e+02   9.7586e+00   0.0000e+00   2.1738e-05   2.8072e+02
20260822_12:00:00   4.4035e-01   1.0335e+02   9.5840e+00   0.0000e+00   1.3130e-04   2.7700e+02
20260822_15:00:00   5.4623e-01   1.2019e+02   1.1966e+01   0.0000e+00   5.4532e-03   2.7811e+02
20260822_18:00:00   5.7836e-01   1.2582e+02   1.2591e+01   0.0000e+00   1.7410e-03   2.7890e+02
20260822_21:00:00   7.3696e-01   1.4700e+02   1.4454e+01   3.6162e-02   2.6161e-01   2.8121e+02
20260823_00:00:00   6.2666e-01   1.3291e+02   1.3607e+01   4.7660e-03   8.8226e-02   2.7968e+02
20260823_03:00:00   6.9568e-01   1.4307e+02   1.4664e+01   1.0116e-03   8.2310e-02   2.7569e+02
20260823_06:00:00   8.3792e-01   1.6102e+02   1.6967e+01   2.8040e-04   1.1354e-01   2.7620e+02
20260823_09:00:00   7.8506e-01   1.5519e+02   1.5847e+01   0.0000e+00   5.8600e-04   2.7655e+02
20260823_12:00:00   7.7786e-01   1.5386e+02   1.5935e+01   0.0000e+00   6.7699e-02   2.7660e+02
20260823_15:00:00   6.1961e-01   1.3331e+02   1.2402e+01   0.0000e+00   5.8140e-05   2.7595e+02
20260823_18:00:00   7.9646e-01   1.5632e+02   1.6265e+01   4.3560e-04   4.6334e-04   2.7943e+02
20260823_21:00:00   7.3419e-01   1.4840e+02   1.5005e+01   7.1558e-03   2.2741e-02   2.7691e+02
20260824_00:00:00   1.2036e+00   1.9656e+02   1.8357e+01   1.2394e-01   2.0932e-01   2.7710e+02
20260824_03:00:00   2.3438e+00   2.5076e+02   2.2799e+01   4.7285e-01   6.0764e-01   2.7728e+02
20260824_06:00:00   9.6424e-01   1.7481e+02   1.7880e+01   0.0000e+00   2.6658e-05   2.7997e+02
20260824_09:00:00   9.4425e-01   1.7228e+02   1.8411e+01   0.0000e+00   1.9787e-03   2.8112e+02
20260824_12:00:00   1.0555e+00   1.8287e+02   2.0017e+01   0.0000e+00   5.1891e-02   2.8005e+02
20260824_15:00:00   1.0400e+00   1.8165e+02   1.9227e+01   7.2670e-03   4.6392e-04   2.7875e+02
20260824_18:00:00   1.0489e+00   1.8356e+02   1.9362e+01   2.1060e-03   1.0414e-04   2.7751e+02
20260824_21:00:00   1.2648e+00   2.0234e+02   1.9215e+01   9.8472e-02   8.9459e-02   2.7869e+02
20260825_00:00:00   1.2918e+00   2.0393e+02   1.9719e+01   9.7673e-02   7.3873e-02   2.7891e+02
20260825_03:00:00   9.1540e-01   1.7019e+02   1.7463e+01   1.0310e-03   7.0720e-05   2.7947e+02
20260825_06:00:00   8.4465e-01   1.6208e+02   1.6512e+01   0.0000e+00   0.0000e+00   2.8042e+02
20260825_09:00:00   7.6248e-01   1.5182e+02   1.5316e+01   0.0000e+00   5.7535e-04   2.7863e+02
20260825_12:00:00   8.0458e-01   1.5655e+02   1.6230e+01   0.0000e+00   5.8250e-03   2.7859e+02
20260825_15:00:00   8.9780e-01   1.6698e+02   1.7975e+01   0.0000e+00   7.9026e-03   2.8102e+02
20260825_18:00:00   1.0211e+00   1.8056e+02   1.8861e+01   2.3785e-02   7.3254e-04   2.7845e+02
20260825_21:00:00   8.4981e-01   1.6253e+02   1.6428e+01   1.5281e-02   2.8583e-02   2.8306e+02
20260826_00:00:00   9.5475e-01   1.7340e+02   1.6811e+01   5.9362e-02   1.3270e-01   2.8368e+02
20260826_03:00:00   8.1591e-01   1.5855e+02   1.6257e+01   1.9914e-03   4.3352e-03   2.8346e+02
20260826_06:00:00   7.4112e-01   1.4867e+02   1.5239e+01   0.0000e+00   8.3220e-05   2.8282e+02
20260826_09:00:00   7.8682e-01   1.5388e+02   1.6072e+01   0.0000e+00   2.3839e-04   2.8242e+02
20260826_12:00:00   8.3997e-01   1.6006e+02   1.7212e+01   0.0000e+00   2.0469e-02   2.8110e+02
20260826_15:00:00   8.8678e-01   1.6520e+02   1.7884e+01   0.0000e+00   1.1854e-01   2.8116e+02
20260826_18:00:00   9.2987e-01   1.7001e+02   1.8512e+01   3.6240e-04   1.9873e-01   2.7972e+02
20260826_21:00:00   1.4140e+00   2.1163e+02   1.8398e+01   2.0079e-01   2.9183e-02   2.8145e+02
20260827_00:00:00   1.4028e+00   2.1045e+02   1.8367e+01   2.0652e-01   1.4943e-01   2.8041e+02
20260827_03:00:00   9.7430e-01   1.7469e+02   1.9054e+01   4.8902e-03   2.8319e-01   2.8197e+02
20260827_06:00:00   8.1204e-01   1.5713e+02   1.6353e+01   0.0000e+00   2.8347e-02   2.8135e+02
20260827_09:00:00   7.7080e-01   1.5146e+02   1.5856e+01   0.0000e+00   3.7906e-03   2.8005e+02
20260827_12:00:00   8.1744e-01   1.5717e+02   1.6645e+01   0.0000e+00   9.5634e-02   2.8105e+02
20260827_15:00:00   7.1675e-01   1.4425e+02   1.4804e+01   1.7080e-03   1.0062e-01   2.8052e+02
20260827_18:00:00   7.6807e-01   1.5171e+02   1.5459e+01   0.0000e+00   1.2794e-02   2.8248e+02
20260827_21:00:00   8.3826e-01   1.6005e+02   1.6316e+01   1.5924e-02   8.5302e-02   2.8331e+02
20260828_00:00:00   7.5589e-01   1.4969e+02   1.5411e+01   6.1081e-03   3.6311e-02   2.8218e+02
20260828_03:00:00   6.9556e-01   1.4078e+02   1.4584e+01   5.5860e-05   6.4116e-02   2.8272e+02
20260828_06:00:00   6.4863e-01   1.3401e+02   1.3694e+01   0.0000e+00   3.2319e-02   2.8195e+02
20260828_09:00:00   6.5481e-01   1.3518e+02   1.3629e+01   0.0000e+00   1.4791e-02   2.8228e+02
20260828_12:00:00   6.4816e-01   1.3385e+02   1.3464e+01   0.0000e+00   2.0335e-02   2.8234e+02
20260828_15:00:00   5.9787e-01   1.2616e+02   1.2570e+01   0.0000e+00   5.2650e-03   2.8308e+02
20260828_18:00:00   5.0922e-01   1.1329e+02   1.0803e+01   7.3320e-05   1.3180e-04   2.8303e+02
20260828_21:00:00   5.3751e-01   1.1714e+02   1.1421e+01   5.0821e-03   8.6409e-02   2.8530e+02
20260829_00:00:00   4.5977e-01   1.0451e+02   1.0115e+01   9.4040e-05   1.5872e-02   2.8554e+02
20260829_03:00:00   5.9195e-01   1.2705e+02   1.1977e+01   0.0000e+00   5.8180e-07   2.8582e+02
20260829_06:00:00   6.0991e-01   1.2946e+02   1.2177e+01   0.0000e+00   8.1460e-06   2.8537e+02
20260829_09:00:00   6.0373e-01   1.2835e+02   1.2130e+01   0.0000e+00   8.7021e-03   2.8630e+02
20260829_12:00:00   6.1112e-01   1.2921e+02   1.2288e+01   0.0000e+00   8.7019e-03   2.8718e+02
20260829_15:00:00   6.4031e-01   1.3300e+02   1.3010e+01   0.0000e+00   1.2964e-02   2.8767e+02
20260829_18:00:00   8.1000e-01   1.5565e+02   1.5913e+01   0.0000e+00   1.3405e-01   2.8755e+02
20260829_21:00:00   2.8588e+00   2.5959e+02   2.0020e+01   7.8495e-01   1.3983e+00   2.8669e+02
20260830_00:00:00   7.8826e-01   1.5209e+02   1.5698e+01   1.2196e-04   2.3938e-01   2.8777e+02
20260830_03:00:00   6.8348e-01   1.3927e+02   1.3847e+01   0.0000e+00   1.5572e-03   2.8529e+02
20260830_06:00:00   5.7470e-01   1.2396e+02   1.1793e+01   0.0000e+00   8.1199e-05   2.8501e+02
20260830_09:00:00   5.1867e-01   1.1560e+02   1.0363e+01   0.0000e+00   1.4002e-03   2.8702e+02
20260830_12:00:00   4.3748e-01   1.0175e+02   8.8852e+00   0.0000e+00   1.1318e-05   2.8726e+02
20260830_15:00:00   3.9016e-01   9.3167e+01   8.0402e+00   0.0000e+00   0.0000e+00   2.8773e+02
20260830_18:00:00   3.5936e-01   8.7408e+01   7.5991e+00   0.0000e+00   0.0000e+00   2.8792e+02
20260830_21:00:00   4.7275e-01   1.0709e+02   1.0083e+01   1.4350e-04   4.6236e-03   2.8667e+02
20260831_00:00:00   5.7381e-01   1.2385e+02   1.1942e+01   0.0000e+00   9.9595e-04   2.8625e+02
20260831_03:00:00   5.4235e-01   1.1940e+02   1.1301e+01   0.0000e+00   8.5459e-05   2.8519e+02
20260831_06:00:00   6.3705e-01   1.3333e+02   1.3051e+01   4.5280e-05   5.5176e-04   2.8501e+02
20260831_09:00:00   6.4055e-01   1.3376e+02   1.3212e+01   0.0000e+00   2.3260e-02   2.8154e+02
20260831_12:00:00   6.7778e-01   1.3881e+02   1.3926e+01   0.0000e+00   8.4761e-02   2.8178e+02
