#            date       tau255        Tb[K]      pwv[mm] lwp[kg*m^-2] iwp[kg*m^-2]       o3[DU]
20260831_12:00:00   3.7921e-01   9.0699e+01   7.5533e+00   0.0000e+00   5.7085e-03   2.9590e+02
20260831_13:00:00   3.4897e-01   8.4889e+01   6.9896e+00   0.0000e+00   8.9300e-03   2.9653e+02
20260831_14:00:00   3.4402e-01   8.3846e+01   6.9060e+00   0.0000e+00   2.6060e-02   2.9607e+02
20260831_15:00:00   3.5315e-01   8.5406e+01   7.1989e+00   0.0000e+00   2.5355e-02   2.9449e+02
20260831_16:00:00   4.2745e-01   9.8996e+01   8.6898e+00   0.0000e+00   3.7727e-02   2.9497e+02
20260831_17:00:00   5.1435e-01   1.1369e+02   1.0379e+01   0.0000e+00   6.1015e-02   2.9634e+02
20260831_18:00:00   5.7368e-01   1.2306e+02   1.1514e+01   0.0000e+00   1.0697e-01   2.9638e+02
20260831_19:00:00   6.1739e-01   1.2969e+02   1.2381e+01   0.0000e+00   1.0200e-01   2.9373e+02
20260831_20:00:00   6.6730e-01   1.3669e+02   1.3453e+01   3.8040e-04   6.0523e-02   2.9211e+02
20260831_21:00:00   7.1328e-01   1.4269e+02   1.4197e+01   6.6795e-03   9.1230e-02   2.9008e+02
20260831_22:00:00   7.6464e-01   1.4919e+02   1.5353e+01   6.0856e-04   1.8980e-01   2.8857e+02
20260831_23:00:00   8.5034e-01   1.5946e+02   1.5982e+01   2.1717e-02   2.5538e-01   2.8839e+02
20260901_00:00:00   9.4086e-01   1.6942e+02   1.6936e+01   3.0788e-02   3.0984e-01   2.8900e+02
20260901_01:00:00   9.4928e-01   1.7017e+02   1.7220e+01   2.4775e-02   2.6362e-01   2.8976e+02
20260901_02:00:00   1.0572e+00   1.8065e+02   1.7897e+01   4.6488e-02   3.7108e-01   2.9038e+02
20260901_03:00:00   9.5463e-01   1.7037e+02   1.8021e+01   1.8685e-04   4.5064e-01   2.9033e+02
20260901_04:00:00   9.8733e-01   1.7376e+02   1.8086e+01   1.2529e-02   3.3405e-01   2.9055e+02
20260901_05:00:00   9.5666e-01   1.7063e+02   1.7921e+01   7.1180e-03   7.3515e-02   2.9071e+02
20260901_06:00:00   1.7493e+00   2.2787e+02   1.8629e+01   3.1086e-01   2.6701e-01   2.9061e+02
20260901_07:00:00   2.2984e+00   2.4807e+02   1.8715e+01   5.3330e-01   7.0542e-02   2.9050e+02
20260901_08:00:00   2.2230e+00   2.4606e+02   1.8223e+01   5.0831e-01   2.7456e-02   2.9267e+02
20260901_09:00:00   1.2382e+00   1.9668e+02   1.7040e+01   1.3276e-01   3.2372e-02   2.9350e+02
20260901_10:00:00   8.3602e-01   1.5729e+02   1.5829e+01   9.4158e-04   3.7155e-02   2.9496e+02
20260901_11:00:00   7.8833e-01   1.5166e+02   1.5118e+01   0.0000e+00   3.4052e-02   2.9576e+02
20260901_12:00:00   7.8533e-01   1.5131e+02   1.4981e+01   0.0000e+00   6.5787e-02   2.9204e+02
20260901_13:00:00   7.2573e-01   1.4391e+02   1.4031e+01   0.0000e+00   2.4512e-02   2.9240e+02
20260901_14:00:00   6.5061e-01   1.3397e+02   1.2609e+01   0.0000e+00   6.0919e-03   2.9506e+02
20260901_15:00:00   5.9114e-01   1.2589e+02   1.1018e+01   0.0000e+00   5.1826e-04   2.9570e+02
20260901_16:00:00   5.5184e-01   1.2037e+02   1.0017e+01   1.7544e-04   3.1943e-05   2.9635e+02
20260901_17:00:00   5.5959e-01   1.2170e+02   1.0277e+01   0.0000e+00   0.0000e+00   2.9633e+02
20260901_18:00:00   5.6110e-01   1.2188e+02   1.0536e+01   3.6980e-05   1.2486e-04   2.9351e+02
20260901_19:00:00   5.3673e-01   1.1799e+02   1.0411e+01   0.0000e+00   2.7838e-04   2.9247e+02
20260901_20:00:00   5.3752e-01   1.1797e+02   1.0531e+01   1.7938e-03   5.9180e-04   2.9163e+02
20260901_21:00:00   5.5401e-01   1.2049e+02   1.0982e+01   1.2022e-03   2.4080e-03   2.8991e+02
20260901_22:00:00   5.2369e-01   1.1570e+02   1.0595e+01   1.8800e-04   2.7482e-03   2.8898e+02
20260901_23:00:00   5.4836e-01   1.1972e+02   1.1050e+01   0.0000e+00   8.7567e-04   2.8946e+02
20260902_00:00:00   5.6990e-01   1.2307e+02   1.1409e+01   4.2806e-05   2.6436e-03   2.8924e+02
20260902_01:00:00   5.6892e-01   1.2306e+02   1.1292e+01   0.0000e+00   2.2983e-03   2.8814e+02
20260902_02:00:00   5.2807e-01   1.1689e+02   1.0409e+01   0.0000e+00   1.4468e-05   2.8715e+02
20260902_03:00:00   4.9170e-01   1.1103e+02   9.6752e+00   0.0000e+00   0.0000e+00   2.8348e+02
20260902_04:00:00   4.8467e-01   1.0976e+02   9.5388e+00   0.0000e+00   0.0000e+00   2.8164e+02
20260902_05:00:00   5.3415e-01   1.1751e+02   1.0537e+01   0.0000e+00   0.0000e+00   2.8123e+02
20260902_06:00:00   5.8996e-01   1.2596e+02   1.1541e+01   0.0000e+00   1.8574e-05   2.8070e+02
20260902_07:00:00   6.5977e-01   1.3631e+02   1.2519e+01   0.0000e+00   1.5804e-04   2.8041e+02
20260902_08:00:00   6.4535e-01   1.3435e+02   1.2247e+01   0.0000e+00   0.0000e+00   2.7894e+02
20260902_09:00:00   6.4697e-01   1.3428e+02   1.2461e+01   0.0000e+00   0.0000e+00   2.7768e+02
20260902_10:00:00   6.5192e-01   1.3497e+02   1.2499e+01   0.0000e+00   0.0000e+00   2.7702e+02
20260902_11:00:00   6.3032e-01   1.3195e+02   1.2030e+01   0.0000e+00   0.0000e+00   2.7594e+02
20260902_12:00:00   6.2822e-01   1.3166e+02   1.1836e+01   5.5320e-04   2.5500e-05   2.7546e+02
20260902_13:00:00   6.3234e-01   1.3217e+02   1.1997e+01   0.0000e+00   0.0000e+00   2.7520e+02
20260902_14:00:00   6.1348e-01   1.2945e+02   1.1730e+01   0.0000e+00   0.0000e+00   2.7455e+02
20260902_15:00:00   5.8256e-01   1.2485e+02   1.1170e+01   0.0000e+00   0.0000e+00   2.7523e+02
20260902_16:00:00   5.8768e-01   1.2557e+02   1.1315e+01   0.0000e+00   1.5392e-04   2.7610e+02
20260902_17:00:00   7.5576e-01   1.4865e+02   1.2862e+01   3.3177e-02   5.1036e-04   2.7838e+02
20260902_18:00:00   6.7609e-01   1.3836e+02   1.1834e+01   2.4560e-02   7.1100e-04   2.8001e+02
20260902_19:00:00   6.1729e-01   1.2976e+02   1.1860e+01   7.1770e-03   4.3223e-03   2.7960e+02
20260902_20:00:00   7.0211e-01   1.4114e+02   1.2699e+01   3.1114e-02   8.1513e-02   2.7803e+02
20260902_21:00:00   6.2346e-01   1.3101e+02   1.2488e+01   1.1886e-04   1.7718e-02   2.7937e+02
20260902_22:00:00   6.1092e-01   1.2893e+02   1.2292e+01   2.1520e-05   3.1369e-02   2.8109e+02
20260902_23:00:00   5.2745e-01   1.1626e+02   1.0818e+01   3.9700e-04   2.0203e-03   2.8352e+02
20260903_00:00:00   5.7486e-01   1.2362e+02   1.1529e+01   1.2189e-03   5.2797e-02   2.9021e+02
20260903_01:00:00   5.8238e-01   1.2486e+02   1.1718e+01   7.8120e-05   1.0937e-02   2.9534e+02
20260903_02:00:00   6.2538e-01   1.3081e+02   1.2474e+01   0.0000e+00   1.5020e-02   2.9777e+02
20260903_03:00:00   5.3399e-01   1.1759e+02   1.0642e+01   0.0000e+00   2.9424e-04   2.9955e+02
20260903_04:00:00   5.4956e-01   1.1985e+02   1.0943e+01   0.0000e+00   0.0000e+00   3.0242e+02
20260903_05:00:00   4.9669e-01   1.1145e+02   9.8776e+00   0.0000e+00   0.0000e+00   3.0367e+02
20260903_06:00:00   4.8660e-01   1.0980e+02   9.6999e+00   0.0000e+00   0.0000e+00   3.0188e+02
20260903_07:00:00   4.6037e-01   1.0541e+02   9.1961e+00   0.0000e+00   0.0000e+00   3.0289e+02
20260903_08:00:00   4.5488e-01   1.0434e+02   9.0825e+00   0.0000e+00   0.0000e+00   3.0262e+02
20260903_09:00:00   4.6349e-01   1.0557e+02   9.2689e+00   0.0000e+00   0.0000e+00   3.0058e+02
20260903_10:00:00   4.6339e-01   1.0525e+02   9.3147e+00   0.0000e+00   0.0000e+00   2.9978e+02
20260903_11:00:00   4.0479e-01   9.4863e+01   8.2820e+00   0.0000e+00   3.9980e-05   2.9871e+02
20260903_12:00:00   3.7289e-01   8.9007e+01   7.7067e+00   0.0000e+00   1.1932e-04   2.9790e+02
20260903_13:00:00   3.5467e-01   8.5595e+01   7.3748e+00   0.0000e+00   2.2580e-04   2.9804e+02
20260903_14:00:00   3.2387e-01   7.9634e+01   6.8011e+00   0.0000e+00   1.7432e-03   2.9934e+02
20260903_15:00:00   3.2068e-01   7.9033e+01   6.7070e+00   0.0000e+00   2.5960e-03   3.0227e+02
20260903_16:00:00   3.6127e-01   8.6854e+01   7.4943e+00   0.0000e+00   3.9276e-04   3.0417e+02
20260903_17:00:00   3.6708e-01   8.7940e+01   7.7009e+00   0.0000e+00   1.2934e-04   3.0387e+02
20260903_18:00:00   3.9847e-01   9.3713e+01   8.3856e+00   0.0000e+00   3.0620e-04   3.0359e+02
20260903_19:00:00   4.0827e-01   9.5544e+01   8.6972e+00   0.0000e+00   0.0000e+00   3.0243e+02
20260903_20:00:00   4.2424e-01   9.8411e+01   9.1256e+00   0.0000e+00   1.1758e-04   3.0016e+02
20260903_21:00:00   4.2163e-01   9.7752e+01   9.1688e+00   0.0000e+00   1.2303e-03   3.0018e+02
20260903_22:00:00   4.2377e-01   9.8048e+01   9.2689e+00   0.0000e+00   3.9997e-04   3.0208e+02
20260903_23:00:00   4.4430e-01   1.0175e+02   9.6533e+00   0.0000e+00   8.5140e-06   3.0393e+02
20260904_00:00:00   4.3229e-01   9.9679e+01   9.4450e+00   0.0000e+00   0.0000e+00   3.0370e+02
20260904_01:00:00   4.3314e-01   9.9835e+01   9.4480e+00   0.0000e+00   3.8600e-06   3.0192e+02
20260904_02:00:00   4.3980e-01   1.0105e+02   9.5623e+00   0.0000e+00   6.2860e-06   3.0122e+02
20260904_03:00:00   4.7161e-01   1.0669e+02   1.0118e+01   0.0000e+00   0.0000e+00   3.0027e+02
20260904_04:00:00   4.6771e-01   1.0614e+02   1.0029e+01   0.0000e+00   7.9120e-06   2.9878e+02
20260904_05:00:00   4.5064e-01   1.0324e+02   9.6803e+00   0.0000e+00   1.1600e-05   2.9821e+02
20260904_06:00:00   4.5686e-01   1.0431e+02   9.7289e+00   0.0000e+00   0.0000e+00   2.9878e+02
20260904_07:00:00   4.3622e-01   1.0088e+02   9.2381e+00   0.0000e+00   0.0000e+00   2.9929e+02
20260904_08:00:00   4.3187e-01   1.0030e+02   9.0474e+00   0.0000e+00   0.0000e+00   2.9897e+02
20260904_09:00:00   4.3179e-01   1.0039e+02   8.9490e+00   0.0000e+00   0.0000e+00   2.9691e+02
20260904_10:00:00   4.2561e-01   9.9468e+01   8.7057e+00   0.0000e+00   0.0000e+00   2.9561e+02
20260904_11:00:00   4.4628e-01   1.0314e+02   9.0642e+00   0.0000e+00   0.0000e+00   2.9523e+02
20260904_12:00:00   4.5072e-01   1.0387e+02   9.1793e+00   0.0000e+00   0.0000e+00   2.9647e+02
20260904_13:00:00   4.5996e-01   1.0544e+02   9.3240e+00   0.0000e+00   0.0000e+00   2.9672e+02
20260904_14:00:00   4.7328e-01   1.0773e+02   9.5423e+00   0.0000e+00   0.0000e+00   2.9614e+02
20260904_15:00:00   4.7430e-01   1.0783e+02   9.5623e+00   0.0000e+00   0.0000e+00   2.9517e+02
20260904_16:00:00   5.0556e-01   1.1305e+02   1.0136e+01   0.0000e+00   0.0000e+00   2.9499e+02
20260904_17:00:00   5.3155e-01   1.1746e+02   1.0625e+01   0.0000e+00   0.0000e+00   2.9418e+02
20260904_18:00:00   5.7711e-01   1.2461e+02   1.1499e+01   0.0000e+00   0.0000e+00   2.9193e+02
20260904_19:00:00   6.0821e-01   1.2939e+02   1.2174e+01   0.0000e+00   8.1800e-05   2.9038e+02
20260904_20:00:00   6.4002e-01   1.3386e+02   1.2705e+01   5.0640e-03   2.9727e-03   2.8946e+02
20260904_21:00:00   7.0579e-01   1.4290e+02   1.3484e+01   1.6143e-02   5.4251e-02   2.8869e+02
20260904_22:00:00   6.5105e-01   1.3572e+02   1.3222e+01   7.5080e-04   1.3091e-03   2.8856e+02
20260904_23:00:00   6.7917e-01   1.3957e+02   1.3667e+01   3.3447e-03   2.9135e-02   2.8865e+02
20260905_00:00:00   6.6578e-01   1.3798e+02   1.3408e+01   1.2110e-03   1.0173e-02   2.8749e+02
20260905_01:00:00   6.2065e-01   1.3165e+02   1.2613e+01   7.1740e-06   1.9616e-03   2.8635e+02
20260905_02:00:00   5.8995e-01   1.2706e+02   1.2002e+01   0.0000e+00   4.5521e-03   2.8549e+02
20260905_03:00:00   6.1805e-01   1.3142e+02   1.2290e+01   0.0000e+00   0.0000e+00   2.8261e+02
20260905_04:00:00   6.3823e-01   1.3439e+02   1.2508e+01   0.0000e+00   9.3100e-06   2.8043e+02
20260905_05:00:00   6.4759e-01   1.3565e+02   1.2671e+01   0.0000e+00   0.0000e+00   2.7818e+02
20260905_06:00:00   6.1569e-01   1.3100e+02   1.2121e+01   0.0000e+00   0.0000e+00   2.7741e+02
20260905_07:00:00   6.1440e-01   1.3089e+02   1.2014e+01   0.0000e+00   0.0000e+00   2.7717e+02
20260905_08:00:00   6.2458e-01   1.3238e+02   1.2141e+01   0.0000e+00   0.0000e+00   2.7686e+02
20260905_09:00:00   6.6980e-01   1.3865e+02   1.3047e+01   0.0000e+00   0.0000e+00   2.7642e+02
20260905_10:00:00   7.1184e-01   1.4407e+02   1.3868e+01   0.0000e+00   0.0000e+00   2.7586e+02
20260905_11:00:00   7.2366e-01   1.4545e+02   1.4075e+01   0.0000e+00   2.6560e-06   2.7498e+02
20260905_12:00:00   6.9340e-01   1.4146e+02   1.3457e+01   1.6412e-04   1.0996e-05   2.7502e+02
20260905_15:00:00   6.3268e-01   1.3344e+02   1.2048e+01   0.0000e+00   0.0000e+00   2.7433e+02
20260905_18:00:00   7.8949e-01   1.5446e+02   1.3283e+01   4.0381e-02   1.3042e-02   2.7264e+02
20260905_21:00:00   7.4558e-01   1.4914e+02   1.4534e+01   1.6218e-03   2.4892e-02   2.7105e+02
20260906_00:00:00   8.0884e-01   1.5659e+02   1.5600e+01   1.3918e-02   1.2550e-01   2.7056e+02
20260906_03:00:00   8.1032e-01   1.5616e+02   1.6432e+01   0.0000e+00   1.9353e-01   2.7235e+02
20260906_06:00:00   9.5493e-01   1.7198e+02   1.8595e+01   6.2598e-03   2.8666e-01   2.7152e+02
20260906_09:00:00   2.2913e+00   2.4813e+02   2.1217e+01   4.9177e-01   5.7733e-01   2.6917e+02
20260906_12:00:00   2.6503e+00   2.5677e+02   2.2061e+01   6.0490e-01   2.3218e-01   2.6695e+02
20260906_15:00:00   2.0781e+00   2.4202e+02   2.0890e+01   3.9822e-01   5.3281e-03   2.6558e+02
20260906_18:00:00   1.9435e+00   2.3765e+02   2.1029e+01   3.3598e-01   9.0340e-03   2.6298e+02
20260906_21:00:00   1.5664e+00   2.2079e+02   2.1162e+01   1.8270e-01   1.8778e-03   2.6218e+02
20260907_00:00:00   1.1000e+00   1.8811e+02   2.0697e+01   3.2202e-03   4.2644e-05   2.6362e+02
20260907_03:00:00   1.1107e+00   1.8928e+02   2.0599e+01   3.0218e-03   1.3964e-06   2.6603e+02
20260907_06:00:00   1.0074e+00   1.8010e+02   1.8986e+01   0.0000e+00   0.0000e+00   2.6397e+02
20260907_09:00:00   1.0400e+00   1.8329e+02   1.9436e+01   3.9860e-04   1.9866e-06   2.6439e+02
20260907_12:00:00   9.7523e-01   1.7693e+02   1.8096e+01   0.0000e+00   0.0000e+00   2.6729e+02
20260907_15:00:00   8.7166e-01   1.6615e+02   1.6137e+01   0.0000e+00   0.0000e+00   2.6955e+02
20260907_18:00:00   8.3127e-01   1.6168e+02   1.5469e+01   7.1979e-03   3.9099e-05   2.6520e+02
20260907_21:00:00   9.0751e-01   1.6992e+02   1.5744e+01   5.1216e-02   1.1408e-02   2.6234e+02
20260908_00:00:00   1.1698e+00   1.9577e+02   1.7823e+01   1.0304e-01   2.5847e-02   2.6321e+02
20260908_03:00:00   9.6183e-01   1.7638e+02   1.8143e+01   5.9268e-03   1.4364e-03   2.6146e+02
20260908_06:00:00   1.0831e+00   1.8785e+02   1.7622e+01   6.8115e-02   2.5278e-03   2.6088e+02
20260908_09:00:00   8.4485e-01   1.6352e+02   1.6307e+01   0.0000e+00   0.0000e+00   2.6242e+02
20260908_12:00:00   8.5896e-01   1.6474e+02   1.6362e+01   4.3980e-03   1.7220e-05   2.6613e+02
20260908_15:00:00   7.8354e-01   1.5540e+02   1.5417e+01   0.0000e+00   0.0000e+00   2.6327e+02
20260908_18:00:00   8.1866e-01   1.5989e+02   1.6031e+01   1.9760e-03   6.0300e-05   2.6491e+02
20260908_21:00:00   1.6763e+00   2.2756e+02   1.9035e+01   3.0748e-01   1.2722e-01   2.6665e+02
20260909_00:00:00   1.0724e+00   1.8669e+02   1.9614e+01   3.2851e-02   1.8403e-02   2.7194e+02
20260909_03:00:00   1.1195e+00   1.9005e+02   1.9739e+01   3.9383e-02   4.8044e-02   2.7153e+02
20260909_06:00:00   1.1670e+00   1.9372e+02   2.0543e+01   4.2453e-02   1.4315e-01   2.7115e+02
20260909_09:00:00   7.5753e-01   1.5156e+02   1.4837e+01   4.4260e-06   2.9500e-07   2.7076e+02
20260909_12:00:00   6.5472e-01   1.3744e+02   1.2874e+01   0.0000e+00   0.0000e+00   2.7081e+02
20260909_15:00:00   7.1490e-01   1.4557e+02   1.3749e+01   0.0000e+00   0.0000e+00   2.7537e+02
20260909_18:00:00   1.2752e+00   2.0212e+02   1.6332e+01   1.7528e-01   4.0000e-04   2.7722e+02
20260909_21:00:00   8.6372e-01   1.6391e+02   1.6910e+01   2.7804e-03   1.3868e-03   2.7815e+02
20260910_00:00:00   1.0317e+00   1.8034e+02   1.9904e+01   5.4200e-03   1.6719e-01   2.7585e+02
20260910_03:00:00   6.2258e-01   1.3229e+02   1.2156e+01   2.1770e-04   4.3899e-03   2.7826e+02
20260910_06:00:00   4.1206e-01   9.7454e+01   8.0915e+00   3.8380e-03   7.2907e-03   2.8292e+02
20260910_09:00:00   5.0721e-01   1.1320e+02   9.7002e+00   2.5800e-03   7.6953e-03   2.8333e+02
20260910_12:00:00   5.5741e-01   1.2024e+02   9.9235e+00   6.9986e-03   9.5086e-03   2.8343e+02
20260910_15:00:00   4.5956e-01   1.0381e+02   8.5261e+00   7.3560e-05   7.1596e-03   2.8665e+02
20260910_18:00:00   3.7841e-01   8.9828e+01   7.2082e+00   2.3440e-04   5.1603e-03   2.8335e+02
20260910_21:00:00   3.3816e-01   8.2751e+01   6.7048e+00   0.0000e+00   7.7070e-03   2.8549e+02
20260911_00:00:00   2.7884e-01   7.1002e+01   5.6655e+00   0.0000e+00   1.4804e-02   2.9162e+02
20260911_03:00:00   2.5533e-01   6.5809e+01   5.2567e+00   0.0000e+00   1.6878e-02   2.8630e+02
20260911_06:00:00   1.8230e-01   5.0180e+01   3.6776e+00   0.0000e+00   9.2061e-03   2.8933e+02
20260911_09:00:00   1.7788e-01   4.9078e+01   3.6396e+00   0.0000e+00   0.0000e+00   2.8902e+02
20260911_12:00:00   1.9100e-01   5.1789e+01   4.0279e+00   0.0000e+00   3.7120e-04   2.8735e+02
20260911_15:00:00   2.5129e-01   6.5111e+01   5.3864e+00   0.0000e+00   7.1740e-06   2.8465e+02
20260911_18:00:00   3.5766e-01   8.7019e+01   7.4109e+00   0.0000e+00   7.1740e-06   2.8649e+02
20260911_21:00:00   2.8293e-01   7.1851e+01   6.2578e+00   0.0000e+00   4.6560e-06   2.8777e+02
20260912_00:00:00   3.8496e-01   9.1454e+01   8.3427e+00   2.4260e-04   5.0997e-02   2.8657e+02
20260912_03:00:00   4.0993e-01   9.6307e+01   8.5709e+00   0.0000e+00   1.0982e-02   2.8727e+02
20260912_06:00:00   4.2756e-01   9.9682e+01   8.6849e+00   0.0000e+00   9.5483e-03   2.8626e+02
20260912_09:00:00   3.8659e-01   9.2578e+01   7.7292e+00   0.0000e+00   9.3574e-03   2.8286e+02
20260912_12:00:00   4.1220e-01   9.7218e+01   8.1666e+00   0.0000e+00   2.6441e-02   2.8515e+02
20260912_15:00:00   4.9108e-01   1.1088e+02   9.5626e+00   0.0000e+00   8.5240e-03   2.8337e+02
20260912_18:00:00   5.8520e-01   1.2586e+02   1.1369e+01   0.0000e+00   1.5991e-02   2.8197e+02
20260912_21:00:00   6.1754e-01   1.3042e+02   1.2325e+01   3.2519e-03   6.4543e-02   2.8177e+02
20260913_00:00:00   9.5241e-01   1.7185e+02   1.4905e+01   7.8340e-02   7.8845e-02   2.8153e+02
20260913_03:00:00   7.9477e-01   1.5409e+02   1.4621e+01   1.4116e-02   7.3408e-02   2.8165e+02
20260913_06:00:00   6.4856e-01   1.3532e+02   1.2441e+01   0.0000e+00   4.1546e-03   2.8042e+02
20260913_09:00:00   5.4425e-01   1.1956e+02   1.0694e+01   0.0000e+00   2.4906e-03   2.8239e+02
20260913_12:00:00   5.6303e-01   1.2213e+02   1.1176e+01   0.0000e+00   7.4109e-03   2.8199e+02
20260913_15:00:00   5.9049e-01   1.2612e+02   1.1715e+01   0.0000e+00   2.8419e-02   2.8137e+02
20260913_18:00:00   7.2169e-01   1.4455e+02   1.3952e+01   1.0246e-02   9.6054e-03   2.8028e+02
20260913_21:00:00   9.1402e-01   1.6780e+02   1.6581e+01   2.1964e-02   9.3355e-02   2.8158e+02
20260914_00:00:00   1.0116e+00   1.7838e+02   1.7229e+01   4.9689e-02   2.3886e-02   2.7834e+02
20260914_03:00:00   8.6516e-01   1.6267e+02   1.6379e+01   9.8142e-03   1.2269e-02   2.8024e+02
20260914_06:00:00   6.3407e-01   1.3331e+02   1.2180e+01   0.0000e+00   7.6805e-03   2.7937e+02
20260914_09:00:00   3.9614e-01   9.4671e+01   7.7909e+00   0.0000e+00   4.3361e-03   2.7970e+02
20260914_12:00:00   4.8509e-01   1.0966e+02   9.6215e+00   0.0000e+00   2.8420e-03   2.8191e+02
20260914_15:00:00   6.4350e-01   1.3398e+02   1.2512e+01   0.0000e+00   7.8440e-03   2.8250e+02
20260914_18:00:00   7.2329e-01   1.4500e+02   1.4251e+01   1.1370e-03   4.2622e-02   2.8097e+02
20260914_21:00:00   8.1982e-01   1.5688e+02   1.6057e+01   1.1279e-02   8.0653e-02   2.8097e+02
20260915_00:00:00   1.2284e+00   1.9677e+02   1.7857e+01   1.3338e-01   6.4353e-02   2.7762e+02
20260915_03:00:00   9.2297e-01   1.6838e+02   1.7768e+01   3.8061e-03   6.2257e-02   2.7757e+02
20260915_06:00:00   7.9812e-01   1.5421e+02   1.4904e+01   1.2592e-02   4.7711e-02   2.7787e+02
20260915_09:00:00   4.7640e-01   1.0802e+02   9.7153e+00   0.0000e+00   1.3243e-02   2.7925e+02
20260915_12:00:00   4.4957e-01   1.0374e+02   8.7970e+00   0.0000e+00   2.4200e-04   2.8354e+02
20260915_15:00:00   4.7891e-01   1.0845e+02   9.4012e+00   0.0000e+00   4.1280e-04   2.8132e+02
20260915_18:00:00   4.7152e-01   1.0734e+02   9.4594e+00   0.0000e+00   1.0578e-03   2.8332e+02
20260915_21:00:00   5.3260e-01   1.1718e+02   1.1009e+01   0.0000e+00   8.8128e-04   2.8118e+02
20260916_00:00:00   5.5123e-01   1.2046e+02   1.1387e+01   3.8160e-04   4.6124e-04   2.8259e+02
20260916_03:00:00   6.2386e-01   1.3075e+02   1.2562e+01   0.0000e+00   2.4060e-05   2.8287e+02
20260916_06:00:00   4.5179e-01   1.0388e+02   9.2230e+00   0.0000e+00   4.8881e-05   2.8440e+02
20260916_09:00:00   4.5142e-01   1.0364e+02   9.1965e+00   0.0000e+00   3.2159e-03   2.8223e+02
20260916_12:00:00   4.6953e-01   1.0655e+02   9.4796e+00   0.0000e+00   6.1913e-03   2.8297e+02
