#            date       tau255        Tb[K]      pwv[mm] lwp[kg*m^-2] iwp[kg*m^-2]       o3[DU]
20261010_00:00:00   1.9705e-01   5.3308e+01   3.6589e+00   0.0000e+00   0.0000e+00   3.0612e+02
20261010_01:00:00   2.2557e-01   5.9603e+01   3.9529e+00   5.2100e-03   0.0000e+00   3.0441e+02
20261010_02:00:00   2.3562e-01   6.1739e+01   4.3431e+00   7.3400e-04   0.0000e+00   3.0306e+02
20261010_03:00:00   2.5410e-01   6.5734e+01   4.6778e+00   1.2041e-04   0.0000e+00   3.0100e+02
20261010_04:00:00   2.3973e-01   6.2692e+01   4.4664e+00   0.0000e+00   0.0000e+00   2.9829e+02
20261010_05:00:00   2.3671e-01   6.2042e+01   4.4470e+00   0.0000e+00   0.0000e+00   2.9603e+02
20261010_06:00:00   2.7427e-01   6.9965e+01   5.1453e+00   3.0000e-06   0.0000e+00   2.9608e+02
20261010_07:00:00   3.2091e-01   7.9449e+01   5.9185e+00   0.0000e+00   0.0000e+00   2.9532e+02
20261010_08:00:00   3.6081e-01   8.7246e+01   6.5706e+00   0.0000e+00   0.0000e+00   2.9429e+02
20261010_09:00:00   3.9064e-01   9.2929e+01   7.0438e+00   0.0000e+00   0.0000e+00   2.9363e+02
20261010_10:00:00   4.0290e-01   9.5289e+01   7.2571e+00   5.0410e-07   0.0000e+00   2.9265e+02
20261010_11:00:00   4.1714e-01   9.7958e+01   7.4161e+00   5.2520e-04   0.0000e+00   2.9216e+02
20261010_12:00:00   4.1757e-01   9.8074e+01   7.2918e+00   1.3668e-03   0.0000e+00   2.9101e+02
20261010_13:00:00   3.8127e-01   9.1569e+01   6.4406e+00   8.4660e-03   0.0000e+00   2.9058e+02
20261010_14:00:00   3.5862e-01   8.7314e+01   5.9998e+00   1.0965e-02   0.0000e+00   2.9022e+02
20261010_15:00:00   3.3914e-01   8.3494e+01   5.9136e+00   8.5277e-03   1.9968e-05   2.8806e+02
20261010_16:00:00   3.1370e-01   7.8319e+01   5.7753e+00   3.8276e-03   8.2833e-04   2.8498e+02
20261010_17:00:00   2.8929e-01   7.3188e+01   5.5869e+00   1.1193e-03   3.4281e-03   2.8308e+02
20261010_18:00:00   3.0191e-01   7.5508e+01   5.9618e+00   1.0900e-04   1.9700e-02   2.8300e+02
20261010_19:00:00   3.4907e-01   8.4893e+01   6.8177e+00   3.2160e-05   4.9601e-03   2.8220e+02
20261010_20:00:00   3.9691e-01   9.4046e+01   7.5413e+00   1.4890e-03   6.3280e-03   2.8106e+02
20261010_21:00:00   3.9210e-01   9.3183e+01   7.4828e+00   1.2051e-03   3.2017e-02   2.8146e+02
20261010_22:00:00   3.6360e-01   8.7717e+01   6.9905e+00   4.0860e-03   2.3433e-02   2.8350e+02
20261010_23:00:00   3.9283e-01   9.3256e+01   6.6787e+00   2.5240e-02   1.4246e-02   2.8507e+02
20261011_00:00:00   4.1675e-01   9.7764e+01   6.4179e+00   4.0740e-02   7.3167e-03   2.8459e+02
20261011_01:00:00   2.9198e-01   7.3245e+01   6.0921e+00   2.2060e-04   2.8356e-03   2.8381e+02
20261011_02:00:00   2.8368e-01   7.1401e+01   6.0057e+00   1.7494e-04   4.6856e-03   2.8243e+02
20261011_03:00:00   2.9418e-01   7.3412e+01   6.2287e+00   1.1430e-03   3.3930e-04   2.8197e+02
20261011_04:00:00   2.9919e-01   7.4496e+01   6.2683e+00   1.7267e-03   0.0000e+00   2.8106e+02
20261011_05:00:00   2.9624e-01   7.4092e+01   6.0446e+00   4.0196e-03   5.6060e-08   2.8131e+02
20261011_06:00:00   3.1308e-01   7.7468e+01   6.3785e+00   4.3936e-03   4.7540e-05   2.8128e+02
20261011_07:00:00   3.0044e-01   7.4811e+01   6.3817e+00   1.2340e-04   2.3660e-06   2.8184e+02
20261011_08:00:00   2.9589e-01   7.3989e+01   6.2765e+00   2.8080e-06   0.0000e+00   2.8321e+02
20261011_09:00:00   2.9434e-01   7.3759e+01   6.2500e+00   1.8810e-05   0.0000e+00   2.8399e+02
20261011_10:00:00   2.8448e-01   7.1834e+01   6.0290e+00   2.6090e-06   0.0000e+00   2.8455e+02
20261011_11:00:00   2.8837e-01   7.2647e+01   6.1118e+00   1.8754e-04   0.0000e+00   2.8481e+02
20261011_12:00:00   3.2757e-01   8.0527e+01   6.6363e+00   5.7220e-03   7.0560e-07   2.8409e+02
20261011_13:00:00   3.9528e-01   9.3615e+01   7.2049e+00   2.1143e-02   4.4240e-05   2.8361e+02
20261011_14:00:00   4.1219e-01   9.6720e+01   7.5107e+00   2.2127e-02   1.4752e-04   2.8361e+02
20261011_15:00:00   3.8637e-01   9.1804e+01   7.4662e+00   1.3956e-02   2.0400e-05   2.8376e+02
20261011_16:00:00   3.7729e-01   9.0102e+01   7.3070e+00   1.3496e-02   2.1345e-03   2.8423e+02
20261011_17:00:00   3.3323e-01   8.1553e+01   6.8728e+00   5.2420e-03   4.1140e-03   2.8498e+02
20261011_18:00:00   2.8764e-01   7.2603e+01   6.0058e+00   3.6300e-03   5.4666e-03   2.8728e+02
20261011_19:00:00   2.3399e-01   6.1773e+01   4.7475e+00   2.5193e-03   4.0708e-03   2.8952e+02
20261011_20:00:00   1.9920e-01   5.4292e+01   4.0705e+00   1.7840e-06   3.3286e-03   2.9085e+02
20261011_21:00:00   1.9104e-01   5.2533e+01   3.8677e+00   4.4500e-05   3.6242e-03   2.8991e+02
20261011_22:00:00   1.8714e-01   5.1705e+01   3.7377e+00   5.5310e-04   9.4059e-04   2.8856e+02
20261011_23:00:00   1.8041e-01   5.0179e+01   3.6138e+00   6.7810e-05   4.0042e-05   2.8923e+02
20261012_00:00:00   1.7914e-01   4.9877e+01   3.5648e+00   3.0040e-04   1.4690e-05   2.9059e+02
20261012_01:00:00   1.7782e-01   4.9568e+01   3.5134e+00   4.9340e-04   5.7040e-07   2.9045e+02
20261012_02:00:00   1.7441e-01   4.8767e+01   3.4450e+00   3.1440e-04   6.3760e-06   2.9180e+02
20261012_03:00:00   1.7295e-01   4.8355e+01   3.4483e+00   1.3870e-04   0.0000e+00   2.9267e+02
20261012_04:00:00   1.7714e-01   4.9144e+01   3.6010e+00   2.0330e-04   1.2138e-05   2.9096e+02
20261012_05:00:00   1.8537e-01   5.0806e+01   3.8596e+00   4.4440e-05   8.1860e-06   2.8936e+02
20261012_06:00:00   2.0844e-01   5.5549e+01   4.4842e+00   0.0000e+00   1.9412e-06   2.8854e+02
20261012_07:00:00   2.3612e-01   6.1158e+01   5.1974e+00   4.7690e-05   3.3264e-05   2.8847e+02
20261012_08:00:00   2.3131e-01   6.0154e+01   5.1164e+00   3.4560e-06   1.1348e-04   2.8920e+02
20261012_09:00:00   2.2621e-01   5.9111e+01   5.0056e+00   9.3820e-06   4.3914e-04   2.8966e+02
20261012_10:00:00   2.3751e-01   6.1573e+01   5.2280e+00   0.0000e+00   3.3124e-04   2.9061e+02
20261012_11:00:00   2.4090e-01   6.2363e+01   5.2666e+00   1.9990e-04   1.6037e-04   2.9003e+02
20261012_12:00:00   2.6248e-01   6.7046e+01   5.5867e+00   1.3667e-03   1.3100e-05   2.9020e+02
20261012_13:00:00   2.5758e-01   6.6114e+01   5.4412e+00   1.8733e-03   3.9526e-06   2.8950e+02
20261012_14:00:00   2.6376e-01   6.7500e+01   5.4038e+00   4.6188e-03   0.0000e+00   2.8825e+02
20261012_15:00:00   2.8088e-01   7.1226e+01   5.4502e+00   1.0164e-02   0.0000e+00   2.8748e+02
20261012_16:00:00   2.7385e-01   6.9720e+01   5.5192e+00   6.3841e-03   0.0000e+00   2.8798e+02
20261012_17:00:00   2.5609e-01   6.5836e+01   5.4953e+00   6.8710e-04   0.0000e+00   2.8796e+02
20261012_18:00:00   2.4839e-01   6.4122e+01   5.4115e+00   8.7770e-07   0.0000e+00   2.8818e+02
20261012_19:00:00   2.4859e-01   6.4165e+01   5.4133e+00   0.0000e+00   0.0000e+00   2.9010e+02
20261012_20:00:00   2.3880e-01   6.2213e+01   5.1612e+00   3.0680e-07   1.0182e-05   2.9029e+02
20261012_21:00:00   2.3926e-01   6.2479e+01   5.0952e+00   3.7540e-06   1.8098e-05   2.9036e+02
20261012_22:00:00   2.4314e-01   6.3399e+01   5.0848e+00   1.2740e-03   0.0000e+00   2.8797e+02
20261012_23:00:00   2.3933e-01   6.2671e+01   5.0448e+00   4.9440e-06   0.0000e+00   2.8883e+02
20261013_00:00:00   2.3344e-01   6.1496e+01   4.9105e+00   2.7640e-05   0.0000e+00   2.8881e+02
20261013_01:00:00   2.5441e-01   6.6091e+01   5.2965e+00   8.5781e-05   0.0000e+00   2.8778e+02
20261013_02:00:00   2.9933e-01   7.5321e+01   6.2414e+00   2.4396e-04   0.0000e+00   2.8778e+02
20261013_03:00:00   3.4329e-01   8.3866e+01   7.1588e+00   1.1330e-04   0.0000e+00   2.8721e+02
20261013_04:00:00   3.6264e-01   8.7641e+01   7.5058e+00   1.2393e-04   2.2820e-07   2.8639e+02
20261013_05:00:00   3.6028e-01   8.7400e+01   7.3687e+00   9.0470e-04   8.4720e-06   2.8702e+02
20261013_06:00:00   3.5877e-01   8.7191e+01   7.3236e+00   2.6430e-04   0.0000e+00   2.8776e+02
20261013_07:00:00   3.6351e-01   8.8189e+01   7.3755e+00   9.8455e-04   1.8300e-05   2.8858e+02
20261013_08:00:00   3.9631e-01   9.4436e+01   7.8531e+00   3.9110e-03   2.9220e-05   2.8788e+02
20261013_09:00:00   4.4812e-01   1.0396e+02   8.2268e+00   1.5550e-02   4.6776e-05   2.8750e+02
20261013_10:00:00   4.6812e-01   1.0776e+02   7.7745e+00   3.2930e-02   3.0743e-04   2.8578e+02
20261013_11:00:00   3.5288e-01   8.6392e+01   7.1101e+00   2.6333e-03   2.7561e-05   2.8414e+02
20261013_12:00:00   3.4830e-01   8.5544e+01   6.8135e+00   6.3846e-03   2.3240e-04   2.8478e+02
20261013_13:00:00   3.1926e-01   7.9811e+01   6.3305e+00   4.3243e-03   1.3322e-04   2.8541e+02
20261013_14:00:00   3.2055e-01   8.0107e+01   6.0109e+00   1.1252e-02   8.7891e-05   2.8584e+02
20261013_15:00:00   2.9376e-01   7.4657e+01   5.6295e+00   8.6768e-03   4.6676e-04   2.8604e+02
20261013_16:00:00   2.8432e-01   7.2793e+01   5.4662e+00   8.7307e-03   6.1920e-05   2.8491e+02
20261013_17:00:00   3.0552e-01   7.7231e+01   5.5963e+00   1.3660e-02   1.5546e-04   2.8552e+02
20261013_18:00:00   2.8716e-01   7.3434e+01   5.6578e+00   5.3200e-03   1.5130e-04   2.8695e+02
20261013_19:00:00   2.7126e-01   7.0093e+01   5.6005e+00   4.0890e-06   1.4518e-04   2.8816e+02
20261013_20:00:00   2.6189e-01   6.8153e+01   5.3998e+00   4.3760e-05   2.7657e-04   2.8758e+02
20261013_21:00:00   2.4857e-01   6.5371e+01   5.1076e+00   4.4950e-04   2.1258e-04   2.8573e+02
20261013_22:00:00   2.4280e-01   6.4114e+01   4.9865e+00   9.5650e-05   3.5833e-04   2.8477e+02
20261013_23:00:00   2.4367e-01   6.4246e+01   4.9940e+00   6.0160e-05   1.0707e-04   2.8529e+02
20261014_00:00:00   2.4855e-01   6.5281e+01   5.0819e+00   0.0000e+00   5.0260e-05   2.8548e+02
20261014_01:00:00   2.5384e-01   6.6422e+01   5.1525e+00   0.0000e+00   9.1180e-05   2.8635e+02
20261014_02:00:00   2.5748e-01   6.7222e+01   5.1751e+00   0.0000e+00   1.0448e-04   2.8595e+02
20261014_03:00:00   2.5754e-01   6.7244e+01   5.1376e+00   0.0000e+00   2.5967e-03   2.8377e+02
20261014_04:00:00   2.5595e-01   6.6912e+01   5.0846e+00   1.1220e-06   2.9355e-03   2.8095e+02
20261014_05:00:00   2.5239e-01   6.6150e+01   5.0315e+00   0.0000e+00   1.7005e-03   2.8010e+02
20261014_06:00:00   2.5472e-01   6.6628e+01   5.0792e+00   0.0000e+00   7.6305e-05   2.8039e+02
20261014_07:00:00   2.5509e-01   6.6671e+01   5.1116e+00   0.0000e+00   9.8420e-06   2.8042e+02
20261014_08:00:00   2.5861e-01   6.7420e+01   5.1916e+00   0.0000e+00   0.0000e+00   2.8171e+02
20261014_09:00:00   2.6422e-01   6.8624e+01   5.2975e+00   0.0000e+00   0.0000e+00   2.8282e+02
20261014_10:00:00   2.7479e-01   7.0803e+01   5.4955e+00   0.0000e+00   4.3080e-06   2.8324e+02
20261014_11:00:00   2.9117e-01   7.4203e+01   5.7734e+00   0.0000e+00   1.1036e-05   2.8286e+02
20261014_12:00:00   3.1521e-01   7.9034e+01   6.1632e+00   1.6960e-06   1.1853e-03   2.8249e+02
20261014_13:00:00   3.2458e-01   8.0877e+01   6.3296e+00   0.0000e+00   4.0917e-03   2.8220e+02
20261014_14:00:00   3.3887e-01   8.3629e+01   6.5718e+00   0.0000e+00   4.7268e-03   2.8333e+02
20261014_15:00:00   3.4016e-01   8.3872e+01   6.5987e+00   0.0000e+00   8.4165e-03   2.8478e+02
20261014_16:00:00   3.2430e-01   8.0726e+01   6.3732e+00   0.0000e+00   2.1865e-02   2.8391e+02
20261014_17:00:00   3.2297e-01   8.0348e+01   6.3905e+00   6.1240e-08   3.5933e-02   2.8325e+02
20261014_18:00:00   3.1820e-01   7.9312e+01   6.3540e+00   0.0000e+00   3.7825e-02   2.8331e+02
20261014_19:00:00   3.2339e-01   8.0247e+01   6.4655e+00   0.0000e+00   4.9948e-02   2.8420e+02
20261014_20:00:00   3.3347e-01   8.2162e+01   6.6524e+00   0.0000e+00   4.4480e-02   2.8600e+02
20261014_21:00:00   3.3475e-01   8.2508e+01   6.6389e+00   0.0000e+00   8.4334e-03   2.8566e+02
20261014_22:00:00   3.3484e-01   8.2600e+01   6.5836e+00   0.0000e+00   1.5706e-03   2.8561e+02
20261014_23:00:00   3.3727e-01   8.3041e+01   6.6043e+00   0.0000e+00   6.7486e-03   2.8545e+02
20261015_00:00:00   3.3570e-01   8.2718e+01   6.5595e+00   0.0000e+00   4.1880e-03   2.8597e+02
20261015_03:00:00   3.5534e-01   8.6375e+01   6.8547e+00   0.0000e+00   3.6090e-04   2.8469e+02
20261015_06:00:00   4.0372e-01   9.5264e+01   7.6526e+00   0.0000e+00   4.1301e-05   2.8718e+02
20261015_09:00:00   4.4331e-01   1.0223e+02   8.3220e+00   0.0000e+00   5.7440e-04   2.8778e+02
20261015_12:00:00   4.9556e-01   1.1110e+02   9.1434e+00   0.0000e+00   2.4768e-03   2.8842e+02
20261015_15:00:00   6.4141e-01   1.3358e+02   1.1489e+01   8.7622e-04   3.1918e-03   2.8579e+02
20261015_18:00:00   9.4128e-01   1.7021e+02   1.3460e+01   7.5580e-02   1.2505e-02   2.8412e+02
20261015_21:00:00   6.7671e-01   1.3814e+02   1.2303e+01   8.3941e-05   1.5316e-02   2.8580e+02
20261016_00:00:00   5.5790e-01   1.2047e+02   1.0575e+01   0.0000e+00   6.6760e-03   2.8705e+02
20261016_03:00:00   5.3889e-01   1.1744e+02   1.0221e+01   0.0000e+00   4.5785e-03   2.8813e+02
20261016_06:00:00   5.3605e-01   1.1713e+02   1.0036e+01   0.0000e+00   2.3700e-05   2.8758e+02
20261016_09:00:00   5.3339e-01   1.1677e+02   9.9486e+00   2.1800e-05   0.0000e+00   2.9158e+02
20261016_12:00:00   6.4191e-01   1.3305e+02   1.0857e+01   1.9225e-02   3.5786e-04   2.9702e+02
20261016_15:00:00   7.2787e-01   1.4475e+02   1.3022e+01   2.2328e-03   9.5745e-04   2.9676e+02
20261016_18:00:00   8.2911e-01   1.5710e+02   1.3564e+01   3.2246e-02   6.2143e-03   2.9333e+02
20261016_21:00:00   6.7460e-01   1.3766e+02   1.2166e+01   2.5680e-04   3.2926e-04   2.9221e+02
20261017_00:00:00   6.0137e-01   1.2726e+02   1.0945e+01   0.0000e+00   0.0000e+00   2.9233e+02
20261017_03:00:00   5.6317e-01   1.2148e+02   1.0314e+01   0.0000e+00   0.0000e+00   2.9177e+02
20261017_06:00:00   5.0704e-01   1.1253e+02   9.3741e+00   0.0000e+00   0.0000e+00   2.9070e+02
20261017_09:00:00   4.9411e-01   1.1047e+02   9.0804e+00   0.0000e+00   0.0000e+00   2.8607e+02
20261017_12:00:00   4.6692e-01   1.0588e+02   8.7170e+00   1.8270e-06   0.0000e+00   2.8212e+02
20261017_15:00:00   5.0958e-01   1.1286e+02   9.5636e+00   3.0400e-04   0.0000e+00   2.7606e+02
20261017_18:00:00   4.5102e-01   1.0298e+02   8.7175e+00   3.2000e-07   0.0000e+00   2.7372e+02
20261017_21:00:00   3.8537e-01   9.1271e+01   7.5620e+00   5.9160e-05   0.0000e+00   2.7486e+02
20261018_00:00:00   4.6114e-01   1.0529e+02   7.6502e+00   2.2724e-02   0.0000e+00   2.8015e+02
20261018_03:00:00   4.1739e-01   9.7397e+01   7.8422e+00   1.7570e-05   0.0000e+00   2.8385e+02
20261018_06:00:00   3.7454e-01   8.9590e+01   7.0943e+00   1.6230e-05   5.5300e-05   2.8952e+02
20261018_09:00:00   3.2451e-01   8.0056e+01   6.1671e+00   7.8875e-04   0.0000e+00   2.9390e+02
20261018_12:00:00   3.9396e-01   9.3630e+01   5.9014e+00   3.4515e-02   0.0000e+00   2.9271e+02
20261018_15:00:00   3.3074e-01   8.1356e+01   5.8585e+00   9.7590e-03   0.0000e+00   2.8951e+02
20261018_18:00:00   2.8202e-01   7.1395e+01   5.4379e+00   9.6160e-04   0.0000e+00   2.9045e+02
20261018_21:00:00   2.5389e-01   6.5425e+01   5.0006e+00   7.2430e-05   0.0000e+00   2.9140e+02
20261019_00:00:00   2.4389e-01   6.3114e+01   4.8694e+00   1.8360e-05   5.2103e-03   2.8857e+02
20261019_03:00:00   2.3582e-01   6.1129e+01   4.8121e+00   3.3150e-07   2.9469e-03   2.8441e+02
20261019_06:00:00   3.2091e-01   7.9120e+01   5.0417e+00   2.7540e-02   1.9962e-06   2.8365e+02
20261019_09:00:00   2.4978e-01   6.4312e+01   4.9699e+00   4.8520e-05   0.0000e+00   2.8356e+02
20261019_12:00:00   2.8719e-01   7.2418e+01   5.1615e+00   8.6994e-03   0.0000e+00   2.8291e+02
20261019_15:00:00   3.6290e-01   8.7826e+01   5.2115e+00   3.5030e-02   0.0000e+00   2.8158e+02
20261019_18:00:00   3.9110e-01   9.3420e+01   4.4962e+00   6.0454e-02   0.0000e+00   2.7365e+02
20261019_21:00:00   1.7313e-01   4.7818e+01   3.3564e+00   4.2670e-04   0.0000e+00   2.7515e+02
20261020_00:00:00   1.4030e-01   4.0134e+01   2.7153e+00   3.7540e-04   0.0000e+00   2.7657e+02
20261020_03:00:00   1.5193e-01   4.2657e+01   3.0156e+00   5.8970e-04   0.0000e+00   2.7495e+02
20261020_06:00:00   1.9044e-01   5.1142e+01   3.9863e+00   0.0000e+00   0.0000e+00   2.7299e+02
20261020_09:00:00   2.3012e-01   5.9935e+01   4.7538e+00   1.3990e-03   0.0000e+00   2.7365e+02
20261020_12:00:00   2.6782e-01   6.8416e+01   5.2310e+00   4.3030e-03   0.0000e+00   2.7564e+02
20261020_15:00:00   3.2149e-01   8.0068e+01   4.6705e+00   3.2599e-02   0.0000e+00   2.7953e+02
20261020_18:00:00   1.7210e-01   4.7776e+01   3.3460e+00   1.1320e-03   0.0000e+00   2.7998e+02
20261020_21:00:00   1.4470e-01   4.1517e+01   2.7494e+00   1.7210e-03   0.0000e+00   2.8170e+02
20261021_00:00:00   1.4183e-01   4.1026e+01   2.6723e+00   6.5250e-04   0.0000e+00   2.8353e+02
20261021_03:00:00   2.2055e-01   5.9452e+01   3.0630e+00   2.3142e-02   0.0000e+00   2.8331e+02
20261021_06:00:00   1.7218e-01   4.8158e+01   3.3773e+00   3.3930e-05   0.0000e+00   2.8412e+02
20261021_09:00:00   1.7127e-01   4.8005e+01   3.3560e+00   9.5320e-05   0.0000e+00   2.8683e+02
20261021_12:00:00   2.7009e-01   7.0165e+01   4.0983e+00   2.2327e-02   0.0000e+00   2.8474e+02
20261021_15:00:00   1.8419e-01   5.0850e+01   3.6311e+00   1.3840e-03   0.0000e+00   2.7915e+02
20261021_18:00:00   1.8305e-01   5.0543e+01   3.6563e+00   1.1640e-03   0.0000e+00   2.7561e+02
20261021_21:00:00   2.2666e-01   6.0316e+01   4.6028e+00   9.7210e-06   0.0000e+00   2.7452e+02
20261022_00:00:00   2.5882e-01   6.7306e+01   5.2099e+00   3.5280e-06   0.0000e+00   2.7382e+02
20261022_03:00:00   3.0801e-01   7.7390e+01   6.0911e+00   2.5400e-03   4.5260e-04   2.7413e+02
20261022_06:00:00   3.3646e-01   8.2928e+01   6.7597e+00   6.6530e-05   1.5204e-03   2.7401e+02
20261022_09:00:00   3.3233e-01   8.2040e+01   6.7174e+00   1.0520e-05   1.2616e-03   2.7483e+02
20261022_12:00:00   3.1173e-01   7.7814e+01   6.3902e+00   0.0000e+00   5.6160e-05   2.7460e+02
20261022_15:00:00   2.8266e-01   7.1748e+01   5.8558e+00   2.6670e-04   6.6289e-03   2.7503e+02
20261022_18:00:00   2.5592e-01   6.6053e+01   5.3197e+00   1.0460e-03   4.5654e-02   2.7509e+02
20261022_21:00:00   2.6452e-01   6.7774e+01   5.6061e+00   0.0000e+00   1.2731e-02   2.7833e+02
20261023_00:00:00   2.7991e-01   7.0938e+01   5.9149e+00   9.7960e-07   1.3024e-03   2.7684e+02
20261023_03:00:00   2.7078e-01   6.9093e+01   5.6952e+00   4.1280e-07   2.5620e-06   2.7798e+02
20261023_06:00:00   2.7086e-01   6.9015e+01   5.7241e+00   3.2230e-06   1.3430e-04   2.7545e+02
20261023_09:00:00   2.7766e-01   7.0402e+01   5.8477e+00   6.1580e-08   2.2217e-04   2.7490e+02
20261023_12:00:00   2.8359e-01   7.1848e+01   5.8141e+00   1.4290e-03   3.1540e-05   2.7453e+02
20261023_15:00:00   3.3659e-01   8.2810e+01   6.2503e+00   1.1522e-02   1.2612e-06   2.7407e+02
20261023_18:00:00   2.9558e-01   7.4450e+01   6.0624e+00   9.2780e-05   0.0000e+00   2.7394e+02
20261023_21:00:00   2.8875e-01   7.2901e+01   6.0072e+00   4.8880e-06   0.0000e+00   2.7590e+02
20261024_00:00:00   2.8989e-01   7.3055e+01   6.0024e+00   2.4830e-06   7.4391e-04   2.7755e+02
20261024_03:00:00   2.5152e-01   6.5230e+01   5.1425e+00   0.0000e+00   1.4406e-04   2.7902e+02
20261024_06:00:00   2.4111e-01   6.2918e+01   4.9381e+00   0.0000e+00   0.0000e+00   2.7928e+02
20261024_09:00:00   2.4565e-01   6.3658e+01   5.1317e+00   0.0000e+00   0.0000e+00   2.8264e+02
20261024_12:00:00   2.5995e-01   6.6544e+01   5.4727e+00   0.0000e+00   0.0000e+00   2.8238e+02
20261024_15:00:00   2.6751e-01   6.8217e+01   5.6025e+00   0.0000e+00   0.0000e+00   2.8171e+02
20261024_18:00:00   2.6222e-01   6.7178e+01   5.4852e+00   0.0000e+00   0.0000e+00   2.8177e+02
20261024_21:00:00   2.4778e-01   6.4280e+01   5.1245e+00   0.0000e+00   0.0000e+00   2.8399e+02
20261025_00:00:00   2.4153e-01   6.3037e+01   4.9523e+00   0.0000e+00   0.0000e+00   2.8354e+02
20261025_03:00:00   2.4035e-01   6.2856e+01   4.9020e+00   0.0000e+00   0.0000e+00   2.8228e+02
20261025_06:00:00   2.3763e-01   6.2254e+01   4.8411e+00   0.0000e+00   0.0000e+00   2.8147e+02
20261025_09:00:00   2.4608e-01   6.3891e+01   5.0397e+00   0.0000e+00   0.0000e+00   2.8287e+02
20261025_12:00:00   2.2542e-01   5.9532e+01   4.5984e+00   0.0000e+00   0.0000e+00   2.8921e+02
20261025_15:00:00   2.0199e-01   5.4473e+01   4.0844e+00   0.0000e+00   0.0000e+00   2.8782e+02
20261025_18:00:00   1.8067e-01   4.9699e+01   3.6245e+00   1.6190e-07   0.0000e+00   2.8783e+02
20261025_21:00:00   1.6430e-01   4.5868e+01   3.3123e+00   0.0000e+00   0.0000e+00   2.8549e+02
20261026_00:00:00   1.6360e-01   4.5608e+01   3.3409e+00   0.0000e+00   2.2743e-04   2.8543e+02
