#            date       tau255        Tb[K]      pwv[mm] lwp[kg*m^-2] iwp[kg*m^-2]       o3[DU]
20260906_00:00:00   6.6726e-01   1.3738e+02   1.3160e+01   0.0000e+00   2.1131e-02   2.8810e+02
20260906_01:00:00   6.3528e-01   1.3312e+02   1.2547e+01   0.0000e+00   1.5492e-04   2.8599e+02
20260906_02:00:00   6.0413e-01   1.2871e+02   1.1969e+01   0.0000e+00   0.0000e+00   2.8796e+02
20260906_03:00:00   5.7861e-01   1.2493e+02   1.1514e+01   0.0000e+00   0.0000e+00   2.8623e+02
20260906_04:00:00   5.6852e-01   1.2347e+02   1.1315e+01   0.0000e+00   0.0000e+00   2.8834e+02
20260906_05:00:00   5.7494e-01   1.2440e+02   1.1423e+01   0.0000e+00   0.0000e+00   2.9027e+02
20260906_06:00:00   5.9092e-01   1.2675e+02   1.1753e+01   0.0000e+00   0.0000e+00   2.8930e+02
20260906_07:00:00   5.8838e-01   1.2642e+02   1.1695e+01   0.0000e+00   0.0000e+00   2.9337e+02
20260906_08:00:00   5.8762e-01   1.2644e+02   1.1658e+01   0.0000e+00   0.0000e+00   2.9490e+02
20260906_09:00:00   5.8551e-01   1.2620e+02   1.1598e+01   0.0000e+00   0.0000e+00   2.9322e+02
20260906_10:00:00   5.7769e-01   1.2515e+02   1.1452e+01   0.0000e+00   0.0000e+00   2.9413e+02
20260906_11:00:00   5.8539e-01   1.2633e+02   1.1641e+01   0.0000e+00   0.0000e+00   2.9342e+02
20260906_12:00:00   6.2179e-01   1.3170e+02   1.2303e+01   0.0000e+00   0.0000e+00   2.9377e+02
20260906_13:00:00   6.4664e-01   1.3548e+02   1.2697e+01   0.0000e+00   1.1406e-06   2.9071e+02
20260906_14:00:00   6.6521e-01   1.3823e+02   1.3035e+01   0.0000e+00   7.3001e-06   2.8653e+02
20260906_15:00:00   6.9046e-01   1.4167e+02   1.3521e+01   0.0000e+00   5.5532e-04   2.8581e+02
20260906_16:00:00   7.0306e-01   1.4343e+02   1.3728e+01   0.0000e+00   3.9561e-03   2.8667e+02
20260906_17:00:00   6.9077e-01   1.4180e+02   1.3490e+01   0.0000e+00   6.6927e-03   2.8670e+02
20260906_18:00:00   6.5458e-01   1.3690e+02   1.2815e+01   0.0000e+00   1.0424e-04   2.8841e+02
20260906_19:00:00   6.2423e-01   1.3265e+02   1.2246e+01   0.0000e+00   0.0000e+00   2.8816e+02
20260906_20:00:00   5.9768e-01   1.2880e+02   1.1746e+01   0.0000e+00   0.0000e+00   2.8754e+02
20260906_21:00:00   5.6102e-01   1.2332e+02   1.1054e+01   0.0000e+00   0.0000e+00   2.8951e+02
20260906_22:00:00   5.3604e-01   1.1949e+02   1.0572e+01   0.0000e+00   0.0000e+00   2.8842e+02
20260906_23:00:00   5.4076e-01   1.2026e+02   1.0635e+01   0.0000e+00   0.0000e+00   2.9017e+02
20260907_00:00:00   5.4596e-01   1.2115e+02   1.0712e+01   0.0000e+00   0.0000e+00   2.8879e+02
20260907_01:00:00   5.2818e-01   1.1836e+02   1.0356e+01   0.0000e+00   0.0000e+00   2.9213e+02
20260907_02:00:00   5.3497e-01   1.1945e+02   1.0493e+01   0.0000e+00   0.0000e+00   2.9333e+02
20260907_03:00:00   5.4046e-01   1.2027e+02   1.0629e+01   0.0000e+00   0.0000e+00   2.9127e+02
20260907_04:00:00   5.6445e-01   1.2387e+02   1.1151e+01   0.0000e+00   0.0000e+00   2.8927e+02
20260907_05:00:00   5.8567e-01   1.2690e+02   1.1564e+01   0.0000e+00   0.0000e+00   2.8890e+02
20260907_06:00:00   5.6852e-01   1.2443e+02   1.1233e+01   0.0000e+00   0.0000e+00   2.9127e+02
20260907_07:00:00   5.4671e-01   1.2122e+02   1.0809e+01   0.0000e+00   0.0000e+00   2.9095e+02
20260907_08:00:00   5.4860e-01   1.2154e+02   1.0854e+01   0.0000e+00   0.0000e+00   2.9150e+02
20260907_09:00:00   5.6491e-01   1.2410e+02   1.1171e+01   0.0000e+00   0.0000e+00   2.9094e+02
20260907_10:00:00   5.9945e-01   1.2942e+02   1.1784e+01   0.0000e+00   0.0000e+00   2.9235e+02
20260907_11:00:00   6.2315e-01   1.3306e+02   1.2179e+01   0.0000e+00   0.0000e+00   2.9230e+02
20260907_12:00:00   6.7101e-01   1.4003e+02   1.2957e+01   0.0000e+00   0.0000e+00   2.9017e+02
20260907_13:00:00   7.0965e-01   1.4550e+02   1.3523e+01   0.0000e+00   0.0000e+00   2.8722e+02
20260907_14:00:00   7.3441e-01   1.4892e+02   1.3867e+01   0.0000e+00   0.0000e+00   2.8529e+02
20260907_15:00:00   7.3937e-01   1.4965e+02   1.3956e+01   0.0000e+00   0.0000e+00   2.8487e+02
20260907_16:00:00   6.9441e-01   1.4338e+02   1.3285e+01   0.0000e+00   0.0000e+00   2.8535e+02
20260907_17:00:00   6.4160e-01   1.3562e+02   1.2424e+01   0.0000e+00   0.0000e+00   2.8748e+02
20260907_18:00:00   6.3214e-01   1.3425e+02   1.2256e+01   0.0000e+00   0.0000e+00   2.8793e+02
20260907_19:00:00   6.4595e-01   1.3650e+02   1.2468e+01   0.0000e+00   0.0000e+00   2.8736e+02
20260907_20:00:00   6.5491e-01   1.3786e+02   1.2631e+01   0.0000e+00   0.0000e+00   2.8617e+02
20260907_21:00:00   6.7226e-01   1.4036e+02   1.2953e+01   0.0000e+00   0.0000e+00   2.8729e+02
20260907_22:00:00   6.6504e-01   1.3946e+02   1.2823e+01   0.0000e+00   0.0000e+00   2.8809e+02
20260907_23:00:00   6.5507e-01   1.3807e+02   1.2658e+01   0.0000e+00   0.0000e+00   2.8852e+02
20260908_00:00:00   6.4950e-01   1.3736e+02   1.2543e+01   0.0000e+00   0.0000e+00   2.8506e+02
20260908_01:00:00   6.5180e-01   1.3760e+02   1.2578e+01   0.0000e+00   0.0000e+00   2.8502e+02
20260908_02:00:00   6.3904e-01   1.3569e+02   1.2351e+01   0.0000e+00   0.0000e+00   2.8798e+02
20260908_03:00:00   6.4493e-01   1.3641e+02   1.2465e+01   0.0000e+00   0.0000e+00   2.8878e+02
20260908_04:00:00   6.2987e-01   1.3422e+02   1.2181e+01   0.0000e+00   0.0000e+00   2.8906e+02
20260908_05:00:00   6.1304e-01   1.3171e+02   1.1885e+01   0.0000e+00   0.0000e+00   2.8978e+02
20260908_06:00:00   6.0193e-01   1.2996e+02   1.1698e+01   0.0000e+00   0.0000e+00   2.9065e+02
20260908_07:00:00   5.9054e-01   1.2816e+02   1.1518e+01   0.0000e+00   0.0000e+00   2.9186e+02
20260908_08:00:00   5.8116e-01   1.2676e+02   1.1339e+01   0.0000e+00   0.0000e+00   2.9131e+02
20260908_09:00:00   5.8888e-01   1.2808e+02   1.1427e+01   0.0000e+00   0.0000e+00   2.9064e+02
20260908_10:00:00   6.1187e-01   1.3165e+02   1.1769e+01   0.0000e+00   0.0000e+00   2.8706e+02
20260908_11:00:00   6.2861e-01   1.3420e+02   1.2033e+01   0.0000e+00   0.0000e+00   2.8612e+02
20260908_12:00:00   6.4004e-01   1.3587e+02   1.2240e+01   2.6159e-04   9.7759e-05   2.8638e+02
20260908_13:00:00   6.6325e-01   1.3903e+02   1.2673e+01   1.2936e-03   3.7573e-03   2.8835e+02
20260908_14:00:00   6.7859e-01   1.4097e+02   1.3023e+01   1.7152e-03   6.2325e-03   2.8999e+02
20260908_15:00:00   6.7780e-01   1.4081e+02   1.3082e+01   9.9566e-04   7.7500e-04   2.8988e+02
20260908_16:00:00   6.7214e-01   1.4007e+02   1.2971e+01   7.0340e-04   3.6586e-04   2.8924e+02
20260908_17:00:00   6.5304e-01   1.3744e+02   1.2654e+01   4.7461e-05   2.6133e-04   2.8833e+02
20260908_18:00:00   6.3388e-01   1.3466e+02   1.2311e+01   1.8057e-04   7.1561e-06   2.8805e+02
20260908_19:00:00   6.1809e-01   1.3235e+02   1.2032e+01   1.8827e-04   1.8250e-06   2.8754e+02
20260908_20:00:00   5.9769e-01   1.2932e+02   1.1682e+01   0.0000e+00   0.0000e+00   2.8866e+02
20260908_21:00:00   5.8086e-01   1.2676e+02   1.1395e+01   0.0000e+00   0.0000e+00   2.8887e+02
20260908_22:00:00   5.6945e-01   1.2500e+02   1.1188e+01   0.0000e+00   0.0000e+00   2.8588e+02
20260908_23:00:00   5.5433e-01   1.2261e+02   1.0908e+01   0.0000e+00   0.0000e+00   2.8203e+02
20260909_00:00:00   5.4375e-01   1.2091e+02   1.0747e+01   0.0000e+00   0.0000e+00   2.8206e+02
20260909_01:00:00   5.1832e-01   1.1677e+02   1.0321e+01   0.0000e+00   0.0000e+00   2.8144e+02
20260909_02:00:00   5.1618e-01   1.1634e+02   1.0280e+01   0.0000e+00   0.0000e+00   2.8019e+02
20260909_03:00:00   5.1092e-01   1.1547e+02   1.0174e+01   0.0000e+00   0.0000e+00   2.8101e+02
20260909_04:00:00   5.0790e-01   1.1498e+02   1.0086e+01   0.0000e+00   0.0000e+00   2.8090e+02
20260909_05:00:00   4.9715e-01   1.1316e+02   9.8979e+00   0.0000e+00   0.0000e+00   2.8444e+02
20260909_06:00:00   4.8982e-01   1.1193e+02   9.7675e+00   0.0000e+00   0.0000e+00   2.8444e+02
20260909_07:00:00   4.9514e-01   1.1281e+02   9.8440e+00   0.0000e+00   0.0000e+00   2.8501e+02
20260909_08:00:00   4.9985e-01   1.1358e+02   9.9207e+00   0.0000e+00   0.0000e+00   2.8688e+02
20260909_09:00:00   5.0463e-01   1.1438e+02   9.9908e+00   0.0000e+00   0.0000e+00   2.8712e+02
20260909_10:00:00   5.1467e-01   1.1610e+02   1.0148e+01   0.0000e+00   0.0000e+00   2.8716e+02
20260909_11:00:00   5.2705e-01   1.1823e+02   1.0322e+01   0.0000e+00   0.0000e+00   2.8705e+02
20260909_12:00:00   5.4827e-01   1.2185e+02   1.0602e+01   0.0000e+00   0.0000e+00   2.8646e+02
20260909_13:00:00   5.6754e-01   1.2500e+02   1.0913e+01   0.0000e+00   0.0000e+00   2.8668e+02
20260909_14:00:00   5.9467e-01   1.2922e+02   1.1369e+01   0.0000e+00   0.0000e+00   2.8636e+02
20260909_15:00:00   5.8789e-01   1.2822e+02   1.1264e+01   0.0000e+00   0.0000e+00   2.8413e+02
20260909_16:00:00   5.7439e-01   1.2622e+02   1.1028e+01   0.0000e+00   0.0000e+00   2.8346e+02
20260909_17:00:00   5.4710e-01   1.2197e+02   1.0554e+01   0.0000e+00   0.0000e+00   2.8398e+02
20260909_18:00:00   5.2055e-01   1.1761e+02   1.0103e+01   0.0000e+00   0.0000e+00   2.8497e+02
20260909_19:00:00   4.7690e-01   1.1025e+02   9.3591e+00   0.0000e+00   0.0000e+00   2.8566e+02
20260909_20:00:00   4.4417e-01   1.0449e+02   8.7795e+00   0.0000e+00   0.0000e+00   2.8340e+02
20260909_21:00:00   4.1603e-01   9.9390e+01   8.2811e+00   0.0000e+00   0.0000e+00   2.8438e+02
20260909_22:00:00   3.9665e-01   9.5745e+01   7.9268e+00   0.0000e+00   0.0000e+00   2.8506e+02
20260909_23:00:00   3.6335e-01   8.9391e+01   7.3213e+00   0.0000e+00   0.0000e+00   2.8539e+02
20260910_00:00:00   3.3520e-01   8.3858e+01   6.7937e+00   0.0000e+00   0.0000e+00   2.8482e+02
20260910_01:00:00   3.0995e-01   7.8712e+01   6.3322e+00   0.0000e+00   0.0000e+00   2.8454e+02
20260910_02:00:00   2.8485e-01   7.3431e+01   5.8710e+00   0.0000e+00   0.0000e+00   2.8387e+02
20260910_03:00:00   2.5647e-01   6.7342e+01   5.3254e+00   0.0000e+00   0.0000e+00   2.8392e+02
20260910_04:00:00   2.2310e-01   5.9997e+01   4.6575e+00   0.0000e+00   0.0000e+00   2.8475e+02
20260910_05:00:00   1.9222e-01   5.3003e+01   4.0282e+00   0.0000e+00   0.0000e+00   2.8607e+02
20260910_06:00:00   1.7145e-01   4.8150e+01   3.6009e+00   0.0000e+00   0.0000e+00   2.8691e+02
20260910_07:00:00   1.5786e-01   4.4948e+01   3.3117e+00   0.0000e+00   0.0000e+00   2.8595e+02
20260910_08:00:00   1.5634e-01   4.4626e+01   3.2628e+00   0.0000e+00   0.0000e+00   2.8596e+02
20260910_09:00:00   1.7856e-01   4.9952e+01   3.6981e+00   0.0000e+00   0.0000e+00   2.8646e+02
20260910_10:00:00   2.1065e-01   5.7397e+01   4.3571e+00   0.0000e+00   0.0000e+00   2.8714e+02
20260910_11:00:00   2.6171e-01   6.8630e+01   5.4072e+00   0.0000e+00   0.0000e+00   2.8728e+02
20260910_12:00:00   3.3653e-01   8.4074e+01   6.8753e+00   0.0000e+00   0.0000e+00   2.8727e+02
20260910_13:00:00   4.2421e-01   1.0070e+02   8.5271e+00   0.0000e+00   0.0000e+00   2.8789e+02
20260910_14:00:00   5.0434e-01   1.1472e+02   9.9569e+00   0.0000e+00   0.0000e+00   2.8835e+02
20260910_15:00:00   5.4276e-01   1.2109e+02   1.0598e+01   0.0000e+00   0.0000e+00   2.8615e+02
20260910_16:00:00   5.4740e-01   1.2194e+02   1.0658e+01   0.0000e+00   0.0000e+00   2.8686e+02
20260910_17:00:00   5.5115e-01   1.2266e+02   1.0658e+01   0.0000e+00   0.0000e+00   2.8804e+02
20260910_18:00:00   5.6273e-01   1.2455e+02   1.0759e+01   0.0000e+00   0.0000e+00   2.8974e+02
20260910_19:00:00   5.6449e-01   1.2491e+02   1.0722e+01   0.0000e+00   0.0000e+00   2.8933e+02
20260910_20:00:00   5.5545e-01   1.2349e+02   1.0536e+01   2.6000e-07   0.0000e+00   2.8860e+02
20260910_21:00:00   5.2531e-01   1.1858e+02   1.0066e+01   1.3280e-07   0.0000e+00   2.8731e+02
20260910_22:00:00   4.6030e-01   1.0746e+02   8.9766e+00   0.0000e+00   0.0000e+00   2.8901e+02
20260910_23:00:00   3.9029e-01   9.4693e+01   7.7535e+00   0.0000e+00   0.0000e+00   2.9005e+02
20260911_00:00:00   3.5267e-01   8.7525e+01   7.0897e+00   0.0000e+00   0.0000e+00   2.8890e+02
20260911_03:00:00   2.8564e-01   7.4088e+01   5.7033e+00   0.0000e+00   0.0000e+00   2.8924e+02
20260911_06:00:00   7.4805e-02   2.4273e+01   1.4730e+00   0.0000e+00   0.0000e+00   2.9097e+02
20260911_09:00:00   6.7080e-02   2.1942e+01   1.3629e+00   0.0000e+00   0.0000e+00   2.9590e+02
20260911_12:00:00   7.6744e-02   2.4298e+01   1.6342e+00   0.0000e+00   0.0000e+00   2.9763e+02
20260911_15:00:00   8.3811e-02   2.6208e+01   1.7946e+00   0.0000e+00   0.0000e+00   2.9580e+02
20260911_18:00:00   1.1612e-01   3.4307e+01   2.5867e+00   0.0000e+00   0.0000e+00   2.9273e+02
20260911_21:00:00   2.4715e-01   6.5115e+01   5.3485e+00   0.0000e+00   0.0000e+00   2.9581e+02
20260912_00:00:00   3.1119e-01   7.8713e+01   6.5769e+00   0.0000e+00   0.0000e+00   2.9347e+02
20260912_03:00:00   2.3735e-01   6.2964e+01   5.1373e+00   0.0000e+00   0.0000e+00   2.9461e+02
20260912_06:00:00   2.5192e-01   6.6081e+01   5.4554e+00   0.0000e+00   0.0000e+00   2.9279e+02
20260912_09:00:00   3.6240e-01   8.8732e+01   7.6369e+00   0.0000e+00   0.0000e+00   2.9040e+02
20260912_12:00:00   4.1496e-01   9.8703e+01   8.5298e+00   0.0000e+00   0.0000e+00   2.8969e+02
20260912_15:00:00   4.0157e-01   9.6363e+01   8.2811e+00   0.0000e+00   0.0000e+00   2.8618e+02
20260912_18:00:00   3.5319e-01   8.7352e+01   7.2888e+00   0.0000e+00   0.0000e+00   2.8332e+02
20260912_21:00:00   2.7790e-01   7.2006e+01   5.8558e+00   0.0000e+00   0.0000e+00   2.7987e+02
20260913_00:00:00   2.1740e-01   5.8801e+01   4.5959e+00   0.0000e+00   0.0000e+00   2.8652e+02
20260913_03:00:00   2.4025e-01   6.3470e+01   5.1245e+00   0.0000e+00   0.0000e+00   2.8305e+02
20260913_06:00:00   2.1445e-01   5.7496e+01   4.6322e+00   0.0000e+00   0.0000e+00   2.8067e+02
20260913_09:00:00   3.8310e-01   9.2160e+01   8.0165e+00   0.0000e+00   0.0000e+00   2.8168e+02
20260913_12:00:00   5.3512e-01   1.1913e+02   1.0723e+01   0.0000e+00   0.0000e+00   2.8017e+02
20260913_15:00:00   5.7003e-01   1.2433e+02   1.1447e+01   0.0000e+00   0.0000e+00   2.7890e+02
20260913_18:00:00   6.5275e-01   1.3629e+02   1.3044e+01   0.0000e+00   0.0000e+00   2.7532e+02
20260913_21:00:00   7.4953e-01   1.4936e+02   1.4732e+01   0.0000e+00   3.9055e-05   2.7556e+02
20260914_00:00:00   7.2746e-01   1.4647e+02   1.4285e+01   0.0000e+00   5.8240e-06   2.7617e+02
20260914_03:00:00   7.3627e-01   1.4740e+02   1.4263e+01   0.0000e+00   5.2787e-05   2.7413e+02
20260914_06:00:00   6.9055e-01   1.4047e+02   1.3382e+01   5.2698e-03   1.8017e-03   2.7481e+02
20260914_09:00:00   8.3818e-01   1.6009e+02   1.5968e+01   0.0000e+00   2.6256e-05   2.7734e+02
20260914_12:00:00   9.5642e-01   1.7388e+02   1.7488e+01   4.3377e-03   2.0201e-04   2.7921e+02
20260914_15:00:00   9.2503e-01   1.7094e+02   1.7052e+01   5.3620e-05   6.3883e-06   2.7551e+02
20260914_18:00:00   8.8667e-01   1.6637e+02   1.6472e+01   0.0000e+00   0.0000e+00   2.7296e+02
20260914_21:00:00   8.4058e-01   1.6096e+02   1.5719e+01   0.0000e+00   0.0000e+00   2.7500e+02
20260915_00:00:00   7.3964e-01   1.4831e+02   1.4070e+01   0.0000e+00   0.0000e+00   2.7282e+02
20260915_03:00:00   6.4350e-01   1.3509e+02   1.2464e+01   0.0000e+00   0.0000e+00   2.7245e+02
20260915_06:00:00   5.8261e-01   1.2592e+02   1.1368e+01   0.0000e+00   0.0000e+00   2.7466e+02
20260915_09:00:00   6.3849e-01   1.3454e+02   1.2217e+01   0.0000e+00   0.0000e+00   2.7565e+02
20260915_12:00:00   6.0250e-01   1.2940e+02   1.1760e+01   0.0000e+00   0.0000e+00   2.7407e+02
20260915_15:00:00   4.9599e-01   1.1218e+02   1.0031e+01   0.0000e+00   0.0000e+00   2.7452e+02
20260915_18:00:00   4.2161e-01   9.9119e+01   8.7672e+00   0.0000e+00   0.0000e+00   2.7461e+02
20260915_21:00:00   4.4611e-01   1.0365e+02   9.2108e+00   0.0000e+00   0.0000e+00   2.7503e+02
20260916_00:00:00   4.6059e-01   1.0628e+02   9.4475e+00   0.0000e+00   0.0000e+00   2.7606e+02
20260916_03:00:00   4.2844e-01   1.0050e+02   8.8518e+00   0.0000e+00   0.0000e+00   2.7434e+02
20260916_06:00:00   3.9589e-01   9.4631e+01   8.2340e+00   0.0000e+00   0.0000e+00   2.7495e+02
20260916_09:00:00   3.5950e-01   8.7812e+01   7.5011e+00   0.0000e+00   0.0000e+00   2.7886e+02
20260916_12:00:00   3.0946e-01   7.7903e+01   6.4987e+00   0.0000e+00   0.0000e+00   2.7734e+02
20260916_15:00:00   2.8655e-01   7.3233e+01   6.0104e+00   0.0000e+00   0.0000e+00   2.7643e+02
20260916_18:00:00   3.2678e-01   8.1970e+01   6.5597e+00   0.0000e+00   0.0000e+00   2.7947e+02
20260916_21:00:00   3.4548e-01   8.5851e+01   6.7212e+00   0.0000e+00   0.0000e+00   2.8067e+02
20260917_00:00:00   4.0760e-01   9.7386e+01   7.7834e+00   0.0000e+00   0.0000e+00   2.8248e+02
20260917_03:00:00   3.6928e-01   9.0133e+01   7.0329e+00   0.0000e+00   0.0000e+00   2.8358e+02
20260917_06:00:00   3.4833e-01   8.6084e+01   6.6764e+00   0.0000e+00   0.0000e+00   2.8580e+02
20260917_09:00:00   2.6111e-01   6.8101e+01   5.2103e+00   0.0000e+00   0.0000e+00   2.8251e+02
20260917_12:00:00   2.3785e-01   6.2871e+01   4.8941e+00   0.0000e+00   0.0000e+00   2.8415e+02
20260917_15:00:00   3.0623e-01   7.6273e+01   6.7369e+00   0.0000e+00   0.0000e+00   2.8257e+02
20260917_18:00:00   5.9778e-01   1.2833e+02   1.2231e+01   0.0000e+00   0.0000e+00   2.8100e+02
20260917_21:00:00   5.9183e-01   1.2773e+02   1.2078e+01   0.0000e+00   0.0000e+00   2.8102e+02
20260918_00:00:00   5.0403e-01   1.1366e+02   1.0489e+01   5.2370e-06   0.0000e+00   2.8304e+02
20260918_03:00:00   4.7315e-01   1.0845e+02   9.8159e+00   1.0290e-06   0.0000e+00   2.8458e+02
20260918_06:00:00   3.6493e-01   8.8681e+01   7.7509e+00   1.2780e-06   0.0000e+00   2.9071e+02
20260918_09:00:00   3.1594e-01   7.9214e+01   6.6577e+00   1.6820e-06   0.0000e+00   2.9545e+02
20260918_12:00:00   2.9952e-01   7.5983e+01   6.1879e+00   3.0330e-04   0.0000e+00   2.9344e+02
20260918_15:00:00   3.2246e-01   8.0881e+01   6.1125e+00   6.7628e-03   0.0000e+00   2.9042e+02
20260918_18:00:00   3.2560e-01   8.1578e+01   6.3637e+00   3.6911e-03   0.0000e+00   2.9117e+02
20260918_21:00:00   2.8907e-01   7.4015e+01   5.9710e+00   1.5720e-06   0.0000e+00   2.8865e+02
20260919_00:00:00   2.6033e-01   6.7881e+01   5.4697e+00   9.9970e-08   0.0000e+00   2.8707e+02
20260919_03:00:00   2.5900e-01   6.7505e+01   5.4255e+00   6.7130e-06   0.0000e+00   2.8570e+02
20260919_06:00:00   2.6207e-01   6.8027e+01   5.4830e+00   0.0000e+00   0.0000e+00   2.8299e+02
20260919_09:00:00   2.6877e-01   6.9429e+01   5.6129e+00   0.0000e+00   0.0000e+00   2.8370e+02
20260919_12:00:00   3.0375e-01   7.6770e+01   6.2324e+00   1.3198e-04   0.0000e+00   2.8394e+02
20260919_15:00:00   4.9419e-01   1.1283e+02   7.3152e+00   4.7175e-02   0.0000e+00   2.8270e+02
20260919_18:00:00   3.9169e-01   9.4595e+01   6.4943e+00   2.7451e-02   0.0000e+00   2.8244e+02
20260919_21:00:00   3.1939e-01   8.0226e+01   6.2573e+00   5.0797e-03   0.0000e+00   2.8015e+02
20260920_00:00:00   2.8543e-01   7.3038e+01   5.9478e+00   9.0150e-07   0.0000e+00   2.8045e+02
20260920_03:00:00   2.7545e-01   7.0664e+01   5.8699e+00   0.0000e+00   0.0000e+00   2.7803e+02
20260920_06:00:00   2.6751e-01   6.9003e+01   5.7144e+00   0.0000e+00   0.0000e+00   2.7833e+02
20260920_09:00:00   2.6597e-01   6.8720e+01   5.6688e+00   0.0000e+00   0.0000e+00   2.7646e+02
20260920_12:00:00   2.6633e-01   6.8898e+01   5.6561e+00   0.0000e+00   0.0000e+00   2.7624e+02
20260920_15:00:00   3.0072e-01   7.6229e+01   6.2035e+00   1.9440e-03   0.0000e+00   2.7447e+02
20260920_18:00:00   3.3161e-01   8.2562e+01   6.9133e+00   3.1970e-06   0.0000e+00   2.7269e+02
20260920_21:00:00   3.8520e-01   9.2993e+01   7.9181e+00   0.0000e+00   0.0000e+00   2.7392e+02
20260921_00:00:00   2.9421e-01   7.4867e+01   6.1437e+00   0.0000e+00   0.0000e+00   2.7515e+02
20260921_03:00:00   2.5213e-01   6.5887e+01   5.2922e+00   0.0000e+00   0.0000e+00   2.7371e+02
20260921_06:00:00   3.5119e-01   8.6464e+01   7.0191e+00   0.0000e+00   0.0000e+00   2.7329e+02
20260921_09:00:00   3.7393e-01   9.0984e+01   7.3933e+00   0.0000e+00   0.0000e+00   2.7651e+02
20260921_12:00:00   3.9767e-01   9.5421e+01   7.8286e+00   0.0000e+00   0.0000e+00   2.7503e+02
20260921_15:00:00   4.3100e-01   1.0160e+02   8.3511e+00   0.0000e+00   0.0000e+00   2.7412e+02
20260921_18:00:00   4.2045e-01   9.9665e+01   8.1887e+00   0.0000e+00   0.0000e+00   2.7317e+02
20260921_21:00:00   4.2955e-01   1.0129e+02   8.2824e+00   0.0000e+00   0.0000e+00   2.7307e+02
20260922_00:00:00   3.9926e-01   9.5691e+01   7.7480e+00   0.0000e+00   0.0000e+00   2.7493e+02
