#            date       tau255        Tb[K]      pwv[mm] lwp[kg*m^-2] iwp[kg*m^-2]       o3[DU]
20260927_06:00:00   2.9093e+00   2.6232e+02   2.1573e+01   6.8483e-01   1.9643e-01   2.7622e+02
20260927_07:00:00   2.6060e+00   2.5707e+02   2.1269e+01   5.6485e-01   2.0342e-01   2.7923e+02
20260927_08:00:00   2.0122e+00   2.3990e+02   2.1383e+01   3.2542e-01   3.4852e-01   2.7951e+02
20260927_09:00:00   1.8724e+00   2.3428e+02   2.0844e+01   2.7792e-01   2.1956e-01   2.8138e+02
20260927_10:00:00   1.8273e+00   2.3246e+02   2.0453e+01   2.6587e-01   1.8109e-01   2.8223e+02
20260927_11:00:00   2.0209e+00   2.4040e+02   2.1027e+01   3.3486e-01   1.0637e-01   2.8325e+02
20260927_12:00:00   2.7740e+00   2.5986e+02   2.1085e+01   6.3914e-01   1.9659e-01   2.8359e+02
20260927_13:00:00   2.5356e+00   2.5542e+02   2.1303e+01   5.3701e-01   1.6216e-01   2.8442e+02
20260927_14:00:00   2.2217e+00   2.4687e+02   2.1192e+01   4.1559e-01   1.9999e-01   2.8259e+02
20260927_15:00:00   2.4995e+00   2.5443e+02   2.0224e+01   5.4542e-01   1.2568e-01   2.8167e+02
20260927_16:00:00   2.8551e+00   2.6176e+02   1.8809e+01   7.1281e-01   3.7824e-02   2.8113e+02
20260927_17:00:00   2.1174e+00   2.4457e+02   1.8202e+01   4.2282e-01   1.7762e-03   2.8057e+02
20260927_18:00:00   1.4132e+00   2.1107e+02   1.7696e+01   1.4629e-01   1.9354e-05   2.8412e+02
20260927_19:00:00   1.1788e+00   1.9375e+02   1.6734e+01   7.2571e-02   0.0000e+00   2.8675e+02
20260927_20:00:00   9.4695e-01   1.7200e+02   1.5787e+01   7.2462e-03   0.0000e+00   2.8771e+02
20260927_21:00:00   1.0318e+00   1.8051e+02   1.6035e+01   3.3314e-02   4.5620e-07   2.9004e+02
20260927_22:00:00   9.4774e-01   1.7209e+02   1.5834e+01   4.3111e-03   5.7040e-07   2.9170e+02
20260927_23:00:00   8.4136e-01   1.6061e+02   1.4472e+01   4.9041e-05   0.0000e+00   2.9021e+02
20260928_00:00:00   7.9414e-01   1.5508e+02   1.3695e+01   1.0323e-04   0.0000e+00   2.8964e+02
20260928_01:00:00   7.7751e-01   1.5294e+02   1.3300e+01   1.8718e-04   0.0000e+00   2.8574e+02
20260928_02:00:00   7.3726e-01   1.4787e+02   1.2722e+01   0.0000e+00   5.8098e-05   2.8384e+02
20260928_03:00:00   7.3220e-01   1.4710e+02   1.2542e+01   0.0000e+00   5.7959e-03   2.8346e+02
20260928_04:00:00   7.1711e-01   1.4509e+02   1.2343e+01   0.0000e+00   5.8861e-04   2.8510e+02
20260928_05:00:00   6.9568e-01   1.4225e+02   1.2156e+01   0.0000e+00   3.4062e-03   2.8517e+02
20260928_06:00:00   6.8852e-01   1.4118e+02   1.2164e+01   0.0000e+00   2.5596e-02   2.8742e+02
20260928_07:00:00   6.8390e-01   1.4047e+02   1.2192e+01   0.0000e+00   3.7599e-03   2.8945e+02
20260928_08:00:00   6.6971e-01   1.3853e+02   1.1993e+01   0.0000e+00   1.1906e-03   2.8999e+02
20260928_09:00:00   6.5303e-01   1.3612e+02   1.1807e+01   0.0000e+00   6.8221e-04   2.8843e+02
20260928_10:00:00   6.4242e-01   1.3446e+02   1.1758e+01   0.0000e+00   2.3780e-04   2.8422e+02
20260928_11:00:00   6.2736e-01   1.3220e+02   1.1691e+01   6.0180e-08   5.8380e-05   2.8730e+02
20260928_12:00:00   6.1418e-01   1.3030e+02   1.1417e+01   1.1245e-03   0.0000e+00   2.8754e+02
20260928_13:00:00   8.0629e-01   1.5714e+02   1.1250e+01   7.7180e-02   0.0000e+00   2.8619e+02
20260928_14:00:00   1.0654e+00   1.8591e+02   1.1474e+01   1.7231e-01   0.0000e+00   2.8467e+02
20260928_15:00:00   9.3940e-01   1.7283e+02   1.1575e+01   1.2283e-01   0.0000e+00   2.8434e+02
20260928_16:00:00   8.0669e-01   1.5721e+02   1.1645e+01   6.9980e-02   0.0000e+00   2.8542e+02
20260928_17:00:00   6.2856e-01   1.3274e+02   1.1403e+01   9.8870e-03   0.0000e+00   2.8604e+02
20260928_18:00:00   6.4725e-01   1.3546e+02   1.1610e+01   1.3899e-02   0.0000e+00   2.8630e+02
20260928_19:00:00   6.3621e-01   1.3383e+02   1.1492e+01   1.3820e-02   0.0000e+00   2.8661e+02
20260928_20:00:00   6.1373e-01   1.3048e+02   1.1335e+01   1.0100e-02   0.0000e+00   2.8399e+02
20260928_21:00:00   6.6523e-01   1.3820e+02   1.1319e+01   3.1610e-02   0.0000e+00   2.8355e+02
20260928_22:00:00   6.0654e-01   1.2936e+02   1.1235e+01   1.3070e-02   0.0000e+00   2.8429e+02
20260928_23:00:00   5.9507e-01   1.2764e+02   1.1158e+01   1.1000e-02   0.0000e+00   2.8506e+02
20260929_00:00:00   5.8551e-01   1.2605e+02   1.1375e+01   3.3120e-03   0.0000e+00   2.8482e+02
20260929_01:00:00   5.7954e-01   1.2511e+02   1.1470e+01   0.0000e+00   0.0000e+00   2.8344e+02
20260929_02:00:00   5.8741e-01   1.2636e+02   1.1611e+01   0.0000e+00   0.0000e+00   2.8270e+02
20260929_03:00:00   6.0911e-01   1.2968e+02   1.1942e+01   0.0000e+00   0.0000e+00   2.8176e+02
20260929_04:00:00   6.2760e-01   1.3246e+02   1.2238e+01   0.0000e+00   0.0000e+00   2.8167e+02
20260929_05:00:00   6.4224e-01   1.3461e+02   1.2457e+01   0.0000e+00   0.0000e+00   2.8166e+02
20260929_06:00:00   6.5568e-01   1.3662e+02   1.2677e+01   0.0000e+00   0.0000e+00   2.8023e+02
20260929_07:00:00   6.6524e-01   1.3803e+02   1.2835e+01   0.0000e+00   0.0000e+00   2.8049e+02
20260929_08:00:00   6.8094e-01   1.4032e+02   1.3043e+01   0.0000e+00   0.0000e+00   2.8168e+02
20260929_09:00:00   7.0140e-01   1.4322e+02   1.3312e+01   0.0000e+00   0.0000e+00   2.8309e+02
20260929_10:00:00   7.2188e-01   1.4609e+02   1.3607e+01   0.0000e+00   0.0000e+00   2.8423e+02
20260929_11:00:00   7.3524e-01   1.4792e+02   1.3793e+01   0.0000e+00   0.0000e+00   2.8246e+02
20260929_12:00:00   7.3573e-01   1.4800e+02   1.3736e+01   0.0000e+00   0.0000e+00   2.7910e+02
20260929_13:00:00   7.2342e-01   1.4645e+02   1.3500e+01   0.0000e+00   0.0000e+00   2.7665e+02
20260929_14:00:00   8.0148e-01   1.5689e+02   1.3241e+01   3.6050e-02   0.0000e+00   2.7821e+02
20260929_15:00:00   8.0933e-01   1.5787e+02   1.3413e+01   3.4445e-02   0.0000e+00   2.7659e+02
20260929_16:00:00   8.0078e-01   1.5671e+02   1.3761e+01   2.2782e-02   0.0000e+00   2.7677e+02
20260929_17:00:00   8.0791e-01   1.5763e+02   1.3771e+01   2.7152e-02   0.0000e+00   2.7727e+02
20260929_18:00:00   7.1523e-01   1.4540e+02   1.3501e+01   6.9360e-04   0.0000e+00   2.7686e+02
20260929_19:00:00   6.8150e-01   1.4076e+02   1.3085e+01   0.0000e+00   0.0000e+00   2.7599e+02
20260929_20:00:00   6.5777e-01   1.3740e+02   1.2753e+01   0.0000e+00   0.0000e+00   2.7582e+02
20260929_21:00:00   6.6096e-01   1.3785e+02   1.2794e+01   0.0000e+00   0.0000e+00   2.7646e+02
20260929_22:00:00   6.6631e-01   1.3859e+02   1.2865e+01   0.0000e+00   0.0000e+00   2.7742e+02
20260929_23:00:00   6.7595e-01   1.3990e+02   1.2986e+01   0.0000e+00   0.0000e+00   2.7863e+02
20260930_00:00:00   6.9127e-01   1.4199e+02   1.3222e+01   0.0000e+00   0.0000e+00   2.7814e+02
20260930_01:00:00   6.9977e-01   1.4315e+02   1.3351e+01   0.0000e+00   0.0000e+00   2.7542e+02
20260930_02:00:00   7.0644e-01   1.4405e+02   1.3436e+01   0.0000e+00   0.0000e+00   2.7537e+02
20260930_03:00:00   7.0965e-01   1.4451e+02   1.3453e+01   0.0000e+00   0.0000e+00   2.7469e+02
20260930_04:00:00   7.1219e-01   1.4487e+02   1.3470e+01   0.0000e+00   0.0000e+00   2.7309e+02
20260930_05:00:00   7.1241e-01   1.4489e+02   1.3460e+01   0.0000e+00   0.0000e+00   2.7224e+02
20260930_06:00:00   7.0921e-01   1.4448e+02   1.3401e+01   0.0000e+00   0.0000e+00   2.6975e+02
20260930_07:00:00   7.0864e-01   1.4436e+02   1.3391e+01   0.0000e+00   0.0000e+00   2.6845e+02
20260930_08:00:00   7.0926e-01   1.4442e+02   1.3399e+01   0.0000e+00   0.0000e+00   2.6882e+02
20260930_09:00:00   7.0611e-01   1.4399e+02   1.3351e+01   0.0000e+00   0.0000e+00   2.7123e+02
20260930_10:00:00   6.9983e-01   1.4316e+02   1.3269e+01   0.0000e+00   7.9000e-06   2.7220e+02
20260930_11:00:00   7.1776e-01   1.4557e+02   1.3525e+01   0.0000e+00   1.5736e-05   2.7225e+02
20260930_12:00:00   7.2824e-01   1.4704e+02   1.3623e+01   1.9667e-04   0.0000e+00   2.7183e+02
20260930_13:00:00   9.3422e-01   1.7258e+02   1.3952e+01   6.8900e-02   0.0000e+00   2.7158e+02
20260930_14:00:00   8.7233e-01   1.6553e+02   1.4003e+01   4.3840e-02   0.0000e+00   2.7092e+02
20260930_15:00:00   8.6233e-01   1.6433e+02   1.4268e+01   3.1325e-02   0.0000e+00   2.6996e+02
20260930_16:00:00   7.7182e-01   1.5318e+02   1.4133e+01   1.1211e-03   0.0000e+00   2.6694e+02
20260930_17:00:00   7.3116e-01   1.4792e+02   1.3677e+01   1.1280e-05   0.0000e+00   2.6809e+02
20260930_18:00:00   7.2072e-01   1.4656e+02   1.3513e+01   3.4220e-05   0.0000e+00   2.6947e+02
20260930_19:00:00   7.0144e-01   1.4397e+02   1.3222e+01   2.6940e-05   0.0000e+00   2.6930e+02
20260930_20:00:00   6.7599e-01   1.4040e+02   1.2842e+01   1.5190e-05   0.0000e+00   2.6891e+02
20260930_21:00:00   6.6546e-01   1.3883e+02   1.2683e+01   0.0000e+00   0.0000e+00   2.6893e+02
20260930_22:00:00   6.4925e-01   1.3645e+02   1.2468e+01   0.0000e+00   0.0000e+00   2.6836e+02
20260930_23:00:00   6.4299e-01   1.3543e+02   1.2375e+01   0.0000e+00   0.0000e+00   2.6901e+02
20261001_00:00:00   6.2451e-01   1.3262e+02   1.2102e+01   0.0000e+00   7.1040e-07   2.6897e+02
20261001_01:00:00   6.1041e-01   1.3047e+02   1.1870e+01   0.0000e+00   3.3860e-05   2.6969e+02
20261001_02:00:00   6.0245e-01   1.2921e+02   1.1778e+01   0.0000e+00   1.0178e-05   2.7196e+02
20261001_03:00:00   5.9992e-01   1.2874e+02   1.1735e+01   0.0000e+00   8.1220e-04   2.7214e+02
20261001_04:00:00   5.9980e-01   1.2860e+02   1.1731e+01   0.0000e+00   2.0822e-03   2.7192e+02
20261001_05:00:00   5.9519e-01   1.2786e+02   1.1676e+01   0.0000e+00   2.8060e-03   2.7165e+02
20261001_06:00:00   5.8247e-01   1.2587e+02   1.1528e+01   0.0000e+00   2.4780e-03   2.7146e+02
20261001_07:00:00   5.7895e-01   1.2525e+02   1.1455e+01   0.0000e+00   2.4424e-03   2.7219e+02
20261001_08:00:00   5.7003e-01   1.2381e+02   1.1323e+01   0.0000e+00   1.3674e-03   2.7336e+02
20261001_09:00:00   5.6355e-01   1.2274e+02   1.1243e+01   0.0000e+00   1.4838e-03   2.7556e+02
20261001_10:00:00   5.5829e-01   1.2184e+02   1.1196e+01   0.0000e+00   1.2264e-03   2.7670e+02
20261001_11:00:00   5.5600e-01   1.2137e+02   1.1175e+01   0.0000e+00   6.4868e-03   2.7497e+02
20261001_12:00:00   5.4934e-01   1.2029e+02   1.1081e+01   0.0000e+00   9.9972e-03   2.7455e+02
20261001_13:00:00   5.4542e-01   1.1969e+02   1.1027e+01   0.0000e+00   1.2224e-02   2.7526e+02
20261001_14:00:00   5.4143e-01   1.1910e+02   1.0940e+01   0.0000e+00   8.8840e-03   2.7420e+02
20261001_15:00:00   5.4250e-01   1.1936e+02   1.0954e+01   0.0000e+00   1.0225e-02   2.7326e+02
20261001_16:00:00   5.4496e-01   1.1976e+02   1.1003e+01   0.0000e+00   6.0023e-03   2.7224e+02
20261001_17:00:00   5.4275e-01   1.1945e+02   1.0954e+01   0.0000e+00   4.0606e-03   2.7131e+02
20261001_18:00:00   5.3249e-01   1.1778e+02   1.0807e+01   0.0000e+00   3.4186e-03   2.7145e+02
20261001_19:00:00   5.2306e-01   1.1615e+02   1.0670e+01   0.0000e+00   2.9716e-03   2.7105e+02
20261001_20:00:00   5.0640e-01   1.1337e+02   1.0394e+01   0.0000e+00   2.9618e-03   2.7178e+02
20261001_21:00:00   4.9530e-01   1.1151e+02   1.0209e+01   0.0000e+00   2.8169e-03   2.7275e+02
20261001_22:00:00   4.9140e-01   1.1080e+02   1.0140e+01   0.0000e+00   2.5717e-03   2.7323e+02
20261001_23:00:00   4.8735e-01   1.1008e+02   1.0042e+01   0.0000e+00   1.6335e-03   2.7382e+02
20261002_00:00:00   4.8011e-01   1.0888e+02   9.8765e+00   0.0000e+00   1.0534e-03   2.7422e+02
20261002_01:00:00   4.7069e-01   1.0730e+02   9.6626e+00   0.0000e+00   2.0085e-03   2.7461e+02
20261002_02:00:00   4.6851e-01   1.0696e+02   9.6131e+00   0.0000e+00   7.5326e-04   2.7525e+02
20261002_03:00:00   4.7583e-01   1.0825e+02   9.7361e+00   0.0000e+00   6.6923e-04   2.7590e+02
20261002_04:00:00   4.8639e-01   1.1011e+02   9.8945e+00   0.0000e+00   1.1326e-03   2.7670e+02
20261002_05:00:00   4.9796e-01   1.1208e+02   1.0069e+01   0.0000e+00   1.7629e-03   2.7732e+02
20261002_06:00:00   5.1108e-01   1.1420e+02   1.0265e+01   0.0000e+00   1.7979e-03   2.7769e+02
20261002_09:00:00   4.3062e-01   9.9935e+01   8.9205e+00   0.0000e+00   1.8239e-03   2.7791e+02
20261002_12:00:00   4.0584e-01   9.5551e+01   8.4228e+00   0.0000e+00   8.7679e-04   2.7860e+02
20261002_15:00:00   4.0323e-01   9.5235e+01   8.3745e+00   0.0000e+00   5.9963e-04   2.7910e+02
20261002_18:00:00   3.8578e-01   9.1995e+01   8.0539e+00   0.0000e+00   5.6502e-04   2.7815e+02
20261002_21:00:00   3.9988e-01   9.4629e+01   8.3173e+00   0.0000e+00   4.7961e-03   2.7862e+02
20261003_00:00:00   3.9471e-01   9.3804e+01   8.1391e+00   0.0000e+00   1.5666e-05   2.7946e+02
20261003_03:00:00   5.1322e-01   1.1480e+02   1.0031e+01   0.0000e+00   0.0000e+00   2.8016e+02
20261003_06:00:00   6.1114e-01   1.3037e+02   1.1504e+01   0.0000e+00   0.0000e+00   2.7589e+02
20261003_09:00:00   5.8439e-01   1.2640e+02   1.1136e+01   0.0000e+00   0.0000e+00   2.7686e+02
20261003_12:00:00   4.9694e-01   1.1235e+02   9.7226e+00   0.0000e+00   0.0000e+00   2.7648e+02
20261003_15:00:00   4.4480e-01   1.0325e+02   8.9117e+00   0.0000e+00   0.0000e+00   2.7615e+02
20261003_18:00:00   4.7499e-01   1.0865e+02   9.3706e+00   0.0000e+00   0.0000e+00   2.7587e+02
20261003_21:00:00   5.4452e-01   1.2033e+02   1.0459e+01   0.0000e+00   0.0000e+00   2.7785e+02
20261004_00:00:00   5.8782e-01   1.2693e+02   1.1198e+01   0.0000e+00   0.0000e+00   2.8123e+02
20261004_03:00:00   5.8490e-01   1.2637e+02   1.1135e+01   0.0000e+00   0.0000e+00   2.7995e+02
20261004_06:00:00   6.1226e-01   1.3070e+02   1.1414e+01   0.0000e+00   0.0000e+00   2.8004e+02
20261004_09:00:00   6.1079e-01   1.3035e+02   1.1457e+01   0.0000e+00   0.0000e+00   2.8124e+02
20261004_12:00:00   6.6717e-01   1.3865e+02   1.2384e+01   0.0000e+00   0.0000e+00   2.8215e+02
20261004_15:00:00   6.7936e-01   1.4058e+02   1.2531e+01   0.0000e+00   0.0000e+00   2.8157e+02
20261004_18:00:00   6.5523e-01   1.3732e+02   1.2120e+01   0.0000e+00   0.0000e+00   2.8271e+02
20261004_21:00:00   5.9843e-01   1.2881e+02   1.1200e+01   0.0000e+00   0.0000e+00   2.8353e+02
20261005_00:00:00   6.3272e-01   1.3382e+02   1.1708e+01   0.0000e+00   0.0000e+00   2.8333e+02
20261005_03:00:00   6.5796e-01   1.3727e+02   1.2017e+01   0.0000e+00   0.0000e+00   2.7952e+02
20261005_06:00:00   6.4194e-01   1.3487e+02   1.1775e+01   0.0000e+00   0.0000e+00   2.8096e+02
20261005_09:00:00   6.7989e-01   1.4025e+02   1.2349e+01   0.0000e+00   0.0000e+00   2.8205e+02
20261005_12:00:00   7.5240e-01   1.4988e+02   1.3468e+01   2.7250e-03   2.1853e-04   2.8184e+02
20261005_15:00:00   8.6911e-01   1.6399e+02   1.4723e+01   1.9253e-02   1.8877e-04   2.7980e+02
20261005_18:00:00   7.5506e-01   1.5031e+02   1.3569e+01   1.1348e-03   4.1980e-05   2.7880e+02
20261005_21:00:00   7.0244e-01   1.4337e+02   1.2716e+01   0.0000e+00   0.0000e+00   2.8152e+02
20261006_00:00:00   7.4397e-01   1.4893e+02   1.3126e+01   0.0000e+00   0.0000e+00   2.8611e+02
20261006_03:00:00   1.0284e+00   1.8076e+02   1.5678e+01   4.8751e-02   9.0953e-05   2.8151e+02
20261006_06:00:00   8.3888e-01   1.6049e+02   1.4119e+01   1.0423e-02   4.9158e-04   2.8424e+02
20261006_09:00:00   6.1092e-01   1.3069e+02   1.0779e+01   0.0000e+00   0.0000e+00   2.8716e+02
20261006_12:00:00   6.0431e-01   1.2968e+02   1.0705e+01   0.0000e+00   0.0000e+00   2.8634e+02
20261006_15:00:00   6.2181e-01   1.3218e+02   1.1035e+01   1.0288e-04   0.0000e+00   2.8419e+02
20261006_18:00:00   4.8793e-01   1.1103e+02   9.0034e+00   0.0000e+00   0.0000e+00   2.8390e+02
20261006_21:00:00   3.5881e-01   8.7496e+01   6.9642e+00   0.0000e+00   0.0000e+00   2.8412e+02
20261007_00:00:00   3.2176e-01   8.0032e+01   6.4162e+00   0.0000e+00   1.1938e-05   2.8215e+02
20261007_03:00:00   3.5734e-01   8.6798e+01   7.2082e+00   0.0000e+00   1.2482e-04   2.8132e+02
20261007_06:00:00   4.2933e-01   1.0003e+02   8.5568e+00   0.0000e+00   1.1310e-03   2.7961e+02
20261007_09:00:00   4.2273e-01   9.8901e+01   8.4843e+00   0.0000e+00   0.0000e+00   2.8213e+02
20261007_12:00:00   4.4615e-01   1.0321e+02   8.9238e+00   0.0000e+00   1.6942e-05   2.8122e+02
20261007_15:00:00   5.1764e-01   1.1551e+02   1.0155e+01   0.0000e+00   9.4473e-03   2.8013e+02
20261007_18:00:00   5.6561e-01   1.2292e+02   1.1143e+01   0.0000e+00   7.9682e-03   2.8014e+02
20261007_21:00:00   5.7241e-01   1.2369e+02   1.1367e+01   0.0000e+00   5.2907e-03   2.7978e+02
20261008_00:00:00   5.7992e-01   1.2477e+02   1.1269e+01   6.1424e-03   3.0137e-04   2.8276e+02
20261008_03:00:00   5.2220e-01   1.1554e+02   1.0447e+01   9.4120e-07   3.6374e-05   2.8726e+02
20261008_06:00:00   4.7757e-01   1.0839e+02   9.4207e+00   5.1520e-05   0.0000e+00   2.9046e+02
20261008_09:00:00   3.9933e-01   9.4857e+01   7.7705e+00   4.2150e-05   0.0000e+00   2.9396e+02
20261008_12:00:00   2.8228e-01   7.2240e+01   5.4002e+00   5.4807e-04   0.0000e+00   2.9706e+02
20261008_15:00:00   2.6571e-01   6.8801e+01   5.0521e+00   2.8075e-04   0.0000e+00   2.9662e+02
20261008_18:00:00   2.7092e-01   6.9590e+01   5.3231e+00   5.3610e-04   0.0000e+00   2.9229e+02
20261008_21:00:00   2.7248e-01   6.9661e+01   5.4169e+00   3.4870e-04   2.3855e-05   2.9103e+02
20261009_00:00:00   2.6838e-01   6.8512e+01   5.4346e+00   3.0920e-05   3.0466e-03   2.9152e+02
20261009_03:00:00   3.6594e-01   8.7713e+01   7.2352e+00   0.0000e+00   4.0263e-04   2.9086e+02
20261009_06:00:00   5.3161e-01   1.1603e+02   1.0153e+01   1.4504e-05   1.8903e-02   2.9527e+02
20261009_09:00:00   5.5006e-01   1.1795e+02   1.0935e+01   1.0190e-07   1.1032e-01   2.9815e+02
20261009_12:00:00   7.1793e-01   1.4201e+02   1.3357e+01   4.0454e-03   1.2236e-03   3.0135e+02
20261009_15:00:00   7.9440e-01   1.5257e+02   1.2085e+01   4.4441e-02   4.5620e-07   3.0335e+02
20261009_18:00:00   4.8638e-01   1.0814e+02   8.4907e+00   1.8201e-02   0.0000e+00   3.0452e+02
20261009_21:00:00   4.4853e-01   1.0127e+02   8.7599e+00   8.1820e-04   0.0000e+00   3.0726e+02
20261010_00:00:00   5.3963e-01   1.1647e+02   9.6239e+00   1.6050e-02   0.0000e+00   3.0817e+02
20261010_03:00:00   6.4083e-01   1.3176e+02   1.1215e+01   1.4164e-02   0.0000e+00   3.0987e+02
20261010_06:00:00   1.4066e+00   2.1041e+02   1.3541e+01   2.5079e-01   0.0000e+00   3.1016e+02
20261010_09:00:00   9.8776e-01   1.7515e+02   1.2253e+01   1.1453e-01   0.0000e+00   3.0666e+02
20261010_12:00:00   6.0129e-01   1.2705e+02   1.0464e+01   1.0205e-02   0.0000e+00   3.0601e+02
20261010_15:00:00   5.4572e-01   1.1926e+02   8.5856e+00   3.4338e-02   0.0000e+00   3.0306e+02
20261010_18:00:00   3.6613e-01   8.8272e+01   6.7852e+00   3.2574e-03   0.0000e+00   3.0343e+02
20261010_21:00:00   2.8111e-01   7.1598e+01   5.4553e+00   9.3460e-05   0.0000e+00   3.0630e+02
20261011_00:00:00   2.5877e-01   6.6903e+01   5.0283e+00   3.5230e-04   0.0000e+00   3.0468e+02
20261011_03:00:00   2.5292e-01   6.5712e+01   4.9715e+00   1.6270e-04   0.0000e+00   2.9947e+02
20261011_06:00:00   2.8222e-01   7.1596e+01   5.6351e+00   1.5810e-03   0.0000e+00   2.9842e+02
20261011_09:00:00   3.1882e-01   7.8808e+01   6.5359e+00   0.0000e+00   0.0000e+00   2.9806e+02
20261011_12:00:00   2.9404e-01   7.4057e+01   6.0035e+00   8.7840e-06   0.0000e+00   2.9810e+02
20261011_15:00:00   2.5705e-01   6.6410e+01   5.2806e+00   9.8630e-06   0.0000e+00   2.9574e+02
20261011_18:00:00   2.0364e-01   5.4611e+01   4.3396e+00   0.0000e+00   0.0000e+00   2.9231e+02
20261011_21:00:00   2.1195e-01   5.6709e+01   4.4640e+00   0.0000e+00   0.0000e+00   2.9192e+02
20261012_00:00:00   2.6658e-01   6.8284e+01   5.6239e+00   7.2800e-04   0.0000e+00   2.9166e+02
20261012_03:00:00   4.3587e-01   1.0061e+02   8.6831e+00   9.0530e-03   0.0000e+00   2.9192e+02
20261012_06:00:00   5.4354e-01   1.1862e+02   1.1016e+01   1.4350e-03   2.3380e-06   2.9052e+02
20261012_09:00:00   5.6387e-01   1.2241e+02   1.1185e+01   9.5180e-06   0.0000e+00   2.9086e+02
20261012_12:00:00   4.8981e-01   1.1101e+02   9.6412e+00   1.7620e-04   0.0000e+00   2.9151e+02
20261012_15:00:00   4.1571e-01   9.8525e+01   8.0913e+00   7.5950e-04   0.0000e+00   2.9171e+02
20261012_18:00:00   4.2339e-01   1.0001e+02   8.2365e+00   8.6260e-05   0.0000e+00   2.9017e+02
20261012_21:00:00   4.1162e-01   9.7943e+01   7.9685e+00   2.9270e-05   0.0000e+00   2.9042e+02
20261013_00:00:00   3.7758e-01   9.1697e+01   7.2646e+00   6.7600e-04   7.9000e-06   2.9172e+02
20261013_03:00:00   3.6581e-01   8.9353e+01   7.1238e+00   2.6590e-05   0.0000e+00   2.8741e+02
20261013_06:00:00   3.2033e-01   8.0405e+01   6.3261e+00   0.0000e+00   0.0000e+00   2.8438e+02
