#            date       tau255        Tb[K]      pwv[mm] lwp[kg*m^-2] iwp[kg*m^-2]       o3[DU]
20260805_06:00:00   6.6752e-01   1.3894e+02   1.3662e+01   0.0000e+00   1.0266e-04   2.9779e+02
20260805_07:00:00   6.8003e-01   1.4059e+02   1.3885e+01   0.0000e+00   1.2464e-04   2.9694e+02
20260805_08:00:00   6.8752e-01   1.4156e+02   1.4014e+01   0.0000e+00   1.2252e-04   2.9656e+02
20260805_09:00:00   6.9475e-01   1.4258e+02   1.4132e+01   0.0000e+00   6.4920e-06   2.9546e+02
20260805_10:00:00   6.9317e-01   1.4244e+02   1.4087e+01   0.0000e+00   0.0000e+00   2.9938e+02
20260805_11:00:00   6.9400e-01   1.4265e+02   1.4080e+01   0.0000e+00   0.0000e+00   3.0129e+02
20260805_12:00:00   6.9908e-01   1.4342e+02   1.4133e+01   0.0000e+00   2.5098e-06   2.9912e+02
20260805_13:00:00   7.0922e-01   1.4487e+02   1.4280e+01   0.0000e+00   3.9702e-05   2.9851e+02
20260805_14:00:00   7.1138e-01   1.4523e+02   1.4306e+01   0.0000e+00   3.6838e-04   2.9639e+02
20260805_15:00:00   7.1094e-01   1.4523e+02   1.4293e+01   0.0000e+00   1.4144e-05   2.9741e+02
20260805_16:00:00   7.1431e-01   1.4572e+02   1.4340e+01   0.0000e+00   0.0000e+00   3.0171e+02
20260805_17:00:00   7.1531e-01   1.4584e+02   1.4381e+01   0.0000e+00   0.0000e+00   3.0216e+02
20260805_18:00:00   7.0927e-01   1.4497e+02   1.4321e+01   0.0000e+00   0.0000e+00   2.9993e+02
20260805_19:00:00   7.0106e-01   1.4384e+02   1.4218e+01   0.0000e+00   0.0000e+00   2.9705e+02
20260805_20:00:00   6.9321e-01   1.4280e+02   1.4065e+01   0.0000e+00   4.9340e-05   2.9653e+02
20260805_21:00:00   6.8733e-01   1.4199e+02   1.3955e+01   0.0000e+00   0.0000e+00   2.9993e+02
20260805_22:00:00   6.7139e-01   1.3973e+02   1.3692e+01   0.0000e+00   0.0000e+00   2.9788e+02
20260805_23:00:00   6.4766e-01   1.3625e+02   1.3285e+01   0.0000e+00   3.8177e-05   3.0178e+02
20260806_00:00:00   6.1742e-01   1.3171e+02   1.2739e+01   0.0000e+00   5.7040e-07   3.0053e+02
20260806_01:00:00   5.8881e-01   1.2726e+02   1.2199e+01   0.0000e+00   0.0000e+00   3.0390e+02
20260806_02:00:00   5.5878e-01   1.2265e+02   1.1587e+01   0.0000e+00   0.0000e+00   3.0427e+02
20260806_03:00:00   5.3440e-01   1.1887e+02   1.1086e+01   0.0000e+00   0.0000e+00   3.0369e+02
20260806_04:00:00   5.1714e-01   1.1612e+02   1.0724e+01   0.0000e+00   0.0000e+00   3.0287e+02
20260806_05:00:00   5.0072e-01   1.1345e+02   1.0371e+01   0.0000e+00   0.0000e+00   3.0424e+02
20260806_06:00:00   4.9354e-01   1.1230e+02   1.0200e+01   0.0000e+00   0.0000e+00   3.0530e+02
20260806_07:00:00   4.9097e-01   1.1192e+02   1.0123e+01   0.0000e+00   0.0000e+00   3.0491e+02
20260806_08:00:00   4.7595e-01   1.0938e+02   9.8429e+00   0.0000e+00   0.0000e+00   3.0468e+02
20260806_09:00:00   4.5369e-01   1.0551e+02   9.4204e+00   0.0000e+00   0.0000e+00   3.0402e+02
20260806_10:00:00   4.3524e-01   1.0229e+02   9.0418e+00   0.0000e+00   0.0000e+00   3.0288e+02
20260806_11:00:00   4.2236e-01   9.9990e+01   8.7867e+00   0.0000e+00   0.0000e+00   3.0263e+02
20260806_12:00:00   4.1820e-01   9.9326e+01   8.6853e+00   0.0000e+00   0.0000e+00   3.0088e+02
20260806_13:00:00   4.1483e-01   9.8802e+01   8.5990e+00   0.0000e+00   0.0000e+00   3.0056e+02
20260806_14:00:00   4.0292e-01   9.6666e+01   8.3600e+00   0.0000e+00   0.0000e+00   2.9828e+02
20260806_15:00:00   3.8402e-01   9.3145e+01   8.0035e+00   0.0000e+00   0.0000e+00   3.0073e+02
20260806_16:00:00   3.6851e-01   9.0234e+01   7.7065e+00   0.0000e+00   0.0000e+00   3.0363e+02
20260806_17:00:00   3.5616e-01   8.7891e+01   7.4678e+00   0.0000e+00   0.0000e+00   3.0101e+02
20260806_18:00:00   3.4161e-01   8.5038e+01   7.2038e+00   0.0000e+00   0.0000e+00   3.0058e+02
20260806_19:00:00   3.2844e-01   8.2377e+01   6.9683e+00   0.0000e+00   0.0000e+00   3.0028e+02
20260806_20:00:00   3.1717e-01   8.0075e+01   6.7394e+00   0.0000e+00   0.0000e+00   3.0288e+02
20260806_21:00:00   3.1343e-01   7.9290e+01   6.6705e+00   0.0000e+00   0.0000e+00   3.0174e+02
20260806_22:00:00   3.1403e-01   7.9370e+01   6.7027e+00   0.0000e+00   0.0000e+00   3.0126e+02
20260806_23:00:00   3.2473e-01   8.1486e+01   6.9210e+00   0.0000e+00   0.0000e+00   3.0198e+02
20260807_00:00:00   3.3228e-01   8.2901e+01   7.0861e+00   0.0000e+00   0.0000e+00   3.0132e+02
20260807_01:00:00   3.4083e-01   8.4516e+01   7.2581e+00   0.0000e+00   0.0000e+00   3.0125e+02
20260807_02:00:00   3.3292e-01   8.2904e+01   7.0940e+00   0.0000e+00   0.0000e+00   2.9908e+02
20260807_03:00:00   3.2684e-01   8.1715e+01   6.9627e+00   0.0000e+00   0.0000e+00   2.9925e+02
20260807_04:00:00   3.1979e-01   8.0329e+01   6.8040e+00   0.0000e+00   0.0000e+00   2.9946e+02
20260807_05:00:00   3.1407e-01   7.9167e+01   6.6865e+00   0.0000e+00   0.0000e+00   2.9943e+02
20260807_06:00:00   3.2145e-01   8.0713e+01   6.8181e+00   0.0000e+00   0.0000e+00   3.0112e+02
20260807_07:00:00   3.0537e-01   7.7459e+01   6.4946e+00   0.0000e+00   0.0000e+00   3.0307e+02
20260807_08:00:00   2.9878e-01   7.6154e+01   6.3432e+00   0.0000e+00   0.0000e+00   3.0491e+02
20260807_09:00:00   2.8652e-01   7.3617e+01   6.0934e+00   0.0000e+00   0.0000e+00   3.0313e+02
20260807_10:00:00   2.8184e-01   7.2602e+01   5.9998e+00   0.0000e+00   0.0000e+00   3.0100e+02
20260807_11:00:00   2.8644e-01   7.3500e+01   6.1056e+00   0.0000e+00   0.0000e+00   3.0070e+02
20260807_12:00:00   2.9181e-01   7.4615e+01   6.2239e+00   0.0000e+00   0.0000e+00   2.9927e+02
20260807_13:00:00   2.9521e-01   7.5352e+01   6.2960e+00   0.0000e+00   0.0000e+00   2.9727e+02
20260807_14:00:00   2.9707e-01   7.5741e+01   6.3392e+00   0.0000e+00   0.0000e+00   2.9525e+02
20260807_15:00:00   3.0193e-01   7.6775e+01   6.4340e+00   0.0000e+00   0.0000e+00   2.9211e+02
20260807_16:00:00   3.1280e-01   7.9105e+01   6.6319e+00   0.0000e+00   0.0000e+00   2.9000e+02
20260807_17:00:00   3.2418e-01   8.1490e+01   6.8351e+00   0.0000e+00   0.0000e+00   2.9286e+02
20260807_18:00:00   3.2398e-01   8.1475e+01   6.8300e+00   0.0000e+00   0.0000e+00   2.9389e+02
20260807_19:00:00   3.2653e-01   8.1985e+01   6.8747e+00   0.0000e+00   0.0000e+00   2.9434e+02
20260807_20:00:00   3.2115e-01   8.0927e+01   6.7697e+00   0.0000e+00   0.0000e+00   2.9457e+02
20260807_21:00:00   3.1655e-01   7.9992e+01   6.6807e+00   0.0000e+00   0.0000e+00   2.9642e+02
20260807_22:00:00   3.1355e-01   7.9372e+01   6.6209e+00   0.0000e+00   0.0000e+00   2.9613e+02
20260807_23:00:00   3.0498e-01   7.7635e+01   6.4463e+00   0.0000e+00   0.0000e+00   2.9691e+02
20260808_00:00:00   3.0307e-01   7.7234e+01   6.3902e+00   0.0000e+00   0.0000e+00   2.9866e+02
20260808_01:00:00   3.0577e-01   7.7800e+01   6.4214e+00   0.0000e+00   0.0000e+00   2.9976e+02
20260808_02:00:00   3.0646e-01   7.7923e+01   6.4277e+00   0.0000e+00   0.0000e+00   2.9997e+02
20260808_03:00:00   3.0958e-01   7.8516e+01   6.4838e+00   0.0000e+00   0.0000e+00   2.9923e+02
20260808_04:00:00   3.1231e-01   7.9092e+01   6.5229e+00   0.0000e+00   0.0000e+00   2.9804e+02
20260808_05:00:00   3.2046e-01   8.0736e+01   6.6663e+00   0.0000e+00   0.0000e+00   2.9766e+02
20260808_06:00:00   3.2512e-01   8.1668e+01   6.7482e+00   0.0000e+00   0.0000e+00   2.9810e+02
20260808_07:00:00   3.2346e-01   8.1367e+01   6.6976e+00   0.0000e+00   0.0000e+00   2.9604e+02
20260808_08:00:00   3.2602e-01   8.1871e+01   6.7466e+00   0.0000e+00   0.0000e+00   2.9838e+02
20260808_09:00:00   3.2076e-01   8.0807e+01   6.6559e+00   0.0000e+00   0.0000e+00   2.9838e+02
20260808_10:00:00   3.1627e-01   7.9915e+01   6.5645e+00   0.0000e+00   0.0000e+00   2.9963e+02
20260808_11:00:00   3.1466e-01   7.9622e+01   6.5253e+00   0.0000e+00   0.0000e+00   2.9889e+02
20260808_12:00:00   3.1646e-01   8.0018e+01   6.5492e+00   0.0000e+00   0.0000e+00   2.9696e+02
20260808_13:00:00   3.1487e-01   7.9687e+01   6.5289e+00   0.0000e+00   0.0000e+00   2.9852e+02
20260808_14:00:00   3.1467e-01   7.9650e+01   6.5318e+00   0.0000e+00   0.0000e+00   2.9848e+02
20260808_15:00:00   3.1869e-01   8.0512e+01   6.6106e+00   0.0000e+00   0.0000e+00   2.9756e+02
20260808_16:00:00   3.1464e-01   7.9731e+01   6.5327e+00   0.0000e+00   0.0000e+00   2.9862e+02
20260808_17:00:00   3.1602e-01   8.0052e+01   6.5451e+00   0.0000e+00   0.0000e+00   2.9816e+02
20260808_18:00:00   3.0812e-01   7.8479e+01   6.3873e+00   0.0000e+00   0.0000e+00   2.9796e+02
20260808_19:00:00   2.9736e-01   7.6262e+01   6.1770e+00   0.0000e+00   0.0000e+00   2.9767e+02
20260808_20:00:00   2.8500e-01   7.3684e+01   5.9324e+00   0.0000e+00   0.0000e+00   2.9833e+02
20260808_21:00:00   2.7479e-01   7.1530e+01   5.7163e+00   0.0000e+00   0.0000e+00   2.9899e+02
20260808_22:00:00   2.6334e-01   6.9091e+01   5.4897e+00   0.0000e+00   0.0000e+00   2.9958e+02
20260808_23:00:00   2.5463e-01   6.7226e+01   5.3155e+00   0.0000e+00   0.0000e+00   2.9967e+02
20260809_00:00:00   2.4441e-01   6.4998e+01   5.1002e+00   0.0000e+00   0.0000e+00   2.9838e+02
20260809_01:00:00   2.2907e-01   6.1593e+01   4.7889e+00   0.0000e+00   0.0000e+00   2.9851e+02
20260809_02:00:00   2.1571e-01   5.8601e+01   4.5060e+00   0.0000e+00   0.0000e+00   2.9816e+02
20260809_03:00:00   2.0694e-01   5.6618e+01   4.3200e+00   0.0000e+00   0.0000e+00   2.9782e+02
20260809_04:00:00   2.0264e-01   5.5632e+01   4.2198e+00   0.0000e+00   0.0000e+00   2.9875e+02
20260809_05:00:00   1.9790e-01   5.4532e+01   4.1147e+00   0.0000e+00   0.0000e+00   2.9804e+02
20260809_06:00:00   1.8841e-01   5.2373e+01   3.9083e+00   0.0000e+00   0.0000e+00   3.0019e+02
20260809_07:00:00   1.8542e-01   5.1694e+01   3.8260e+00   0.0000e+00   0.0000e+00   3.0144e+02
20260809_08:00:00   1.7634e-01   4.9590e+01   3.6317e+00   0.0000e+00   0.0000e+00   3.0001e+02
20260809_09:00:00   1.6737e-01   4.7486e+01   3.4410e+00   0.0000e+00   0.0000e+00   2.9913e+02
20260809_10:00:00   1.6526e-01   4.7001e+01   3.3872e+00   0.0000e+00   0.0000e+00   2.9988e+02
20260809_11:00:00   1.7103e-01   4.8396e+01   3.4831e+00   0.0000e+00   0.0000e+00   3.0030e+02
20260809_12:00:00   1.9017e-01   5.2934e+01   3.8278e+00   0.0000e+00   0.0000e+00   3.0049e+02
20260809_13:00:00   2.0492e-01   5.6364e+01   4.1096e+00   0.0000e+00   0.0000e+00   3.0080e+02
20260809_14:00:00   2.3670e-01   6.3573e+01   4.7064e+00   0.0000e+00   0.0000e+00   2.9919e+02
20260809_15:00:00   2.6238e-01   6.9223e+01   5.2013e+00   0.0000e+00   0.0000e+00   2.9748e+02
20260809_16:00:00   2.8801e-01   7.4719e+01   5.6944e+00   0.0000e+00   0.0000e+00   2.9791e+02
20260809_17:00:00   3.0168e-01   7.7587e+01   5.9739e+00   0.0000e+00   0.0000e+00   2.9845e+02
20260809_18:00:00   2.9077e-01   7.5314e+01   5.7913e+00   0.0000e+00   0.0000e+00   2.9795e+02
20260809_19:00:00   2.6679e-01   7.0180e+01   5.3725e+00   0.0000e+00   0.0000e+00   2.9739e+02
20260809_20:00:00   2.3103e-01   6.2239e+01   4.7420e+00   0.0000e+00   0.0000e+00   2.9622e+02
20260809_21:00:00   2.0439e-01   5.6167e+01   4.2492e+00   0.0000e+00   0.0000e+00   2.9512e+02
20260809_22:00:00   1.9267e-01   5.3458e+01   4.0232e+00   0.0000e+00   0.0000e+00   2.9335e+02
20260809_23:00:00   1.8464e-01   5.1579e+01   3.8636e+00   0.0000e+00   0.0000e+00   2.9424e+02
20260810_00:00:00   1.7634e-01   4.9567e+01   3.7062e+00   0.0000e+00   0.0000e+00   2.9667e+02
20260810_01:00:00   1.6971e-01   4.7937e+01   3.5796e+00   0.0000e+00   0.0000e+00   2.9814e+02
20260810_02:00:00   1.6711e-01   4.7268e+01   3.5323e+00   0.0000e+00   0.0000e+00   2.9615e+02
20260810_03:00:00   1.6895e-01   4.7648e+01   3.5796e+00   0.0000e+00   0.0000e+00   2.9597e+02
20260810_04:00:00   1.7322e-01   4.8591e+01   3.6872e+00   0.0000e+00   0.0000e+00   2.9667e+02
20260810_05:00:00   1.8071e-01   5.0302e+01   3.8540e+00   0.0000e+00   0.0000e+00   2.9771e+02
20260810_06:00:00   1.8633e-01   5.1642e+01   3.9600e+00   0.0000e+00   0.0000e+00   2.9752e+02
20260810_09:00:00   1.9533e-01   5.3775e+01   4.1207e+00   0.0000e+00   0.0000e+00   2.9876e+02
20260810_12:00:00   2.0172e-01   5.5252e+01   4.2554e+00   0.0000e+00   0.0000e+00   2.9502e+02
20260810_15:00:00   2.3728e-01   6.3441e+01   4.9209e+00   0.0000e+00   0.0000e+00   2.9263e+02
20260810_18:00:00   2.1666e-01   5.8740e+01   4.5336e+00   0.0000e+00   0.0000e+00   2.9305e+02
20260810_21:00:00   1.8504e-01   5.1321e+01   3.9232e+00   0.0000e+00   0.0000e+00   2.9459e+02
20260811_00:00:00   2.0975e-01   5.7061e+01   4.4182e+00   0.0000e+00   0.0000e+00   2.9801e+02
20260811_03:00:00   2.7255e-01   7.0792e+01   5.7003e+00   0.0000e+00   0.0000e+00   2.9533e+02
20260811_06:00:00   3.5787e-01   8.8215e+01   7.3446e+00   0.0000e+00   0.0000e+00   2.9195e+02
20260811_09:00:00   3.3815e-01   8.4616e+01   6.8937e+00   0.0000e+00   0.0000e+00   2.9272e+02
20260811_12:00:00   3.2782e-01   8.2837e+01   6.5701e+00   0.0000e+00   0.0000e+00   2.9049e+02
20260811_15:00:00   3.2597e-01   8.2705e+01   6.4636e+00   0.0000e+00   0.0000e+00   2.8917e+02
20260811_18:00:00   3.0784e-01   7.9026e+01   6.0825e+00   0.0000e+00   0.0000e+00   2.8751e+02
20260811_21:00:00   2.2862e-01   6.1986e+01   4.6231e+00   0.0000e+00   0.0000e+00   2.8850e+02
20260812_00:00:00   2.0420e-01   5.6356e+01   4.1748e+00   0.0000e+00   0.0000e+00   2.8771e+02
20260812_03:00:00   1.9323e-01   5.3810e+01   3.9649e+00   0.0000e+00   0.0000e+00   2.8593e+02
20260812_06:00:00   1.8797e-01   5.2534e+01   3.8631e+00   0.0000e+00   0.0000e+00   2.8775e+02
20260812_09:00:00   1.8511e-01   5.1795e+01   3.8424e+00   0.0000e+00   0.0000e+00   2.8942e+02
20260812_12:00:00   2.2819e-01   6.1610e+01   4.7634e+00   0.0000e+00   0.0000e+00   2.8951e+02
20260812_15:00:00   3.1152e-01   7.9588e+01   6.4196e+00   0.0000e+00   0.0000e+00   2.8747e+02
20260812_18:00:00   3.8060e-01   9.3419e+01   7.7419e+00   0.0000e+00   0.0000e+00   2.8571e+02
20260812_21:00:00   4.4574e-01   1.0533e+02   8.9778e+00   0.0000e+00   0.0000e+00   2.8345e+02
20260813_00:00:00   4.8524e-01   1.1230e+02   9.7638e+00   0.0000e+00   0.0000e+00   2.8090e+02
20260813_03:00:00   6.0669e-01   1.3124e+02   1.2108e+01   0.0000e+00   0.0000e+00   2.8028e+02
20260813_06:00:00   6.8114e-01   1.4180e+02   1.3421e+01   0.0000e+00   0.0000e+00   2.8097e+02
20260813_09:00:00   7.2349e-01   1.4752e+02   1.4109e+01   0.0000e+00   0.0000e+00   2.8151e+02
20260813_12:00:00   7.1642e-01   1.4679e+02   1.4016e+01   0.0000e+00   0.0000e+00   2.8591e+02
20260813_15:00:00   7.1249e-01   1.4640e+02   1.3937e+01   0.0000e+00   0.0000e+00   2.8235e+02
20260813_18:00:00   6.8855e-01   1.4345e+02   1.3437e+01   0.0000e+00   0.0000e+00   2.8096e+02
20260813_21:00:00   6.1896e-01   1.3370e+02   1.2116e+01   0.0000e+00   0.0000e+00   2.7888e+02
20260814_00:00:00   5.5550e-01   1.2390e+02   1.0985e+01   0.0000e+00   0.0000e+00   2.7798e+02
20260814_03:00:00   4.8783e-01   1.1256e+02   9.8426e+00   0.0000e+00   0.0000e+00   2.7906e+02
20260814_06:00:00   4.1661e-01   9.9813e+01   8.5451e+00   0.0000e+00   0.0000e+00   2.8312e+02
20260814_09:00:00   3.5927e-01   8.9086e+01   7.3731e+00   0.0000e+00   0.0000e+00   2.7994e+02
20260814_12:00:00   3.0413e-01   7.8391e+01   6.1681e+00   0.0000e+00   0.0000e+00   2.7970e+02
20260814_15:00:00   2.2863e-01   6.2130e+01   4.6658e+00   0.0000e+00   0.0000e+00   2.8118e+02
20260814_18:00:00   1.8624e-01   5.2449e+01   3.7911e+00   0.0000e+00   0.0000e+00   2.8120e+02
20260814_21:00:00   1.7064e-01   4.8785e+01   3.4143e+00   0.0000e+00   0.0000e+00   2.8258e+02
20260815_00:00:00   1.4349e-01   4.2195e+01   2.8540e+00   0.0000e+00   0.0000e+00   2.8207e+02
20260815_03:00:00   1.5211e-01   4.4258e+01   2.9980e+00   0.0000e+00   0.0000e+00   2.8349e+02
20260815_06:00:00   1.4777e-01   4.3249e+01   2.8940e+00   0.0000e+00   0.0000e+00   2.8439e+02
20260815_09:00:00   1.5088e-01   4.4012e+01   2.9420e+00   0.0000e+00   0.0000e+00   2.8393e+02
20260815_12:00:00   1.6013e-01   4.6246e+01   3.1198e+00   0.0000e+00   0.0000e+00   2.8350e+02
20260815_15:00:00   2.2800e-01   6.1992e+01   4.3822e+00   0.0000e+00   0.0000e+00   2.8272e+02
20260815_18:00:00   2.2256e-01   6.0740e+01   4.3340e+00   0.0000e+00   0.0000e+00   2.8399e+02
20260815_21:00:00   1.7489e-01   4.9725e+01   3.4654e+00   0.0000e+00   0.0000e+00   2.8038e+02
20260816_00:00:00   1.5921e-01   4.5942e+01   3.1668e+00   0.0000e+00   0.0000e+00   2.8417e+02
20260816_03:00:00   1.5862e-01   4.5694e+01   3.1726e+00   0.0000e+00   0.0000e+00   2.8381e+02
20260816_06:00:00   1.5671e-01   4.5174e+01   3.1336e+00   0.0000e+00   0.0000e+00   2.8293e+02
20260816_09:00:00   1.5061e-01   4.3731e+01   2.9818e+00   0.0000e+00   0.0000e+00   2.8477e+02
20260816_12:00:00   1.5329e-01   4.4370e+01   3.0456e+00   0.0000e+00   0.0000e+00   2.8471e+02
20260816_15:00:00   2.1788e-01   5.9591e+01   4.2588e+00   0.0000e+00   0.0000e+00   2.8621e+02
20260816_18:00:00   2.0349e-01   5.6376e+01   4.0037e+00   0.0000e+00   0.0000e+00   2.8714e+02
20260816_21:00:00   1.6021e-01   4.6151e+01   3.1754e+00   0.0000e+00   0.0000e+00   2.8636e+02
20260817_00:00:00   1.3522e-01   3.9997e+01   2.6847e+00   0.0000e+00   0.0000e+00   2.8607e+02
20260817_03:00:00   1.3729e-01   4.0391e+01   2.7548e+00   0.0000e+00   0.0000e+00   2.8748e+02
20260817_06:00:00   1.7489e-01   4.9296e+01   3.5777e+00   0.0000e+00   0.0000e+00   2.8605e+02
20260817_09:00:00   2.6155e-01   6.8674e+01   5.3485e+00   0.0000e+00   0.0000e+00   2.8744e+02
20260817_12:00:00   3.1148e-01   7.9307e+01   6.3051e+00   0.0000e+00   0.0000e+00   2.8642e+02
20260817_15:00:00   3.2191e-01   8.1550e+01   6.5025e+00   0.0000e+00   0.0000e+00   2.8556e+02
20260817_18:00:00   3.3109e-01   8.3362e+01   6.7044e+00   0.0000e+00   0.0000e+00   2.8535e+02
20260817_21:00:00   3.6380e-01   8.9625e+01   7.3292e+00   0.0000e+00   0.0000e+00   2.8737e+02
20260818_00:00:00   4.2553e-01   1.0123e+02   8.4308e+00   0.0000e+00   0.0000e+00   2.8424e+02
20260818_03:00:00   5.1525e-01   1.1667e+02   1.0026e+01   0.0000e+00   0.0000e+00   2.8259e+02
20260818_06:00:00   5.5851e-01   1.2368e+02   1.0761e+01   0.0000e+00   0.0000e+00   2.8134e+02
20260818_09:00:00   5.9402e-01   1.2922e+02   1.1390e+01   0.0000e+00   0.0000e+00   2.8290e+02
20260818_12:00:00   6.6201e-01   1.3929e+02   1.2630e+01   0.0000e+00   0.0000e+00   2.8312e+02
20260818_15:00:00   6.9512e-01   1.4434e+02   1.3197e+01   0.0000e+00   0.0000e+00   2.8423e+02
20260818_18:00:00   7.0842e-01   1.4639e+02   1.3408e+01   0.0000e+00   0.0000e+00   2.8358e+02
20260818_21:00:00   6.8373e-01   1.4297e+02   1.3005e+01   0.0000e+00   0.0000e+00   2.8486e+02
20260819_00:00:00   6.6407e-01   1.4022e+02   1.2661e+01   0.0000e+00   0.0000e+00   2.8469e+02
20260819_03:00:00   6.7715e-01   1.4185e+02   1.3112e+01   0.0000e+00   0.0000e+00   2.8517e+02
20260819_06:00:00   7.1418e-01   1.4690e+02   1.3760e+01   0.0000e+00   0.0000e+00   2.8599e+02
20260819_09:00:00   7.4759e-01   1.5125e+02   1.4342e+01   0.0000e+00   0.0000e+00   2.8769e+02
20260819_12:00:00   7.6253e-01   1.5307e+02   1.4793e+01   0.0000e+00   0.0000e+00   2.8666e+02
20260819_15:00:00   8.0506e-01   1.5829e+02   1.5667e+01   0.0000e+00   0.0000e+00   2.8569e+02
20260819_18:00:00   7.2813e-01   1.4841e+02   1.4331e+01   0.0000e+00   0.0000e+00   2.8364e+02
20260819_21:00:00   7.0728e-01   1.4552e+02   1.3984e+01   0.0000e+00   0.0000e+00   2.8022e+02
20260820_00:00:00   7.2482e-01   1.4772e+02   1.4329e+01   0.0000e+00   0.0000e+00   2.7868e+02
20260820_03:00:00   7.0702e-01   1.4510e+02   1.3998e+01   0.0000e+00   0.0000e+00   2.7952e+02
20260820_06:00:00   7.0516e-01   1.4477e+02   1.3986e+01   0.0000e+00   0.0000e+00   2.7937e+02
20260820_09:00:00   6.9559e-01   1.4343e+02   1.3816e+01   0.0000e+00   0.0000e+00   2.7944e+02
20260820_12:00:00   7.0394e-01   1.4451e+02   1.3979e+01   0.0000e+00   2.3896e-05   2.7841e+02
20260820_15:00:00   6.9827e-01   1.4397e+02   1.3785e+01   0.0000e+00   0.0000e+00   2.7627e+02
20260820_18:00:00   6.2582e-01   1.3368e+02   1.2533e+01   0.0000e+00   0.0000e+00   2.7725e+02
20260820_21:00:00   5.9967e-01   1.2976e+02   1.2037e+01   0.0000e+00   0.0000e+00   2.8007e+02
20260821_00:00:00   5.7576e-01   1.2615e+02   1.1526e+01   0.0000e+00   0.0000e+00   2.8087e+02
20260821_03:00:00   5.5210e-01   1.2245e+02   1.1037e+01   0.0000e+00   0.0000e+00   2.8152e+02
20260821_06:00:00   5.4850e-01   1.2185e+02   1.0937e+01   0.0000e+00   0.0000e+00   2.8295e+02
