#            date       tau255        Tb[K]      pwv[mm] lwp[kg*m^-2] iwp[kg*m^-2]       o3[DU]
20260822_00:00:00   2.6022e-01   6.8240e+01   5.1805e+00   0.0000e+00   0.0000e+00   2.9754e+02
20260822_01:00:00   2.5937e-01   6.8035e+01   5.1713e+00   0.0000e+00   0.0000e+00   2.9661e+02
20260822_02:00:00   2.5617e-01   6.7319e+01   5.1256e+00   0.0000e+00   0.0000e+00   2.9427e+02
20260822_03:00:00   2.5504e-01   6.7066e+01   5.0988e+00   0.0000e+00   0.0000e+00   2.9393e+02
20260822_04:00:00   2.5000e-01   6.5951e+01   5.0049e+00   0.0000e+00   0.0000e+00   2.9540e+02
20260822_05:00:00   2.4296e-01   6.4395e+01   4.8845e+00   0.0000e+00   0.0000e+00   2.9514e+02
20260822_06:00:00   2.4396e-01   6.4578e+01   4.9085e+00   7.5390e-06   0.0000e+00   2.9656e+02
20260822_07:00:00   2.4510e-01   6.4791e+01   4.9466e+00   0.0000e+00   0.0000e+00   2.9620e+02
20260822_08:00:00   2.4545e-01   6.4826e+01   4.9648e+00   0.0000e+00   0.0000e+00   2.9529e+02
20260822_09:00:00   2.4263e-01   6.4178e+01   4.9215e+00   0.0000e+00   0.0000e+00   2.9425e+02
20260822_10:00:00   2.4413e-01   6.4514e+01   4.9291e+00   6.5140e-08   0.0000e+00   2.9451e+02
20260822_11:00:00   2.3850e-01   6.3318e+01   4.8120e+00   3.9580e-06   0.0000e+00   2.9607e+02
20260822_12:00:00   2.4392e-01   6.4533e+01   4.8778e+00   0.0000e+00   0.0000e+00   2.9571e+02
20260822_13:00:00   2.7385e-01   7.1003e+01   5.3571e+00   3.9110e-06   0.0000e+00   2.9869e+02
20260822_14:00:00   2.9347e-01   7.5123e+01   5.6791e+00   1.0674e-04   0.0000e+00   2.9995e+02
20260822_15:00:00   3.0999e-01   7.8584e+01   5.8687e+00   1.4161e-03   0.0000e+00   2.9838e+02
20260822_16:00:00   3.0184e-01   7.6954e+01   5.8072e+00   5.0670e-07   0.0000e+00   2.9896e+02
20260822_17:00:00   2.8971e-01   7.4481e+01   5.5972e+00   1.4660e-04   0.0000e+00   2.9895e+02
20260822_18:00:00   2.5627e-01   6.7435e+01   5.0041e+00   2.1150e-05   0.0000e+00   2.9697e+02
20260822_19:00:00   2.2438e-01   6.0488e+01   4.4108e+00   0.0000e+00   0.0000e+00   2.9668e+02
20260822_20:00:00   2.1025e-01   5.7338e+01   4.1297e+00   0.0000e+00   0.0000e+00   2.9737e+02
20260822_21:00:00   2.0131e-01   5.5313e+01   3.9595e+00   0.0000e+00   0.0000e+00   2.9898e+02
20260822_22:00:00   1.8781e-01   5.2174e+01   3.7265e+00   0.0000e+00   0.0000e+00   3.0295e+02
20260822_23:00:00   1.7518e-01   4.9199e+01   3.4997e+00   0.0000e+00   0.0000e+00   2.9805e+02
20260823_00:00:00   1.6517e-01   4.6815e+01   3.3126e+00   0.0000e+00   0.0000e+00   2.9567e+02
20260823_01:00:00   1.5500e-01   4.4372e+01   3.1198e+00   0.0000e+00   0.0000e+00   2.9751e+02
20260823_02:00:00   1.4502e-01   4.1960e+01   2.9208e+00   0.0000e+00   0.0000e+00   2.9669e+02
20260823_03:00:00   1.3544e-01   3.9630e+01   2.7232e+00   0.0000e+00   0.0000e+00   2.9401e+02
20260823_04:00:00   1.2682e-01   3.7503e+01   2.5469e+00   0.0000e+00   0.0000e+00   2.9469e+02
20260823_05:00:00   1.1912e-01   3.5582e+01   2.3942e+00   0.0000e+00   0.0000e+00   2.9596e+02
20260823_06:00:00   1.1725e-01   3.5092e+01   2.3606e+00   0.0000e+00   0.0000e+00   2.9752e+02
20260823_07:00:00   1.1771e-01   3.5189e+01   2.3794e+00   0.0000e+00   0.0000e+00   2.9760e+02
20260823_08:00:00   1.1910e-01   3.5494e+01   2.4163e+00   0.0000e+00   0.0000e+00   2.9563e+02
20260823_09:00:00   1.1982e-01   3.5666e+01   2.4375e+00   0.0000e+00   0.0000e+00   2.9478e+02
20260823_10:00:00   1.2636e-01   3.7279e+01   2.5704e+00   0.0000e+00   0.0000e+00   2.9694e+02
20260823_11:00:00   1.3003e-01   3.8189e+01   2.6439e+00   0.0000e+00   0.0000e+00   2.9791e+02
20260823_12:00:00   1.5684e-01   4.4755e+01   3.1496e+00   0.0000e+00   0.0000e+00   2.9529e+02
20260823_13:00:00   1.9735e-01   5.4324e+01   3.8713e+00   0.0000e+00   0.0000e+00   2.9628e+02
20260823_14:00:00   2.2513e-01   6.0661e+01   4.3543e+00   0.0000e+00   0.0000e+00   2.9569e+02
20260823_15:00:00   2.4931e-01   6.5994e+01   4.7640e+00   0.0000e+00   0.0000e+00   2.9446e+02
20260823_16:00:00   2.6804e-01   7.0028e+01   5.0343e+00   1.3733e-03   0.0000e+00   2.9490e+02
20260823_17:00:00   2.3911e-01   6.3749e+01   4.6396e+00   5.3790e-05   0.0000e+00   2.9530e+02
20260823_18:00:00   1.9726e-01   5.4312e+01   3.9499e+00   0.0000e+00   0.0000e+00   2.9131e+02
20260823_19:00:00   1.7034e-01   4.7969e+01   3.4884e+00   0.0000e+00   0.0000e+00   2.9192e+02
20260823_20:00:00   1.5263e-01   4.3655e+01   3.1773e+00   0.0000e+00   0.0000e+00   2.9321e+02
20260823_21:00:00   1.4511e-01   4.1801e+01   3.0374e+00   0.0000e+00   0.0000e+00   2.9229e+02
20260823_22:00:00   1.4149e-01   4.0901e+01   2.9757e+00   0.0000e+00   0.0000e+00   2.9176e+02
20260823_23:00:00   1.3874e-01   4.0222e+01   2.9302e+00   0.0000e+00   0.0000e+00   2.9406e+02
20260824_00:00:00   1.4315e-01   4.1273e+01   3.0352e+00   0.0000e+00   0.0000e+00   2.9435e+02
20260824_01:00:00   1.4712e-01   4.2223e+01   3.1294e+00   0.0000e+00   0.0000e+00   2.9247e+02
20260824_02:00:00   1.5121e-01   4.3207e+01   3.2169e+00   0.0000e+00   0.0000e+00   2.9183e+02
20260824_03:00:00   1.5421e-01   4.3940e+01   3.2800e+00   0.0000e+00   0.0000e+00   2.8818e+02
20260824_04:00:00   1.5781e-01   4.4796e+01   3.3510e+00   0.0000e+00   0.0000e+00   2.8795e+02
20260824_05:00:00   1.6230e-01   4.5850e+01   3.4443e+00   0.0000e+00   0.0000e+00   2.8867e+02
20260824_06:00:00   1.6583e-01   4.6657e+01   3.5307e+00   0.0000e+00   0.0000e+00   2.8834e+02
20260824_07:00:00   1.7102e-01   4.7885e+01   3.6430e+00   0.0000e+00   0.0000e+00   2.8658e+02
20260824_08:00:00   1.7662e-01   4.9206e+01   3.7598e+00   0.0000e+00   0.0000e+00   2.8598e+02
20260824_09:00:00   1.8171e-01   5.0386e+01   3.8657e+00   0.0000e+00   0.0000e+00   2.8638e+02
20260824_10:00:00   1.9078e-01   5.2516e+01   4.0435e+00   0.0000e+00   0.0000e+00   2.8851e+02
20260824_11:00:00   2.0487e-01   5.5807e+01   4.3120e+00   0.0000e+00   0.0000e+00   2.8974e+02
20260824_12:00:00   2.2203e-01   5.9773e+01   4.6292e+00   0.0000e+00   0.0000e+00   2.8937e+02
20260824_13:00:00   2.5708e-01   6.7608e+01   5.2826e+00   0.0000e+00   0.0000e+00   2.8940e+02
20260824_14:00:00   2.8765e-01   7.4254e+01   5.8088e+00   0.0000e+00   0.0000e+00   2.8960e+02
20260824_15:00:00   2.9825e-01   7.6617e+01   5.9331e+00   0.0000e+00   0.0000e+00   2.9211e+02
20260824_16:00:00   2.8868e-01   7.4710e+01   5.7156e+00   0.0000e+00   0.0000e+00   2.9413e+02
20260824_17:00:00   2.7004e-01   7.0751e+01   5.3857e+00   5.9530e-07   0.0000e+00   2.9315e+02
20260824_18:00:00   2.6465e-01   6.9550e+01   5.3218e+00   3.3810e-06   0.0000e+00   2.9240e+02
20260824_19:00:00   2.6133e-01   6.8788e+01   5.2812e+00   0.0000e+00   0.0000e+00   2.9424e+02
20260824_20:00:00   2.5677e-01   6.7791e+01   5.2097e+00   0.0000e+00   0.0000e+00   2.9655e+02
20260824_21:00:00   2.5659e-01   6.7729e+01   5.2276e+00   0.0000e+00   0.0000e+00   2.9683e+02
20260824_22:00:00   2.5768e-01   6.7951e+01   5.2630e+00   0.0000e+00   0.0000e+00   2.9595e+02
20260824_23:00:00   2.6299e-01   6.9083e+01   5.3702e+00   0.0000e+00   0.0000e+00   2.9469e+02
20260825_00:00:00   2.6997e-01   7.0569e+01   5.5049e+00   0.0000e+00   0.0000e+00   2.9410e+02
20260825_01:00:00   2.7649e-01   7.1958e+01   5.6304e+00   0.0000e+00   0.0000e+00   2.9261e+02
20260825_02:00:00   2.7899e-01   7.2518e+01   5.6677e+00   0.0000e+00   0.0000e+00   2.9075e+02
20260825_03:00:00   2.7732e-01   7.2183e+01   5.6226e+00   0.0000e+00   0.0000e+00   2.9064e+02
20260825_04:00:00   2.7265e-01   7.1198e+01   5.5196e+00   0.0000e+00   0.0000e+00   2.9087e+02
20260825_05:00:00   2.6257e-01   6.9052e+01   5.3095e+00   0.0000e+00   0.0000e+00   2.9119e+02
20260825_06:00:00   2.5699e-01   6.7854e+01   5.1940e+00   0.0000e+00   0.0000e+00   2.9265e+02
20260825_07:00:00   2.5057e-01   6.6447e+01   5.0631e+00   0.0000e+00   0.0000e+00   2.9216e+02
20260825_08:00:00   2.4081e-01   6.4287e+01   4.8816e+00   0.0000e+00   0.0000e+00   2.9254e+02
20260825_09:00:00   2.2676e-01   6.1115e+01   4.6222e+00   0.0000e+00   0.0000e+00   2.9538e+02
20260825_10:00:00   2.0994e-01   5.7294e+01   4.3074e+00   0.0000e+00   0.0000e+00   2.9774e+02
20260825_11:00:00   1.9688e-01   5.4294e+01   4.0604e+00   0.0000e+00   0.0000e+00   2.9814e+02
20260825_12:00:00   1.9498e-01   5.3846e+01   4.0369e+00   0.0000e+00   0.0000e+00   2.9647e+02
20260825_13:00:00   2.0476e-01   5.6118e+01   4.2223e+00   0.0000e+00   0.0000e+00   2.9769e+02
20260825_14:00:00   2.2470e-01   6.0701e+01   4.5701e+00   0.0000e+00   0.0000e+00   2.9806e+02
20260825_15:00:00   2.2609e-01   6.1038e+01   4.5905e+00   0.0000e+00   0.0000e+00   2.9690e+02
20260825_16:00:00   2.1409e-01   5.8343e+01   4.3697e+00   0.0000e+00   0.0000e+00   2.9606e+02
20260825_17:00:00   2.0591e-01   5.6471e+01   4.2266e+00   0.0000e+00   0.0000e+00   2.9639e+02
20260825_18:00:00   1.9606e-01   5.4188e+01   4.0508e+00   0.0000e+00   0.0000e+00   2.9771e+02
20260825_19:00:00   1.8689e-01   5.2034e+01   3.8889e+00   0.0000e+00   0.0000e+00   2.9719e+02
20260825_20:00:00   1.7870e-01   5.0095e+01   3.7397e+00   0.0000e+00   0.0000e+00   2.9579e+02
20260825_21:00:00   1.7197e-01   4.8485e+01   3.6165e+00   0.0000e+00   0.0000e+00   2.9625e+02
20260825_22:00:00   1.6919e-01   4.7802e+01   3.5706e+00   0.0000e+00   0.0000e+00   2.9368e+02
20260825_23:00:00   1.6857e-01   4.7649e+01   3.5666e+00   0.0000e+00   0.0000e+00   2.9255e+02
20260826_00:00:00   1.7137e-01   4.8322e+01   3.6285e+00   0.0000e+00   0.0000e+00   2.9363e+02
20260826_01:00:00   1.7820e-01   4.9914e+01   3.7764e+00   0.0000e+00   0.0000e+00   2.9616e+02
20260826_02:00:00   1.8456e-01   5.1386e+01   3.9136e+00   0.0000e+00   0.0000e+00   2.9851e+02
20260826_03:00:00   1.8856e-01   5.2262e+01   4.0066e+00   0.0000e+00   0.0000e+00   2.9773e+02
20260826_04:00:00   1.8167e-01   5.0612e+01   3.8706e+00   1.3920e-05   0.0000e+00   2.9697e+02
20260826_05:00:00   1.6874e-01   4.7541e+01   3.6017e+00   1.2970e-05   0.0000e+00   2.9510e+02
20260826_06:00:00   1.5795e-01   4.4925e+01   3.3788e+00   0.0000e+00   0.0000e+00   2.9580e+02
20260826_07:00:00   1.5657e-01   4.4555e+01   3.3586e+00   0.0000e+00   0.0000e+00   2.9640e+02
20260826_08:00:00   1.5870e-01   4.5027e+01   3.4169e+00   0.0000e+00   0.0000e+00   2.9517e+02
20260826_09:00:00   1.6437e-01   4.6320e+01   3.5577e+00   0.0000e+00   0.0000e+00   2.9603e+02
20260826_10:00:00   1.6889e-01   4.7361e+01   3.6681e+00   0.0000e+00   0.0000e+00   2.9430e+02
20260826_11:00:00   1.7228e-01   4.8173e+01   3.7438e+00   0.0000e+00   0.0000e+00   2.9503e+02
20260826_12:00:00   1.7990e-01   4.9961e+01   3.9004e+00   6.6910e-08   0.0000e+00   2.9486e+02
20260826_13:00:00   1.8549e-01   5.1280e+01   4.0138e+00   3.3300e-07   0.0000e+00   2.9532e+02
20260826_14:00:00   1.9254e-01   5.2958e+01   4.1537e+00   1.3340e-05   0.0000e+00   2.9634e+02
20260826_15:00:00   2.1127e-01   5.7345e+01   4.5101e+00   1.6490e-05   0.0000e+00   2.9739e+02
20260826_16:00:00   2.1708e-01   5.8718e+01   4.6258e+00   1.2920e-05   0.0000e+00   2.9415e+02
20260826_17:00:00   2.1710e-01   5.8748e+01   4.6347e+00   0.0000e+00   0.0000e+00   2.9270e+02
20260826_18:00:00   2.1017e-01   5.7172e+01   4.5023e+00   0.0000e+00   0.0000e+00   2.9513e+02
20260826_19:00:00   1.9292e-01   5.3192e+01   4.1672e+00   0.0000e+00   0.0000e+00   2.9318e+02
20260826_20:00:00   1.8627e-01   5.1668e+01   4.0245e+00   0.0000e+00   0.0000e+00   2.9208e+02
20260826_21:00:00   1.8611e-01   5.1697e+01   4.0055e+00   0.0000e+00   0.0000e+00   2.9320e+02
20260826_22:00:00   1.8919e-01   5.2491e+01   4.0396e+00   0.0000e+00   0.0000e+00   2.9364e+02
20260826_23:00:00   1.9546e-01   5.4014e+01   4.1199e+00   0.0000e+00   0.0000e+00   2.9322e+02
20260827_00:00:00   2.0158e-01   5.5465e+01   4.1934e+00   0.0000e+00   0.0000e+00   2.9346e+02
20260827_03:00:00   1.8518e-01   5.1764e+01   3.7990e+00   0.0000e+00   0.0000e+00   2.9585e+02
20260827_06:00:00   1.7289e-01   4.8885e+01   3.5457e+00   0.0000e+00   0.0000e+00   2.9858e+02
20260827_09:00:00   1.7092e-01   4.8390e+01   3.5012e+00   0.0000e+00   0.0000e+00   2.9570e+02
20260827_12:00:00   1.6364e-01   4.6747e+01   3.2752e+00   7.0000e-08   0.0000e+00   2.9342e+02
20260827_15:00:00   2.5572e-01   6.7949e+01   3.3810e+00   3.3860e-02   0.0000e+00   2.8504e+02
20260827_18:00:00   1.4800e-01   4.2712e+01   3.0991e+00   0.0000e+00   0.0000e+00   2.8661e+02
20260827_21:00:00   1.5294e-01   4.3713e+01   3.2920e+00   4.0350e-06   0.0000e+00   2.8593e+02
20260828_00:00:00   2.1471e-01   5.7719e+01   4.7593e+00   0.0000e+00   0.0000e+00   2.8333e+02
20260828_03:00:00   3.2199e-01   8.0372e+01   7.0398e+00   0.0000e+00   0.0000e+00   2.8342e+02
20260828_06:00:00   3.9661e-01   9.4924e+01   8.4937e+00   0.0000e+00   0.0000e+00   2.8547e+02
20260828_09:00:00   4.3943e-01   1.0290e+02   9.2738e+00   0.0000e+00   0.0000e+00   2.8639e+02
20260828_12:00:00   5.8536e-01   1.2663e+02   1.2259e+01   0.0000e+00   0.0000e+00   2.8548e+02
20260828_15:00:00   6.8788e-01   1.4176e+02   1.4303e+01   0.0000e+00   7.7646e-06   2.8574e+02
20260828_18:00:00   6.8139e-01   1.4124e+02   1.4011e+01   0.0000e+00   0.0000e+00   2.8674e+02
20260828_21:00:00   6.3726e-01   1.3554e+02   1.2732e+01   0.0000e+00   0.0000e+00   2.8355e+02
20260829_00:00:00   6.3871e-01   1.3612e+02   1.2621e+01   0.0000e+00   0.0000e+00   2.8216e+02
20260829_03:00:00   6.2571e-01   1.3431e+02   1.2346e+01   0.0000e+00   0.0000e+00   2.8255e+02
20260829_06:00:00   5.9888e-01   1.3021e+02   1.1899e+01   0.0000e+00   0.0000e+00   2.8433e+02
20260829_09:00:00   6.4014e-01   1.3611e+02   1.2645e+01   0.0000e+00   3.0131e-05   2.8301e+02
20260829_12:00:00   5.9642e-01   1.2986e+02   1.1831e+01   0.0000e+00   0.0000e+00   2.8208e+02
20260829_15:00:00   5.8149e-01   1.2789e+02   1.1523e+01   0.0000e+00   0.0000e+00   2.8199e+02
20260829_18:00:00   5.7907e-01   1.2732e+02   1.1568e+01   0.0000e+00   0.0000e+00   2.7847e+02
20260829_21:00:00   5.4375e-01   1.2154e+02   1.0972e+01   0.0000e+00   0.0000e+00   2.7855e+02
20260830_00:00:00   5.0679e-01   1.1519e+02   1.0359e+01   0.0000e+00   0.0000e+00   2.7758e+02
20260830_03:00:00   5.0069e-01   1.1376e+02   1.0300e+01   0.0000e+00   2.2820e-07   2.7698e+02
20260830_06:00:00   5.2144e-01   1.1672e+02   1.0736e+01   0.0000e+00   3.1578e-03   2.7980e+02
20260830_09:00:00   5.3445e-01   1.1857e+02   1.1005e+01   0.0000e+00   5.8545e-03   2.8080e+02
20260830_12:00:00   4.9504e-01   1.1250e+02   1.0237e+01   0.0000e+00   3.1870e-04   2.8286e+02
20260830_15:00:00   5.1859e-01   1.1624e+02   1.0731e+01   0.0000e+00   1.3773e-03   2.8009e+02
20260830_18:00:00   4.9959e-01   1.1313e+02   1.0358e+01   0.0000e+00   4.5407e-04   2.7889e+02
20260830_21:00:00   4.8500e-01   1.1088e+02   9.9944e+00   0.0000e+00   6.9794e-05   2.7901e+02
20260831_00:00:00   4.9589e-01   1.1273e+02   1.0212e+01   0.0000e+00   0.0000e+00   2.7561e+02
20260831_03:00:00   5.2908e-01   1.1813e+02   1.0831e+01   0.0000e+00   0.0000e+00   2.7750e+02
20260831_06:00:00   5.1455e-01   1.1533e+02   1.0620e+01   0.0000e+00   1.7983e-05   2.8110e+02
20260831_09:00:00   5.1671e-01   1.1518e+02   1.0684e+01   0.0000e+00   2.0809e-02   2.7932e+02
20260831_12:00:00   5.3516e-01   1.1834e+02   1.1051e+01   0.0000e+00   2.1651e-04   2.8127e+02
20260831_15:00:00   6.1691e-01   1.3101e+02   1.2673e+01   0.0000e+00   7.5907e-03   2.8006e+02
20260831_18:00:00   6.0746e-01   1.2994e+02   1.2413e+01   0.0000e+00   2.8282e-05   2.8005e+02
20260831_21:00:00   5.7793e-01   1.2562e+02   1.1744e+01   0.0000e+00   0.0000e+00   2.7908e+02
20260901_00:00:00   5.7982e-01   1.2589e+02   1.1750e+01   0.0000e+00   0.0000e+00   2.8087e+02
20260901_03:00:00   5.5717e-01   1.2243e+02   1.1288e+01   0.0000e+00   0.0000e+00   2.8338e+02
20260901_06:00:00   5.5497e-01   1.2209e+02   1.1303e+01   0.0000e+00   0.0000e+00   2.8266e+02
20260901_09:00:00   5.5047e-01   1.2155e+02   1.1246e+01   0.0000e+00   0.0000e+00   2.8036e+02
20260901_12:00:00   4.9822e-01   1.1336e+02   1.0337e+01   0.0000e+00   0.0000e+00   2.7913e+02
20260901_15:00:00   4.4886e-01   1.0494e+02   9.4359e+00   0.0000e+00   0.0000e+00   2.7816e+02
20260901_18:00:00   4.6859e-01   1.0851e+02   9.8055e+00   0.0000e+00   0.0000e+00   2.7640e+02
20260901_21:00:00   4.6337e-01   1.0783e+02   9.6606e+00   0.0000e+00   0.0000e+00   2.7442e+02
20260902_00:00:00   5.5415e-01   1.2281e+02   1.1345e+01   0.0000e+00   0.0000e+00   2.7376e+02
20260902_03:00:00   5.6015e-01   1.2377e+02   1.1441e+01   0.0000e+00   0.0000e+00   2.7631e+02
20260902_06:00:00   5.2066e-01   1.1724e+02   1.0745e+01   0.0000e+00   0.0000e+00   2.7672e+02
20260902_09:00:00   5.0044e-01   1.1368e+02   1.0419e+01   0.0000e+00   0.0000e+00   2.7747e+02
20260902_12:00:00   5.0505e-01   1.1463e+02   1.0441e+01   0.0000e+00   0.0000e+00   2.7631e+02
20260902_15:00:00   5.4011e-01   1.2054e+02   1.1034e+01   0.0000e+00   2.6626e-05   2.7526e+02
20260902_18:00:00   5.1052e-01   1.1589e+02   1.0396e+01   0.0000e+00   2.4298e-05   2.7457e+02
20260902_21:00:00   4.4861e-01   1.0537e+02   9.2005e+00   0.0000e+00   0.0000e+00   2.7646e+02
20260903_00:00:00   5.4697e-01   1.2229e+02   1.0797e+01   0.0000e+00   0.0000e+00   2.7611e+02
20260903_03:00:00   5.7718e-01   1.2680e+02   1.1403e+01   0.0000e+00   0.0000e+00   2.7415e+02
20260903_06:00:00   6.7015e-01   1.3993e+02   1.3144e+01   0.0000e+00   0.0000e+00   2.7324e+02
20260903_09:00:00   6.9768e-01   1.4363e+02   1.3640e+01   0.0000e+00   0.0000e+00   2.7699e+02
20260903_12:00:00   6.6312e-01   1.3892e+02   1.3069e+01   0.0000e+00   0.0000e+00   2.7483e+02
20260903_15:00:00   6.4201e-01   1.3600e+02   1.2727e+01   0.0000e+00   0.0000e+00   2.7620e+02
20260903_18:00:00   6.1893e-01   1.3276e+02   1.2277e+01   0.0000e+00   0.0000e+00   2.7536e+02
20260903_21:00:00   6.1104e-01   1.3161e+02   1.2005e+01   0.0000e+00   0.0000e+00   2.7531e+02
20260904_00:00:00   5.9641e-01   1.2938e+02   1.1652e+01   0.0000e+00   0.0000e+00   2.8030e+02
20260904_03:00:00   4.5827e-01   1.0684e+02   9.1298e+00   0.0000e+00   0.0000e+00   2.7794e+02
20260904_06:00:00   4.4101e-01   1.0372e+02   8.7642e+00   0.0000e+00   0.0000e+00   2.8205e+02
20260904_09:00:00   4.3980e-01   1.0351e+02   8.7176e+00   0.0000e+00   0.0000e+00   2.8211e+02
20260904_12:00:00   4.6877e-01   1.0859e+02   9.2291e+00   0.0000e+00   0.0000e+00   2.8007e+02
20260904_15:00:00   5.2429e-01   1.1812e+02   1.0157e+01   8.2720e-07   0.0000e+00   2.8041e+02
20260904_18:00:00   4.4219e-01   1.0409e+02   8.6627e+00   0.0000e+00   0.0000e+00   2.8204e+02
20260904_21:00:00   3.5548e-01   8.7821e+01   7.0541e+00   0.0000e+00   0.0000e+00   2.8461e+02
20260905_00:00:00   3.4353e-01   8.5228e+01   6.8621e+00   0.0000e+00   0.0000e+00   2.8624e+02
20260905_03:00:00   3.1314e-01   7.9048e+01   6.3062e+00   0.0000e+00   0.0000e+00   2.8709e+02
20260905_06:00:00   3.3635e-01   8.3641e+01   6.6929e+00   0.0000e+00   0.0000e+00   2.8702e+02
20260905_09:00:00   3.6526e-01   8.9202e+01   7.2076e+00   0.0000e+00   0.0000e+00   2.8822e+02
20260905_12:00:00   3.3013e-01   8.2485e+01   6.4874e+00   0.0000e+00   0.0000e+00   2.9179e+02
20260905_15:00:00   3.8748e-01   9.3786e+01   7.3314e+00   3.6550e-06   0.0000e+00   2.9050e+02
20260905_18:00:00   3.0546e-01   7.7690e+01   5.9972e+00   0.0000e+00   0.0000e+00   2.8767e+02
20260905_21:00:00   2.2846e-01   6.1022e+01   4.7429e+00   0.0000e+00   0.0000e+00   2.8633e+02
20260906_00:00:00   3.3768e-01   8.3317e+01   7.1069e+00   0.0000e+00   9.8080e-07   2.8729e+02
20260906_03:00:00   4.5639e-01   1.0537e+02   9.3722e+00   0.0000e+00   0.0000e+00   2.8543e+02
20260906_06:00:00   4.8288e-01   1.0994e+02   9.8511e+00   0.0000e+00   0.0000e+00   2.8423e+02
20260906_09:00:00   5.1956e-01   1.1601e+02   1.0490e+01   0.0000e+00   0.0000e+00   2.8607e+02
20260906_12:00:00   5.6969e-01   1.2459e+02   1.1452e+01   0.0000e+00   0.0000e+00   2.8334e+02
20260906_15:00:00   6.5794e-01   1.3787e+02   1.3176e+01   0.0000e+00   0.0000e+00   2.8182e+02
20260906_18:00:00   7.2865e-01   1.4763e+02   1.4426e+01   0.0000e+00   0.0000e+00   2.8201e+02
20260906_21:00:00   6.0679e-01   1.3093e+02   1.2136e+01   0.0000e+00   0.0000e+00   2.8336e+02
20260907_00:00:00   5.3665e-01   1.2001e+02   1.0869e+01   0.0000e+00   0.0000e+00   2.8346e+02
