#            date       tau255        Tb[K]      pwv[mm] lwp[kg*m^-2] iwp[kg*m^-2]       o3[DU]
20260915_18:00:00   6.2428e-01   1.3337e+02   1.1402e+01   7.4142e-06   0.0000e+00   2.7994e+02
20260915_19:00:00   6.2892e-01   1.3408e+02   1.1489e+01   0.0000e+00   0.0000e+00   2.8039e+02
20260915_20:00:00   6.3851e-01   1.3542e+02   1.1655e+01   0.0000e+00   0.0000e+00   2.8100e+02
20260915_21:00:00   6.3796e-01   1.3534e+02   1.1623e+01   0.0000e+00   0.0000e+00   2.7982e+02
20260915_22:00:00   6.3506e-01   1.3488e+02   1.1540e+01   0.0000e+00   0.0000e+00   2.7817e+02
20260915_23:00:00   6.4567e-01   1.3630e+02   1.1695e+01   0.0000e+00   0.0000e+00   2.7840e+02
20260916_00:00:00   6.4041e-01   1.3551e+02   1.1600e+01   0.0000e+00   0.0000e+00   2.7884e+02
20260916_01:00:00   6.2158e-01   1.3273e+02   1.1290e+01   0.0000e+00   0.0000e+00   2.7907e+02
20260916_02:00:00   6.0744e-01   1.3061e+02   1.1062e+01   0.0000e+00   0.0000e+00   2.8011e+02
20260916_03:00:00   5.9001e-01   1.2796e+02   1.0768e+01   0.0000e+00   0.0000e+00   2.8063e+02
20260916_04:00:00   5.8266e-01   1.2678e+02   1.0660e+01   0.0000e+00   0.0000e+00   2.7989e+02
20260916_05:00:00   5.6649e-01   1.2428e+02   1.0380e+01   0.0000e+00   0.0000e+00   2.8018e+02
20260916_06:00:00   5.5836e-01   1.2303e+02   1.0226e+01   0.0000e+00   0.0000e+00   2.8072e+02
20260916_07:00:00   5.6146e-01   1.2357e+02   1.0235e+01   0.0000e+00   0.0000e+00   2.8135e+02
20260916_08:00:00   5.7314e-01   1.2545e+02   1.0375e+01   0.0000e+00   0.0000e+00   2.8300e+02
20260916_09:00:00   5.6398e-01   1.2399e+02   1.0219e+01   0.0000e+00   0.0000e+00   2.8329e+02
20260916_10:00:00   4.8770e-01   1.1155e+02   9.0269e+00   0.0000e+00   0.0000e+00   2.8272e+02
20260916_11:00:00   4.1925e-01   9.9492e+01   7.9234e+00   0.0000e+00   0.0000e+00   2.8121e+02
20260916_12:00:00   3.7948e-01   9.2109e+01   7.2529e+00   0.0000e+00   0.0000e+00   2.8081e+02
20260916_13:00:00   3.5691e-01   8.7792e+01   6.8651e+00   0.0000e+00   0.0000e+00   2.8334e+02
20260916_14:00:00   3.4155e-01   8.4812e+01   6.5884e+00   0.0000e+00   0.0000e+00   2.8534e+02
20260916_15:00:00   3.1922e-01   8.0383e+01   6.1940e+00   0.0000e+00   0.0000e+00   2.8376e+02
20260916_16:00:00   2.7818e-01   7.2010e+01   5.4463e+00   0.0000e+00   0.0000e+00   2.8366e+02
20260916_17:00:00   2.4407e-01   6.4743e+01   4.8124e+00   0.0000e+00   0.0000e+00   2.8513e+02
20260916_18:00:00   2.1247e-01   5.7758e+01   4.2098e+00   0.0000e+00   0.0000e+00   2.8665e+02
20260916_19:00:00   1.9591e-01   5.4001e+01   3.8773e+00   0.0000e+00   0.0000e+00   2.8927e+02
20260916_20:00:00   1.8938e-01   5.2475e+01   3.7393e+00   0.0000e+00   0.0000e+00   2.8956e+02
20260916_21:00:00   1.8418e-01   5.1230e+01   3.6402e+00   0.0000e+00   0.0000e+00   2.8841e+02
20260916_22:00:00   1.8651e-01   5.1719e+01   3.6815e+00   0.0000e+00   0.0000e+00   2.8918e+02
20260916_23:00:00   1.9126e-01   5.2769e+01   3.7807e+00   0.0000e+00   0.0000e+00   2.8831e+02
20260917_00:00:00   2.0081e-01   5.4893e+01   3.9666e+00   0.0000e+00   0.0000e+00   2.8628e+02
20260917_01:00:00   2.0586e-01   5.6004e+01   4.0587e+00   0.0000e+00   0.0000e+00   2.8594e+02
20260917_02:00:00   2.1219e-01   5.7408e+01   4.1780e+00   0.0000e+00   0.0000e+00   2.8510e+02
20260917_03:00:00   2.1904e-01   5.8926e+01   4.3135e+00   0.0000e+00   0.0000e+00   2.8643e+02
20260917_04:00:00   2.2349e-01   5.9899e+01   4.4068e+00   0.0000e+00   0.0000e+00   2.8688e+02
20260917_05:00:00   2.2646e-01   6.0550e+01   4.4684e+00   0.0000e+00   0.0000e+00   2.8760e+02
20260917_06:00:00   2.2121e-01   5.9363e+01   4.3841e+00   0.0000e+00   0.0000e+00   2.8721e+02
20260917_07:00:00   2.1072e-01   5.7005e+01   4.2027e+00   0.0000e+00   0.0000e+00   2.8478e+02
20260917_08:00:00   2.0998e-01   5.6838e+01   4.1902e+00   0.0000e+00   0.0000e+00   2.8317e+02
20260917_09:00:00   2.1047e-01   5.6944e+01   4.2081e+00   0.0000e+00   0.0000e+00   2.8303e+02
20260917_10:00:00   2.1424e-01   5.7786e+01   4.2759e+00   0.0000e+00   0.0000e+00   2.8388e+02
20260917_11:00:00   2.1629e-01   5.8289e+01   4.3139e+00   0.0000e+00   0.0000e+00   2.8567e+02
20260917_12:00:00   2.2509e-01   6.0246e+01   4.4970e+00   1.8480e-06   0.0000e+00   2.8721e+02
20260917_13:00:00   2.5328e-01   6.6391e+01   5.0536e+00   1.2900e-05   0.0000e+00   2.8466e+02
20260917_14:00:00   2.7642e-01   7.1329e+01   5.5116e+00   9.2610e-07   0.0000e+00   2.8588e+02
20260917_15:00:00   2.7984e-01   7.2085e+01   5.5695e+00   1.3830e-05   0.0000e+00   2.8568e+02
20260917_16:00:00   2.7438e-01   7.0971e+01   5.4767e+00   0.0000e+00   0.0000e+00   2.8336e+02
20260917_17:00:00   2.6343e-01   6.8651e+01   5.2993e+00   0.0000e+00   0.0000e+00   2.8125e+02
20260917_18:00:00   2.4415e-01   6.4530e+01   4.9480e+00   0.0000e+00   0.0000e+00   2.8186e+02
20260917_19:00:00   2.1979e-01   5.9215e+01   4.4747e+00   0.0000e+00   0.0000e+00   2.8380e+02
20260917_20:00:00   1.9203e-01   5.2921e+01   3.9207e+00   2.0220e-05   0.0000e+00   2.8541e+02
20260917_21:00:00   1.6501e-01   4.6611e+01   3.3715e+00   5.7800e-07   0.0000e+00   2.8713e+02
20260917_22:00:00   1.4472e-01   4.1768e+01   2.9548e+00   0.0000e+00   0.0000e+00   2.8905e+02
20260917_23:00:00   1.3528e-01   3.9486e+01   2.7518e+00   0.0000e+00   0.0000e+00   2.9023e+02
20260918_00:00:00   1.3049e-01   3.8326e+01   2.6432e+00   0.0000e+00   0.0000e+00   2.9128e+02
20260918_01:00:00   1.3074e-01   3.8385e+01   2.6319e+00   1.8790e-06   0.0000e+00   2.9193e+02
20260918_02:00:00   1.2862e-01   3.7871e+01   2.5768e+00   5.3760e-06   0.0000e+00   2.9283e+02
20260918_03:00:00   1.2295e-01   3.6473e+01   2.4632e+00   1.8510e-05   0.0000e+00   2.9518e+02
20260918_04:00:00   1.1984e-01   3.5691e+01   2.4080e+00   6.0720e-06   0.0000e+00   2.9687e+02
20260918_05:00:00   1.2370e-01   3.6646e+01   2.4823e+00   1.9120e-06   0.0000e+00   2.9686e+02
20260918_06:00:00   1.2878e-01   3.7919e+01   2.5712e+00   0.0000e+00   0.0000e+00   2.9599e+02
20260918_07:00:00   1.3323e-01   3.9022e+01   2.6569e+00   2.1710e-05   0.0000e+00   2.9567e+02
20260918_08:00:00   1.4053e-01   4.0792e+01   2.8052e+00   3.4290e-05   0.0000e+00   2.9527e+02
20260918_09:00:00   1.4260e-01   4.1353e+01   2.8552e+00   0.0000e+00   0.0000e+00   2.9464e+02
20260918_10:00:00   1.5770e-01   4.4972e+01   3.1588e+00   0.0000e+00   0.0000e+00   2.9533e+02
20260918_11:00:00   1.5971e-01   4.5482e+01   3.2040e+00   0.0000e+00   0.0000e+00   2.9702e+02
20260918_12:00:00   1.8048e-01   5.0383e+01   3.5307e+00   1.0650e-03   0.0000e+00   2.9808e+02
20260918_13:00:00   1.8525e-01   5.1497e+01   3.6337e+00   8.9430e-04   0.0000e+00   2.9725e+02
20260918_14:00:00   1.9185e-01   5.3039e+01   3.7591e+00   8.6676e-04   0.0000e+00   2.9653e+02
20260918_15:00:00   2.0613e-01   5.6289e+01   4.0260e+00   7.8505e-04   0.0000e+00   2.9695e+02
20260918_16:00:00   2.0662e-01   5.6413e+01   4.0067e+00   1.6949e-03   0.0000e+00   2.9670e+02
20260918_17:00:00   2.1466e-01   5.8234e+01   3.9994e+00   5.2500e-03   0.0000e+00   2.9551e+02
20260918_18:00:00   1.9641e-01   5.4009e+01   3.9249e+00   4.5023e-04   0.0000e+00   2.9395e+02
20260918_19:00:00   1.9397e-01   5.3388e+01   3.8948e+00   7.3018e-04   0.0000e+00   2.9376e+02
20260918_20:00:00   1.8863e-01   5.2095e+01   3.8663e+00   0.0000e+00   0.0000e+00   2.9427e+02
20260918_21:00:00   1.8824e-01   5.1966e+01   3.8763e+00   5.6380e-08   0.0000e+00   2.9386e+02
20260918_22:00:00   1.8876e-01   5.2051e+01   3.9105e+00   3.5340e-06   0.0000e+00   2.9300e+02
20260918_23:00:00   1.9307e-01   5.3018e+01   4.0074e+00   1.7290e-05   0.0000e+00   2.9183e+02
20260919_00:00:00   1.9548e-01   5.3546e+01   4.0560e+00   2.4610e-04   0.0000e+00   2.9140e+02
20260919_01:00:00   1.9376e-01   5.3131e+01   4.0460e+00   2.2050e-06   0.0000e+00   2.9137e+02
20260919_02:00:00   1.9297e-01   5.2926e+01   4.0357e+00   1.5820e-07   0.0000e+00   2.9109e+02
20260919_03:00:00   1.9337e-01   5.3003e+01   4.0415e+00   1.7870e-05   0.0000e+00   2.9058e+02
20260919_04:00:00   1.9417e-01   5.3170e+01   4.0627e+00   5.5930e-06   0.0000e+00   2.9065e+02
20260919_05:00:00   1.9804e-01   5.4031e+01   4.1465e+00   4.7890e-06   0.0000e+00   2.9020e+02
20260919_06:00:00   2.0067e-01   5.4607e+01   4.2032e+00   0.0000e+00   0.0000e+00   2.9018e+02
20260919_07:00:00   2.0188e-01   5.4851e+01   4.2374e+00   3.5390e-06   0.0000e+00   2.9054e+02
20260919_08:00:00   2.0680e-01   5.5915e+01   4.3411e+00   1.5320e-05   0.0000e+00   2.9086e+02
20260919_09:00:00   2.1204e-01   5.7048e+01   4.4512e+00   6.5760e-07   0.0000e+00   2.9173e+02
20260919_10:00:00   2.1455e-01   5.7557e+01   4.5116e+00   5.5020e-05   0.0000e+00   2.9384e+02
20260919_11:00:00   2.1287e-01   5.7153e+01   4.4721e+00   3.8310e-04   0.0000e+00   2.9434e+02
20260919_12:00:00   2.1867e-01   5.8463e+01   4.5713e+00   6.1150e-04   0.0000e+00   2.9392e+02
20260919_13:00:00   2.2274e-01   5.9424e+01   4.6664e+00   6.8736e-05   0.0000e+00   2.9394e+02
20260919_14:00:00   2.2919e-01   6.0928e+01   4.7398e+00   9.1625e-04   0.0000e+00   2.9346e+02
20260919_15:00:00   2.3844e-01   6.3001e+01   4.8237e+00   2.6128e-03   0.0000e+00   2.9311e+02
20260919_16:00:00   2.5328e-01   6.6314e+01   4.8520e+00   7.6386e-03   0.0000e+00   2.9302e+02
20260919_17:00:00   2.5443e-01   6.6594e+01   4.8030e+00   9.0258e-03   0.0000e+00   2.9192e+02
20260919_18:00:00   2.1950e-01   5.8829e+01   4.4944e+00   2.2280e-03   0.0000e+00   2.9066e+02
20260919_19:00:00   2.1277e-01   5.7322e+01   4.2894e+00   3.6533e-03   0.0000e+00   2.9028e+02
20260919_20:00:00   1.9095e-01   5.2256e+01   4.0401e+00   5.0700e-04   3.6960e-05   2.9130e+02
20260919_21:00:00   1.8073e-01   4.9831e+01   3.8751e+00   8.2610e-05   6.4907e-04   2.9054e+02
20260919_22:00:00   1.7728e-01   4.8932e+01   3.8304e+00   6.6030e-05   1.4048e-03   2.9006e+02
20260919_23:00:00   1.7510e-01   4.8338e+01   3.8101e+00   3.8460e-05   1.2923e-03   2.9107e+02
20260920_00:00:00   1.7433e-01   4.8102e+01   3.7976e+00   7.9190e-05   9.5238e-04   2.9195e+02
20260920_01:00:00   1.7047e-01   4.7185e+01   3.7197e+00   3.2610e-05   1.0482e-04   2.9205e+02
20260920_02:00:00   1.6905e-01   4.6870e+01   3.6794e+00   3.7220e-05   0.0000e+00   2.9279e+02
20260920_03:00:00   1.7077e-01   4.7222e+01   3.7275e+00   1.8560e-05   0.0000e+00   2.9289e+02
20260920_04:00:00   1.7249e-01   4.7623e+01   3.7637e+00   5.3720e-06   2.0940e-05   2.9264e+02
20260920_05:00:00   1.7422e-01   4.7930e+01   3.8299e+00   3.3650e-07   8.0506e-04   2.9316e+02
20260920_06:00:00   1.7818e-01   4.8722e+01   3.9433e+00   8.6080e-05   1.7326e-03   2.9362e+02
20260920_07:00:00   1.8126e-01   4.9332e+01   4.0321e+00   9.5720e-05   2.0130e-03   2.9433e+02
20260920_08:00:00   1.8519e-01   5.0179e+01   4.1261e+00   3.4930e-05   6.9900e-04   2.9326e+02
20260920_09:00:00   1.8542e-01   5.0196e+01   4.1451e+00   5.6900e-06   0.0000e+00   2.9123e+02
20260920_10:00:00   1.8785e-01   5.0776e+01   4.1894e+00   3.0770e-06   2.3620e-06   2.9195e+02
20260920_11:00:00   1.8705e-01   5.0585e+01   4.1752e+00   4.9890e-06   0.0000e+00   2.9528e+02
20260920_12:00:00   1.8829e-01   5.0861e+01   4.2066e+00   0.0000e+00   0.0000e+00   2.9627e+02
20260920_13:00:00   1.9078e-01   5.1426e+01   4.2688e+00   0.0000e+00   0.0000e+00   2.9465e+02
20260920_14:00:00   1.9934e-01   5.3367e+01   4.4584e+00   4.8460e-07   0.0000e+00   2.9138e+02
20260920_15:00:00   2.1326e-01   5.6479e+01   4.7655e+00   9.5360e-07   0.0000e+00   2.8902e+02
20260920_16:00:00   2.4759e-01   6.4082e+01   5.3525e+00   2.2110e-03   0.0000e+00   2.8825e+02
20260920_17:00:00   2.5597e-01   6.5773e+01   5.5211e+00   3.3420e-03   5.3740e-06   2.8691e+02
20260920_18:00:00   2.4726e-01   6.3721e+01   5.5806e+00   2.7440e-06   6.7602e-04   2.8686e+02
20260920_21:00:00   2.5641e-01   6.5461e+01   5.8724e+00   0.0000e+00   5.9599e-04   2.8314e+02
20260921_00:00:00   2.6410e-01   6.7205e+01   6.0126e+00   0.0000e+00   1.9412e-06   2.8474e+02
20260921_03:00:00   2.7924e-01   7.0300e+01   6.3425e+00   0.0000e+00   0.0000e+00   2.8342e+02
20260921_06:00:00   2.8835e-01   7.2035e+01   6.5275e+00   0.0000e+00   1.2068e-05   2.8038e+02
20260921_09:00:00   3.0403e-01   7.5097e+01   6.8771e+00   0.0000e+00   0.0000e+00   2.8194e+02
20260921_12:00:00   3.1148e-01   7.6688e+01   7.0000e+00   0.0000e+00   8.1850e-06   2.8307e+02
20260921_15:00:00   3.3114e-01   8.0842e+01   7.3989e+00   0.0000e+00   1.0416e-04   2.7957e+02
20260921_18:00:00   3.3241e-01   8.1191e+01   7.4189e+00   0.0000e+00   1.6570e-04   2.7980e+02
20260921_21:00:00   3.4901e-01   8.4485e+01   7.7545e+00   0.0000e+00   6.4091e-05   2.7980e+02
20260922_00:00:00   4.0748e-01   9.5881e+01   8.8316e+00   0.0000e+00   1.3158e-04   2.8224e+02
20260922_03:00:00   4.5364e-01   1.0436e+02   9.6405e+00   0.0000e+00   5.1937e-04   2.8233e+02
20260922_06:00:00   6.8995e-01   1.4189e+02   1.3516e+01   0.0000e+00   7.0014e-03   2.8244e+02
20260922_09:00:00   9.3059e-01   1.7144e+02   1.7365e+01   0.0000e+00   4.7384e-02   2.8505e+02
20260922_12:00:00   9.6377e-01   1.7478e+02   1.7939e+01   0.0000e+00   1.5222e-02   2.8772e+02
20260922_15:00:00   9.7659e-01   1.7584e+02   1.8178e+01   0.0000e+00   2.0803e-02   2.8506e+02
20260922_18:00:00   1.0624e+00   1.8401e+02   1.9699e+01   0.0000e+00   1.8089e-02   2.8353e+02
20260922_21:00:00   1.1786e+00   1.9382e+02   2.0729e+01   1.5980e-02   5.9679e-01   2.8351e+02
20260923_00:00:00   1.0184e+00   1.7964e+02   1.8966e+01   2.0084e-03   8.9549e-02   2.8417e+02
20260923_03:00:00   9.3714e-01   1.7127e+02   1.7537e+01   2.9807e-03   5.8396e-02   2.8496e+02
20260923_06:00:00   6.6266e-01   1.3770e+02   1.2782e+01   0.0000e+00   8.5318e-03   2.8943e+02
20260923_09:00:00   6.4782e-01   1.3534e+02   1.2513e+01   0.0000e+00   9.1215e-03   2.9575e+02
20260923_12:00:00   6.7696e-01   1.3960e+02   1.2789e+01   0.0000e+00   3.2020e-05   2.9608e+02
20260923_15:00:00   6.2572e-01   1.3252e+02   1.1806e+01   0.0000e+00   0.0000e+00   2.9197e+02
20260923_18:00:00   5.1063e-01   1.1471e+02   9.9101e+00   0.0000e+00   0.0000e+00   2.9075e+02
20260923_21:00:00   4.7318e-01   1.0849e+02   9.1311e+00   0.0000e+00   0.0000e+00   2.9306e+02
20260924_00:00:00   4.3726e-01   1.0207e+02   8.5915e+00   0.0000e+00   0.0000e+00   2.9130e+02
20260924_03:00:00   4.9389e-01   1.1180e+02   9.5802e+00   0.0000e+00   0.0000e+00   2.9178e+02
20260924_06:00:00   4.7084e-01   1.0764e+02   9.3439e+00   0.0000e+00   0.0000e+00   2.9169e+02
20260924_09:00:00   7.3597e-01   1.4814e+02   1.3522e+01   0.0000e+00   0.0000e+00   2.9188e+02
20260924_12:00:00   8.9141e-01   1.6692e+02   1.6115e+01   0.0000e+00   2.3701e-05   2.9393e+02
20260924_15:00:00   9.4727e-01   1.7230e+02   1.7603e+01   0.0000e+00   1.2031e-02   2.8919e+02
20260924_18:00:00   9.0632e-01   1.6832e+02   1.6844e+01   0.0000e+00   3.6060e-05   2.8818e+02
20260924_21:00:00   9.2073e-01   1.6992e+02   1.7090e+01   0.0000e+00   8.3119e-05   2.8766e+02
20260925_00:00:00   9.3721e-01   1.7162e+02   1.7393e+01   0.0000e+00   5.7040e-07   2.8648e+02
20260925_03:00:00   8.8800e-01   1.6617e+02   1.6601e+01   0.0000e+00   3.5068e-04   2.8370e+02
20260925_06:00:00   8.7617e-01   1.6476e+02   1.6397e+01   0.0000e+00   2.1132e-03   2.8321e+02
20260925_09:00:00   8.5220e-01   1.6183e+02   1.6030e+01   0.0000e+00   6.3687e-04   2.8402e+02
20260925_12:00:00   8.5365e-01   1.6267e+02   1.5688e+01   0.0000e+00   0.0000e+00   2.8127e+02
20260925_15:00:00   8.8052e-01   1.6611e+02   1.5905e+01   0.0000e+00   0.0000e+00   2.8027e+02
20260925_18:00:00   8.5130e-01   1.6286e+02   1.5475e+01   0.0000e+00   0.0000e+00   2.8007e+02
20260925_21:00:00   8.0099e-01   1.5710e+02   1.4512e+01   0.0000e+00   0.0000e+00   2.7837e+02
20260926_00:00:00   7.6294e-01   1.5245e+02   1.3818e+01   0.0000e+00   0.0000e+00   2.8093e+02
20260926_03:00:00   6.8012e-01   1.4129e+02   1.2504e+01   0.0000e+00   0.0000e+00   2.7899e+02
20260926_06:00:00   5.8340e-01   1.2707e+02   1.0887e+01   0.0000e+00   0.0000e+00   2.7665e+02
20260926_09:00:00   4.7950e-01   1.0996e+02   9.2538e+00   0.0000e+00   0.0000e+00   2.7687e+02
20260926_12:00:00   3.5773e-01   8.7639e+01   7.1594e+00   0.0000e+00   0.0000e+00   2.7752e+02
20260926_15:00:00   2.8038e-01   7.2318e+01   5.6688e+00   2.3160e-04   0.0000e+00   2.7966e+02
20260926_18:00:00   2.0717e-01   5.6185e+01   4.3554e+00   0.0000e+00   1.5802e-05   2.7855e+02
20260926_21:00:00   1.9160e-01   5.2499e+01   4.0557e+00   0.0000e+00   0.0000e+00   2.7857e+02
20260927_00:00:00   1.9078e-01   5.2230e+01   4.0559e+00   0.0000e+00   1.6926e-04   2.7714e+02
20260927_03:00:00   1.8786e-01   5.1539e+01   3.9963e+00   0.0000e+00   8.2000e-05   2.7766e+02
20260927_06:00:00   1.7772e-01   4.9336e+01   3.7227e+00   0.0000e+00   1.9684e-05   2.7888e+02
20260927_09:00:00   1.8961e-01   5.2047e+01   3.9624e+00   0.0000e+00   1.2271e-04   2.7914e+02
20260927_12:00:00   2.1047e-01   5.6927e+01   4.3157e+00   0.0000e+00   0.0000e+00   2.7962e+02
20260927_15:00:00   2.5499e-01   6.6862e+01   5.1425e+00   0.0000e+00   8.8160e-05   2.7706e+02
20260927_18:00:00   2.6713e-01   6.9371e+01   5.4274e+00   0.0000e+00   1.4366e-04   2.7788e+02
20260927_21:00:00   2.6701e-01   6.9227e+01   5.4706e+00   0.0000e+00   1.5854e-03   2.8033e+02
20260928_00:00:00   3.2331e-01   8.0627e+01   6.5787e+00   0.0000e+00   1.8644e-03   2.8254e+02
20260928_03:00:00   4.3955e-01   1.0219e+02   8.7479e+00   0.0000e+00   2.2046e-03   2.8179e+02
20260928_06:00:00   5.2792e-01   1.1728e+02   1.0158e+01   0.0000e+00   3.1319e-04   2.8056e+02
20260928_09:00:00   6.0036e-01   1.2846e+02   1.1443e+01   0.0000e+00   1.6939e-03   2.8162e+02
20260928_12:00:00   7.5991e-01   1.5027e+02   1.4422e+01   0.0000e+00   1.1066e-02   2.7841e+02
20260928_15:00:00   9.4800e-01   1.7226e+02   1.6842e+01   1.1686e-02   2.5280e-05   2.7692e+02
20260928_18:00:00   9.4645e-01   1.7285e+02   1.6355e+01   1.2660e-02   0.0000e+00   2.7704e+02
20260928_21:00:00   8.4388e-01   1.6146e+02   1.5036e+01   0.0000e+00   0.0000e+00   2.7873e+02
20260929_00:00:00   7.6439e-01   1.5184e+02   1.3661e+01   0.0000e+00   0.0000e+00   2.7907e+02
20260929_03:00:00   6.7407e-01   1.3983e+02   1.2167e+01   0.0000e+00   0.0000e+00   2.7939e+02
20260929_06:00:00   6.2063e-01   1.3207e+02   1.1376e+01   0.0000e+00   0.0000e+00   2.7851e+02
20260929_09:00:00   5.7547e-01   1.2525e+02   1.0803e+01   0.0000e+00   0.0000e+00   2.7529e+02
20260929_12:00:00   6.0422e-01   1.2954e+02   1.1370e+01   0.0000e+00   0.0000e+00   2.7758e+02
20260929_15:00:00   6.4448e-01   1.3580e+02   1.1672e+01   5.3513e-03   0.0000e+00   2.7481e+02
20260929_18:00:00   6.4076e-01   1.3524e+02   1.1836e+01   5.7640e-06   0.0000e+00   2.7432e+02
20260929_21:00:00   6.7326e-01   1.3977e+02   1.2458e+01   0.0000e+00   0.0000e+00   2.7280e+02
20260930_00:00:00   7.4137e-01   1.4869e+02   1.3652e+01   0.0000e+00   3.6600e-04   2.7252e+02
20260930_03:00:00   8.6493e-01   1.6372e+02   1.5707e+01   0.0000e+00   1.2862e-03   2.7091e+02
20260930_06:00:00   9.0388e-01   1.6802e+02   1.6366e+01   0.0000e+00   8.8920e-04   2.7226e+02
20260930_09:00:00   9.2180e-01   1.6998e+02   1.6628e+01   0.0000e+00   4.6079e-03   2.7500e+02
20260930_12:00:00   9.3021e-01   1.7093e+02   1.6789e+01   0.0000e+00   1.3409e-02   2.7459e+02
20260930_15:00:00   1.1577e+00   1.9209e+02   2.0534e+01   6.4944e-03   1.1178e-01   2.7351e+02
20260930_18:00:00   1.0583e+00   1.8338e+02   1.9053e+01   1.5019e-03   2.5181e-02   2.7339e+02
20260930_21:00:00   1.1276e+00   1.8957e+02   1.9586e+01   1.3989e-02   3.0288e-03   2.7174e+02
20261001_00:00:00   9.4483e-01   1.7275e+02   1.6657e+01   0.0000e+00   6.7734e-05   2.7689e+02
20261001_03:00:00   8.4232e-01   1.6138e+02   1.4861e+01   0.0000e+00   1.2642e-05   2.7764e+02
20261001_06:00:00   7.7799e-01   1.5356e+02   1.3836e+01   0.0000e+00   7.2320e-06   2.7589e+02
20261001_09:00:00   8.3429e-01   1.6013e+02   1.4673e+01   0.0000e+00   0.0000e+00   2.7749e+02
20261001_12:00:00   8.0517e-01   1.5682e+02   1.4115e+01   1.0950e-05   0.0000e+00   2.7638e+02
20261001_15:00:00   7.7309e-01   1.5316e+02   1.3527e+01   0.0000e+00   0.0000e+00   2.7785e+02
20261001_18:00:00   7.5680e-01   1.5111e+02   1.3132e+01   1.2240e-05   0.0000e+00   2.8044e+02
