#            date       tau255        Tb[K]      pwv[mm] lwp[kg*m^-2] iwp[kg*m^-2]       o3[DU]
20260828_18:00:00   2.0340e-01   5.5620e+01   4.3794e+00   1.0580e-05   0.0000e+00   3.0089e+02
20260828_19:00:00   1.9496e-01   5.3721e+01   4.1872e+00   1.0490e-05   0.0000e+00   3.0221e+02
20260828_20:00:00   1.8682e-01   5.1860e+01   3.9995e+00   1.6300e-05   0.0000e+00   2.9983e+02
20260828_21:00:00   1.7567e-01   4.9252e+01   3.7583e+00   0.0000e+00   0.0000e+00   2.9954e+02
20260828_22:00:00   1.7001e-01   4.7916e+01   3.6427e+00   0.0000e+00   0.0000e+00   2.9892e+02
20260828_23:00:00   1.7093e-01   4.8147e+01   3.6624e+00   2.8400e-06   0.0000e+00   2.9743e+02
20260829_00:00:00   1.6834e-01   4.7547e+01   3.6027e+00   7.4360e-06   0.0000e+00   2.9983e+02
20260829_01:00:00   1.6635e-01   4.7130e+01   3.5449e+00   0.0000e+00   0.0000e+00   3.0353e+02
20260829_02:00:00   1.6484e-01   4.6795e+01   3.4958e+00   0.0000e+00   0.0000e+00   3.0017e+02
20260829_03:00:00   1.6753e-01   4.7451e+01   3.5405e+00   0.0000e+00   0.0000e+00   3.0171e+02
20260829_04:00:00   1.7409e-01   4.9011e+01   3.6765e+00   0.0000e+00   0.0000e+00   2.9943e+02
20260829_05:00:00   1.8551e-01   5.1700e+01   3.9134e+00   8.4600e-07   0.0000e+00   2.9911e+02
20260829_06:00:00   2.0206e-01   5.5493e+01   4.2648e+00   0.0000e+00   0.0000e+00   2.9993e+02
20260829_07:00:00   2.2243e-01   6.0055e+01   4.7066e+00   0.0000e+00   0.0000e+00   3.0202e+02
20260829_08:00:00   2.4477e-01   6.4944e+01   5.1821e+00   0.0000e+00   0.0000e+00   3.0368e+02
20260829_09:00:00   2.6822e-01   6.9975e+01   5.6788e+00   0.0000e+00   0.0000e+00   3.0429e+02
20260829_10:00:00   2.9790e-01   7.6205e+01   6.2822e+00   2.0260e-06   0.0000e+00   3.0387e+02
20260829_11:00:00   3.2175e-01   8.1082e+01   6.7590e+00   0.0000e+00   0.0000e+00   3.0031e+02
20260829_12:00:00   3.3802e-01   8.4355e+01   7.0753e+00   0.0000e+00   0.0000e+00   2.9933e+02
20260829_13:00:00   3.4868e-01   8.6534e+01   7.2697e+00   0.0000e+00   0.0000e+00   2.9817e+02
20260829_14:00:00   3.6509e-01   8.9716e+01   7.5933e+00   0.0000e+00   0.0000e+00   2.9763e+02
20260829_15:00:00   3.8583e-01   9.3667e+01   7.9863e+00   0.0000e+00   0.0000e+00   2.9741e+02
20260829_16:00:00   3.9564e-01   9.5468e+01   8.2097e+00   0.0000e+00   0.0000e+00   2.9577e+02
20260829_17:00:00   3.9473e-01   9.5211e+01   8.2291e+00   0.0000e+00   0.0000e+00   2.9354e+02
20260829_18:00:00   3.8043e-01   9.2420e+01   7.9805e+00   0.0000e+00   0.0000e+00   2.9070e+02
20260829_19:00:00   3.6638e-01   8.9610e+01   7.7368e+00   0.0000e+00   0.0000e+00   2.8927e+02
20260829_20:00:00   3.5818e-01   8.7901e+01   7.6139e+00   0.0000e+00   0.0000e+00   2.8900e+02
20260829_21:00:00   3.5182e-01   8.6575e+01   7.5094e+00   0.0000e+00   0.0000e+00   2.9028e+02
20260829_22:00:00   3.4591e-01   8.5494e+01   7.3514e+00   0.0000e+00   0.0000e+00   2.9099e+02
20260829_23:00:00   3.3940e-01   8.4342e+01   7.1534e+00   0.0000e+00   0.0000e+00   2.9266e+02
20260830_00:00:00   3.4071e-01   8.4620e+01   7.1604e+00   0.0000e+00   0.0000e+00   2.9264e+02
20260830_01:00:00   3.4690e-01   8.5839e+01   7.2717e+00   0.0000e+00   0.0000e+00   2.9119e+02
20260830_02:00:00   3.5222e-01   8.6868e+01   7.3744e+00   0.0000e+00   0.0000e+00   2.8945e+02
20260830_03:00:00   3.5736e-01   8.7879e+01   7.4586e+00   0.0000e+00   0.0000e+00   2.8926e+02
20260830_04:00:00   3.5942e-01   8.8292e+01   7.4790e+00   0.0000e+00   0.0000e+00   2.9148e+02
20260830_05:00:00   3.6199e-01   8.8830e+01   7.5091e+00   0.0000e+00   0.0000e+00   2.9304e+02
20260830_06:00:00   3.6765e-01   8.9938e+01   7.5998e+00   0.0000e+00   0.0000e+00   2.9145e+02
20260830_07:00:00   3.6936e-01   9.0304e+01   7.6109e+00   0.0000e+00   0.0000e+00   2.8812e+02
20260830_08:00:00   3.7231e-01   9.0847e+01   7.6581e+00   0.0000e+00   0.0000e+00   2.8836e+02
20260830_09:00:00   3.7511e-01   9.1385e+01   7.7025e+00   0.0000e+00   0.0000e+00   2.9150e+02
20260830_10:00:00   3.7100e-01   9.0647e+01   7.6330e+00   0.0000e+00   0.0000e+00   2.9075e+02
20260830_11:00:00   3.7346e-01   9.1111e+01   7.6739e+00   0.0000e+00   0.0000e+00   2.8950e+02
20260830_12:00:00   3.7365e-01   9.1174e+01   7.6716e+00   0.0000e+00   0.0000e+00   2.9262e+02
20260830_13:00:00   3.7688e-01   9.1842e+01   7.7155e+00   0.0000e+00   0.0000e+00   2.9501e+02
20260830_14:00:00   3.8690e-01   9.3714e+01   7.8933e+00   0.0000e+00   0.0000e+00   2.9510e+02
20260830_15:00:00   3.7982e-01   9.2422e+01   7.7677e+00   0.0000e+00   0.0000e+00   2.9242e+02
20260830_16:00:00   3.7790e-01   9.1910e+01   7.7947e+00   0.0000e+00   0.0000e+00   2.9229e+02
20260830_17:00:00   3.6824e-01   9.0026e+01   7.6444e+00   0.0000e+00   0.0000e+00   2.9251e+02
20260830_18:00:00   3.6078e-01   8.8591e+01   7.5060e+00   0.0000e+00   0.0000e+00   2.9280e+02
20260830_19:00:00   3.4183e-01   8.4869e+01   7.1459e+00   0.0000e+00   0.0000e+00   2.9525e+02
20260830_20:00:00   3.2419e-01   8.1304e+01   6.8082e+00   0.0000e+00   0.0000e+00   2.9765e+02
20260830_21:00:00   3.0834e-01   7.8000e+01   6.5235e+00   0.0000e+00   0.0000e+00   2.9722e+02
20260830_22:00:00   2.9623e-01   7.5473e+01   6.3033e+00   0.0000e+00   0.0000e+00   2.9593e+02
20260830_23:00:00   2.8872e-01   7.3858e+01   6.1679e+00   0.0000e+00   0.0000e+00   2.9477e+02
20260831_00:00:00   2.7449e-01   7.0857e+01   5.8904e+00   0.0000e+00   0.0000e+00   2.9404e+02
20260831_01:00:00   2.6824e-01   6.9500e+01   5.7654e+00   0.0000e+00   0.0000e+00   2.9463e+02
20260831_02:00:00   2.6559e-01   6.8872e+01   5.7161e+00   0.0000e+00   2.3700e-05   2.9484e+02
20260831_03:00:00   2.6091e-01   6.7901e+01   5.6014e+00   0.0000e+00   0.0000e+00   2.9441e+02
20260831_04:00:00   2.6158e-01   6.8006e+01   5.6186e+00   0.0000e+00   0.0000e+00   2.9617e+02
20260831_05:00:00   2.6493e-01   6.8721e+01   5.6835e+00   0.0000e+00   0.0000e+00   2.9754e+02
20260831_06:00:00   2.7343e-01   7.0525e+01   5.8465e+00   0.0000e+00   0.0000e+00   2.9805e+02
20260831_07:00:00   2.9119e-01   7.4239e+01   6.1991e+00   0.0000e+00   0.0000e+00   2.9758e+02
20260831_08:00:00   3.1313e-01   7.8747e+01   6.6258e+00   0.0000e+00   0.0000e+00   2.9660e+02
20260831_09:00:00   3.3269e-01   8.2692e+01   7.0054e+00   0.0000e+00   0.0000e+00   2.9525e+02
20260831_10:00:00   3.4647e-01   8.5451e+01   7.2804e+00   0.0000e+00   0.0000e+00   2.9499e+02
20260831_11:00:00   3.5597e-01   8.7387e+01   7.4732e+00   0.0000e+00   0.0000e+00   2.9406e+02
20260831_12:00:00   3.7402e-01   9.0903e+01   7.8227e+00   0.0000e+00   0.0000e+00   2.9266e+02
20260831_13:00:00   3.9380e-01   9.4667e+01   8.1938e+00   0.0000e+00   2.7580e-05   2.9262e+02
20260831_14:00:00   4.1177e-01   9.8085e+01   8.5002e+00   0.0000e+00   0.0000e+00   2.9494e+02
20260831_15:00:00   4.3308e-01   1.0201e+02   8.8677e+00   0.0000e+00   0.0000e+00   2.9331e+02
20260831_16:00:00   4.4916e-01   1.0508e+02   9.1191e+00   0.0000e+00   0.0000e+00   2.9245e+02
20260831_17:00:00   4.6112e-01   1.0729e+02   9.3218e+00   0.0000e+00   0.0000e+00   2.9458e+02
20260831_18:00:00   4.6579e-01   1.0809e+02   9.4063e+00   2.7680e-07   0.0000e+00   2.9451e+02
20260831_19:00:00   4.5381e-01   1.0593e+02   9.1975e+00   0.0000e+00   0.0000e+00   2.9238e+02
20260831_20:00:00   4.3489e-01   1.0240e+02   8.8942e+00   0.0000e+00   0.0000e+00   2.9343e+02
20260831_21:00:00   4.3151e-01   1.0162e+02   8.8680e+00   0.0000e+00   0.0000e+00   2.9538e+02
20260831_22:00:00   4.2689e-01   1.0071e+02   8.8005e+00   0.0000e+00   1.7742e-05   2.9589e+02
20260831_23:00:00   4.1340e-01   9.8190e+01   8.5495e+00   0.0000e+00   2.7580e-05   2.9565e+02
20260901_00:00:00   4.0184e-01   9.6034e+01   8.3255e+00   0.0000e+00   0.0000e+00   2.9575e+02
20260901_01:00:00   3.9041e-01   9.3884e+01   8.0954e+00   0.0000e+00   0.0000e+00   2.9557e+02
20260901_02:00:00   3.8540e-01   9.2933e+01   7.9907e+00   0.0000e+00   0.0000e+00   2.9677e+02
20260901_03:00:00   3.8335e-01   9.2504e+01   7.9446e+00   0.0000e+00   0.0000e+00   2.9526e+02
20260901_04:00:00   3.8352e-01   9.2544e+01   7.9409e+00   0.0000e+00   0.0000e+00   2.9327e+02
20260901_05:00:00   3.8177e-01   9.2201e+01   7.8983e+00   0.0000e+00   0.0000e+00   2.9271e+02
20260901_06:00:00   3.7615e-01   9.1134e+01   7.7799e+00   0.0000e+00   0.0000e+00   2.9329e+02
20260901_07:00:00   3.6440e-01   8.8895e+01   7.5459e+00   0.0000e+00   0.0000e+00   2.9566e+02
20260901_08:00:00   3.5932e-01   8.7913e+01   7.4479e+00   0.0000e+00   0.0000e+00   2.9608e+02
20260901_09:00:00   3.5821e-01   8.7661e+01   7.4152e+00   0.0000e+00   0.0000e+00   2.9586e+02
20260901_10:00:00   3.5437e-01   8.6905e+01   7.3352e+00   0.0000e+00   0.0000e+00   2.9878e+02
20260901_11:00:00   3.4659e-01   8.5423e+01   7.1778e+00   0.0000e+00   0.0000e+00   3.0083e+02
20260901_12:00:00   3.4203e-01   8.4554e+01   7.0792e+00   0.0000e+00   0.0000e+00   3.0082e+02
20260901_13:00:00   3.3647e-01   8.3493e+01   6.9648e+00   0.0000e+00   0.0000e+00   3.0145e+02
20260901_14:00:00   3.2921e-01   8.2067e+01   6.8299e+00   0.0000e+00   0.0000e+00   2.9986e+02
20260901_15:00:00   3.2104e-01   8.0430e+01   6.6750e+00   0.0000e+00   0.0000e+00   2.9977e+02
20260901_16:00:00   3.0740e-01   7.7654e+01   6.4187e+00   0.0000e+00   0.0000e+00   2.9994e+02
20260901_17:00:00   2.9328e-01   7.4728e+01   6.1452e+00   0.0000e+00   0.0000e+00   2.9806e+02
20260901_18:00:00   2.8416e-01   7.2842e+01   5.9610e+00   0.0000e+00   0.0000e+00   2.9831e+02
20260901_19:00:00   2.7217e-01   7.0313e+01   5.7160e+00   0.0000e+00   0.0000e+00   3.0152e+02
20260901_20:00:00   2.6226e-01   6.8235e+01   5.5080e+00   0.0000e+00   0.0000e+00   3.0232e+02
20260901_21:00:00   2.5820e-01   6.7392e+01   5.4127e+00   0.0000e+00   0.0000e+00   3.0225e+02
20260901_22:00:00   2.5551e-01   6.6824e+01   5.3511e+00   0.0000e+00   0.0000e+00   3.0072e+02
20260901_23:00:00   2.5283e-01   6.6231e+01   5.2879e+00   0.0000e+00   0.0000e+00   3.0244e+02
20260902_00:00:00   2.5013e-01   6.5662e+01   5.2305e+00   0.0000e+00   0.0000e+00   3.0292e+02
20260902_01:00:00   2.4654e-01   6.4884e+01   5.1555e+00   0.0000e+00   0.0000e+00   3.0239e+02
20260902_02:00:00   2.4274e-01   6.4069e+01   5.0717e+00   0.0000e+00   0.0000e+00   3.0450e+02
20260902_03:00:00   2.4466e-01   6.4472e+01   5.1151e+00   0.0000e+00   0.0000e+00   3.0521e+02
20260902_04:00:00   2.4950e-01   6.5466e+01   5.2274e+00   0.0000e+00   0.0000e+00   3.0244e+02
20260902_05:00:00   2.5781e-01   6.7167e+01   5.4205e+00   0.0000e+00   0.0000e+00   3.0226e+02
20260902_06:00:00   2.6977e-01   6.9617e+01   5.6922e+00   0.0000e+00   0.0000e+00   3.0131e+02
20260902_07:00:00   2.8003e-01   7.1711e+01   5.9231e+00   0.0000e+00   0.0000e+00   3.0025e+02
20260902_08:00:00   2.9734e-01   7.5240e+01   6.2872e+00   0.0000e+00   0.0000e+00   2.9885e+02
20260902_09:00:00   3.2250e-01   8.0366e+01   6.7818e+00   0.0000e+00   0.0000e+00   3.0042e+02
20260902_10:00:00   3.5115e-01   8.6129e+01   7.3096e+00   0.0000e+00   0.0000e+00   3.0014e+02
20260902_11:00:00   3.9380e-01   9.4455e+01   8.0791e+00   0.0000e+00   0.0000e+00   2.9825e+02
20260902_12:00:00   4.6511e-01   1.0755e+02   9.3199e+00   0.0000e+00   0.0000e+00   2.9649e+02
20260902_13:00:00   5.3588e-01   1.1955e+02   1.0529e+01   0.0000e+00   0.0000e+00   2.9725e+02
20260902_14:00:00   5.6370e-01   1.2403e+02   1.1025e+01   0.0000e+00   0.0000e+00   2.9499e+02
20260902_15:00:00   5.4228e-01   1.2064e+02   1.0656e+01   0.0000e+00   0.0000e+00   2.9472e+02
20260902_16:00:00   5.2343e-01   1.1762e+02   1.0328e+01   0.0000e+00   0.0000e+00   2.9620e+02
20260902_17:00:00   5.1371e-01   1.1611e+02   1.0147e+01   0.0000e+00   0.0000e+00   2.9745e+02
20260902_18:00:00   4.9243e-01   1.1269e+02   9.7481e+00   0.0000e+00   0.0000e+00   2.9650e+02
20260902_21:00:00   4.2176e-01   1.0063e+02   8.3781e+00   0.0000e+00   9.6260e-04   2.9490e+02
20260903_00:00:00   3.4070e-01   8.5099e+01   6.9201e+00   0.0000e+00   7.8210e-04   2.9059e+02
20260903_03:00:00   3.4889e-01   8.6405e+01   7.2305e+00   0.0000e+00   1.6640e-03   2.9245e+02
20260903_06:00:00   3.7150e-01   9.0696e+01   7.6860e+00   0.0000e+00   8.9683e-03   2.9059e+02
20260903_09:00:00   3.0257e-01   7.7228e+01   6.2939e+00   0.0000e+00   5.5460e-04   2.9232e+02
20260903_12:00:00   2.1699e-01   5.8805e+01   4.5418e+00   0.0000e+00   5.7920e-03   2.9632e+02
20260903_15:00:00   1.7948e-01   5.0165e+01   3.7359e+00   0.0000e+00   1.0846e-03   2.9493e+02
20260903_18:00:00   2.5946e-01   6.8316e+01   5.3790e+00   0.0000e+00   0.0000e+00   2.9353e+02
20260903_21:00:00   4.0490e-01   9.5591e+01   8.6618e+00   0.0000e+00   0.0000e+00   2.8930e+02
20260904_00:00:00   4.0804e-01   9.6170e+01   8.7711e+00   0.0000e+00   0.0000e+00   2.8894e+02
20260904_03:00:00   3.9772e-01   9.4447e+01   8.5535e+00   0.0000e+00   0.0000e+00   2.8839e+02
20260904_06:00:00   3.9272e-01   9.3723e+01   8.3794e+00   0.0000e+00   0.0000e+00   2.8506e+02
20260904_09:00:00   4.0930e-01   9.6754e+01   8.6613e+00   0.0000e+00   0.0000e+00   2.8795e+02
20260904_12:00:00   4.3364e-01   1.0118e+02   9.1168e+00   0.0000e+00   0.0000e+00   2.8961e+02
20260904_15:00:00   5.0650e-01   1.1438e+02   1.0504e+01   0.0000e+00   1.0278e-03   2.8692e+02
20260904_18:00:00   5.3011e-01   1.1843e+02   1.0902e+01   0.0000e+00   0.0000e+00   2.8516e+02
20260904_21:00:00   4.8497e-01   1.1098e+02   1.0009e+01   0.0000e+00   0.0000e+00   2.8681e+02
20260905_00:00:00   4.9653e-01   1.1232e+02   1.0326e+01   0.0000e+00   0.0000e+00   2.8593e+02
20260905_03:00:00   5.3740e-01   1.1870e+02   1.1020e+01   0.0000e+00   2.2820e-07   2.8169e+02
20260905_06:00:00   5.3360e-01   1.1813e+02   1.0929e+01   0.0000e+00   0.0000e+00   2.8252e+02
20260905_09:00:00   5.4539e-01   1.2054e+02   1.1129e+01   0.0000e+00   0.0000e+00   2.8077e+02
20260905_12:00:00   6.2740e-01   1.3262e+02   1.2716e+01   0.0000e+00   0.0000e+00   2.8008e+02
20260905_15:00:00   7.3312e-01   1.4765e+02   1.4527e+01   6.4567e-04   3.0808e-03   2.8224e+02
20260905_18:00:00   7.9348e-01   1.5565e+02   1.5593e+01   2.8865e-05   2.0904e-04   2.7807e+02
20260905_21:00:00   7.3508e-01   1.4879e+02   1.4523e+01   0.0000e+00   7.8120e-06   2.8132e+02
20260906_00:00:00   7.2509e-01   1.4754e+02   1.4391e+01   0.0000e+00   0.0000e+00   2.8292e+02
20260906_03:00:00   7.6317e-01   1.5235e+02   1.5096e+01   0.0000e+00   0.0000e+00   2.8017e+02
20260906_06:00:00   7.3862e-01   1.4903e+02   1.4746e+01   0.0000e+00   0.0000e+00   2.8366e+02
20260906_09:00:00   8.0710e-01   1.5765e+02   1.5970e+01   0.0000e+00   1.5996e-04   2.8247e+02
20260906_12:00:00   8.1074e-01   1.5819e+02   1.6013e+01   0.0000e+00   4.0003e-04   2.8212e+02
20260906_15:00:00   8.1173e-01   1.5833e+02   1.6019e+01   0.0000e+00   1.1444e-03   2.8072e+02
20260906_18:00:00   7.4238e-01   1.4963e+02   1.4872e+01   0.0000e+00   9.1480e-05   2.7917e+02
20260906_21:00:00   7.0675e-01   1.4486e+02   1.4335e+01   0.0000e+00   2.4036e-05   2.7931e+02
20260907_00:00:00   6.7561e-01   1.4017e+02   1.3912e+01   0.0000e+00   4.5360e-05   2.8136e+02
20260907_03:00:00   6.7559e-01   1.3997e+02   1.3915e+01   0.0000e+00   2.3280e-03   2.8188e+02
20260907_06:00:00   6.9747e-01   1.4290e+02   1.4206e+01   0.0000e+00   1.0603e-02   2.8448e+02
20260907_09:00:00   7.5664e-01   1.5083e+02   1.5200e+01   0.0000e+00   2.5701e-02   2.8557e+02
20260907_12:00:00   8.0768e-01   1.5763e+02   1.5914e+01   2.9900e-04   4.3313e-02   2.8691e+02
20260907_15:00:00   8.5881e-01   1.6325e+02   1.6403e+01   1.1822e-02   2.6501e-01   2.8130e+02
20260907_18:00:00   8.0387e-01   1.5683e+02   1.5991e+01   1.3678e-03   7.1318e-02   2.8168e+02
20260907_21:00:00   7.2667e-01   1.4732e+02   1.4657e+01   0.0000e+00   6.6568e-03   2.8144e+02
20260908_00:00:00   6.7843e-01   1.4060e+02   1.3791e+01   0.0000e+00   7.6100e-04   2.8154e+02
20260908_03:00:00   7.0216e-01   1.4373e+02   1.4119e+01   0.0000e+00   7.7818e-04   2.8054e+02
20260908_06:00:00   7.2437e-01   1.4666e+02   1.4436e+01   0.0000e+00   1.2261e-04   2.7927e+02
20260908_09:00:00   7.2027e-01   1.4640e+02   1.4217e+01   0.0000e+00   2.2644e-05   2.7799e+02
20260908_12:00:00   7.3401e-01   1.4839e+02   1.4513e+01   2.4355e-04   2.9081e-03   2.8067e+02
20260908_15:00:00   8.6657e-01   1.6437e+02   1.6139e+01   1.9731e-02   6.7428e-02   2.8209e+02
20260908_18:00:00   7.8502e-01   1.5383e+02   1.5697e+01   0.0000e+00   9.0134e-02   2.8131e+02
20260908_21:00:00   7.9252e-01   1.5517e+02   1.5707e+01   1.5530e-06   1.8064e-02   2.8065e+02
20260909_00:00:00   7.7461e-01   1.5294e+02   1.5370e+01   0.0000e+00   7.1740e-03   2.8119e+02
20260909_03:00:00   7.4810e-01   1.4961e+02   1.4784e+01   0.0000e+00   5.1693e-04   2.7834e+02
20260909_06:00:00   7.2434e-01   1.4651e+02   1.4310e+01   0.0000e+00   3.7060e-06   2.7859e+02
20260909_09:00:00   7.2597e-01   1.4663e+02   1.4345e+01   0.0000e+00   1.4715e-03   2.7831e+02
20260909_12:00:00   7.6064e-01   1.5116e+02   1.4944e+01   2.9199e-04   7.3328e-04   2.8000e+02
20260909_15:00:00   8.1816e-01   1.5837e+02   1.5892e+01   0.0000e+00   4.1588e-02   2.7913e+02
20260909_18:00:00   8.4999e-01   1.6221e+02   1.6567e+01   0.0000e+00   7.3401e-03   2.7789e+02
20260909_21:00:00   7.9851e-01   1.5619e+02   1.5548e+01   0.0000e+00   8.1719e-05   2.8026e+02
20260910_00:00:00   7.8412e-01   1.5422e+02   1.5053e+01   1.0140e-03   2.2183e-02   2.8173e+02
20260910_03:00:00   7.3445e-01   1.4811e+02   1.4204e+01   0.0000e+00   1.1210e-07   2.7831e+02
20260910_06:00:00   6.6120e-01   1.3823e+02   1.2992e+01   0.0000e+00   1.8975e-04   2.8063e+02
20260910_09:00:00   6.8130e-01   1.4077e+02   1.3459e+01   0.0000e+00   3.4377e-03   2.8193e+02
20260910_12:00:00   6.7554e-01   1.4020e+02   1.3193e+01   0.0000e+00   0.0000e+00   2.8060e+02
20260910_15:00:00   6.9254e-01   1.4261e+02   1.3431e+01   0.0000e+00   6.3200e-05   2.7929e+02
20260910_18:00:00   6.7855e-01   1.4083e+02   1.3142e+01   0.0000e+00   0.0000e+00   2.7620e+02
20260910_21:00:00   6.7056e-01   1.3939e+02   1.3100e+01   0.0000e+00   0.0000e+00   2.7478e+02
20260911_00:00:00   6.8635e-01   1.4143e+02   1.3357e+01   0.0000e+00   0.0000e+00   2.7479e+02
20260911_03:00:00   6.5843e-01   1.3751e+02   1.2921e+01   0.0000e+00   0.0000e+00   2.7184e+02
20260911_06:00:00   6.9257e-01   1.4202e+02   1.3693e+01   0.0000e+00   0.0000e+00   2.7205e+02
20260911_09:00:00   7.2529e-01   1.4606e+02   1.4533e+01   0.0000e+00   1.0937e-04   2.7203e+02
20260911_12:00:00   8.1586e-01   1.5752e+02   1.6016e+01   1.1406e-05   2.1497e-04   2.7237e+02
20260911_15:00:00   8.8421e-01   1.6554e+02   1.7142e+01   0.0000e+00   4.4241e-05   2.6962e+02
20260911_18:00:00   9.1787e-01   1.6873e+02   1.7789e+01   1.8978e-03   1.0723e-03   2.6911e+02
20260911_21:00:00   7.5649e-01   1.5018e+02   1.4931e+01   0.0000e+00   0.0000e+00   2.7257e+02
20260912_00:00:00   6.3773e-01   1.3391e+02   1.2863e+01   0.0000e+00   0.0000e+00   2.7434e+02
20260912_03:00:00   6.6632e-01   1.3800e+02   1.3255e+01   0.0000e+00   1.1330e-03   2.7276e+02
20260912_06:00:00   6.9733e-01   1.4237e+02   1.3578e+01   0.0000e+00   6.9840e-05   2.7640e+02
20260912_09:00:00   6.6612e-01   1.3804e+02   1.3023e+01   0.0000e+00   2.8020e-07   2.7746e+02
20260912_12:00:00   6.0140e-01   1.2893e+02   1.1640e+01   0.0000e+00   0.0000e+00   2.7726e+02
20260912_15:00:00   5.5132e-01   1.2154e+02   1.0494e+01   2.9230e-06   0.0000e+00   2.7650e+02
20260912_18:00:00   5.5905e-01   1.2252e+02   1.0759e+01   0.0000e+00   0.0000e+00   2.7831e+02
20260912_21:00:00   5.1534e-01   1.1549e+02   9.8111e+00   0.0000e+00   0.0000e+00   2.7769e+02
20260913_00:00:00   4.9025e-01   1.1123e+02   9.3419e+00   0.0000e+00   0.0000e+00   2.7964e+02
20260913_03:00:00   5.2111e-01   1.1610e+02   9.8437e+00   0.0000e+00   0.0000e+00   2.7785e+02
20260913_06:00:00   5.0298e-01   1.1300e+02   9.5804e+00   0.0000e+00   0.0000e+00   2.8030e+02
20260913_09:00:00   4.8935e-01   1.1057e+02   9.3801e+00   0.0000e+00   0.0000e+00   2.8292e+02
20260913_12:00:00   4.8612e-01   1.1003e+02   9.3174e+00   1.8380e-04   0.0000e+00   2.8181e+02
20260913_15:00:00   4.7501e-01   1.0859e+02   8.8688e+00   1.1679e-03   0.0000e+00   2.8123e+02
20260913_18:00:00   4.0431e-01   9.6248e+01   7.6371e+00   9.5540e-04   0.0000e+00   2.8379e+02
