#            date       tau255        Tb[K]      pwv[mm] lwp[kg*m^-2] iwp[kg*m^-2]       o3[DU]
20260813_18:00:00   3.9404e+00   2.8756e+02   5.1636e+01   1.7383e-01   2.2499e-03   2.9444e+02
20260813_19:00:00   3.9846e+00   2.8772e+02   5.1544e+01   1.9288e-01   3.1011e-03   2.9351e+02
20260813_20:00:00   4.0158e+00   2.8787e+02   5.2219e+01   1.8143e-01   4.9901e-03   2.9386e+02
20260813_21:00:00   4.1207e+00   2.8838e+02   5.3107e+01   1.9719e-01   7.1096e-03   2.9416e+02
20260813_22:00:00   4.2145e+00   2.8880e+02   5.3605e+01   2.1843e-01   4.5259e-03   2.9422e+02
20260813_23:00:00   4.6754e+00   2.9034e+02   5.3776e+01   3.8502e-01   1.5727e-03   2.9353e+02
20260814_00:00:00   4.8353e+00   2.9074e+02   5.4074e+01   4.3721e-01   1.4319e-03   2.9143e+02
20260814_01:00:00   4.9356e+00   2.9101e+02   5.4490e+01   4.6521e-01   5.6304e-03   2.9157e+02
20260814_02:00:00   4.8392e+00   2.9085e+02   5.4852e+01   4.1920e-01   2.3108e-02   2.9178e+02
20260814_03:00:00   4.4076e+00   2.8991e+02   5.4420e+01   2.6937e-01   1.7640e-02   2.9153e+02
20260814_04:00:00   3.8472e+00   2.8762e+02   5.4004e+01   6.9379e-02   7.3784e-03   2.9185e+02
20260814_05:00:00   3.7291e+00   2.8750e+02   5.3792e+01   3.5698e-02   7.5017e-02   2.9306e+02
20260814_06:00:00   3.6233e+00   2.8727e+02   5.3568e+01   9.0800e-03   2.4828e-01   2.9513e+02
20260814_07:00:00   3.6073e+00   2.8729e+02   5.3480e+01   4.2272e-03   1.6229e-01   2.9507e+02
20260814_08:00:00   3.5457e+00   2.8694e+02   5.2516e+01   0.0000e+00   3.5233e-03   2.9660e+02
20260814_09:00:00   3.5240e+00   2.8684e+02   5.1615e+01   1.7818e-03   1.0703e-02   2.9832e+02
20260814_10:00:00   3.4882e+00   2.8646e+02   5.0781e+01   5.0766e-03   2.6394e-03   3.0008e+02
20260814_11:00:00   3.4397e+00   2.8586e+02   5.0129e+01   1.4513e-03   1.2231e-02   3.0031e+02
20260814_12:00:00   3.5028e+00   2.8617e+02   5.0545e+01   1.6660e-02   7.5765e-02   3.0049e+02
20260814_13:00:00   3.4633e+00   2.8567e+02   5.0486e+01   4.5660e-05   2.7412e-02   3.0044e+02
20260814_14:00:00   3.4668e+00   2.8556e+02   5.0594e+01   3.1480e-04   3.6670e-02   3.0048e+02
20260814_15:00:00   3.4362e+00   2.8507e+02   5.0166e+01   2.4280e-04   7.1753e-02   2.9982e+02
20260814_16:00:00   3.4594e+00   2.8512e+02   5.0439e+01   4.4320e-04   6.6883e-02   2.9780e+02
20260814_17:00:00   3.5018e+00   2.8531e+02   5.1093e+01   3.2239e-03   5.6770e-02   2.9712e+02
20260814_18:00:00   3.5694e+00   2.8563e+02   5.1256e+01   2.1533e-02   7.9560e-03   2.9899e+02
20260814_19:00:00   3.5685e+00   2.8543e+02   5.1651e+01   1.9698e-02   8.6573e-03   2.9847e+02
20260814_20:00:00   3.6120e+00   2.8562e+02   5.1647e+01   4.4093e-02   6.9580e-03   2.9852e+02
20260814_21:00:00   3.5244e+00   2.8480e+02   5.1068e+01   2.0680e-02   1.0617e-02   2.9926e+02
20260814_22:00:00   3.5309e+00   2.8479e+02   5.1264e+01   1.6228e-02   4.7366e-02   2.9946e+02
20260814_23:00:00   3.5558e+00   2.8509e+02   5.2377e+01   2.8860e-03   8.6888e-02   2.9848e+02
20260815_00:00:00   3.6171e+00   2.8576e+02   5.3275e+01   8.7685e-03   1.1901e-01   2.9844e+02
20260815_01:00:00   3.6211e+00   2.8603e+02   5.3565e+01   5.5374e-03   3.8105e-02   2.9864e+02
20260815_02:00:00   3.6099e+00   2.8632e+02   5.3763e+01   2.3089e-03   2.4699e-01   2.9796e+02
20260815_03:00:00   3.6992e+00   2.8724e+02   5.4110e+01   2.1680e-02   3.2664e-02   2.9837e+02
20260815_04:00:00   4.4440e+00   2.9100e+02   5.5602e+01   2.8273e-01   1.7832e-02   2.9852e+02
20260815_05:00:00   4.1604e+00   2.8989e+02   5.6836e+01   1.2372e-01   7.5628e-02   2.9914e+02
20260815_06:00:00   4.9398e+00   2.9207e+02   5.8409e+01   3.8762e-01   1.8401e-01   2.9941e+02
20260815_07:00:00   6.6745e+00   2.9347e+02   5.8940e+01   1.0851e+00   2.0166e-01   2.9957e+02
20260815_08:00:00   5.9185e+00   2.9282e+02   5.7827e+01   8.2433e-01   2.2196e-01   3.0115e+02
20260815_09:00:00   5.3960e+00   2.9211e+02   5.5072e+01   7.0795e-01   2.5673e-01   3.0163e+02
20260815_10:00:00   4.0909e+00   2.8851e+02   5.1820e+01   2.8162e-01   1.4368e-01   3.0216e+02
20260815_11:00:00   3.7184e+00   2.8632e+02   5.0376e+01   1.7792e-01   1.9735e-01   3.0254e+02
20260815_12:00:00   3.9027e+00   2.8748e+02   5.0248e+01   2.6005e-01   1.6571e-02   3.0326e+02
20260815_13:00:00   4.1504e+00   2.8874e+02   5.1243e+01   3.2771e-01   5.5367e-02   3.0425e+02
20260815_14:00:00   4.6476e+00   2.9062e+02   5.2232e+01   4.8957e-01   4.1937e-02   3.0419e+02
20260815_15:00:00   4.6003e+00   2.9044e+02   5.3687e+01   4.1838e-01   1.9145e-02   3.0470e+02
20260815_16:00:00   4.0586e+00   2.8851e+02   5.3852e+01   1.8367e-01   6.1098e-03   3.0370e+02
20260815_17:00:00   4.3473e+00   2.8968e+02   5.4481e+01   2.7521e-01   8.7079e-03   3.0182e+02
20260815_18:00:00   5.1349e+00   2.9142e+02   5.5947e+01   5.3128e-01   5.7899e-02   3.0362e+02
20260815_19:00:00   6.6098e+00   2.9216e+02   5.7352e+01   1.0757e+00   5.1267e-01   3.0351e+02
20260815_20:00:00   5.8905e+00   2.9106e+02   5.6663e+01   7.8066e-01   6.8331e-02   3.0362e+02
20260815_21:00:00   6.7827e+00   2.9141e+02   5.7314e+01   1.1267e+00   1.4342e-01   3.0276e+02
20260815_22:00:00   6.5317e+00   2.9126e+02   5.8029e+01   1.0006e+00   1.4351e-01   3.0352e+02
20260815_23:00:00   6.7364e+00   2.9143e+02   5.8205e+01   1.0482e+00   8.4305e-02   3.0592e+02
20260816_00:00:00   6.2520e+00   2.9126e+02   5.7918e+01   8.5352e-01   6.1478e-02   3.0751e+02
20260816_01:00:00   6.4599e+00   2.9130e+02   5.7640e+01   9.5604e-01   2.7667e-02   3.0608e+02
20260816_02:00:00   4.9140e+00   2.8933e+02   5.6714e+01   3.8540e-01   6.8123e-03   3.0465e+02
20260816_03:00:00   4.2116e+00   2.8732e+02   5.5508e+01   1.3367e-01   3.0826e-03   3.0384e+02
20260816_04:00:00   4.0758e+00   2.8694e+02   5.5531e+01   7.8632e-02   3.6700e-03   3.0250e+02
20260816_05:00:00   3.9938e+00   2.8675e+02   5.5229e+01   5.0768e-02   2.1840e-04   3.0245e+02
20260816_06:00:00   4.1755e+00   2.8806e+02   5.4720e+01   1.2671e-01   0.0000e+00   3.0376e+02
20260816_07:00:00   4.2375e+00   2.8855e+02   5.3546e+01   1.7447e-01   0.0000e+00   3.0531e+02
20260816_08:00:00   4.3445e+00   2.8902e+02   5.2596e+01   2.4018e-01   0.0000e+00   3.0456e+02
20260816_09:00:00   4.2322e+00   2.8838e+02   5.2075e+01   2.1240e-01   0.0000e+00   3.0428e+02
20260816_10:00:00   3.8637e+00   2.8649e+02   5.1848e+01   8.9644e-02   0.0000e+00   3.0709e+02
20260816_11:00:00   3.7820e+00   2.8594e+02   5.2032e+01   5.9934e-02   4.6016e-05   3.0732e+02
20260816_12:00:00   3.8686e+00   2.8643e+02   5.2434e+01   8.2438e-02   0.0000e+00   3.0696e+02
20260816_13:00:00   4.0310e+00   2.8730e+02   5.2705e+01   1.3293e-01   0.0000e+00   3.0679e+02
20260816_14:00:00   4.1447e+00   2.8783e+02   5.3227e+01   1.6195e-01   6.0640e-06   3.0735e+02
20260816_15:00:00   4.0446e+00   2.8739e+02   5.3391e+01   1.2351e-01   8.1400e-04   3.0761e+02
20260816_16:00:00   3.9611e+00   2.8680e+02   5.3388e+01   8.2072e-02   1.1258e-03   3.0861e+02
20260816_17:00:00   4.1617e+00   2.8779e+02   5.3739e+01   1.4815e-01   5.2800e-04   3.0972e+02
20260816_18:00:00   4.2985e+00   2.8846e+02   5.3296e+01   2.0370e-01   0.0000e+00   3.1029e+02
20260816_19:00:00   4.5130e+00   2.8916e+02   5.3393e+01   2.7964e-01   0.0000e+00   3.1127e+02
20260816_20:00:00   4.5730e+00   2.8929e+02   5.2938e+01   3.0988e-01   9.5840e-05   3.1136e+02
20260816_21:00:00   4.1043e+00   2.8749e+02   5.1937e+01   1.5920e-01   8.7280e-05   3.1338e+02
20260816_22:00:00   4.0698e+00   2.8732e+02   5.1928e+01   1.4248e-01   9.3540e-06   3.1245e+02
20260816_23:00:00   3.8617e+00   2.8630e+02   5.1649e+01   7.1569e-02   0.0000e+00   3.1347e+02
20260817_00:00:00   3.7358e+00   2.8578e+02   5.1393e+01   2.9535e-02   0.0000e+00   3.1349e+02
20260817_01:00:00   3.9359e+00   2.8740e+02   5.1456e+01   9.6701e-02   0.0000e+00   3.1374e+02
20260817_02:00:00   4.2523e+00   2.8924e+02   5.1509e+01   2.1461e-01   5.1483e-04   3.1327e+02
20260817_03:00:00   4.1377e+00   2.8903e+02   5.0932e+01   1.7972e-01   0.0000e+00   3.1579e+02
20260817_04:00:00   4.0112e+00   2.8875e+02   5.0325e+01   1.4421e-01   0.0000e+00   3.1485e+02
20260817_05:00:00   3.7335e+00   2.8742e+02   4.8685e+01   7.5385e-02   0.0000e+00   3.1589e+02
20260817_06:00:00   3.6029e+00   2.8680e+02   4.7994e+01   4.3629e-02   0.0000e+00   3.1695e+02
20260817_07:00:00   3.3942e+00   2.8535e+02   4.6679e+01   7.6402e-03   0.0000e+00   3.1731e+02
20260817_08:00:00   3.3411e+00   2.8512e+02   4.6236e+01   8.3032e-03   1.8654e-05   3.1827e+02
20260817_09:00:00   3.4815e+00   2.8651e+02   4.5479e+01   7.2200e-02   0.0000e+00   3.1988e+02
20260817_10:00:00   3.5519e+00   2.8691e+02   4.4962e+01   1.1020e-01   0.0000e+00   3.1921e+02
20260817_11:00:00   3.3805e+00   2.8496e+02   4.4133e+01   6.2560e-02   0.0000e+00   3.2043e+02
20260817_12:00:00   3.2827e+00   2.8368e+02   4.3993e+01   2.7500e-02   0.0000e+00   3.2105e+02
20260817_13:00:00   3.1775e+00   2.8230e+02   4.3372e+01   6.8560e-03   0.0000e+00   3.2198e+02
20260817_14:00:00   3.0016e+00   2.7997e+02   4.1439e+01   0.0000e+00   0.0000e+00   3.1940e+02
20260817_15:00:00   2.9757e+00   2.7944e+02   4.1057e+01   0.0000e+00   1.5758e-03   3.1567e+02
20260817_16:00:00   2.9396e+00   2.7874e+02   4.0559e+01   0.0000e+00   4.0520e-06   3.1423e+02
20260817_17:00:00   2.9206e+00   2.7828e+02   4.0363e+01   0.0000e+00   2.0260e-06   3.1368e+02
20260817_18:00:00   2.9160e+00   2.7806e+02   4.0377e+01   0.0000e+00   4.0520e-06   3.1271e+02
20260817_19:00:00   2.8970e+00   2.7760e+02   4.0111e+01   0.0000e+00   0.0000e+00   3.1157e+02
20260817_20:00:00   2.8577e+00   2.7683e+02   3.9631e+01   0.0000e+00   0.0000e+00   3.1186e+02
20260817_21:00:00   2.8652e+00   2.7685e+02   3.9616e+01   0.0000e+00   0.0000e+00   3.1149e+02
20260817_22:00:00   2.8397e+00   2.7637e+02   3.9392e+01   0.0000e+00   0.0000e+00   3.1146e+02
20260817_23:00:00   2.8517e+00   2.7668e+02   3.9493e+01   3.0380e-06   0.0000e+00   3.0992e+02
20260818_00:00:00   2.8290e+00   2.7674e+02   3.9106e+01   1.6336e-03   0.0000e+00   3.0793e+02
20260818_01:00:00   2.8351e+00   2.7746e+02   3.8796e+01   1.3650e-02   3.6653e-04   3.0679e+02
20260818_02:00:00   2.7016e+00   2.7571e+02   3.8124e+01   1.5593e-04   1.1942e-02   3.0707e+02
20260818_03:00:00   2.6848e+00   2.7595e+02   3.8271e+01   4.5378e-03   4.4146e-02   3.0660e+02
20260818_04:00:00   2.6578e+00   2.7581e+02   3.8567e+01   6.7215e-05   1.1376e-01   3.0621e+02
20260818_05:00:00   2.6358e+00   2.7541e+02   3.8564e+01   0.0000e+00   5.5938e-02   3.0477e+02
20260818_06:00:00   2.5430e+00   2.7348e+02   3.7107e+01   0.0000e+00   1.1320e-03   3.0280e+02
20260818_07:00:00   2.4788e+00   2.7201e+02   3.6065e+01   1.4412e-04   2.5098e-03   3.0196e+02
20260818_08:00:00   2.3646e+00   2.6889e+02   3.4699e+01   0.0000e+00   2.0296e-02   3.0267e+02
20260818_09:00:00   2.2936e+00   2.6650e+02   3.3971e+01   0.0000e+00   7.3473e-03   3.0142e+02
20260818_10:00:00   2.2677e+00   2.6525e+02   3.3692e+01   0.0000e+00   3.9265e-02   2.9914e+02
20260818_11:00:00   2.2836e+00   2.6546e+02   3.3891e+01   0.0000e+00   8.2599e-03   2.9787e+02
20260818_12:00:00   2.2346e+00   2.6386e+02   3.3142e+01   0.0000e+00   3.5433e-02   2.9640e+02
20260818_13:00:00   2.2526e+00   2.6437e+02   3.3090e+01   0.0000e+00   1.8149e-02   2.9617e+02
20260818_14:00:00   2.3311e+00   2.6639e+02   3.3944e+01   0.0000e+00   8.4263e-02   2.9677e+02
20260818_15:00:00   2.3513e+00   2.6693e+02   3.4209e+01   0.0000e+00   4.6023e-03   2.9606e+02
20260818_16:00:00   2.4004e+00   2.6814e+02   3.4887e+01   0.0000e+00   3.4819e-02   2.9644e+02
20260818_17:00:00   2.4189e+00   2.6851e+02   3.5446e+01   0.0000e+00   7.1794e-02   2.9784e+02
20260818_18:00:00   2.4439e+00   2.6890e+02   3.5679e+01   0.0000e+00   3.9715e-02   2.9933e+02
20260818_21:00:00   2.4035e+00   2.6740e+02   3.4891e+01   0.0000e+00   7.3529e-03   2.9979e+02
20260819_00:00:00   2.3887e+00   2.6739e+02   3.5078e+01   0.0000e+00   1.4746e-03   2.9897e+02
20260819_03:00:00   2.3607e+00   2.6796e+02   3.6292e+01   0.0000e+00   1.2508e-02   2.9750e+02
20260819_06:00:00   2.2596e+00   2.6511e+02   3.7205e+01   0.0000e+00   9.7731e-02   2.9646e+02
20260819_09:00:00   2.1657e+00   2.6119e+02   3.6544e+01   0.0000e+00   1.9250e-02   2.9403e+02
20260819_12:00:00   2.4774e+00   2.6949e+02   4.0820e+01   0.0000e+00   8.4875e-03   2.9116e+02
20260819_15:00:00   2.6191e+00   2.7277e+02   4.2276e+01   0.0000e+00   2.6515e-02   2.9374e+02
20260819_18:00:00   2.9585e+00   2.7840e+02   4.6925e+01   0.0000e+00   8.1233e-02   2.9230e+02
20260819_21:00:00   3.0662e+00   2.7948e+02   4.8482e+01   0.0000e+00   3.6301e-01   2.9112e+02
20260820_00:00:00   5.0874e+00   2.8995e+02   4.9576e+01   8.0491e-01   4.3216e-01   2.9328e+02
20260820_03:00:00   4.0225e+00   2.8618e+02   5.0293e+01   3.3733e-01   3.3456e-01   2.9556e+02
20260820_06:00:00   3.4108e+00   2.8268e+02   4.8972e+01   1.3256e-01   1.3925e-01   2.9591e+02
20260820_09:00:00   3.0518e+00   2.7987e+02   4.7663e+01   5.1560e-05   9.3528e-03   2.9590e+02
20260820_12:00:00   2.8898e+00   2.7767e+02   4.3502e+01   0.0000e+00   0.0000e+00   3.0052e+02
20260820_15:00:00   2.6749e+00   2.7379e+02   3.9839e+01   0.0000e+00   0.0000e+00   3.0084e+02
20260820_18:00:00   2.5962e+00   2.7182e+02   3.8158e+01   0.0000e+00   0.0000e+00   3.0051e+02
20260820_21:00:00   2.5204e+00   2.6988e+02   3.7222e+01   0.0000e+00   0.0000e+00   3.0341e+02
20260821_00:00:00   2.3904e+00   2.6705e+02   3.5788e+01   0.0000e+00   0.0000e+00   3.0734e+02
20260821_03:00:00   2.3730e+00   2.6835e+02   3.5917e+01   0.0000e+00   0.0000e+00   3.0918e+02
20260821_06:00:00   2.4843e+00   2.7259e+02   3.7595e+01   0.0000e+00   0.0000e+00   3.0981e+02
20260821_09:00:00   2.6487e+00   2.7652e+02   3.8974e+01   0.0000e+00   0.0000e+00   3.0935e+02
20260821_12:00:00   2.7543e+00   2.7796e+02   3.9734e+01   0.0000e+00   0.0000e+00   3.0779e+02
20260821_15:00:00   2.7465e+00   2.7746e+02   3.9520e+01   0.0000e+00   0.0000e+00   3.0812e+02
20260821_18:00:00   2.8018e+00   2.7762e+02   3.9815e+01   0.0000e+00   0.0000e+00   3.0497e+02
20260821_21:00:00   2.8390e+00   2.7747e+02   4.0245e+01   0.0000e+00   3.6599e-04   3.0559e+02
20260822_00:00:00   2.7301e+00   2.7544e+02   3.9488e+01   0.0000e+00   1.4890e-03   3.0562e+02
20260822_03:00:00   2.7413e+00   2.7691e+02   3.9948e+01   1.9411e-04   0.0000e+00   3.0519e+02
20260822_06:00:00   3.4489e+00   2.8722e+02   4.1215e+01   2.5301e-01   0.0000e+00   3.0566e+02
20260822_09:00:00   3.2985e+00   2.8553e+02   4.1704e+01   1.6960e-01   8.1626e-05   3.0855e+02
20260822_12:00:00   3.7691e+00   2.8789e+02   4.1206e+01   3.5480e-01   3.0653e-03   3.0890e+02
20260822_15:00:00   3.0377e+00   2.7963e+02   4.0764e+01   9.6260e-02   2.0993e-02   3.0867e+02
20260822_18:00:00   2.8909e+00   2.7699e+02   4.2396e+01   1.5264e-03   5.1088e-02   3.0494e+02
20260822_21:00:00   2.8753e+00   2.7648e+02   4.2269e+01   0.0000e+00   6.2795e-02   3.0305e+02
20260823_00:00:00   3.0248e+00   2.7894e+02   4.4539e+01   4.3240e-06   2.9249e-01   3.0108e+02
20260823_03:00:00   3.1854e+00   2.8222e+02   4.6884e+01   5.8800e-03   2.8227e-01   3.0120e+02
20260823_06:00:00   3.2120e+00   2.8251e+02   4.8231e+01   1.7808e-06   4.9196e-01   2.9646e+02
20260823_09:00:00   3.1052e+00   2.8068e+02   4.7667e+01   0.0000e+00   5.6088e-01   2.9796e+02
20260823_12:00:00   3.3671e+00   2.8288e+02   4.9579e+01   4.6061e-02   5.4619e-01   2.9522e+02
20260823_15:00:00   5.5753e+00   2.9083e+02   5.0611e+01   9.0646e-01   1.2358e-01   3.0101e+02
20260823_18:00:00   5.6137e+00   2.9025e+02   5.0515e+01   8.9611e-01   1.2510e-01   2.9628e+02
20260823_21:00:00   4.8159e+00   2.8861e+02   4.9798e+01   5.9946e-01   4.3526e-01   2.9541e+02
20260824_00:00:00   3.7400e+00   2.8463e+02   4.8534e+01   1.7039e-01   9.0749e-03   3.0051e+02
20260824_03:00:00   3.3032e+00   2.8196e+02   4.7063e+01   3.9006e-02   2.7523e-02   2.9888e+02
20260824_06:00:00   3.1240e+00   2.8112e+02   4.5458e+01   7.1670e-03   1.1480e-04   3.0317e+02
20260824_09:00:00   3.0588e+00   2.8007e+02   4.5229e+01   1.6204e-05   1.0442e-03   3.0450e+02
20260824_12:00:00   3.2963e+00   2.8231e+02   4.8459e+01   0.0000e+00   1.3404e-03   3.0026e+02
20260824_15:00:00   3.0707e+00   2.7950e+02   4.3801e+01   0.0000e+00   6.1384e-02   2.9369e+02
20260824_18:00:00   2.8034e+00   2.7500e+02   4.0299e+01   1.4246e-05   2.7246e-02   2.9540e+02
20260824_21:00:00   2.5209e+00   2.6895e+02   3.6305e+01   0.0000e+00   0.0000e+00   2.9829e+02
20260825_00:00:00   2.5052e+00   2.6905e+02   3.5333e+01   1.1986e-03   0.0000e+00   3.0231e+02
20260825_03:00:00   2.5134e+00   2.7076e+02   3.5612e+01   1.1071e-04   0.0000e+00   3.0642e+02
20260825_06:00:00   2.2282e+00   2.6418e+02   3.0971e+01   6.4399e-03   2.5020e-06   3.0908e+02
20260825_09:00:00   2.1369e+00   2.6116e+02   2.9358e+01   9.2240e-05   0.0000e+00   3.1254e+02
20260825_12:00:00   1.9264e+00   2.5237e+02   2.6623e+01   0.0000e+00   0.0000e+00   3.2131e+02
20260825_15:00:00   1.7422e+00   2.4352e+02   2.4888e+01   0.0000e+00   0.0000e+00   3.2391e+02
20260825_18:00:00   1.8334e+00   2.4726e+02   2.5568e+01   0.0000e+00   0.0000e+00   3.3093e+02
20260825_21:00:00   1.8921e+00   2.4944e+02   2.5881e+01   0.0000e+00   0.0000e+00   3.2599e+02
20260826_00:00:00   1.9281e+00   2.5119e+02   2.6391e+01   0.0000e+00   0.0000e+00   3.2832e+02
20260826_03:00:00   1.9493e+00   2.5339e+02   2.7396e+01   0.0000e+00   0.0000e+00   3.3079e+02
20260826_06:00:00   2.2344e+00   2.6403e+02   2.9885e+01   6.7944e-02   0.0000e+00   3.2848e+02
20260826_09:00:00   2.5046e+00   2.7086e+02   3.1129e+01   1.1448e-01   0.0000e+00   3.2781e+02
20260826_12:00:00   2.6035e+00   2.7263e+02   3.0371e+01   1.8120e-01   0.0000e+00   3.2753e+02
20260826_15:00:00   2.5015e+00   2.6978e+02   3.0717e+01   1.2008e-01   0.0000e+00   3.2839e+02
20260826_18:00:00   3.0789e+00   2.7901e+02   3.0459e+01   3.4720e-01   0.0000e+00   3.2638e+02
20260826_21:00:00   2.3095e+00   2.6379e+02   2.8944e+01   9.5100e-02   0.0000e+00   3.2938e+02
20260827_00:00:00   2.2756e+00   2.6314e+02   3.0962e+01   1.0470e-02   7.4020e-05   3.3104e+02
20260827_03:00:00   2.3401e+00   2.6600e+02   3.1836e+01   2.9379e-02   1.8103e-03   3.3027e+02
20260827_06:00:00   3.0633e+00   2.7949e+02   3.1979e+01   3.3190e-01   1.5632e-02   3.2833e+02
20260827_09:00:00   2.3756e+00   2.6623e+02   3.0702e+01   1.1077e-01   3.4764e-03   3.3128e+02
20260827_12:00:00   2.1214e+00   2.5827e+02   3.0992e+01   9.5680e-03   6.6251e-03   3.3251e+02
20260827_15:00:00   2.1798e+00   2.5978e+02   3.1666e+01   1.1928e-02   3.6478e-02   3.3039e+02
20260827_18:00:00   2.1462e+00   2.5823e+02   3.1429e+01   9.1080e-03   1.5293e-02   3.2769e+02
20260827_21:00:00   2.1146e+00   2.5710e+02   3.1176e+01   0.0000e+00   3.8993e-02   3.2769e+02
20260828_00:00:00   2.1440e+00   2.5845e+02   3.1511e+01   0.0000e+00   2.5282e-02   3.2730e+02
20260828_03:00:00   2.0875e+00   2.5794e+02   3.0982e+01   0.0000e+00   7.2970e-03   3.2842e+02
20260828_06:00:00   2.0563e+00   2.5760e+02   3.0912e+01   0.0000e+00   1.8974e-03   3.2678e+02
20260828_09:00:00   2.4370e+00   2.6976e+02   3.4230e+01   3.3106e-02   8.5984e-05   3.2748e+02
20260828_12:00:00   2.3331e+00   2.6576e+02   3.4386e+01   0.0000e+00   7.0994e-03   3.2810e+02
20260828_15:00:00   2.1683e+00   2.6039e+02   3.2355e+01   0.0000e+00   0.0000e+00   3.2813e+02
20260828_18:00:00   2.1483e+00   2.5908e+02   3.2042e+01   0.0000e+00   0.0000e+00   3.2869e+02
20260828_21:00:00   2.1552e+00   2.5867e+02   3.1947e+01   0.0000e+00   0.0000e+00   3.2763e+02
20260829_00:00:00   2.1561e+00   2.5904e+02   3.1493e+01   0.0000e+00   0.0000e+00   3.2816e+02
20260829_03:00:00   2.2230e+00   2.6259e+02   3.2753e+01   0.0000e+00   0.0000e+00   3.2950e+02
20260829_06:00:00   2.3331e+00   2.6669e+02   3.4455e+01   1.0048e-02   0.0000e+00   3.3080e+02
20260829_09:00:00   3.4622e+00   2.8537e+02   3.8142e+01   3.1478e-01   1.9025e-04   3.3452e+02
20260829_12:00:00   2.4627e+00   2.6923e+02   3.5601e+01   0.0000e+00   8.5390e-05   3.3369e+02
20260829_15:00:00   2.4282e+00   2.6762e+02   3.5330e+01   0.0000e+00   7.5720e-05   3.3315e+02
20260829_18:00:00   2.3326e+00   2.6448e+02   3.3031e+01   0.0000e+00   1.7296e-04   3.3115e+02
