#            date       tau255        Tb[K]      pwv[mm] lwp[kg*m^-2] iwp[kg*m^-2]       o3[DU]
20260930_06:00:00   1.7326e+00   2.3703e+02   2.7850e+01   0.0000e+00   1.6204e-06   2.9903e+02
20260930_07:00:00   1.7427e+00   2.3738e+02   2.8104e+01   0.0000e+00   0.0000e+00   2.9893e+02
20260930_08:00:00   1.8718e+00   2.4393e+02   2.9162e+01   0.0000e+00   0.0000e+00   2.9982e+02
20260930_09:00:00   2.2687e+00   2.5888e+02   3.3090e+01   9.4031e-04   4.1020e-05   3.0265e+02
20260930_10:00:00   2.5441e+00   2.6629e+02   3.4632e+01   2.7315e-02   0.0000e+00   3.0373e+02
20260930_11:00:00   2.6703e+00   2.6825e+02   3.3847e+01   9.5017e-02   0.0000e+00   3.0221e+02
20260930_12:00:00   2.8487e+00   2.6970e+02   3.0547e+01   2.9521e-01   0.0000e+00   3.0038e+02
20260930_13:00:00   2.1544e+00   2.5172e+02   2.5572e+01   2.0223e-01   3.6518e-05   2.9876e+02
20260930_14:00:00   2.2355e+00   2.5290e+02   2.6242e+01   2.3585e-01   1.4653e-03   2.9715e+02
20260930_15:00:00   2.1167e+00   2.4807e+02   2.7108e+01   1.8876e-01   1.3044e-02   2.9740e+02
20260930_16:00:00   2.1584e+00   2.4829e+02   2.5966e+01   2.4975e-01   4.2193e-02   2.9735e+02
20260930_17:00:00   1.2142e+00   1.9625e+02   2.1656e+01   1.8238e-03   1.4095e-01   2.9633e+02
20260930_18:00:00   8.0866e-01   1.5456e+02   1.5332e+01   0.0000e+00   2.6421e-02   2.9690e+02
20260930_19:00:00   7.2276e-01   1.4319e+02   1.3828e+01   0.0000e+00   3.1376e-03   2.9798e+02
20260930_20:00:00   6.1406e-01   1.2823e+02   1.1842e+01   0.0000e+00   5.3744e-06   2.9848e+02
20260930_21:00:00   5.1001e-01   1.1207e+02   9.9011e+00   0.0000e+00   4.4100e-04   2.9983e+02
20260930_22:00:00   4.3681e-01   1.0039e+02   8.2738e+00   0.0000e+00   0.0000e+00   3.0111e+02
20260930_23:00:00   3.8361e-01   9.1539e+01   6.8740e+00   0.0000e+00   0.0000e+00   3.0282e+02
20261001_00:00:00   3.8174e-01   9.1766e+01   6.5139e+00   0.0000e+00   0.0000e+00   3.0440e+02
20261001_01:00:00   3.9548e-01   9.4679e+01   6.5630e+00   0.0000e+00   0.0000e+00   3.0585e+02
20261001_02:00:00   4.0810e-01   9.7250e+01   6.6819e+00   0.0000e+00   0.0000e+00   3.0703e+02
20261001_03:00:00   4.1243e-01   9.8536e+01   6.5427e+00   0.0000e+00   0.0000e+00   3.0597e+02
20261001_04:00:00   4.3866e-01   1.0334e+02   7.0178e+00   0.0000e+00   1.7296e-05   3.0632e+02
20261001_05:00:00   4.9936e-01   1.1384e+02   8.0613e+00   0.0000e+00   0.0000e+00   3.0473e+02
20261001_06:00:00   5.9217e-01   1.2884e+02   9.4408e+00   0.0000e+00   0.0000e+00   3.0472e+02
20261001_07:00:00   6.5597e-01   1.3846e+02   1.0353e+01   0.0000e+00   5.3500e-05   3.0459e+02
20261001_08:00:00   6.7857e-01   1.4175e+02   1.0636e+01   0.0000e+00   1.5782e-04   3.0493e+02
20261001_09:00:00   6.4424e-01   1.3678e+02   1.0130e+01   0.0000e+00   2.2242e-03   3.0504e+02
20261001_10:00:00   5.8208e-01   1.2735e+02   9.0690e+00   0.0000e+00   3.3753e-03   3.0557e+02
20261001_11:00:00   5.1006e-01   1.1562e+02   7.9396e+00   0.0000e+00   2.5083e-05   3.0643e+02
20261001_12:00:00   4.7541e-01   1.0949e+02   7.4247e+00   0.0000e+00   1.2514e-06   3.0729e+02
20261001_13:00:00   4.7775e-01   1.0977e+02   7.4626e+00   0.0000e+00   1.7338e-04   3.0634e+02
20261001_14:00:00   5.1366e-01   1.1572e+02   8.0137e+00   0.0000e+00   4.4534e-03   3.0658e+02
20261001_15:00:00   5.0518e-01   1.1444e+02   7.7792e+00   0.0000e+00   4.9780e-04   3.0487e+02
20261001_16:00:00   4.7498e-01   1.0945e+02   7.2531e+00   0.0000e+00   0.0000e+00   3.0511e+02
20261001_17:00:00   4.5752e-01   1.0632e+02   7.0584e+00   0.0000e+00   0.0000e+00   3.0551e+02
20261001_18:00:00   4.4922e-01   1.0476e+02   6.9686e+00   0.0000e+00   0.0000e+00   3.0404e+02
20261001_19:00:00   4.4727e-01   1.0441e+02   6.9216e+00   0.0000e+00   0.0000e+00   3.0338e+02
20261001_20:00:00   4.3999e-01   1.0317e+02   6.7637e+00   0.0000e+00   0.0000e+00   3.0355e+02
20261001_21:00:00   4.4274e-01   1.0367e+02   6.7864e+00   0.0000e+00   0.0000e+00   3.0483e+02
20261001_22:00:00   4.4144e-01   1.0342e+02   6.7602e+00   0.0000e+00   0.0000e+00   3.0419e+02
20261001_23:00:00   4.3507e-01   1.0233e+02   6.6722e+00   0.0000e+00   0.0000e+00   3.0190e+02
20261002_00:00:00   4.2212e-01   1.0006e+02   6.5271e+00   0.0000e+00   0.0000e+00   3.0138e+02
20261002_01:00:00   4.1313e-01   9.8471e+01   6.4484e+00   0.0000e+00   0.0000e+00   3.0177e+02
20261002_02:00:00   4.0659e-01   9.7412e+01   6.3828e+00   0.0000e+00   0.0000e+00   3.0271e+02
20261002_03:00:00   4.2579e-01   1.0101e+02   6.7437e+00   0.0000e+00   0.0000e+00   3.0219e+02
20261002_04:00:00   4.7198e-01   1.0926e+02   7.4810e+00   0.0000e+00   0.0000e+00   3.0148e+02
20261002_05:00:00   4.8678e-01   1.1206e+02   7.6874e+00   0.0000e+00   0.0000e+00   3.0200e+02
20261002_06:00:00   5.0794e-01   1.1582e+02   7.9988e+00   0.0000e+00   0.0000e+00   3.0176e+02
20261002_07:00:00   5.5431e-01   1.2350e+02   8.6805e+00   0.0000e+00   0.0000e+00   3.0150e+02
20261002_08:00:00   5.6105e-01   1.2462e+02   8.7981e+00   0.0000e+00   0.0000e+00   3.0296e+02
20261002_09:00:00   5.1525e-01   1.1714e+02   8.1126e+00   0.0000e+00   0.0000e+00   3.0470e+02
20261002_10:00:00   4.8784e-01   1.1229e+02   7.7308e+00   0.0000e+00   3.0586e-05   3.0422e+02
20261002_11:00:00   4.4699e-01   1.0500e+02   7.1628e+00   0.0000e+00   3.7316e-04   3.0231e+02
20261002_12:00:00   4.3205e-01   1.0215e+02   6.9940e+00   0.0000e+00   3.4701e-03   3.0167e+02
20261002_13:00:00   4.2344e-01   1.0051e+02   6.8935e+00   0.0000e+00   4.9387e-03   2.9997e+02
20261002_14:00:00   4.3523e-01   1.0253e+02   7.1137e+00   0.0000e+00   5.5101e-03   3.0056e+02
20261002_15:00:00   4.4584e-01   1.0433e+02   7.3220e+00   0.0000e+00   5.6152e-03   2.9887e+02
20261002_16:00:00   4.5611e-01   1.0604e+02   7.5293e+00   0.0000e+00   7.0209e-03   3.0020e+02
20261002_17:00:00   4.6252e-01   1.0702e+02   7.7200e+00   0.0000e+00   6.0415e-03   3.0038e+02
20261002_18:00:00   4.6704e-01   1.0765e+02   7.8519e+00   0.0000e+00   3.2547e-02   3.0033e+02
20261002_19:00:00   4.8144e-01   1.1002e+02   8.1053e+00   0.0000e+00   1.3385e-02   3.0094e+02
20261002_20:00:00   4.9256e-01   1.1182e+02   8.2938e+00   0.0000e+00   3.3644e-02   3.0212e+02
20261002_21:00:00   5.0075e-01   1.1303e+02   8.4849e+00   0.0000e+00   1.5910e-02   3.0377e+02
20261002_22:00:00   5.1024e-01   1.1441e+02   8.7125e+00   0.0000e+00   5.0206e-02   3.0281e+02
20261002_23:00:00   5.1895e-01   1.1565e+02   8.9223e+00   0.0000e+00   1.4104e-01   3.0210e+02
20261003_00:00:00   5.3416e-01   1.1795e+02   9.3382e+00   0.0000e+00   5.7476e-02   3.0149e+02
20261003_01:00:00   5.5314e-01   1.2096e+02   9.6578e+00   0.0000e+00   1.8524e-01   3.0045e+02
20261003_02:00:00   5.6102e-01   1.2228e+02   9.8735e+00   0.0000e+00   1.6705e-01   3.0033e+02
20261003_03:00:00   5.8714e-01   1.2640e+02   1.0336e+01   0.0000e+00   1.7583e-01   2.9967e+02
20261003_04:00:00   6.1524e-01   1.3072e+02   1.0832e+01   0.0000e+00   2.1114e-01   3.0063e+02
20261003_05:00:00   6.2290e-01   1.3229e+02   1.0922e+01   0.0000e+00   9.2916e-02   2.9985e+02
20261003_06:00:00   6.5138e-01   1.3676e+02   1.1245e+01   0.0000e+00   1.8001e-01   2.9719e+02
20261003_07:00:00   6.7842e-01   1.4095e+02   1.1600e+01   0.0000e+00   1.0682e-01   2.9523e+02
20261003_08:00:00   7.1874e-01   1.4696e+02   1.2020e+01   0.0000e+00   3.8951e-02   2.9664e+02
20261003_09:00:00   7.5150e-01   1.5174e+02   1.2273e+01   0.0000e+00   3.8223e-02   2.9747e+02
20261003_10:00:00   7.9266e-01   1.5731e+02   1.2655e+01   0.0000e+00   4.7694e-02   2.9773e+02
20261003_11:00:00   8.2631e-01   1.6160e+02   1.3030e+01   0.0000e+00   5.2221e-02   2.9872e+02
20261003_12:00:00   8.7828e-01   1.6775e+02   1.3753e+01   0.0000e+00   8.3699e-02   2.9795e+02
20261003_13:00:00   9.4025e-01   1.7451e+02   1.4787e+01   0.0000e+00   3.8578e-02   2.9797e+02
20261003_14:00:00   9.9881e-01   1.8041e+02   1.5753e+01   0.0000e+00   3.2599e-02   2.9697e+02
20261003_15:00:00   1.0259e+00   1.8303e+02   1.6195e+01   0.0000e+00   5.6700e-02   2.9634e+02
20261003_16:00:00   1.0945e+00   1.8951e+02   1.7201e+01   0.0000e+00   1.4428e-02   2.9671e+02
20261003_17:00:00   1.1369e+00   1.9331e+02   1.7697e+01   0.0000e+00   4.9247e-03   2.9622e+02
20261003_18:00:00   1.1559e+00   1.9490e+02   1.7951e+01   0.0000e+00   5.2980e-04   2.9615e+02
20261003_19:00:00   1.1716e+00   1.9609e+02   1.8118e+01   0.0000e+00   5.3800e-04   2.9522e+02
20261003_20:00:00   1.1123e+00   1.9077e+02   1.7272e+01   0.0000e+00   0.0000e+00   2.9480e+02
20261003_21:00:00   1.0798e+00   1.8767e+02   1.6902e+01   0.0000e+00   0.0000e+00   2.9578e+02
20261003_22:00:00   1.1154e+00   1.9074e+02   1.7486e+01   0.0000e+00   0.0000e+00   2.9664e+02
20261003_23:00:00   1.1408e+00   1.9287e+02   1.7941e+01   0.0000e+00   0.0000e+00   2.9496e+02
20261004_00:00:00   1.1424e+00   1.9308e+02   1.8038e+01   0.0000e+00   0.0000e+00   2.9433e+02
20261004_01:00:00   1.1660e+00   1.9548e+02   1.8443e+01   0.0000e+00   0.0000e+00   2.9359e+02
20261004_02:00:00   1.1675e+00   1.9603e+02   1.8611e+01   0.0000e+00   0.0000e+00   2.9291e+02
20261004_03:00:00   1.1816e+00   1.9747e+02   1.8997e+01   0.0000e+00   0.0000e+00   2.9174e+02
20261004_04:00:00   1.1505e+00   1.9485e+02   1.8788e+01   0.0000e+00   1.2132e-05   2.8973e+02
20261004_05:00:00   1.1270e+00   1.9275e+02   1.8583e+01   0.0000e+00   0.0000e+00   2.8909e+02
20261004_06:00:00   1.0714e+00   1.8757e+02   1.7712e+01   0.0000e+00   3.4263e-06   2.8866e+02
20261004_07:00:00   1.0323e+00   1.8332e+02   1.7176e+01   1.1958e-03   4.7066e-04   2.8851e+02
20261004_08:00:00   9.4268e-01   1.7394e+02   1.5780e+01   0.0000e+00   1.1132e-05   2.8921e+02
20261004_09:00:00   9.2666e-01   1.7226e+02   1.5337e+01   0.0000e+00   5.0601e-05   2.9126e+02
20261004_10:00:00   9.7376e-01   1.7747e+02   1.5792e+01   5.5060e-05   1.5262e-03   2.9323e+02
20261004_11:00:00   1.0223e+00   1.8284e+02   1.6162e+01   7.5080e-06   5.6092e-04   2.9388e+02
20261004_12:00:00   1.0755e+00   1.8834e+02   1.6467e+01   5.7540e-03   3.6893e-03   2.9378e+02
20261004_13:00:00   1.1875e+00   1.9852e+02   1.7896e+01   4.9400e-03   1.7322e-03   2.9311e+02
20261004_14:00:00   1.4368e+00   2.1692e+02   1.9938e+01   4.2989e-02   4.0699e-02   2.9382e+02
20261004_15:00:00   2.1356e+00   2.4970e+02   2.3275e+01   2.2374e-01   2.9293e-02   2.9309e+02
20261004_16:00:00   4.2217e+00   2.7858e+02   2.7024e+01   9.4472e-01   2.8455e-02   2.9364e+02
20261004_17:00:00   4.3965e+00   2.7930e+02   2.7055e+01   1.0005e+00   6.9265e-02   2.9388e+02
20261004_18:00:00   1.8897e+00   2.4092e+02   2.3698e+01   6.7084e-02   5.2826e-03   2.9388e+02
20261004_19:00:00   1.5412e+00   2.2324e+02   1.9432e+01   6.1929e-02   7.8078e-03   2.9558e+02
20261004_20:00:00   1.2341e+00   2.0181e+02   1.6152e+01   3.7504e-02   9.7759e-04   2.9650e+02
20261004_21:00:00   1.8493e+00   2.3808e+02   1.7333e+01   2.4915e-01   1.6382e-03   2.9474e+02
20261004_22:00:00   1.8013e+00   2.3606e+02   1.7961e+01   2.0920e-01   2.3220e-03   2.9504e+02
20261004_23:00:00   1.4704e+00   2.1851e+02   1.8363e+01   6.2040e-02   3.8588e-04   2.9419e+02
20261005_00:00:00   1.3310e+00   2.0913e+02   1.8439e+01   7.1737e-03   6.4240e-05   2.9406e+02
20261005_01:00:00   1.5494e+00   2.2331e+02   1.9334e+01   6.9440e-02   1.3780e-03   2.9450e+02
20261005_02:00:00   1.3665e+00   2.1168e+02   1.9090e+01   3.0384e-03   0.0000e+00   2.9620e+02
20261005_03:00:00   1.3529e+00   2.1108e+02   1.8131e+01   2.8564e-02   0.0000e+00   2.9972e+02
20261005_04:00:00   1.3177e+00   2.0877e+02   1.7808e+01   2.3018e-02   0.0000e+00   3.0428e+02
20261005_05:00:00   1.1629e+00   1.9646e+02   1.6383e+01   8.1220e-03   0.0000e+00   3.0825e+02
20261005_06:00:00   1.0951e+00   1.9042e+02   1.5829e+01   3.1820e-04   0.0000e+00   3.1104e+02
20261005_09:00:00   1.0758e+00   1.8806e+02   1.5385e+01   1.8876e-04   0.0000e+00   3.1218e+02
20261005_12:00:00   9.8876e-01   1.7896e+02   1.4062e+01   0.0000e+00   0.0000e+00   3.1152e+02
20261005_15:00:00   7.9955e-01   1.5718e+02   1.1573e+01   0.0000e+00   0.0000e+00   3.1167e+02
20261005_18:00:00   6.7539e-01   1.4069e+02   9.8191e+00   0.0000e+00   0.0000e+00   3.0641e+02
20261005_21:00:00   4.8887e-01   1.1198e+02   7.1569e+00   0.0000e+00   0.0000e+00   3.0852e+02
20261006_00:00:00   4.8414e-01   1.1123e+02   7.0002e+00   0.0000e+00   0.0000e+00   3.0922e+02
20261006_03:00:00   4.1609e-01   9.9626e+01   6.3403e+00   0.0000e+00   0.0000e+00   3.0915e+02
20261006_06:00:00   4.8853e-01   1.1234e+02   7.8453e+00   0.0000e+00   0.0000e+00   3.0722e+02
20261006_09:00:00   5.1966e-01   1.1783e+02   8.1482e+00   0.0000e+00   0.0000e+00   3.0942e+02
20261006_12:00:00   5.1413e-01   1.1633e+02   8.3232e+00   0.0000e+00   0.0000e+00   3.1134e+02
20261006_15:00:00   5.6662e-01   1.2449e+02   9.1413e+00   0.0000e+00   0.0000e+00   3.0887e+02
20261006_18:00:00   6.9010e-01   1.4155e+02   1.1467e+01   0.0000e+00   1.8519e-03   3.0811e+02
20261006_21:00:00   6.6940e-01   1.3945e+02   1.0597e+01   0.0000e+00   0.0000e+00   3.1089e+02
20261007_00:00:00   6.9088e-01   1.4345e+02   1.0331e+01   0.0000e+00   0.0000e+00   3.1367e+02
20261007_03:00:00   8.1554e-01   1.6074e+02   1.1896e+01   0.0000e+00   0.0000e+00   3.1507e+02
20261007_06:00:00   9.2557e-01   1.7412e+02   1.3688e+01   1.7296e-05   0.0000e+00   3.0863e+02
20261007_09:00:00   1.4435e+00   2.1788e+02   1.6112e+01   1.4324e-01   1.2954e-05   3.0392e+02
20261007_12:00:00   1.0613e+00   1.8837e+02   1.5590e+01   0.0000e+00   0.0000e+00   2.9953e+02
20261007_15:00:00   9.5584e-01   1.7742e+02   1.4347e+01   0.0000e+00   0.0000e+00   2.9533e+02
20261007_18:00:00   9.3960e-01   1.7535e+02   1.4216e+01   0.0000e+00   0.0000e+00   2.9208e+02
20261007_21:00:00   9.2586e-01   1.7362e+02   1.3987e+01   0.0000e+00   0.0000e+00   2.9187e+02
20261008_00:00:00   8.7274e-01   1.6762e+02   1.3262e+01   0.0000e+00   0.0000e+00   2.9095e+02
20261008_03:00:00   8.2143e-01   1.6209e+02   1.2788e+01   0.0000e+00   0.0000e+00   2.9043e+02
20261008_06:00:00   7.1701e-01   1.4892e+02   1.1576e+01   0.0000e+00   0.0000e+00   2.8785e+02
20261008_09:00:00   7.1180e-01   1.4829e+02   1.1391e+01   0.0000e+00   0.0000e+00   2.8510e+02
20261008_12:00:00   6.6973e-01   1.4237e+02   1.0565e+01   0.0000e+00   0.0000e+00   2.8463e+02
20261008_15:00:00   6.7256e-01   1.4267e+02   1.0595e+01   0.0000e+00   0.0000e+00   2.8298e+02
20261008_18:00:00   7.2019e-01   1.4911e+02   1.1262e+01   0.0000e+00   0.0000e+00   2.8248e+02
20261008_21:00:00   8.0743e-01   1.6013e+02   1.2395e+01   0.0000e+00   0.0000e+00   2.8121e+02
20261009_00:00:00   8.3048e-01   1.6303e+02   1.2620e+01   0.0000e+00   0.0000e+00   2.7968e+02
20261009_03:00:00   7.9604e-01   1.5944e+02   1.2195e+01   0.0000e+00   0.0000e+00   2.7945e+02
20261009_06:00:00   7.6357e-01   1.5578e+02   1.1909e+01   0.0000e+00   2.0560e-05   2.7631e+02
20261009_09:00:00   7.6304e-01   1.5582e+02   1.1827e+01   0.0000e+00   0.0000e+00   2.7995e+02
20261009_12:00:00   7.5594e-01   1.5468e+02   1.1520e+01   0.0000e+00   0.0000e+00   2.8321e+02
20261009_15:00:00   7.7990e-01   1.5747e+02   1.1823e+01   0.0000e+00   0.0000e+00   2.8135e+02
20261009_18:00:00   6.9889e-01   1.4620e+02   1.0858e+01   0.0000e+00   0.0000e+00   2.8283e+02
20261009_21:00:00   6.5806e-01   1.3951e+02   1.0775e+01   0.0000e+00   0.0000e+00   2.8454e+02
20261010_00:00:00   8.6424e-01   1.6610e+02   1.4630e+01   0.0000e+00   1.9958e-05   2.8569e+02
20261010_03:00:00   9.6600e-01   1.7793e+02   1.6609e+01   0.0000e+00   0.0000e+00   2.8375e+02
20261010_06:00:00   1.1135e+00   1.9366e+02   1.8699e+01   0.0000e+00   7.6560e-06   2.8400e+02
20261010_09:00:00   1.1644e+00   1.9894e+02   1.8783e+01   0.0000e+00   3.2284e-05   2.8383e+02
20261010_12:00:00   9.4663e-01   1.7684e+02   1.5524e+01   0.0000e+00   7.6295e-04   2.8608e+02
20261010_15:00:00   7.4309e-01   1.5178e+02   1.2208e+01   0.0000e+00   1.5742e-05   2.8502e+02
20261010_18:00:00   7.6554e-01   1.5452e+02   1.2379e+01   0.0000e+00   0.0000e+00   2.8077e+02
20261010_21:00:00   7.4670e-01   1.5195e+02   1.2026e+01   0.0000e+00   2.4848e-03   2.7755e+02
20261011_00:00:00   8.7308e-01   1.6842e+02   1.3768e+01   0.0000e+00   3.2054e-03   2.7456e+02
20261011_03:00:00   9.0192e-01   1.7294e+02   1.4350e+01   0.0000e+00   2.8904e-03   2.7294e+02
20261011_06:00:00   9.2116e-01   1.7563e+02   1.4930e+01   0.0000e+00   0.0000e+00   2.7348e+02
20261011_09:00:00   9.3953e-01   1.7810e+02   1.4809e+01   0.0000e+00   1.0846e-03   2.6933e+02
20261011_12:00:00   9.6149e-01   1.8048e+02   1.4886e+01   0.0000e+00   3.1583e-05   2.6977e+02
20261011_15:00:00   1.1325e+00   1.9697e+02   1.6550e+01   0.0000e+00   5.0822e-03   2.7009e+02
20261011_18:00:00   1.1876e+00   2.0138e+02   1.6959e+01   0.0000e+00   2.5303e-04   2.6933e+02
20261011_21:00:00   1.1712e+00   1.9950e+02   1.6668e+01   0.0000e+00   6.4307e-03   2.7212e+02
20261012_00:00:00   1.1523e+00   1.9758e+02   1.6476e+01   0.0000e+00   3.6714e-02   2.7136e+02
20261012_03:00:00   1.0811e+00   1.9110e+02   1.6267e+01   0.0000e+00   1.3370e-01   2.7032e+02
20261012_06:00:00   1.1922e+00   2.0129e+02   1.7885e+01   0.0000e+00   2.6563e-02   2.7138e+02
20261012_09:00:00   1.7132e+00   2.3480e+02   2.6299e+01   0.0000e+00   1.2003e-01   2.7198e+02
20261012_12:00:00   1.5361e+00   2.2258e+02   2.4192e+01   0.0000e+00   7.0931e-02   2.7883e+02
20261012_15:00:00   8.9451e-01   1.7041e+02   1.2111e+01   0.0000e+00   0.0000e+00   2.8067e+02
20261012_18:00:00   5.3104e-01   1.2035e+02   7.1386e+00   0.0000e+00   0.0000e+00   2.8001e+02
20261012_21:00:00   3.6167e-01   8.9526e+01   4.9529e+00   0.0000e+00   0.0000e+00   2.8418e+02
20261013_00:00:00   2.9755e-01   7.6539e+01   4.2770e+00   0.0000e+00   0.0000e+00   2.8240e+02
20261013_03:00:00   3.2061e-01   8.1667e+01   4.8734e+00   0.0000e+00   0.0000e+00   2.8312e+02
20261013_06:00:00   3.6352e-01   9.0377e+01   5.8051e+00   0.0000e+00   0.0000e+00   2.8593e+02
20261013_09:00:00   3.8355e-01   9.4158e+01   6.1204e+00   0.0000e+00   0.0000e+00   2.8682e+02
20261013_12:00:00   3.9455e-01   9.6167e+01   6.2224e+00   0.0000e+00   0.0000e+00   2.8742e+02
20261013_15:00:00   4.7540e-01   1.1054e+02   7.4523e+00   0.0000e+00   0.0000e+00   2.8396e+02
20261013_18:00:00   5.1389e-01   1.1665e+02   7.9381e+00   0.0000e+00   0.0000e+00   2.8504e+02
20261013_21:00:00   5.6885e-01   1.2526e+02   8.6572e+00   0.0000e+00   0.0000e+00   2.8679e+02
20261014_00:00:00   5.5425e-01   1.2303e+02   8.4056e+00   0.0000e+00   0.0000e+00   2.8509e+02
20261014_03:00:00   5.4830e-01   1.2252e+02   8.5428e+00   0.0000e+00   0.0000e+00   2.8416e+02
20261014_06:00:00   5.6131e-01   1.2484e+02   9.0467e+00   0.0000e+00   0.0000e+00   2.8212e+02
20261014_09:00:00   6.0375e-01   1.3172e+02   9.6861e+00   0.0000e+00   0.0000e+00   2.8420e+02
20261014_12:00:00   6.1226e-01   1.3306e+02   9.7092e+00   0.0000e+00   0.0000e+00   2.8023e+02
20261014_15:00:00   6.4940e-01   1.3809e+02   1.0450e+01   0.0000e+00   3.9040e-04   2.7861e+02
20261014_18:00:00   7.2780e-01   1.4868e+02   1.1565e+01   0.0000e+00   1.4544e-04   2.7783e+02
20261014_21:00:00   8.6197e-01   1.6461e+02   1.3983e+01   0.0000e+00   2.1466e-02   2.7619e+02
20261015_00:00:00   1.0188e+00   1.8088e+02   1.6601e+01   0.0000e+00   1.7148e-01   2.7541e+02
20261015_03:00:00   1.0272e+00   1.8239e+02   1.6356e+01   0.0000e+00   2.5272e-01   2.7483e+02
20261015_06:00:00   1.0643e+00   1.8716e+02   1.6566e+01   0.0000e+00   5.0881e-02   2.7418e+02
20261015_09:00:00   1.0739e+00   1.8818e+02   1.6858e+01   0.0000e+00   1.6624e-02   2.7548e+02
20261015_12:00:00   1.0548e+00   1.8605e+02   1.6895e+01   0.0000e+00   4.1424e-02   2.7611e+02
20261015_15:00:00   1.3634e+00   2.1118e+02   2.1616e+01   3.8480e-05   4.4331e-02   2.7650e+02
20261015_18:00:00   1.6906e+00   2.3111e+02   2.5771e+01   6.2754e-03   3.7220e-02   2.7787e+02
20261015_21:00:00   4.8683e+00   2.8027e+02   2.7613e+01   1.1641e+00   3.5581e-02   2.7933e+02
20261016_00:00:00   1.1958e+00   1.9689e+02   1.6415e+01   3.3291e-02   9.1440e-05   2.8286e+02
20261016_03:00:00   9.2421e-01   1.7213e+02   1.3338e+01   2.2280e-05   2.4420e-03   2.8396e+02
20261016_06:00:00   1.1740e+00   1.9648e+02   1.5059e+01   4.1740e-02   4.6113e-03   2.8494e+02
