#            date       tau255        Tb[K]      pwv[mm] lwp[kg*m^-2] iwp[kg*m^-2]       o3[DU]
20260905_00:00:00   1.3144e+00   2.1283e+02   1.9483e+01   0.0000e+00   3.3432e-04   2.9800e+02
20260905_01:00:00   1.3806e+00   2.1797e+02   2.0592e+01   0.0000e+00   1.5314e-05   2.9788e+02
20260905_02:00:00   1.4916e+00   2.2579e+02   2.1923e+01   0.0000e+00   2.8780e-04   2.9815e+02
20260905_03:00:00   1.4184e+00   2.2155e+02   2.1162e+01   0.0000e+00   8.1252e-04   2.9774e+02
20260905_04:00:00   1.5048e+00   2.2748e+02   2.2536e+01   0.0000e+00   1.0306e-03   2.9636e+02
20260905_05:00:00   1.5233e+00   2.2901e+02   2.2884e+01   0.0000e+00   2.5484e-03   2.9674e+02
20260905_06:00:00   1.5050e+00   2.2810e+02   2.2704e+01   0.0000e+00   9.6560e-04   2.9703e+02
20260905_07:00:00   1.5294e+00   2.2961e+02   2.3011e+01   0.0000e+00   3.7440e-04   2.9582e+02
20260905_08:00:00   1.5448e+00   2.3047e+02   2.2957e+01   1.9272e-03   0.0000e+00   2.9476e+02
20260905_09:00:00   1.5412e+00   2.2993e+02   2.2681e+01   1.0728e-03   0.0000e+00   2.9506e+02
20260905_10:00:00   1.4997e+00   2.2688e+02   2.1992e+01   5.6120e-05   0.0000e+00   2.9613e+02
20260905_11:00:00   1.3746e+00   2.1811e+02   2.0339e+01   0.0000e+00   0.0000e+00   2.9578e+02
20260905_12:00:00   1.3197e+00   2.1389e+02   1.9466e+01   0.0000e+00   0.0000e+00   2.9575e+02
20260905_13:00:00   1.2724e+00   2.1002e+02   1.8784e+01   0.0000e+00   0.0000e+00   2.9591e+02
20260905_14:00:00   1.2833e+00   2.1082e+02   1.8671e+01   0.0000e+00   0.0000e+00   2.9628e+02
20260905_15:00:00   1.2970e+00   2.1187e+02   1.8756e+01   0.0000e+00   0.0000e+00   2.9685e+02
20260905_16:00:00   1.2400e+00   2.0728e+02   1.8098e+01   0.0000e+00   0.0000e+00   2.9715e+02
20260905_17:00:00   1.2091e+00   2.0459e+02   1.7845e+01   0.0000e+00   1.9420e-04   2.9712e+02
20260905_18:00:00   1.3150e+00   2.1286e+02   1.9189e+01   0.0000e+00   7.9656e-04   2.9749e+02
20260905_19:00:00   1.4417e+00   2.2171e+02   2.0713e+01   0.0000e+00   3.8263e-03   2.9724e+02
20260905_20:00:00   1.5470e+00   2.2822e+02   2.2033e+01   0.0000e+00   1.5018e-02   2.9868e+02
20260905_21:00:00   1.6085e+00   2.3182e+02   2.2645e+01   5.1300e-03   1.5336e-02   2.9960e+02
20260905_22:00:00   1.6208e+00   2.3261e+02   2.2420e+01   1.6764e-02   3.5751e-03   2.9996e+02
20260905_23:00:00   1.6810e+00   2.3593e+02   2.2671e+01   3.5060e-02   1.0090e-02   3.0121e+02
20260906_00:00:00   1.5864e+00   2.3082e+02   2.2468e+01   7.6700e-03   3.8960e-03   3.0181e+02
20260906_01:00:00   1.5189e+00   2.2705e+02   2.1967e+01   3.4520e-04   1.0199e-03   3.0320e+02
20260906_02:00:00   1.5008e+00   2.2631e+02   2.1818e+01   0.0000e+00   1.7273e-03   3.0192e+02
20260906_03:00:00   1.5050e+00   2.2701e+02   2.2063e+01   0.0000e+00   1.8292e-03   3.0012e+02
20260906_04:00:00   1.5843e+00   2.3211e+02   2.3203e+01   6.9180e-05   7.0081e-03   3.0044e+02
20260906_05:00:00   1.6023e+00   2.3353e+02   2.3449e+01   3.5160e-04   3.2641e-03   3.0045e+02
20260906_06:00:00   1.5992e+00   2.3371e+02   2.3446e+01   2.8360e-05   2.4960e-04   3.0126e+02
20260906_07:00:00   1.6400e+00   2.3610e+02   2.3839e+01   4.5760e-03   0.0000e+00   3.0167e+02
20260906_08:00:00   1.6737e+00   2.3782e+02   2.3673e+01   2.1400e-02   0.0000e+00   3.0193e+02
20260906_09:00:00   1.6186e+00   2.3463e+02   2.3079e+01   1.2956e-02   0.0000e+00   3.0260e+02
20260906_10:00:00   1.5245e+00   2.2877e+02   2.2076e+01   1.5694e-03   0.0000e+00   3.0437e+02
20260906_11:00:00   1.4948e+00   2.2663e+02   2.1515e+01   0.0000e+00   0.0000e+00   3.0640e+02
20260906_12:00:00   1.4691e+00   2.2467e+02   2.0987e+01   0.0000e+00   0.0000e+00   3.0709e+02
20260906_13:00:00   1.4865e+00   2.2552e+02   2.1038e+01   0.0000e+00   0.0000e+00   3.0850e+02
20260906_14:00:00   1.3937e+00   2.1919e+02   1.9878e+01   0.0000e+00   0.0000e+00   3.0944e+02
20260906_15:00:00   1.2968e+00   2.1204e+02   1.8776e+01   0.0000e+00   0.0000e+00   3.0920e+02
20260906_16:00:00   1.2485e+00   2.0809e+02   1.8199e+01   0.0000e+00   0.0000e+00   3.0791e+02
20260906_17:00:00   1.2708e+00   2.0955e+02   1.8425e+01   0.0000e+00   0.0000e+00   3.0558e+02
20260906_18:00:00   1.2228e+00   2.0554e+02   1.7823e+01   0.0000e+00   0.0000e+00   3.0406e+02
20260906_19:00:00   1.2038e+00   2.0384e+02   1.7539e+01   0.0000e+00   0.0000e+00   3.0229e+02
20260906_20:00:00   1.1679e+00   2.0065e+02   1.7022e+01   0.0000e+00   0.0000e+00   3.0038e+02
20260906_21:00:00   1.1265e+00   1.9691e+02   1.6528e+01   0.0000e+00   0.0000e+00   2.9965e+02
20260906_22:00:00   1.1160e+00   1.9593e+02   1.6497e+01   0.0000e+00   0.0000e+00   2.9925e+02
20260906_23:00:00   1.1366e+00   1.9778e+02   1.6902e+01   0.0000e+00   0.0000e+00   2.9722e+02
20260907_00:00:00   1.1348e+00   1.9791e+02   1.6977e+01   0.0000e+00   0.0000e+00   2.9725e+02
20260907_01:00:00   1.1578e+00   2.0033e+02   1.7310e+01   0.0000e+00   0.0000e+00   2.9782e+02
20260907_02:00:00   1.1562e+00   2.0062e+02   1.7408e+01   0.0000e+00   0.0000e+00   2.9733e+02
20260907_03:00:00   1.2436e+00   2.0839e+02   1.8622e+01   0.0000e+00   0.0000e+00   2.9694e+02
20260907_04:00:00   1.2090e+00   2.0595e+02   1.8393e+01   0.0000e+00   0.0000e+00   2.9630e+02
20260907_05:00:00   1.1933e+00   2.0505e+02   1.8370e+01   0.0000e+00   2.5020e-06   2.9572e+02
20260907_06:00:00   1.2545e+00   2.1025e+02   1.9712e+01   0.0000e+00   1.2979e-03   2.9537e+02
20260907_07:00:00   1.3492e+00   2.1762e+02   2.1197e+01   0.0000e+00   6.8236e-04   2.9608e+02
20260907_08:00:00   1.3506e+00   2.1773e+02   2.1402e+01   0.0000e+00   2.8710e-02   2.9651e+02
20260907_09:00:00   1.3145e+00   2.1485e+02   2.0876e+01   0.0000e+00   1.9180e-02   2.9792e+02
20260907_10:00:00   1.2224e+00   2.0709e+02   1.9543e+01   0.0000e+00   3.0512e-02   2.9759e+02
20260907_11:00:00   1.2449e+00   2.0848e+02   2.0230e+01   0.0000e+00   2.5815e-02   2.9859e+02
20260907_12:00:00   1.1727e+00   2.0231e+02   1.9069e+01   0.0000e+00   2.3453e-03   2.9939e+02
20260907_13:00:00   1.1347e+00   1.9896e+02   1.8282e+01   0.0000e+00   0.0000e+00   2.9995e+02
20260907_14:00:00   1.1565e+00   2.0065e+02   1.8662e+01   0.0000e+00   0.0000e+00   2.9994e+02
20260907_15:00:00   1.1411e+00   1.9892e+02   1.8579e+01   0.0000e+00   0.0000e+00   2.9839e+02
20260907_16:00:00   1.0825e+00   1.9314e+02   1.7760e+01   0.0000e+00   0.0000e+00   2.9719e+02
20260907_17:00:00   1.0572e+00   1.9038e+02   1.7490e+01   0.0000e+00   0.0000e+00   2.9587e+02
20260907_18:00:00   1.0645e+00   1.9082e+02   1.7686e+01   0.0000e+00   0.0000e+00   2.9439e+02
20260907_19:00:00   1.0736e+00   1.9129e+02   1.8102e+01   0.0000e+00   0.0000e+00   2.9376e+02
20260907_20:00:00   1.1051e+00   1.9394e+02   1.8841e+01   0.0000e+00   0.0000e+00   2.9292e+02
20260907_21:00:00   1.0987e+00   1.9330e+02   1.8773e+01   0.0000e+00   0.0000e+00   2.9215e+02
20260907_22:00:00   1.0930e+00   1.9277e+02   1.8699e+01   0.0000e+00   0.0000e+00   2.9129e+02
20260907_23:00:00   1.1415e+00   1.9719e+02   1.9649e+01   0.0000e+00   0.0000e+00   2.9010e+02
20260908_00:00:00   1.2173e+00   2.0383e+02   2.1048e+01   0.0000e+00   0.0000e+00   2.8942e+02
20260908_01:00:00   1.2963e+00   2.1054e+02   2.2245e+01   0.0000e+00   6.0320e-04   2.8864e+02
20260908_02:00:00   1.3585e+00   2.1561e+02   2.3302e+01   0.0000e+00   2.3601e-03   2.8876e+02
20260908_03:00:00   1.4508e+00   2.2243e+02   2.4792e+01   0.0000e+00   3.4600e-05   2.8800e+02
20260908_04:00:00   1.5633e+00   2.2995e+02   2.6490e+01   0.0000e+00   1.1352e-05   2.8854e+02
20260908_05:00:00   1.6867e+00   2.3733e+02   2.8264e+01   0.0000e+00   1.6162e-03   2.8824e+02
20260908_06:00:00   1.8113e+00   2.4408e+02   2.9823e+01   0.0000e+00   2.2038e-05   2.8730e+02
20260908_07:00:00   1.9874e+00   2.5191e+02   3.1996e+01   0.0000e+00   5.4126e-04   2.8809e+02
20260908_08:00:00   2.1868e+00   2.5911e+02   3.4423e+01   4.7600e-05   4.3540e-03   2.8836e+02
20260908_09:00:00   2.2734e+00   2.6183e+02   3.5302e+01   1.2514e-06   4.9407e-04   2.8880e+02
20260908_10:00:00   2.4076e+00   2.6541e+02   3.6901e+01   0.0000e+00   3.0025e-04   2.8826e+02
20260908_11:00:00   2.5327e+00   2.6833e+02   3.8421e+01   0.0000e+00   2.8782e-03   2.8858e+02
20260908_12:00:00   2.6123e+00   2.7004e+02   3.9189e+01   3.0380e-05   1.8114e-04   2.8885e+02
20260908_13:00:00   2.6711e+00   2.7113e+02   4.0044e+01   1.2152e-04   0.0000e+00   2.8767e+02
20260908_14:00:00   2.7861e+00   2.7311e+02   4.0968e+01   1.6788e-02   0.0000e+00   2.8751e+02
20260908_15:00:00   2.8533e+00   2.7405e+02   4.2023e+01   5.9780e-03   0.0000e+00   2.8814e+02
20260908_16:00:00   2.9725e+00   2.7555e+02   4.3189e+01   1.6144e-02   0.0000e+00   2.8638e+02
20260908_17:00:00   2.9384e+00   2.7448e+02   4.3285e+01   2.8180e-03   2.5299e-03   2.8575e+02
20260908_18:00:00   2.8217e+00   2.7186e+02   4.1745e+01   1.0723e-02   0.0000e+00   2.8565e+02
20260908_19:00:00   2.7246e+00   2.6935e+02   3.9929e+01   3.6005e-02   2.0098e-05   2.8527e+02
20260908_20:00:00   2.8822e+00   2.7154e+02   3.8838e+01   1.2854e-01   9.5544e-05   2.8684e+02
20260908_21:00:00   2.7146e+00   2.6779e+02   3.7531e+01   9.6939e-02   5.3500e-04   2.8899e+02
20260908_22:00:00   2.6178e+00   2.6533e+02   3.5810e+01   1.0633e-01   4.8264e-04   2.9092e+02
20260908_23:00:00   2.9238e+00   2.7063e+02   3.3197e+01   2.9307e-01   1.5610e-05   2.9249e+02
20260909_00:00:00   2.9118e+00   2.7035e+02   3.1342e+01   3.3840e-01   8.5223e-04   2.9438e+02
20260909_01:00:00   2.5139e+00   2.6271e+02   2.9845e+01   2.1889e-01   2.7482e-04   2.9545e+02
20260909_02:00:00   2.0452e+00   2.4929e+02   2.8186e+01   7.2682e-02   0.0000e+00   2.9630e+02
20260909_03:00:00   1.9747e+00   2.4686e+02   2.7223e+01   7.0839e-02   0.0000e+00   2.9776e+02
20260909_04:00:00   1.8560e+00   2.4198e+02   2.6760e+01   2.9335e-02   0.0000e+00   2.9800e+02
20260909_05:00:00   1.8132e+00   2.4017e+02   2.6131e+01   2.4245e-02   0.0000e+00   2.9831e+02
20260909_06:00:00   1.7800e+00   2.3869e+02   2.4892e+01   4.1167e-02   3.5940e-05   2.9832e+02
20260909_07:00:00   1.8550e+00   2.4225e+02   2.3778e+01   9.2904e-02   0.0000e+00   2.9893e+02
20260909_08:00:00   1.8721e+00   2.4324e+02   2.3378e+01   1.0688e-01   0.0000e+00   3.0018e+02
20260909_09:00:00   1.6409e+00   2.3218e+02   2.2860e+01   3.2560e-02   7.5080e-06   3.0029e+02
20260909_10:00:00   1.4211e+00   2.1869e+02   2.1005e+01   3.5620e-06   6.4033e-04   3.0033e+02
20260909_11:00:00   1.3145e+00   2.1059e+02   1.9730e+01   0.0000e+00   1.5655e-03   3.0021e+02
20260909_12:00:00   1.2499e+00   2.0531e+02   1.8961e+01   0.0000e+00   1.0348e-02   3.0078e+02
20260909_13:00:00   1.1553e+00   1.9715e+02   1.7729e+01   0.0000e+00   8.6615e-03   3.0194e+02
20260909_14:00:00   1.0581e+00   1.8795e+02   1.6448e+01   0.0000e+00   3.5364e-03   3.0199e+02
20260909_15:00:00   9.7307e-01   1.7912e+02   1.5340e+01   0.0000e+00   5.4380e-03   3.0244e+02
20260909_16:00:00   9.1316e-01   1.7242e+02   1.4501e+01   0.0000e+00   1.3236e-04   3.0293e+02
20260909_17:00:00   8.5246e-01   1.6520e+02   1.3693e+01   0.0000e+00   1.3827e-04   3.0158e+02
20260909_18:00:00   8.2411e-01   1.6151e+02   1.3330e+01   0.0000e+00   5.1771e-04   3.0080e+02
20260909_19:00:00   8.5281e-01   1.6491e+02   1.3621e+01   0.0000e+00   1.6896e-04   3.0013e+02
20260909_20:00:00   8.8644e-01   1.6875e+02   1.4122e+01   0.0000e+00   7.4533e-04   3.0009e+02
20260909_21:00:00   9.4973e-01   1.7565e+02   1.5158e+01   0.0000e+00   7.6192e-03   2.9958e+02
20260909_22:00:00   1.0079e+00   1.8169e+02   1.6099e+01   0.0000e+00   2.7123e-02   2.9865e+02
20260909_23:00:00   1.0383e+00   1.8477e+02   1.6595e+01   0.0000e+00   4.5000e-02   2.9703e+02
20260910_00:00:00   1.0539e+00   1.8656e+02   1.6863e+01   0.0000e+00   2.7179e-02   2.9624e+02
20260910_03:00:00   1.1882e+00   1.9992e+02   1.9129e+01   0.0000e+00   1.3341e-02   2.9543e+02
20260910_06:00:00   1.3017e+00   2.0963e+02   2.1331e+01   0.0000e+00   7.4840e-03   2.9575e+02
20260910_09:00:00   1.4208e+00   2.1797e+02   2.3026e+01   0.0000e+00   1.9276e-02   2.9854e+02
20260910_12:00:00   1.4148e+00   2.1625e+02   2.3571e+01   0.0000e+00   1.3827e-01   2.9516e+02
20260910_15:00:00   1.4935e+00   2.2111e+02   2.4751e+01   0.0000e+00   1.7900e-01   2.9255e+02
20260910_18:00:00   1.5453e+00   2.2409e+02   2.5432e+01   0.0000e+00   3.3001e-01   2.9184e+02
20260910_21:00:00   1.7244e+00   2.3377e+02   2.8475e+01   0.0000e+00   2.7728e-01   2.9281e+02
20260911_00:00:00   1.3492e+00   2.1237e+02   2.1533e+01   0.0000e+00   5.4951e-02   2.9676e+02
20260911_03:00:00   1.1724e+00   1.9977e+02   1.8311e+01   0.0000e+00   6.4638e-03   2.9753e+02
20260911_06:00:00   1.1781e+00   2.0106e+02   1.8415e+01   0.0000e+00   1.3836e-04   2.9474e+02
20260911_09:00:00   1.2532e+00   2.0767e+02   1.9170e+01   0.0000e+00   6.7218e-04   2.9297e+02
20260911_12:00:00   1.1562e+00   1.9927e+02   1.7519e+01   0.0000e+00   0.0000e+00   2.9476e+02
20260911_15:00:00   1.1396e+00   1.9753e+02   1.7179e+01   0.0000e+00   1.4586e-03   2.9600e+02
20260911_18:00:00   1.1369e+00   1.9736e+02   1.6430e+01   0.0000e+00   0.0000e+00   2.9456e+02
20260911_21:00:00   1.1493e+00   1.9827e+02   1.6346e+01   0.0000e+00   0.0000e+00   2.9553e+02
20260912_00:00:00   1.1604e+00   1.9954e+02   1.6597e+01   0.0000e+00   0.0000e+00   2.9366e+02
20260912_03:00:00   1.1558e+00   2.0004e+02   1.7115e+01   0.0000e+00   0.0000e+00   2.9651e+02
20260912_06:00:00   1.1382e+00   1.9899e+02   1.7441e+01   0.0000e+00   0.0000e+00   3.0015e+02
20260912_09:00:00   1.1527e+00   2.0042e+02   1.7754e+01   0.0000e+00   0.0000e+00   2.9759e+02
20260912_12:00:00   1.2181e+00   2.0564e+02   1.8730e+01   0.0000e+00   7.9440e-05   2.9732e+02
20260912_15:00:00   1.1972e+00   2.0343e+02   1.8637e+01   0.0000e+00   2.8384e-03   2.9725e+02
20260912_18:00:00   1.1991e+00   2.0302e+02   1.8949e+01   0.0000e+00   6.6804e-03   2.9280e+02
20260912_21:00:00   1.1397e+00   1.9702e+02   1.8538e+01   0.0000e+00   1.8542e-02   2.9436e+02
20260913_00:00:00   1.0897e+00   1.9231e+02   1.7935e+01   0.0000e+00   1.1114e-01   2.9381e+02
20260913_03:00:00   1.0713e+00   1.9078e+02   1.8237e+01   0.0000e+00   7.7784e-03   2.9161e+02
20260913_06:00:00   1.0860e+00   1.9226e+02   1.9062e+01   0.0000e+00   3.3536e-03   2.9066e+02
20260913_09:00:00   1.1132e+00   1.9523e+02   1.9196e+01   0.0000e+00   2.2100e-03   2.8950e+02
20260913_12:00:00   1.1871e+00   2.0158e+02   2.0267e+01   0.0000e+00   3.1192e-02   2.8978e+02
20260913_15:00:00   1.2734e+00   2.0846e+02   2.1300e+01   0.0000e+00   4.1161e-03   2.9006e+02
20260913_18:00:00   1.3390e+00   2.1302e+02   2.2248e+01   0.0000e+00   1.2028e-02   2.8967e+02
20260913_21:00:00   1.3593e+00   2.1310e+02   2.3276e+01   0.0000e+00   3.4505e-02   2.8841e+02
20260914_00:00:00   1.2717e+00   2.0557e+02   2.2216e+01   6.7680e-03   2.3889e-02   2.8932e+02
20260914_03:00:00   1.1964e+00   1.9908e+02   2.1575e+01   5.0880e-04   4.9275e-01   2.8811e+02
20260914_06:00:00   1.7315e+00   2.3477e+02   2.9524e+01   1.6194e-02   7.4590e-02   2.8523e+02
20260914_09:00:00   2.2246e+00   2.5574e+02   3.4711e+01   6.8002e-02   7.2547e-02   2.8453e+02
20260914_12:00:00   2.3048e+00   2.5923e+02   3.6204e+01   2.8098e-02   9.3249e-02   2.8749e+02
20260914_15:00:00   2.4298e+00   2.6232e+02   3.8764e+01   4.0697e-03   3.2225e-01   2.8657e+02
20260914_18:00:00   2.4618e+00   2.6295e+02   3.8912e+01   1.2474e-03   2.3542e-01   2.8562e+02
20260914_21:00:00   2.6859e+00   2.6780e+02   4.0179e+01   4.1293e-02   1.2563e-01   2.8695e+02
20260915_00:00:00   3.2127e+00   2.7580e+02   4.0605e+01   2.3361e-01   3.5534e-01   2.8594e+02
20260915_03:00:00   2.5603e+00   2.6636e+02   3.7124e+01   5.2233e-02   1.0031e-03   2.8435e+02
20260915_06:00:00   2.4987e+00   2.6596e+02   3.6190e+01   3.9360e-02   1.6444e-02   2.8618e+02
20260915_09:00:00   2.6056e+00   2.6855e+02   3.5915e+01   8.4326e-02   5.1202e-02   2.8736e+02
20260915_12:00:00   3.0284e+00   2.7577e+02   3.5125e+01   2.6053e-01   8.0338e-03   2.8727e+02
20260915_15:00:00   2.6258e+00   2.6877e+02   3.6172e+01   7.8961e-02   9.1999e-02   2.8668e+02
20260915_18:00:00   2.5645e+00   2.6714e+02   3.5959e+01   5.9186e-02   9.5456e-02   2.8519e+02
20260915_21:00:00   2.3624e+00   2.6190e+02   3.4245e+01   1.2452e-02   3.5682e-01   2.8806e+02
20260916_00:00:00   2.3201e+00   2.6084e+02   3.2506e+01   2.4191e-02   3.8055e-01   2.8998e+02
20260916_03:00:00   2.1653e+00   2.5713e+02   3.0414e+01   5.1220e-03   1.5519e-02   2.9345e+02
20260916_06:00:00   2.1279e+00   2.5761e+02   2.7922e+01   4.6060e-02   0.0000e+00   2.9847e+02
20260916_09:00:00   1.9591e+00   2.5171e+02   2.6336e+01   3.2181e-02   0.0000e+00   2.9542e+02
20260916_12:00:00   1.7394e+00   2.4131e+02   2.4613e+01   1.4138e-03   0.0000e+00   2.9392e+02
20260916_15:00:00   1.6432e+00   2.3597e+02   2.2927e+01   0.0000e+00   0.0000e+00   2.9311e+02
20260916_18:00:00   1.5734e+00   2.3136e+02   2.2561e+01   0.0000e+00   1.5221e-02   2.8951e+02
20260916_21:00:00   1.4741e+00   2.2468e+02   2.1696e+01   0.0000e+00   0.0000e+00   2.8855e+02
20260917_00:00:00   1.4789e+00   2.2493e+02   2.2188e+01   0.0000e+00   4.2840e-06   2.8779e+02
20260917_03:00:00   1.3251e+00   2.1535e+02   2.0538e+01   0.0000e+00   4.2189e-02   2.8562e+02
20260917_06:00:00   1.3814e+00   2.1976e+02   2.2082e+01   0.0000e+00   1.5277e-01   2.8710e+02
20260917_09:00:00   1.5317e+00   2.2945e+02   2.4734e+01   0.0000e+00   4.4272e-02   2.8616e+02
20260917_12:00:00   1.5842e+00   2.3189e+02   2.6025e+01   0.0000e+00   3.6554e-02   2.8756e+02
20260917_15:00:00   1.5161e+00   2.2803e+02   2.4371e+01   0.0000e+00   1.3724e-03   2.8578e+02
20260917_18:00:00   1.5011e+00   2.2685e+02   2.3889e+01   0.0000e+00   0.0000e+00   2.8654e+02
20260917_21:00:00   1.4730e+00   2.2474e+02   2.3363e+01   0.0000e+00   0.0000e+00   2.8454e+02
20260918_00:00:00   1.4833e+00   2.2532e+02   2.3793e+01   0.0000e+00   6.7020e-05   2.8522e+02
20260918_03:00:00   1.5041e+00   2.2762e+02   2.4919e+01   0.0000e+00   4.6127e-03   2.8548e+02
20260918_06:00:00   1.6916e+00   2.3922e+02   2.8037e+01   0.0000e+00   4.0157e-03   2.8441e+02
20260918_09:00:00   1.9194e+00   2.5014e+02   3.0615e+01   0.0000e+00   1.3105e-04   2.8418e+02
20260918_12:00:00   1.8523e+00   2.4684e+02   2.9833e+01   0.0000e+00   3.3923e-03   2.8344e+02
20260918_15:00:00   2.1052e+00   2.5661e+02   3.3435e+01   0.0000e+00   4.9885e-03   2.8255e+02
20260918_18:00:00   2.2401e+00   2.6060e+02   3.4374e+01   0.0000e+00   4.6019e-04   2.8149e+02
20260918_21:00:00   2.3733e+00   2.6380e+02   3.6708e+01   0.0000e+00   1.4597e-03   2.8005e+02
20260919_00:00:00   2.6419e+00   2.7088e+02   3.8859e+01   2.9718e-05   1.6982e-03   2.8172e+02
20260919_03:00:00   2.5125e+00   2.6914e+02   3.7654e+01   0.0000e+00   3.7880e-03   2.8149e+02
20260919_06:00:00   3.1214e+00   2.8008e+02   4.1896e+01   1.0102e-01   2.2368e-03   2.8104e+02
20260919_09:00:00   4.1452e+00   2.8809e+02   4.8965e+01   2.5077e-01   3.5752e-03   2.8051e+02
20260919_12:00:00   4.6821e+00   2.9032e+02   5.5402e+01   2.6055e-01   1.8224e-03   2.8102e+02
20260919_15:00:00   7.2163e+00   2.9349e+02   5.8572e+01   1.1038e+00   1.6707e-03   2.8138e+02
20260919_18:00:00   5.6897e+00   2.9129e+02   5.7181e+01   5.7905e-01   1.0008e-03   2.8342e+02
20260919_21:00:00   3.7793e+00   2.8376e+02   5.2305e+01   6.1014e-02   1.5477e-03   2.8346e+02
20260920_00:00:00   3.2738e+00   2.7904e+02   4.7209e+01   5.3342e-02   5.6023e-03   2.8456e+02
20260920_03:00:00   3.1233e+00   2.7790e+02   4.4941e+01   6.2118e-02   2.9212e-02   2.8356e+02
20260920_06:00:00   3.7597e+00   2.8442e+02   4.4850e+01   2.9731e-01   2.0216e-04   2.8430e+02
20260920_09:00:00   2.9769e+00   2.7426e+02   4.3490e+01   3.6586e-02   1.0441e-01   2.8604e+02
20260920_12:00:00   3.1569e+00   2.7617e+02   4.2330e+01   1.4286e-01   1.0001e-01   2.8737e+02
20260920_15:00:00   4.1043e+00   2.8250e+02   3.8786e+01   6.3000e-01   3.0521e-01   2.8762e+02
20260920_18:00:00   4.9590e+00   2.8367e+02   4.3689e+01   8.4061e-01   9.2960e-01   2.8933e+02
20260920_21:00:00   4.2180e+00   2.8101e+02   4.3290e+01   5.4905e-01   7.2967e-01   2.9339e+02
20260921_00:00:00   3.5301e+00   2.7669e+02   4.2991e+01   2.5489e-01   6.5516e-01   2.9339e+02
