#            date       tau255        Tb[K]      pwv[mm] lwp[kg*m^-2] iwp[kg*m^-2]       o3[DU]
20260808_06:00:00   4.1873e+00   2.9436e+02   5.1964e+01   2.1334e-01   0.0000e+00   2.9502e+02
20260808_07:00:00   3.7326e+00   2.9112e+02   5.1722e+01   5.3106e-02   0.0000e+00   2.9537e+02
20260808_08:00:00   3.5231e+00   2.8856e+02   5.1332e+01   8.7690e-05   1.6298e-02   2.9644e+02
20260808_09:00:00   3.4170e+00   2.8684e+02   5.0423e+01   0.0000e+00   5.6626e-03   3.0000e+02
20260808_10:00:00   3.4038e+00   2.8596e+02   5.0685e+01   0.0000e+00   1.2538e-02   3.0033e+02
20260808_11:00:00   3.3063e+00   2.8444e+02   4.9935e+01   0.0000e+00   6.5216e-03   2.9861e+02
20260808_12:00:00   3.1516e+00   2.8229e+02   4.8332e+01   0.0000e+00   6.1568e-03   2.9905e+02
20260808_13:00:00   3.2094e+00   2.8242e+02   4.8943e+01   0.0000e+00   3.2261e-02   2.9811e+02
20260808_14:00:00   3.2385e+00   2.8244e+02   4.9345e+01   3.9900e-05   5.5387e-02   2.9768e+02
20260808_15:00:00   3.3079e+00   2.8284e+02   5.0133e+01   0.0000e+00   3.5618e-02   2.9714e+02
20260808_16:00:00   3.3360e+00   2.8302e+02   5.0513e+01   0.0000e+00   7.4549e-02   2.9680e+02
20260808_17:00:00   3.3122e+00   2.8272e+02   5.0421e+01   0.0000e+00   8.9802e-02   2.9742e+02
20260808_18:00:00   3.2669e+00   2.8182e+02   4.9763e+01   8.0720e-05   5.6065e-02   3.0032e+02
20260808_19:00:00   3.2940e+00   2.8199e+02   5.0008e+01   0.0000e+00   1.0252e-01   3.0328e+02
20260808_20:00:00   3.2898e+00   2.8200e+02   5.0053e+01   0.0000e+00   4.5431e-02   3.0430e+02
20260808_21:00:00   3.2719e+00   2.8157e+02   4.9754e+01   0.0000e+00   7.2383e-02   3.0341e+02
20260808_22:00:00   3.2132e+00   2.8085e+02   4.8925e+01   0.0000e+00   1.1254e-01   3.0404e+02
20260808_23:00:00   3.1360e+00   2.8009e+02   4.8043e+01   0.0000e+00   4.1382e-02   3.0289e+02
20260809_00:00:00   3.1582e+00   2.8036e+02   4.8094e+01   0.0000e+00   3.7066e-02   3.0405e+02
20260809_01:00:00   3.1775e+00   2.8091e+02   4.8007e+01   2.7160e-03   7.5316e-02   3.0473e+02
20260809_02:00:00   3.1664e+00   2.8109e+02   4.7623e+01   1.0634e-03   9.4735e-02   3.0391e+02
20260809_03:00:00   3.1386e+00   2.8121e+02   4.7076e+01   0.0000e+00   5.3373e-02   3.0388e+02
20260809_04:00:00   3.0685e+00   2.8099e+02   4.6145e+01   0.0000e+00   8.0865e-02   3.0224e+02
20260809_05:00:00   3.0090e+00   2.8058e+02   4.5412e+01   0.0000e+00   1.0993e-01   3.0063e+02
20260809_06:00:00   2.9387e+00   2.7968e+02   4.4530e+01   0.0000e+00   6.1641e-02   3.0042e+02
20260809_07:00:00   2.9067e+00   2.7915e+02   4.4102e+01   0.0000e+00   2.8995e-02   2.9934e+02
20260809_08:00:00   2.8866e+00   2.7874e+02   4.3740e+01   0.0000e+00   3.4842e-02   2.9803e+02
20260809_09:00:00   2.8854e+00   2.7844e+02   4.3510e+01   0.0000e+00   1.6248e-02   2.9765e+02
20260809_10:00:00   2.8831e+00   2.7795e+02   4.3119e+01   0.0000e+00   2.3622e-02   2.9943e+02
20260809_11:00:00   2.8826e+00   2.7751e+02   4.2646e+01   0.0000e+00   3.9474e-02   3.0046e+02
20260809_12:00:00   2.8654e+00   2.7717e+02   4.2024e+01   0.0000e+00   2.9495e-02   3.0287e+02
20260809_13:00:00   2.8324e+00   2.7659e+02   4.1315e+01   0.0000e+00   3.3287e-03   3.0333e+02
20260809_14:00:00   2.8468e+00   2.7668e+02   4.1240e+01   0.0000e+00   2.5525e-02   3.0355e+02
20260809_15:00:00   2.8169e+00   2.7608e+02   4.0736e+01   0.0000e+00   4.4080e-02   3.0219e+02
20260809_16:00:00   2.7816e+00   2.7531e+02   4.0223e+01   0.0000e+00   8.4882e-02   3.0153e+02
20260809_17:00:00   2.7070e+00   2.7392e+02   3.9406e+01   0.0000e+00   2.5296e-02   2.9986e+02
20260809_18:00:00   2.6075e+00   2.7204e+02   3.8286e+01   0.0000e+00   2.9116e-02   3.0013e+02
20260809_19:00:00   2.5626e+00   2.7084e+02   3.7621e+01   0.0000e+00   5.4978e-03   3.0110e+02
20260809_20:00:00   2.5442e+00   2.7013e+02   3.7070e+01   0.0000e+00   3.2815e-02   2.9984e+02
20260809_21:00:00   2.5117e+00   2.6930e+02   3.6646e+01   0.0000e+00   5.5222e-02   3.0000e+02
20260809_22:00:00   2.4953e+00   2.6886e+02   3.6471e+01   0.0000e+00   2.9190e-02   3.0098e+02
20260809_23:00:00   2.4969e+00   2.6885e+02   3.6586e+01   0.0000e+00   6.8070e-02   3.0061e+02
20260810_00:00:00   2.4848e+00   2.6877e+02   3.6558e+01   0.0000e+00   1.9896e-02   3.0186e+02
20260810_01:00:00   2.5389e+00   2.7041e+02   3.7204e+01   0.0000e+00   3.1892e-02   2.9992e+02
20260810_02:00:00   2.5174e+00   2.7050e+02   3.6999e+01   0.0000e+00   5.6075e-02   3.0070e+02
20260810_03:00:00   2.4507e+00   2.6957e+02   3.6283e+01   0.0000e+00   9.6927e-02   3.0020e+02
20260810_04:00:00   2.4060e+00   2.6893e+02   3.5686e+01   0.0000e+00   1.4046e-01   2.9970e+02
20260810_05:00:00   2.4241e+00   2.6969e+02   3.5815e+01   0.0000e+00   9.5224e-02   2.9940e+02
20260810_06:00:00   2.4080e+00   2.6958e+02   3.5601e+01   0.0000e+00   1.3528e-01   3.0011e+02
20260810_07:00:00   2.3858e+00   2.6912e+02   3.5402e+01   0.0000e+00   3.0360e-02   3.0119e+02
20260810_08:00:00   2.3128e+00   2.6724e+02   3.4499e+01   0.0000e+00   8.7524e-03   3.0264e+02
20260810_09:00:00   2.3025e+00   2.6683e+02   3.4378e+01   0.0000e+00   2.7021e-02   3.0330e+02
20260810_10:00:00   2.2623e+00   2.6527e+02   3.4028e+01   0.0000e+00   1.4695e-02   3.0339e+02
20260810_11:00:00   2.1883e+00   2.6249e+02   3.3179e+01   0.0000e+00   3.3510e-02   3.0327e+02
20260810_12:00:00   2.0677e+00   2.5784e+02   3.1703e+01   0.0000e+00   5.3539e-02   3.0364e+02
20260810_13:00:00   1.8576e+00   2.4884e+02   2.9166e+01   0.0000e+00   9.9786e-02   3.0566e+02
20260810_14:00:00   1.7157e+00   2.4160e+02   2.7215e+01   0.0000e+00   9.2767e-02   3.0728e+02
20260810_15:00:00   1.6406e+00   2.3716e+02   2.5982e+01   0.0000e+00   1.0370e-01   3.0749e+02
20260810_16:00:00   1.4808e+00   2.2710e+02   2.3706e+01   0.0000e+00   1.1766e-01   3.0556e+02
20260810_17:00:00   1.2842e+00   2.1251e+02   2.0613e+01   0.0000e+00   2.2683e-01   3.0459e+02
20260810_18:00:00   1.2155e+00   2.0635e+02   1.9528e+01   0.0000e+00   2.4925e-01   3.0608e+02
20260810_19:00:00   1.2033e+00   2.0500e+02   1.9280e+01   0.0000e+00   1.6433e-01   3.0791e+02
20260810_20:00:00   1.1885e+00   2.0346e+02   1.9017e+01   0.0000e+00   1.6094e-01   3.0856e+02
20260810_21:00:00   1.1350e+00   1.9844e+02   1.8299e+01   0.0000e+00   2.2489e-01   3.0773e+02
20260810_22:00:00   1.1464e+00   1.9918e+02   1.8612e+01   0.0000e+00   2.1986e-01   3.0642e+02
20260810_23:00:00   1.1324e+00   1.9801e+02   1.8416e+01   0.0000e+00   8.8603e-02   3.0707e+02
20260811_00:00:00   1.1463e+00   1.9948e+02   1.8697e+01   0.0000e+00   8.0040e-02   3.0777e+02
20260811_01:00:00   1.1778e+00   2.0261e+02   1.9137e+01   0.0000e+00   1.1462e-01   3.0747e+02
20260811_02:00:00   1.1988e+00   2.0483e+02   1.9480e+01   0.0000e+00   6.7649e-02   3.0651e+02
20260811_03:00:00   1.2205e+00   2.0720e+02   1.9901e+01   0.0000e+00   4.6183e-02   3.0479e+02
20260811_04:00:00   1.2227e+00   2.0794e+02   2.0142e+01   0.0000e+00   5.4753e-02   3.0429e+02
20260811_05:00:00   1.4021e+00   2.2247e+02   2.2821e+01   0.0000e+00   5.4514e-02   3.0617e+02
20260811_06:00:00   1.4222e+00   2.2440e+02   2.3444e+01   0.0000e+00   3.4463e-02   3.0573e+02
20260811_07:00:00   1.4860e+00   2.2879e+02   2.4696e+01   0.0000e+00   1.4112e-02   3.0423e+02
20260811_08:00:00   1.5743e+00   2.3419e+02   2.6139e+01   0.0000e+00   2.1630e-02   3.0506e+02
20260811_09:00:00   1.6089e+00   2.3593e+02   2.6643e+01   0.0000e+00   5.7085e-03   3.0567e+02
20260811_10:00:00   1.6181e+00   2.3603e+02   2.6798e+01   0.0000e+00   4.7284e-03   3.0540e+02
20260811_11:00:00   1.5885e+00   2.3389e+02   2.6527e+01   0.0000e+00   3.1884e-03   3.0367e+02
20260811_12:00:00   1.5841e+00   2.3320e+02   2.6672e+01   0.0000e+00   1.0964e-03   3.0464e+02
20260811_13:00:00   1.5765e+00   2.3225e+02   2.6769e+01   0.0000e+00   2.1699e-04   3.0482e+02
20260811_14:00:00   1.5666e+00   2.3126e+02   2.6710e+01   0.0000e+00   8.2817e-05   3.0420e+02
20260811_15:00:00   1.6106e+00   2.3363e+02   2.7312e+01   0.0000e+00   2.3595e-04   3.0292e+02
20260811_16:00:00   1.6616e+00   2.3641e+02   2.8016e+01   0.0000e+00   3.1400e-04   3.0236e+02
20260811_17:00:00   1.6861e+00   2.3756e+02   2.8187e+01   0.0000e+00   2.2582e-03   3.0170e+02
20260811_18:00:00   1.6509e+00   2.3547e+02   2.7566e+01   0.0000e+00   1.0412e-04   3.0210e+02
20260811_19:00:00   1.5907e+00   2.3192e+02   2.6569e+01   0.0000e+00   4.3240e-05   3.0211e+02
20260811_20:00:00   1.4966e+00   2.2601e+02   2.5076e+01   0.0000e+00   6.7300e-04   3.0268e+02
20260811_21:00:00   1.3969e+00   2.1914e+02   2.3498e+01   0.0000e+00   3.5280e-04   3.0069e+02
20260811_22:00:00   1.3118e+00   2.1271e+02   2.1991e+01   0.0000e+00   2.8040e-04   2.9716e+02
20260811_23:00:00   1.2914e+00   2.1131e+02   2.1303e+01   0.0000e+00   8.8522e-04   2.9770e+02
20260812_00:00:00   1.3116e+00   2.1320e+02   2.1272e+01   0.0000e+00   2.9732e-04   2.9869e+02
20260812_01:00:00   1.2845e+00   2.1168e+02   2.0855e+01   0.0000e+00   3.8640e-05   2.9915e+02
20260812_02:00:00   1.3832e+00   2.1977e+02   2.2109e+01   0.0000e+00   0.0000e+00   2.9905e+02
20260812_03:00:00   1.6098e+00   2.3518e+02   2.5120e+01   0.0000e+00   0.0000e+00   2.9802e+02
20260812_04:00:00   1.9360e+00   2.5205e+02   2.9763e+01   0.0000e+00   4.0520e-06   2.9672e+02
20260812_05:00:00   2.2363e+00   2.6346e+02   3.3793e+01   0.0000e+00   0.0000e+00   2.9607e+02
20260812_06:00:00   2.5300e+00   2.7172e+02   3.6947e+01   1.0400e-02   1.1530e-05   2.9519e+02
20260812_07:00:00   2.7309e+00   2.7578e+02   3.9287e+01   4.1980e-03   0.0000e+00   2.9409e+02
20260812_08:00:00   2.8065e+00   2.7673e+02   4.0183e+01   1.6268e-05   0.0000e+00   2.9558e+02
20260812_09:00:00   2.7954e+00   2.7583e+02   3.9988e+01   0.0000e+00   0.0000e+00   2.9705e+02
20260812_10:00:00   2.4748e+00   2.6873e+02   3.6788e+01   0.0000e+00   5.4220e-05   2.9879e+02
20260812_11:00:00   2.2956e+00   2.6372e+02   3.4138e+01   0.0000e+00   6.6760e-05   2.9789e+02
20260812_12:00:00   2.3326e+00   2.6472e+02   3.3880e+01   0.0000e+00   0.0000e+00   2.9753e+02
20260812_13:00:00   2.4796e+00   2.6861e+02   3.5217e+01   3.4600e-05   1.2460e-04   2.9677e+02
20260812_14:00:00   2.8514e+00   2.7627e+02   3.6952e+01   8.3102e-02   1.6538e-04   2.9702e+02
20260812_15:00:00   2.9094e+00   2.7726e+02   3.7980e+01   7.0120e-02   1.5988e-05   2.9765e+02
20260812_16:00:00   2.8284e+00   2.7585e+02   3.9251e+01   6.4803e-03   1.1796e-04   2.9755e+02
20260812_17:00:00   3.2604e+00   2.8185e+02   4.1139e+01   1.1467e-01   9.9520e-06   2.9667e+02
20260812_18:00:00   3.0480e+00   2.7912e+02   4.1949e+01   2.1715e-02   0.0000e+00   2.9631e+02
20260812_19:00:00   3.6042e+00   2.8526e+02   4.2889e+01   2.0800e-01   4.0520e-06   2.9686e+02
20260812_20:00:00   3.1467e+00   2.8064e+02   4.3327e+01   3.7620e-02   1.0076e-04   2.9754e+02
20260812_21:00:00   3.1833e+00   2.8116e+02   4.4475e+01   2.7620e-02   3.4384e-04   2.9755e+02
20260812_22:00:00   3.2638e+00   2.8224e+02   4.5299e+01   3.9560e-02   1.7844e-03   2.9709e+02
20260812_23:00:00   3.2863e+00   2.8259e+02   4.6746e+01   1.3094e-02   2.4628e-03   2.9710e+02
20260813_00:00:00   3.3039e+00   2.8335e+02   4.7783e+01   0.0000e+00   3.1499e-03   2.9594e+02
20260813_01:00:00   3.3798e+00   2.8497e+02   4.8393e+01   2.1400e-02   1.0120e-03   2.9534e+02
20260813_02:00:00   3.4198e+00   2.8601e+02   4.9780e+01   5.5790e-03   2.5036e-03   2.9597e+02
20260813_03:00:00   3.5653e+00   2.8772e+02   5.0444e+01   4.7179e-02   5.4347e-03   2.9572e+02
20260813_04:00:00   3.4791e+00   2.8713e+02   5.0096e+01   3.9060e-02   3.9641e-03   2.9575e+02
20260813_05:00:00   3.2429e+00   2.8510e+02   4.8850e+01   7.2840e-03   4.0941e-03   2.9464e+02
20260813_06:00:00   3.1867e+00   2.8454e+02   4.8291e+01   2.7678e-03   8.1680e-04   2.9445e+02
20260813_09:00:00   2.8266e+00   2.7845e+02   4.3774e+01   0.0000e+00   3.6760e-04   2.9428e+02
20260813_12:00:00   2.7855e+00   2.7649e+02   4.2807e+01   0.0000e+00   8.5680e-06   2.9379e+02
20260813_15:00:00   3.0630e+00   2.8047e+02   4.5788e+01   0.0000e+00   2.5020e-06   2.9574e+02
20260813_18:00:00   3.1704e+00   2.8176e+02   4.6886e+01   0.0000e+00   0.0000e+00   2.9441e+02
20260813_21:00:00   3.3958e+00   2.8410e+02   4.9592e+01   0.0000e+00   0.0000e+00   2.9504e+02
20260814_00:00:00   3.5129e+00   2.8562e+02   5.1128e+01   0.0000e+00   0.0000e+00   2.9564e+02
20260814_03:00:00   3.6301e+00   2.8857e+02   5.1785e+01   4.3920e-02   0.0000e+00   2.9800e+02
20260814_06:00:00   3.9987e+00   2.9210e+02   5.2684e+01   1.7469e-01   0.0000e+00   2.9710e+02
20260814_09:00:00   3.8343e+00   2.9083e+02   5.3326e+01   8.1999e-02   0.0000e+00   2.9516e+02
20260814_12:00:00   3.5903e+00   2.8827e+02   5.2748e+01   0.0000e+00   0.0000e+00   2.9703e+02
20260814_15:00:00   3.4744e+00   2.8641e+02   5.0662e+01   0.0000e+00   0.0000e+00   3.0005e+02
20260814_18:00:00   3.2973e+00   2.8387e+02   4.8410e+01   0.0000e+00   0.0000e+00   3.0026e+02
20260814_21:00:00   3.1899e+00   2.8216e+02   4.6729e+01   0.0000e+00   0.0000e+00   2.9958e+02
20260815_00:00:00   3.0029e+00   2.8026e+02   4.4530e+01   0.0000e+00   0.0000e+00   3.0319e+02
20260815_03:00:00   2.9052e+00   2.8054e+02   4.3431e+01   0.0000e+00   0.0000e+00   3.0257e+02
20260815_06:00:00   3.0043e+00   2.8333e+02   4.4885e+01   9.4020e-03   0.0000e+00   3.0162e+02
20260815_09:00:00   3.2659e+00   2.8693e+02   4.6200e+01   8.1320e-02   0.0000e+00   2.9878e+02
20260815_12:00:00   3.9972e+00   2.9189e+02   4.8980e+01   2.6939e-01   0.0000e+00   2.9636e+02
20260815_15:00:00   3.2813e+00   2.8539e+02   4.7876e+01   2.2268e-02   8.1020e-06   2.9720e+02
20260815_18:00:00   3.1184e+00   2.8259e+02   4.6272e+01   1.4260e-03   1.1772e-03   2.9921e+02
20260815_21:00:00   2.9152e+00   2.7910e+02   4.3636e+01   0.0000e+00   6.2560e-07   2.9946e+02
20260816_00:00:00   2.8042e+00   2.7747e+02   4.2635e+01   0.0000e+00   3.3498e-05   3.0097e+02
20260816_03:00:00   2.7828e+00   2.7841e+02   4.3220e+01   0.0000e+00   3.9940e-05   3.0057e+02
20260816_06:00:00   3.0006e+00   2.8340e+02   4.6060e+01   2.1078e-03   0.0000e+00   3.0061e+02
20260816_09:00:00   3.5920e+00   2.8979e+02   4.9264e+01   1.2621e-01   2.5020e-06   3.0123e+02
20260816_12:00:00   3.6381e+00   2.8975e+02   5.0869e+01   7.0713e-02   0.0000e+00   3.0594e+02
20260816_15:00:00   3.7003e+00   2.8961e+02   5.1262e+01   6.3180e-02   0.0000e+00   3.0618e+02
20260816_18:00:00   3.4665e+00   2.8672e+02   5.0580e+01   0.0000e+00   2.2560e-05   3.0529e+02
20260816_21:00:00   3.4550e+00   2.8590e+02   5.0131e+01   0.0000e+00   0.0000e+00   3.0640e+02
20260817_00:00:00   3.4447e+00   2.8602e+02   5.0012e+01   0.0000e+00   0.0000e+00   3.0631e+02
20260817_03:00:00   3.2191e+00   2.8514e+02   4.7688e+01   2.4480e-03   0.0000e+00   3.0559e+02
20260817_06:00:00   2.9565e+00   2.8290e+02   4.4572e+01   1.5116e-03   0.0000e+00   3.0608e+02
20260817_09:00:00   3.3494e+00   2.8752e+02   4.5172e+01   9.8669e-02   0.0000e+00   3.0533e+02
20260817_12:00:00   2.9387e+00   2.8080e+02   4.2371e+01   3.4740e-02   0.0000e+00   3.0329e+02
20260817_15:00:00   2.7084e+00   2.7551e+02   4.1014e+01   0.0000e+00   0.0000e+00   3.0584e+02
20260817_18:00:00   2.4754e+00   2.6981e+02   3.7542e+01   0.0000e+00   0.0000e+00   3.1270e+02
20260817_21:00:00   2.6474e+00   2.7275e+02   3.9283e+01   0.0000e+00   5.8643e-04   3.1100e+02
20260818_00:00:00   2.2063e+00   2.6166e+02   3.4322e+01   0.0000e+00   0.0000e+00   3.0444e+02
20260818_03:00:00   2.2366e+00   2.6442e+02   3.4504e+01   0.0000e+00   0.0000e+00   3.0092e+02
20260818_06:00:00   2.4933e+00   2.7276e+02   3.8186e+01   7.6820e-05   2.0260e-06   2.9989e+02
20260818_09:00:00   2.7629e+00   2.7660e+02   4.1719e+01   0.0000e+00   5.0800e-05   2.9601e+02
20260818_12:00:00   2.8923e+00   2.7747e+02   4.3803e+01   0.0000e+00   2.3980e-04   2.9683e+02
20260818_15:00:00   3.1150e+00   2.8002e+02   4.7546e+01   0.0000e+00   9.0480e-05   2.9628e+02
20260818_18:00:00   3.5081e+00   2.8413e+02   5.1375e+01   1.4163e-04   0.0000e+00   2.9598e+02
20260818_21:00:00   3.4803e+00   2.8423e+02   5.0952e+01   0.0000e+00   0.0000e+00   2.9708e+02
20260819_00:00:00   3.7880e+00   2.8756e+02   5.3071e+01   3.2065e-02   0.0000e+00   2.9684e+02
20260819_03:00:00   3.8003e+00   2.8874e+02   5.3902e+01   2.2130e-02   0.0000e+00   2.9752e+02
20260819_06:00:00   3.6553e+00   2.8903e+02   5.3172e+01   1.6806e-03   0.0000e+00   2.9643e+02
20260819_09:00:00   3.5726e+00   2.8780e+02   5.2262e+01   0.0000e+00   0.0000e+00   2.9813e+02
20260819_12:00:00   3.4483e+00   2.8577e+02   5.0602e+01   0.0000e+00   0.0000e+00   2.9848e+02
20260819_15:00:00   3.2645e+00   2.8357e+02   4.7878e+01   0.0000e+00   0.0000e+00   2.9832e+02
20260819_18:00:00   3.3695e+00   2.8456e+02   4.8188e+01   0.0000e+00   0.0000e+00   2.9888e+02
20260819_21:00:00   3.7359e+00   2.8738e+02   5.2833e+01   6.8860e-05   0.0000e+00   2.9910e+02
20260820_00:00:00   3.8392e+00   2.8873e+02   5.4268e+01   6.2879e-03   0.0000e+00   2.9808e+02
20260820_03:00:00   3.8399e+00   2.9062e+02   5.5070e+01   3.6901e-03   0.0000e+00   2.9871e+02
20260820_06:00:00   4.3413e+00   2.9417e+02   5.5412e+01   1.9048e-01   0.0000e+00   2.9679e+02
20260820_09:00:00   4.4801e+00   2.9449e+02   5.6104e+01   2.1203e-01   2.9346e-05   2.9331e+02
20260820_12:00:00   4.1054e+00   2.9257e+02   5.6171e+01   5.8291e-02   0.0000e+00   2.9210e+02
20260820_15:00:00   3.9854e+00   2.9117e+02   5.6609e+01   0.0000e+00   1.7218e-03   2.9425e+02
20260820_18:00:00   4.0040e+00   2.9056e+02   5.6272e+01   2.6620e-05   4.0520e-06   2.9237e+02
20260820_21:00:00   3.9198e+00   2.8958e+02   5.4992e+01   0.0000e+00   0.0000e+00   2.9359e+02
20260821_00:00:00   3.6894e+00   2.8861e+02   5.2393e+01   0.0000e+00   0.0000e+00   2.9646e+02
20260821_03:00:00   3.2703e+00   2.8656e+02   4.8729e+01   1.1824e-03   1.4552e-04   2.9494e+02
20260821_06:00:00   3.1155e+00   2.8518e+02   4.7860e+01   4.2014e-03   4.8686e-03   2.9429e+02
20260821_09:00:00   3.1024e+00   2.8429e+02   4.7873e+01   0.0000e+00   6.1189e-02   2.9343e+02
20260821_12:00:00   3.6570e+00   2.8923e+02   5.4479e+01   0.0000e+00   1.2098e-03   2.9082e+02
20260821_15:00:00   3.7552e+00   2.8960e+02   5.5664e+01   0.0000e+00   0.0000e+00   2.9039e+02
20260821_18:00:00   3.7431e+00   2.8918e+02   5.5845e+01   0.0000e+00   7.6386e-04   2.8902e+02
20260821_21:00:00   3.6567e+00   2.8834e+02   5.5177e+01   0.0000e+00   1.7248e-03   2.8743e+02
20260822_00:00:00   3.4418e+00   2.8712e+02   5.2801e+01   0.0000e+00   1.4780e-03   2.8721e+02
20260822_03:00:00   3.3074e+00   2.8763e+02   5.1522e+01   0.0000e+00   1.4081e-03   2.8443e+02
20260822_06:00:00   3.3387e+00   2.8915e+02   5.2460e+01   0.0000e+00   6.3812e-03   2.8406e+02
20260822_09:00:00   3.5134e+00   2.9050e+02   5.3953e+01   0.0000e+00   7.3038e-03   2.8409e+02
20260822_12:00:00   3.5190e+00   2.8945e+02   5.3428e+01   0.0000e+00   1.4619e-03   2.8542e+02
20260822_15:00:00   3.2360e+00   2.8573e+02   5.0554e+01   0.0000e+00   2.3257e-03   2.8624e+02
20260822_18:00:00   3.1014e+00   2.8388e+02   4.8649e+01   0.0000e+00   1.3720e-03   2.8317e+02
20260822_21:00:00   2.9340e+00   2.8095e+02   4.6439e+01   0.0000e+00   7.0856e-03   2.8470e+02
20260823_00:00:00   2.9083e+00   2.8086e+02   4.6065e+01   0.0000e+00   2.6222e-02   2.8559e+02
20260823_03:00:00   3.0586e+00   2.8448e+02   4.8546e+01   0.0000e+00   1.2100e-02   2.8453e+02
20260823_06:00:00   3.2011e+00   2.8703e+02   5.1002e+01   0.0000e+00   1.9644e-01   2.8177e+02
20260823_09:00:00   3.1885e+00   2.8617e+02   5.0697e+01   0.0000e+00   7.6408e-02   2.8265e+02
20260823_12:00:00   3.0949e+00   2.8368e+02   4.9371e+01   2.1773e-02   9.8151e-02   2.8435e+02
20260823_15:00:00   3.0742e+00   2.8318e+02   4.8993e+01   2.8897e-02   1.0012e-01   2.8568e+02
20260823_18:00:00   3.4277e+00   2.8650e+02   4.9071e+01   1.7490e-01   1.8470e-01   2.8410e+02
20260823_21:00:00   3.2932e+00   2.8494e+02   5.0084e+01   3.3773e-02   9.6384e-02   2.8823e+02
20260824_00:00:00   3.3569e+00   2.8617e+02   5.0759e+01   5.0300e-04   9.2336e-02   2.8865e+02
20260824_03:00:00   3.4225e+00   2.8773e+02   5.1261e+01   8.1020e-06   2.1542e-01   2.9009e+02
20260824_06:00:00   3.5090e+00   2.8922e+02   5.2683e+01   2.2661e-03   1.5843e-01   2.8886e+02
