#            date       tau255        Tb[K]      pwv[mm] lwp[kg*m^-2] iwp[kg*m^-2]       o3[DU]
20260919_18:00:00   1.5855e+00   2.3072e+02   2.4087e+01   0.0000e+00   1.2593e-03   2.9636e+02
20260919_19:00:00   1.5674e+00   2.2952e+02   2.3613e+01   0.0000e+00   6.5676e-05   2.9768e+02
20260919_20:00:00   1.5523e+00   2.2851e+02   2.3329e+01   0.0000e+00   1.8283e-03   2.9843e+02
20260919_21:00:00   1.5203e+00   2.2653e+02   2.2710e+01   0.0000e+00   5.7660e-06   2.9990e+02
20260919_22:00:00   1.4332e+00   2.2080e+02   2.1625e+01   0.0000e+00   5.1900e-05   2.9907e+02
20260919_23:00:00   1.2990e+00   2.1103e+02   2.0170e+01   0.0000e+00   0.0000e+00   2.9742e+02
20260920_00:00:00   1.1701e+00   2.0053e+02   1.8654e+01   0.0000e+00   1.2514e-06   2.9578e+02
20260920_01:00:00   1.1287e+00   1.9695e+02   1.8282e+01   0.0000e+00   8.7200e-05   2.9380e+02
20260920_02:00:00   1.1261e+00   1.9683e+02   1.8534e+01   0.0000e+00   0.0000e+00   2.9274e+02
20260920_03:00:00   1.1491e+00   1.9902e+02   1.9304e+01   0.0000e+00   0.0000e+00   2.9197e+02
20260920_04:00:00   1.2352e+00   2.0676e+02   2.0654e+01   0.0000e+00   0.0000e+00   2.9200e+02
20260920_05:00:00   1.2880e+00   2.1126e+02   2.1668e+01   0.0000e+00   2.7233e-04   2.9028e+02
20260920_06:00:00   1.4190e+00   2.2102e+02   2.3773e+01   0.0000e+00   1.8976e-03   2.8836e+02
20260920_07:00:00   1.5260e+00   2.2824e+02   2.5177e+01   0.0000e+00   0.0000e+00   2.8844e+02
20260920_08:00:00   1.5634e+00   2.3076e+02   2.5412e+01   0.0000e+00   0.0000e+00   2.8815e+02
20260920_09:00:00   1.5991e+00   2.3264e+02   2.5930e+01   0.0000e+00   1.0684e-05   2.8823e+02
20260920_10:00:00   1.5228e+00   2.2787e+02   2.5020e+01   0.0000e+00   1.7468e-04   2.8784e+02
20260920_11:00:00   1.4995e+00   2.2606e+02   2.5006e+01   0.0000e+00   6.8903e-04   2.8744e+02
20260920_12:00:00   1.4739e+00   2.2429e+02   2.4605e+01   0.0000e+00   1.2858e-04   2.8739e+02
20260920_13:00:00   1.4607e+00   2.2329e+02   2.4367e+01   0.0000e+00   3.7540e-06   2.8676e+02
20260920_14:00:00   1.4988e+00   2.2558e+02   2.4787e+01   0.0000e+00   2.0805e-04   2.8644e+02
20260920_15:00:00   1.4999e+00   2.2552e+02   2.4770e+01   0.0000e+00   0.0000e+00   2.8676e+02
20260920_16:00:00   1.4764e+00   2.2389e+02   2.4442e+01   0.0000e+00   2.1220e-05   2.8563e+02
20260920_17:00:00   1.4766e+00   2.2374e+02   2.4282e+01   0.0000e+00   7.0821e-04   2.8583e+02
20260920_18:00:00   1.4477e+00   2.2159e+02   2.3870e+01   0.0000e+00   1.0548e-03   2.8545e+02
20260920_19:00:00   1.4319e+00   2.2032e+02   2.3619e+01   0.0000e+00   2.8022e-04   2.8372e+02
20260920_20:00:00   1.3801e+00   2.1657e+02   2.2855e+01   0.0000e+00   6.4300e-04   2.8353e+02
20260920_21:00:00   1.3366e+00   2.1324e+02   2.2297e+01   0.0000e+00   1.2514e-06   2.8383e+02
20260920_22:00:00   1.2885e+00   2.0932e+02   2.1702e+01   0.0000e+00   4.4144e-04   2.8505e+02
20260920_23:00:00   1.2460e+00   2.0578e+02   2.1093e+01   0.0000e+00   0.0000e+00   2.8527e+02
20260921_00:00:00   1.2507e+00   2.0624e+02   2.1243e+01   0.0000e+00   6.2160e-04   2.8633e+02
20260921_01:00:00   1.2083e+00   2.0313e+02   2.0609e+01   0.0000e+00   0.0000e+00   2.8764e+02
20260921_02:00:00   1.1379e+00   1.9697e+02   1.9803e+01   0.0000e+00   2.0800e-05   2.8846e+02
20260921_03:00:00   1.0241e+00   1.8588e+02   1.8394e+01   0.0000e+00   2.5720e-05   2.8932e+02
20260921_04:00:00   1.0113e+00   1.8435e+02   1.8438e+01   0.0000e+00   5.3020e-06   2.8951e+02
20260921_05:00:00   9.5389e-01   1.7821e+02   1.7670e+01   0.0000e+00   0.0000e+00   2.9039e+02
20260921_06:00:00   9.5766e-01   1.7871e+02   1.7725e+01   0.0000e+00   0.0000e+00   2.8968e+02
20260921_07:00:00   9.6287e-01   1.7966e+02   1.7606e+01   0.0000e+00   0.0000e+00   2.9059e+02
20260921_08:00:00   9.9229e-01   1.8310e+02   1.7936e+01   0.0000e+00   0.0000e+00   2.9189e+02
20260921_09:00:00   1.0114e+00   1.8551e+02   1.8020e+01   0.0000e+00   2.1900e-04   2.8946e+02
20260921_10:00:00   1.0104e+00   1.8597e+02   1.7516e+01   0.0000e+00   0.0000e+00   2.8959e+02
20260921_11:00:00   1.0438e+00   1.8951e+02   1.7773e+01   0.0000e+00   0.0000e+00   2.8917e+02
20260921_12:00:00   1.0222e+00   1.8755e+02   1.7007e+01   0.0000e+00   0.0000e+00   2.9017e+02
20260921_13:00:00   1.0333e+00   1.8847e+02   1.7048e+01   0.0000e+00   0.0000e+00   2.8970e+02
20260921_14:00:00   1.0160e+00   1.8674e+02   1.6423e+01   0.0000e+00   0.0000e+00   2.9014e+02
20260921_15:00:00   9.9851e-01   1.8490e+02   1.5800e+01   0.0000e+00   0.0000e+00   2.9059e+02
20260921_16:00:00   9.4779e-01   1.7938e+02   1.4889e+01   0.0000e+00   0.0000e+00   2.9112e+02
20260921_17:00:00   9.2063e-01   1.7618e+02   1.4436e+01   0.0000e+00   0.0000e+00   2.9021e+02
20260921_18:00:00   9.0074e-01   1.7378e+02   1.4093e+01   0.0000e+00   0.0000e+00   2.8986e+02
20260921_19:00:00   8.8949e-01   1.7229e+02   1.3913e+01   0.0000e+00   0.0000e+00   2.8916e+02
20260921_20:00:00   9.1101e-01   1.7461e+02   1.4191e+01   0.0000e+00   0.0000e+00   2.8993e+02
20260921_21:00:00   9.2055e-01   1.7568e+02   1.4242e+01   0.0000e+00   0.0000e+00   2.9120e+02
20260921_22:00:00   9.3071e-01   1.7688e+02   1.4298e+01   0.0000e+00   0.0000e+00   2.9295e+02
20260921_23:00:00   9.4826e-01   1.7894e+02   1.4420e+01   0.0000e+00   0.0000e+00   2.9303e+02
20260922_00:00:00   9.8139e-01   1.8269e+02   1.4864e+01   0.0000e+00   0.0000e+00   2.9391e+02
20260922_01:00:00   1.0319e+00   1.8811e+02   1.5605e+01   0.0000e+00   0.0000e+00   2.9393e+02
20260922_02:00:00   1.0672e+00   1.9187e+02   1.6226e+01   0.0000e+00   0.0000e+00   2.9372e+02
20260922_03:00:00   1.0672e+00   1.9221e+02   1.6372e+01   0.0000e+00   0.0000e+00   2.9261e+02
20260922_04:00:00   1.0674e+00   1.9247e+02   1.6491e+01   0.0000e+00   0.0000e+00   2.9048e+02
20260922_05:00:00   1.0671e+00   1.9267e+02   1.6564e+01   0.0000e+00   0.0000e+00   2.8901e+02
20260922_06:00:00   1.0456e+00   1.9080e+02   1.6377e+01   0.0000e+00   0.0000e+00   2.8859e+02
20260922_07:00:00   1.0568e+00   1.9205e+02   1.6584e+01   0.0000e+00   0.0000e+00   2.8845e+02
20260922_08:00:00   1.1021e+00   1.9646e+02   1.7233e+01   0.0000e+00   0.0000e+00   2.8737e+02
20260922_09:00:00   1.1164e+00   1.9785e+02   1.7418e+01   0.0000e+00   0.0000e+00   2.8764e+02
20260922_10:00:00   1.1640e+00   2.0209e+02   1.7965e+01   0.0000e+00   5.9680e-06   2.8711e+02
20260922_11:00:00   1.2251e+00   2.0722e+02   1.8775e+01   0.0000e+00   2.5020e-06   2.8698e+02
20260922_12:00:00   1.2334e+00   2.0782e+02   1.8944e+01   0.0000e+00   4.3604e-04   2.8807e+02
20260922_13:00:00   1.2706e+00   2.1080e+02   1.9434e+01   0.0000e+00   2.7845e-04   2.8894e+02
20260922_14:00:00   1.3240e+00   2.1469e+02   2.0302e+01   0.0000e+00   9.1258e-04   2.8949e+02
20260922_15:00:00   1.4176e+00   2.2114e+02   2.1454e+01   0.0000e+00   6.8018e-04   2.8955e+02
20260922_16:00:00   1.4157e+00   2.2059e+02   2.1382e+01   0.0000e+00   7.6625e-03   2.8959e+02
20260922_17:00:00   1.4246e+00   2.2095e+02   2.1451e+01   0.0000e+00   1.0097e-02   2.8828e+02
20260922_18:00:00   1.4350e+00   2.2158e+02   2.1463e+01   0.0000e+00   4.7634e-03   2.8823e+02
20260922_19:00:00   1.4233e+00   2.2076e+02   2.1102e+01   0.0000e+00   2.0717e-03   2.8728e+02
20260922_20:00:00   1.4526e+00   2.2256e+02   2.1286e+01   0.0000e+00   2.4019e-04   2.8694e+02
20260922_21:00:00   1.4988e+00   2.2518e+02   2.1956e+01   0.0000e+00   9.2634e-03   2.8658e+02
20260922_22:00:00   1.5199e+00   2.2634e+02   2.2243e+01   0.0000e+00   8.2558e-03   2.8668e+02
20260922_23:00:00   1.5103e+00   2.2575e+02   2.2191e+01   0.0000e+00   6.4507e-03   2.8680e+02
20260923_00:00:00   1.4374e+00   2.2139e+02   2.1202e+01   0.0000e+00   1.3365e-02   2.8662e+02
20260923_01:00:00   1.4080e+00   2.1964e+02   2.0975e+01   0.0000e+00   2.0373e-02   2.8657e+02
20260923_02:00:00   1.4250e+00   2.2111e+02   2.1346e+01   0.0000e+00   1.0746e-02   2.8627e+02
20260923_03:00:00   1.4912e+00   2.2571e+02   2.2445e+01   0.0000e+00   1.0969e-02   2.8668e+02
20260923_04:00:00   1.4567e+00   2.2392e+02   2.1972e+01   0.0000e+00   6.3945e-03   2.8730e+02
20260923_05:00:00   1.5024e+00   2.2706e+02   2.2656e+01   0.0000e+00   2.3910e-03   2.8768e+02
20260923_06:00:00   1.4799e+00   2.2562e+02   2.2531e+01   0.0000e+00   2.9216e-03   2.8768e+02
20260923_07:00:00   1.4761e+00   2.2537e+02   2.2241e+01   0.0000e+00   4.0049e-02   2.8731e+02
20260923_08:00:00   1.4262e+00   2.2189e+02   2.1556e+01   0.0000e+00   2.1589e-02   2.8824e+02
20260923_09:00:00   1.4153e+00   2.2091e+02   2.1633e+01   0.0000e+00   9.2903e-04   2.8838e+02
20260923_10:00:00   1.4343e+00   2.2191e+02   2.2098e+01   0.0000e+00   7.1440e-05   2.8775e+02
20260923_11:00:00   1.4168e+00   2.2055e+02   2.1908e+01   0.0000e+00   2.2900e-04   2.8774e+02
20260923_12:00:00   1.3078e+00   2.1296e+02   1.9864e+01   0.0000e+00   1.0436e-03   2.8779e+02
20260923_13:00:00   1.2661e+00   2.0974e+02   1.9120e+01   0.0000e+00   1.7296e-04   2.8748e+02
20260923_14:00:00   1.3322e+00   2.1464e+02   1.9988e+01   0.0000e+00   4.9680e-05   2.8704e+02
20260923_15:00:00   1.2678e+00   2.0965e+02   1.9077e+01   0.0000e+00   5.3020e-06   2.8756e+02
20260923_16:00:00   1.3164e+00   2.1325e+02   1.9662e+01   0.0000e+00   2.1200e-04   2.8735e+02
20260923_17:00:00   1.3453e+00   2.1522e+02   2.0214e+01   0.0000e+00   2.4879e-04   2.8763e+02
20260923_18:00:00   1.3473e+00   2.1541e+02   2.0164e+01   0.0000e+00   2.1120e-04   2.8794e+02
20260923_19:00:00   1.3981e+00   2.1896e+02   2.0773e+01   0.0000e+00   2.8980e-04   2.8622e+02
20260923_20:00:00   1.4263e+00   2.2092e+02   2.1087e+01   0.0000e+00   0.0000e+00   2.8555e+02
20260923_21:00:00   1.4710e+00   2.2383e+02   2.1583e+01   0.0000e+00   2.4228e-03   2.8483e+02
20260923_22:00:00   1.4838e+00   2.2457e+02   2.1734e+01   0.0000e+00   8.2402e-03   2.8451e+02
20260923_23:00:00   1.4845e+00   2.2464e+02   2.1759e+01   0.0000e+00   1.9829e-02   2.8422e+02
20260924_00:00:00   1.4404e+00   2.2201e+02   2.1359e+01   0.0000e+00   5.9701e-03   2.8494e+02
20260924_01:00:00   1.4495e+00   2.2272e+02   2.1830e+01   0.0000e+00   8.1657e-03   2.8520e+02
20260924_02:00:00   1.4273e+00   2.2138e+02   2.1935e+01   0.0000e+00   6.9621e-02   2.8521e+02
20260924_03:00:00   1.4405e+00   2.2245e+02   2.2368e+01   0.0000e+00   1.6605e-02   2.8528e+02
20260924_04:00:00   1.3841e+00   2.1891e+02   2.1583e+01   0.0000e+00   4.4505e-02   2.8511e+02
20260924_05:00:00   1.3844e+00   2.1919e+02   2.1587e+01   0.0000e+00   4.7196e-03   2.8407e+02
20260924_06:00:00   1.4506e+00   2.2354e+02   2.3024e+01   0.0000e+00   1.1942e-01   2.8337e+02
20260924_07:00:00   1.4835e+00   2.2573e+02   2.3417e+01   0.0000e+00   2.9181e-01   2.8287e+02
20260924_08:00:00   1.5001e+00   2.2684e+02   2.3678e+01   0.0000e+00   8.1553e-02   2.8192e+02
20260924_09:00:00   1.5263e+00   2.2817e+02   2.4156e+01   0.0000e+00   2.4781e-01   2.8095e+02
20260924_10:00:00   1.4401e+00   2.2278e+02   2.2953e+01   0.0000e+00   1.2094e-02   2.8099e+02
20260924_11:00:00   1.4804e+00   2.2516e+02   2.3695e+01   0.0000e+00   1.8192e-02   2.8044e+02
20260924_12:00:00   1.5045e+00   2.2636e+02   2.4269e+01   0.0000e+00   8.4281e-02   2.7963e+02
20260924_13:00:00   1.5408e+00   2.2838e+02   2.5026e+01   0.0000e+00   1.0870e-01   2.7955e+02
20260924_14:00:00   1.5612e+00   2.2956e+02   2.5192e+01   0.0000e+00   1.3312e-01   2.8058e+02
20260924_15:00:00   1.6091e+00   2.3213e+02   2.5997e+01   0.0000e+00   8.6878e-02   2.8031e+02
20260924_16:00:00   1.6876e+00   2.3634e+02   2.7139e+01   0.0000e+00   4.2655e-02   2.7991e+02
20260924_17:00:00   1.7758e+00   2.4048e+02   2.8454e+01   0.0000e+00   6.3901e-02   2.7908e+02
20260924_18:00:00   1.6825e+00   2.3575e+02   2.7360e+01   0.0000e+00   2.5609e-02   2.7930e+02
20260924_21:00:00   1.8530e+00   2.4314e+02   3.0362e+01   0.0000e+00   7.6108e-02   2.7980e+02
20260925_00:00:00   1.9859e+00   2.4842e+02   3.2352e+01   0.0000e+00   2.2188e-01   2.8131e+02
20260925_03:00:00   2.1084e+00   2.5383e+02   3.3963e+01   0.0000e+00   9.0367e-02   2.7934e+02
20260925_06:00:00   2.3179e+00   2.6092e+02   3.6870e+01   1.4958e-03   3.8814e-01   2.8195e+02
20260925_09:00:00   2.5518e+00   2.6652e+02   3.8293e+01   4.9473e-02   3.6202e-01   2.8417e+02
20260925_12:00:00   2.9636e+00   2.7292e+02   3.8165e+01   2.1719e-01   4.6710e-01   2.8865e+02
20260925_15:00:00   4.0109e+00   2.8127e+02   3.9017e+01   5.9706e-01   1.5500e-01   2.9123e+02
20260925_18:00:00   4.7326e+00   2.8336e+02   3.6726e+01   9.4825e-01   8.0957e-02   2.9353e+02
20260925_21:00:00   2.9341e+00   2.7071e+02   3.3881e+01   2.7697e-01   9.1132e-02   2.9747e+02
20260926_00:00:00   2.1473e+00   2.5356e+02   3.1202e+01   1.5201e-02   3.7378e-04   3.0024e+02
20260926_03:00:00   1.8746e+00   2.4415e+02   2.8221e+01   0.0000e+00   2.2875e-03   2.9898e+02
20260926_06:00:00   1.7679e+00   2.3998e+02   2.7015e+01   3.1100e-03   2.6600e-03   2.9723e+02
20260926_09:00:00   1.8069e+00   2.4179e+02   2.7531e+01   0.0000e+00   1.2863e-02   3.0139e+02
20260926_12:00:00   1.8190e+00   2.4219e+02   2.7496e+01   0.0000e+00   2.1910e-03   3.0841e+02
20260926_15:00:00   1.8857e+00   2.4510e+02   2.8238e+01   0.0000e+00   1.0729e-02   3.0656e+02
20260926_18:00:00   1.9311e+00   2.4673e+02   2.8916e+01   0.0000e+00   1.8257e-02   3.0293e+02
20260926_21:00:00   1.9520e+00   2.4741e+02   2.9180e+01   0.0000e+00   1.9638e-02   3.0507e+02
20260927_00:00:00   2.0712e+00   2.5185e+02   3.1384e+01   0.0000e+00   5.7251e-02   3.0451e+02
20260927_03:00:00   2.0993e+00   2.5355e+02   3.2140e+01   0.0000e+00   5.8724e-02   3.0975e+02
20260927_06:00:00   2.1359e+00   2.5562e+02   3.2158e+01   1.4836e-02   4.5734e-02   3.1231e+02
20260927_09:00:00   2.8683e+00   2.7319e+02   3.1947e+01   2.7328e-01   8.1780e-04   3.1345e+02
20260927_12:00:00   2.7180e+00   2.7034e+02   3.2314e+01   1.8741e-01   0.0000e+00   3.1174e+02
20260927_15:00:00   2.0862e+00   2.5404e+02   3.0051e+01   0.0000e+00   0.0000e+00   3.1679e+02
20260927_18:00:00   1.9576e+00   2.4873e+02   2.8213e+01   0.0000e+00   0.0000e+00   3.1047e+02
20260927_21:00:00   1.8446e+00   2.4340e+02   2.6924e+01   0.0000e+00   3.3026e-03   3.0726e+02
20260928_00:00:00   1.7100e+00   2.3668e+02   2.5632e+01   0.0000e+00   1.9062e-03   3.0889e+02
20260928_03:00:00   1.6047e+00   2.3193e+02   2.4841e+01   0.0000e+00   5.4061e-03   3.0488e+02
20260928_06:00:00   1.6910e+00   2.3731e+02   2.6492e+01   0.0000e+00   1.1496e-02   3.0061e+02
20260928_09:00:00   1.8342e+00   2.4445e+02   2.8213e+01   8.7260e-04   5.1678e-02   2.9936e+02
20260928_12:00:00   1.9035e+00   2.4729e+02   2.8280e+01   7.7180e-03   1.9633e-01   2.9751e+02
20260928_15:00:00   1.9797e+00   2.4976e+02   3.0028e+01   0.0000e+00   3.1264e-02   2.9685e+02
20260928_18:00:00   2.0215e+00   2.5068e+02   3.0366e+01   0.0000e+00   2.4056e-02   2.9596e+02
20260928_21:00:00   2.0680e+00   2.5205e+02   3.0734e+01   0.0000e+00   3.1862e-04   2.9535e+02
20260929_00:00:00   1.9897e+00   2.4928e+02   2.9570e+01   0.0000e+00   1.6228e-04   2.9415e+02
20260929_03:00:00   2.0019e+00   2.5068e+02   3.0140e+01   2.0260e-06   1.3018e-05   2.9386e+02
20260929_06:00:00   2.1414e+00   2.5627e+02   3.2062e+01   1.5208e-02   5.5485e-04   2.9404e+02
20260929_09:00:00   2.4284e+00   2.6422e+02   3.3443e+01   6.2358e-02   7.6564e-05   2.9384e+02
20260929_12:00:00   2.1262e+00   2.5542e+02   3.0774e+01   0.0000e+00   0.0000e+00   2.9470e+02
20260929_15:00:00   2.0225e+00   2.5173e+02   2.9123e+01   0.0000e+00   0.0000e+00   2.8969e+02
20260929_18:00:00   1.9402e+00   2.4830e+02   2.7921e+01   0.0000e+00   3.5058e-05   2.8914e+02
20260929_21:00:00   1.7489e+00   2.3980e+02   2.4913e+01   0.0000e+00   8.3616e-03   2.9099e+02
20260930_00:00:00   1.6571e+00   2.3523e+02   2.3581e+01   0.0000e+00   1.7360e-03   2.8840e+02
20260930_03:00:00   1.4338e+00   2.2266e+02   2.1327e+01   0.0000e+00   1.0488e-01   2.8792e+02
20260930_06:00:00   1.3525e+00   2.1750e+02   2.1063e+01   0.0000e+00   5.5420e-04   2.8485e+02
20260930_09:00:00   1.5244e+00   2.2889e+02   2.4011e+01   0.0000e+00   0.0000e+00   2.8367e+02
20260930_12:00:00   1.3883e+00   2.1925e+02   2.2452e+01   0.0000e+00   6.7020e-06   2.8233e+02
20260930_15:00:00   1.4779e+00   2.2457e+02   2.4162e+01   0.0000e+00   7.8880e-06   2.8099e+02
20260930_18:00:00   1.7106e+00   2.3694e+02   2.8606e+01   0.0000e+00   8.6654e-05   2.8066e+02
20260930_21:00:00   1.7733e+00   2.3934e+02   2.9933e+01   0.0000e+00   0.0000e+00   2.7995e+02
20261001_00:00:00   1.9120e+00   2.4586e+02   3.1831e+01   0.0000e+00   2.8500e-05   2.7970e+02
20261001_03:00:00   1.9655e+00   2.4884e+02   3.1990e+01   2.8043e-02   8.9020e-05   2.7805e+02
20261001_06:00:00   2.0966e+00   2.5469e+02   3.4699e+01   0.0000e+00   0.0000e+00   2.7906e+02
20261001_09:00:00   2.2200e+00   2.5819e+02   3.6194e+01   9.5280e-03   2.0698e-05   2.7817e+02
20261001_12:00:00   2.3845e+00   2.6233e+02   3.9067e+01   0.0000e+00   0.0000e+00   2.7831e+02
20261001_15:00:00   3.7186e+00   2.8156e+02   4.3036e+01   4.0079e-01   7.3225e-04   2.7759e+02
20261001_18:00:00   4.3047e+00   2.8480e+02   4.6800e+01   4.9254e-01   2.8646e-03   2.7610e+02
20261001_21:00:00   5.5071e+00   2.8647e+02   4.9868e+01   8.5459e-01   1.2088e-01   2.7627e+02
20261002_00:00:00   5.5340e+00   2.8716e+02   4.7574e+01   8.6573e-01   9.4105e-03   2.7708e+02
20261002_03:00:00   3.4988e+00   2.7901e+02   3.9590e+01   3.1870e-01   6.2320e-06   2.7762e+02
20261002_06:00:00   1.1518e+00   1.9712e+02   1.9888e+01   0.0000e+00   0.0000e+00   2.7900e+02
20261002_09:00:00   8.2372e-01   1.6069e+02   1.4303e+01   0.0000e+00   0.0000e+00   2.8233e+02
20261002_12:00:00   5.2538e-01   1.1761e+02   9.1102e+00   0.0000e+00   1.4363e-03   2.8583e+02
20261002_15:00:00   2.9630e-01   7.5896e+01   4.5830e+00   0.0000e+00   0.0000e+00   2.8584e+02
20261002_18:00:00   2.4510e-01   6.4726e+01   3.8004e+00   0.0000e+00   0.0000e+00   2.9150e+02
20261002_21:00:00   3.8290e-01   9.1434e+01   5.9543e+00   0.0000e+00   0.0000e+00   2.9739e+02
20261003_00:00:00   8.0459e-01   1.5438e+02   9.8479e+00   6.1464e-02   8.2868e-03   3.0216e+02
20261003_03:00:00   7.6284e-01   1.5039e+02   1.0898e+01   6.6779e-03   1.8437e-03   3.0378e+02
20261003_06:00:00   6.1012e-01   1.2891e+02   9.2222e+00   0.0000e+00   9.9280e-04   3.1394e+02
20261003_09:00:00   6.6541e-01   1.3702e+02   9.7375e+00   3.5620e-06   2.5166e-03   3.1748e+02
20261003_12:00:00   7.0818e-01   1.4263e+02   1.0204e+01   1.9678e-03   3.0901e-04   3.1735e+02
20261003_15:00:00   6.4654e-01   1.3420e+02   9.3954e+00   0.0000e+00   1.0614e-04   3.1741e+02
20261003_18:00:00   6.2479e-01   1.3117e+02   9.1903e+00   0.0000e+00   0.0000e+00   3.1423e+02
20261003_21:00:00   6.6632e-01   1.3740e+02   9.7347e+00   0.0000e+00   0.0000e+00   3.1993e+02
20261004_00:00:00   5.9798e-01   1.2802e+02   8.6591e+00   0.0000e+00   0.0000e+00   3.2253e+02
20261004_03:00:00   5.4205e-01   1.1950e+02   8.0596e+00   0.0000e+00   0.0000e+00   3.2260e+02
20261004_06:00:00   5.1954e-01   1.1607e+02   7.8746e+00   0.0000e+00   0.0000e+00   3.1944e+02
20261004_09:00:00   4.6376e-01   1.0664e+02   7.1079e+00   0.0000e+00   0.0000e+00   3.1438e+02
20261004_12:00:00   5.5616e-01   1.2151e+02   8.6518e+00   0.0000e+00   1.7894e-05   3.1066e+02
20261004_15:00:00   5.3084e-01   1.1741e+02   8.4376e+00   0.0000e+00   1.3586e-03   3.0957e+02
20261004_18:00:00   5.5941e-01   1.2193e+02   8.9902e+00   0.0000e+00   4.9740e-05   3.0637e+02
20261004_21:00:00   6.0725e-01   1.2926e+02   9.8430e+00   0.0000e+00   1.4798e-03   3.0373e+02
20261005_00:00:00   6.5568e-01   1.3669e+02   1.0572e+01   0.0000e+00   1.9090e-03   3.0170e+02
20261005_03:00:00   6.4682e-01   1.3652e+02   1.0335e+01   0.0000e+00   0.0000e+00   2.9715e+02
20261005_06:00:00   6.7176e-01   1.4092e+02   1.0848e+01   0.0000e+00   0.0000e+00   2.9377e+02
20261005_09:00:00   7.4744e-01   1.5179e+02   1.1715e+01   0.0000e+00   0.0000e+00   2.9053e+02
20261005_12:00:00   7.2654e-01   1.4893e+02   1.1511e+01   0.0000e+00   0.0000e+00   2.9015e+02
20261005_15:00:00   7.6655e-01   1.5373e+02   1.2355e+01   0.0000e+00   8.2980e-04   2.8762e+02
20261005_18:00:00   7.0887e-01   1.4569e+02   1.1694e+01   0.0000e+00   3.7378e-04   2.8402e+02
