#            date       tau255        Tb[K]      pwv[mm] lwp[kg*m^-2] iwp[kg*m^-2]       o3[DU]
20261007_06:00:00   7.2964e-01   1.4954e+02   1.1819e+01   0.0000e+00   0.0000e+00   3.0499e+02
20261007_07:00:00   7.6077e-01   1.5374e+02   1.2299e+01   0.0000e+00   0.0000e+00   3.0416e+02
20261007_08:00:00   7.8412e-01   1.5687e+02   1.2543e+01   0.0000e+00   0.0000e+00   3.0373e+02
20261007_09:00:00   8.0989e-01   1.6013e+02   1.2805e+01   0.0000e+00   0.0000e+00   3.0244e+02
20261007_10:00:00   7.8308e-01   1.5670e+02   1.2384e+01   0.0000e+00   0.0000e+00   3.0123e+02
20261007_11:00:00   7.1378e-01   1.4752e+02   1.1370e+01   0.0000e+00   0.0000e+00   3.0175e+02
20261007_12:00:00   6.6441e-01   1.4059e+02   1.0650e+01   0.0000e+00   0.0000e+00   3.0043e+02
20261007_13:00:00   6.5191e-01   1.3881e+02   1.0484e+01   0.0000e+00   0.0000e+00   2.9959e+02
20261007_14:00:00   6.5228e-01   1.3888e+02   1.0492e+01   0.0000e+00   0.0000e+00   2.9794e+02
20261007_15:00:00   6.5185e-01   1.3882e+02   1.0487e+01   0.0000e+00   0.0000e+00   2.9658e+02
20261007_16:00:00   6.6380e-01   1.4048e+02   1.0690e+01   0.0000e+00   0.0000e+00   2.9612e+02
20261007_17:00:00   6.9494e-01   1.4475e+02   1.1269e+01   0.0000e+00   0.0000e+00   2.9557e+02
20261007_18:00:00   7.2859e-01   1.4922e+02   1.1888e+01   0.0000e+00   0.0000e+00   2.9446e+02
20261007_19:00:00   7.5201e-01   1.5225e+02   1.2296e+01   0.0000e+00   0.0000e+00   2.9471e+02
20261007_20:00:00   7.8284e-01   1.5617e+02   1.2825e+01   0.0000e+00   0.0000e+00   2.9470e+02
20261007_21:00:00   8.0062e-01   1.5836e+02   1.3136e+01   0.0000e+00   0.0000e+00   2.9518e+02
20261007_22:00:00   8.0589e-01   1.5898e+02   1.3212e+01   0.0000e+00   0.0000e+00   2.9686e+02
20261007_23:00:00   8.1370e-01   1.5996e+02   1.3325e+01   0.0000e+00   0.0000e+00   2.9746e+02
20261008_00:00:00   8.2120e-01   1.6103e+02   1.3424e+01   0.0000e+00   0.0000e+00   2.9596e+02
20261008_01:00:00   8.2310e-01   1.6148e+02   1.3507e+01   0.0000e+00   0.0000e+00   2.9503e+02
20261008_02:00:00   8.3434e-01   1.6304e+02   1.3770e+01   0.0000e+00   0.0000e+00   2.9425e+02
20261008_03:00:00   8.4076e-01   1.6400e+02   1.3950e+01   0.0000e+00   0.0000e+00   2.9335e+02
20261008_04:00:00   8.3499e-01   1.6355e+02   1.3947e+01   0.0000e+00   0.0000e+00   2.9256e+02
20261008_05:00:00   8.2506e-01   1.6255e+02   1.3875e+01   0.0000e+00   0.0000e+00   2.9192e+02
20261008_06:00:00   8.3672e-01   1.6416e+02   1.4059e+01   0.0000e+00   0.0000e+00   2.9055e+02
20261008_07:00:00   8.6549e-01   1.6778e+02   1.4445e+01   0.0000e+00   0.0000e+00   2.8938e+02
20261008_08:00:00   9.0055e-01   1.7198e+02   1.4876e+01   0.0000e+00   0.0000e+00   2.8866e+02
20261008_09:00:00   9.2352e-01   1.7468e+02   1.5125e+01   0.0000e+00   0.0000e+00   2.8742e+02
20261008_10:00:00   9.3836e-01   1.7638e+02   1.5283e+01   0.0000e+00   0.0000e+00   2.8563e+02
20261008_11:00:00   9.4639e-01   1.7727e+02   1.5384e+01   0.0000e+00   0.0000e+00   2.8433e+02
20261008_12:00:00   9.4697e-01   1.7732e+02   1.5374e+01   0.0000e+00   0.0000e+00   2.8428e+02
20261008_13:00:00   9.4836e-01   1.7743e+02   1.5384e+01   0.0000e+00   0.0000e+00   2.8529e+02
20261008_14:00:00   9.4131e-01   1.7660e+02   1.5286e+01   0.0000e+00   0.0000e+00   2.8510e+02
20261008_15:00:00   9.3737e-01   1.7611e+02   1.5222e+01   0.0000e+00   0.0000e+00   2.8461e+02
20261008_16:00:00   9.3812e-01   1.7611e+02   1.5198e+01   0.0000e+00   0.0000e+00   2.8403e+02
20261008_17:00:00   9.3281e-01   1.7547e+02   1.5079e+01   0.0000e+00   0.0000e+00   2.8346e+02
20261008_18:00:00   9.3180e-01   1.7529e+02   1.5009e+01   0.0000e+00   0.0000e+00   2.8239e+02
20261008_19:00:00   9.3128e-01   1.7517e+02   1.4928e+01   0.0000e+00   0.0000e+00   2.8152e+02
20261008_20:00:00   9.1610e-01   1.7341e+02   1.4676e+01   0.0000e+00   0.0000e+00   2.8176e+02
20261008_21:00:00   8.9184e-01   1.7061e+02   1.4305e+01   0.0000e+00   0.0000e+00   2.8226e+02
20261008_22:00:00   8.8056e-01   1.6918e+02   1.4085e+01   0.0000e+00   0.0000e+00   2.8230e+02
20261008_23:00:00   8.6753e-01   1.6755e+02   1.3927e+01   0.0000e+00   1.5092e-05   2.8218e+02
20261009_00:00:00   8.4863e-01   1.6536e+02   1.3710e+01   0.0000e+00   2.7620e-04   2.8265e+02
20261009_01:00:00   8.3420e-01   1.6378e+02   1.3517e+01   0.0000e+00   2.3356e-03   2.8305e+02
20261009_02:00:00   8.2739e-01   1.6303e+02   1.3541e+01   0.0000e+00   1.5656e-02   2.8234e+02
20261009_03:00:00   8.2131e-01   1.6241e+02   1.3574e+01   0.0000e+00   7.8990e-03   2.8128e+02
20261009_04:00:00   8.1613e-01   1.6187e+02   1.3578e+01   0.0000e+00   3.0475e-03   2.8146e+02
20261009_05:00:00   7.9988e-01   1.5999e+02   1.3367e+01   0.0000e+00   1.9050e-04   2.8224e+02
20261009_06:00:00   8.1421e-01   1.6191e+02   1.3479e+01   0.0000e+00   4.5073e-02   2.8237e+02
20261009_07:00:00   8.6109e-01   1.6744e+02   1.4168e+01   0.0000e+00   1.0260e-01   2.8158e+02
20261009_08:00:00   8.5745e-01   1.6715e+02   1.4029e+01   0.0000e+00   8.9787e-04   2.8188e+02
20261009_09:00:00   8.5949e-01   1.6764e+02   1.3757e+01   0.0000e+00   0.0000e+00   2.8281e+02
20261009_10:00:00   8.7554e-01   1.6951e+02   1.3927e+01   0.0000e+00   0.0000e+00   2.8408e+02
20261009_11:00:00   8.7213e-01   1.6899e+02   1.3891e+01   0.0000e+00   6.2560e-07   2.8506e+02
20261009_12:00:00   8.4353e-01   1.6541e+02   1.3580e+01   0.0000e+00   2.8315e-04   2.8588e+02
20261009_13:00:00   8.5090e-01   1.6623e+02   1.3680e+01   0.0000e+00   0.0000e+00   2.8588e+02
20261009_14:00:00   8.5120e-01   1.6627e+02   1.3615e+01   0.0000e+00   0.0000e+00   2.8523e+02
20261009_15:00:00   8.6078e-01   1.6723e+02   1.3799e+01   0.0000e+00   0.0000e+00   2.8495e+02
20261009_16:00:00   8.8210e-01   1.6966e+02   1.4061e+01   0.0000e+00   0.0000e+00   2.8333e+02
20261009_17:00:00   8.8793e-01   1.7011e+02   1.4247e+01   0.0000e+00   0.0000e+00   2.8149e+02
20261009_18:00:00   9.0298e-01   1.7164e+02   1.4498e+01   0.0000e+00   0.0000e+00   2.8122e+02
20261009_19:00:00   9.1338e-01   1.7274e+02   1.4567e+01   0.0000e+00   0.0000e+00   2.8046e+02
20261009_20:00:00   9.0329e-01   1.7156e+02   1.4385e+01   0.0000e+00   0.0000e+00   2.8099e+02
20261009_21:00:00   8.8339e-01   1.6937e+02   1.3963e+01   0.0000e+00   0.0000e+00   2.8017e+02
20261009_22:00:00   8.5487e-01   1.6610e+02   1.3476e+01   0.0000e+00   0.0000e+00   2.7972e+02
20261009_23:00:00   8.5568e-01   1.6612e+02   1.3551e+01   0.0000e+00   0.0000e+00   2.7981e+02
20261010_00:00:00   8.3937e-01   1.6428e+02   1.3345e+01   0.0000e+00   0.0000e+00   2.8019e+02
20261010_01:00:00   8.3784e-01   1.6420e+02   1.3366e+01   0.0000e+00   0.0000e+00   2.8111e+02
20261010_02:00:00   8.1939e-01   1.6212e+02   1.3201e+01   0.0000e+00   0.0000e+00   2.8064e+02
20261010_03:00:00   8.3618e-01   1.6411e+02   1.3703e+01   0.0000e+00   4.7360e-04   2.8065e+02
20261010_04:00:00   8.4289e-01   1.6495e+02   1.3971e+01   0.0000e+00   9.0340e-04   2.8056e+02
20261010_05:00:00   8.7684e-01   1.6896e+02   1.4683e+01   0.0000e+00   2.1900e-04   2.7949e+02
20261010_06:00:00   8.8737e-01   1.7035e+02   1.4900e+01   0.0000e+00   4.0520e-06   2.7852e+02
20261010_07:00:00   8.8671e-01   1.7049e+02   1.4852e+01   0.0000e+00   0.0000e+00   2.7869e+02
20261010_08:00:00   8.7663e-01   1.6957e+02   1.4580e+01   0.0000e+00   0.0000e+00   2.7822e+02
20261010_09:00:00   8.7618e-01   1.6954e+02   1.4443e+01   0.0000e+00   0.0000e+00   2.7911e+02
20261010_10:00:00   9.4266e-01   1.7681e+02   1.5483e+01   0.0000e+00   0.0000e+00   2.7890e+02
20261010_11:00:00   9.6612e-01   1.7916e+02   1.5827e+01   0.0000e+00   0.0000e+00   2.7843e+02
20261010_12:00:00   9.5398e-01   1.7767e+02   1.5573e+01   0.0000e+00   1.1844e-05   2.7802e+02
20261010_13:00:00   9.3391e-01   1.7523e+02   1.5390e+01   0.0000e+00   1.5016e-06   2.7782e+02
20261010_14:00:00   9.3462e-01   1.7503e+02   1.5645e+01   0.0000e+00   3.7223e-04   2.7849e+02
20261010_15:00:00   9.3781e-01   1.7513e+02   1.5813e+01   0.0000e+00   1.1646e-02   2.7796e+02
20261010_16:00:00   9.5888e-01   1.7726e+02   1.6147e+01   0.0000e+00   6.0770e-03   2.7786e+02
20261010_17:00:00   9.5886e-01   1.7717e+02   1.6144e+01   0.0000e+00   1.5906e-02   2.7794e+02
20261010_18:00:00   9.2256e-01   1.7312e+02   1.5600e+01   0.0000e+00   3.0806e-03   2.7824e+02
20261010_19:00:00   9.5006e-01   1.7583e+02   1.6085e+01   0.0000e+00   1.2106e-02   2.7854e+02
20261010_20:00:00   9.6431e-01   1.7711e+02   1.6295e+01   0.0000e+00   4.7865e-02   2.7869e+02
20261010_21:00:00   9.2544e-01   1.7293e+02   1.5691e+01   0.0000e+00   2.1890e-02   2.7902e+02
20261010_22:00:00   9.0254e-01   1.7038e+02   1.5292e+01   0.0000e+00   9.8860e-03   2.8026e+02
20261010_23:00:00   9.2897e-01   1.7312e+02   1.5757e+01   0.0000e+00   1.4216e-02   2.8123e+02
20261011_00:00:00   9.4024e-01   1.7424e+02   1.6040e+01   0.0000e+00   3.4217e-02   2.8002e+02
20261011_01:00:00   9.0927e-01   1.7111e+02   1.5551e+01   0.0000e+00   7.6469e-03   2.7907e+02
20261011_02:00:00   8.7323e-01   1.6752e+02   1.4895e+01   0.0000e+00   2.8244e-04   2.8054e+02
20261011_03:00:00   8.9282e-01   1.7004e+02   1.5234e+01   0.0000e+00   1.4152e-03   2.8204e+02
20261011_04:00:00   9.1840e-01   1.7307e+02   1.5758e+01   0.0000e+00   1.0478e-03   2.8405e+02
20261011_05:00:00   9.1039e-01   1.7250e+02   1.5632e+01   0.0000e+00   1.7824e-05   2.8603e+02
20261011_06:00:00   9.3938e-01   1.7611e+02   1.6036e+01   0.0000e+00   0.0000e+00   2.8404e+02
20261011_07:00:00   9.8091e-01   1.8109e+02   1.6491e+01   0.0000e+00   0.0000e+00   2.8109e+02
20261011_08:00:00   1.0584e+00   1.8922e+02   1.7524e+01   1.4990e-04   0.0000e+00   2.8190e+02
20261011_09:00:00   1.1662e+00   1.9941e+02   1.8739e+01   6.1440e-03   0.0000e+00   2.8137e+02
20261011_10:00:00   1.3117e+00   2.1148e+02   2.0365e+01   1.0676e-02   0.0000e+00   2.8001e+02
20261011_11:00:00   1.5497e+00   2.2736e+02   2.1633e+01   5.8500e-02   0.0000e+00   2.7877e+02
20261011_12:00:00   1.8555e+00   2.4298e+02   2.2914e+01   1.3212e-01   0.0000e+00   2.7900e+02
20261011_13:00:00   1.9233e+00   2.4612e+02   2.3714e+01   1.3030e-01   0.0000e+00   2.8016e+02
20261011_14:00:00   1.9980e+00   2.4923e+02   2.4794e+01   1.2308e-01   0.0000e+00   2.7934e+02
20261011_15:00:00   2.4503e+00   2.6300e+02   2.6038e+01   2.6120e-01   0.0000e+00   2.7837e+02
20261011_16:00:00   2.5451e+00   2.6525e+02   2.6815e+01   2.7019e-01   0.0000e+00   2.7741e+02
20261011_17:00:00   2.5592e+00   2.6550e+02   2.7638e+01   2.4626e-01   0.0000e+00   2.7666e+02
20261011_18:00:00   2.6345e+00   2.6707e+02   2.7788e+01   2.6582e-01   0.0000e+00   2.7437e+02
20261011_19:00:00   2.6930e+00   2.6812e+02   2.8813e+01   2.5502e-01   0.0000e+00   2.7368e+02
20261011_20:00:00   2.6407e+00   2.6695e+02   2.8991e+01   2.2773e-01   0.0000e+00   2.7529e+02
20261011_21:00:00   2.4657e+00   2.6317e+02   2.8798e+01   1.6251e-01   5.3420e-06   2.7565e+02
20261011_22:00:00   2.3648e+00   2.6064e+02   2.8033e+01   1.4611e-01   5.0360e-04   2.7412e+02
20261011_23:00:00   2.5464e+00   2.6483e+02   2.8224e+01   2.1291e-01   1.7248e-03   2.7353e+02
20261012_00:00:00   2.4878e+00   2.6348e+02   2.8422e+01   1.8267e-01   1.9498e-03   2.7314e+02
20261012_01:00:00   2.2559e+00   2.5759e+02   2.8169e+01   1.0286e-01   4.6755e-03   2.7321e+02
20261012_02:00:00   2.1206e+00   2.5351e+02   2.8145e+01   5.4989e-02   1.7424e-02   2.7253e+02
20261012_03:00:00   2.1249e+00   2.5388e+02   2.7851e+01   7.3000e-02   2.0836e-02   2.7278e+02
20261012_04:00:00   2.0280e+00   2.5062e+02   2.8155e+01   2.6255e-02   2.7777e-02   2.7290e+02
20261012_05:00:00   2.3023e+00   2.5950e+02   2.9154e+01   1.0658e-01   7.8623e-03   2.7287e+02
20261012_06:00:00   2.5495e+00   2.6566e+02   2.9707e+01   1.8908e-01   5.9680e-03   2.7270e+02
20261012_09:00:00   2.6050e+00   2.6673e+02   3.4505e+01   8.9965e-02   1.6285e-02   2.7205e+02
20261012_12:00:00   3.0858e+00   2.7438e+02   3.8061e+01   2.0507e-01   6.2098e-02   2.7381e+02
20261012_15:00:00   4.2862e+00   2.8258e+02   4.0708e+01   5.9811e-01   1.7659e-01   2.7355e+02
20261012_18:00:00   4.9323e+00   2.8405e+02   4.1651e+01   8.1831e-01   3.9829e-01   2.7624e+02
20261012_21:00:00   5.1482e+00   2.8452e+02   3.9419e+01   9.7595e-01   1.9824e-01   2.7767e+02
20261013_00:00:00   4.1879e+00   2.8141e+02   3.6725e+01   6.5614e-01   2.1190e-01   2.7955e+02
20261013_03:00:00   3.8636e+00   2.7921e+02   3.2412e+01   6.7490e-01   1.5933e-01   2.7873e+02
20261013_06:00:00   2.0633e+00   2.5046e+02   2.7718e+01   6.1240e-02   3.9824e-02   2.7671e+02
20261013_09:00:00   1.7394e+00   2.3745e+02   2.5193e+01   0.0000e+00   3.1800e-05   2.7786e+02
20261013_12:00:00   1.5959e+00   2.2855e+02   2.3845e+01   0.0000e+00   2.0028e-03   2.7785e+02
20261013_15:00:00   1.4987e+00   2.2092e+02   2.2837e+01   1.0384e-02   2.4797e-02   2.7743e+02
20261013_18:00:00   1.2046e+00   1.9906e+02   1.8664e+01   0.0000e+00   6.5450e-05   2.7737e+02
20261013_21:00:00   5.1492e-01   1.1602e+02   8.1889e+00   0.0000e+00   0.0000e+00   2.8389e+02
20261014_00:00:00   3.7737e-01   9.1584e+01   5.9009e+00   0.0000e+00   0.0000e+00   2.8694e+02
20261014_03:00:00   3.1196e-01   7.9121e+01   4.6934e+00   0.0000e+00   0.0000e+00   2.9061e+02
20261014_06:00:00   4.1446e-01   9.9069e+01   6.3258e+00   0.0000e+00   0.0000e+00   2.9117e+02
20261014_09:00:00   4.4594e-01   1.0450e+02   6.9066e+00   0.0000e+00   0.0000e+00   2.8994e+02
20261014_12:00:00   5.1290e-01   1.1588e+02   7.9409e+00   0.0000e+00   0.0000e+00   2.9031e+02
20261014_15:00:00   5.4997e-01   1.2193e+02   8.4213e+00   0.0000e+00   0.0000e+00   2.8936e+02
20261014_18:00:00   5.3872e-01   1.1983e+02   8.3284e+00   0.0000e+00   0.0000e+00   2.9066e+02
20261014_21:00:00   5.1624e-01   1.1556e+02   8.2159e+00   0.0000e+00   2.4519e-02   2.9151e+02
20261015_00:00:00   5.5191e-01   1.2079e+02   9.0039e+00   0.0000e+00   1.6204e-06   2.9713e+02
20261015_03:00:00   5.4361e-01   1.1959e+02   9.1477e+00   0.0000e+00   2.4096e-03   2.9558e+02
20261015_06:00:00   6.1332e-01   1.3010e+02   1.0589e+01   0.0000e+00   8.0586e-04   2.9454e+02
20261015_09:00:00   5.7505e-01   1.2548e+02   9.4342e+00   0.0000e+00   1.2374e-04   2.9172e+02
20261015_12:00:00   7.2219e-01   1.4680e+02   1.1769e+01   0.0000e+00   2.3483e-03   2.9076e+02
20261015_15:00:00   7.8804e-01   1.5542e+02   1.2790e+01   0.0000e+00   1.0245e-04   2.9080e+02
20261015_18:00:00   8.9855e-01   1.6830e+02   1.4571e+01   0.0000e+00   1.1268e-02   2.8993e+02
20261015_21:00:00   9.9782e-01   1.7899e+02   1.6042e+01   0.0000e+00   3.3700e-05   2.8595e+02
20261016_00:00:00   1.1170e+00   1.9072e+02   1.7867e+01   0.0000e+00   1.3404e-02   2.8473e+02
20261016_03:00:00   1.2823e+00   2.0468e+02   2.0983e+01   0.0000e+00   5.5079e-04   2.8260e+02
20261016_06:00:00   1.3905e+00   2.1292e+02   2.3117e+01   0.0000e+00   3.0024e-03   2.8350e+02
20261016_09:00:00   1.4902e+00   2.1995e+02   2.4729e+01   0.0000e+00   4.3608e-02   2.8266e+02
20261016_12:00:00   1.5425e+00   2.2341e+02   2.5497e+01   0.0000e+00   3.8200e-02   2.8122e+02
20261016_15:00:00   1.5134e+00   2.2181e+02   2.4866e+01   0.0000e+00   3.2160e-02   2.8060e+02
20261016_18:00:00   1.4181e+00   2.1592e+02   2.3159e+01   0.0000e+00   2.5413e-02   2.8104e+02
20261016_21:00:00   1.3631e+00   2.1200e+02   2.2239e+01   0.0000e+00   1.9230e-02   2.8365e+02
20261017_00:00:00   1.1877e+00   1.9863e+02   1.9492e+01   0.0000e+00   4.7617e-02   2.8494e+02
20261017_03:00:00   1.0962e+00   1.9099e+02   1.8254e+01   0.0000e+00   6.3198e-03   2.8730e+02
20261017_06:00:00   9.7456e-01   1.7903e+02   1.6638e+01   0.0000e+00   2.3025e-03   2.8667e+02
20261017_09:00:00   9.3828e-01   1.7523e+02   1.5843e+01   0.0000e+00   1.3946e-02   2.8769e+02
20261017_12:00:00   1.0446e+00   1.8609e+02   1.7363e+01   0.0000e+00   3.4265e-02   2.8648e+02
20261017_15:00:00   1.1624e+00   1.9722e+02   1.8692e+01   1.4178e-05   6.6954e-03   2.8691e+02
20261017_18:00:00   1.3029e+00   2.0819e+02   2.0841e+01   1.9706e-03   1.7141e-03   2.8394e+02
20261017_21:00:00   1.3490e+00   2.1081e+02   2.1697e+01   6.6800e-03   2.1758e-02   2.8091e+02
20261018_00:00:00   1.4401e+00   2.1683e+02   2.3381e+01   6.8020e-04   6.4262e-02   2.8050e+02
20261018_03:00:00   1.6332e+00   2.2852e+02   2.6088e+01   2.9340e-03   4.9763e-01   2.8077e+02
20261018_06:00:00   1.9588e+00   2.4321e+02   2.4468e+01   1.8621e-01   7.3936e-02   2.8045e+02
20261018_09:00:00   1.4119e+00   2.1596e+02   2.2466e+01   0.0000e+00   4.6120e-06   2.8116e+02
20261018_12:00:00   1.2352e+00   2.0316e+02   1.9560e+01   0.0000e+00   2.0322e-03   2.8208e+02
20261018_15:00:00   1.1391e+00   1.9535e+02   1.7929e+01   0.0000e+00   3.8177e-03   2.8011e+02
20261018_18:00:00   1.1495e+00   1.9630e+02   1.7824e+01   0.0000e+00   8.5380e-04   2.7857e+02
20261018_21:00:00   1.0920e+00   1.9120e+02   1.6842e+01   0.0000e+00   0.0000e+00   2.7883e+02
20261019_00:00:00   1.0094e+00   1.8314e+02   1.5697e+01   0.0000e+00   0.0000e+00   2.8191e+02
20261019_03:00:00   9.2769e-01   1.7516e+02   1.4763e+01   0.0000e+00   0.0000e+00   2.8069e+02
20261019_06:00:00   8.8296e-01   1.7053e+02   1.4368e+01   0.0000e+00   4.4327e-04   2.7880e+02
20261019_09:00:00   9.0387e-01   1.7289e+02   1.4866e+01   0.0000e+00   0.0000e+00   2.7583e+02
20261019_12:00:00   9.7117e-01   1.7999e+02   1.5967e+01   0.0000e+00   8.1580e-06   2.7511e+02
20261019_15:00:00   1.0047e+00   1.8309e+02   1.6537e+01   0.0000e+00   2.1861e-03   2.7497e+02
20261019_18:00:00   1.0255e+00   1.8485e+02   1.6723e+01   0.0000e+00   0.0000e+00   2.7425e+02
20261019_21:00:00   9.8874e-01   1.8080e+02   1.6124e+01   0.0000e+00   0.0000e+00   2.7560e+02
20261020_00:00:00   1.0178e+00   1.8341e+02   1.6785e+01   0.0000e+00   7.0695e-04   2.7511e+02
20261020_03:00:00   9.9278e-01   1.8141e+02   1.6480e+01   0.0000e+00   1.3938e-03   2.7585e+02
20261020_06:00:00   1.0498e+00   1.8690e+02   1.7868e+01   0.0000e+00   3.8770e-03   2.7308e+02
20261020_09:00:00   1.1968e+00   1.9973e+02   2.0308e+01   0.0000e+00   2.0771e-01   2.7399e+02
20261020_12:00:00   1.4508e+00   2.1893e+02   2.3609e+01   2.3081e-03   2.5670e-01   2.7410e+02
20261020_15:00:00   1.5256e+00   2.2332e+02   2.2229e+01   5.2620e-02   4.0368e-02   2.7623e+02
20261020_18:00:00   1.7331e+00   2.3437e+02   2.3806e+01   7.5830e-02   5.3670e-03   2.7689e+02
20261020_21:00:00   1.6498e+00   2.3021e+02   2.3560e+01   3.7643e-02   3.7447e-04   2.7561e+02
20261021_00:00:00   1.5237e+00   2.2345e+02   2.3010e+01   2.2480e-04   1.3836e-05   2.7537e+02
20261021_03:00:00   1.4387e+00   2.1902e+02   2.1578e+01   0.0000e+00   0.0000e+00   2.7720e+02
20261021_06:00:00   1.4261e+00   2.1924e+02   2.0975e+01   0.0000e+00   0.0000e+00   2.7775e+02
20261021_09:00:00   1.1569e+00   1.9884e+02   1.7254e+01   0.0000e+00   9.5980e-05   2.8026e+02
20261021_12:00:00   9.7394e-01   1.8046e+02   1.5039e+01   0.0000e+00   0.0000e+00   2.7907e+02
20261021_15:00:00   1.0088e+00   1.8342e+02   1.5661e+01   0.0000e+00   4.0520e-06   2.7687e+02
20261021_18:00:00   1.1984e+00   2.0057e+02   1.7863e+01   0.0000e+00   0.0000e+00   2.7747e+02
20261021_21:00:00   1.2408e+00   2.0326e+02   1.8149e+01   0.0000e+00   0.0000e+00   2.7775e+02
20261022_00:00:00   1.1936e+00   1.9910e+02   1.7429e+01   0.0000e+00   5.0478e-04   2.7921e+02
20261022_03:00:00   1.2439e+00   2.0378e+02   1.8199e+01   3.5360e-03   4.6017e-03   2.7635e+02
20261022_06:00:00   1.2547e+00   2.0486e+02   1.9141e+01   2.7100e-04   2.1725e-03   2.7617e+02
20261022_09:00:00   1.3907e+00   2.1402e+02   2.0217e+01   2.8340e-02   1.9275e-03   2.7436e+02
20261022_12:00:00   1.2256e+00   2.0068e+02   1.8817e+01   0.0000e+00   1.3026e-03   2.7456e+02
20261022_15:00:00   1.1720e+00   1.9569e+02   1.8157e+01   0.0000e+00   3.2038e-04   2.7391e+02
20261022_18:00:00   1.0773e+00   1.8712e+02   1.6899e+01   0.0000e+00   0.0000e+00   2.7111e+02
20261022_21:00:00   1.1330e+00   1.9185e+02   1.7920e+01   0.0000e+00   1.2960e-03   2.7178e+02
20261023_00:00:00   1.2624e+00   2.0248e+02   2.0247e+01   0.0000e+00   4.6720e-05   2.7317e+02
20261023_03:00:00   1.4473e+00   2.1601e+02   2.3371e+01   1.8630e-04   3.0181e-03   2.7260e+02
20261023_06:00:00   1.6855e+00   2.3120e+02   2.6550e+01   0.0000e+00   9.5914e-04   2.6958e+02
