#            date       tau255        Tb[K]      pwv[mm] lwp[kg*m^-2] iwp[kg*m^-2]       o3[DU]
20260812_00:00:00   1.4402e+00   2.2277e+02   2.3146e+01   0.0000e+00   0.0000e+00   3.0966e+02
20260812_01:00:00   1.5506e+00   2.3036e+02   2.4686e+01   0.0000e+00   0.0000e+00   3.0867e+02
20260812_02:00:00   1.6576e+00   2.3716e+02   2.6116e+01   0.0000e+00   0.0000e+00   3.0838e+02
20260812_03:00:00   1.7763e+00   2.4387e+02   2.7396e+01   0.0000e+00   0.0000e+00   3.0706e+02
20260812_04:00:00   1.8435e+00   2.4796e+02   2.8337e+01   0.0000e+00   0.0000e+00   3.0323e+02
20260812_05:00:00   2.0133e+00   2.5576e+02   3.0655e+01   0.0000e+00   0.0000e+00   3.0072e+02
20260812_06:00:00   2.2521e+00   2.6433e+02   3.3817e+01   1.0352e-04   0.0000e+00   2.9900e+02
20260812_07:00:00   2.4145e+00   2.6925e+02   3.5995e+01   7.3180e-04   0.0000e+00   2.9828e+02
20260812_08:00:00   2.5305e+00   2.7224e+02   3.7193e+01   6.6420e-03   0.0000e+00   2.9721e+02
20260812_09:00:00   2.5894e+00   2.7331e+02   3.7824e+01   3.4020e-03   1.7370e-04   2.9705e+02
20260812_10:00:00   2.6300e+00   2.7357e+02   3.8410e+01   0.0000e+00   0.0000e+00   2.9635e+02
20260812_11:00:00   2.6376e+00   2.7320e+02   3.8299e+01   0.0000e+00   1.0338e-04   2.9589e+02
20260812_12:00:00   2.5990e+00   2.7182e+02   3.7683e+01   2.5380e-04   6.5820e-04   2.9561e+02
20260812_13:00:00   2.3482e+00   2.6561e+02   3.4757e+01   0.0000e+00   1.7808e-06   2.9666e+02
20260812_14:00:00   2.2834e+00   2.6352e+02   3.3544e+01   0.0000e+00   1.6832e-05   2.9717e+02
20260812_15:00:00   2.3820e+00   2.6598e+02   3.4242e+01   1.8574e-03   0.0000e+00   2.9865e+02
20260812_16:00:00   2.2811e+00   2.6319e+02   3.3217e+01   0.0000e+00   1.9366e-04   3.0074e+02
20260812_17:00:00   2.2196e+00   2.6122e+02   3.2634e+01   0.0000e+00   2.2358e-03   3.0293e+02
20260812_18:00:00   2.1611e+00   2.5906e+02   3.1783e+01   0.0000e+00   4.6260e-03   3.0225e+02
20260812_19:00:00   2.0738e+00   2.5601e+02   3.0610e+01   0.0000e+00   5.1698e-03   3.0049e+02
20260812_20:00:00   2.0584e+00   2.5547e+02   3.0398e+01   0.0000e+00   6.7774e-03   2.9983e+02
20260812_21:00:00   2.1647e+00   2.5914e+02   3.1655e+01   0.0000e+00   1.5340e-02   3.0070e+02
20260812_22:00:00   2.2545e+00   2.6193e+02   3.2969e+01   0.0000e+00   3.0952e-02   3.0214e+02
20260812_23:00:00   2.3243e+00   2.6401e+02   3.3956e+01   0.0000e+00   3.9340e-02   3.0195e+02
20260813_00:00:00   2.3219e+00   2.6427e+02   3.4164e+01   0.0000e+00   1.0183e-01   3.0143e+02
20260813_01:00:00   2.3672e+00   2.6577e+02   3.4848e+01   0.0000e+00   1.8844e-01   2.9964e+02
20260813_02:00:00   2.3922e+00   2.6670e+02   3.5360e+01   1.1530e-05   1.8639e-01   2.9602e+02
20260813_03:00:00   2.4206e+00   2.6780e+02   3.5868e+01   0.0000e+00   4.7263e-02   2.9475e+02
20260813_04:00:00   2.5057e+00   2.7040e+02   3.7177e+01   0.0000e+00   4.3241e-02   2.9506e+02
20260813_05:00:00   2.5892e+00   2.7274e+02   3.8694e+01   0.0000e+00   6.6672e-02   2.9621e+02
20260813_06:00:00   2.7375e+00   2.7608e+02   4.0655e+01   6.1160e-03   3.5575e-02   2.9553e+02
20260813_07:00:00   2.9660e+00   2.8042e+02   4.2146e+01   5.2760e-02   3.4429e-02   2.9539e+02
20260813_08:00:00   3.0655e+00   2.8194e+02   4.3215e+01   6.5660e-02   2.4333e-02   2.9492e+02
20260813_09:00:00   3.0256e+00   2.8123e+02   4.4575e+01   1.7574e-02   4.1299e-02   2.9271e+02
20260813_10:00:00   3.0902e+00   2.8172e+02   4.6195e+01   1.7220e-03   2.4791e-02   2.9207e+02
20260813_11:00:00   3.1367e+00   2.8193e+02   4.7027e+01   0.0000e+00   2.6353e-02   2.9142e+02
20260813_12:00:00   3.1292e+00   2.8147e+02   4.7256e+01   0.0000e+00   5.5972e-03   2.9070e+02
20260813_13:00:00   3.1357e+00   2.8123e+02   4.7558e+01   0.0000e+00   1.0531e-02   2.9196e+02
20260813_14:00:00   3.1166e+00   2.8077e+02   4.7361e+01   0.0000e+00   6.8799e-03   2.9330e+02
20260813_15:00:00   3.1787e+00   2.8127e+02   4.8287e+01   0.0000e+00   5.0066e-03   2.9338e+02
20260813_16:00:00   3.2444e+00   2.8181e+02   4.9041e+01   0.0000e+00   5.8877e-02   2.9322e+02
20260813_17:00:00   3.3025e+00   2.8233e+02   4.9748e+01   0.0000e+00   5.0249e-02   2.9133e+02
20260813_18:00:00   3.3646e+00   2.8281e+02   5.0416e+01   0.0000e+00   6.8029e-02   2.9038e+02
20260813_19:00:00   3.4442e+00   2.8340e+02   5.1305e+01   0.0000e+00   4.7443e-03   2.9068e+02
20260813_20:00:00   3.4649e+00   2.8356e+02   5.1691e+01   0.0000e+00   8.9468e-03   2.9242e+02
20260813_21:00:00   3.4683e+00   2.8363e+02   5.1795e+01   7.4800e-05   1.4004e-02   2.9434e+02
20260813_22:00:00   3.5264e+00   2.8407e+02   5.2279e+01   7.0780e-04   2.9006e-03   2.9449e+02
20260813_23:00:00   3.6286e+00   2.8494e+02   5.2794e+01   1.9178e-02   2.7528e-03   2.9570e+02
20260814_00:00:00   3.6866e+00   2.8569e+02   5.3152e+01   3.0809e-02   2.1650e-03   2.9408e+02
20260814_01:00:00   3.6613e+00   2.8603e+02   5.3646e+01   5.4543e-03   2.7944e-04   2.9413e+02
20260814_02:00:00   3.6730e+00   2.8676e+02   5.3822e+01   9.6855e-03   7.0041e-05   2.9462e+02
20260814_03:00:00   3.7359e+00   2.8777e+02   5.4291e+01   1.9142e-02   1.0562e-03   2.9424e+02
20260814_04:00:00   3.8554e+00   2.8874e+02   5.4662e+01   4.5908e-02   3.0747e-03   2.9483e+02
20260814_05:00:00   3.9832e+00   2.8969e+02   5.4410e+01   9.2104e-02   5.0800e-05   2.9476e+02
20260814_06:00:00   3.8262e+00   2.8877e+02   5.4499e+01   2.5681e-02   8.0620e-05   2.9483e+02
20260814_07:00:00   3.6984e+00   2.8809e+02   5.3684e+01   7.9080e-05   7.3180e-04   2.9519e+02
20260814_08:00:00   3.6419e+00   2.8786e+02   5.2842e+01   2.6800e-03   0.0000e+00   2.9642e+02
20260814_09:00:00   3.5565e+00   2.8717e+02   5.2014e+01   2.8580e-04   1.5188e-04   2.9568e+02
20260814_10:00:00   3.5154e+00   2.8663e+02   5.1627e+01   0.0000e+00   3.5840e-04   2.9528e+02
20260814_11:00:00   3.4862e+00   2.8625e+02   5.1251e+01   0.0000e+00   4.5280e-06   2.9657e+02
20260814_12:00:00   3.4505e+00   2.8578e+02   5.0791e+01   0.0000e+00   6.2560e-07   2.9702e+02
20260814_13:00:00   3.4026e+00   2.8515e+02   5.0013e+01   0.0000e+00   2.0260e-06   2.9819e+02
20260814_14:00:00   3.3535e+00   2.8449e+02   4.9388e+01   0.0000e+00   1.2514e-06   2.9871e+02
20260814_15:00:00   3.3616e+00   2.8431e+02   4.9566e+01   0.0000e+00   1.9312e-05   2.9881e+02
20260814_16:00:00   3.3925e+00   2.8427e+02   5.0208e+01   0.0000e+00   6.0314e-04   2.9885e+02
20260814_17:00:00   3.5044e+00   2.8500e+02   5.1694e+01   7.0785e-03   2.3433e-03   2.9780e+02
20260814_18:00:00   3.6526e+00   2.8588e+02   5.1978e+01   6.6940e-02   2.1399e-03   2.9773e+02
20260814_19:00:00   3.8437e+00   2.8690e+02   5.1936e+01   1.5226e-01   9.1013e-03   2.9790e+02
20260814_20:00:00   3.7033e+00   2.8590e+02   5.1892e+01   9.9240e-02   1.1934e-02   2.9711e+02
20260814_21:00:00   3.6330e+00   2.8531e+02   5.1505e+01   8.5254e-02   3.1643e-02   2.9629e+02
20260814_22:00:00   3.4667e+00   2.8398e+02   5.1625e+01   6.2229e-03   1.2571e-02   2.9687e+02
20260814_23:00:00   3.4941e+00   2.8431e+02   5.1781e+01   1.2594e-02   9.3136e-03   2.9753e+02
20260815_00:00:00   3.5915e+00   2.8530e+02   5.2989e+01   1.4854e-02   2.8027e-02   2.9744e+02
20260815_01:00:00   3.6352e+00   2.8608e+02   5.3228e+01   2.9664e-02   1.4542e-02   2.9697e+02
20260815_02:00:00   3.5751e+00   2.8609e+02   5.3195e+01   6.1600e-03   1.7117e-02   2.9726e+02
20260815_03:00:00   3.5506e+00   2.8653e+02   5.3055e+01   3.1992e-03   6.5634e-03   2.9649e+02
20260815_04:00:00   3.6190e+00   2.8755e+02   5.3927e+01   1.2042e-02   2.2738e-02   2.9672e+02
20260815_05:00:00   3.7452e+00   2.8844e+02   5.5312e+01   1.7203e-02   1.4966e-02   2.9727e+02
20260815_06:00:00   3.7123e+00   2.8848e+02   5.5161e+01   9.5284e-03   2.6962e-03   2.9884e+02
20260815_07:00:00   3.7786e+00   2.8905e+02   5.6158e+01   6.0817e-03   2.1105e-03   2.9976e+02
20260815_08:00:00   3.8444e+00   2.8953e+02   5.6810e+01   7.3228e-03   2.0951e-03   3.0000e+02
20260815_09:00:00   3.9209e+00   2.8965e+02   5.7486e+01   1.3130e-02   8.6487e-04   2.9939e+02
20260815_10:00:00   3.8227e+00   2.8882e+02   5.6429e+01   1.5430e-02   1.1989e-03   2.9880e+02
20260815_11:00:00   3.4662e+00   2.8585e+02   5.2594e+01   6.7398e-03   4.6369e-03   2.9846e+02
20260815_12:00:00   3.1687e+00   2.8255e+02   4.9037e+01   7.0758e-03   4.7059e-03   2.9947e+02
20260815_13:00:00   3.1337e+00   2.8196e+02   4.8568e+01   4.7207e-03   2.8840e-03   2.9952e+02
20260815_14:00:00   3.2458e+00   2.8319e+02   5.0237e+01   3.6260e-04   6.8397e-04   2.9919e+02
20260815_15:00:00   3.3558e+00   2.8421e+02   5.1619e+01   2.3060e-05   7.3932e-04   2.9909e+02
20260815_16:00:00   3.5077e+00   2.8544e+02   5.3486e+01   7.1917e-04   2.6236e-03   2.9880e+02
20260815_17:00:00   3.7009e+00   2.8689e+02   5.5665e+01   9.5860e-04   3.6330e-03   2.9819e+02
20260815_18:00:00   3.7937e+00   2.8738e+02   5.6224e+01   1.0582e-02   8.2997e-03   2.9810e+02
20260815_19:00:00   3.8148e+00   2.8736e+02   5.5206e+01   4.4818e-02   1.4109e-02   2.9842e+02
20260815_20:00:00   3.8880e+00   2.8773e+02   5.5821e+01   5.1535e-02   9.3213e-03   2.9944e+02
20260815_21:00:00   3.7957e+00   2.8713e+02   5.5809e+01   1.3539e-02   2.0916e-02   2.9872e+02
20260815_22:00:00   3.6188e+00   2.8583e+02   5.4080e+01   0.0000e+00   3.4100e-02   2.9672e+02
20260815_23:00:00   3.5769e+00   2.8541e+02   5.3769e+01   2.5195e-04   7.7683e-02   2.9529e+02
20260816_00:00:00   3.6069e+00   2.8568e+02   5.4267e+01   1.5960e-02   1.8993e-01   2.9425e+02
20260816_01:00:00   4.1422e+00   2.8875e+02   5.7888e+01   1.1590e-01   2.9046e-01   2.9297e+02
20260816_02:00:00   5.0826e+00   2.9131e+02   5.9304e+01   4.5137e-01   2.9632e-01   2.9369e+02
20260816_03:00:00   5.5258e+00   2.9187e+02   5.9712e+01   6.1950e-01   1.3372e-01   2.9400e+02
20260816_04:00:00   4.8507e+00   2.9053e+02   5.7648e+01   4.2640e-01   7.6194e-01   2.9539e+02
20260816_05:00:00   4.7270e+00   2.8997e+02   5.8495e+01   3.5208e-01   3.6370e-01   2.9478e+02
20260816_06:00:00   5.7844e+00   2.9194e+02   5.8401e+01   7.8468e-01   6.5236e-02   2.9424e+02
20260816_07:00:00   7.0390e+00   2.9266e+02   6.2005e+01   1.1467e+00   1.1702e-01   2.9230e+02
20260816_08:00:00   9.1317e+00   2.9274e+02   6.3765e+01   1.8840e+00   3.6380e-01   2.9139e+02
20260816_09:00:00   7.3869e+00   2.9246e+02   6.4881e+01   1.1304e+00   5.1231e-01   2.9174e+02
20260816_10:00:00   6.4315e+00   2.9176e+02   6.5530e+01   7.4433e-01   7.1107e-01   2.9100e+02
20260816_11:00:00   8.8777e+00   2.9203e+02   6.7103e+01   1.6763e+00   1.0046e+00   2.9154e+02
20260816_12:00:00   8.8512e+00   2.9224e+02   6.7316e+01   1.6230e+00   3.0714e-01   2.9457e+02
20260816_13:00:00   8.0522e+00   2.9230e+02   6.7375e+01   1.3192e+00   9.5721e-01   2.9509e+02
20260816_14:00:00   6.3251e+00   2.9182e+02   6.6679e+01   6.5338e-01   1.0827e+00   2.9536e+02
20260816_15:00:00   5.0746e+00   2.9055e+02   6.4781e+01   2.4935e-01   3.0439e-01   2.9600e+02
20260816_16:00:00   5.3881e+00   2.9109e+02   6.5091e+01   3.4092e-01   3.9768e-02   2.9695e+02
20260816_17:00:00   9.7087e+00   2.9246e+02   6.6853e+01   1.9735e+00   6.2810e-01   2.9768e+02
20260816_18:00:00   5.9875e+00   2.9131e+02   6.4040e+01   5.8548e-01   7.3795e-01   2.9913e+02
20260816_19:00:00   6.0798e+00   2.9185e+02   6.3863e+01   6.1322e-01   7.5577e-02   3.0238e+02
20260816_20:00:00   5.7383e+00   2.9216e+02   6.0946e+01   5.2645e-01   0.0000e+00   3.0531e+02
20260816_21:00:00   5.7312e+00   2.9227e+02   6.0766e+01   5.1349e-01   8.2747e-03   3.0549e+02
20260816_22:00:00   4.7548e+00   2.9040e+02   5.9495e+01   1.9285e-01   1.2996e-02   3.0678e+02
20260816_23:00:00   4.3988e+00   2.8933e+02   5.6727e+01   1.2665e-01   4.4117e-03   3.0806e+02
20260817_00:00:00   3.9347e+00   2.8730e+02   5.2801e+01   6.0958e-02   1.7756e-03   3.0885e+02
20260817_03:00:00   3.7795e+00   2.8759e+02   4.9891e+01   6.5744e-02   1.1530e-05   3.1044e+02
20260817_06:00:00   3.4648e+00   2.8532e+02   4.8602e+01   4.9260e-04   1.9984e-03   3.0818e+02
20260817_09:00:00   3.3213e+00   2.8372e+02   4.5848e+01   2.2048e-04   3.2138e-03   3.1177e+02
20260817_12:00:00   2.8888e+00   2.7764e+02   4.0052e+01   1.9616e-03   0.0000e+00   3.1843e+02
20260817_15:00:00   2.6364e+00   2.7273e+02   3.7535e+01   0.0000e+00   0.0000e+00   3.2152e+02
20260817_18:00:00   2.7692e+00   2.7499e+02   3.8757e+01   1.7996e-03   0.0000e+00   3.1635e+02
20260817_21:00:00   2.6892e+00   2.7349e+02   3.8011e+01   0.0000e+00   7.0960e-04   3.1277e+02
20260818_00:00:00   2.5078e+00   2.7035e+02   3.5071e+01   7.9334e-04   0.0000e+00   3.1081e+02
20260818_03:00:00   2.3129e+00   2.6678e+02   3.3277e+01   0.0000e+00   0.0000e+00   3.0882e+02
20260818_06:00:00   2.2002e+00   2.6423e+02   3.1457e+01   0.0000e+00   3.0247e-04   3.0806e+02
20260818_09:00:00   1.9813e+00   2.5635e+02   2.9234e+01   0.0000e+00   4.6262e-03   3.0945e+02
20260818_12:00:00   1.9566e+00   2.5468e+02   2.8825e+01   0.0000e+00   1.2326e-02   3.0855e+02
20260818_15:00:00   1.8468e+00   2.4970e+02   2.7441e+01   0.0000e+00   4.8940e-04   3.0752e+02
20260818_18:00:00   2.2207e+00   2.6297e+02   3.4057e+01   0.0000e+00   3.2723e-02   3.0402e+02
20260818_21:00:00   2.8196e+00   2.7644e+02   4.3381e+01   0.0000e+00   9.2206e-02   3.0017e+02
20260819_00:00:00   3.7189e+00   2.8652e+02   5.4290e+01   3.5720e-02   1.2838e-01   2.9555e+02
20260819_03:00:00   4.8034e+00   2.9085e+02   5.7402e+01   3.7417e-01   1.2507e-01   2.9448e+02
20260819_06:00:00   4.8839e+00   2.9139e+02   5.7734e+01   3.9101e-01   2.4420e-01   2.9424e+02
20260819_09:00:00   5.7396e+00   2.9260e+02   5.9306e+01   6.9822e-01   1.1047e-01   2.9502e+02
20260819_12:00:00   4.3059e+00   2.8989e+02   5.9174e+01   1.1542e-01   3.4291e-01   2.9352e+02
20260819_15:00:00   3.8367e+00   2.8764e+02   5.6971e+01   6.9460e-04   7.8907e-02   2.9278e+02
20260819_18:00:00   3.8371e+00   2.8764e+02   5.7088e+01   0.0000e+00   7.5405e-02   2.9147e+02
20260819_21:00:00   3.9735e+00   2.8831e+02   5.6875e+01   3.9300e-02   1.7409e-01   2.9002e+02
20260820_00:00:00   3.7664e+00   2.8719e+02   5.4968e+01   2.7075e-03   8.4731e-02   2.9061e+02
20260820_03:00:00   3.6009e+00   2.8790e+02   5.2790e+01   0.0000e+00   3.7384e-02   2.8905e+02
20260820_06:00:00   4.4735e+00   2.9386e+02   5.1173e+01   3.4585e-01   2.9369e-04   2.9136e+02
20260820_09:00:00   3.2464e+00   2.8322e+02   4.9566e+01   1.1121e-02   3.2592e-01   2.9138e+02
20260820_12:00:00   3.3618e+00   2.8379e+02   5.0930e+01   1.4994e-02   9.7350e-02   2.9084e+02
20260820_15:00:00   5.8525e+00   2.9285e+02   6.0868e+01   6.4307e-01   4.3703e-01   2.8928e+02
20260820_18:00:00   5.3104e+00   2.9211e+02   6.2266e+01   3.9372e-01   4.1087e-01   2.8349e+02
20260820_21:00:00   4.2793e+00   2.8959e+02   6.1019e+01   4.7583e-02   2.5180e-02   2.8431e+02
20260821_00:00:00   4.2874e+00   2.8992e+02   6.2386e+01   5.5787e-03   8.5881e-02   2.8411e+02
20260821_03:00:00   4.3272e+00   2.9075e+02   6.3275e+01   3.6509e-04   3.2875e-01   2.8306e+02
20260821_06:00:00   4.7000e+00   2.9253e+02   6.6102e+01   4.9592e-02   4.9161e-01   2.8116e+02
20260821_09:00:00   5.0892e+00   2.9298e+02   6.6514e+01   2.1580e-01   5.0922e-01   2.7968e+02
20260821_12:00:00   9.6497e+00   2.9424e+02   7.0968e+01   1.8432e+00   6.0287e-01   2.8019e+02
20260821_15:00:00   5.7899e+00   2.9387e+02   6.9354e+01   3.6120e-01   2.4318e-01   2.8082e+02
20260821_18:00:00   4.4927e+00   2.9176e+02   6.3739e+01   2.9132e-02   1.1812e-04   2.8179e+02
20260821_21:00:00   4.1495e+00   2.9039e+02   6.0207e+01   0.0000e+00   8.7600e-06   2.8232e+02
20260822_00:00:00   3.9153e+00   2.8979e+02   5.7246e+01   0.0000e+00   4.4732e-03   2.8341e+02
20260822_03:00:00   4.2759e+00   2.9344e+02   6.1805e+01   5.1380e-03   1.8712e-04   2.8205e+02
20260822_06:00:00   6.9086e+00   2.9693e+02   6.8611e+01   8.3986e-01   2.0162e-02   2.8065e+02
20260822_09:00:00   5.7682e+00   2.9593e+02   6.8785e+01   3.5142e-01   3.1634e-04   2.7942e+02
20260822_12:00:00   5.0173e+00   2.9477e+02   6.7881e+01   7.2448e-02   8.5840e-04   2.7986e+02
20260822_15:00:00   4.5509e+00   2.9312e+02   6.3349e+01   7.2975e-03   0.0000e+00   2.8191e+02
20260822_18:00:00   4.4026e+00   2.9180e+02   6.1471e+01   3.0868e-03   0.0000e+00   2.8083e+02
20260822_21:00:00   4.4157e+00   2.9138e+02   6.1798e+01   2.0260e-06   0.0000e+00   2.8212e+02
20260823_00:00:00   4.4442e+00   2.9184e+02   6.2453e+01   1.2829e-03   2.5036e-04   2.8474e+02
20260823_03:00:00   4.9235e+00   2.9394e+02   6.5215e+01   7.5428e-02   1.4656e-04   2.8371e+02
20260823_06:00:00   4.5984e+00   2.9355e+02   6.2282e+01   3.6775e-02   0.0000e+00   2.7974e+02
20260823_09:00:00   4.1678e+00   2.9168e+02   5.7954e+01   4.6340e-04   0.0000e+00   2.8118e+02
20260823_12:00:00   4.0179e+00   2.9048e+02   5.5805e+01   1.3104e-04   0.0000e+00   2.8392e+02
20260823_15:00:00   4.0234e+00   2.9010e+02   5.5661e+01   1.1664e-03   1.1070e-05   2.8690e+02
20260823_18:00:00   3.9878e+00   2.8934e+02   5.5147e+01   1.4491e-02   2.6570e-03   2.8537e+02
20260823_21:00:00   3.7958e+00   2.8774e+02   5.3019e+01   2.7815e-02   4.3140e-04   2.8581e+02
20260824_00:00:00   3.4726e+00   2.8535e+02   5.0407e+01   2.1947e-03   2.2637e-03   2.8744e+02
20260824_03:00:00   3.3440e+00   2.8550e+02   4.9451e+01   8.0406e-03   3.3416e-03   2.8669e+02
20260824_06:00:00   3.5254e+00   2.8808e+02   5.1345e+01   2.6141e-02   2.9177e-03   2.8700e+02
20260824_09:00:00   3.5967e+00   2.8863e+02   5.3095e+01   0.0000e+00   4.4876e-03   2.8698e+02
20260824_12:00:00   3.6519e+00   2.8847e+02   5.3309e+01   0.0000e+00   3.9719e-04   2.8509e+02
20260824_15:00:00   3.6145e+00   2.8791e+02   5.3055e+01   0.0000e+00   4.8276e-04   2.8692e+02
20260824_18:00:00   3.6601e+00   2.8758e+02   5.3149e+01   0.0000e+00   0.0000e+00   2.8482e+02
20260824_21:00:00   3.5221e+00   2.8591e+02   5.1550e+01   0.0000e+00   0.0000e+00   2.8445e+02
20260825_00:00:00   3.5695e+00   2.8667e+02   5.1637e+01   0.0000e+00   0.0000e+00   2.8436e+02
20260825_03:00:00   3.6167e+00   2.8911e+02   5.1126e+01   1.1782e-02   0.0000e+00   2.8290e+02
20260825_06:00:00   3.8588e+00   2.9184e+02   5.0418e+01   1.1864e-01   0.0000e+00   2.8140e+02
20260825_09:00:00   3.4079e+00   2.8755e+02   4.8925e+01   7.2300e-05   0.0000e+00   2.8249e+02
20260825_12:00:00   3.5915e+00   2.8782e+02   5.1134e+01   0.0000e+00   0.0000e+00   2.8248e+02
20260825_15:00:00   3.6705e+00   2.8774e+02   5.2361e+01   0.0000e+00   0.0000e+00   2.8202e+02
20260825_18:00:00   3.8336e+00   2.8825e+02   5.3861e+01   1.4154e-03   0.0000e+00   2.7937e+02
20260825_21:00:00   4.0630e+00   2.8929e+02   5.7603e+01   1.1910e-03   0.0000e+00   2.7806e+02
20260826_00:00:00   3.9383e+00   2.8928e+02   5.6779e+01   0.0000e+00   0.0000e+00   2.7926e+02
20260826_03:00:00   3.9207e+00   2.9123e+02   5.7594e+01   7.9980e-05   1.6634e-04   2.7852e+02
20260826_06:00:00   3.9842e+00   2.9316e+02   5.5184e+01   9.7323e-02   1.8892e-03   2.7763e+02
20260826_09:00:00   4.0387e+00   2.9260e+02   6.0049e+01   2.5324e-03   4.2206e-02   2.7855e+02
20260826_12:00:00   3.8369e+00   2.9006e+02   5.7925e+01   0.0000e+00   1.8645e-02   2.8154e+02
20260826_15:00:00   6.7527e+00   2.9501e+02   6.1378e+01   1.1166e+00   1.8176e-01   2.8017e+02
20260826_18:00:00   5.1531e+00   2.9329e+02   6.3012e+01   3.9331e-01   6.2895e-01   2.7855e+02
20260826_21:00:00   6.1632e+00   2.9255e+02   6.8549e+01   5.7813e-01   1.1242e+00   2.7926e+02
20260827_00:00:00   7.4476e+00   2.9306e+02   6.4012e+01   1.2093e+00   1.6242e-01   2.8078e+02
20260827_03:00:00   4.7546e+00   2.9075e+02   5.9608e+01   2.5286e-01   1.2330e-03   2.8592e+02
20260827_06:00:00   3.4363e+00   2.8280e+02   5.2201e+01   8.4210e-04   1.0272e-03   2.9205e+02
20260827_09:00:00   2.1939e+00   2.5669e+02   3.5733e+01   4.9005e-03   3.8111e-01   2.9371e+02
20260827_12:00:00   1.6386e+00   2.3241e+02   2.6368e+01   0.0000e+00   2.6888e-01   2.9530e+02
20260827_15:00:00   1.4648e+00   2.2152e+02   2.2900e+01   5.1820e-04   1.8088e-01   2.9731e+02
20260827_18:00:00   1.3692e+00   2.1492e+02   2.0361e+01   0.0000e+00   1.9173e-01   3.0104e+02
20260827_21:00:00   1.1309e+00   1.9522e+02   1.6456e+01   0.0000e+00   2.2958e-02   3.0789e+02
20260828_00:00:00   1.0624e+00   1.8885e+02   1.5658e+01   0.0000e+00   2.0343e-01   3.0579e+02
