#            date       tau255        Tb[K]      pwv[mm] lwp[kg*m^-2] iwp[kg*m^-2]       o3[DU]
20260822_06:00:00   5.2318e+00   2.9131e+02   5.9734e+01   4.6169e-01   7.9546e-01   2.8654e+02
20260822_07:00:00   5.1086e+00   2.9135e+02   5.8460e+01   4.7306e-01   8.0003e-01   2.8846e+02
20260822_08:00:00   3.9097e+00   2.8741e+02   5.5955e+01   3.9790e-02   4.5782e-01   2.9172e+02
20260822_09:00:00   3.8138e+00   2.8711e+02   5.5804e+01   0.0000e+00   1.2417e-01   2.9215e+02
20260822_10:00:00   3.9070e+00   2.8780e+02   5.6649e+01   0.0000e+00   1.0488e-03   2.9061e+02
20260822_11:00:00   3.9381e+00   2.8824e+02   5.6582e+01   0.0000e+00   4.8560e-04   2.9077e+02
20260822_12:00:00   3.9990e+00   2.8868e+02   5.7139e+01   5.7660e-05   1.3965e-04   2.9093e+02
20260822_13:00:00   4.0303e+00   2.8887e+02   5.7352e+01   0.0000e+00   4.2242e-04   2.8917e+02
20260822_14:00:00   3.9886e+00   2.8883e+02   5.6824e+01   0.0000e+00   0.0000e+00   2.8749e+02
20260822_15:00:00   3.9412e+00   2.8869e+02   5.5973e+01   0.0000e+00   0.0000e+00   2.8856e+02
20260822_16:00:00   3.8952e+00   2.8853e+02   5.5343e+01   0.0000e+00   0.0000e+00   2.8969e+02
20260822_17:00:00   3.9007e+00   2.8859e+02   5.5362e+01   0.0000e+00   6.3420e-05   2.9023e+02
20260822_18:00:00   3.8588e+00   2.8838e+02   5.4755e+01   0.0000e+00   0.0000e+00   2.9100e+02
20260822_19:00:00   3.8124e+00   2.8807e+02   5.4095e+01   0.0000e+00   0.0000e+00   2.9065e+02
20260822_20:00:00   3.8345e+00   2.8813e+02   5.4543e+01   0.0000e+00   0.0000e+00   2.8941e+02
20260822_21:00:00   3.8383e+00   2.8821e+02   5.5146e+01   0.0000e+00   1.2434e-04   2.8810e+02
20260822_22:00:00   3.8122e+00   2.8807e+02   5.5096e+01   0.0000e+00   9.6740e-04   2.8772e+02
20260822_23:00:00   3.7489e+00   2.8780e+02   5.4611e+01   0.0000e+00   2.7003e-03   2.8804e+02
20260823_00:00:00   3.7057e+00   2.8770e+02   5.4260e+01   0.0000e+00   1.3992e-03   2.9036e+02
20260823_01:00:00   3.6116e+00   2.8755e+02   5.3256e+01   0.0000e+00   1.4432e-03   2.9082e+02
20260823_02:00:00   3.5414e+00   2.8763e+02   5.2321e+01   0.0000e+00   2.1602e-03   2.8974e+02
20260823_03:00:00   3.4723e+00   2.8763e+02   5.1399e+01   0.0000e+00   5.7489e-04   2.8896e+02
20260823_04:00:00   3.3565e+00   2.8701e+02   5.0101e+01   0.0000e+00   6.6330e-04   2.8880e+02
20260823_05:00:00   3.2868e+00   2.8665e+02   4.9397e+01   0.0000e+00   4.1781e-03   2.8823e+02
20260823_06:00:00   3.2344e+00   2.8622e+02   4.8873e+01   0.0000e+00   1.7726e-02   2.8807e+02
20260823_07:00:00   3.2210e+00   2.8592e+02   4.8875e+01   0.0000e+00   5.3543e-02   2.8735e+02
20260823_08:00:00   3.2267e+00   2.8568e+02   4.8883e+01   0.0000e+00   4.6712e-02   2.8643e+02
20260823_09:00:00   3.2179e+00   2.8523e+02   4.8739e+01   0.0000e+00   1.3126e-02   2.8618e+02
20260823_10:00:00   3.2243e+00   2.8494e+02   4.8857e+01   0.0000e+00   1.4818e-03   2.8638e+02
20260823_11:00:00   3.2336e+00   2.8479e+02   4.8897e+01   0.0000e+00   9.7008e-04   2.8768e+02
20260823_12:00:00   3.1546e+00   2.8372e+02   4.7953e+01   0.0000e+00   3.1856e-03   2.8987e+02
20260823_13:00:00   3.0404e+00   2.8212e+02   4.6553e+01   0.0000e+00   1.1227e-02   2.9119e+02
20260823_14:00:00   2.9930e+00   2.8134e+02   4.5842e+01   0.0000e+00   7.7014e-03   2.8941e+02
20260823_15:00:00   3.0025e+00   2.8134e+02   4.5731e+01   0.0000e+00   1.6004e-02   2.8921e+02
20260823_16:00:00   3.0227e+00   2.8150e+02   4.5763e+01   0.0000e+00   1.7668e-02   2.8931e+02
20260823_17:00:00   3.0663e+00   2.8200e+02   4.6134e+01   0.0000e+00   1.5534e-02   2.8978e+02
20260823_18:00:00   3.1958e+00   2.8358e+02   4.7168e+01   0.0000e+00   4.8267e-03   2.8901e+02
20260823_19:00:00   3.3186e+00   2.8491e+02   4.8011e+01   0.0000e+00   2.1856e-04   2.8872e+02
20260823_20:00:00   3.3774e+00   2.8537e+02   4.8308e+01   0.0000e+00   2.3480e-04   2.9093e+02
20260823_21:00:00   3.3587e+00   2.8500e+02   4.8269e+01   0.0000e+00   4.3920e-05   2.9106e+02
20260823_22:00:00   3.2352e+00   2.8356e+02   4.6862e+01   0.0000e+00   0.0000e+00   2.9008e+02
20260823_23:00:00   3.1339e+00   2.8238e+02   4.5432e+01   0.0000e+00   6.8123e-04   2.9079e+02
20260824_00:00:00   3.1019e+00   2.8226e+02   4.4860e+01   2.5020e-07   9.7263e-05   2.9169e+02
20260824_01:00:00   3.1022e+00   2.8271e+02   4.5024e+01   1.3516e-04   3.5359e-04   2.9171e+02
20260824_02:00:00   3.1089e+00   2.8327e+02   4.5571e+01   2.5804e-04   5.5936e-04   2.9006e+02
20260824_03:00:00   3.1886e+00   2.8460e+02   4.6632e+01   6.4500e-03   1.2442e-03   2.8975e+02
20260824_04:00:00   3.1571e+00   2.8426e+02   4.6821e+01   1.9926e-04   1.8147e-03   2.8910e+02
20260824_05:00:00   3.1365e+00   2.8402e+02   4.6879e+01   0.0000e+00   3.6833e-03   2.9025e+02
20260824_06:00:00   3.0708e+00   2.8308e+02   4.6278e+01   0.0000e+00   4.5193e-03   2.9042e+02
20260824_07:00:00   3.1095e+00   2.8347e+02   4.6704e+01   0.0000e+00   5.5986e-03   2.9149e+02
20260824_08:00:00   3.1116e+00   2.8331e+02   4.6663e+01   0.0000e+00   2.7340e-03   2.9062e+02
20260824_09:00:00   3.1325e+00   2.8356e+02   4.6498e+01   0.0000e+00   2.2305e-03   2.8894e+02
20260824_10:00:00   3.1123e+00   2.8312e+02   4.6414e+01   0.0000e+00   1.3192e-03   2.8952e+02
20260824_11:00:00   3.2208e+00   2.8429e+02   4.8979e+01   0.0000e+00   1.2550e-02   2.8885e+02
20260824_12:00:00   3.2894e+00   2.8490e+02   5.0928e+01   1.3634e-04   8.9187e-02   2.8909e+02
20260824_13:00:00   3.5768e+00   2.8725e+02   5.3761e+01   1.0035e-02   3.0626e-02   2.9080e+02
20260824_14:00:00   3.4545e+00   2.8626e+02   5.1552e+01   5.6500e-03   5.2625e-03   2.9309e+02
20260824_15:00:00   3.3824e+00   2.8557e+02   4.9454e+01   0.0000e+00   1.5699e-03   2.9539e+02
20260824_16:00:00   3.3774e+00   2.8537e+02   4.8582e+01   0.0000e+00   9.1554e-04   2.9752e+02
20260824_17:00:00   3.3429e+00   2.8492e+02   4.7529e+01   0.0000e+00   9.0087e-04   2.9825e+02
20260824_18:00:00   3.2720e+00   2.8411e+02   4.6445e+01   0.0000e+00   5.8566e-04   2.9770e+02
20260824_19:00:00   3.2575e+00   2.8389e+02   4.6062e+01   0.0000e+00   1.6688e-04   2.9762e+02
20260824_20:00:00   3.2231e+00   2.8348e+02   4.5953e+01   0.0000e+00   6.5540e-06   2.9857e+02
20260824_21:00:00   3.3320e+00   2.8451e+02   4.7734e+01   0.0000e+00   0.0000e+00   2.9821e+02
20260824_22:00:00   3.3846e+00   2.8502e+02   4.8771e+01   0.0000e+00   0.0000e+00   2.9772e+02
20260824_23:00:00   3.4001e+00   2.8530e+02   4.8965e+01   0.0000e+00   0.0000e+00   2.9744e+02
20260825_00:00:00   3.3796e+00   2.8544e+02   4.8928e+01   0.0000e+00   1.1379e-04   2.9687e+02
20260825_01:00:00   3.4273e+00   2.8641e+02   4.9791e+01   0.0000e+00   4.0520e-06   2.9559e+02
20260825_02:00:00   3.4204e+00   2.8687e+02   4.9640e+01   6.4830e-05   0.0000e+00   2.9569e+02
20260825_03:00:00   3.2571e+00   2.8580e+02   4.7905e+01   0.0000e+00   0.0000e+00   2.9596e+02
20260825_04:00:00   3.3245e+00   2.8697e+02   4.9269e+01   1.0012e-05   1.1542e-03   2.9622e+02
20260825_05:00:00   3.2554e+00   2.8666e+02   4.8836e+01   0.0000e+00   3.2556e-03   2.9687e+02
20260825_06:00:00   3.2222e+00   2.8641e+02   4.8614e+01   0.0000e+00   4.3276e-03   2.9493e+02
20260825_07:00:00   3.1849e+00   2.8585e+02   4.8165e+01   0.0000e+00   1.0696e-02   2.9406e+02
20260825_08:00:00   3.0429e+00   2.8356e+02   4.6227e+01   0.0000e+00   3.9370e-03   2.9521e+02
20260825_09:00:00   2.8853e+00   2.8074e+02   4.4309e+01   0.0000e+00   1.5582e-05   2.9425e+02
20260825_10:00:00   2.8358e+00   2.7935e+02   4.3672e+01   0.0000e+00   7.1240e-06   2.9383e+02
20260825_11:00:00   2.7187e+00   2.7674e+02   4.2381e+01   0.0000e+00   3.7540e-06   2.9481e+02
20260825_12:00:00   2.6172e+00   2.7432e+02   4.0925e+01   0.0000e+00   8.4320e-03   2.9529e+02
20260825_13:00:00   2.6009e+00   2.7369e+02   4.0669e+01   0.0000e+00   1.8312e-02   2.9448e+02
20260825_14:00:00   2.7787e+00   2.7682e+02   4.2935e+01   0.0000e+00   2.0546e-01   2.9303e+02
20260825_15:00:00   2.8249e+00   2.7754e+02   4.3621e+01   0.0000e+00   1.6195e-02   2.9338e+02
20260825_16:00:00   2.8545e+00   2.7782e+02   4.4362e+01   0.0000e+00   3.0600e-03   2.9284e+02
20260825_17:00:00   2.8467e+00   2.7756e+02   4.4471e+01   0.0000e+00   7.8673e-04   2.9170e+02
20260825_18:00:00   2.8884e+00   2.7802e+02   4.4778e+01   0.0000e+00   1.7720e-03   2.9069e+02
20260825_19:00:00   2.9677e+00   2.7902e+02   4.5819e+01   0.0000e+00   2.3251e-03   2.9170e+02
20260825_20:00:00   3.0031e+00   2.7944e+02   4.6127e+01   0.0000e+00   6.7407e-03   2.9293e+02
20260825_21:00:00   3.1847e+00   2.8160e+02   4.8502e+01   0.0000e+00   5.4965e-02   2.9238e+02
20260825_22:00:00   3.2925e+00   2.8282e+02   4.9643e+01   1.3836e-04   3.1943e-02   2.9546e+02
20260825_23:00:00   3.4198e+00   2.8427e+02   5.1310e+01   6.7961e-04   2.8647e-03   2.9614e+02
20260826_00:00:00   3.4924e+00   2.8532e+02   5.2188e+01   2.2791e-03   7.8686e-02   2.9805e+02
20260826_01:00:00   3.5362e+00   2.8608e+02   5.2316e+01   3.6832e-04   3.5193e-02   3.0129e+02
20260826_02:00:00   3.3542e+00   2.8501e+02   4.9300e+01   1.2255e-03   2.2085e-03   3.0379e+02
20260826_03:00:00   3.2731e+00   2.8478e+02   4.7089e+01   5.2407e-03   2.7828e-04   3.0341e+02
20260826_04:00:00   3.2103e+00   2.8451e+02   4.5447e+01   3.3660e-03   2.3550e-04   3.0323e+02
20260826_05:00:00   3.2524e+00   2.8516e+02   4.5563e+01   4.3700e-03   8.9580e-05   3.0274e+02
20260826_06:00:00   3.1470e+00   2.8401e+02   4.3250e+01   1.4058e-02   0.0000e+00   3.0210e+02
20260826_07:00:00   3.0299e+00   2.8240e+02   4.1598e+01   1.4475e-03   1.5884e-05   3.0226e+02
20260826_08:00:00   2.9493e+00   2.8124e+02   3.9955e+01   3.9022e-03   0.0000e+00   2.9988e+02
20260826_09:00:00   2.8938e+00   2.8024e+02   3.9259e+01   0.0000e+00   2.1962e-04   2.9813e+02
20260826_10:00:00   2.9112e+00   2.8029e+02   3.9650e+01   0.0000e+00   9.2463e-04   2.9767e+02
20260826_11:00:00   3.0050e+00   2.8139e+02   4.0831e+01   0.0000e+00   7.1191e-04   2.9746e+02
20260826_12:00:00   2.9112e+00   2.7992e+02   3.9612e+01   0.0000e+00   5.3269e-03   2.9828e+02
20260826_13:00:00   2.9377e+00   2.8018e+02   4.0064e+01   3.7880e-04   4.9251e-03   2.9770e+02
20260826_14:00:00   2.8747e+00   2.7912e+02   3.9396e+01   0.0000e+00   2.1488e-02   2.9760e+02
20260826_15:00:00   2.9103e+00   2.7947e+02   3.9989e+01   0.0000e+00   2.3892e-01   2.9806e+02
20260826_16:00:00   2.9738e+00   2.8018e+02   4.0685e+01   5.6720e-06   3.6961e-02   2.9723e+02
20260826_17:00:00   2.8318e+00   2.7796e+02   3.8779e+01   0.0000e+00   3.0310e-02   2.9694e+02
20260826_18:00:00   2.7294e+00   2.7599e+02   3.7486e+01   0.0000e+00   9.7101e-02   2.9671e+02
20260826_19:00:00   2.7864e+00   2.7690e+02   3.8811e+01   0.0000e+00   8.7258e-02   2.9825e+02
20260826_20:00:00   2.7494e+00   2.7627e+02   3.8679e+01   0.0000e+00   8.7246e-03   2.9739e+02
20260826_21:00:00   2.8532e+00   2.7790e+02   4.0608e+01   0.0000e+00   2.5584e-02   2.9440e+02
20260826_22:00:00   2.9715e+00   2.7962e+02   4.2529e+01   0.0000e+00   2.0316e-02   2.9401e+02
20260826_23:00:00   3.1878e+00   2.8246e+02   4.5080e+01   0.0000e+00   1.6196e-03   2.9534e+02
20260827_00:00:00   3.1431e+00   2.8234e+02   4.5036e+01   2.0860e-04   5.8738e-03   2.9520e+02
20260827_01:00:00   3.2540e+00   2.8408e+02   4.7144e+01   1.3546e-03   1.6706e-02   2.9499e+02
20260827_02:00:00   3.2949e+00   2.8512e+02   4.9056e+01   0.0000e+00   3.1498e-02   2.9613e+02
20260827_03:00:00   3.4241e+00   2.8689e+02   5.0557e+01   9.9138e-03   4.8903e-02   2.9590e+02
20260827_04:00:00   3.4132e+00   2.8722e+02   5.0997e+01   8.0278e-03   7.4989e-02   2.9682e+02
20260827_05:00:00   3.4173e+00   2.8758e+02   5.1453e+01   1.0736e-03   2.4715e-02   2.9624e+02
20260827_06:00:00   3.4360e+00   2.8803e+02   5.0989e+01   1.6920e-02   2.8813e-02   2.9483e+02
20260827_09:00:00   3.1344e+00   2.8418e+02   4.7202e+01   4.9280e-05   9.9562e-04   2.9323e+02
20260827_12:00:00   3.3130e+00   2.8560e+02   4.9792e+01   0.0000e+00   4.7025e-02   2.9335e+02
20260827_15:00:00   3.5432e+00   2.8682e+02   5.3983e+01   0.0000e+00   1.5097e-01   2.9314e+02
20260827_18:00:00   3.2577e+00   2.8348e+02   4.9095e+01   0.0000e+00   2.1198e-02   2.8952e+02
20260827_21:00:00   3.3403e+00   2.8341e+02   5.1028e+01   0.0000e+00   3.9280e-02   2.9059e+02
20260828_00:00:00   3.3446e+00   2.8351e+02   5.1387e+01   1.1141e-05   4.7813e-02   2.9020e+02
20260828_03:00:00   3.5912e+00   2.8741e+02   5.2122e+01   9.2122e-02   3.4095e-02   2.9257e+02
20260828_06:00:00   3.8594e+00   2.8944e+02   5.3818e+01   1.4962e-01   4.3613e-03   2.9283e+02
20260828_09:00:00   3.4600e+00   2.8608e+02   5.2785e+01   1.5610e-02   5.0296e-05   2.9331e+02
20260828_12:00:00   3.6784e+00   2.8722e+02   5.3746e+01   7.2679e-02   3.2772e-03   2.9297e+02
20260828_15:00:00   3.5195e+00   2.8551e+02   5.1370e+01   6.0296e-02   7.8500e-05   2.9416e+02
20260828_18:00:00   4.3145e+00   2.8915e+02   4.9648e+01   4.1335e-01   8.1220e-04   2.9456e+02
20260828_21:00:00   3.1851e+00   2.8096e+02   4.6129e+01   3.4931e-02   4.2740e-06   2.9464e+02
20260829_00:00:00   3.5301e+00   2.8447e+02   4.8687e+01   1.0132e-01   1.3457e-04   2.9233e+02
20260829_03:00:00   4.4620e+00   2.8992e+02   5.1857e+01   3.8290e-01   1.0016e-03   2.9397e+02
20260829_06:00:00   3.5648e+00   2.8603e+02   5.1846e+01   2.2481e-02   3.8320e-05   2.9272e+02
20260829_09:00:00   3.6685e+00   2.8701e+02   5.1295e+01   7.5104e-02   2.0120e-05   2.9353e+02
20260829_12:00:00   3.8304e+00   2.8791e+02   5.1352e+01   1.1811e-01   5.1120e-06   2.9327e+02
20260829_15:00:00   3.6096e+00   2.8617e+02   5.1159e+01   2.7181e-02   0.0000e+00   2.9481e+02
20260829_18:00:00   3.3654e+00   2.8345e+02   4.9161e+01   8.2597e-05   1.2268e-04   2.9643e+02
20260829_21:00:00   3.2376e+00   2.8131e+02   4.7573e+01   0.0000e+00   3.3000e-04   2.9839e+02
20260830_00:00:00   2.9588e+00   2.7766e+02   4.5326e+01   0.0000e+00   4.3026e-02   2.9979e+02
20260830_03:00:00   2.7507e+00   2.7531e+02   4.1775e+01   9.5860e-04   8.4060e-02   3.0162e+02
20260830_06:00:00   2.6548e+00   2.7425e+02   3.9991e+01   5.2560e-05   1.4081e-02   3.0123e+02
20260830_09:00:00   2.4826e+00   2.6988e+02   3.6360e+01   0.0000e+00   2.1841e-02   3.0167e+02
20260830_12:00:00   2.2968e+00   2.6451e+02   3.2388e+01   0.0000e+00   1.2967e-02   3.0314e+02
20260830_15:00:00   2.2546e+00   2.6297e+02   3.2307e+01   0.0000e+00   1.4148e-02   3.0203e+02
20260830_18:00:00   1.8775e+00   2.4826e+02   2.7470e+01   0.0000e+00   8.0213e-03   3.0321e+02
20260830_21:00:00   1.7152e+00   2.4014e+02   2.4829e+01   0.0000e+00   4.0276e-02   3.0199e+02
20260831_00:00:00   1.6388e+00   2.3656e+02   2.2985e+01   0.0000e+00   1.2948e-03   3.0320e+02
20260831_03:00:00   1.4676e+00   2.2692e+02   2.1580e+01   0.0000e+00   0.0000e+00   3.0614e+02
20260831_06:00:00   1.4437e+00   2.2551e+02   2.2162e+01   0.0000e+00   0.0000e+00   3.0258e+02
20260831_09:00:00   1.3343e+00   2.1747e+02   2.0561e+01   0.0000e+00   0.0000e+00   3.0235e+02
20260831_12:00:00   1.4080e+00   2.2226e+02   2.1580e+01   0.0000e+00   0.0000e+00   3.0449e+02
20260831_15:00:00   1.4567e+00   2.2487e+02   2.2243e+01   0.0000e+00   0.0000e+00   3.0235e+02
20260831_18:00:00   1.4922e+00   2.2690e+02   2.2406e+01   0.0000e+00   0.0000e+00   3.0191e+02
20260831_21:00:00   1.3409e+00   2.1633e+02   2.0054e+01   0.0000e+00   0.0000e+00   3.0323e+02
20260901_00:00:00   1.3042e+00   2.1370e+02   1.9069e+01   0.0000e+00   0.0000e+00   3.0491e+02
20260901_03:00:00   1.2651e+00   2.1140e+02   1.8963e+01   0.0000e+00   0.0000e+00   3.0673e+02
20260901_06:00:00   1.3182e+00   2.1591e+02   2.0373e+01   0.0000e+00   0.0000e+00   3.0540e+02
20260901_09:00:00   1.4842e+00   2.2820e+02   2.2387e+01   0.0000e+00   0.0000e+00   3.0476e+02
20260901_12:00:00   1.6529e+00   2.3796e+02   2.4252e+01   0.0000e+00   0.0000e+00   3.0899e+02
20260901_15:00:00   1.7351e+00   2.4197e+02   2.4677e+01   0.0000e+00   0.0000e+00   3.0856e+02
20260901_18:00:00   1.8235e+00   2.4557e+02   2.5372e+01   0.0000e+00   0.0000e+00   3.0813e+02
20260901_21:00:00   1.8138e+00   2.4456e+02   2.5055e+01   0.0000e+00   0.0000e+00   3.0826e+02
20260902_00:00:00   1.7097e+00   2.3956e+02   2.3795e+01   0.0000e+00   0.0000e+00   3.0696e+02
20260902_03:00:00   1.7034e+00   2.4054e+02   2.3994e+01   1.6872e-05   0.0000e+00   3.0539e+02
20260902_06:00:00   1.6472e+00   2.3856e+02   2.4100e+01   0.0000e+00   0.0000e+00   3.0371e+02
20260902_09:00:00   1.7609e+00   2.4480e+02   2.5617e+01   0.0000e+00   0.0000e+00   3.0340e+02
20260902_12:00:00   1.9172e+00   2.5123e+02   2.6949e+01   4.9400e-03   0.0000e+00   3.0434e+02
20260902_15:00:00   1.7238e+00   2.4055e+02   2.4473e+01   3.2760e-04   0.0000e+00   3.0262e+02
20260902_18:00:00   1.6280e+00   2.3464e+02   2.3035e+01   0.0000e+00   0.0000e+00   3.0154e+02
20260902_21:00:00   1.4962e+00   2.2623e+02   2.1043e+01   0.0000e+00   0.0000e+00   3.0049e+02
20260903_00:00:00   1.2837e+00   2.1139e+02   1.8295e+01   0.0000e+00   0.0000e+00   2.9745e+02
20260903_03:00:00   1.2369e+00   2.0883e+02   1.7953e+01   0.0000e+00   0.0000e+00   2.9433e+02
20260903_06:00:00   1.3704e+00   2.2050e+02   2.0430e+01   0.0000e+00   0.0000e+00   2.9592e+02
20260903_09:00:00   1.4707e+00   2.2733e+02   2.1665e+01   0.0000e+00   0.0000e+00   2.9212e+02
20260903_12:00:00   1.2912e+00   2.1281e+02   1.9180e+01   0.0000e+00   0.0000e+00   2.9025e+02
20260903_15:00:00   1.2113e+00   2.0571e+02   1.7706e+01   0.0000e+00   0.0000e+00   2.9127e+02
20260903_18:00:00   1.2337e+00   2.0715e+02   1.8228e+01   0.0000e+00   0.0000e+00   2.8995e+02
20260903_21:00:00   1.6942e+00   2.3789e+02   2.4233e+01   0.0000e+00   0.0000e+00   2.8870e+02
20260904_00:00:00   2.0846e+00   2.5533e+02   2.9800e+01   0.0000e+00   0.0000e+00   2.8601e+02
20260904_03:00:00   2.4852e+00   2.6875e+02   3.5388e+01   0.0000e+00   0.0000e+00   2.8493e+02
20260904_06:00:00   2.9031e+00   2.7909e+02   3.9842e+01   4.5460e-02   5.9520e-04   2.8248e+02
20260904_09:00:00   3.4436e+00   2.8530e+02   4.3574e+01   1.5472e-01   1.7282e-01   2.8324e+02
20260904_12:00:00   3.1467e+00   2.8117e+02   4.5090e+01   6.0760e-05   7.6239e-02   2.7932e+02
20260904_15:00:00   3.2545e+00   2.8180e+02   4.5822e+01   0.0000e+00   9.4440e-02   2.7801e+02
20260904_18:00:00   3.3922e+00   2.8303e+02   4.8679e+01   0.0000e+00   1.7812e-01   2.7561e+02
20260904_21:00:00   3.4525e+00   2.8343e+02   4.9673e+01   1.5744e-03   1.4842e-01   2.7510e+02
20260905_00:00:00   3.5851e+00   2.8524e+02   5.0766e+01   2.3178e-02   1.8721e-01   2.7631e+02
20260905_03:00:00   3.5886e+00   2.8643e+02   5.0941e+01   3.8937e-02   3.4374e-01   2.7418e+02
20260905_06:00:00   3.5080e+00   2.8580e+02   5.0877e+01   5.0303e-03   1.2696e-01   2.7061e+02
20260905_09:00:00   3.2159e+00   2.8224e+02   4.8189e+01   0.0000e+00   2.5071e-01   2.7298e+02
20260905_12:00:00   3.3384e+00   2.8318e+02   4.9382e+01   1.1612e-02   3.1720e-01   2.7054e+02
20260905_15:00:00   3.5149e+00   2.8492e+02   5.1559e+01   8.8260e-03   2.7012e-01   2.7133e+02
20260905_18:00:00   4.3288e+00   2.8960e+02   5.6978e+01   1.5852e-01   2.5948e-01   2.6689e+02
20260905_21:00:00   5.3014e+00   2.9187e+02   6.0103e+01   4.6848e-01   2.6921e-01   2.6669e+02
20260906_00:00:00   4.6467e+00   2.9055e+02   6.2447e+01   1.3153e-01   2.8502e-01   2.6726e+02
20260906_03:00:00   6.4621e+00   2.9230e+02   6.5518e+01   7.9115e-01   6.8684e-01   2.6496e+02
20260906_06:00:00   6.1183e+00   2.9210e+02   6.4867e+01   6.9393e-01   8.7063e-01   2.6567e+02
20260906_09:00:00   7.1764e+00   2.9245e+02   6.7387e+01   1.0151e+00   1.0731e+00   2.6509e+02
20260906_12:00:00   7.7480e+00   2.9232e+02   6.7716e+01   1.2617e+00   1.7024e+00   2.6833e+02
20260906_15:00:00   7.6939e+00   2.9257e+02   6.9712e+01   1.1211e+00   6.4594e-01   2.6987e+02
20260906_18:00:00   1.0257e+01   2.9326e+02   6.9927e+01   2.1404e+00   2.3020e-01   2.6956e+02
20260906_21:00:00   8.8996e+00   2.9318e+02   6.2816e+01   1.6909e+00   5.1151e-04   2.7154e+02
20260907_00:00:00   4.7438e+00   2.9108e+02   5.4753e+01   3.1423e-01   0.0000e+00   2.7605e+02
20260907_03:00:00   3.1411e+00   2.8123e+02   4.5898e+01   1.8246e-02   0.0000e+00   2.7533e+02
20260907_06:00:00   2.2948e+00   2.6526e+02   3.4236e+01   0.0000e+00   0.0000e+00   2.7881e+02
