#            date       tau255        Tb[K]      pwv[mm] lwp[kg*m^-2] iwp[kg*m^-2]       o3[DU]
20260803_18:00:00   3.4362e+00   2.8990e+02   4.6835e+01   0.0000e+00   1.8420e-04   3.1172e+02
20260803_19:00:00   3.4593e+00   2.8978e+02   4.7042e+01   0.0000e+00   2.6400e-05   3.1273e+02
20260803_20:00:00   3.5582e+00   2.9025e+02   4.8281e+01   0.0000e+00   2.7003e-04   3.1184e+02
20260803_21:00:00   3.6475e+00   2.9053e+02   4.9825e+01   0.0000e+00   6.4899e-04   3.1153e+02
20260803_22:00:00   3.6713e+00   2.9054e+02   5.0623e+01   0.0000e+00   4.7500e-05   3.1053e+02
20260803_23:00:00   3.6477e+00   2.9055e+02   5.0754e+01   0.0000e+00   0.0000e+00   3.0931e+02
20260804_00:00:00   3.7167e+00   2.9136e+02   5.1576e+01   5.3330e-05   0.0000e+00   3.0853e+02
20260804_01:00:00   3.7601e+00   2.9228e+02   5.2099e+01   2.6520e-03   0.0000e+00   3.0766e+02
20260804_02:00:00   3.7546e+00   2.9303e+02   5.2298e+01   1.0108e-03   0.0000e+00   3.0782e+02
20260804_03:00:00   3.7048e+00   2.9338e+02   5.1848e+01   4.6758e-03   0.0000e+00   3.0786e+02
20260804_04:00:00   3.7059e+00   2.9402e+02   5.1859e+01   1.1517e-02   5.2180e-23   3.0907e+02
20260804_05:00:00   4.0183e+00   2.9654e+02   5.2247e+01   1.2427e-01   0.0000e+00   3.0984e+02
20260804_06:00:00   4.6725e+00   2.9892e+02   5.4204e+01   3.1085e-01   1.5582e-05   3.1134e+02
20260804_07:00:00   4.4263e+00   2.9751e+02   5.6266e+01   1.4942e-01   1.0244e-03   3.1076e+02
20260804_08:00:00   3.9651e+00   2.9584e+02   5.5981e+01   1.3274e-03   9.5000e-04   3.0937e+02
20260804_09:00:00   3.9684e+00   2.9593e+02   5.6599e+01   0.0000e+00   1.8498e-03   3.0747e+02
20260804_10:00:00   3.9729e+00   2.9585e+02   5.7177e+01   0.0000e+00   5.6513e-03   3.0569e+02
20260804_11:00:00   4.0880e+00   2.9618e+02   5.8891e+01   0.0000e+00   2.4831e-02   3.0425e+02
20260804_12:00:00   4.2178e+00   2.9646e+02   6.0900e+01   0.0000e+00   9.4302e-02   3.0238e+02
20260804_13:00:00   4.2476e+00   2.9619e+02   6.1529e+01   0.0000e+00   1.3100e-01   3.0145e+02
20260804_14:00:00   4.2505e+00   2.9574e+02   6.1366e+01   0.0000e+00   1.0439e-01   2.9988e+02
20260804_15:00:00   4.1911e+00   2.9511e+02   5.9981e+01   0.0000e+00   3.4415e-02   2.9808e+02
20260804_16:00:00   4.1401e+00   2.9446e+02   5.9032e+01   0.0000e+00   5.2537e-03   2.9840e+02
20260804_17:00:00   4.0635e+00   2.9370e+02   5.7961e+01   0.0000e+00   2.5462e-03   2.9998e+02
20260804_18:00:00   4.0997e+00   2.9358e+02   5.8238e+01   0.0000e+00   2.4893e-03   3.0057e+02
20260804_19:00:00   4.0559e+00   2.9314e+02   5.7562e+01   0.0000e+00   1.5534e-03   2.9965e+02
20260804_20:00:00   4.0379e+00   2.9278e+02   5.7214e+01   0.0000e+00   3.9004e-04   3.0062e+02
20260804_21:00:00   4.0392e+00   2.9258e+02   5.7088e+01   0.0000e+00   5.3027e-06   3.0070e+02
20260804_22:00:00   4.0118e+00   2.9232e+02   5.6650e+01   0.0000e+00   0.0000e+00   3.0016e+02
20260804_23:00:00   3.9821e+00   2.9221e+02   5.6305e+01   3.3160e-05   0.0000e+00   2.9867e+02
20260805_00:00:00   3.9521e+00   2.9240e+02   5.6043e+01   9.0220e-04   0.0000e+00   2.9820e+02
20260805_01:00:00   3.9071e+00   2.9270e+02   5.5574e+01   3.3047e-03   0.0000e+00   2.9890e+02
20260805_02:00:00   3.8423e+00   2.9303e+02   5.5284e+01   1.9667e-03   0.0000e+00   2.9977e+02
20260805_03:00:00   3.8655e+00   2.9379e+02   5.6052e+01   8.5360e-04   0.0000e+00   3.0028e+02
20260805_04:00:00   3.8631e+00   2.9440e+02   5.6448e+01   2.9244e-03   0.0000e+00   3.0059e+02
20260805_05:00:00   3.8886e+00   2.9506e+02   5.6660e+01   1.8320e-02   0.0000e+00   2.9856e+02
20260805_06:00:00   4.3095e+00   2.9739e+02   5.7479e+01   1.5354e-01   0.0000e+00   2.9733e+02
20260805_07:00:00   4.4641e+00   2.9791e+02   5.9023e+01   1.4877e-01   0.0000e+00   2.9711e+02
20260805_08:00:00   4.1194e+00   2.9643e+02   5.8967e+01   1.0448e-02   0.0000e+00   2.9981e+02
20260805_09:00:00   4.0200e+00   2.9611e+02   5.8090e+01   7.8460e-03   0.0000e+00   2.9987e+02
20260805_10:00:00   3.9587e+00   2.9571e+02   5.7558e+01   2.6280e-03   0.0000e+00   2.9963e+02
20260805_11:00:00   3.9162e+00   2.9503e+02   5.6936e+01   2.1060e-04   0.0000e+00   2.9753e+02
20260805_12:00:00   3.9445e+00   2.9498e+02   5.6982e+01   1.7622e-04   0.0000e+00   2.9625e+02
20260805_13:00:00   3.8898e+00   2.9450e+02   5.6210e+01   0.0000e+00   0.0000e+00   2.9492e+02
20260805_14:00:00   3.8258e+00   2.9399e+02   5.5371e+01   0.0000e+00   0.0000e+00   2.9599e+02
20260805_15:00:00   3.7825e+00   2.9348e+02   5.4797e+01   0.0000e+00   0.0000e+00   2.9736e+02
20260805_16:00:00   3.7527e+00   2.9290e+02   5.4211e+01   0.0000e+00   0.0000e+00   2.9837e+02
20260805_17:00:00   3.7436e+00   2.9242e+02   5.3820e+01   0.0000e+00   0.0000e+00   2.9945e+02
20260805_18:00:00   3.7390e+00   2.9201e+02   5.3511e+01   0.0000e+00   0.0000e+00   2.9908e+02
20260805_19:00:00   3.7123e+00   2.9136e+02   5.2968e+01   0.0000e+00   0.0000e+00   2.9970e+02
20260805_20:00:00   3.6333e+00   2.9037e+02   5.2010e+01   0.0000e+00   0.0000e+00   3.0069e+02
20260805_21:00:00   3.5622e+00   2.8956e+02   5.1145e+01   0.0000e+00   0.0000e+00   3.0206e+02
20260805_22:00:00   3.5070e+00   2.8899e+02   5.0423e+01   0.0000e+00   0.0000e+00   3.0170e+02
20260805_23:00:00   3.4106e+00   2.8817e+02   4.9420e+01   0.0000e+00   0.0000e+00   3.0072e+02
20260806_00:00:00   3.2970e+00   2.8734e+02   4.8233e+01   0.0000e+00   0.0000e+00   3.0182e+02
20260806_01:00:00   3.1724e+00   2.8631e+02   4.7010e+01   0.0000e+00   0.0000e+00   3.0274e+02
20260806_02:00:00   3.0738e+00   2.8557e+02   4.6182e+01   0.0000e+00   0.0000e+00   3.0238e+02
20260806_03:00:00   2.9620e+00   2.8444e+02   4.5092e+01   7.5080e-06   0.0000e+00   3.0049e+02
20260806_04:00:00   2.9033e+00   2.8397e+02   4.4568e+01   5.0060e-06   0.0000e+00   3.0016e+02
20260806_05:00:00   2.8930e+00   2.8423e+02   4.4461e+01   0.0000e+00   0.0000e+00   3.0027e+02
20260806_06:00:00   2.8740e+00   2.8430e+02   4.4206e+01   0.0000e+00   0.0000e+00   2.9977e+02
20260806_07:00:00   2.9699e+00   2.8602e+02   4.5240e+01   0.0000e+00   0.0000e+00   2.9998e+02
20260806_08:00:00   3.1154e+00   2.8813e+02   4.6663e+01   1.5862e-04   0.0000e+00   2.9883e+02
20260806_09:00:00   3.1554e+00   2.8846e+02   4.6656e+01   0.0000e+00   0.0000e+00   2.9872e+02
20260806_10:00:00   3.1473e+00   2.8801e+02   4.6311e+01   0.0000e+00   0.0000e+00   2.9749e+02
20260806_11:00:00   3.1741e+00   2.8817e+02   4.6543e+01   0.0000e+00   0.0000e+00   2.9648e+02
20260806_12:00:00   3.1903e+00   2.8820e+02   4.6455e+01   0.0000e+00   0.0000e+00   2.9729e+02
20260806_13:00:00   3.1285e+00   2.8724e+02   4.5376e+01   0.0000e+00   0.0000e+00   2.9678e+02
20260806_14:00:00   3.0553e+00   2.8611e+02   4.4212e+01   0.0000e+00   0.0000e+00   2.9756e+02
20260806_15:00:00   2.9709e+00   2.8466e+02   4.3006e+01   0.0000e+00   0.0000e+00   2.9781e+02
20260806_16:00:00   2.8935e+00   2.8315e+02   4.1793e+01   0.0000e+00   0.0000e+00   2.9868e+02
20260806_17:00:00   2.8870e+00   2.8274e+02   4.1467e+01   0.0000e+00   0.0000e+00   2.9911e+02
20260806_18:00:00   2.8288e+00   2.8143e+02   4.0667e+01   0.0000e+00   0.0000e+00   2.9886e+02
20260806_19:00:00   2.6977e+00   2.7876e+02   3.9230e+01   0.0000e+00   0.0000e+00   2.9920e+02
20260806_20:00:00   2.5197e+00   2.7471e+02   3.7211e+01   0.0000e+00   0.0000e+00   2.9946e+02
20260806_21:00:00   2.4489e+00   2.7261e+02   3.6375e+01   0.0000e+00   0.0000e+00   3.0079e+02
20260806_22:00:00   2.4494e+00   2.7235e+02   3.6411e+01   0.0000e+00   0.0000e+00   3.0223e+02
20260806_23:00:00   2.4609e+00   2.7270e+02   3.6691e+01   0.0000e+00   0.0000e+00   3.0095e+02
20260807_00:00:00   2.4245e+00   2.7208e+02   3.6427e+01   0.0000e+00   0.0000e+00   3.0194e+02
20260807_01:00:00   2.3954e+00   2.7181e+02   3.6331e+01   0.0000e+00   0.0000e+00   3.0114e+02
20260807_02:00:00   2.3764e+00   2.7190e+02   3.6419e+01   0.0000e+00   0.0000e+00   3.0110e+02
20260807_03:00:00   2.4299e+00   2.7386e+02   3.7363e+01   0.0000e+00   0.0000e+00   3.0129e+02
20260807_04:00:00   2.5344e+00   2.7690e+02   3.9098e+01   0.0000e+00   0.0000e+00   3.0102e+02
20260807_05:00:00   2.5823e+00   2.7829e+02   4.0115e+01   0.0000e+00   0.0000e+00   3.0036e+02
20260807_06:00:00   2.7027e+00   2.8110e+02   4.1869e+01   0.0000e+00   0.0000e+00   2.9986e+02
20260807_07:00:00   2.6873e+00   2.8103e+02   4.1901e+01   0.0000e+00   0.0000e+00   2.9991e+02
20260807_08:00:00   2.6829e+00   2.8100e+02   4.1969e+01   0.0000e+00   0.0000e+00   2.9980e+02
20260807_09:00:00   2.6660e+00   2.8045e+02   4.1821e+01   0.0000e+00   0.0000e+00   2.9898e+02
20260807_10:00:00   2.6704e+00   2.8028e+02   4.1900e+01   0.0000e+00   0.0000e+00   2.9869e+02
20260807_11:00:00   2.7360e+00   2.8120e+02   4.2621e+01   0.0000e+00   0.0000e+00   2.9854e+02
20260807_12:00:00   2.6900e+00   2.8010e+02   4.1867e+01   0.0000e+00   0.0000e+00   2.9840e+02
20260807_13:00:00   2.7991e+00   2.8186e+02   4.2943e+01   0.0000e+00   0.0000e+00   2.9809e+02
20260807_14:00:00   2.8869e+00   2.8271e+02   4.3867e+01   0.0000e+00   0.0000e+00   2.9901e+02
20260807_15:00:00   2.9635e+00   2.8359e+02   4.4536e+01   0.0000e+00   0.0000e+00   2.9851e+02
20260807_16:00:00   3.0861e+00   2.8483e+02   4.5821e+01   0.0000e+00   0.0000e+00   2.9816e+02
20260807_17:00:00   2.9712e+00   2.8242e+02   4.4628e+01   0.0000e+00   0.0000e+00   2.9832e+02
20260807_18:00:00   2.7447e+00   2.7792e+02   4.1999e+01   0.0000e+00   0.0000e+00   2.9747e+02
20260807_19:00:00   2.5701e+00   2.7388e+02   3.9735e+01   0.0000e+00   0.0000e+00   2.9820e+02
20260807_20:00:00   2.5827e+00   2.7404e+02   3.9670e+01   0.0000e+00   0.0000e+00   2.9990e+02
20260807_21:00:00   2.7269e+00   2.7695e+02   4.1139e+01   0.0000e+00   0.0000e+00   3.0036e+02
20260807_22:00:00   2.8203e+00   2.7858e+02   4.2081e+01   0.0000e+00   0.0000e+00   3.0011e+02
20260807_23:00:00   2.8490e+00   2.7924e+02   4.2459e+01   0.0000e+00   0.0000e+00   3.0134e+02
20260808_00:00:00   2.9401e+00   2.8096e+02   4.3527e+01   0.0000e+00   0.0000e+00   3.0022e+02
20260808_01:00:00   3.0072e+00   2.8245e+02   4.4486e+01   0.0000e+00   0.0000e+00   2.9868e+02
20260808_02:00:00   3.0801e+00   2.8397e+02   4.5451e+01   0.0000e+00   0.0000e+00   2.9842e+02
20260808_03:00:00   3.0647e+00   2.8427e+02   4.5591e+01   0.0000e+00   0.0000e+00   2.9917e+02
20260808_04:00:00   3.1694e+00   2.8564e+02   4.6872e+01   5.6220e-04   0.0000e+00   2.9855e+02
20260808_05:00:00   3.1809e+00   2.8559e+02   4.7136e+01   4.9980e-04   0.0000e+00   2.9907e+02
20260808_06:00:00   3.1063e+00   2.8446e+02   4.6422e+01   5.7660e-06   0.0000e+00   3.0094e+02
20260808_07:00:00   3.0412e+00   2.8326e+02   4.5518e+01   0.0000e+00   0.0000e+00   3.0051e+02
20260808_08:00:00   2.9863e+00   2.8191e+02   4.4937e+01   0.0000e+00   0.0000e+00   3.0049e+02
20260808_09:00:00   2.9279e+00   2.8012e+02   4.4486e+01   0.0000e+00   0.0000e+00   3.0026e+02
20260808_10:00:00   2.9030e+00   2.7904e+02   4.4304e+01   0.0000e+00   0.0000e+00   3.0105e+02
20260808_11:00:00   2.8481e+00   2.7754e+02   4.3515e+01   0.0000e+00   0.0000e+00   3.0109e+02
20260808_12:00:00   2.7969e+00   2.7604e+02   4.2770e+01   0.0000e+00   4.0520e-06   3.0295e+02
20260808_13:00:00   2.7358e+00   2.7462e+02   4.1894e+01   0.0000e+00   7.3120e-05   3.0185e+02
20260808_14:00:00   2.7228e+00   2.7404e+02   4.1426e+01   0.0000e+00   1.8022e-04   3.0167e+02
20260808_15:00:00   2.7344e+00   2.7414e+02   4.1337e+01   0.0000e+00   0.0000e+00   3.0212e+02
20260808_16:00:00   2.7345e+00   2.7439e+02   4.1261e+01   2.0205e-04   0.0000e+00   3.0285e+02
20260808_17:00:00   2.7482e+00   2.7484e+02   4.1525e+01   0.0000e+00   0.0000e+00   3.0195e+02
20260808_18:00:00   2.7935e+00   2.7561e+02   4.2232e+01   0.0000e+00   0.0000e+00   3.0230e+02
20260808_21:00:00   2.7147e+00   2.7403e+02   4.1268e+01   1.3630e-03   7.5340e-03   3.0181e+02
20260809_00:00:00   2.8505e+00   2.7706e+02   4.3161e+01   0.0000e+00   2.2841e-03   3.0076e+02
20260809_03:00:00   3.2549e+00   2.8327e+02   4.7194e+01   1.5633e-02   7.1160e-03   2.9849e+02
20260809_06:00:00   3.2915e+00   2.8357e+02   4.8450e+01   4.5758e-03   2.0360e-02   2.9569e+02
20260809_09:00:00   2.9847e+00   2.7902e+02   4.4652e+01   6.6110e-03   4.5841e-02   2.9396e+02
20260809_12:00:00   3.0446e+00   2.7906e+02   4.6231e+01   0.0000e+00   1.3440e-01   2.9188e+02
20260809_15:00:00   2.8740e+00   2.7586e+02   4.5140e+01   0.0000e+00   9.2088e-02   2.9280e+02
20260809_18:00:00   2.7733e+00   2.7347e+02   4.4516e+01   0.0000e+00   2.1080e-01   2.9581e+02
20260809_21:00:00   3.0693e+00   2.7828e+02   4.8445e+01   1.1329e-02   1.6026e-01   2.9391e+02
20260810_00:00:00   4.5026e+00   2.8862e+02   5.3680e+01   4.2013e-01   2.4770e-01   2.8969e+02
20260810_03:00:00   4.2311e+00   2.8870e+02   5.3471e+01   3.2264e-01   9.4050e-02   2.8453e+02
20260810_06:00:00   4.1766e+00   2.8921e+02   5.5343e+01   2.4824e-01   2.6639e-01   2.8585e+02
20260810_09:00:00   4.4004e+00   2.9012e+02   5.7771e+01   2.6503e-01   2.2025e-01   2.8204e+02
20260810_12:00:00   4.0489e+00   2.8796e+02   5.4106e+01   2.6817e-01   7.8219e-02   2.8151e+02
20260810_15:00:00   3.7177e+00   2.8579e+02   5.4022e+01   1.3387e-01   2.5397e-02   2.7976e+02
20260810_18:00:00   2.9368e+00   2.7631e+02   4.6420e+01   6.5585e-02   5.6437e-02   2.7990e+02
20260810_21:00:00   3.3380e+00   2.8104e+02   4.5953e+01   2.2616e-01   1.3017e-01   2.8284e+02
20260811_00:00:00   3.4872e+00   2.8359e+02   4.8891e+01   1.7718e-01   1.6026e-01   2.8450e+02
20260811_03:00:00   2.9808e+00   2.7967e+02   4.7998e+01   7.6106e-04   9.8202e-02   2.8481e+02
20260811_06:00:00   2.9817e+00   2.7987e+02   4.7819e+01   0.0000e+00   1.0480e-01   2.8262e+02
20260811_09:00:00   2.6146e+00   2.7276e+02   4.1154e+01   1.6534e-05   1.4692e-02   2.8275e+02
20260811_12:00:00   3.3030e+00   2.8334e+02   4.5630e+01   7.7542e-02   5.6684e-03   2.8132e+02
20260811_15:00:00   3.1737e+00   2.8218e+02   4.5436e+01   2.3859e-02   1.0273e-03   2.8198e+02
20260811_18:00:00   3.1161e+00   2.8149e+02   4.3360e+01   2.8814e-02   7.8902e-04   2.8027e+02
20260811_21:00:00   3.7726e+00   2.8793e+02   4.5161e+01   2.1564e-01   3.1206e-03   2.7878e+02
20260812_00:00:00   3.4176e+00   2.8531e+02   4.7016e+01   2.2092e-02   2.9100e-03   2.7743e+02
20260812_03:00:00   3.6452e+00   2.8825e+02   4.9824e+01   3.9783e-02   9.2400e-04   2.7981e+02
20260812_06:00:00   3.7366e+00   2.8885e+02   5.1978e+01   2.3661e-02   1.8254e-03   2.8291e+02
20260812_09:00:00   3.9003e+00   2.8942e+02   5.2770e+01   7.6711e-02   3.0720e-03   2.8254e+02
20260812_12:00:00   4.4962e+00   2.9179e+02   5.3399e+01   2.8273e-01   3.4300e-03   2.8088e+02
20260812_15:00:00   4.4504e+00   2.9102e+02   5.4657e+01   2.3738e-01   2.7580e-03   2.8288e+02
20260812_18:00:00   3.6764e+00   2.8620e+02   5.2501e+01   2.5162e-02   2.3720e-05   2.8221e+02
20260812_21:00:00   3.5570e+00   2.8501e+02   5.0845e+01   3.0635e-02   1.2730e-04   2.7977e+02
20260813_00:00:00   3.3015e+00   2.8288e+02   4.7593e+01   1.8683e-02   5.6240e-05   2.8126e+02
20260813_03:00:00   3.3036e+00   2.8364e+02   4.6725e+01   3.5571e-02   1.2736e-04   2.8352e+02
20260813_06:00:00   3.1762e+00   2.8206e+02   4.5661e+01   2.3941e-02   0.0000e+00   2.8573e+02
20260813_09:00:00   3.2760e+00   2.8244e+02   4.3046e+01   1.1317e-01   4.0200e-04   2.8608e+02
20260813_12:00:00   3.1634e+00   2.8095e+02   4.2286e+01   7.5376e-02   2.8060e-03   2.8706e+02
20260813_15:00:00   3.0342e+00   2.7871e+02   4.4045e+01   1.4584e-04   3.4720e-05   2.8936e+02
20260813_18:00:00   2.3650e+00   2.6444e+02   3.6901e+01   0.0000e+00   2.7880e-04   2.8822e+02
20260813_21:00:00   2.2104e+00   2.5932e+02   3.5608e+01   0.0000e+00   3.1160e-05   2.8529e+02
20260814_00:00:00   1.8809e+00   2.4737e+02   3.1223e+01   0.0000e+00   4.8620e-05   2.8670e+02
20260814_03:00:00   1.8560e+00   2.4742e+02   3.1681e+01   0.0000e+00   0.0000e+00   2.8823e+02
20260814_06:00:00   2.2083e+00   2.6233e+02   3.6757e+01   0.0000e+00   0.0000e+00   2.8726e+02
20260814_09:00:00   2.6382e+00   2.7368e+02   4.2018e+01   0.0000e+00   0.0000e+00   2.8573e+02
20260814_12:00:00   1.9259e+00   2.5108e+02   3.1751e+01   0.0000e+00   1.3882e-04   2.8807e+02
20260814_15:00:00   1.4419e+00   2.2402e+02   2.4456e+01   0.0000e+00   6.5824e-04   2.9176e+02
20260814_18:00:00   1.5440e+00   2.3028e+02   2.5186e+01   0.0000e+00   6.7660e-05   2.9143e+02
20260814_21:00:00   2.1899e+00   2.5951e+02   3.2342e+01   0.0000e+00   1.2710e-04   2.9321e+02
20260815_00:00:00   2.3064e+00   2.6380e+02   3.2998e+01   0.0000e+00   4.5340e-05   2.9409e+02
20260815_03:00:00   2.6061e+00   2.7394e+02   3.6488e+01   2.3160e-04   2.8500e-05   2.9484e+02
20260815_06:00:00   2.9091e+00   2.8065e+02   3.9496e+01   3.8891e-02   0.0000e+00   2.9319e+02
20260815_09:00:00   3.3898e+00   2.8579e+02   4.9610e+01   0.0000e+00   0.0000e+00   2.9209e+02
20260815_12:00:00   4.4685e+00   2.9124e+02   6.1329e+01   1.2536e-01   0.0000e+00   2.9343e+02
20260815_15:00:00   4.9039e+00   2.9238e+02   6.3708e+01   2.1336e-01   0.0000e+00   2.9348e+02
20260815_18:00:00   4.3332e+00   2.9098e+02   6.2404e+01   2.6558e-02   0.0000e+00   2.9728e+02
20260815_21:00:00   4.1240e+00   2.9003e+02   6.0611e+01   5.2559e-03   1.7126e-05   2.9978e+02
20260816_00:00:00   4.0662e+00   2.9066e+02   6.0632e+01   3.0101e-03   2.8919e-04   3.0059e+02
20260816_03:00:00   4.2100e+00   2.9279e+02   6.1281e+01   5.3643e-02   7.1833e-03   3.0186e+02
20260816_06:00:00   4.3477e+00   2.9401e+02   6.3790e+01   2.8184e-02   4.8968e-02   2.9898e+02
20260816_09:00:00   4.6570e+00   2.9479e+02   6.6050e+01   8.3283e-02   8.2032e-02   3.0116e+02
20260816_12:00:00   4.8129e+00   2.9405e+02   6.6054e+01   1.4158e-01   1.5261e-01   3.0163e+02
20260816_15:00:00   4.4269e+00   2.9241e+02   6.4322e+01   4.3505e-02   1.2043e-02   3.0459e+02
20260816_18:00:00   4.6001e+00   2.9241e+02   6.3192e+01   1.4161e-01   1.2368e-02   3.0180e+02
20260816_21:00:00   4.6684e+00   2.9198e+02   5.9105e+01   2.9156e-01   2.6282e-03   3.0423e+02
20260817_00:00:00   3.8630e+00   2.8928e+02   5.7613e+01   0.0000e+00   1.5745e-04   3.0758e+02
20260817_03:00:00   3.9772e+00   2.9200e+02   5.8498e+01   2.0320e-02   0.0000e+00   3.0674e+02
20260817_06:00:00   4.0641e+00   2.9324e+02   5.8453e+01   2.3866e-02   3.1480e-04   3.0319e+02
20260817_09:00:00   3.9738e+00   2.9164e+02   5.7422e+01   5.1640e-05   0.0000e+00   3.0362e+02
20260817_12:00:00   3.9121e+00   2.8975e+02   5.5447e+01   1.0716e-03   0.0000e+00   3.0480e+02
20260817_15:00:00   3.6951e+00   2.8763e+02   5.1691e+01   0.0000e+00   0.0000e+00   3.0688e+02
20260817_18:00:00   3.6380e+00   2.8671e+02   5.0248e+01   0.0000e+00   0.0000e+00   3.0664e+02
20260817_21:00:00   3.4919e+00   2.8533e+02   4.7735e+01   0.0000e+00   0.0000e+00   3.0720e+02
20260818_00:00:00   3.4044e+00   2.8526e+02   4.6816e+01   0.0000e+00   0.0000e+00   3.0540e+02
20260818_03:00:00   3.2719e+00   2.8601e+02   4.5346e+01   3.9760e-04   1.2380e-04   3.0418e+02
20260818_06:00:00   3.9035e+00   2.9257e+02   4.5262e+01   2.5462e-01   0.0000e+00   3.0193e+02
20260818_09:00:00   3.3271e+00   2.8786e+02   4.4686e+01   4.3060e-02   0.0000e+00   3.0194e+02
20260818_12:00:00   3.1771e+00   2.8562e+02   4.4119e+01   2.0760e-04   1.1262e-05   3.0017e+02
20260818_15:00:00   3.2440e+00   2.8552e+02   4.4829e+01   0.0000e+00   1.6516e-02   3.0032e+02
20260818_18:00:00   3.6630e+00   2.8855e+02   5.0836e+01   0.0000e+00   6.8408e-03   2.9803e+02
20260818_21:00:00   3.7592e+00   2.8859e+02   5.2538e+01   0.0000e+00   3.7427e-02   2.9818e+02
20260819_00:00:00   3.6381e+00   2.8818e+02   5.0632e+01   0.0000e+00   3.7025e-03   2.9990e+02
20260819_03:00:00   3.6721e+00   2.9058e+02   4.9040e+01   5.1600e-02   6.7842e-03   3.0054e+02
20260819_06:00:00   3.8806e+00   2.9289e+02   5.1173e+01   1.0185e-01   7.3813e-03   2.9908e+02
20260819_09:00:00   3.8729e+00   2.9260e+02   5.3578e+01   3.6680e-02   2.3989e-02   2.9784e+02
20260819_12:00:00   3.9150e+00   2.9203e+02   5.5491e+01   1.8048e-02   3.1704e-02   2.9732e+02
20260819_15:00:00   3.8269e+00   2.9127e+02   5.4540e+01   2.3340e-04   4.2767e-02   2.9762e+02
20260819_18:00:00   3.8478e+00   2.9097e+02   5.4796e+01   0.0000e+00   2.8067e-02   2.9818e+02
