#            date       tau255        Tb[K]      pwv[mm] lwp[kg*m^-2] iwp[kg*m^-2]       o3[DU]
20260806_12:00:00   3.1170e+00   2.8749e+02   4.5978e+01   0.0000e+00   0.0000e+00   2.9324e+02
20260806_13:00:00   3.0839e+00   2.8692e+02   4.5373e+01   0.0000e+00   0.0000e+00   2.9338e+02
20260806_14:00:00   3.0862e+00   2.8684e+02   4.5210e+01   0.0000e+00   0.0000e+00   2.9519e+02
20260806_15:00:00   3.1166e+00   2.8712e+02   4.5352e+01   0.0000e+00   0.0000e+00   2.9806e+02
20260806_16:00:00   3.1541e+00   2.8749e+02   4.5556e+01   0.0000e+00   0.0000e+00   3.0076e+02
20260806_17:00:00   3.2072e+00   2.8787e+02   4.5907e+01   0.0000e+00   0.0000e+00   3.0148e+02
20260806_18:00:00   3.2093e+00   2.8766e+02   4.5638e+01   0.0000e+00   0.0000e+00   3.0114e+02
20260806_19:00:00   3.1932e+00   2.8718e+02   4.5022e+01   0.0000e+00   0.0000e+00   2.9964e+02
20260806_20:00:00   3.1520e+00   2.8638e+02   4.4110e+01   0.0000e+00   0.0000e+00   3.0025e+02
20260806_21:00:00   3.0181e+00   2.8444e+02   4.2296e+01   0.0000e+00   0.0000e+00   3.0237e+02
20260806_22:00:00   2.9409e+00   2.8316e+02   4.1244e+01   0.0000e+00   0.0000e+00   3.0401e+02
20260806_23:00:00   2.9676e+00   2.8360e+02   4.1334e+01   0.0000e+00   0.0000e+00   3.0317e+02
20260807_00:00:00   2.9392e+00   2.8350e+02   4.0925e+01   0.0000e+00   0.0000e+00   3.0278e+02
20260807_01:00:00   2.9162e+00   2.8375e+02   4.0699e+01   0.0000e+00   0.0000e+00   3.0152e+02
20260807_02:00:00   2.8609e+00   2.8347e+02   4.0366e+01   0.0000e+00   0.0000e+00   3.0277e+02
20260807_03:00:00   2.8814e+00   2.8437e+02   4.0945e+01   0.0000e+00   0.0000e+00   3.0369e+02
20260807_04:00:00   2.8809e+00   2.8483e+02   4.1454e+01   0.0000e+00   0.0000e+00   3.0409e+02
20260807_05:00:00   2.9594e+00   2.8640e+02   4.2970e+01   1.0178e-03   0.0000e+00   3.0348e+02
20260807_06:00:00   3.1716e+00   2.8945e+02   4.4623e+01   3.9428e-02   0.0000e+00   3.0241e+02
20260807_07:00:00   3.2687e+00   2.9056e+02   4.5514e+01   4.6060e-02   1.1624e-04   3.0105e+02
20260807_08:00:00   3.1353e+00   2.8872e+02   4.5351e+01   1.4684e-03   3.1096e-03   2.9956e+02
20260807_09:00:00   2.9116e+00   2.8526e+02   4.2947e+01   0.0000e+00   2.8645e-02   3.0069e+02
20260807_10:00:00   2.8881e+00   2.8463e+02   4.2973e+01   0.0000e+00   1.9598e-02   3.0159e+02
20260807_11:00:00   2.9495e+00   2.8532e+02   4.3879e+01   0.0000e+00   1.4216e-02   3.0353e+02
20260807_12:00:00   2.9744e+00   2.8554e+02   4.4267e+01   0.0000e+00   3.0100e-03   3.0295e+02
20260807_13:00:00   2.8941e+00   2.8417e+02   4.3300e+01   0.0000e+00   3.6460e-03   3.0293e+02
20260807_14:00:00   2.8982e+00   2.8408e+02   4.3311e+01   0.0000e+00   2.7320e-03   3.0291e+02
20260807_15:00:00   2.9520e+00   2.8478e+02   4.3997e+01   0.0000e+00   1.7588e-03   3.0297e+02
20260807_16:00:00   2.9498e+00   2.8461e+02   4.4063e+01   0.0000e+00   3.3520e-03   3.0150e+02
20260807_17:00:00   3.1447e+00   2.8696e+02   4.6183e+01   0.0000e+00   4.1720e-03   2.9800e+02
20260807_18:00:00   3.2299e+00   2.8763e+02   4.7176e+01   0.0000e+00   1.7764e-03   2.9633e+02
20260807_19:00:00   3.2544e+00   2.8763e+02   4.7300e+01   0.0000e+00   0.0000e+00   2.9513e+02
20260807_20:00:00   3.3192e+00   2.8794e+02   4.7886e+01   0.0000e+00   0.0000e+00   2.9272e+02
20260807_21:00:00   3.3589e+00   2.8791e+02   4.8259e+01   0.0000e+00   8.1020e-06   2.9476e+02
20260807_22:00:00   3.4281e+00   2.8817e+02   4.8872e+01   0.0000e+00   0.0000e+00   2.9706e+02
20260807_23:00:00   3.4273e+00   2.8815e+02   4.9010e+01   0.0000e+00   0.0000e+00   2.9807e+02
20260808_00:00:00   3.3928e+00   2.8810e+02   4.8679e+01   0.0000e+00   0.0000e+00   2.9970e+02
20260808_01:00:00   3.4680e+00   2.8932e+02   4.9547e+01   0.0000e+00   0.0000e+00   2.9965e+02
20260808_02:00:00   3.4553e+00   2.8977e+02   4.9526e+01   1.8520e-04   0.0000e+00   2.9968e+02
20260808_03:00:00   3.4700e+00   2.9039e+02   4.9609e+01   1.4412e-02   0.0000e+00   2.9958e+02
20260808_04:00:00   3.5224e+00   2.9126e+02   4.9910e+01   4.3281e-02   4.8520e-04   2.9760e+02
20260808_05:00:00   3.8482e+00   2.9387e+02   5.0734e+01   1.5396e-01   4.0400e-03   2.9548e+02
20260808_06:00:00   5.2650e+00   2.9779e+02   5.3929e+01   5.7517e-01   1.5240e-03   2.9605e+02
20260808_07:00:00   4.6411e+00   2.9562e+02   5.4110e+01   3.1914e-01   2.1240e-03   2.9719e+02
20260808_08:00:00   3.9155e+00   2.9242e+02   5.3020e+01   8.6379e-02   2.3340e-03   2.9834e+02
20260808_09:00:00   3.6766e+00   2.9014e+02   5.2116e+01   2.8310e-02   1.8034e-03   2.9827e+02
20260808_10:00:00   3.5799e+00   2.8863e+02   5.1878e+01   4.0800e-03   9.4453e-04   3.0013e+02
20260808_11:00:00   3.6343e+00   2.8851e+02   5.2491e+01   4.9800e-03   1.8114e-05   3.0045e+02
20260808_12:00:00   3.7177e+00   2.8855e+02   5.3140e+01   1.9188e-02   1.2558e-04   3.0183e+02
20260808_13:00:00   3.6977e+00   2.8812e+02   5.2964e+01   2.6120e-02   8.0080e-05   3.0178e+02
20260808_14:00:00   3.6176e+00   2.8700e+02   5.2938e+01   4.9520e-03   7.8087e-05   3.0209e+02
20260808_15:00:00   3.5658e+00   2.8615e+02   5.2732e+01   0.0000e+00   1.5858e-04   3.0308e+02
20260808_16:00:00   3.5555e+00   2.8581e+02   5.2946e+01   0.0000e+00   1.3534e-03   3.0356e+02
20260808_17:00:00   3.5979e+00   2.8580e+02   5.3661e+01   0.0000e+00   4.3345e-03   3.0405e+02
20260808_18:00:00   3.5693e+00   2.8545e+02   5.3429e+01   0.0000e+00   4.9252e-03   3.0366e+02
20260808_19:00:00   3.5570e+00   2.8519e+02   5.3189e+01   0.0000e+00   4.5802e-04   3.0318e+02
20260808_20:00:00   3.5223e+00   2.8487e+02   5.2723e+01   0.0000e+00   1.7808e-05   3.0393e+02
20260808_21:00:00   3.5200e+00   2.8475e+02   5.2626e+01   5.0440e-04   1.1248e-03   3.0402e+02
20260808_22:00:00   3.4867e+00   2.8447e+02   5.2126e+01   5.2640e-03   1.8907e-02   3.0388e+02
20260808_23:00:00   3.4457e+00   2.8432e+02   5.1697e+01   0.0000e+00   1.3737e-03   3.0364e+02
20260809_00:00:00   3.4509e+00   2.8488e+02   5.1618e+01   0.0000e+00   6.3095e-04   3.0123e+02
20260809_01:00:00   3.4281e+00   2.8538e+02   5.1274e+01   0.0000e+00   1.4246e-06   2.9946e+02
20260809_02:00:00   3.3842e+00   2.8563e+02   5.0693e+01   0.0000e+00   0.0000e+00   3.0047e+02
20260809_03:00:00   3.4604e+00   2.8718e+02   5.1363e+01   0.0000e+00   1.3616e-04   3.0237e+02
20260809_04:00:00   3.4772e+00   2.8803e+02   5.1695e+01   7.2780e-05   1.8550e-03   3.0055e+02
20260809_05:00:00   3.5814e+00   2.8936e+02   5.2403e+01   1.9184e-02   8.0240e-03   2.9843e+02
20260809_06:00:00   3.5748e+00   2.8918e+02   5.2322e+01   1.9732e-02   2.4927e-02   2.9883e+02
20260809_07:00:00   3.5058e+00   2.8815e+02   5.1937e+01   2.0756e-03   7.2162e-03   2.9896e+02
20260809_08:00:00   3.5194e+00   2.8771e+02   5.2028e+01   0.0000e+00   9.3290e-03   2.9843e+02
20260809_09:00:00   3.5250e+00   2.8696e+02   5.1889e+01   0.0000e+00   1.2976e-02   2.9821e+02
20260809_10:00:00   3.4568e+00   2.8577e+02   5.1123e+01   0.0000e+00   2.0574e-02   2.9904e+02
20260809_11:00:00   3.3802e+00   2.8475e+02   5.0344e+01   0.0000e+00   2.2254e-02   2.9998e+02
20260809_12:00:00   3.2960e+00   2.8367e+02   4.9447e+01   0.0000e+00   5.8226e-02   2.9969e+02
20260809_13:00:00   3.2763e+00   2.8319e+02   4.9133e+01   0.0000e+00   6.9063e-02   3.0150e+02
20260809_14:00:00   3.3082e+00   2.8336e+02   4.9520e+01   0.0000e+00   5.1334e-02   3.0142e+02
20260809_15:00:00   3.3443e+00   2.8368e+02   4.9910e+01   0.0000e+00   1.5634e-02   2.9985e+02
20260809_16:00:00   3.3428e+00   2.8362e+02   4.9619e+01   0.0000e+00   2.4008e-02   2.9956e+02
20260809_17:00:00   3.3431e+00   2.8360e+02   4.9503e+01   0.0000e+00   1.8979e-02   2.9931e+02
20260809_18:00:00   3.3004e+00   2.8316e+02   4.8918e+01   0.0000e+00   3.1067e-02   2.9822e+02
20260809_19:00:00   3.2991e+00   2.8299e+02   4.8808e+01   0.0000e+00   7.8362e-02   2.9622e+02
20260809_20:00:00   3.2513e+00   2.8245e+02   4.8322e+01   0.0000e+00   1.2264e-01   2.9574e+02
20260809_21:00:00   3.2654e+00   2.8246e+02   4.8462e+01   0.0000e+00   1.1212e-01   2.9743e+02
20260809_22:00:00   3.2700e+00   2.8240e+02   4.8650e+01   0.0000e+00   1.1371e-01   2.9767e+02
20260809_23:00:00   3.2809e+00   2.8252e+02   4.9122e+01   0.0000e+00   5.2444e-02   2.9821e+02
20260810_00:00:00   3.2734e+00   2.8252e+02   4.9237e+01   0.0000e+00   2.3652e-02   2.9825e+02
20260810_01:00:00   3.2643e+00   2.8283e+02   4.9370e+01   0.0000e+00   2.8743e-02   2.9835e+02
20260810_02:00:00   3.2252e+00   2.8289e+02   4.9329e+01   0.0000e+00   1.2282e-02   2.9873e+02
20260810_03:00:00   3.2265e+00   2.8326e+02   4.9469e+01   0.0000e+00   2.3307e-02   2.9836e+02
20260810_04:00:00   3.2553e+00   2.8389e+02   5.0039e+01   0.0000e+00   1.3233e-02   2.9944e+02
20260810_05:00:00   3.2048e+00   2.8376e+02   4.9753e+01   0.0000e+00   2.9072e-02   2.9817e+02
20260810_06:00:00   3.1591e+00   2.8346e+02   4.9199e+01   0.0000e+00   5.1207e-02   2.9715e+02
20260810_07:00:00   3.1687e+00   2.8365e+02   4.8975e+01   4.4520e-05   6.7629e-02   2.9614e+02
20260810_08:00:00   3.1569e+00   2.8337e+02   4.8558e+01   8.4860e-04   4.6986e-02   2.9714e+02
20260810_09:00:00   3.1347e+00   2.8276e+02   4.8049e+01   5.7820e-04   7.2002e-03   2.9823e+02
20260810_10:00:00   3.1104e+00   2.8195e+02   4.7716e+01   0.0000e+00   3.9524e-02   2.9750e+02
20260810_11:00:00   3.0093e+00   2.8003e+02   4.6594e+01   0.0000e+00   4.3383e-02   2.9660e+02
20260810_12:00:00   2.9475e+00   2.7874e+02   4.5845e+01   0.0000e+00   3.7389e-02   2.9771e+02
20260810_13:00:00   2.8923e+00   2.7743e+02   4.5252e+01   0.0000e+00   8.6723e-02   2.9977e+02
20260810_14:00:00   2.8053e+00   2.7548e+02   4.4211e+01   0.0000e+00   1.2789e-01   2.9937e+02
20260810_15:00:00   2.7054e+00   2.7337e+02   4.2933e+01   0.0000e+00   1.4630e-01   2.9961e+02
20260810_16:00:00   2.6650e+00   2.7234e+02   4.2419e+01   0.0000e+00   1.2499e-01   3.0050e+02
20260810_17:00:00   2.5878e+00   2.7054e+02   4.1389e+01   0.0000e+00   1.5265e-01   3.0067e+02
20260810_18:00:00   2.5009e+00   2.6834e+02   4.0197e+01   0.0000e+00   1.0342e-01   3.0090e+02
20260810_19:00:00   2.4345e+00   2.6645e+02   3.9132e+01   0.0000e+00   8.9792e-02   3.0095e+02
20260810_20:00:00   2.3693e+00   2.6450e+02   3.8338e+01   0.0000e+00   1.1832e-01   2.9982e+02
20260810_21:00:00   2.2915e+00   2.6217e+02   3.7303e+01   0.0000e+00   1.1092e-01   2.9754e+02
20260810_22:00:00   2.2046e+00   2.5937e+02   3.6079e+01   0.0000e+00   1.3727e-01   2.9844e+02
20260810_23:00:00   2.1247e+00   2.5674e+02   3.5012e+01   0.0000e+00   1.7381e-01   2.9893e+02
20260811_00:00:00   2.0258e+00   2.5342e+02   3.3664e+01   0.0000e+00   8.6631e-02   2.9996e+02
20260811_01:00:00   1.9331e+00   2.5019e+02   3.2239e+01   0.0000e+00   5.3217e-02   3.0163e+02
20260811_02:00:00   1.8064e+00   2.4502e+02   3.0481e+01   0.0000e+00   1.0365e-01   3.0310e+02
20260811_03:00:00   1.7152e+00   2.4088e+02   2.9259e+01   0.0000e+00   5.7476e-02   3.0236e+02
20260811_04:00:00   1.7357e+00   2.4230e+02   2.9463e+01   0.0000e+00   7.4484e-02   3.0352e+02
20260811_05:00:00   1.6439e+00   2.3771e+02   2.8147e+01   0.0000e+00   5.6316e-02   3.0406e+02
20260811_06:00:00   1.5876e+00   2.3475e+02   2.7190e+01   0.0000e+00   2.7342e-02   3.0462e+02
20260811_07:00:00   1.6103e+00   2.3621e+02   2.7190e+01   0.0000e+00   1.8048e-02   3.0275e+02
20260811_08:00:00   1.5492e+00   2.3260e+02   2.5826e+01   0.0000e+00   1.6457e-03   3.0090e+02
20260811_09:00:00   1.5163e+00   2.3024e+02   2.4672e+01   0.0000e+00   4.3607e-03   3.0164e+02
20260811_10:00:00   1.4611e+00   2.2630e+02   2.3408e+01   0.0000e+00   4.2308e-03   3.0198e+02
20260811_11:00:00   1.3555e+00   2.1846e+02   2.1487e+01   0.0000e+00   2.2346e-03   3.0251e+02
20260811_12:00:00   1.2612e+00   2.1094e+02   1.9670e+01   0.0000e+00   1.1174e-03   3.0349e+02
20260811_15:00:00   1.0656e+00   1.9288e+02   1.6391e+01   0.0000e+00   5.8720e-04   3.0180e+02
20260811_18:00:00   1.1525e+00   2.0027e+02   1.7607e+01   0.0000e+00   3.8529e-03   3.0167e+02
20260811_21:00:00   1.1164e+00   1.9677e+02   1.7329e+01   0.0000e+00   6.2357e-03   3.0094e+02
20260812_00:00:00   1.2035e+00   2.0504e+02   1.8854e+01   0.0000e+00   2.2103e-03   2.9960e+02
20260812_03:00:00   1.5136e+00   2.2971e+02   2.3898e+01   0.0000e+00   3.0161e-02   2.9723e+02
20260812_06:00:00   1.8786e+00   2.5039e+02   2.9500e+01   0.0000e+00   5.3720e-04   2.9809e+02
20260812_09:00:00   2.0443e+00   2.5674e+02   3.1546e+01   0.0000e+00   5.1791e-03   2.9445e+02
20260812_12:00:00   2.1465e+00   2.5913e+02   3.2807e+01   0.0000e+00   9.6001e-03   2.9298e+02
20260812_15:00:00   2.0217e+00   2.5387e+02   3.1767e+01   0.0000e+00   8.1503e-03   2.9316e+02
20260812_18:00:00   1.9236e+00   2.4968e+02   3.0023e+01   0.0000e+00   1.7725e-03   2.9347e+02
20260812_21:00:00   2.2810e+00   2.6231e+02   3.4098e+01   0.0000e+00   1.3064e-03   2.9187e+02
20260813_00:00:00   2.5087e+00   2.6921e+02   3.7508e+01   6.7500e-05   3.3357e-03   2.9057e+02
20260813_03:00:00   2.5532e+00   2.7173e+02   3.7978e+01   1.0378e-03   1.9588e-03   2.9047e+02
20260813_06:00:00   2.8776e+00   2.7904e+02   4.1379e+01   1.5480e-02   2.2438e-03   2.8986e+02
20260813_09:00:00   3.2945e+00   2.8367e+02   4.6421e+01   2.9221e-02   2.4461e-03   2.8738e+02
20260813_12:00:00   3.5000e+00   2.8538e+02   4.9867e+01   3.6300e-02   5.3198e-03   2.8679e+02
20260813_15:00:00   3.5018e+00   2.8524e+02   5.1133e+01   1.3730e-02   5.2086e-03   2.9003e+02
20260813_18:00:00   3.4299e+00   2.8473e+02   5.0596e+01   0.0000e+00   2.4457e-03   2.8929e+02
20260813_21:00:00   3.4733e+00   2.8521e+02   5.1580e+01   0.0000e+00   6.9484e-03   2.9087e+02
20260814_00:00:00   3.2262e+00   2.8315e+02   4.9774e+01   0.0000e+00   2.4658e-03   2.9128e+02
20260814_03:00:00   3.2513e+00   2.8541e+02   4.9312e+01   5.9380e-03   1.4863e-03   2.9197e+02
20260814_06:00:00   3.3859e+00   2.8760e+02   4.9362e+01   1.0422e-01   8.2987e-04   2.9459e+02
20260814_09:00:00   2.9971e+00   2.8257e+02   4.6278e+01   2.1380e-02   5.2025e-04   2.9623e+02
20260814_12:00:00   2.6584e+00   2.7476e+02   4.2509e+01   0.0000e+00   2.0965e-03   2.9953e+02
20260814_15:00:00   2.6315e+00   2.7346e+02   4.1869e+01   0.0000e+00   1.9434e-03   2.9825e+02
20260814_18:00:00   2.5257e+00   2.7098e+02   3.8863e+01   0.0000e+00   5.3240e-03   2.9774e+02
20260814_21:00:00   2.6137e+00   2.7257e+02   3.9467e+01   0.0000e+00   2.9448e-03   2.9908e+02
20260815_00:00:00   2.5217e+00   2.7126e+02   3.8366e+01   0.0000e+00   9.6260e-06   2.9975e+02
20260815_03:00:00   2.6003e+00   2.7470e+02   3.9937e+01   0.0000e+00   0.0000e+00   3.0310e+02
20260815_06:00:00   2.7064e+00   2.7831e+02   4.1581e+01   3.4524e-03   0.0000e+00   3.0306e+02
20260815_09:00:00   3.3080e+00   2.8702e+02   4.5570e+01   1.1527e-01   8.3460e-04   3.0417e+02
20260815_12:00:00   3.2717e+00   2.8572e+02   4.5639e+01   8.6725e-02   3.8335e-05   3.0643e+02
20260815_15:00:00   2.9309e+00   2.8016e+02   4.3808e+01   0.0000e+00   1.7444e-03   3.0793e+02
20260815_18:00:00   2.7179e+00   2.7565e+02   4.1235e+01   0.0000e+00   2.1858e-05   3.0651e+02
20260815_21:00:00   2.4643e+00   2.6948e+02   3.7967e+01   0.0000e+00   0.0000e+00   3.0724e+02
20260816_00:00:00   2.4015e+00   2.6823e+02   3.7795e+01   0.0000e+00   3.3284e-03   3.0648e+02
20260816_03:00:00   2.4928e+00   2.7178e+02   4.0030e+01   0.0000e+00   1.1364e-01   3.1052e+02
20260816_06:00:00   2.7631e+00   2.7802e+02   4.3894e+01   0.0000e+00   3.2578e-01   3.1373e+02
20260816_09:00:00   2.8097e+00   2.7886e+02   4.4755e+01   0.0000e+00   8.1116e-02   3.1678e+02
20260816_12:00:00   2.7884e+00   2.7835e+02   4.4363e+01   0.0000e+00   6.9712e-04   3.1157e+02
20260816_15:00:00   2.9174e+00   2.8019e+02   4.5807e+01   0.0000e+00   5.0060e-07   3.0829e+02
20260816_18:00:00   3.0488e+00   2.8160e+02   4.6920e+01   0.0000e+00   5.0060e-07   3.0781e+02
20260816_21:00:00   3.0427e+00   2.8103e+02   4.6680e+01   0.0000e+00   1.3836e-05   3.1141e+02
20260817_00:00:00   2.9955e+00   2.8064e+02   4.6172e+01   0.0000e+00   1.0729e-04   3.1779e+02
20260817_03:00:00   3.0210e+00   2.8231e+02   4.7631e+01   0.0000e+00   7.8168e-06   3.1525e+02
20260817_06:00:00   3.2762e+00   2.8654e+02   5.0548e+01   2.7468e-02   2.4154e-03   3.1078e+02
20260817_09:00:00   3.6214e+00   2.8994e+02   5.4058e+01   2.5940e-02   4.7103e-03   3.0899e+02
20260817_12:00:00   3.4024e+00   2.8768e+02   5.1728e+01   0.0000e+00   1.5364e-04   3.0959e+02
20260817_15:00:00   3.1571e+00   2.8465e+02   4.8696e+01   0.0000e+00   8.9320e-04   3.0520e+02
20260817_18:00:00   3.2236e+00   2.8479e+02   4.9135e+01   0.0000e+00   0.0000e+00   3.0116e+02
20260817_21:00:00   3.3627e+00   2.8568e+02   5.0472e+01   0.0000e+00   0.0000e+00   3.0218e+02
20260818_00:00:00   3.4467e+00   2.8698e+02   5.1276e+01   0.0000e+00   6.7340e-06   3.0166e+02
20260818_03:00:00   3.4342e+00   2.8879e+02   5.0836e+01   5.8400e-03   0.0000e+00   3.0749e+02
20260818_06:00:00   4.5277e+00   2.9582e+02   5.3900e+01   3.4101e-01   5.9920e-05   3.0947e+02
20260818_09:00:00   4.9665e+00   2.9670e+02   5.6114e+01   4.2184e-01   0.0000e+00   3.1284e+02
20260818_12:00:00   4.1064e+00   2.9334e+02   5.5095e+01   1.3292e-01   1.2358e-05   3.1299e+02
20260818_15:00:00   3.7830e+00   2.9072e+02   5.5016e+01   7.4540e-03   2.7897e-03   3.1203e+02
20260818_18:00:00   3.8618e+00   2.9016e+02   5.5071e+01   2.7160e-02   2.5643e-04   3.1213e+02
20260818_21:00:00   3.7736e+00   2.8875e+02   5.5000e+01   0.0000e+00   7.3514e-03   3.1411e+02
20260819_00:00:00   3.5750e+00   2.8725e+02   5.2934e+01   0.0000e+00   1.6495e-02   3.1576e+02
20260819_03:00:00   3.3748e+00   2.8699e+02   5.1021e+01   0.0000e+00   1.3804e-03   3.1344e+02
20260819_06:00:00   3.3496e+00   2.8835e+02   5.1096e+01   2.8000e-04   3.5840e-05   3.1227e+02
20260819_09:00:00   4.1967e+00   2.9465e+02   5.3992e+01   2.0798e-01   0.0000e+00   3.0679e+02
20260819_12:00:00   3.9147e+00   2.9236e+02   5.2255e+01   1.5370e-01   1.5814e-04   3.0442e+02
20260819_15:00:00   3.9031e+00   2.9192e+02   5.2033e+01   1.4158e-01   3.0560e-03   3.0486e+02
20260819_18:00:00   3.4725e+00   2.8806e+02   5.0887e+01   5.7660e-06   1.7542e-04   3.0109e+02
20260819_21:00:00   3.3717e+00   2.8632e+02   4.9785e+01   0.0000e+00   4.8600e-03   2.9995e+02
20260820_00:00:00   3.4565e+00   2.8741e+02   5.0533e+01   0.0000e+00   1.4710e-03   3.0029e+02
20260820_03:00:00   3.4024e+00   2.8856e+02   5.0254e+01   1.5723e-03   1.5092e-05   2.9986e+02
20260820_06:00:00   4.0590e+00   2.9418e+02   5.2081e+01   2.0148e-01   0.0000e+00   2.9868e+02
20260820_09:00:00   3.9881e+00   2.9373e+02   5.2630e+01   1.3524e-01   1.1734e-05   2.9832e+02
20260820_12:00:00   3.5854e+00   2.9016e+02   5.1621e+01   1.8448e-04   1.1606e-04   2.9838e+02
20260820_15:00:00   3.5616e+00   2.8965e+02   5.1537e+01   0.0000e+00   4.4963e-04   2.9706e+02
20260820_18:00:00   3.6329e+00   2.8952e+02   5.2208e+01   0.0000e+00   2.4240e-04   2.9665e+02
20260820_21:00:00   3.6020e+00   2.8854e+02   5.1730e+01   0.0000e+00   8.7620e-04   2.9835e+02
20260821_00:00:00   3.5494e+00   2.8832e+02   5.0971e+01   0.0000e+00   2.8306e-05   2.9992e+02
20260821_03:00:00   3.5383e+00   2.9010e+02   5.1410e+01   2.8834e-03   1.2070e-04   2.9893e+02
20260821_06:00:00   3.8055e+00   2.9316e+02   5.2883e+01   8.5360e-02   2.9501e-02   2.9753e+02
20260821_09:00:00   4.1252e+00   2.9420e+02   5.5040e+01   1.1982e-01   2.8544e-02   2.9645e+02
20260821_12:00:00   3.8062e+00   2.9175e+02   5.4627e+01   3.4040e-02   1.8118e-03   2.9919e+02
20260821_15:00:00   3.7488e+00   2.9075e+02   5.4740e+01   6.1280e-03   4.7406e-03   2.9882e+02
20260821_18:00:00   3.9312e+00   2.9087e+02   5.6475e+01   1.6994e-02   6.5879e-04   2.9798e+02
20260821_21:00:00   3.9690e+00   2.9055e+02   5.7109e+01   2.1882e-03   5.0960e-03   2.9686e+02
20260822_00:00:00   3.9408e+00   2.9060e+02   5.7202e+01   0.0000e+00   8.0790e-03   2.9682e+02
20260822_03:00:00   3.9997e+00   2.9206e+02   5.8515e+01   1.2810e-03   5.7373e-03   2.9640e+02
20260822_06:00:00   3.8221e+00   2.9169e+02   5.6884e+01   1.6118e-04   1.0816e-03   2.9737e+02
20260822_09:00:00   4.1802e+00   2.9373e+02   5.6817e+01   1.4272e-01   1.8915e-02   2.9603e+02
20260822_12:00:00   3.6561e+00   2.8927e+02   5.4966e+01   0.0000e+00   6.7118e-03   2.9653e+02
