#            date       tau255        Tb[K]      pwv[mm] lwp[kg*m^-2] iwp[kg*m^-2]       o3[DU]
20260814_06:00:00   3.6545e+00   2.8807e+02   5.3159e+01   4.0883e-02   2.2941e-01   2.9558e+02
20260814_07:00:00   3.6980e+00   2.8839e+02   5.3122e+01   5.4741e-02   1.0274e-01   2.9604e+02
20260814_08:00:00   3.8839e+00   2.8969e+02   5.2617e+01   1.3061e-01   1.2250e-02   2.9747e+02
20260814_09:00:00   3.8210e+00   2.8923e+02   5.2163e+01   1.0659e-01   3.5529e-02   2.9825e+02
20260814_10:00:00   3.5508e+00   2.8702e+02   5.2126e+01   1.1888e-03   5.5370e-02   2.9993e+02
20260814_11:00:00   3.5894e+00   2.8719e+02   5.2512e+01   1.2253e-03   2.6165e-02   3.0265e+02
20260814_12:00:00   3.6508e+00   2.8743e+02   5.3163e+01   6.3840e-04   1.5997e-02   3.0337e+02
20260814_13:00:00   3.7225e+00   2.8765e+02   5.4031e+01   3.9949e-03   3.5164e-02   3.0299e+02
20260814_14:00:00   3.7651e+00   2.8779e+02   5.4325e+01   1.1682e-02   2.0712e-02   3.0234e+02
20260814_15:00:00   3.6748e+00   2.8705e+02   5.3376e+01   3.9764e-03   4.1830e-02   3.0210e+02
20260814_16:00:00   3.6395e+00   2.8660e+02   5.3327e+01   1.1870e-03   7.6055e-02   3.0051e+02
20260814_17:00:00   3.6794e+00   2.8665e+02   5.3825e+01   1.3934e-02   1.0746e-01   3.0112e+02
20260814_18:00:00   3.7030e+00   2.8661e+02   5.4025e+01   2.4183e-02   2.0449e-01   3.0420e+02
20260814_19:00:00   3.6791e+00   2.8628e+02   5.4335e+01   5.5757e-03   1.9878e-01   3.0676e+02
20260814_20:00:00   3.6723e+00   2.8609e+02   5.3820e+01   2.4383e-02   1.0458e-01   3.0814e+02
20260814_21:00:00   3.6764e+00   2.8602e+02   5.3363e+01   4.5527e-02   2.9322e-01   3.0854e+02
20260814_22:00:00   3.8366e+00   2.8696e+02   5.3625e+01   9.4515e-02   1.2959e-01   3.0786e+02
20260814_23:00:00   4.5418e+00   2.8986e+02   5.4726e+01   3.5060e-01   3.7521e-01   3.0663e+02
20260815_00:00:00   5.3753e+00   2.9128e+02   5.6262e+01   6.3821e-01   3.1361e-01   3.0676e+02
20260815_01:00:00   5.6894e+00   2.9139e+02   5.7471e+01   7.2228e-01   4.6637e-01   3.0609e+02
20260815_02:00:00   5.5684e+00   2.9090e+02   5.8105e+01   6.3929e-01   3.2193e-01   3.0605e+02
20260815_03:00:00   5.5048e+00   2.9085e+02   5.7997e+01   6.0658e-01   1.8076e-01   3.0798e+02
20260815_04:00:00   5.2014e+00   2.9064e+02   5.7665e+01   4.9967e-01   1.6201e-01   3.1047e+02
20260815_05:00:00   5.4025e+00   2.9097e+02   5.7687e+01   5.8912e-01   1.7535e-01   3.0936e+02
20260815_06:00:00   5.2278e+00   2.9076e+02   5.6572e+01   5.5776e-01   1.4285e-02   3.0563e+02
20260815_07:00:00   4.5760e+00   2.8938e+02   5.3346e+01   4.1474e-01   4.3745e-03   3.0245e+02
20260815_08:00:00   4.4078e+00   2.8878e+02   5.1024e+01   4.3248e-01   8.8616e-03   3.0123e+02
20260815_09:00:00   4.3626e+00   2.8869e+02   4.9407e+01   4.6636e-01   2.2536e-02   3.0158e+02
20260815_10:00:00   3.9117e+00   2.8686e+02   5.0012e+01   2.5702e-01   1.4594e-02   3.0364e+02
20260815_11:00:00   4.0253e+00   2.8756e+02   5.0514e+01   2.8938e-01   1.3714e-02   3.0401e+02
20260815_12:00:00   4.1945e+00   2.8835e+02   5.1030e+01   3.4394e-01   4.7380e-02   3.0408e+02
20260815_13:00:00   4.0184e+00   2.8760e+02   5.1684e+01   2.4519e-01   3.3957e-02   3.0624e+02
20260815_14:00:00   4.4735e+00   2.8940e+02   5.2071e+01   4.1667e-01   5.3400e-02   3.0572e+02
20260815_15:00:00   4.8516e+00   2.9048e+02   5.2742e+01   5.3823e-01   4.6490e-02   3.0421e+02
20260815_16:00:00   4.1103e+00   2.8810e+02   5.2432e+01   2.2678e-01   8.3361e-03   3.0358e+02
20260815_17:00:00   4.2560e+00   2.8874e+02   5.2215e+01   2.7786e-01   2.2749e-03   3.0311e+02
20260815_18:00:00   4.1586e+00   2.8819e+02   5.1809e+01   2.4560e-01   3.8640e-03   3.0469e+02
20260815_19:00:00   4.1497e+00   2.8804e+02   5.1851e+01   2.4073e-01   4.7320e-04   3.0495e+02
20260815_20:00:00   3.8017e+00   2.8608e+02   5.1771e+01   9.2487e-02   2.7128e-04   3.0575e+02
20260815_21:00:00   3.7805e+00   2.8580e+02   5.1876e+01   7.4759e-02   4.0380e-05   3.0576e+02
20260815_22:00:00   4.1125e+00   2.8755e+02   5.2404e+01   1.9262e-01   1.6496e-04   3.0620e+02
20260815_23:00:00   4.2779e+00   2.8834e+02   5.2714e+01   2.4950e-01   3.8784e-04   3.0745e+02
20260816_00:00:00   4.3005e+00   2.8860e+02   5.3490e+01   2.3227e-01   1.4086e-04   3.0705e+02
20260816_01:00:00   4.5311e+00   2.8977e+02   5.4107e+01   2.8870e-01   9.6594e-04   3.0495e+02
20260816_02:00:00   4.4154e+00   2.8944e+02   5.3459e+01   2.5459e-01   2.2066e-04   3.0441e+02
20260816_03:00:00   4.1924e+00   2.8884e+02   5.3503e+01   1.7035e-01   8.6837e-04   3.0503e+02
20260816_04:00:00   4.0807e+00   2.8890e+02   5.3534e+01   1.2132e-01   2.2704e-03   3.0536e+02
20260816_05:00:00   3.9693e+00   2.8868e+02   5.3006e+01   9.0329e-02   0.0000e+00   3.0389e+02
20260816_06:00:00   3.7729e+00   2.8763e+02   5.2348e+01   3.0041e-02   0.0000e+00   3.0381e+02
20260816_07:00:00   3.7628e+00   2.8783e+02   5.1725e+01   3.6305e-02   0.0000e+00   3.0607e+02
20260816_08:00:00   3.7354e+00   2.8763e+02   5.1652e+01   1.8718e-02   0.0000e+00   3.0895e+02
20260816_09:00:00   3.7806e+00   2.8775e+02   5.1864e+01   2.3142e-02   0.0000e+00   3.0985e+02
20260816_10:00:00   3.6970e+00   2.8689e+02   5.1186e+01   9.6611e-03   0.0000e+00   3.1119e+02
20260816_11:00:00   3.6986e+00   2.8667e+02   5.0946e+01   1.5925e-02   0.0000e+00   3.1131e+02
20260816_12:00:00   3.6488e+00   2.8619e+02   5.0451e+01   1.9270e-02   0.0000e+00   3.1202e+02
20260816_13:00:00   3.5836e+00   2.8552e+02   4.9787e+01   1.1828e-02   0.0000e+00   3.1299e+02
20260816_14:00:00   3.6237e+00   2.8578e+02   4.9507e+01   3.4753e-02   0.0000e+00   3.1460e+02
20260816_15:00:00   3.7007e+00   2.8625e+02   4.9971e+01   5.9640e-02   7.3304e-04   3.1396e+02
20260816_16:00:00   3.6674e+00   2.8588e+02   5.0388e+01   3.4635e-02   0.0000e+00   3.1393e+02
20260816_17:00:00   3.6967e+00   2.8597e+02   5.0739e+01   3.2964e-02   0.0000e+00   3.1294e+02
20260816_18:00:00   3.6380e+00   2.8549e+02   5.0268e+01   2.5069e-02   0.0000e+00   3.1262e+02
20260816_19:00:00   3.7303e+00   2.8606e+02   5.0308e+01   5.1400e-02   0.0000e+00   3.1230e+02
20260816_20:00:00   3.8190e+00   2.8651e+02   5.0765e+01   7.7800e-02   0.0000e+00   3.1141e+02
20260816_21:00:00   3.7838e+00   2.8619e+02   5.0764e+01   6.7973e-02   0.0000e+00   3.1322e+02
20260816_22:00:00   3.5663e+00   2.8456e+02   4.9680e+01   2.1830e-02   3.0033e-06   3.1761e+02
20260816_23:00:00   3.4768e+00   2.8394e+02   4.8754e+01   6.7205e-03   0.0000e+00   3.1987e+02
20260817_00:00:00   3.4699e+00   2.8415e+02   4.8478e+01   3.7242e-03   0.0000e+00   3.1997e+02
20260817_01:00:00   3.4112e+00   2.8414e+02   4.7803e+01   6.9040e-04   0.0000e+00   3.2079e+02
20260817_02:00:00   3.3866e+00   2.8456e+02   4.7478e+01   2.0116e-04   1.1674e-04   3.2093e+02
20260817_03:00:00   3.4118e+00   2.8539e+02   4.7115e+01   1.7039e-02   2.0440e-04   3.1852e+02
20260817_04:00:00   3.3814e+00   2.8567e+02   4.6157e+01   2.5683e-02   3.1480e-04   3.1793e+02
20260817_05:00:00   3.4330e+00   2.8665e+02   4.5669e+01   5.8740e-02   0.0000e+00   3.1813e+02
20260817_06:00:00   3.4447e+00   2.8689e+02   4.5119e+01   7.2400e-02   0.0000e+00   3.2003e+02
20260817_07:00:00   3.4396e+00   2.8691e+02   4.4423e+01   8.3000e-02   0.0000e+00   3.2122e+02
20260817_08:00:00   3.3856e+00   2.8622e+02   4.4455e+01   5.2321e-02   0.0000e+00   3.2243e+02
20260817_09:00:00   3.2609e+00   2.8478e+02   4.3736e+01   2.5794e-02   0.0000e+00   3.2125e+02
20260817_10:00:00   3.1045e+00   2.8262e+02   4.2783e+01   0.0000e+00   3.0960e-05   3.1997e+02
20260817_11:00:00   3.0142e+00   2.8105e+02   4.1457e+01   0.0000e+00   3.5680e-05   3.2172e+02
20260817_12:00:00   2.9388e+00   2.7988e+02   4.0288e+01   0.0000e+00   4.6740e-04   3.2206e+02
20260817_13:00:00   2.8633e+00   2.7858e+02   3.9273e+01   0.0000e+00   1.5092e-05   3.2121e+02
20260817_14:00:00   2.8135e+00   2.7763e+02   3.8461e+01   0.0000e+00   1.0392e-04   3.2029e+02
20260817_15:00:00   2.7593e+00   2.7652e+02   3.7675e+01   0.0000e+00   1.7050e-03   3.1904e+02
20260817_16:00:00   2.7014e+00   2.7538e+02   3.7056e+01   0.0000e+00   1.5268e-04   3.1879e+02
20260817_17:00:00   2.7632e+00   2.7627e+02   3.7853e+01   0.0000e+00   1.7296e-04   3.1579e+02
20260817_18:00:00   2.7316e+00   2.7553e+02   3.7155e+01   0.0000e+00   1.2129e-05   3.1590e+02
20260817_19:00:00   2.7281e+00   2.7527e+02   3.7008e+01   0.0000e+00   6.8002e-04   3.1348e+02
20260817_20:00:00   2.6889e+00   2.7438e+02   3.6385e+01   0.0000e+00   1.8230e-05   3.1148e+02
20260817_21:00:00   2.6440e+00   2.7335e+02   3.5785e+01   0.0000e+00   7.9360e-04   3.1005e+02
20260817_22:00:00   2.5786e+00   2.7195e+02   3.5160e+01   0.0000e+00   2.5560e-03   3.1031e+02
20260817_23:00:00   2.5716e+00   2.7186e+02   3.5124e+01   0.0000e+00   2.2380e-03   3.1003e+02
20260818_00:00:00   2.5538e+00   2.7175e+02   3.5071e+01   5.7196e-04   1.2156e-04   3.0975e+02
20260818_01:00:00   2.5902e+00   2.7313e+02   3.5515e+01   5.0332e-03   0.0000e+00   3.0940e+02
20260818_02:00:00   2.5311e+00   2.7245e+02   3.5339e+01   1.3054e-03   0.0000e+00   3.0885e+02
20260818_03:00:00   2.3936e+00   2.6968e+02   3.4160e+01   0.0000e+00   0.0000e+00   3.0884e+02
20260818_04:00:00   2.3131e+00   2.6789e+02   3.3572e+01   0.0000e+00   0.0000e+00   3.0849e+02
20260818_05:00:00   2.2361e+00   2.6593e+02   3.2912e+01   0.0000e+00   0.0000e+00   3.0877e+02
20260818_06:00:00   2.1318e+00   2.6260e+02   3.1671e+01   0.0000e+00   1.5128e-04   3.0697e+02
20260818_07:00:00   2.0493e+00   2.5950e+02   3.0532e+01   0.0000e+00   1.3826e-03   3.0489e+02
20260818_08:00:00   1.9266e+00   2.5440e+02   2.9123e+01   0.0000e+00   5.4201e-04   3.0464e+02
20260818_09:00:00   1.8469e+00   2.5061e+02   2.8214e+01   0.0000e+00   0.0000e+00   3.0426e+02
20260818_10:00:00   1.7824e+00   2.4737e+02   2.7288e+01   0.0000e+00   0.0000e+00   3.0395e+02
20260818_11:00:00   1.7222e+00   2.4425e+02   2.6233e+01   0.0000e+00   0.0000e+00   3.0361e+02
20260818_12:00:00   1.8187e+00   2.4884e+02   2.7343e+01   0.0000e+00   1.1126e-04   3.0145e+02
20260818_13:00:00   1.9311e+00   2.5369e+02   2.8648e+01   0.0000e+00   8.0319e-04   3.0082e+02
20260818_14:00:00   2.0676e+00   2.5890e+02   3.0271e+01   0.0000e+00   2.0203e-03   2.9963e+02
20260818_15:00:00   2.1803e+00   2.6248e+02   3.1722e+01   0.0000e+00   3.6528e-03   2.9908e+02
20260818_16:00:00   2.2235e+00   2.6364e+02   3.2480e+01   0.0000e+00   2.2899e-03   2.9897e+02
20260818_17:00:00   2.2587e+00   2.6464e+02   3.2944e+01   0.0000e+00   1.7926e-03   2.9835e+02
20260818_18:00:00   2.3362e+00   2.6672e+02   3.3916e+01   0.0000e+00   2.5018e-03   2.9777e+02
20260818_19:00:00   2.4430e+00   2.6926e+02   3.5456e+01   0.0000e+00   1.8838e-02   2.9807e+02
20260818_20:00:00   2.6248e+00   2.7309e+02   3.8079e+01   0.0000e+00   2.1744e-01   2.9803e+02
20260818_21:00:00   2.7553e+00   2.7562e+02   4.0012e+01   0.0000e+00   3.8945e-02   2.9656e+02
20260818_22:00:00   2.9199e+00   2.7833e+02   4.2376e+01   2.4880e-03   1.1712e-02   2.9575e+02
20260818_23:00:00   3.0702e+00   2.8068e+02   4.2803e+01   4.0719e-02   5.9440e-04   2.9660e+02
20260819_00:00:00   3.3174e+00   2.8384e+02   4.3903e+01   1.0582e-01   2.0189e-03   2.9591e+02
20260819_01:00:00   3.2756e+00   2.8363e+02   4.4617e+01   7.4360e-02   8.4920e-03   2.9556e+02
20260819_02:00:00   3.0504e+00   2.8127e+02   4.4222e+01   1.0430e-02   2.2905e-03   2.9545e+02
20260819_03:00:00   3.0202e+00   2.8153e+02   4.4799e+01   0.0000e+00   2.7664e-04   2.9538e+02
20260819_04:00:00   3.1349e+00   2.8369e+02   4.6821e+01   1.0099e-03   3.8176e-04   2.9421e+02
20260819_05:00:00   3.1044e+00   2.8388e+02   4.6689e+01   2.0965e-03   1.3608e-04   2.9419e+02
20260819_06:00:00   3.1325e+00   2.8461e+02   4.7686e+01   1.1530e-04   4.7340e-04   2.9300e+02
20260819_09:00:00   3.4821e+00   2.8741e+02   5.2158e+01   1.3492e-02   2.5148e-02   2.9528e+02
20260819_12:00:00   3.3877e+00   2.8589e+02   5.1295e+01   0.0000e+00   1.8170e-02   2.9402e+02
20260819_15:00:00   3.3353e+00   2.8531e+02   5.0844e+01   0.0000e+00   3.0480e-02   2.9464e+02
20260819_18:00:00   3.4301e+00   2.8554e+02   5.1147e+01   0.0000e+00   9.6419e-02   2.9426e+02
20260819_21:00:00   3.3263e+00   2.8459e+02   4.9901e+01   1.8354e-03   2.6593e-03   2.9278e+02
20260820_00:00:00   3.3361e+00   2.8484e+02   4.9718e+01   0.0000e+00   2.9702e-02   2.9372e+02
20260820_03:00:00   3.2720e+00   2.8567e+02   5.0014e+01   0.0000e+00   5.4142e-02   2.9639e+02
20260820_06:00:00   3.4325e+00   2.8857e+02   5.2903e+01   1.7988e-03   6.4564e-02   2.9483e+02
20260820_09:00:00   3.4168e+00   2.8864e+02   5.2627e+01   2.2310e-04   1.1928e-02   2.9465e+02
20260820_12:00:00   3.5975e+00   2.8974e+02   5.4810e+01   4.6300e-05   1.2578e-02   2.9679e+02
20260820_15:00:00   3.5797e+00   2.8940e+02   5.3855e+01   0.0000e+00   4.2963e-04   2.9750e+02
20260820_18:00:00   3.6178e+00   2.8930e+02   5.3944e+01   6.2620e-04   1.4364e-02   2.9210e+02
20260820_21:00:00   3.7408e+00   2.8944e+02   5.5518e+01   0.0000e+00   6.2700e-03   2.9431e+02
20260821_00:00:00   3.8420e+00   2.8997e+02   5.6820e+01   6.3980e-03   6.9888e-02   2.9227e+02
20260821_03:00:00   4.1449e+00   2.9301e+02   5.8729e+01   8.2039e-02   1.6958e-02   2.9100e+02
20260821_06:00:00   5.0043e+00   2.9542e+02   5.8726e+01   4.4579e-01   1.2406e-02   2.9021e+02
20260821_09:00:00   4.1148e+00   2.9176e+02   5.7655e+01   1.1724e-01   2.1596e-02   2.8851e+02
20260821_12:00:00   4.1143e+00   2.9102e+02   6.0661e+01   2.8339e-03   3.2526e-03   2.8930e+02
20260821_15:00:00   4.1326e+00   2.9067e+02   6.0601e+01   8.7840e-04   9.1927e-04   2.8822e+02
20260821_18:00:00   4.7152e+00   2.9247e+02   6.2568e+01   1.5098e-01   1.0883e-03   2.8638e+02
20260821_21:00:00   4.7330e+00   2.9157e+02   6.2842e+01   1.7502e-01   1.8700e-01   2.8610e+02
20260822_00:00:00   4.2211e+00   2.9000e+02   6.1438e+01   3.3776e-03   9.0758e-02   2.8738e+02
20260822_03:00:00   4.3627e+00   2.9233e+02   6.1674e+01   6.1857e-02   1.8235e-03   2.8758e+02
20260822_06:00:00   4.4068e+00   2.9383e+02   6.0349e+01   1.0654e-01   1.0864e-04   2.8870e+02
20260822_09:00:00   3.9736e+00   2.9175e+02   5.6794e+01   1.2884e-03   0.0000e+00   2.9273e+02
20260822_12:00:00   3.6550e+00   2.8914e+02   5.1793e+01   0.0000e+00   0.0000e+00   2.9270e+02
20260822_15:00:00   3.4262e+00   2.8661e+02   4.7891e+01   0.0000e+00   0.0000e+00   2.9259e+02
20260822_18:00:00   3.2396e+00   2.8411e+02   4.5297e+01   0.0000e+00   0.0000e+00   2.9217e+02
20260822_21:00:00   3.0706e+00   2.8143e+02   4.3708e+01   0.0000e+00   0.0000e+00   2.9105e+02
20260823_00:00:00   2.8704e+00   2.7869e+02   4.1554e+01   0.0000e+00   0.0000e+00   2.9700e+02
20260823_03:00:00   2.6111e+00   2.7583e+02   3.7607e+01   6.0540e-05   0.0000e+00   3.0243e+02
20260823_06:00:00   2.8322e+00   2.8148e+02   4.0533e+01   0.0000e+00   0.0000e+00   2.9847e+02
20260823_09:00:00   2.9002e+00   2.8239e+02   4.1224e+01   8.0720e-05   2.2839e-05   2.9440e+02
20260823_12:00:00   2.8047e+00   2.7968e+02   3.9503e+01   0.0000e+00   2.0260e-05   2.9601e+02
20260823_15:00:00   2.7222e+00   2.7775e+02   3.8265e+01   0.0000e+00   5.2460e-05   2.9492e+02
20260823_18:00:00   2.8313e+00   2.7881e+02   3.9070e+01   0.0000e+00   3.8909e-03   2.9331e+02
20260823_21:00:00   2.5207e+00   2.7175e+02   3.5077e+01   0.0000e+00   1.7890e-02   2.9495e+02
20260824_00:00:00   2.2670e+00   2.6516e+02   3.2184e+01   0.0000e+00   1.5334e-02   2.9765e+02
20260824_03:00:00   2.3366e+00   2.6768e+02   3.5941e+01   0.0000e+00   6.3763e-02   2.9697e+02
20260824_06:00:00   2.2957e+00   2.6600e+02   3.7099e+01   0.0000e+00   1.9205e-01   2.9523e+02
20260824_09:00:00   2.0588e+00   2.5813e+02   3.2553e+01   0.0000e+00   7.5502e-02   2.9334e+02
20260824_12:00:00   2.0592e+00   2.5781e+02   3.2898e+01   0.0000e+00   4.4280e-02   2.9412e+02
20260824_15:00:00   2.7278e+00   2.7456e+02   4.3579e+01   8.1580e-03   3.7814e-02   2.8784e+02
20260824_18:00:00   3.8406e+00   2.8667e+02   4.7077e+01   3.3507e-01   3.5769e-02   2.8625e+02
20260824_21:00:00   5.1999e+00   2.9127e+02   5.5957e+01   6.2096e-01   3.1973e-01   2.8516e+02
20260825_00:00:00   8.9578e+00   2.9255e+02   6.2173e+01   1.8065e+00   1.4861e-01   2.8514e+02
20260825_03:00:00   7.5398e+00   2.9265e+02   6.7003e+01   1.0885e+00   1.5323e+00   2.8189e+02
20260825_06:00:00   8.8959e+00   2.9386e+02   6.1351e+01   1.6872e+00   8.0364e-02   2.8806e+02
20260825_09:00:00   4.5721e+00   2.9232e+02   5.7654e+01   1.3796e-01   0.0000e+00   2.9239e+02
20260825_12:00:00   3.9117e+00   2.8882e+02   5.1252e+01   4.0600e-02   0.0000e+00   2.9515e+02
20260825_15:00:00   3.5701e+00   2.8616e+02   4.4757e+01   6.6460e-02   0.0000e+00   2.9678e+02
20260825_18:00:00   2.2902e+00   2.6420e+02   3.2162e+01   6.8730e-05   0.0000e+00   2.9980e+02
20260825_21:00:00   2.1696e+00   2.5921e+02   3.0610e+01   0.0000e+00   0.0000e+00   3.0245e+02
20260826_00:00:00   2.5517e+00   2.6958e+02   3.4802e+01   4.3811e-03   0.0000e+00   3.0133e+02
20260826_03:00:00   2.6418e+00   2.7174e+02   3.5255e+01   4.2431e-02   0.0000e+00   3.0207e+02
20260826_06:00:00   2.6976e+00   2.7286e+02   3.6022e+01   3.0138e-02   1.5092e-05   3.0550e+02
20260826_09:00:00   2.5242e+00   2.6874e+02   3.4280e+01   2.7677e-05   0.0000e+00   3.0746e+02
20260826_12:00:00   2.4930e+00   2.6734e+02   3.3433e+01   6.4085e-03   0.0000e+00   3.0892e+02
20260826_15:00:00   2.4454e+00   2.6578e+02   3.2759e+01   2.8923e-05   0.0000e+00   3.0972e+02
20260826_18:00:00   2.3786e+00   2.6349e+02   3.1737e+01   1.3170e-03   0.0000e+00   3.1033e+02
20260826_21:00:00   2.1264e+00   2.5544e+02   2.8726e+01   5.4643e-03   0.0000e+00   3.1410e+02
20260827_00:00:00   2.6595e+00   2.6914e+02   3.2043e+01   1.1811e-01   0.0000e+00   3.1738e+02
20260827_03:00:00   2.9303e+00   2.7394e+02   4.2188e+01   9.2810e-03   0.0000e+00   3.1855e+02
20260827_06:00:00   3.0343e+00   2.7604e+02   4.2162e+01   4.7624e-02   0.0000e+00   3.1839e+02
20260827_09:00:00   2.9256e+00   2.7447e+02   4.1365e+01   2.8454e-02   0.0000e+00   3.1694e+02
20260827_12:00:00   2.8018e+00   2.7230e+02   4.0934e+01   9.0820e-05   0.0000e+00   3.1577e+02
20260827_15:00:00   2.7861e+00   2.7192e+02   4.0884e+01   0.0000e+00   1.2514e-06   3.1619e+02
20260827_18:00:00   2.8395e+00   2.7255e+02   4.1454e+01   0.0000e+00   5.9241e-04   3.1528e+02
20260827_21:00:00   2.6378e+00   2.6897e+02   3.7330e+01   0.0000e+00   0.0000e+00   3.1381e+02
20260828_00:00:00   2.6037e+00   2.6878e+02   3.6375e+01   8.6717e-04   0.0000e+00   3.1685e+02
20260828_03:00:00   2.8256e+00   2.7471e+02   3.7097e+01   6.4701e-02   0.0000e+00   3.1817e+02
20260828_06:00:00   2.7660e+00   2.7442e+02   3.7559e+01   4.0860e-02   0.0000e+00   3.1607e+02
20260828_09:00:00   2.4905e+00   2.6942e+02   3.4725e+01   5.9140e-03   0.0000e+00   3.1819e+02
20260828_12:00:00   2.4252e+00   2.6738e+02   3.4007e+01   1.8708e-03   1.3638e-05   3.1833e+02
20260828_15:00:00   2.5172e+00   2.6892e+02   3.5530e+01   0.0000e+00   8.8241e-03   3.1275e+02
20260828_18:00:00   2.3120e+00   2.6365e+02   3.3479e+01   0.0000e+00   2.5539e-02   3.1308e+02
20260828_21:00:00   2.2922e+00   2.6271e+02   3.2615e+01   0.0000e+00   5.4661e-02   3.1224e+02
20260829_00:00:00   2.3202e+00   2.6377e+02   3.3115e+01   0.0000e+00   9.4497e-02   3.1083e+02
20260829_03:00:00   2.3816e+00   2.6664e+02   3.4453e+01   0.0000e+00   1.0569e-01   3.0829e+02
20260829_06:00:00   2.4103e+00   2.6849e+02   3.5261e+01   9.3860e-06   9.0149e-02   3.0569e+02
20260829_09:00:00   2.5261e+00   2.7142e+02   3.6452e+01   3.0280e-03   6.6947e-03   3.0563e+02
20260829_12:00:00   2.4047e+00   2.6803e+02   3.5286e+01   0.0000e+00   1.1200e-03   3.0396e+02
20260829_15:00:00   2.4762e+00   2.6953e+02   3.6058e+01   0.0000e+00   6.1151e-04   3.0205e+02
20260829_18:00:00   2.5104e+00   2.6979e+02   3.6258e+01   0.0000e+00   1.1126e-04   2.9933e+02
20260829_21:00:00   2.5989e+00   2.7143e+02   3.7324e+01   0.0000e+00   2.1522e-03   2.9839e+02
20260830_00:00:00   2.7052e+00   2.7395e+02   3.8579e+01   0.0000e+00   1.0538e-02   2.9889e+02
20260830_03:00:00   2.8353e+00   2.7795e+02   4.0217e+01   2.9020e-03   4.1007e-03   2.9780e+02
20260830_06:00:00   3.5851e+00   2.8732e+02   4.4662e+01   1.9521e-01   2.6884e-02   2.9340e+02
