#            date       tau255        Tb[K]      pwv[mm] lwp[kg*m^-2] iwp[kg*m^-2]       o3[DU]
20261001_06:00:00   5.1303e-01   1.1625e+02   8.4170e+00   0.0000e+00   4.1874e-06   3.0223e+02
20261001_07:00:00   5.9014e-01   1.2869e+02   9.5339e+00   0.0000e+00   3.7500e-05   3.0326e+02
20261001_08:00:00   6.0335e-01   1.3086e+02   9.6096e+00   0.0000e+00   8.4616e-04   3.0368e+02
20261001_09:00:00   5.9242e-01   1.2898e+02   9.4648e+00   0.0000e+00   2.1977e-03   3.0545e+02
20261001_10:00:00   5.8639e-01   1.2782e+02   9.3702e+00   0.0000e+00   3.1716e-02   3.0576e+02
20261001_11:00:00   5.4258e-01   1.2098e+02   8.5478e+00   0.0000e+00   1.2549e-03   3.0654e+02
20261001_12:00:00   5.1495e-01   1.1628e+02   8.0813e+00   0.0000e+00   6.9177e-03   3.0681e+02
20261001_13:00:00   4.7801e-01   1.0975e+02   7.6307e+00   0.0000e+00   1.4764e-02   3.0686e+02
20261001_14:00:00   4.6081e-01   1.0720e+02   7.0483e+00   0.0000e+00   3.4760e-04   3.0679e+02
20261001_15:00:00   4.4387e-01   1.0422e+02   6.7453e+00   0.0000e+00   0.0000e+00   3.0656e+02
20261001_16:00:00   4.3780e-01   1.0309e+02   6.6543e+00   0.0000e+00   0.0000e+00   3.0557e+02
20261001_17:00:00   4.4660e-01   1.0457e+02   6.8183e+00   0.0000e+00   0.0000e+00   3.0378e+02
20261001_18:00:00   4.4523e-01   1.0419e+02   6.8308e+00   0.0000e+00   0.0000e+00   3.0338e+02
20261001_19:00:00   4.1793e-01   9.9236e+01   6.4358e+00   0.0000e+00   0.0000e+00   3.0312e+02
20261001_20:00:00   3.9360e-01   9.4732e+01   6.0383e+00   0.0000e+00   0.0000e+00   3.0325e+02
20261001_21:00:00   3.8777e-01   9.3605e+01   5.9319e+00   0.0000e+00   0.0000e+00   3.0453e+02
20261001_22:00:00   3.9161e-01   9.4291e+01   5.9920e+00   0.0000e+00   0.0000e+00   3.0381e+02
20261001_23:00:00   3.9436e-01   9.4836e+01   6.0458e+00   0.0000e+00   0.0000e+00   3.0384e+02
20261002_00:00:00   3.8795e-01   9.3704e+01   5.9885e+00   0.0000e+00   0.0000e+00   3.0183e+02
20261002_01:00:00   3.9322e-01   9.4758e+01   6.1212e+00   0.0000e+00   0.0000e+00   3.0124e+02
20261002_02:00:00   3.9326e-01   9.4921e+01   6.1400e+00   0.0000e+00   0.0000e+00   3.0139e+02
20261002_03:00:00   3.9533e-01   9.5504e+01   6.2009e+00   0.0000e+00   0.0000e+00   3.0099e+02
20261002_04:00:00   4.2817e-01   1.0166e+02   6.7420e+00   0.0000e+00   0.0000e+00   2.9967e+02
20261002_05:00:00   4.5784e-01   1.0706e+02   7.2199e+00   0.0000e+00   0.0000e+00   3.0007e+02
20261002_06:00:00   4.7435e-01   1.1006e+02   7.4733e+00   0.0000e+00   0.0000e+00   2.9989e+02
20261002_07:00:00   4.9004e-01   1.1284e+02   7.6976e+00   0.0000e+00   0.0000e+00   3.0075e+02
20261002_08:00:00   4.7993e-01   1.1111e+02   7.5916e+00   0.0000e+00   0.0000e+00   3.0166e+02
20261002_09:00:00   4.6099e-01   1.0773e+02   7.3106e+00   0.0000e+00   0.0000e+00   3.0356e+02
20261002_10:00:00   4.5297e-01   1.0618e+02   7.1959e+00   0.0000e+00   0.0000e+00   3.0369e+02
20261002_11:00:00   4.4144e-01   1.0399e+02   7.0651e+00   0.0000e+00   0.0000e+00   3.0321e+02
20261002_12:00:00   4.3393e-01   1.0251e+02   6.9973e+00   0.0000e+00   0.0000e+00   3.0273e+02
20261002_13:00:00   4.3806e-01   1.0314e+02   7.1093e+00   0.0000e+00   0.0000e+00   3.0289e+02
20261002_14:00:00   4.4141e-01   1.0363e+02   7.2166e+00   0.0000e+00   6.3340e-05   3.0231e+02
20261002_15:00:00   4.5469e-01   1.0586e+02   7.4663e+00   0.0000e+00   2.0262e-03   3.0067e+02
20261002_16:00:00   4.7202e-01   1.0870e+02   7.8079e+00   0.0000e+00   2.6339e-03   2.9863e+02
20261002_17:00:00   4.8074e-01   1.1015e+02   7.9552e+00   0.0000e+00   4.9816e-03   2.9801e+02
20261002_18:00:00   4.9084e-01   1.1184e+02   8.1163e+00   0.0000e+00   8.6233e-03   2.9915e+02
20261002_19:00:00   4.9539e-01   1.1254e+02   8.2132e+00   0.0000e+00   1.0425e-02   3.0008e+02
20261002_20:00:00   4.9695e-01   1.1275e+02   8.2315e+00   0.0000e+00   1.2698e-02   3.0450e+02
20261002_21:00:00   4.8790e-01   1.1122e+02   8.1075e+00   0.0000e+00   1.5850e-02   3.0597e+02
20261002_22:00:00   4.9733e-01   1.1268e+02   8.3151e+00   0.0000e+00   3.3517e-02   3.0656e+02
20261002_23:00:00   5.1437e-01   1.1550e+02   8.6584e+00   0.0000e+00   4.3868e-02   3.0736e+02
20261003_00:00:00   5.6417e-01   1.2341e+02   9.5641e+00   0.0000e+00   9.3504e-02   3.0821e+02
20261003_01:00:00   6.1825e-01   1.3171e+02   1.0500e+01   0.0000e+00   1.0372e-01   3.0362e+02
20261003_02:00:00   6.6751e-01   1.3895e+02   1.1345e+01   0.0000e+00   7.8510e-02   3.0097e+02
20261003_03:00:00   7.3565e-01   1.4866e+02   1.2390e+01   0.0000e+00   3.2945e-02   2.9694e+02
20261003_04:00:00   8.0356e-01   1.5784e+02   1.3485e+01   0.0000e+00   2.4188e-02   2.9601e+02
20261003_05:00:00   8.6768e-01   1.6578e+02   1.4541e+01   0.0000e+00   6.7829e-02   2.9542e+02
20261003_06:00:00   9.2332e-01   1.7226e+02   1.5381e+01   0.0000e+00   9.2252e-02   2.9531e+02
20261003_07:00:00   9.9667e-01   1.8019e+02   1.6452e+01   0.0000e+00   7.8418e-02   2.9549e+02
20261003_08:00:00   1.0777e+00   1.8837e+02   1.7529e+01   0.0000e+00   1.1477e-01   2.9664e+02
20261003_09:00:00   1.1186e+00   1.9232e+02   1.8051e+01   0.0000e+00   1.5770e-01   2.9556e+02
20261003_10:00:00   1.1906e+00   1.9847e+02   1.9178e+01   0.0000e+00   1.7171e-01   2.9462e+02
20261003_11:00:00   1.2853e+00   2.0595e+02   2.0559e+01   0.0000e+00   2.8132e-01   2.9501e+02
20261003_12:00:00   1.3710e+00   2.1202e+02   2.1799e+01   0.0000e+00   3.7768e-01   2.9417e+02
20261003_13:00:00   1.4021e+00   2.1403e+02   2.2107e+01   0.0000e+00   4.5223e-01   2.9289e+02
20261003_14:00:00   1.3410e+00   2.0977e+02   2.1105e+01   0.0000e+00   3.6453e-01   2.9298e+02
20261003_15:00:00   1.2826e+00   2.0549e+02   2.0074e+01   0.0000e+00   2.4810e-01   2.9406e+02
20261003_16:00:00   1.2329e+00   2.0163e+02   1.9320e+01   0.0000e+00   1.1809e-01   2.9318e+02
20261003_17:00:00   1.2474e+00   2.0277e+02   1.9437e+01   0.0000e+00   4.4803e-03   2.9337e+02
20261003_18:00:00   1.2120e+00   2.0002e+02   1.8809e+01   0.0000e+00   4.8323e-03   2.9255e+02
20261003_19:00:00   1.2199e+00   2.0059e+02   1.8845e+01   0.0000e+00   1.3861e-03   2.9247e+02
20261003_20:00:00   1.2098e+00   1.9983e+02   1.8538e+01   0.0000e+00   3.7907e-05   2.9214e+02
20261003_21:00:00   1.2337e+00   2.0174e+02   1.8812e+01   0.0000e+00   0.0000e+00   2.9175e+02
20261003_22:00:00   1.3028e+00   2.0696e+02   1.9768e+01   0.0000e+00   0.0000e+00   2.9303e+02
20261003_23:00:00   1.3508e+00   2.1046e+02   2.0501e+01   0.0000e+00   0.0000e+00   2.9268e+02
20261004_00:00:00   1.3463e+00   2.1028e+02   2.0544e+01   0.0000e+00   0.0000e+00   2.9190e+02
20261004_01:00:00   1.2829e+00   2.0597e+02   1.9774e+01   0.0000e+00   0.0000e+00   2.9092e+02
20261004_02:00:00   1.2767e+00   2.0573e+02   1.9861e+01   0.0000e+00   0.0000e+00   2.8969e+02
20261004_03:00:00   1.2981e+00   2.0757e+02   2.0351e+01   0.0000e+00   7.0076e-06   2.8821e+02
20261004_04:00:00   1.3299e+00   2.1011e+02   2.0788e+01   5.4880e-04   4.9499e-04   2.8770e+02
20261004_05:00:00   1.4031e+00   2.1570e+02   2.1663e+01   7.8100e-04   8.6680e-04   2.8765e+02
20261004_06:00:00   1.6185e+00   2.2906e+02   2.4262e+01   6.3888e-03   5.9574e-03   2.8827e+02
20261004_07:00:00   2.2617e+00   2.5443e+02   2.6390e+01   2.0907e-01   6.5513e-02   2.8885e+02
20261004_08:00:00   3.8483e+00   2.7719e+02   2.8285e+01   7.9926e-01   1.6145e-01   2.8818e+02
20261004_09:00:00   4.2315e+00   2.7913e+02   3.0236e+01   8.8792e-01   2.1034e-01   2.8832e+02
20261004_10:00:00   3.9409e+00   2.7786e+02   3.0596e+01   7.5200e-01   1.2361e-01   2.8843e+02
20261004_11:00:00   2.9777e+00   2.6970e+02   3.0039e+01   3.6086e-01   2.0430e-02   2.8906e+02
20261004_12:00:00   4.4348e+00   2.8086e+02   3.1675e+01   9.0739e-01   6.4313e-02   2.8927e+02
20261004_13:00:00   4.1107e+00   2.7997e+02   3.1223e+01   7.6305e-01   7.6317e-02   2.8954e+02
20261004_14:00:00   4.6476e+00   2.8074e+02   2.9816e+01   1.0425e+00   3.6760e-02   2.8872e+02
20261004_15:00:00   3.4025e+00   2.7356e+02   2.7667e+01   5.9027e-01   4.7006e-02   2.8898e+02
20261004_16:00:00   2.9254e+00   2.6809e+02   2.5637e+01   4.3558e-01   2.3606e-02   2.9082e+02
20261004_17:00:00   2.5578e+00   2.6150e+02   2.3740e+01   3.3421e-01   9.0709e-03   2.9087e+02
20261004_18:00:00   2.0790e+00   2.4817e+02   2.1940e+01   1.9463e-01   1.2918e-02   2.9097e+02
20261004_19:00:00   1.4425e+00   2.1738e+02   1.8797e+01   3.7018e-02   5.3360e-03   2.9130e+02
20261004_20:00:00   1.2389e+00   2.0252e+02   1.6905e+01   1.7638e-02   5.2746e-03   2.9071e+02
20261004_21:00:00   1.5225e+00   2.2173e+02   1.7211e+01   1.2517e-01   5.7200e-04   2.9093e+02
20261004_22:00:00   1.8293e+00   2.3735e+02   1.7555e+01   2.3878e-01   8.0757e-05   2.9166e+02
20261004_23:00:00   1.3795e+00   2.1246e+02   1.8689e+01   2.7495e-02   7.9400e-06   2.9408e+02
20261005_00:00:00   1.9494e+00   2.4189e+02   2.0938e+01   1.9180e-01   1.1892e-04   2.9567e+02
20261005_01:00:00   1.3798e+00   2.1285e+02   1.9310e+01   2.2475e-03   0.0000e+00   2.9612e+02
20261005_02:00:00   1.2601e+00   2.0439e+02   1.7372e+01   1.0754e-02   0.0000e+00   2.9945e+02
20261005_03:00:00   1.2350e+00   2.0236e+02   1.7052e+01   1.1194e-02   0.0000e+00   3.0171e+02
20261005_04:00:00   1.4123e+00   2.1526e+02   1.7609e+01   6.6320e-02   0.0000e+00   3.0088e+02
20261005_05:00:00   1.2757e+00   2.0529e+02   1.6947e+01   3.1777e-02   0.0000e+00   2.9967e+02
20261005_06:00:00   1.2741e+00   2.0506e+02   1.6457e+01   4.6760e-02   0.0000e+00   3.0036e+02
20261005_07:00:00   1.2829e+00   2.0578e+02   1.6418e+01   4.7200e-02   0.0000e+00   3.0083e+02
20261005_08:00:00   1.2640e+00   2.0425e+02   1.5607e+01   6.2955e-02   0.0000e+00   3.0225e+02
20261005_09:00:00   1.1548e+00   1.9519e+02   1.4876e+01   3.7700e-02   0.0000e+00   3.0575e+02
20261005_10:00:00   1.1178e+00   1.9165e+02   1.4342e+01   3.6320e-02   0.0000e+00   3.0762e+02
20261005_11:00:00   1.0709e+00   1.8706e+02   1.3841e+01   3.3940e-02   0.0000e+00   3.0774e+02
20261005_12:00:00   9.6581e-01   1.7653e+02   1.3550e+01   2.7840e-03   0.0000e+00   3.0867e+02
20261005_13:00:00   9.5609e-01   1.7542e+02   1.3515e+01   0.0000e+00   0.0000e+00   3.0808e+02
20261005_14:00:00   9.4614e-01   1.7425e+02   1.3386e+01   0.0000e+00   0.0000e+00   3.0873e+02
20261005_15:00:00   8.7475e-01   1.6626e+02   1.2524e+01   0.0000e+00   0.0000e+00   3.1007e+02
20261005_16:00:00   7.9473e-01   1.5659e+02   1.1521e+01   0.0000e+00   0.0000e+00   3.0894e+02
20261005_17:00:00   7.1178e-01   1.4566e+02   1.0469e+01   0.0000e+00   0.0000e+00   3.0946e+02
20261005_18:00:00   6.8155e-01   1.4137e+02   1.0058e+01   0.0000e+00   0.0000e+00   3.1145e+02
20261005_19:00:00   6.7229e-01   1.4001e+02   9.9017e+00   0.0000e+00   0.0000e+00   3.1210e+02
20261005_20:00:00   6.6334e-01   1.3869e+02   9.7549e+00   0.0000e+00   0.0000e+00   3.1358e+02
20261005_21:00:00   6.3360e-01   1.3445e+02   9.2936e+00   0.0000e+00   0.0000e+00   3.1408e+02
20261005_22:00:00   6.0012e-01   1.2949e+02   8.8057e+00   0.0000e+00   0.0000e+00   3.1426e+02
20261005_23:00:00   5.9881e-01   1.2926e+02   8.7648e+00   0.0000e+00   0.0000e+00   3.1463e+02
20261006_00:00:00   5.8880e-01   1.2781e+02   8.6712e+00   0.0000e+00   0.0000e+00   3.1335e+02
20261006_01:00:00   6.0952e-01   1.3103e+02   9.0109e+00   0.0000e+00   0.0000e+00   3.1507e+02
20261006_02:00:00   6.0660e-01   1.3079e+02   9.0614e+00   0.0000e+00   0.0000e+00   3.1388e+02
20261006_03:00:00   6.4659e-01   1.3686e+02   9.6874e+00   0.0000e+00   0.0000e+00   3.1288e+02
20261006_04:00:00   6.8334e-01   1.4219e+02   1.0279e+01   0.0000e+00   0.0000e+00   3.1238e+02
20261006_05:00:00   6.8131e-01   1.4212e+02   1.0332e+01   0.0000e+00   0.0000e+00   3.1306e+02
20261006_06:00:00   6.9162e-01   1.4362e+02   1.0561e+01   0.0000e+00   0.0000e+00   3.1285e+02
20261006_09:00:00   6.7005e-01   1.4032e+02   1.0367e+01   0.0000e+00   0.0000e+00   3.1674e+02
20261006_12:00:00   6.5188e-01   1.3697e+02   1.0319e+01   0.0000e+00   0.0000e+00   3.2102e+02
20261006_15:00:00   7.2577e-01   1.4751e+02   1.1018e+01   0.0000e+00   2.5020e-06   3.1955e+02
20261006_18:00:00   8.2864e-01   1.6034e+02   1.2368e+01   0.0000e+00   1.5210e-05   3.2225e+02
20261006_21:00:00   1.0171e+00   1.8093e+02   1.4775e+01   3.7540e-06   0.0000e+00   3.2305e+02
20261007_00:00:00   1.7216e+00   2.3035e+02   1.8167e+01   1.8629e-01   3.9926e-04   3.2465e+02
20261007_03:00:00   1.2429e+00   2.0191e+02   1.7839e+01   4.3705e-04   1.5024e-04   3.2717e+02
20261007_06:00:00   1.4977e+00   2.2002e+02   2.0135e+01   4.5854e-02   3.7106e-04   3.2687e+02
20261007_09:00:00   1.3240e+00   2.0866e+02   1.9780e+01   0.0000e+00   1.3562e-04   3.1991e+02
20261007_12:00:00   1.0968e+00   1.9050e+02   1.6292e+01   0.0000e+00   0.0000e+00   3.1216e+02
20261007_15:00:00   8.2675e-01   1.6229e+02   1.1932e+01   0.0000e+00   0.0000e+00   2.9989e+02
20261007_18:00:00   7.8388e-01   1.5673e+02   1.1372e+01   0.0000e+00   0.0000e+00   2.9123e+02
20261007_21:00:00   8.0085e-01   1.5862e+02   1.1657e+01   0.0000e+00   0.0000e+00   2.9274e+02
20261008_00:00:00   7.9019e-01   1.5728e+02   1.1707e+01   0.0000e+00   0.0000e+00   2.8742e+02
20261008_03:00:00   7.7575e-01   1.5595e+02   1.1966e+01   0.0000e+00   0.0000e+00   2.8484e+02
20261008_06:00:00   7.8850e-01   1.5814e+02   1.2535e+01   0.0000e+00   0.0000e+00   2.8350e+02
20261008_09:00:00   8.2083e-01   1.6244e+02   1.3067e+01   0.0000e+00   0.0000e+00   2.8098e+02
20261008_12:00:00   7.8612e-01   1.5814e+02   1.2308e+01   0.0000e+00   0.0000e+00   2.8071e+02
20261008_15:00:00   7.7255e-01   1.5624e+02   1.2002e+01   0.0000e+00   0.0000e+00   2.8121e+02
20261008_18:00:00   7.6803e-01   1.5537e+02   1.1930e+01   0.0000e+00   0.0000e+00   2.7873e+02
20261008_21:00:00   7.8319e-01   1.5706e+02   1.2002e+01   0.0000e+00   0.0000e+00   2.8061e+02
20261009_00:00:00   7.5327e-01   1.5326e+02   1.1559e+01   0.0000e+00   3.9640e-04   2.7977e+02
20261009_03:00:00   7.6110e-01   1.5457e+02   1.2029e+01   0.0000e+00   0.0000e+00   2.7927e+02
20261009_06:00:00   7.7262e-01   1.5633e+02   1.2671e+01   0.0000e+00   5.9052e-04   2.8137e+02
20261009_09:00:00   8.5130e-01   1.6650e+02   1.3588e+01   0.0000e+00   0.0000e+00   2.8022e+02
20261009_12:00:00   8.8262e-01   1.6966e+02   1.4049e+01   0.0000e+00   0.0000e+00   2.8027e+02
20261009_15:00:00   9.0670e-01   1.7193e+02   1.4347e+01   0.0000e+00   1.1708e-04   2.7950e+02
20261009_18:00:00   9.0122e-01   1.7048e+02   1.4423e+01   0.0000e+00   3.5712e-04   2.7989e+02
20261009_21:00:00   9.4135e-01   1.7402e+02   1.5294e+01   0.0000e+00   2.5675e-03   2.8031e+02
20261010_00:00:00   9.6783e-01   1.7672e+02   1.5588e+01   0.0000e+00   2.3337e-02   2.8200e+02
20261010_03:00:00   9.7398e-01   1.7775e+02   1.6110e+01   0.0000e+00   4.4176e-02   2.8382e+02
20261010_06:00:00   1.0894e+00   1.8982e+02   1.8102e+01   0.0000e+00   8.7241e-03   2.8961e+02
20261010_09:00:00   1.3175e+00   2.0912e+02   2.1050e+01   0.0000e+00   0.0000e+00   2.9103e+02
20261010_12:00:00   1.3846e+00   2.1463e+02   2.1193e+01   0.0000e+00   0.0000e+00   2.9071e+02
20261010_15:00:00   1.3050e+00   2.0941e+02   1.9579e+01   0.0000e+00   0.0000e+00   2.9395e+02
20261010_18:00:00   1.1242e+00   1.9463e+02   1.6473e+01   0.0000e+00   0.0000e+00   2.9662e+02
20261010_21:00:00   1.1384e+00   1.9555e+02   1.6703e+01   0.0000e+00   0.0000e+00   2.9419e+02
20261011_00:00:00   1.1154e+00   1.9358e+02   1.6201e+01   0.0000e+00   0.0000e+00   3.0148e+02
20261011_03:00:00   9.0117e-01   1.7261e+02   1.3273e+01   0.0000e+00   0.0000e+00   2.9146e+02
20261011_06:00:00   7.7866e-01   1.5754e+02   1.2019e+01   0.0000e+00   0.0000e+00   2.8950e+02
20261011_09:00:00   5.2694e-01   1.2001e+02   8.4382e+00   0.0000e+00   0.0000e+00   2.8894e+02
20261011_12:00:00   4.2051e-01   1.0032e+02   7.0633e+00   0.0000e+00   0.0000e+00   2.8865e+02
20261011_15:00:00   4.2878e-01   1.0133e+02   7.3656e+00   0.0000e+00   0.0000e+00   2.8524e+02
20261011_18:00:00   4.5682e-01   1.0639e+02   7.7113e+00   0.0000e+00   1.2345e-03   2.7740e+02
20261011_21:00:00   5.3900e-01   1.1941e+02   9.3997e+00   0.0000e+00   1.2488e-02   2.7657e+02
20261012_00:00:00   6.0870e-01   1.3042e+02   1.0552e+01   0.0000e+00   1.3645e-04   2.7642e+02
20261012_03:00:00   6.7426e-01   1.4015e+02   1.1914e+01   0.0000e+00   6.9931e-03   2.7684e+02
20261012_06:00:00   6.9278e-01   1.4357e+02   1.2295e+01   0.0000e+00   0.0000e+00   2.7890e+02
20261012_09:00:00   7.5825e-01   1.5298e+02   1.3240e+01   0.0000e+00   0.0000e+00   2.7443e+02
20261012_12:00:00   8.2603e-01   1.6166e+02   1.4229e+01   0.0000e+00   0.0000e+00   2.7544e+02
20261012_15:00:00   9.6535e-01   1.7753e+02   1.6318e+01   0.0000e+00   0.0000e+00   2.7779e+02
20261012_18:00:00   1.2096e+00   2.0073e+02   1.9593e+01   0.0000e+00   2.3297e-04   2.7565e+02
20261012_21:00:00   1.3682e+00   2.1288e+02   2.1658e+01   0.0000e+00   7.7141e-04   2.7390e+02
20261013_00:00:00   1.3671e+00   2.1255e+02   2.1927e+01   0.0000e+00   2.8924e-03   2.7110e+02
20261013_03:00:00   1.3185e+00   2.0932e+02   2.1819e+01   0.0000e+00   4.7615e-03   2.7093e+02
20261013_06:00:00   1.2964e+00   2.0767e+02   2.1722e+01   0.0000e+00   0.0000e+00   2.7120e+02
20261013_09:00:00   1.4736e+00   2.2035e+02   2.3882e+01   0.0000e+00   1.3547e-03   2.6963e+02
20261013_12:00:00   1.5527e+00   2.2484e+02   2.5268e+01   0.0000e+00   1.6889e-02   2.6967e+02
20261013_15:00:00   1.6060e+00   2.2813e+02   2.5656e+01   0.0000e+00   2.0296e-02   2.6940e+02
20261013_18:00:00   1.7494e+00   2.3594e+02   2.6973e+01   0.0000e+00   6.7225e-02   2.6713e+02
20261013_21:00:00   2.2128e+00   2.5399e+02   3.2326e+01   1.2544e-02   2.7210e-02   2.6820e+02
20261014_00:00:00   4.4948e+00   2.8192e+02   3.6886e+01   7.7569e-01   4.9942e-02   2.6794e+02
20261014_03:00:00   3.0918e+00   2.7114e+02   3.6047e+01   2.6793e-01   1.2578e-01   2.6765e+02
20261014_06:00:00   3.9475e+00   2.7769e+02   3.4975e+01   6.6179e-01   1.7707e-01   2.6652e+02
20261014_09:00:00   2.9427e+00   2.6785e+02   3.3271e+01   3.2193e-01   1.9089e-01   2.6633e+02
20261014_12:00:00   3.2961e+00   2.7149e+02   3.1877e+01   5.0629e-01   2.7082e-01   2.6515e+02
20261014_15:00:00   3.8556e+00   2.7549e+02   3.2893e+01   6.9222e-01   4.0119e-01   2.6547e+02
20261014_18:00:00   3.6768e+00   2.7401e+02   3.3221e+01   5.8150e-01   6.1219e-01   2.6510e+02
20261014_21:00:00   3.4665e+00   2.7229e+02   3.3037e+01   4.8912e-01   5.7110e-01   2.6755e+02
20261015_00:00:00   2.6244e+00   2.6102e+02   2.8150e+01   2.6214e-01   2.8281e-02   2.7075e+02
20261015_03:00:00   1.6791e+00   2.3074e+02   2.2967e+01   1.4344e-02   8.2743e-04   2.7334e+02
20261015_06:00:00   1.5912e+00   2.2680e+02   2.1410e+01   3.5745e-02   0.0000e+00   2.7352e+02
20261015_09:00:00   1.3062e+00   2.0779e+02   1.8345e+01   1.8390e-03   3.3543e-04   2.7664e+02
20261015_12:00:00   8.4510e-01   1.6339e+02   1.1787e+01   0.0000e+00   0.0000e+00   2.8684e+02
20261015_15:00:00   6.0893e-01   1.3170e+02   8.4706e+00   0.0000e+00   0.0000e+00   2.8590e+02
20261015_18:00:00   5.7582e-01   1.2630e+02   8.0929e+00   0.0000e+00   3.5620e-06   2.8359e+02
20261015_21:00:00   5.7616e-01   1.2604e+02   8.2040e+00   0.0000e+00   8.2814e-03   2.8325e+02
20261016_00:00:00   6.0361e-01   1.3019e+02   8.6951e+00   0.0000e+00   8.8605e-03   2.8375e+02
20261016_03:00:00   6.3379e-01   1.3511e+02   9.5863e+00   0.0000e+00   9.0272e-03   2.8877e+02
20261016_06:00:00   6.0140e-01   1.3026e+02   9.7202e+00   0.0000e+00   1.2259e-03   2.8536e+02
20261016_09:00:00   6.3379e-01   1.3583e+02   9.9928e+00   0.0000e+00   1.1394e-03   2.8140e+02
20261016_12:00:00   7.6397e-01   1.5415e+02   1.1577e+01   0.0000e+00   5.0520e-04   2.7906e+02
20261016_15:00:00   9.6070e-01   1.7687e+02   1.3985e+01   0.0000e+00   9.5081e-04   2.7221e+02
20261016_18:00:00   1.0020e+00   1.8069e+02   1.4459e+01   0.0000e+00   3.3241e-03   2.7172e+02
20261016_21:00:00   1.0025e+00   1.8022e+02   1.4612e+01   0.0000e+00   0.0000e+00   2.7281e+02
20261017_00:00:00   1.0322e+00   1.8257e+02   1.5690e+01   0.0000e+00   5.6526e-03   2.7488e+02
20261017_03:00:00   1.0310e+00   1.8275e+02   1.6015e+01   0.0000e+00   1.4787e-02   2.7340e+02
20261017_06:00:00   9.4886e-01   1.7477e+02   1.5165e+01   0.0000e+00   1.2763e-03   2.7304e+02
