#            date       tau255        Tb[K]      pwv[mm] lwp[kg*m^-2] iwp[kg*m^-2]       o3[DU]
20260728_12:00:00   3.8500e+00   2.9016e+02   5.5617e+01   0.0000e+00   1.3783e-02   3.0854e+02
20260728_13:00:00   3.7247e+00   2.8916e+02   5.3537e+01   7.5396e-03   1.2824e-02   3.0766e+02
20260728_14:00:00   3.6326e+00   2.8829e+02   5.2988e+01   7.6077e-03   8.2537e-03   3.0859e+02
20260728_15:00:00   3.5802e+00   2.8768e+02   5.2588e+01   3.0356e-03   1.4038e-03   3.1035e+02
20260728_16:00:00   3.5140e+00   2.8688e+02   5.1509e+01   1.6275e-03   1.0208e-04   3.1061e+02
20260728_17:00:00   3.4213e+00   2.8597e+02   5.0350e+01   1.6610e-04   2.2220e-05   3.0975e+02
20260728_18:00:00   3.3339e+00   2.8497e+02   4.9451e+01   0.0000e+00   0.0000e+00   3.0804e+02
20260728_19:00:00   3.2598e+00   2.8412e+02   4.8558e+01   0.0000e+00   4.0520e-06   3.0566e+02
20260728_20:00:00   3.2389e+00   2.8371e+02   4.8045e+01   0.0000e+00   5.3020e-06   3.0469e+02
20260728_21:00:00   3.1853e+00   2.8300e+02   4.7111e+01   0.0000e+00   3.1000e-05   3.0296e+02
20260728_22:00:00   3.1160e+00   2.8211e+02   4.6143e+01   0.0000e+00   5.1295e-04   3.0248e+02
20260728_23:00:00   3.0858e+00   2.8187e+02   4.5622e+01   1.5885e-04   3.6598e-03   3.0403e+02
20260729_00:00:00   2.9846e+00   2.8083e+02   4.4573e+01   0.0000e+00   6.9681e-03   3.0607e+02
20260729_01:00:00   2.8906e+00   2.7984e+02   4.3533e+01   0.0000e+00   6.8590e-03   3.0498e+02
20260729_02:00:00   2.7634e+00   2.7814e+02   4.1988e+01   0.0000e+00   6.0020e-03   3.0367e+02
20260729_03:00:00   2.6070e+00   2.7539e+02   3.9931e+01   0.0000e+00   7.7890e-03   3.0334e+02
20260729_04:00:00   2.5028e+00   2.7326e+02   3.8306e+01   0.0000e+00   1.0031e-02   3.0278e+02
20260729_05:00:00   2.4240e+00   2.7142e+02   3.7192e+01   0.0000e+00   9.4660e-03   3.0297e+02
20260729_06:00:00   2.3879e+00   2.7046e+02   3.6404e+01   0.0000e+00   1.1326e-02   3.0455e+02
20260729_07:00:00   2.3911e+00   2.7038e+02   3.6216e+01   0.0000e+00   8.8814e-03   3.0519e+02
20260729_08:00:00   2.4180e+00   2.7078e+02   3.6454e+01   0.0000e+00   8.3017e-03   3.0397e+02
20260729_09:00:00   2.4200e+00   2.7066e+02   3.6369e+01   0.0000e+00   3.8405e-03   3.0159e+02
20260729_10:00:00   2.4084e+00   2.7016e+02   3.6187e+01   0.0000e+00   8.3780e-04   2.9993e+02
20260729_11:00:00   2.4433e+00   2.7083e+02   3.6519e+01   0.0000e+00   2.0716e-04   2.9980e+02
20260729_12:00:00   2.4678e+00   2.7118e+02   3.6681e+01   0.0000e+00   9.1860e-05   3.0023e+02
20260729_13:00:00   2.4925e+00   2.7157e+02   3.6941e+01   0.0000e+00   8.8840e-04   3.0087e+02
20260729_14:00:00   2.4920e+00   2.7140e+02   3.6919e+01   0.0000e+00   1.0908e-03   3.0220e+02
20260729_15:00:00   2.4871e+00   2.7120e+02   3.6792e+01   0.0000e+00   1.7308e-03   3.0205e+02
20260729_16:00:00   2.4901e+00   2.7115e+02   3.6643e+01   0.0000e+00   5.0760e-04   3.0164e+02
20260729_17:00:00   2.4762e+00   2.7072e+02   3.6208e+01   0.0000e+00   0.0000e+00   3.0249e+02
20260729_18:00:00   2.4316e+00   2.6959e+02   3.5652e+01   0.0000e+00   0.0000e+00   3.0326e+02
20260729_19:00:00   2.4592e+00   2.7012e+02   3.5832e+01   0.0000e+00   0.0000e+00   3.0357e+02
20260729_20:00:00   2.5236e+00   2.7148e+02   3.6425e+01   0.0000e+00   0.0000e+00   3.0301e+02
20260729_21:00:00   2.5130e+00   2.7126e+02   3.6390e+01   0.0000e+00   0.0000e+00   3.0322e+02
20260729_22:00:00   2.5486e+00   2.7211e+02   3.6754e+01   2.8328e-05   0.0000e+00   3.0152e+02
20260729_23:00:00   2.5532e+00   2.7253e+02   3.6863e+01   1.1090e-04   0.0000e+00   3.0067e+02
20260730_00:00:00   2.5652e+00   2.7324e+02   3.7046e+01   8.6480e-06   0.0000e+00   3.0016e+02
20260730_01:00:00   2.6135e+00   2.7475e+02   3.7612e+01   0.0000e+00   0.0000e+00   3.0010e+02
20260730_02:00:00   2.5987e+00   2.7502e+02   3.7607e+01   0.0000e+00   0.0000e+00   3.0227e+02
20260730_03:00:00   2.5716e+00   2.7491e+02   3.7480e+01   0.0000e+00   0.0000e+00   3.0381e+02
20260730_04:00:00   2.5267e+00   2.7425e+02   3.7095e+01   0.0000e+00   0.0000e+00   3.0384e+02
20260730_05:00:00   2.4371e+00   2.7230e+02   3.6158e+01   0.0000e+00   0.0000e+00   3.0273e+02
20260730_06:00:00   2.3851e+00   2.7100e+02   3.5581e+01   0.0000e+00   0.0000e+00   3.0256e+02
20260730_07:00:00   2.3145e+00   2.6889e+02   3.4754e+01   0.0000e+00   0.0000e+00   3.0368e+02
20260730_08:00:00   2.2826e+00   2.6770e+02   3.4401e+01   0.0000e+00   0.0000e+00   3.0262e+02
20260730_09:00:00   2.2481e+00   2.6631e+02   3.3835e+01   0.0000e+00   0.0000e+00   3.0248e+02
20260730_10:00:00   2.2219e+00   2.6516e+02   3.3241e+01   0.0000e+00   0.0000e+00   3.0297e+02
20260730_11:00:00   2.2220e+00   2.6486e+02   3.2982e+01   0.0000e+00   0.0000e+00   3.0219e+02
20260730_12:00:00   2.1670e+00   2.6291e+02   3.2100e+01   0.0000e+00   0.0000e+00   3.0041e+02
20260730_13:00:00   2.1783e+00   2.6314e+02   3.2019e+01   0.0000e+00   0.0000e+00   3.0034e+02
20260730_14:00:00   2.1398e+00   2.6173e+02   3.1475e+01   0.0000e+00   0.0000e+00   3.0078e+02
20260730_15:00:00   2.1094e+00   2.6051e+02   3.0976e+01   0.0000e+00   2.3780e-05   3.0181e+02
20260730_16:00:00   2.0995e+00   2.6003e+02   3.0760e+01   0.0000e+00   3.3360e-05   3.0240e+02
20260730_17:00:00   2.1340e+00   2.6108e+02   3.1019e+01   0.0000e+00   0.0000e+00   3.0278e+02
20260730_18:00:00   2.2293e+00   2.6401e+02   3.1923e+01   0.0000e+00   0.0000e+00   3.0206e+02
20260730_19:00:00   2.3290e+00   2.6684e+02   3.3156e+01   0.0000e+00   0.0000e+00   3.0209e+02
20260730_20:00:00   2.4396e+00   2.6968e+02   3.4721e+01   0.0000e+00   0.0000e+00   3.0411e+02
20260730_21:00:00   2.5589e+00   2.7252e+02   3.6418e+01   3.8320e-05   0.0000e+00   3.0402e+02
20260730_22:00:00   2.6901e+00   2.7534e+02   3.8015e+01   5.9769e-04   0.0000e+00   3.0195e+02
20260730_23:00:00   2.8622e+00   2.7866e+02   3.9747e+01   3.3559e-03   2.6520e-06   3.0287e+02
20260731_00:00:00   2.9552e+00   2.8068e+02   4.0704e+01   1.7753e-03   0.0000e+00   3.0400e+02
20260731_01:00:00   2.9823e+00   2.8185e+02   4.0784e+01   7.2390e-03   0.0000e+00   3.0189e+02
20260731_02:00:00   3.0129e+00   2.8303e+02   4.1200e+01   3.9798e-03   8.1020e-06   3.0165e+02
20260731_03:00:00   2.9992e+00   2.8339e+02   4.0877e+01   1.1523e-02   5.3020e-06   3.0376e+02
20260731_04:00:00   2.9239e+00   2.8245e+02   3.9982e+01   1.2668e-02   2.0736e-05   3.0646e+02
20260731_05:00:00   2.9122e+00   2.8234e+02   4.0024e+01   9.2762e-03   8.5060e-05   3.0890e+02
20260731_06:00:00   2.8883e+00   2.8206e+02   3.9872e+01   3.2310e-03   1.6473e-04   3.0974e+02
20260731_07:00:00   2.8111e+00   2.8077e+02   3.9052e+01   4.8798e-04   2.1320e-04   3.0848e+02
20260731_08:00:00   2.7779e+00   2.7998e+02   3.8566e+01   4.7446e-04   3.7061e-03   3.0682e+02
20260731_09:00:00   2.8000e+00   2.8007e+02   3.8715e+01   1.5194e-06   4.3600e-03   3.0592e+02
20260731_10:00:00   2.8227e+00   2.8009e+02   3.8875e+01   0.0000e+00   3.2917e-03   3.0361e+02
20260731_11:00:00   2.7638e+00   2.7876e+02   3.8283e+01   0.0000e+00   4.2485e-03   3.0289e+02
20260731_12:00:00   2.7333e+00   2.7798e+02   3.7943e+01   0.0000e+00   2.6538e-03   3.0320e+02
20260731_13:00:00   2.7116e+00   2.7732e+02   3.7596e+01   0.0000e+00   2.5740e-03   3.0289e+02
20260731_14:00:00   2.6163e+00   2.7529e+02   3.6461e+01   0.0000e+00   4.1549e-03   3.0276e+02
20260731_15:00:00   2.6624e+00   2.7599e+02   3.7023e+01   0.0000e+00   5.5199e-03   3.0152e+02
20260731_16:00:00   2.6963e+00   2.7658e+02   3.7493e+01   0.0000e+00   7.4110e-03   3.0112e+02
20260731_17:00:00   2.7398e+00   2.7724e+02   3.8012e+01   0.0000e+00   4.4763e-03   3.0203e+02
20260731_18:00:00   2.7696e+00   2.7759e+02   3.8300e+01   0.0000e+00   2.4176e-04   3.0292e+02
20260731_19:00:00   2.8231e+00   2.7835e+02   3.8988e+01   0.0000e+00   0.0000e+00   3.0287e+02
20260731_20:00:00   2.9067e+00   2.7958e+02   4.0014e+01   0.0000e+00   1.3310e-05   3.0181e+02
20260731_21:00:00   2.9821e+00   2.8069e+02   4.0901e+01   0.0000e+00   0.0000e+00   3.0058e+02
20260731_22:00:00   2.9955e+00   2.8105e+02   4.0998e+01   0.0000e+00   1.6146e-03   3.0136e+02
20260731_23:00:00   3.1134e+00   2.8290e+02   4.2206e+01   7.7958e-04   1.4574e-03   3.0267e+02
20260801_00:00:00   3.1509e+00   2.8386e+02   4.2686e+01   2.3762e-04   6.9024e-04   3.0270e+02
20260801_01:00:00   3.1032e+00   2.8397e+02   4.2270e+01   1.9262e-04   6.1407e-04   3.0298e+02
20260801_02:00:00   3.0638e+00   2.8415e+02   4.2098e+01   4.2240e-06   2.2819e-04   3.0339e+02
20260801_03:00:00   3.1174e+00   2.8541e+02   4.2694e+01   7.9952e-03   1.1398e-05   3.0307e+02
20260801_04:00:00   3.0755e+00   2.8516e+02   4.2263e+01   7.6319e-03   6.2560e-07   3.0204e+02
20260801_05:00:00   3.0170e+00   2.8448e+02   4.1831e+01   1.9404e-03   3.6380e-05   3.0283e+02
20260801_06:00:00   2.9919e+00   2.8408e+02   4.1500e+01   2.0760e-03   2.1263e-03   3.0337e+02
20260801_07:00:00   3.0286e+00   2.8444e+02   4.1715e+01   4.3382e-03   2.9917e-03   3.0303e+02
20260801_08:00:00   2.9782e+00   2.8350e+02   4.1271e+01   1.0918e-03   2.9800e-03   3.0285e+02
20260801_09:00:00   2.9708e+00   2.8308e+02   4.1132e+01   0.0000e+00   3.6793e-03   3.0184e+02
20260801_10:00:00   2.8957e+00   2.8164e+02   4.0312e+01   0.0000e+00   4.0101e-03   3.0283e+02
20260801_11:00:00   2.8294e+00   2.8027e+02   3.9612e+01   3.9120e-04   3.3118e-03   3.0252e+02
20260801_12:00:00   2.7599e+00   2.7885e+02   3.8932e+01   0.0000e+00   6.4384e-03   3.0248e+02
20260801_13:00:00   2.6431e+00   2.7642e+02   3.7702e+01   0.0000e+00   5.8622e-03   3.0314e+02
20260801_14:00:00   2.5893e+00   2.7516e+02   3.7135e+01   0.0000e+00   8.2806e-03   3.0346e+02
20260801_15:00:00   2.5616e+00   2.7450e+02   3.6830e+01   0.0000e+00   5.1338e-03   3.0238e+02
20260801_16:00:00   2.4928e+00   2.7273e+02   3.5981e+01   0.0000e+00   4.7615e-04   3.0160e+02
20260801_17:00:00   2.4369e+00   2.7118e+02   3.5290e+01   0.0000e+00   2.2830e-05   3.0000e+02
20260801_18:00:00   2.3308e+00   2.6818e+02   3.3989e+01   0.0000e+00   8.8101e-05   2.9918e+02
20260801_19:00:00   2.2813e+00   2.6660e+02   3.3252e+01   0.0000e+00   1.7808e-06   2.9881e+02
20260801_20:00:00   2.2690e+00   2.6613e+02   3.3115e+01   0.0000e+00   0.0000e+00   2.9916e+02
20260801_21:00:00   2.2745e+00   2.6617e+02   3.3187e+01   0.0000e+00   0.0000e+00   2.9860e+02
20260801_22:00:00   2.2694e+00   2.6602e+02   3.3197e+01   0.0000e+00   1.7296e-05   2.9861e+02
20260801_23:00:00   2.2473e+00   2.6564e+02   3.3047e+01   0.0000e+00   1.4178e-05   3.0043e+02
20260802_00:00:00   2.2067e+00   2.6483e+02   3.2686e+01   0.0000e+00   1.3122e-03   3.0135e+02
20260802_01:00:00   2.1660e+00   2.6410e+02   3.2270e+01   0.0000e+00   6.0780e-04   3.0218e+02
20260802_02:00:00   2.1799e+00   2.6519e+02   3.2575e+01   0.0000e+00   4.0520e-06   3.0364e+02
20260802_03:00:00   2.2069e+00   2.6671e+02   3.3229e+01   0.0000e+00   1.0310e-04   3.0161e+02
20260802_04:00:00   2.2380e+00   2.6821e+02   3.3739e+01   0.0000e+00   1.1734e-05   2.9910e+02
20260802_05:00:00   2.2441e+00   2.6877e+02   3.3850e+01   0.0000e+00   5.3120e-04   3.0005e+02
20260802_06:00:00   2.3201e+00   2.7108e+02   3.4675e+01   0.0000e+00   2.7933e-04   3.0012e+02
20260802_07:00:00   2.3449e+00   2.7171e+02   3.4815e+01   0.0000e+00   8.3600e-04   3.0047e+02
20260802_08:00:00   2.3303e+00   2.7102e+02   3.4488e+01   0.0000e+00   1.5842e-03   3.0148e+02
20260802_09:00:00   2.2836e+00   2.6931e+02   3.3811e+01   0.0000e+00   2.8233e-03   3.0252e+02
20260802_10:00:00   2.2224e+00   2.6692e+02   3.2948e+01   0.0000e+00   3.4291e-03   3.0284e+02
20260802_11:00:00   2.1748e+00   2.6502e+02   3.2334e+01   0.0000e+00   1.9144e-03   3.0223e+02
20260802_12:00:00   2.1130e+00   2.6262e+02   3.1684e+01   0.0000e+00   9.4381e-04   3.0102e+02
20260802_15:00:00   1.9344e+00   2.5544e+02   2.9998e+01   0.0000e+00   9.9797e-04   3.0039e+02
20260802_18:00:00   1.8844e+00   2.5274e+02   2.9533e+01   0.0000e+00   2.6821e-03   3.0093e+02
20260802_21:00:00   1.8602e+00   2.5108e+02   2.9240e+01   0.0000e+00   1.2514e-06   3.0288e+02
20260803_00:00:00   1.8407e+00   2.5050e+02   2.9028e+01   0.0000e+00   0.0000e+00   3.0136e+02
20260803_03:00:00   1.7025e+00   2.4511e+02   2.8280e+01   0.0000e+00   0.0000e+00   3.0235e+02
20260803_06:00:00   1.7474e+00   2.4854e+02   2.9315e+01   0.0000e+00   0.0000e+00   3.0167e+02
20260803_09:00:00   1.8908e+00   2.5528e+02   3.0536e+01   0.0000e+00   0.0000e+00   3.0123e+02
20260803_12:00:00   1.9055e+00   2.5532e+02   3.0435e+01   0.0000e+00   0.0000e+00   2.9916e+02
20260803_15:00:00   2.1358e+00   2.6387e+02   3.3542e+01   0.0000e+00   0.0000e+00   3.0140e+02
20260803_18:00:00   2.5196e+00   2.7422e+02   3.7961e+01   0.0000e+00   0.0000e+00   3.0055e+02
20260803_21:00:00   2.5771e+00   2.7519e+02   3.8589e+01   0.0000e+00   0.0000e+00   3.0152e+02
20260804_00:00:00   2.6359e+00   2.7696e+02   3.9282e+01   0.0000e+00   0.0000e+00   3.0124e+02
20260804_03:00:00   2.7799e+00   2.8151e+02   4.1109e+01   0.0000e+00   0.0000e+00   3.0378e+02
20260804_06:00:00   2.7918e+00   2.8313e+02   4.1504e+01   0.0000e+00   0.0000e+00   3.0420e+02
20260804_09:00:00   2.8010e+00   2.8295e+02   4.1931e+01   0.0000e+00   0.0000e+00   3.0270e+02
20260804_12:00:00   2.8280e+00   2.8287e+02   4.2199e+01   0.0000e+00   0.0000e+00   3.0329e+02
20260804_15:00:00   2.8050e+00   2.8210e+02   4.1738e+01   0.0000e+00   0.0000e+00   3.0033e+02
20260804_18:00:00   3.1201e+00   2.8623e+02   4.5834e+01   0.0000e+00   0.0000e+00   2.9870e+02
20260804_21:00:00   3.1400e+00   2.8589e+02   4.5078e+01   0.0000e+00   0.0000e+00   2.9754e+02
20260805_00:00:00   3.0909e+00   2.8567e+02   4.4201e+01   0.0000e+00   0.0000e+00   2.9753e+02
20260805_03:00:00   2.9810e+00   2.8615e+02   4.3293e+01   0.0000e+00   0.0000e+00   2.9973e+02
20260805_06:00:00   3.1588e+00   2.8942e+02   4.8803e+01   0.0000e+00   0.0000e+00   2.9883e+02
20260805_09:00:00   3.7517e+00   2.9508e+02   5.4463e+01   1.0025e-02   0.0000e+00   2.9905e+02
20260805_12:00:00   3.1346e+00   2.8830e+02   4.7682e+01   0.0000e+00   0.0000e+00   2.9842e+02
20260805_15:00:00   2.1908e+00   2.6655e+02   3.6096e+01   0.0000e+00   0.0000e+00   3.0186e+02
20260805_18:00:00   1.5945e+00   2.3839e+02   2.6750e+01   0.0000e+00   0.0000e+00   3.0101e+02
20260805_21:00:00   1.5234e+00   2.3287e+02   2.5482e+01   0.0000e+00   0.0000e+00   3.0103e+02
20260806_00:00:00   1.6712e+00   2.4187e+02   2.7220e+01   0.0000e+00   2.5600e-04   2.9996e+02
20260806_03:00:00   1.9866e+00   2.5809e+02   3.1813e+01   0.0000e+00   0.0000e+00   3.0007e+02
20260806_06:00:00   2.3463e+00   2.7180e+02   3.7313e+01   0.0000e+00   2.1360e-05   3.0018e+02
20260806_09:00:00   2.6042e+00   2.7846e+02   4.0199e+01   0.0000e+00   2.0819e-04   2.9944e+02
20260806_12:00:00   2.7312e+00   2.7952e+02   4.1863e+01   0.0000e+00   1.4170e-04   2.9597e+02
20260806_15:00:00   2.7300e+00   2.7867e+02   4.1824e+01   0.0000e+00   6.9880e-04   2.9693e+02
20260806_18:00:00   2.7051e+00   2.7752e+02   4.1992e+01   0.0000e+00   0.0000e+00   2.9536e+02
20260806_21:00:00   2.8133e+00   2.7962e+02   4.3552e+01   0.0000e+00   0.0000e+00   2.9470e+02
20260807_00:00:00   2.6711e+00   2.7722e+02   4.2290e+01   0.0000e+00   5.7660e-05   2.9524e+02
20260807_03:00:00   2.8249e+00   2.8177e+02   4.4802e+01   0.0000e+00   2.5000e-04   2.9149e+02
20260807_06:00:00   3.0944e+00   2.8753e+02   4.8519e+01   0.0000e+00   1.0924e-03   2.8674e+02
20260807_09:00:00   3.2339e+00   2.8832e+02   5.0029e+01   0.0000e+00   2.1616e-04   2.8435e+02
20260807_12:00:00   3.4472e+00   2.8879e+02   5.2573e+01   0.0000e+00   4.9051e-02   2.8353e+02
20260807_15:00:00   3.7017e+00   2.8997e+02   5.5981e+01   0.0000e+00   1.2225e-01   2.8550e+02
20260807_18:00:00   3.7587e+00   2.8991e+02   5.6789e+01   0.0000e+00   3.8517e-02   2.8268e+02
20260807_21:00:00   3.5419e+00   2.8806e+02   5.4364e+01   0.0000e+00   3.1897e-03   2.8622e+02
20260808_00:00:00   3.3501e+00   2.8681e+02   5.1845e+01   0.0000e+00   8.2315e-03   2.8536e+02
20260808_03:00:00   3.1321e+00   2.8615e+02   4.8973e+01   0.0000e+00   1.0488e-02   2.8874e+02
20260808_06:00:00   3.0206e+00   2.8537e+02   4.7368e+01   0.0000e+00   9.3043e-03   2.9012e+02
20260808_09:00:00   2.8458e+00   2.8204e+02   4.5013e+01   0.0000e+00   1.7439e-02   2.9132e+02
20260808_12:00:00   2.7407e+00   2.7943e+02   4.3737e+01   0.0000e+00   2.0226e-02   2.9256e+02
20260808_15:00:00   2.8205e+00   2.8044e+02   4.4427e+01   0.0000e+00   3.4536e-02   2.9201e+02
20260808_18:00:00   3.1527e+00   2.8486e+02   4.8432e+01   0.0000e+00   2.5113e-02   2.9107e+02
20260808_21:00:00   3.3592e+00   2.8674e+02   5.0756e+01   0.0000e+00   2.0362e-02   2.8990e+02
20260809_00:00:00   3.4813e+00   2.8823e+02   5.1959e+01   0.0000e+00   1.2504e-02   2.8894e+02
20260809_03:00:00   3.5524e+00   2.9088e+02   5.2881e+01   0.0000e+00   4.2142e-02   2.8985e+02
20260809_06:00:00   3.6028e+00   2.9277e+02   5.3522e+01   1.0546e-03   2.7435e-02   2.8874e+02
20260809_09:00:00   4.1285e+00   2.9600e+02   5.3626e+01   1.7683e-01   4.9640e-03   2.8847e+02
20260809_12:00:00   3.1294e+00   2.8580e+02   4.7326e+01   0.0000e+00   1.0865e-02   2.8994e+02
20260809_15:00:00   2.7602e+00   2.7871e+02   4.2911e+01   0.0000e+00   6.9495e-03   2.9180e+02
20260809_18:00:00   2.5988e+00   2.7460e+02   4.0582e+01   0.0000e+00   2.2871e-02   2.9026e+02
20260809_21:00:00   2.8093e+00   2.7855e+02   4.2247e+01   0.0000e+00   4.0238e-02   2.8753e+02
20260810_00:00:00   2.8184e+00   2.7935e+02   4.1722e+01   0.0000e+00   1.2322e-02   2.9033e+02
20260810_03:00:00   2.7717e+00   2.8033e+02   4.1340e+01   0.0000e+00   2.2826e-01   2.9241e+02
20260810_06:00:00   2.7252e+00   2.8040e+02   4.1659e+01   0.0000e+00   3.9460e-02   2.9121e+02
20260810_09:00:00   2.9231e+00   2.8409e+02   4.4439e+01   1.6998e-04   3.1941e-02   2.8964e+02
20260810_12:00:00   2.9025e+00   2.8269e+02   4.3859e+01   0.0000e+00   7.7427e-02   2.9049e+02
20260810_15:00:00   2.8801e+00   2.8148e+02   4.3165e+01   0.0000e+00   3.0758e-02   2.9105e+02
20260810_18:00:00   2.9096e+00   2.8109e+02   4.3300e+01   0.0000e+00   3.2088e-02   2.8813e+02
20260810_21:00:00   2.8659e+00   2.7958e+02   4.2902e+01   0.0000e+00   4.2906e-04   2.8965e+02
20260811_00:00:00   2.6513e+00   2.7587e+02   4.1066e+01   0.0000e+00   8.6484e-04   2.8878e+02
20260811_03:00:00   2.6104e+00   2.7663e+02   4.1490e+01   0.0000e+00   2.2996e-03   2.8965e+02
20260811_06:00:00   2.6697e+00   2.7924e+02   4.2655e+01   0.0000e+00   2.9822e-03   2.8669e+02
20260811_09:00:00   2.9347e+00   2.8431e+02   4.5350e+01   0.0000e+00   2.1319e-02   2.8918e+02
20260811_12:00:00   2.8824e+00   2.8319e+02   4.4408e+01   0.0000e+00   2.2247e-02   2.8732e+02
20260811_15:00:00   3.0185e+00   2.8458e+02   4.5467e+01   0.0000e+00   4.7233e-02   2.8664e+02
20260811_18:00:00   3.1561e+00   2.8510e+02   4.7006e+01   0.0000e+00   1.7224e-02   2.8530e+02
20260811_21:00:00   3.2540e+00   2.8546e+02   4.8184e+01   0.0000e+00   1.4045e-02   2.8422e+02
20260812_00:00:00   3.3234e+00   2.8653e+02   4.8884e+01   0.0000e+00   1.4602e-02   2.8162e+02
20260812_03:00:00   3.2708e+00   2.8778e+02   4.8827e+01   1.1070e-03   6.1432e-04   2.8382e+02
20260812_06:00:00   3.1817e+00   2.8805e+02   4.8736e+01   2.5642e-03   5.5252e-03   2.8254e+02
20260812_09:00:00   4.5222e+00   2.9661e+02   5.3820e+01   3.0572e-01   9.4154e-05   2.8173e+02
20260812_12:00:00   3.9880e+00   2.9414e+02   5.1529e+01   1.8248e-01   6.0360e-06   2.8198e+02
20260812_15:00:00   3.2598e+00   2.8748e+02   4.8403e+01   9.3620e-03   1.3652e-05   2.8284e+02
20260812_18:00:00   3.2875e+00   2.8614e+02   4.8369e+01   0.0000e+00   1.9706e-03   2.8173e+02
20260812_21:00:00   3.1991e+00   2.8372e+02   4.7620e+01   0.0000e+00   3.0996e-04   2.8144e+02
20260813_00:00:00   3.0374e+00   2.8190e+02   4.5678e+01   0.0000e+00   7.5965e-05   2.8324e+02
20260813_03:00:00   2.8728e+00   2.8103e+02   4.4321e+01   9.8360e-05   0.0000e+00   2.8390e+02
20260813_06:00:00   2.8471e+00   2.8210e+02   4.4564e+01   0.0000e+00   0.0000e+00   2.8580e+02
20260813_09:00:00   2.5684e+00   2.7706e+02   3.9787e+01   0.0000e+00   2.0080e-04   2.8610e+02
20260813_12:00:00   2.0851e+00   2.6274e+02   3.2768e+01   0.0000e+00   1.2514e-06   2.8758e+02
