#            date       tau255        Tb[K]      pwv[mm] lwp[kg*m^-2] iwp[kg*m^-2]       o3[DU]
20260926_18:00:00   1.3748e+00   2.1450e+02   2.1223e+01   0.0000e+00   2.6879e-03   3.0940e+02
20260926_19:00:00   1.3642e+00   2.1364e+02   2.1101e+01   0.0000e+00   0.0000e+00   3.1470e+02
20260926_20:00:00   1.3764e+00   2.1432e+02   2.1313e+01   0.0000e+00   0.0000e+00   3.1747e+02
20260926_21:00:00   1.4013e+00   2.1587e+02   2.1828e+01   0.0000e+00   1.1945e-03   3.1795e+02
20260926_22:00:00   1.4059e+00   2.1618e+02   2.2012e+01   0.0000e+00   4.7895e-04   3.1682e+02
20260926_23:00:00   1.4433e+00   2.1896e+02   2.2630e+01   0.0000e+00   3.6305e-03   3.1523e+02
20260927_00:00:00   1.4475e+00   2.1969e+02   2.2823e+01   0.0000e+00   3.4700e-03   3.1429e+02
20260927_01:00:00   1.4117e+00   2.1790e+02   2.2272e+01   0.0000e+00   0.0000e+00   3.1384e+02
20260927_02:00:00   1.4678e+00   2.2200e+02   2.3022e+01   0.0000e+00   0.0000e+00   3.1301e+02
20260927_03:00:00   1.4996e+00   2.2439e+02   2.3551e+01   0.0000e+00   6.4280e-06   3.1419e+02
20260927_04:00:00   1.5514e+00   2.2781e+02   2.4241e+01   0.0000e+00   0.0000e+00   3.1537e+02
20260927_05:00:00   1.5465e+00   2.2772e+02   2.4265e+01   1.0822e-04   0.0000e+00   3.1728e+02
20260927_06:00:00   1.5642e+00   2.2890e+02   2.4471e+01   2.1420e-06   0.0000e+00   3.1846e+02
20260927_07:00:00   1.6082e+00   2.3146e+02   2.4993e+01   3.6420e-05   0.0000e+00   3.1690e+02
20260927_08:00:00   1.6763e+00   2.3495e+02   2.5819e+01   0.0000e+00   2.3004e-02   3.1517e+02
20260927_09:00:00   1.6392e+00   2.3247e+02   2.5366e+01   0.0000e+00   5.2556e-02   3.1444e+02
20260927_10:00:00   1.6464e+00   2.3229e+02   2.5653e+01   0.0000e+00   6.9260e-02   3.1573e+02
20260927_11:00:00   1.6814e+00   2.3372e+02   2.6362e+01   0.0000e+00   6.3031e-02   3.1629e+02
20260927_12:00:00   1.7555e+00   2.3728e+02   2.6977e+01   0.0000e+00   9.7656e-02   3.1756e+02
20260927_13:00:00   1.7157e+00   2.3526e+02   2.6244e+01   0.0000e+00   3.3310e-02   3.1652e+02
20260927_14:00:00   1.7071e+00   2.3448e+02   2.6179e+01   0.0000e+00   4.9074e-02   3.1367e+02
20260927_15:00:00   1.6525e+00   2.3150e+02   2.5323e+01   0.0000e+00   0.0000e+00   3.1257e+02
20260927_16:00:00   1.5976e+00   2.2802e+02   2.4736e+01   0.0000e+00   1.0732e-04   3.1480e+02
20260927_17:00:00   1.5576e+00   2.2554e+02   2.4025e+01   0.0000e+00   0.0000e+00   3.1495e+02
20260927_18:00:00   1.5745e+00   2.2638e+02   2.4018e+01   0.0000e+00   4.2475e-03   3.1586e+02
20260927_19:00:00   1.6076e+00   2.2807e+02   2.4178e+01   0.0000e+00   5.2180e-02   3.1463e+02
20260927_20:00:00   1.6045e+00   2.2797e+02   2.3444e+01   0.0000e+00   2.4068e-02   3.1324e+02
20260927_21:00:00   1.5179e+00   2.2311e+02   2.1809e+01   0.0000e+00   5.5795e-03   3.1386e+02
20260927_22:00:00   1.5081e+00   2.2241e+02   2.1231e+01   4.6766e-03   2.4883e-02   3.1370e+02
20260927_23:00:00   1.6653e+00   2.3191e+02   1.9783e+01   1.0397e-01   6.3521e-03   3.1514e+02
20260928_00:00:00   1.6998e+00   2.3409e+02   1.8026e+01   1.7178e-01   3.9478e-03   3.1828e+02
20260928_01:00:00   1.3042e+00   2.0924e+02   1.6551e+01   6.7860e-02   1.9157e-02   3.1849e+02
20260928_02:00:00   1.0048e+00   1.8265e+02   1.5235e+01   4.0440e-04   1.1239e-02   3.1728e+02
20260928_03:00:00   9.5304e-01   1.7724e+02   1.4988e+01   0.0000e+00   2.0962e-02   3.1511e+02
20260928_04:00:00   9.8324e-01   1.8053e+02   1.5557e+01   0.0000e+00   1.3051e-02   3.1283e+02
20260928_05:00:00   9.7570e-01   1.7977e+02   1.5656e+01   0.0000e+00   6.3502e-03   3.0880e+02
20260928_06:00:00   9.8334e-01   1.8056e+02   1.5945e+01   0.0000e+00   1.1833e-02   3.0402e+02
20260928_07:00:00   1.0178e+00   1.8388e+02   1.6560e+01   0.0000e+00   2.0230e-02   3.0173e+02
20260928_08:00:00   1.0267e+00   1.8462e+02   1.6717e+01   0.0000e+00   1.6703e-02   3.0047e+02
20260928_09:00:00   1.0134e+00   1.8287e+02   1.6490e+01   0.0000e+00   5.7788e-02   3.0108e+02
20260928_10:00:00   9.5134e-01   1.7614e+02   1.5597e+01   2.8125e-04   5.2544e-02   3.0256e+02
20260928_11:00:00   9.7579e-01   1.7837e+02   1.6021e+01   7.3050e-04   3.5484e-02   3.0500e+02
20260928_12:00:00   9.9111e-01   1.7981e+02   1.6151e+01   3.0060e-04   4.8789e-02   3.0595e+02
20260928_13:00:00   9.9478e-01   1.8014e+02   1.6020e+01   6.2680e-05   1.1223e-01   3.0516e+02
20260928_14:00:00   1.0041e+00   1.8112e+02   1.6037e+01   0.0000e+00   1.0051e-01   3.0634e+02
20260928_15:00:00   1.0452e+00   1.8525e+02   1.6492e+01   0.0000e+00   7.7974e-02   3.0574e+02
20260928_16:00:00   1.0438e+00   1.8511e+02   1.6385e+01   0.0000e+00   6.1435e-02   3.0482e+02
20260928_17:00:00   1.0659e+00   1.8707e+02   1.6737e+01   0.0000e+00   1.4822e-01   3.0403e+02
20260928_18:00:00   1.0594e+00   1.8640e+02   1.6643e+01   0.0000e+00   2.2358e-01   3.0369e+02
20260928_19:00:00   1.0336e+00   1.8416e+02   1.6048e+01   0.0000e+00   9.3923e-02   3.0327e+02
20260928_20:00:00   1.0267e+00   1.8345e+02   1.5866e+01   0.0000e+00   3.6617e-02   3.0325e+02
20260928_21:00:00   1.0401e+00   1.8491e+02   1.5772e+01   0.0000e+00   1.4275e-03   3.0475e+02
20260928_22:00:00   1.0453e+00   1.8555e+02   1.5602e+01   0.0000e+00   0.0000e+00   3.0529e+02
20260928_23:00:00   1.0414e+00   1.8570e+02   1.5351e+01   0.0000e+00   0.0000e+00   3.0674e+02
20260929_00:00:00   1.0220e+00   1.8457e+02   1.4757e+01   0.0000e+00   0.0000e+00   3.0632e+02
20260929_01:00:00   1.0137e+00   1.8419e+02   1.4754e+01   0.0000e+00   0.0000e+00   3.0454e+02
20260929_02:00:00   1.0034e+00   1.8326e+02   1.4987e+01   0.0000e+00   0.0000e+00   3.0368e+02
20260929_03:00:00   1.0106e+00   1.8406e+02   1.5431e+01   4.1900e-04   0.0000e+00   3.0313e+02
20260929_04:00:00   1.0024e+00   1.8337e+02   1.5473e+01   0.0000e+00   0.0000e+00   3.0193e+02
20260929_05:00:00   9.9881e-01   1.8308e+02   1.5564e+01   0.0000e+00   0.0000e+00   3.0072e+02
20260929_06:00:00   1.0063e+00   1.8392e+02   1.5768e+01   0.0000e+00   0.0000e+00   3.0041e+02
20260929_07:00:00   1.0264e+00   1.8608e+02   1.5964e+01   3.1920e-04   0.0000e+00   2.9810e+02
20260929_08:00:00   1.0740e+00   1.9083e+02   1.6540e+01   6.4257e-04   0.0000e+00   2.9627e+02
20260929_09:00:00   1.0919e+00   1.9207e+02   1.6715e+01   1.0302e-03   0.0000e+00   2.9413e+02
20260929_10:00:00   1.0774e+00   1.9024e+02   1.6397e+01   3.6000e-03   0.0000e+00   2.9464e+02
20260929_11:00:00   1.0601e+00   1.8826e+02   1.6364e+01   0.0000e+00   0.0000e+00   2.9402e+02
20260929_12:00:00   1.0822e+00   1.9026e+02   1.6749e+01   0.0000e+00   0.0000e+00   2.9444e+02
20260929_13:00:00   1.0509e+00   1.8719e+02   1.6314e+01   0.0000e+00   0.0000e+00   2.9484e+02
20260929_14:00:00   1.0137e+00   1.8326e+02   1.5985e+01   0.0000e+00   0.0000e+00   2.9445e+02
20260929_15:00:00   1.0322e+00   1.8496e+02   1.6471e+01   0.0000e+00   0.0000e+00   2.9314e+02
20260929_16:00:00   1.1061e+00   1.9195e+02   1.7751e+01   0.0000e+00   0.0000e+00   2.9180e+02
20260929_17:00:00   1.1364e+00   1.9461e+02   1.8271e+01   0.0000e+00   0.0000e+00   2.9063e+02
20260929_18:00:00   1.1411e+00   1.9485e+02   1.8471e+01   0.0000e+00   0.0000e+00   2.9037e+02
20260929_19:00:00   1.1231e+00   1.9303e+02   1.8384e+01   0.0000e+00   0.0000e+00   2.9127e+02
20260929_20:00:00   1.0927e+00   1.9007e+02   1.8140e+01   0.0000e+00   0.0000e+00   2.9202e+02
20260929_21:00:00   1.0699e+00   1.8770e+02   1.8000e+01   0.0000e+00   0.0000e+00   2.9344e+02
20260929_22:00:00   1.0713e+00   1.8775e+02   1.8094e+01   0.0000e+00   0.0000e+00   2.9422e+02
20260929_23:00:00   1.0799e+00   1.8891e+02   1.8233e+01   0.0000e+00   0.0000e+00   2.9441e+02
20260930_00:00:00   1.0939e+00   1.9066e+02   1.8451e+01   0.0000e+00   0.0000e+00   2.9518e+02
20260930_01:00:00   1.0713e+00   1.8878e+02   1.8242e+01   0.0000e+00   0.0000e+00   2.9710e+02
20260930_02:00:00   1.0771e+00   1.8935e+02   1.8516e+01   0.0000e+00   0.0000e+00   2.9727e+02
20260930_03:00:00   1.0680e+00   1.8862e+02   1.8465e+01   0.0000e+00   0.0000e+00   2.9600e+02
20260930_04:00:00   1.1126e+00   1.9285e+02   1.9253e+01   0.0000e+00   0.0000e+00   2.9530e+02
20260930_05:00:00   1.1344e+00   1.9482e+02   1.9681e+01   0.0000e+00   0.0000e+00   2.9585e+02
20260930_06:00:00   1.1623e+00   1.9725e+02   2.0165e+01   0.0000e+00   3.9460e-05   2.9503e+02
20260930_07:00:00   1.1462e+00   1.9606e+02   1.9675e+01   0.0000e+00   8.5540e-06   2.9552e+02
20260930_08:00:00   1.1590e+00   1.9711e+02   1.9810e+01   0.0000e+00   8.7020e-04   2.9613e+02
20260930_09:00:00   1.2180e+00   2.0162e+02   2.0626e+01   0.0000e+00   3.0720e-03   2.9566e+02
20260930_10:00:00   1.3710e+00   2.1322e+02   2.2062e+01   4.1699e-03   1.1305e-04   2.9432e+02
20260930_11:00:00   2.3682e+00   2.5879e+02   2.4641e+01   2.9250e-01   2.4744e-05   2.9337e+02
20260930_12:00:00   2.3509e+00   2.5803e+02   2.5461e+01   2.5476e-01   1.5832e-04   2.9165e+02
20260930_13:00:00   2.1811e+00   2.5299e+02   2.6464e+01   1.6486e-01   6.0585e-04   2.9049e+02
20260930_14:00:00   2.5236e+00   2.6196e+02   2.6256e+01   3.0447e-01   1.3799e-03   2.9073e+02
20260930_15:00:00   1.3754e+00   2.1150e+02   2.1818e+01   1.3481e-02   2.5872e-03   2.9144e+02
20260930_16:00:00   8.2067e-01   1.5849e+02   1.4193e+01   0.0000e+00   1.9107e-04   2.9125e+02
20260930_17:00:00   6.2567e-01   1.3183e+02   1.0639e+01   0.0000e+00   0.0000e+00   2.9146e+02
20260930_18:00:00   5.5651e-01   1.2121e+02   9.3398e+00   0.0000e+00   0.0000e+00   2.9152e+02
20260930_19:00:00   4.9263e-01   1.1081e+02   8.1473e+00   0.0000e+00   0.0000e+00   2.9241e+02
20260930_20:00:00   4.4796e-01   1.0309e+02   7.3155e+00   0.0000e+00   1.8318e-04   2.9408e+02
20260930_21:00:00   4.2610e-01   9.9084e+01   7.0161e+00   0.0000e+00   2.1140e-04   2.9561e+02
20260930_22:00:00   3.9194e-01   9.2943e+01   6.4448e+00   0.0000e+00   0.0000e+00   2.9711e+02
20260930_23:00:00   3.5948e-01   8.7157e+01   5.9016e+00   0.0000e+00   0.0000e+00   2.9841e+02
20261001_00:00:00   3.3747e-01   8.3045e+01   5.6221e+00   0.0000e+00   8.8156e-05   2.9836e+02
20261001_01:00:00   3.5489e-01   8.6621e+01   5.8669e+00   0.0000e+00   1.4092e-05   2.9654e+02
20261001_02:00:00   3.5597e-01   8.7011e+01   5.9274e+00   0.0000e+00   0.0000e+00   2.9641e+02
20261001_03:00:00   3.7918e-01   9.1609e+01   6.2899e+00   0.0000e+00   0.0000e+00   2.9562e+02
20261001_04:00:00   4.2949e-01   1.0094e+02   7.0676e+00   0.0000e+00   0.0000e+00   2.9564e+02
20261001_05:00:00   4.6865e-01   1.0809e+02   7.5551e+00   0.0000e+00   0.0000e+00   2.9693e+02
20261001_06:00:00   4.9477e-01   1.1276e+02   7.9083e+00   0.0000e+00   0.0000e+00   2.9782e+02
20261001_07:00:00   5.2393e-01   1.1790e+02   8.1902e+00   0.0000e+00   0.0000e+00   2.9851e+02
20261001_08:00:00   5.3174e-01   1.1941e+02   8.0821e+00   0.0000e+00   0.0000e+00   2.9838e+02
20261001_09:00:00   5.3617e-01   1.1997e+02   7.9654e+00   0.0000e+00   0.0000e+00   2.9957e+02
20261001_10:00:00   4.9265e-01   1.1248e+02   7.2550e+00   0.0000e+00   0.0000e+00   2.9887e+02
20261001_11:00:00   4.1951e-01   9.9515e+01   6.1672e+00   0.0000e+00   0.0000e+00   2.9789e+02
20261001_12:00:00   4.0150e-01   9.6063e+01   5.8860e+00   0.0000e+00   0.0000e+00   2.9860e+02
20261001_13:00:00   3.8829e-01   9.3509e+01   5.6884e+00   0.0000e+00   0.0000e+00   2.9891e+02
20261001_14:00:00   3.8079e-01   9.2008e+01   5.5931e+00   0.0000e+00   0.0000e+00   2.9775e+02
20261001_15:00:00   3.7528e-01   9.0866e+01   5.5402e+00   0.0000e+00   0.0000e+00   2.9503e+02
20261001_16:00:00   3.6727e-01   8.9277e+01   5.4357e+00   0.0000e+00   0.0000e+00   2.9433e+02
20261001_17:00:00   3.6002e-01   8.7859e+01   5.3458e+00   0.0000e+00   0.0000e+00   2.9508e+02
20261001_18:00:00   3.5650e-01   8.7127e+01   5.3196e+00   0.0000e+00   0.0000e+00   2.9634e+02
20261001_21:00:00   3.4037e-01   8.3878e+01   5.1598e+00   0.0000e+00   0.0000e+00   3.0099e+02
20261002_00:00:00   3.4155e-01   8.4540e+01   5.3453e+00   0.0000e+00   0.0000e+00   2.9913e+02
20261002_03:00:00   3.8107e-01   9.2655e+01   6.1396e+00   0.0000e+00   0.0000e+00   2.9999e+02
20261002_06:00:00   4.9089e-01   1.1246e+02   7.9337e+00   0.0000e+00   0.0000e+00   3.0523e+02
20261002_09:00:00   5.4383e-01   1.2113e+02   8.5363e+00   0.0000e+00   0.0000e+00   3.0503e+02
20261002_12:00:00   5.6956e-01   1.2470e+02   8.9075e+00   0.0000e+00   0.0000e+00   3.0144e+02
20261002_15:00:00   5.4639e-01   1.2080e+02   8.6570e+00   0.0000e+00   0.0000e+00   3.0279e+02
20261002_18:00:00   5.2471e-01   1.1694e+02   8.4447e+00   0.0000e+00   0.0000e+00   3.0129e+02
20261002_21:00:00   4.7510e-01   1.0843e+02   7.8285e+00   0.0000e+00   0.0000e+00   3.0244e+02
20261003_00:00:00   4.5657e-01   1.0572e+02   7.7463e+00   0.0000e+00   0.0000e+00   3.0093e+02
20261003_03:00:00   5.2863e-01   1.1863e+02   9.0359e+00   0.0000e+00   0.0000e+00   3.0217e+02
20261003_06:00:00   6.3410e-01   1.3548e+02   1.0740e+01   0.0000e+00   0.0000e+00   3.0269e+02
20261003_09:00:00   7.5720e-01   1.5246e+02   1.2454e+01   0.0000e+00   0.0000e+00   3.0330e+02
20261003_12:00:00   7.9320e-01   1.5612e+02   1.3201e+01   0.0000e+00   0.0000e+00   3.0414e+02
20261003_15:00:00   7.6101e-01   1.5208e+02   1.2579e+01   0.0000e+00   0.0000e+00   3.0409e+02
20261003_18:00:00   7.5509e-01   1.5106e+02   1.2488e+01   0.0000e+00   0.0000e+00   3.0209e+02
20261003_21:00:00   7.6738e-01   1.5222e+02   1.2786e+01   0.0000e+00   0.0000e+00   3.0153e+02
20261004_00:00:00   7.8138e-01   1.5413e+02   1.3327e+01   0.0000e+00   0.0000e+00   3.0077e+02
20261004_03:00:00   8.9233e-01   1.6746e+02   1.5412e+01   0.0000e+00   3.1331e-05   2.9918e+02
20261004_06:00:00   9.1357e-01   1.6968e+02   1.5683e+01   0.0000e+00   8.0640e-03   3.0071e+02
20261004_09:00:00   1.0192e+00   1.8110e+02   1.6476e+01   0.0000e+00   0.0000e+00   3.0442e+02
20261004_12:00:00   1.2711e+00   2.0338e+02   1.8988e+01   0.0000e+00   6.9320e-06   3.0364e+02
20261004_15:00:00   1.0321e+00   1.8274e+02   1.4746e+01   1.2880e-03   0.0000e+00   3.0731e+02
20261004_18:00:00   8.5566e-01   1.6306e+02   1.2338e+01   0.0000e+00   0.0000e+00   3.0697e+02
20261004_21:00:00   8.2718e-01   1.5919e+02   1.1256e+01   4.9583e-03   0.0000e+00   3.0800e+02
20261005_00:00:00   9.0442e-01   1.6804e+02   1.2150e+01   1.3006e-02   0.0000e+00   3.0957e+02
20261005_03:00:00   1.0336e+00   1.8106e+02   1.2214e+01   7.0365e-02   3.6121e-05   3.1216e+02
20261005_06:00:00   9.5886e-01   1.7363e+02   1.2481e+01   3.8257e-02   2.8012e-04   3.0740e+02
20261005_09:00:00   7.8529e-01   1.5388e+02   1.1225e+01   0.0000e+00   0.0000e+00   3.0857e+02
20261005_12:00:00   6.9315e-01   1.4162e+02   9.9231e+00   0.0000e+00   0.0000e+00   3.0927e+02
20261005_15:00:00   6.2152e-01   1.3142e+02   9.0006e+00   0.0000e+00   0.0000e+00   3.0681e+02
20261005_18:00:00   6.2992e-01   1.3262e+02   9.1328e+00   0.0000e+00   0.0000e+00   3.0879e+02
20261005_21:00:00   5.7624e-01   1.2464e+02   8.3442e+00   0.0000e+00   0.0000e+00   3.0582e+02
20261006_00:00:00   6.1691e-01   1.3115e+02   8.9847e+00   0.0000e+00   0.0000e+00   3.0120e+02
20261006_03:00:00   6.0620e-01   1.3019e+02   9.3373e+00   0.0000e+00   6.7610e-04   2.9897e+02
20261006_06:00:00   6.5282e-01   1.3725e+02   1.0282e+01   0.0000e+00   4.9220e-04   2.9902e+02
20261006_09:00:00   6.3736e-01   1.3497e+02   9.9093e+00   0.0000e+00   2.8255e-04   2.9809e+02
20261006_12:00:00   5.9015e-01   1.2743e+02   9.2878e+00   0.0000e+00   2.9301e-03   2.9909e+02
20261006_15:00:00   5.6344e-01   1.2279e+02   9.1085e+00   0.0000e+00   8.6803e-02   3.0025e+02
20261006_18:00:00   6.0094e-01   1.2811e+02   9.8979e+00   0.0000e+00   1.8943e-02   3.0276e+02
20261006_21:00:00   5.9343e-01   1.2677e+02   9.9323e+00   0.0000e+00   1.5484e-02   3.0343e+02
20261007_00:00:00   6.3228e-01   1.3270e+02   1.0734e+01   0.0000e+00   1.2430e-02   3.0372e+02
20261007_03:00:00   7.1155e-01   1.4432e+02   1.2202e+01   0.0000e+00   2.0203e-03   3.0274e+02
20261007_06:00:00   7.6928e-01   1.5261e+02   1.3134e+01   0.0000e+00   1.7176e-03   3.0340e+02
20261007_09:00:00   7.5225e-01   1.5082e+02   1.2332e+01   0.0000e+00   3.0262e-03   3.0376e+02
20261007_12:00:00   6.4586e-01   1.3641e+02   1.0517e+01   0.0000e+00   1.4092e-05   3.0753e+02
20261007_15:00:00   5.8120e-01   1.2676e+02   9.4882e+00   0.0000e+00   0.0000e+00   3.0907e+02
20261007_18:00:00   5.2667e-01   1.1826e+02   8.6205e+00   0.0000e+00   0.0000e+00   3.0628e+02
20261007_21:00:00   5.1387e-01   1.1604e+02   8.5321e+00   0.0000e+00   1.8664e-04   3.0645e+02
20261008_00:00:00   5.5103e-01   1.2298e+02   9.0907e+00   0.0000e+00   0.0000e+00   2.9918e+02
20261008_03:00:00   5.5385e-01   1.2455e+02   9.3121e+00   0.0000e+00   0.0000e+00   2.9723e+02
20261008_06:00:00   6.0810e-01   1.3351e+02   1.0214e+01   0.0000e+00   0.0000e+00   2.9469e+02
20261008_09:00:00   6.9905e-01   1.4673e+02   1.1193e+01   0.0000e+00   0.0000e+00   2.9467e+02
20261008_12:00:00   6.6073e-01   1.4097e+02   1.0450e+01   0.0000e+00   0.0000e+00   2.9310e+02
20261008_15:00:00   6.1877e-01   1.3459e+02   9.8316e+00   0.0000e+00   0.0000e+00   2.9343e+02
20261008_18:00:00   5.7286e-01   1.2714e+02   9.2439e+00   0.0000e+00   0.0000e+00   2.9479e+02
20261008_21:00:00   5.4190e-01   1.2161e+02   9.0523e+00   0.0000e+00   0.0000e+00   2.9044e+02
20261009_00:00:00   5.3601e-01   1.2101e+02   9.1527e+00   0.0000e+00   0.0000e+00   2.8871e+02
20261009_03:00:00   5.4039e-01   1.2241e+02   9.2350e+00   0.0000e+00   0.0000e+00   2.8435e+02
20261009_06:00:00   5.9940e-01   1.3209e+02   1.0067e+01   0.0000e+00   0.0000e+00   2.8191e+02
20261009_09:00:00   6.2812e-01   1.3648e+02   1.0252e+01   0.0000e+00   0.0000e+00   2.8154e+02
20261009_12:00:00   6.4846e-01   1.3905e+02   1.0413e+01   0.0000e+00   0.0000e+00   2.8156e+02
20261009_15:00:00   6.5073e-01   1.3889e+02   1.0451e+01   0.0000e+00   0.0000e+00   2.7951e+02
20261009_18:00:00   6.3451e-01   1.3584e+02   1.0490e+01   0.0000e+00   9.3839e-04   2.7969e+02
20261009_21:00:00   6.2133e-01   1.3345e+02   1.0397e+01   0.0000e+00   1.8550e-03   2.8142e+02
20261010_00:00:00   6.1275e-01   1.3270e+02   1.0237e+01   0.0000e+00   0.0000e+00   2.8155e+02
20261010_03:00:00   7.1798e-01   1.4773e+02   1.2457e+01   0.0000e+00   0.0000e+00   2.8241e+02
20261010_06:00:00   7.6898e-01   1.5509e+02   1.3155e+01   0.0000e+00   0.0000e+00   2.8156e+02
20261010_09:00:00   1.0061e+00   1.8235e+02   1.5949e+01   8.7510e-04   0.0000e+00   2.8059e+02
20261010_12:00:00   1.0755e+00   1.8855e+02   1.5764e+01   2.0348e-03   4.1600e-06   2.7957e+02
20261010_15:00:00   1.2006e+00   1.9952e+02   1.6213e+01   3.7735e-02   0.0000e+00   2.7738e+02
20261010_18:00:00   1.4187e+00   2.1597e+02   1.7502e+01   8.3407e-02   2.0800e-06   2.7742e+02
20261010_21:00:00   1.6367e+00   2.2886e+02   1.9402e+01   1.3089e-01   7.9294e-05   2.7625e+02
20261011_00:00:00   1.6924e+00   2.3095e+02   2.2862e+01   8.8886e-02   3.7024e-03   2.7585e+02
20261011_03:00:00   2.0281e+00   2.4572e+02   2.3887e+01   1.9021e-01   2.8078e-01   2.7286e+02
20261011_06:00:00   1.8731e+00   2.3931e+02   2.5919e+01   7.3444e-02   3.0755e-02   2.7312e+02
20261011_09:00:00   2.4637e+00   2.5851e+02   2.3639e+01   3.3957e-01   3.3219e-02   2.7346e+02
20261011_12:00:00   2.2810e+00   2.5377e+02   2.2329e+01   2.9820e-01   9.0242e-02   2.7316e+02
20261011_15:00:00   2.2133e+00   2.5148e+02   2.2973e+01   2.6510e-01   6.9674e-02   2.7466e+02
20261011_18:00:00   1.3669e+00   2.1052e+02   1.9226e+01   2.7284e-02   4.9192e-05   2.7838e+02
20261011_21:00:00   1.3231e+00   2.0592e+02   1.9688e+01   1.2002e-02   3.2539e-03   2.8307e+02
20261012_00:00:00   1.4315e+00   2.1345e+02   1.7756e+01   7.7461e-02   1.7741e-06   2.8943e+02
20261012_03:00:00   1.2124e+00   1.9817e+02   1.3890e+01   9.1207e-02   0.0000e+00   2.9161e+02
20261012_06:00:00   8.2016e-01   1.5937e+02   1.1963e+01   0.0000e+00   0.0000e+00   2.8863e+02
20261012_09:00:00   6.2445e-01   1.3212e+02   9.8697e+00   0.0000e+00   1.1053e-03   2.8835e+02
20261012_12:00:00   5.5431e-01   1.2062e+02   9.1327e+00   0.0000e+00   1.2254e-02   2.8796e+02
20261012_15:00:00   5.1902e-01   1.1458e+02   8.6564e+00   0.0000e+00   9.6635e-03   2.8497e+02
20261012_18:00:00   5.6652e-01   1.2168e+02   9.4625e+00   0.0000e+00   3.4127e-02   2.8629e+02
