#            date       tau255        Tb[K]      pwv[mm] lwp[kg*m^-2] iwp[kg*m^-2]       o3[DU]
20260812_12:00:00   3.1127e+00   2.7724e+02   2.7982e+01   4.2509e-01   2.8020e-03   3.0430e+02
20260812_13:00:00   2.8278e+00   2.7311e+02   2.7283e+01   3.3523e-01   4.5540e-03   3.0686e+02
20260812_14:00:00   2.6462e+00   2.6979e+02   2.6870e+01   2.7616e-01   9.9540e-04   3.0666e+02
20260812_15:00:00   2.5291e+00   2.6711e+02   2.6211e+01   2.5919e-01   0.0000e+00   3.0640e+02
20260812_16:00:00   2.3825e+00   2.6331e+02   2.7763e+01   1.6698e-01   0.0000e+00   3.0418e+02
20260812_17:00:00   2.4139e+00   2.6408e+02   2.8881e+01   1.5271e-01   0.0000e+00   3.0268e+02
20260812_18:00:00   2.7321e+00   2.7115e+02   3.0283e+01   2.3252e-01   1.2988e-04   3.0159e+02
20260812_19:00:00   2.7873e+00   2.7209e+02   3.1161e+01   2.2655e-01   4.7100e-06   3.0222e+02
20260812_20:00:00   2.8651e+00   2.7333e+02   3.0727e+01   2.7609e-01   1.1598e-04   3.0200e+02
20260812_21:00:00   2.7392e+00   2.7101e+02   3.0553e+01   2.3977e-01   2.0120e-04   3.0199e+02
20260812_22:00:00   3.2042e+00   2.7786e+02   3.1974e+01   3.7335e-01   4.8820e-05   3.0143e+02
20260812_23:00:00   3.0794e+00   2.7666e+02   3.3142e+01   2.9451e-01   2.2644e-04   2.9850e+02
20260813_00:00:00   3.7282e+00   2.8343e+02   3.4802e+01   4.9216e-01   1.2190e-03   2.9590e+02
20260813_01:00:00   3.8463e+00   2.8437e+02   3.6132e+01   5.0106e-01   1.2861e-03   2.9583e+02
20260813_02:00:00   3.9135e+00   2.8481e+02   3.7419e+01   4.9079e-01   6.0335e-05   2.9674e+02
20260813_03:00:00   3.9848e+00   2.8527e+02   3.8221e+01   4.9526e-01   4.9340e-05   2.9546e+02
20260813_04:00:00   3.6880e+00   2.8342e+02   3.8775e+01   3.6815e-01   7.6435e-04   2.9479e+02
20260813_05:00:00   3.8624e+00   2.8487e+02   3.9257e+01   4.1885e-01   7.7098e-03   2.9466e+02
20260813_06:00:00   3.4798e+00   2.8189e+02   3.9229e+01   2.7530e-01   4.5480e-03   2.9527e+02
20260813_07:00:00   3.3160e+00   2.8043e+02   3.9797e+01   1.9987e-01   1.1832e-02   2.9541e+02
20260813_08:00:00   3.0638e+00   2.7739e+02   4.0162e+01   1.0105e-01   1.6602e-02   2.9533e+02
20260813_09:00:00   2.7483e+00   2.7221e+02   3.9982e+01   3.0562e-04   8.6975e-03   2.9471e+02
20260813_10:00:00   2.7289e+00   2.7164e+02   4.0140e+01   2.8180e-05   1.1321e-02   2.9295e+02
20260813_11:00:00   2.7078e+00   2.7088e+02   4.0114e+01   0.0000e+00   1.1451e-02   2.9212e+02
20260813_12:00:00   2.7079e+00   2.7070e+02   4.0254e+01   7.5000e-04   8.9444e-03   2.9183e+02
20260813_13:00:00   2.7684e+00   2.7170e+02   4.0549e+01   1.6726e-02   1.1676e-02   2.9192e+02
20260813_14:00:00   2.8406e+00   2.7295e+02   4.1285e+01   3.2075e-02   4.2902e-03   2.9226e+02
20260813_15:00:00   2.8685e+00   2.7347e+02   4.1557e+01   3.5259e-02   4.8023e-03   2.9164e+02
20260813_16:00:00   2.9408e+00   2.7455e+02   4.2563e+01   4.1006e-02   1.4932e-03   2.9241e+02
20260813_17:00:00   3.1341e+00   2.7729e+02   4.4104e+01   8.4234e-02   3.2224e-03   2.9359e+02
20260813_18:00:00   3.1329e+00   2.7716e+02   4.4872e+01   6.7757e-02   1.2011e-03   2.9294e+02
20260813_19:00:00   3.0388e+00   2.7575e+02   4.4781e+01   3.9561e-02   2.2276e-03   2.9285e+02
20260813_20:00:00   3.0128e+00   2.7532e+02   4.3961e+01   4.9126e-02   3.0172e-03   2.9341e+02
20260813_21:00:00   3.0013e+00   2.7512e+02   4.3203e+01   5.7561e-02   5.5614e-03   2.9512e+02
20260813_22:00:00   3.0640e+00   2.7619e+02   4.3232e+01   7.2874e-02   7.5367e-04   2.9602e+02
20260813_23:00:00   3.1722e+00   2.7798e+02   4.3524e+01   1.0503e-01   2.3187e-04   2.9556e+02
20260814_00:00:00   3.2628e+00   2.7946e+02   4.3883e+01   1.2702e-01   1.5217e-03   2.9537e+02
20260814_01:00:00   3.2418e+00   2.7968e+02   4.4636e+01   1.0008e-01   3.4353e-03   2.9430e+02
20260814_02:00:00   3.2928e+00   2.8074e+02   4.5945e+01   9.3193e-02   1.1778e-03   2.9495e+02
20260814_03:00:00   3.5306e+00   2.8339e+02   4.7099e+01   1.5509e-01   5.5032e-04   2.9544e+02
20260814_04:00:00   3.4748e+00   2.8281e+02   4.7322e+01   1.2418e-01   2.3118e-04   2.9563e+02
20260814_05:00:00   3.3322e+00   2.8145e+02   4.7274e+01   6.9671e-02   5.3366e-05   2.9508e+02
20260814_06:00:00   3.1573e+00   2.7953e+02   4.7215e+01   8.1564e-03   1.7085e-04   2.9430e+02
20260814_07:00:00   3.1309e+00   2.7939e+02   4.6900e+01   1.8320e-03   2.0543e-03   2.9352e+02
20260814_08:00:00   3.1488e+00   2.7958e+02   4.6759e+01   7.6730e-03   7.4611e-03   2.9416e+02
20260814_09:00:00   3.1370e+00   2.7929e+02   4.6313e+01   1.1656e-02   9.2589e-03   2.9335e+02
20260814_10:00:00   3.0838e+00   2.7824e+02   4.5744e+01   2.4108e-03   3.7615e-03   2.9355e+02
20260814_11:00:00   3.0504e+00   2.7741e+02   4.5239e+01   1.8980e-03   4.6385e-03   2.9315e+02
20260814_12:00:00   3.0403e+00   2.7702e+02   4.4937e+01   3.8761e-03   5.1480e-04   2.9365e+02
20260814_13:00:00   3.0213e+00   2.7657e+02   4.4666e+01   6.3974e-03   2.2399e-03   2.9486e+02
20260814_14:00:00   3.0209e+00   2.7644e+02   4.4600e+01   4.2930e-03   9.9800e-03   2.9599e+02
20260814_15:00:00   2.9694e+00   2.7567e+02   4.4154e+01   1.6139e-03   7.9760e-03   2.9762e+02
20260814_16:00:00   2.9484e+00   2.7530e+02   4.4032e+01   3.9210e-04   1.5038e-03   2.9853e+02
20260814_17:00:00   2.9224e+00   2.7483e+02   4.3803e+01   2.5711e-05   2.8897e-03   2.9876e+02
20260814_18:00:00   2.9580e+00   2.7520e+02   4.4301e+01   0.0000e+00   4.1265e-03   2.9827e+02
20260814_19:00:00   3.0045e+00   2.7574e+02   4.4941e+01   0.0000e+00   3.2399e-03   2.9673e+02
20260814_20:00:00   3.1009e+00   2.7697e+02   4.6106e+01   6.9420e-04   6.5552e-03   2.9598e+02
20260814_21:00:00   3.1537e+00   2.7763e+02   4.6936e+01   1.2586e-04   1.1180e-02   2.9740e+02
20260814_22:00:00   3.2963e+00   2.7940e+02   4.8212e+01   1.7380e-02   9.0846e-03   2.9790e+02
20260814_23:00:00   3.3295e+00   2.8023e+02   4.8460e+01   2.4901e-02   6.7418e-03   2.9695e+02
20260815_00:00:00   3.2905e+00   2.8024e+02   4.8730e+01   2.0988e-03   1.9830e-03   2.9885e+02
20260815_01:00:00   3.3475e+00   2.8138e+02   4.9685e+01   7.2458e-03   4.8826e-03   3.0094e+02
20260815_02:00:00   3.4712e+00   2.8291e+02   5.1089e+01   2.3695e-02   1.5290e-02   3.0068e+02
20260815_03:00:00   3.8982e+00   2.8611e+02   5.2196e+01   1.5838e-01   1.8388e-03   3.0080e+02
20260815_04:00:00   3.8843e+00   2.8573e+02   5.2261e+01   1.5515e-01   9.0795e-04   3.0063e+02
20260815_05:00:00   3.8142e+00   2.8531e+02   5.1791e+01   1.4650e-01   4.8204e-04   3.0138e+02
20260815_06:00:00   3.7809e+00   2.8499e+02   5.1293e+01   1.5896e-01   7.3036e-03   3.0162e+02
20260815_07:00:00   3.5891e+00   2.8352e+02   5.0101e+01   1.2464e-01   1.5715e-02   3.0111e+02
20260815_08:00:00   3.2817e+00   2.8065e+02   4.8909e+01   4.6740e-02   2.1701e-03   3.0006e+02
20260815_09:00:00   3.0965e+00   2.7851e+02   4.7339e+01   2.4226e-02   1.7127e-02   2.9949e+02
20260815_10:00:00   2.8756e+00   2.7501e+02   4.5018e+01   6.0828e-03   1.1863e-02   3.0022e+02
20260815_11:00:00   2.7383e+00   2.7226e+02   4.3054e+01   5.5656e-03   3.1367e-03   3.0053e+02
20260815_12:00:00   2.7869e+00   2.7302e+02   4.3409e+01   3.0251e-03   1.0566e-03   3.0096e+02
20260815_13:00:00   2.8567e+00   2.7404e+02   4.4141e+01   8.5674e-04   1.1094e-03   3.0276e+02
20260815_14:00:00   2.8782e+00   2.7425e+02   4.4348e+01   6.6690e-04   1.9122e-03   3.0268e+02
20260815_15:00:00   2.8768e+00   2.7411e+02   4.4330e+01   2.6356e-04   2.0869e-03   3.0131e+02
20260815_16:00:00   2.8684e+00   2.7384e+02   4.4462e+01   5.6360e-05   6.1022e-03   3.0200e+02
20260815_17:00:00   2.9014e+00   2.7424e+02   4.4992e+01   1.1272e-04   7.8223e-03   3.0225e+02
20260815_18:00:00   2.9259e+00   2.7442e+02   4.5576e+01   4.6500e-04   2.8025e-02   3.0112e+02
20260815_19:00:00   2.8782e+00   2.7355e+02   4.5066e+01   8.1340e-04   1.5561e-02   3.0039e+02
20260815_20:00:00   2.8196e+00   2.7244e+02   4.4330e+01   1.9268e-03   2.6025e-02   3.0021e+02
20260815_21:00:00   2.7805e+00   2.7166e+02   4.3964e+01   1.5928e-04   2.8382e-02   3.0050e+02
20260815_22:00:00   2.7627e+00   2.7154e+02   4.3770e+01   3.6081e-04   3.1107e-02   3.0117e+02
20260815_23:00:00   2.8035e+00   2.7256e+02   4.4272e+01   3.2883e-04   2.7409e-02   3.0172e+02
20260816_00:00:00   3.1218e+00   2.7754e+02   4.5584e+01   8.8215e-02   3.1015e-02   3.0202e+02
20260816_01:00:00   3.2716e+00   2.7929e+02   4.6359e+01   1.3441e-01   2.7672e-02   3.0204e+02
20260816_02:00:00   3.3424e+00   2.8024e+02   4.7238e+01   1.3761e-01   3.4454e-02   3.0192e+02
20260816_03:00:00   4.6322e+00   2.8759e+02   4.9339e+01   5.8473e-01   2.3881e-01   3.0050e+02
20260816_04:00:00   4.9903e+00   2.8797e+02   5.0828e+01   6.7435e-01   3.2926e-01   2.9862e+02
20260816_05:00:00   5.0094e+00   2.8744e+02   5.1340e+01   6.6375e-01   1.7009e-01   2.9764e+02
20260816_06:00:00   5.0675e+00   2.8728e+02   5.1508e+01   6.8271e-01   2.8466e-01   2.9738e+02
20260816_07:00:00   3.8415e+00   2.8278e+02   5.1352e+01   1.9368e-01   3.8455e-01   2.9655e+02
20260816_08:00:00   3.3680e+00   2.7925e+02   5.0989e+01   1.7622e-02   3.5588e-01   2.9728e+02
20260816_09:00:00   3.3901e+00   2.7938e+02   5.1480e+01   1.0168e-02   1.2998e-01   2.9946e+02
20260816_10:00:00   3.3135e+00   2.7823e+02   5.0641e+01   8.0215e-03   1.4457e-01   3.0133e+02
20260816_11:00:00   3.6640e+00   2.8100e+02   5.0461e+01   1.4990e-01   1.0993e-01   3.0366e+02
20260816_12:00:00   4.3565e+00   2.8449e+02   4.9470e+01   4.5005e-01   1.0462e-02   3.0574e+02
20260816_13:00:00   3.9436e+00   2.8304e+02   4.7828e+01   3.0336e-01   4.2235e-04   3.0596e+02
20260816_14:00:00   3.1970e+00   2.7682e+02   4.6466e+01   3.6099e-02   5.1418e-05   3.0590e+02
20260816_15:00:00   3.3189e+00   2.7810e+02   4.5884e+01   8.8000e-02   1.2988e-05   3.0595e+02
20260816_16:00:00   4.1427e+00   2.8384e+02   4.6231e+01   4.0257e-01   4.0900e-05   3.0518e+02
20260816_17:00:00   3.4353e+00   2.7950e+02   4.5861e+01   1.4162e-01   4.4919e-05   3.0601e+02
20260816_18:00:00   3.7406e+00   2.8181e+02   4.6649e+01   2.3470e-01   1.7999e-04   3.0485e+02
20260816_19:00:00   3.8784e+00   2.8317e+02   4.6519e+01   2.7752e-01   2.1560e-05   3.0415e+02
20260816_20:00:00   3.8641e+00   2.8335e+02   4.7085e+01   2.6907e-01   1.7702e-05   3.0340e+02
20260816_21:00:00   4.0514e+00   2.8438e+02   4.7826e+01   3.1785e-01   5.9083e-03   3.0368e+02
20260816_22:00:00   3.8167e+00   2.8290e+02   4.8732e+01   2.1848e-01   7.0484e-02   3.0389e+02
20260816_23:00:00   3.8006e+00   2.8341e+02   4.8608e+01   1.7906e-01   0.0000e+00   3.0602e+02
20260817_00:00:00   4.5633e+00   2.8765e+02   4.8327e+01   4.6769e-01   8.7600e-05   3.0604e+02
20260817_01:00:00   5.4062e+00   2.8950e+02   4.7560e+01   8.0242e-01   4.1600e-06   3.0687e+02
20260817_02:00:00   4.8534e+00   2.8856e+02   4.7005e+01   6.0441e-01   5.4920e-07   3.0613e+02
20260817_03:00:00   4.8921e+00   2.8885e+02   4.6498e+01   6.1944e-01   4.6465e-04   3.0794e+02
20260817_04:00:00   5.5874e+00   2.9018e+02   4.4747e+01   9.1232e-01   1.8534e-03   3.1380e+02
20260817_05:00:00   5.5970e+00   2.9027e+02   4.3004e+01   9.4854e-01   1.5010e-04   3.1561e+02
20260817_06:00:00   4.9778e+00   2.8945e+02   4.0957e+01   7.6634e-01   3.5220e-05   3.1782e+02
20260817_07:00:00   4.7541e+00   2.8897e+02   3.8610e+01   7.4328e-01   0.0000e+00   3.2010e+02
20260817_08:00:00   4.0090e+00   2.8622e+02   3.5271e+01   5.5926e-01   0.0000e+00   3.2225e+02
20260817_09:00:00   3.2944e+00   2.8075e+02   3.3250e+01   3.4349e-01   0.0000e+00   3.2532e+02
20260817_10:00:00   3.0181e+00   2.7709e+02   3.2766e+01   2.5030e-01   0.0000e+00   3.2538e+02
20260817_11:00:00   2.6976e+00   2.7174e+02   3.0578e+01   1.8369e-01   0.0000e+00   3.2621e+02
20260817_12:00:00   2.6580e+00   2.7107e+02   2.8497e+01   2.2880e-01   0.0000e+00   3.2490e+02
20260817_15:00:00   1.8040e+00   2.4354e+02   2.4669e+01   1.9112e-02   0.0000e+00   3.2001e+02
20260817_18:00:00   1.6388e+00   2.3468e+02   2.3038e+01   2.7342e-03   0.0000e+00   3.1656e+02
20260817_21:00:00   1.6329e+00   2.3390e+02   2.1992e+01   2.5044e-02   0.0000e+00   3.1602e+02
20260818_00:00:00   2.0308e+00   2.5293e+02   2.3583e+01   1.3804e-01   0.0000e+00   3.1500e+02
20260818_03:00:00   1.4760e+00   2.2700e+02   2.2587e+01   6.9200e-05   2.0624e-03   3.1244e+02
20260818_06:00:00   1.4750e+00   2.2774e+02   2.2965e+01   0.0000e+00   0.0000e+00   3.1094e+02
20260818_09:00:00   1.4592e+00   2.2703e+02   2.1960e+01   0.0000e+00   7.3120e-05   3.0640e+02
20260818_12:00:00   1.4812e+00   2.2714e+02   2.2232e+01   0.0000e+00   1.8952e-04   3.0311e+02
20260818_15:00:00   1.5900e+00   2.3326e+02   2.4973e+01   0.0000e+00   6.5762e-04   3.0207e+02
20260818_18:00:00   2.0833e+00   2.5554e+02   3.2563e+01   0.0000e+00   6.2282e-04   2.9882e+02
20260818_21:00:00   2.5978e+00   2.6959e+02   3.9348e+01   0.0000e+00   3.8231e-03   2.9628e+02
20260819_00:00:00   2.6820e+00   2.7290e+02   4.0846e+01   0.0000e+00   4.3610e-03   2.9543e+02
20260819_03:00:00   2.9661e+00   2.7940e+02   4.5513e+01   0.0000e+00   2.4959e-02   2.9487e+02
20260819_06:00:00   3.2459e+00   2.8439e+02   4.8703e+01   2.6832e-02   9.3080e-04   2.9463e+02
20260819_09:00:00   3.4688e+00   2.8597e+02   5.1572e+01   2.0200e-02   6.3093e-02   2.9432e+02
20260819_12:00:00   3.4705e+00   2.8426e+02   5.2250e+01   0.0000e+00   3.7701e-02   2.9197e+02
20260819_15:00:00   3.5421e+00   2.8420e+02   5.2910e+01   0.0000e+00   2.8004e-02   2.8924e+02
20260819_18:00:00   3.3930e+00   2.8272e+02   5.0548e+01   0.0000e+00   1.9740e-03   2.8633e+02
20260819_21:00:00   3.0624e+00   2.7888e+02   4.5351e+01   0.0000e+00   3.9753e-02   2.8788e+02
20260820_00:00:00   2.8419e+00   2.7665e+02   4.1754e+01   0.0000e+00   1.1062e-03   2.8902e+02
20260820_03:00:00   3.0470e+00   2.8043e+02   4.5798e+01   5.4260e-04   1.1458e-03   2.9054e+02
20260820_06:00:00   3.3157e+00   2.8391e+02   4.9671e+01   7.8999e-03   4.1993e-03   2.8769e+02
20260820_09:00:00   3.4495e+00   2.8474e+02   5.0598e+01   3.6037e-03   1.6114e-02   2.8785e+02
20260820_12:00:00   3.4433e+00   2.8357e+02   5.0774e+01   0.0000e+00   1.0427e-02   2.8826e+02
20260820_15:00:00   3.3006e+00   2.8170e+02   4.9056e+01   0.0000e+00   8.2592e-03   2.8821e+02
20260820_18:00:00   3.3618e+00   2.8211e+02   5.0314e+01   0.0000e+00   3.5965e-03   2.8570e+02
20260820_21:00:00   3.2822e+00   2.8116e+02   4.9706e+01   0.0000e+00   4.9230e-03   2.8567e+02
20260821_00:00:00   3.1033e+00   2.8010e+02   4.7734e+01   0.0000e+00   1.1801e-02   2.8543e+02
20260821_03:00:00   2.9907e+00   2.8020e+02   4.7141e+01   0.0000e+00   2.3797e-01   2.8448e+02
20260821_06:00:00   3.0201e+00   2.8094e+02   4.7314e+01   2.8180e-05   3.9822e-01   2.8314e+02
20260821_09:00:00   3.0828e+00   2.8134e+02   4.6761e+01   5.6250e-06   2.6377e-01   2.8436e+02
20260821_12:00:00   2.7204e+00   2.7460e+02   4.0670e+01   0.0000e+00   1.3778e-01   2.8987e+02
20260821_15:00:00   2.7777e+00   2.7511e+02   4.1133e+01   0.0000e+00   1.3858e-01   2.9013e+02
20260821_18:00:00   2.7040e+00   2.7329e+02   4.0649e+01   0.0000e+00   1.4954e-01   2.8677e+02
20260821_21:00:00   2.5597e+00   2.6985e+02   3.9077e+01   2.5680e-04   1.2941e-01   2.8840e+02
20260822_00:00:00   2.4611e+00   2.6847e+02   3.7534e+01   0.0000e+00   3.1269e-02   2.8957e+02
20260822_03:00:00   2.4813e+00   2.7104e+02   3.7490e+01   0.0000e+00   1.5500e-04   2.8665e+02
20260822_06:00:00   2.4838e+00   2.7263e+02   3.7448e+01   1.8457e-04   0.0000e+00   2.8767e+02
20260822_09:00:00   2.6045e+00   2.7505e+02   3.6546e+01   1.5468e-02   0.0000e+00   2.8873e+02
20260822_12:00:00   2.3939e+00   2.6825e+02   3.3276e+01   0.0000e+00   0.0000e+00   2.8981e+02
20260822_15:00:00   2.1253e+00   2.5952e+02   2.9881e+01   0.0000e+00   0.0000e+00   2.8835e+02
20260822_18:00:00   2.0468e+00   2.5622e+02   2.8738e+01   0.0000e+00   0.0000e+00   2.8734e+02
20260822_21:00:00   1.8694e+00   2.4863e+02   2.6531e+01   0.0000e+00   0.0000e+00   2.8870e+02
20260823_00:00:00   1.8740e+00   2.5026e+02   2.6953e+01   0.0000e+00   0.0000e+00   2.9022e+02
20260823_03:00:00   1.9830e+00   2.5623e+02   3.0422e+01   0.0000e+00   0.0000e+00   2.9108e+02
20260823_06:00:00   2.2532e+00   2.6668e+02   3.4479e+01   1.3566e-04   0.0000e+00   2.8880e+02
20260823_09:00:00   2.7789e+00   2.7840e+02   3.7321e+01   8.0470e-02   0.0000e+00   2.8811e+02
20260823_12:00:00   2.4292e+00   2.6956e+02   3.4958e+01   0.0000e+00   0.0000e+00   2.9065e+02
20260823_15:00:00   2.3319e+00   2.6624e+02   3.3371e+01   0.0000e+00   0.0000e+00   2.8718e+02
20260823_18:00:00   2.2403e+00   2.6304e+02   3.2084e+01   0.0000e+00   2.0200e-04   2.8752e+02
20260823_21:00:00   2.3254e+00   2.6512e+02   3.3005e+01   5.9370e-06   7.3066e-03   2.8730e+02
20260824_00:00:00   2.5223e+00   2.7115e+02   3.5941e+01   1.2915e-02   1.1195e-02   2.9002e+02
20260824_03:00:00   2.9457e+00   2.8049e+02   4.3642e+01   9.2138e-03   1.4640e-04   2.8594e+02
20260824_06:00:00   3.4166e+00   2.8555e+02   5.0710e+01   6.0942e-03   4.9066e-02   2.8348e+02
20260824_09:00:00   4.0158e+00   2.8799e+02   5.8785e+01   1.6678e-02   3.7916e-01   2.8076e+02
20260824_12:00:00   5.0236e+00   2.9014e+02   5.8465e+01   4.4780e-01   3.2424e-02   2.8304e+02
20260824_15:00:00   5.2361e+00   2.9037e+02   5.8466e+01   5.1804e-01   6.5056e-02   2.8307e+02
20260824_18:00:00   5.6300e+00   2.9133e+02   5.8472e+01   6.2553e-01   4.5421e-02   2.8472e+02
20260824_21:00:00   4.5983e+00   2.8944e+02   5.3110e+01   3.2361e-01   0.0000e+00   2.8622e+02
20260825_00:00:00   4.1991e+00   2.8826e+02   4.9153e+01   2.6600e-01   7.0460e-06   2.8571e+02
20260825_03:00:00   3.7330e+00   2.8604e+02   4.8035e+01   1.2936e-01   1.8056e-05   2.8632e+02
20260825_06:00:00   3.5517e+00   2.8546e+02   4.9272e+01   4.6565e-02   2.0620e-03   2.8595e+02
20260825_09:00:00   3.4489e+00   2.8421e+02   4.8539e+01   3.7457e-02   0.0000e+00   2.8653e+02
20260825_12:00:00   3.3845e+00   2.8288e+02   4.6763e+01   4.4356e-02   0.0000e+00   2.8837e+02
20260825_15:00:00   3.1110e+00   2.7934e+02   4.3372e+01   2.9559e-02   0.0000e+00   2.8826e+02
20260825_18:00:00   3.2472e+00   2.8041e+02   4.2235e+01   1.0674e-01   0.0000e+00   2.8785e+02
20260825_21:00:00   3.8223e+00   2.8491e+02   4.2345e+01   3.4272e-01   0.0000e+00   2.8911e+02
20260826_00:00:00   3.6452e+00   2.8399e+02   4.4007e+01   2.3992e-01   2.8580e-05   2.8890e+02
20260826_03:00:00   3.5099e+00   2.8350e+02   4.9023e+01   8.0076e-02   5.8820e-04   2.8723e+02
20260826_06:00:00   4.4036e+00   2.8901e+02   5.5132e+01   2.6325e-01   3.6712e-03   2.8700e+02
20260826_09:00:00   9.1780e+00   2.9122e+02   5.7800e+01   2.0919e+00   1.4479e-02   2.8558e+02
20260826_12:00:00   8.5252e+00   2.9090e+02   5.7843e+01   1.7762e+00   2.9591e-01   2.8602e+02
20260826_15:00:00   6.6011e+00   2.9050e+02   5.5383e+01   1.0952e+00   5.7985e-01   2.8665e+02
20260826_18:00:00   6.4288e+00   2.9003e+02   5.5037e+01   1.0888e+00   2.2774e-01   2.8592e+02
20260826_21:00:00   5.6894e+00   2.8812e+02   5.4354e+01   8.4635e-01   3.5673e-01   2.8612e+02
20260827_00:00:00   7.8921e+00   2.8905e+02   5.5099e+01   1.6749e+00   1.1162e-01   2.8661e+02
20260827_03:00:00   7.6372e+00   2.8978e+02   5.8955e+01   1.4454e+00   2.5389e-01   2.8638e+02
20260827_06:00:00   6.2222e+00   2.9035e+02   5.4326e+01   9.5886e-01   6.4405e-04   2.9304e+02
20260827_09:00:00   5.3295e+00   2.8942e+02   4.7535e+01   7.8334e-01   1.4092e-05   2.9419e+02
20260827_12:00:00   4.7361e+00   2.8753e+02   3.3086e+01   9.1900e-01   0.0000e+00   2.9722e+02
20260827_15:00:00   1.8414e+00   2.4310e+02   2.4419e+01   3.6323e-02   0.0000e+00   3.0259e+02
20260827_18:00:00   1.5040e+00   2.2372e+02   2.1417e+01   1.1470e-02   0.0000e+00   3.0250e+02
20260827_21:00:00   2.1720e+00   2.5400e+02   2.4464e+01   1.7065e-01   0.0000e+00   3.0860e+02
20260828_00:00:00   1.7607e+00   2.3820e+02   2.4806e+01   8.6020e-03   0.0000e+00   3.0830e+02
20260828_03:00:00   1.9191e+00   2.4622e+02   2.8012e+01   5.5893e-03   0.0000e+00   3.1061e+02
20260828_06:00:00   2.0068e+00   2.5011e+02   2.8409e+01   2.2645e-02   0.0000e+00   3.1582e+02
20260828_09:00:00   1.8911e+00   2.4508e+02   2.7544e+01   8.5638e-04   0.0000e+00   3.1297e+02
20260828_12:00:00   1.8321e+00   2.4134e+02   2.5987e+01   1.4796e-04   0.0000e+00   3.1679e+02
