#            date       tau255        Tb[K]      pwv[mm] lwp[kg*m^-2] iwp[kg*m^-2]       o3[DU]
20260910_00:00:00   1.0646e+00   1.8405e+02   1.8730e+01   0.0000e+00   8.2031e-02   2.8927e+02
20260910_01:00:00   1.1082e+00   1.8840e+02   1.9512e+01   0.0000e+00   1.1557e-01   2.8878e+02
20260910_02:00:00   1.1215e+00   1.8990e+02   1.9834e+01   0.0000e+00   1.4119e-01   2.8843e+02
20260910_03:00:00   1.1893e+00   1.9615e+02   2.1017e+01   7.2860e-05   7.6053e-02   2.8827e+02
20260910_04:00:00   1.2672e+00   2.0286e+02   2.2216e+01   6.5360e-05   1.0278e-01   2.8686e+02
20260910_05:00:00   1.3778e+00   2.1123e+02   2.4042e+01   2.4100e-04   1.6185e-01   2.8627e+02
20260910_06:00:00   1.3827e+00   2.1183e+02   2.3855e+01   8.9320e-04   3.4175e-01   2.8623e+02
20260910_07:00:00   1.4111e+00   2.1386e+02   2.4096e+01   0.0000e+00   4.9217e-01   2.8738e+02
20260910_08:00:00   1.4742e+00   2.1788e+02   2.5044e+01   0.0000e+00   4.2273e-01   2.8798e+02
20260910_09:00:00   1.4295e+00   2.1499e+02   2.4012e+01   0.0000e+00   3.9305e-01   2.8784e+02
20260910_10:00:00   1.3791e+00   2.1129e+02   2.3114e+01   0.0000e+00   3.5818e-01   2.8832e+02
20260910_11:00:00   1.2872e+00   2.0467e+02   2.1486e+01   0.0000e+00   2.4522e-01   2.8975e+02
20260910_12:00:00   1.1149e+00   1.9079e+02   1.8368e+01   0.0000e+00   7.8745e-02   2.9388e+02
20260910_13:00:00   9.5371e-01   1.7554e+02   1.5140e+01   0.0000e+00   1.5770e-03   2.9750e+02
20260910_14:00:00   8.9878e-01   1.6958e+02   1.4078e+01   0.0000e+00   0.0000e+00   2.9676e+02
20260910_15:00:00   8.8530e-01   1.6801e+02   1.3744e+01   0.0000e+00   0.0000e+00   2.9603e+02
20260910_16:00:00   8.8908e-01   1.6844e+02   1.3720e+01   0.0000e+00   0.0000e+00   2.9543e+02
20260910_17:00:00   8.3419e-01   1.6215e+02   1.2878e+01   0.0000e+00   0.0000e+00   2.9580e+02
20260910_18:00:00   7.8708e-01   1.5624e+02   1.2317e+01   0.0000e+00   3.5475e-03   2.9922e+02
20260910_19:00:00   7.6521e-01   1.5333e+02   1.2106e+01   0.0000e+00   2.8409e-02   3.0240e+02
20260910_20:00:00   7.3641e-01   1.4977e+02   1.1540e+01   0.0000e+00   1.9944e-03   3.0218e+02
20260910_21:00:00   6.9844e-01   1.4471e+02   1.0892e+01   0.0000e+00   2.0402e-03   3.0343e+02
20260910_22:00:00   6.5913e-01   1.3944e+02   1.0142e+01   0.0000e+00   1.2073e-02   3.0615e+02
20260910_23:00:00   6.3201e-01   1.3596e+02   9.6317e+00   0.0000e+00   5.8313e-03   3.0817e+02
20260911_00:00:00   6.2107e-01   1.3463e+02   9.5619e+00   0.0000e+00   1.9571e-03   3.0900e+02
20260911_01:00:00   5.9815e-01   1.3146e+02   9.4067e+00   0.0000e+00   2.2536e-04   3.0818e+02
20260911_02:00:00   6.0678e-01   1.3296e+02   9.7550e+00   0.0000e+00   5.8300e-03   3.0664e+02
20260911_03:00:00   6.0341e-01   1.3250e+02   9.9981e+00   0.0000e+00   1.3628e-02   3.0588e+02
20260911_04:00:00   6.5019e-01   1.3966e+02   1.0873e+01   0.0000e+00   3.2518e-03   3.0522e+02
20260911_05:00:00   6.6976e-01   1.4244e+02   1.1377e+01   0.0000e+00   2.1964e-03   3.0410e+02
20260911_06:00:00   7.0774e-01   1.4759e+02   1.2189e+01   0.0000e+00   6.0123e-03   3.0411e+02
20260911_07:00:00   7.5905e-01   1.5422e+02   1.3182e+01   0.0000e+00   1.6587e-02   3.0466e+02
20260911_08:00:00   8.2038e-01   1.6203e+02   1.4065e+01   0.0000e+00   6.3631e-02   3.0439e+02
20260911_09:00:00   9.2226e-01   1.7329e+02   1.5836e+01   0.0000e+00   1.3108e-01   3.0404e+02
20260911_10:00:00   9.2562e-01   1.7299e+02   1.6195e+01   0.0000e+00   2.1775e-01   3.0287e+02
20260911_11:00:00   8.8253e-01   1.6784e+02   1.5574e+01   0.0000e+00   2.5981e-01   3.0182e+02
20260911_12:00:00   8.6240e-01   1.6524e+02   1.5446e+01   0.0000e+00   1.0813e-01   3.0138e+02
20260911_13:00:00   8.5110e-01   1.6388e+02   1.5311e+01   0.0000e+00   5.4308e-02   3.0026e+02
20260911_14:00:00   8.4927e-01   1.6332e+02   1.5178e+01   0.0000e+00   3.5722e-01   2.9822e+02
20260911_15:00:00   8.3507e-01   1.6173e+02   1.5053e+01   0.0000e+00   9.0282e-02   2.9784e+02
20260911_16:00:00   8.2677e-01   1.6058e+02   1.5078e+01   0.0000e+00   4.9465e-02   2.9701e+02
20260911_17:00:00   8.0709e-01   1.5820e+02   1.4675e+01   0.0000e+00   3.1813e-03   2.9666e+02
20260911_18:00:00   7.9323e-01   1.5614e+02   1.4623e+01   0.0000e+00   9.2469e-03   2.9547e+02
20260911_19:00:00   7.9522e-01   1.5636e+02   1.4633e+01   0.0000e+00   1.4772e-02   2.9588e+02
20260911_20:00:00   8.2356e-01   1.5964e+02   1.5228e+01   0.0000e+00   2.4832e-02   2.9590e+02
20260911_21:00:00   8.0073e-01   1.5693e+02   1.4888e+01   0.0000e+00   2.4424e-02   2.9604e+02
20260911_22:00:00   8.1100e-01   1.5830e+02   1.5040e+01   0.0000e+00   8.1614e-02   2.9717e+02
20260911_23:00:00   8.2539e-01   1.6050e+02   1.5116e+01   0.0000e+00   3.5051e-02   2.9619e+02
20260912_00:00:00   8.6649e-01   1.6575e+02   1.5831e+01   0.0000e+00   5.1703e-02   2.9616e+02
20260912_01:00:00   9.0265e-01   1.7019e+02   1.6470e+01   0.0000e+00   1.5493e-01   2.9660e+02
20260912_02:00:00   9.7932e-01   1.7883e+02   1.7811e+01   0.0000e+00   7.1812e-02   2.9660e+02
20260912_03:00:00   1.0123e+00   1.8275e+02   1.8335e+01   0.0000e+00   3.9221e-02   2.9745e+02
20260912_04:00:00   1.0810e+00   1.8992e+02   1.9478e+01   0.0000e+00   9.3210e-03   2.9790e+02
20260912_05:00:00   1.1558e+00   1.9692e+02   2.0896e+01   0.0000e+00   2.0062e-03   2.9827e+02
20260912_06:00:00   1.2616e+00   2.0582e+02   2.2640e+01   2.6180e-04   6.1494e-03   2.9754e+02
20260912_07:00:00   1.3148e+00   2.1022e+02   2.3340e+01   0.0000e+00   2.6330e-03   2.9706e+02
20260912_08:00:00   1.4151e+00   2.1767e+02   2.4767e+01   0.0000e+00   2.7830e-03   2.9611e+02
20260912_09:00:00   1.4656e+00   2.2114e+02   2.4859e+01   4.7440e-03   7.9118e-04   2.9607e+02
20260912_10:00:00   1.5883e+00   2.2787e+02   2.5212e+01   4.4940e-02   7.5886e-04   2.9755e+02
20260912_11:00:00   1.5740e+00   2.2670e+02   2.6684e+01   9.3714e-03   1.2098e-02   2.9663e+02
20260912_12:00:00   1.7085e+00   2.3343e+02   2.7120e+01   5.8258e-02   2.1834e-02   2.9622e+02
20260912_13:00:00   2.8085e+00   2.6608e+02   2.7088e+01   5.1536e-01   2.4268e-02   2.9547e+02
20260912_14:00:00   2.5712e+00   2.6144e+02   2.6816e+01   4.2574e-01   1.9480e-02   2.9402e+02
20260912_15:00:00   2.4535e+00   2.5861e+02   2.6263e+01   3.9440e-01   1.5553e-02   2.9239e+02
20260912_16:00:00   2.2892e+00   2.5455e+02   2.6759e+01   3.1056e-01   5.5421e-03   2.9118e+02
20260912_17:00:00   2.9431e+00   2.6800e+02   2.8331e+01   5.3047e-01   1.9927e-01   2.9002e+02
20260912_18:00:00   2.7569e+00   2.6549e+02   2.9751e+01   4.1284e-01   4.5219e-02   2.9043e+02
20260912_19:00:00   2.4647e+00   2.5950e+02   2.8909e+01   3.1366e-01   9.1652e-03   2.9016e+02
20260912_20:00:00   2.3174e+00   2.5598e+02   2.8402e+01   2.5840e-01   1.9322e-02   2.8956e+02
20260912_21:00:00   2.0213e+00   2.4677e+02   2.9474e+01   1.1142e-01   1.8835e-02   2.8914e+02
20260912_22:00:00   1.8542e+00   2.4040e+02   3.0303e+01   1.7148e-02   8.7670e-02   2.8996e+02
20260912_23:00:00   2.4960e+00   2.6089e+02   3.1107e+01   2.5740e-01   9.4534e-02   2.9039e+02
20260913_00:00:00   2.3142e+00   2.5659e+02   3.1259e+01   1.7308e-01   5.3988e-02   2.9154e+02
20260913_01:00:00   1.8809e+00   2.4222e+02   2.9679e+01   3.3665e-02   5.9563e-02   2.9225e+02
20260913_02:00:00   1.7123e+00   2.3494e+02   2.8245e+01   5.3384e-03   1.7004e-01   2.9346e+02
20260913_03:00:00   1.6233e+00   2.3037e+02   2.7345e+01   0.0000e+00   1.3948e-01   2.9119e+02
20260913_04:00:00   1.5737e+00   2.2764e+02   2.6691e+01   3.2480e-03   3.3493e-02   2.9011e+02
20260913_05:00:00   1.7204e+00   2.3567e+02   2.8433e+01   1.3104e-02   4.9268e-02   2.8973e+02
20260913_06:00:00   1.7500e+00   2.3715e+02   2.9165e+01   4.8962e-03   4.0603e-02   2.8832e+02
20260913_07:00:00   1.7769e+00   2.3834e+02   2.9787e+01   5.0703e-04   7.3217e-02   2.8801e+02
20260913_08:00:00   1.8574e+00   2.4213e+02   3.0702e+01   1.9664e-04   2.4584e-02   2.8870e+02
20260913_09:00:00   1.9067e+00   2.4400e+02   3.1175e+01   1.0928e-04   2.7986e-02   2.8898e+02
20260913_10:00:00   1.9004e+00   2.4323e+02   3.1077e+01   0.0000e+00   5.7667e-02   2.8913e+02
20260913_11:00:00   1.9221e+00   2.4393e+02   3.1449e+01   0.0000e+00   5.6637e-02   2.9004e+02
20260913_12:00:00   1.9003e+00   2.4303e+02   3.0969e+01   0.0000e+00   6.6829e-03   2.9072e+02
20260913_13:00:00   1.9176e+00   2.4350e+02   3.1047e+01   0.0000e+00   2.2063e-03   2.9038e+02
20260913_14:00:00   1.9018e+00   2.4268e+02   3.0685e+01   4.0920e-05   2.5641e-03   2.8966e+02
20260913_15:00:00   1.8573e+00   2.4060e+02   3.0117e+01   4.0720e-05   3.3628e-03   2.8975e+02
20260913_16:00:00   1.7559e+00   2.3565e+02   2.8819e+01   0.0000e+00   1.1148e-02   2.8905e+02
20260913_17:00:00   1.6373e+00   2.2933e+02   2.7205e+01   0.0000e+00   3.5206e-02   2.8929e+02
20260913_18:00:00   1.5229e+00   2.2262e+02   2.5595e+01   0.0000e+00   1.8265e-02   2.8881e+02
20260913_19:00:00   1.4498e+00   2.1777e+02   2.4593e+01   2.1960e-06   2.0345e-02   2.8856e+02
20260913_20:00:00   1.4136e+00   2.1517e+02   2.4093e+01   0.0000e+00   1.4156e-02   2.8884e+02
20260913_21:00:00   1.4177e+00   2.1539e+02   2.4237e+01   0.0000e+00   2.4715e-02   2.8770e+02
20260913_22:00:00   1.4265e+00   2.1608e+02   2.4418e+01   4.3940e-06   1.8797e-02   2.8727e+02
20260913_23:00:00   1.4883e+00   2.2037e+02   2.5392e+01   6.8100e-05   2.5597e-02   2.8674e+02
20260914_00:00:00   1.5053e+00   2.2194e+02   2.5448e+01   2.5800e-03   9.1507e-03   2.8659e+02
20260914_01:00:00   1.5444e+00   2.2457e+02   2.6428e+01   1.2730e-03   6.9415e-02   2.8639e+02
20260914_02:00:00   1.6121e+00   2.2864e+02   2.7329e+01   4.2040e-03   1.9900e-01   2.8724e+02
20260914_03:00:00   1.6609e+00   2.3105e+02   2.8490e+01   1.0984e-05   3.0757e-01   2.8779e+02
20260914_04:00:00   1.6053e+00   2.2803e+02   2.7550e+01   4.6360e-03   1.7519e-02   2.8826e+02
20260914_05:00:00   1.5097e+00   2.2211e+02   2.6602e+01   0.0000e+00   7.9148e-02   2.8687e+02
20260914_06:00:00   1.4380e+00   2.1739e+02   2.5511e+01   0.0000e+00   9.2136e-02   2.8666e+02
20260914_07:00:00   1.4503e+00   2.1804e+02   2.5551e+01   0.0000e+00   2.7334e-01   2.8778e+02
20260914_08:00:00   1.5200e+00   2.2270e+02   2.6210e+01   1.8056e-06   1.7223e-01   2.8929e+02
20260914_09:00:00   1.5233e+00   2.2287e+02   2.5842e+01   0.0000e+00   2.7002e-01   2.9108e+02
20260914_10:00:00   1.4710e+00   2.1934e+02   2.4852e+01   0.0000e+00   3.4293e-01   2.9289e+02
20260914_11:00:00   1.4458e+00   2.1761e+02   2.4358e+01   0.0000e+00   1.6111e-01   2.9320e+02
20260914_12:00:00   1.3768e+00   2.1319e+02   2.2757e+01   0.0000e+00   1.7009e-01   2.9442e+02
20260914_13:00:00   1.3829e+00   2.1368e+02   2.2465e+01   0.0000e+00   9.8976e-02   2.9418e+02
20260914_14:00:00   1.3008e+00   2.0780e+02   2.0728e+01   0.0000e+00   4.0344e-02   2.9350e+02
20260914_15:00:00   1.2048e+00   2.0019e+02   1.8811e+01   0.0000e+00   1.6316e-02   2.9313e+02
20260914_16:00:00   1.1047e+00   1.9133e+02   1.7173e+01   0.0000e+00   2.0574e-02   2.9398e+02
20260914_17:00:00   9.7128e-01   1.7833e+02   1.4880e+01   0.0000e+00   6.0740e-03   2.9534e+02
20260914_18:00:00   8.8466e-01   1.6871e+02   1.3534e+01   0.0000e+00   1.6632e-03   2.9560e+02
20260914_19:00:00   8.1069e-01   1.5979e+02   1.2393e+01   0.0000e+00   0.0000e+00   2.9574e+02
20260914_20:00:00   7.5284e-01   1.5230e+02   1.1523e+01   0.0000e+00   2.8182e-05   2.9620e+02
20260914_21:00:00   7.1512e-01   1.4713e+02   1.1024e+01   0.0000e+00   4.2100e-04   2.9646e+02
20260914_22:00:00   6.7228e-01   1.4130e+02   1.0323e+01   0.0000e+00   2.2720e-04   2.9805e+02
20260914_23:00:00   6.6098e-01   1.4025e+02   1.0004e+01   0.0000e+00   0.0000e+00   3.0078e+02
20260915_00:00:00   6.2176e-01   1.3488e+02   9.5716e+00   0.0000e+00   0.0000e+00   3.0259e+02
20260915_03:00:00   5.9091e-01   1.3068e+02   9.6305e+00   0.0000e+00   0.0000e+00   3.0454e+02
20260915_06:00:00   6.3781e-01   1.3830e+02   1.0378e+01   0.0000e+00   1.4092e-05   3.0549e+02
20260915_09:00:00   8.0535e-01   1.6119e+02   1.2291e+01   1.6231e-04   6.5456e-03   3.0192e+02
20260915_12:00:00   8.3115e-01   1.6369e+02   1.2179e+01   0.0000e+00   1.0988e-03   3.0148e+02
20260915_15:00:00   7.3815e-01   1.5151e+02   1.0885e+01   0.0000e+00   7.7190e-03   3.0048e+02
20260915_18:00:00   6.4281e-01   1.3768e+02   9.7729e+00   0.0000e+00   7.4099e-03   2.9762e+02
20260915_21:00:00   5.7189e-01   1.2641e+02   9.1200e+00   0.0000e+00   5.2546e-02   3.0016e+02
20260916_00:00:00   6.1378e-01   1.3329e+02   1.0116e+01   0.0000e+00   7.1786e-02   3.0133e+02
20260916_03:00:00   6.9837e-01   1.4571e+02   1.1945e+01   0.0000e+00   6.5443e-02   3.0250e+02
20260916_06:00:00   8.2977e-01   1.6360e+02   1.3892e+01   0.0000e+00   2.8968e-03   3.0183e+02
20260916_09:00:00   9.7658e-01   1.8120e+02   1.5257e+01   0.0000e+00   3.5220e-05   2.9947e+02
20260916_12:00:00   9.6479e-01   1.7925e+02   1.4751e+01   0.0000e+00   1.5708e-03   3.0177e+02
20260916_15:00:00   9.1262e-01   1.7333e+02   1.3975e+01   0.0000e+00   1.9096e-02   3.0713e+02
20260916_18:00:00   7.7786e-01   1.5696e+02   1.2087e+01   0.0000e+00   0.0000e+00   3.1330e+02
20260916_21:00:00   7.6880e-01   1.5550e+02   1.2261e+01   0.0000e+00   0.0000e+00   3.1214e+02
20260917_00:00:00   7.9864e-01   1.5989e+02   1.3083e+01   0.0000e+00   0.0000e+00   3.1345e+02
20260917_03:00:00   8.9854e-01   1.7260e+02   1.5052e+01   0.0000e+00   0.0000e+00   3.1268e+02
20260917_06:00:00   1.0002e+00   1.8448e+02   1.6498e+01   0.0000e+00   0.0000e+00   3.1523e+02
20260917_09:00:00   1.1462e+00   1.9868e+02   1.7951e+01   0.0000e+00   0.0000e+00   3.1284e+02
20260917_12:00:00   9.9082e-01   1.8203e+02   1.5525e+01   0.0000e+00   7.5660e-04   3.0602e+02
20260917_15:00:00   8.2375e-01   1.6236e+02   1.3337e+01   0.0000e+00   4.3380e-05   3.0387e+02
20260917_18:00:00   7.5656e-01   1.5337e+02   1.2244e+01   0.0000e+00   2.0321e-03   2.9906e+02
20260917_21:00:00   8.8681e-01   1.6912e+02   1.3769e+01   1.1619e-03   2.9090e-03   3.0022e+02
20260918_00:00:00   9.8489e-01   1.8069e+02   1.5181e+01   2.4023e-04   2.0585e-02   2.9975e+02
20260918_03:00:00   9.5020e-01   1.7748e+02   1.5223e+01   0.0000e+00   5.5632e-03   2.9718e+02
20260918_06:00:00   8.3304e-01   1.6378e+02   1.3617e+01   0.0000e+00   9.0340e-04   2.9623e+02
20260918_09:00:00   8.5176e-01   1.6595e+02   1.3073e+01   0.0000e+00   1.8022e-03   2.9542e+02
20260918_12:00:00   1.0079e+00   1.8205e+02   1.4904e+01   1.1654e-02   6.9915e-03   2.9373e+02
20260918_15:00:00   1.0631e+00   1.8701e+02   1.6485e+01   1.4877e-03   3.0873e-01   2.9356e+02
20260918_18:00:00   1.1499e+00   1.9479e+02   1.8052e+01   2.1428e-05   3.1214e-02   3.0041e+02
20260918_21:00:00   1.1013e+00   1.9074e+02   1.6655e+01   4.8160e-03   2.3419e-03   3.0206e+02
20260919_00:00:00   1.0757e+00   1.8959e+02   1.6511e+01   3.7280e-04   2.7420e-05   3.0126e+02
20260919_03:00:00   1.1121e+00   1.9456e+02   1.7261e+01   0.0000e+00   0.0000e+00   3.0275e+02
20260919_06:00:00   1.2662e+00   2.0820e+02   1.9575e+01   0.0000e+00   0.0000e+00   2.9860e+02
20260919_09:00:00   1.3527e+00   2.1400e+02   2.0289e+01   0.0000e+00   0.0000e+00   2.9630e+02
20260919_12:00:00   1.2758e+00   2.0670e+02   1.9297e+01   1.5673e-04   5.8200e-04   2.9695e+02
20260919_15:00:00   1.1932e+00   1.9961e+02   1.8200e+01   3.8890e-04   0.0000e+00   2.9722e+02
20260919_18:00:00   9.9316e-01   1.8055e+02   1.5558e+01   0.0000e+00   5.0446e-03   2.9935e+02
20260919_21:00:00   9.3806e-01   1.7449e+02   1.4736e+01   8.8390e-06   9.6484e-06   2.9624e+02
20260920_00:00:00   1.0477e+00   1.8694e+02   1.6052e+01   1.5776e-03   0.0000e+00   2.9549e+02
20260920_03:00:00   1.0194e+00   1.8556e+02   1.6368e+01   0.0000e+00   1.6488e-04   2.9498e+02
20260920_06:00:00   1.0916e+00   1.9316e+02   1.7686e+01   0.0000e+00   1.4438e-03   2.9561e+02
20260920_09:00:00   1.1596e+00   1.9834e+02   1.8234e+01   1.9125e-04   1.7495e-02   2.9513e+02
20260920_12:00:00   1.1506e+00   1.9600e+02   1.8078e+01   2.3545e-03   2.6668e-03   2.9351e+02
20260920_15:00:00   1.0584e+00   1.8684e+02   1.6950e+01   2.9431e-03   1.1502e-03   2.9312e+02
20260920_18:00:00   1.0105e+00   1.8170e+02   1.6176e+01   2.8483e-03   1.2225e-03   2.9273e+02
20260920_21:00:00   1.0609e+00   1.8654e+02   1.6921e+01   2.2585e-03   4.1414e-03   2.9450e+02
20260921_00:00:00   1.2692e+00   2.0593e+02   1.8651e+01   2.7519e-02   0.0000e+00   2.9520e+02
20260921_03:00:00   1.5332e+00   2.2546e+02   1.9744e+01   8.9065e-02   0.0000e+00   2.9303e+02
20260921_06:00:00   2.3007e+00   2.5710e+02   1.9845e+01   3.6613e-01   0.0000e+00   2.9167e+02
20260921_09:00:00   2.6140e+00   2.6431e+02   1.9150e+01   4.9770e-01   0.0000e+00   2.9115e+02
20260921_12:00:00   1.6036e+00   2.2747e+02   1.6797e+01   1.7300e-01   0.0000e+00   2.9058e+02
20260921_15:00:00   9.8974e-01   1.7930e+02   1.4222e+01   1.1788e-02   0.0000e+00   2.9424e+02
20260921_18:00:00   8.2538e-01   1.6060e+02   1.2438e+01   1.8668e-03   0.0000e+00   2.9482e+02
20260921_21:00:00   7.3190e-01   1.4858e+02   1.0685e+01   2.6040e-03   0.0000e+00   2.9541e+02
20260922_00:00:00   1.0408e+00   1.8453e+02   1.2517e+01   6.8245e-02   0.0000e+00   2.9614e+02
20260922_03:00:00   7.5250e-01   1.5220e+02   1.0646e+01   7.4120e-03   0.0000e+00   2.9627e+02
20260922_06:00:00   7.9932e-01   1.5831e+02   1.1098e+01   1.4252e-02   0.0000e+00   2.9457e+02
20260922_09:00:00   7.4592e-01   1.5082e+02   1.0608e+01   1.0050e-03   0.0000e+00   2.9618e+02
20260922_12:00:00   7.1471e-01   1.4611e+02   1.0319e+01   1.2584e-03   0.0000e+00   2.9944e+02
20260922_15:00:00   7.0656e-01   1.4483e+02   1.0421e+01   0.0000e+00   0.0000e+00   3.0062e+02
20260922_18:00:00   7.2181e-01   1.4665e+02   1.0834e+01   0.0000e+00   0.0000e+00   2.9981e+02
20260922_21:00:00   6.6738e-01   1.3922e+02   1.0353e+01   0.0000e+00   0.0000e+00   3.0178e+02
20260923_00:00:00   6.5611e-01   1.3845e+02   1.0648e+01   0.0000e+00   0.0000e+00   3.0244e+02
20260923_03:00:00   6.7265e-01   1.4176e+02   1.1383e+01   0.0000e+00   2.1080e-03   3.0013e+02
20260923_06:00:00   7.8318e-01   1.5721e+02   1.3277e+01   0.0000e+00   3.1559e-03   2.9844e+02
20260923_09:00:00   9.4574e-01   1.7620e+02   1.5472e+01   0.0000e+00   2.4076e-02   3.0073e+02
20260923_12:00:00   8.8729e-01   1.6891e+02   1.4684e+01   0.0000e+00   1.7187e-03   3.0307e+02
20260923_15:00:00   8.3044e-01   1.6184e+02   1.4011e+01   0.0000e+00   5.7716e-04   3.0249e+02
20260923_18:00:00   7.9445e-01   1.5715e+02   1.3433e+01   0.0000e+00   0.0000e+00   3.0038e+02
20260923_21:00:00   7.2109e-01   1.4735e+02   1.2369e+01   0.0000e+00   0.0000e+00   3.0223e+02
20260924_00:00:00   7.1622e-01   1.4742e+02   1.2372e+01   0.0000e+00   0.0000e+00   3.0380e+02
20260924_03:00:00   7.8483e-01   1.5765e+02   1.3555e+01   0.0000e+00   0.0000e+00   3.0206e+02
20260924_06:00:00   9.5133e-01   1.7792e+02   1.6050e+01   0.0000e+00   0.0000e+00   3.0318e+02
20260924_09:00:00   1.0954e+00   1.9264e+02   1.7532e+01   0.0000e+00   0.0000e+00   3.0456e+02
20260924_12:00:00   1.0753e+00   1.9003e+02   1.7159e+01   0.0000e+00   0.0000e+00   3.0483e+02
20260924_15:00:00   1.0694e+00   1.8913e+02   1.7147e+01   0.0000e+00   3.9460e-05   3.0333e+02
20260924_18:00:00   1.0537e+00   1.8728e+02   1.6889e+01   0.0000e+00   0.0000e+00   3.0415e+02
20260924_21:00:00   1.0146e+00   1.8328e+02   1.6216e+01   0.0000e+00   0.0000e+00   3.0692e+02
20260925_00:00:00   9.9718e-01   1.8253e+02   1.5797e+01   0.0000e+00   0.0000e+00   3.0786e+02
20260925_03:00:00   1.0573e+00   1.8990e+02   1.6690e+01   0.0000e+00   0.0000e+00   3.0434e+02
20260925_06:00:00   1.1587e+00   2.0004e+02   1.8289e+01   0.0000e+00   0.0000e+00   3.0240e+02
20260925_09:00:00   1.2887e+00   2.1083e+02   1.9225e+01   0.0000e+00   0.0000e+00   3.0178e+02
20260925_12:00:00   1.3416e+00   2.1361e+02   1.9514e+01   0.0000e+00   0.0000e+00   3.0234e+02
20260925_15:00:00   1.2490e+00   2.0599e+02   1.8562e+01   0.0000e+00   4.6240e-05   2.9691e+02
20260925_18:00:00   1.1474e+00   1.9698e+02   1.7518e+01   0.0000e+00   2.2355e-03   2.9316e+02
20260925_21:00:00   1.0563e+00   1.8829e+02   1.6310e+01   0.0000e+00   3.8765e-03   2.9277e+02
20260926_00:00:00   1.0691e+00   1.9019e+02   1.6638e+01   0.0000e+00   0.0000e+00   2.9203e+02
