#            date       tau255        Tb[K]      pwv[mm] lwp[kg*m^-2] iwp[kg*m^-2]       o3[DU]
20260727_00:00:00   3.0586e+00   2.8018e+02   4.4946e+01   1.4874e-03   4.8639e-04   3.1371e+02
20260727_01:00:00   3.2552e+00   2.8330e+02   4.8026e+01   4.7990e-03   2.7782e-03   3.1429e+02
20260727_02:00:00   3.2299e+00   2.8367e+02   4.8034e+01   9.6653e-03   6.2012e-03   3.1597e+02
20260727_03:00:00   3.3004e+00   2.8420e+02   4.9348e+01   2.0025e-03   2.2038e-01   3.1663e+02
20260727_04:00:00   3.2979e+00   2.8354e+02   4.9490e+01   4.4250e-04   4.0187e-01   3.1582e+02
20260727_05:00:00   3.3612e+00   2.8390e+02   5.0341e+01   1.3743e-03   4.6305e-01   3.1465e+02
20260727_06:00:00   3.5387e+00   2.8527e+02   5.2176e+01   8.8455e-03   7.2292e-01   3.1706e+02
20260727_07:00:00   3.6504e+00   2.8573e+02   5.2506e+01   4.3220e-02   6.5496e-01   3.1581e+02
20260727_08:00:00   3.6024e+00   2.8523e+02   5.2564e+01   2.0444e-02   4.3484e-01   3.1595e+02
20260727_09:00:00   3.5250e+00   2.8467e+02   5.2072e+01   6.2384e-03   1.2523e-01   3.1830e+02
20260727_10:00:00   3.4671e+00   2.8410e+02   5.1168e+01   3.7092e-03   2.3271e-02   3.2016e+02
20260727_11:00:00   3.5654e+00   2.8474e+02   5.0238e+01   5.9396e-02   6.7415e-02   3.1829e+02
20260727_12:00:00   3.6865e+00   2.8569e+02   5.0376e+01   9.7952e-02   5.3622e-02   3.1725e+02
20260727_13:00:00   3.5481e+00   2.8447e+02   4.9907e+01   5.4621e-02   6.9183e-02   3.1901e+02
20260727_14:00:00   3.5543e+00   2.8452e+02   4.9882e+01   5.6346e-02   2.9323e-02   3.1707e+02
20260727_15:00:00   3.5634e+00   2.8450e+02   5.0377e+01   5.0163e-02   2.9483e-02   3.1440e+02
20260727_16:00:00   3.4702e+00   2.8361e+02   4.9596e+01   4.0532e-02   4.3013e-02   3.1341e+02
20260727_17:00:00   3.6011e+00   2.8470e+02   4.9994e+01   7.2619e-02   2.4056e-01   3.1345e+02
20260727_18:00:00   3.7007e+00   2.8563e+02   4.9556e+01   1.2408e-01   1.5053e-01   3.1082e+02
20260727_19:00:00   3.6550e+00   2.8547e+02   4.7905e+01   1.5321e-01   6.2005e-02   3.0917e+02
20260727_20:00:00   3.7206e+00   2.8600e+02   4.8428e+01   1.5809e-01   5.4808e-03   3.1152e+02
20260727_21:00:00   3.9835e+00   2.8768e+02   4.8947e+01   2.4617e-01   5.4263e-04   3.1460e+02
20260727_22:00:00   4.3175e+00   2.8920e+02   4.8046e+01   4.0271e-01   3.9276e-03   3.1615e+02
20260727_23:00:00   3.9516e+00   2.8730e+02   4.8352e+01   2.6079e-01   4.8269e-03   3.1543e+02
20260728_00:00:00   3.5519e+00   2.8432e+02   4.9498e+01   8.4809e-02   2.2421e-03   3.1199e+02
20260728_01:00:00   3.4855e+00   2.8404e+02   5.0019e+01   5.0767e-02   3.3285e-03   3.0938e+02
20260728_02:00:00   3.4433e+00   2.8411e+02   5.0761e+01   1.1530e-02   5.4040e-04   3.0856e+02
20260728_03:00:00   3.2729e+00   2.8314e+02   4.9049e+01   9.2858e-03   1.2503e-03   3.0985e+02
20260728_04:00:00   3.2782e+00   2.8363e+02   4.8904e+01   1.2492e-02   8.0987e-04   3.1049e+02
20260728_05:00:00   3.4241e+00   2.8557e+02   4.9682e+01   4.0425e-02   6.6018e-04   3.0774e+02
20260728_06:00:00   3.5240e+00   2.8641e+02   5.0674e+01   4.8065e-02   2.6716e-04   3.0657e+02
20260728_07:00:00   3.4515e+00   2.8558e+02   5.1347e+01   4.2000e-03   5.0322e-04   3.0589e+02
20260728_08:00:00   3.4290e+00   2.8569e+02   5.1579e+01   1.0646e-03   9.5162e-04   3.0615e+02
20260728_09:00:00   3.4595e+00   2.8592e+02   5.1761e+01   0.0000e+00   1.1232e-02   3.0613e+02
20260728_10:00:00   3.4564e+00   2.8550e+02   5.1845e+01   0.0000e+00   2.5099e-03   3.0599e+02
20260728_11:00:00   3.4991e+00   2.8532e+02   5.2287e+01   9.6872e-04   7.8825e-04   3.0692e+02
20260728_12:00:00   3.6201e+00   2.8603e+02   5.2012e+01   5.7912e-02   1.1982e-03   3.0865e+02
20260728_13:00:00   3.6600e+00   2.8623e+02   5.2968e+01   4.8433e-02   6.3550e-03   3.0908e+02
20260728_14:00:00   3.7210e+00   2.8678e+02   5.2598e+01   6.9142e-02   1.0219e-02   3.0943e+02
20260728_15:00:00   3.7508e+00   2.8700e+02   5.1816e+01   9.9084e-02   2.2507e-03   3.0866e+02
20260728_16:00:00   4.0495e+00   2.8893e+02   5.0731e+01   2.4334e-01   3.9593e-03   3.0675e+02
20260728_17:00:00   4.0567e+00   2.8880e+02   5.0714e+01   2.5495e-01   4.3772e-03   3.0395e+02
20260728_18:00:00   3.7790e+00   2.8680e+02   5.0327e+01   1.6213e-01   1.3786e-02   3.0170e+02
20260728_19:00:00   3.7509e+00   2.8645e+02   4.9062e+01   1.7954e-01   9.8703e-03   3.0122e+02
20260728_20:00:00   3.5473e+00   2.8472e+02   4.7920e+01   1.3549e-01   1.1546e-02   3.0164e+02
20260728_21:00:00   3.2930e+00   2.8213e+02   4.6805e+01   7.3978e-02   8.8326e-03   3.0267e+02
20260728_22:00:00   3.1673e+00   2.8088e+02   4.6100e+01   5.6468e-02   5.6253e-03   3.0224e+02
20260728_23:00:00   3.1510e+00   2.8091e+02   4.5813e+01   5.8531e-02   5.2054e-03   3.0199e+02
20260729_00:00:00   2.9976e+00   2.7912e+02   4.4846e+01   4.0455e-02   4.1896e-03   3.0120e+02
20260729_01:00:00   2.9130e+00   2.7823e+02   4.4474e+01   2.6250e-02   3.6029e-03   3.0035e+02
20260729_02:00:00   2.8518e+00   2.7761e+02   4.3718e+01   1.4895e-02   2.1379e-03   2.9984e+02
20260729_03:00:00   2.7928e+00   2.7715e+02   4.2398e+01   1.9509e-02   6.2820e-03   2.9998e+02
20260729_04:00:00   2.7347e+00   2.7654e+02   4.1634e+01   1.0145e-02   1.0742e-02   2.9955e+02
20260729_05:00:00   2.7275e+00   2.7690e+02   4.1569e+01   4.3520e-03   1.1454e-02   2.9871e+02
20260729_06:00:00   2.6945e+00   2.7672e+02   4.1552e+01   0.0000e+00   1.1314e-02   2.9904e+02
20260729_07:00:00   2.7034e+00   2.7703e+02   4.1928e+01   0.0000e+00   7.6180e-03   3.0113e+02
20260729_08:00:00   2.6878e+00   2.7667e+02   4.1436e+01   0.0000e+00   3.0397e-04   3.0195e+02
20260729_09:00:00   2.7470e+00   2.7732e+02   4.1802e+01   0.0000e+00   0.0000e+00   3.0034e+02
20260729_10:00:00   2.7739e+00   2.7688e+02   4.1545e+01   2.2140e-03   1.4092e-05   3.0024e+02
20260729_11:00:00   2.6646e+00   2.7390e+02   3.9871e+01   4.6501e-03   8.5720e-06   2.9988e+02
20260729_12:00:00   2.5105e+00   2.7012e+02   3.8308e+01   2.1368e-03   1.0586e-03   2.9768e+02
20260729_13:00:00   2.4115e+00   2.6741e+02   3.7195e+01   1.6599e-03   3.1802e-03   2.9712e+02
20260729_14:00:00   2.3340e+00   2.6523e+02   3.6226e+01   1.6469e-03   6.4547e-03   2.9723e+02
20260729_15:00:00   2.2393e+00   2.6239e+02   3.5007e+01   1.6388e-03   1.4309e-02   2.9818e+02
20260729_16:00:00   2.1556e+00   2.5952e+02   3.3824e+01   7.3379e-04   1.4332e-02   2.9833e+02
20260729_17:00:00   2.0950e+00   2.5718e+02   3.2738e+01   9.8675e-04   1.2234e-02   2.9919e+02
20260729_18:00:00   2.0482e+00   2.5532e+02   3.1801e+01   2.3337e-03   1.4368e-02   2.9868e+02
20260729_19:00:00   2.0304e+00   2.5448e+02   3.1177e+01   7.5340e-03   1.7626e-02   2.9896e+02
20260729_20:00:00   2.0281e+00   2.5427e+02   3.0505e+01   2.3418e-02   3.0835e-02   2.9924e+02
20260729_21:00:00   2.0419e+00   2.5479e+02   2.9972e+01   4.2850e-02   3.8886e-02   2.9992e+02
20260729_22:00:00   1.9675e+00   2.5203e+02   2.9181e+01   3.4006e-02   2.6767e-02   2.9946e+02
20260729_23:00:00   1.8883e+00   2.4899e+02   2.8479e+01   2.1893e-02   2.0671e-02   2.9896e+02
20260730_00:00:00   1.7725e+00   2.4424e+02   2.7798e+01   5.5623e-03   7.1611e-03   2.9949e+02
20260730_01:00:00   1.6882e+00   2.4065e+02   2.7235e+01   7.0420e-05   2.5113e-03   3.0119e+02
20260730_02:00:00   1.7433e+00   2.4405e+02   2.8045e+01   0.0000e+00   1.4614e-03   3.0118e+02
20260730_03:00:00   1.7788e+00   2.4639e+02   2.8475e+01   9.7500e-05   5.6320e-04   3.0006e+02
20260730_04:00:00   1.8166e+00   2.4877e+02   2.8856e+01   0.0000e+00   2.4705e-04   2.9882e+02
20260730_05:00:00   1.9092e+00   2.5333e+02   2.9979e+01   0.0000e+00   5.4160e-06   2.9789e+02
20260730_06:00:00   2.0180e+00   2.5795e+02   3.1242e+01   0.0000e+00   0.0000e+00   2.9640e+02
20260730_07:00:00   2.0396e+00   2.5890e+02   3.1446e+01   0.0000e+00   1.8490e-05   2.9589e+02
20260730_08:00:00   1.9966e+00   2.5739e+02   3.0763e+01   0.0000e+00   4.0320e-04   2.9550e+02
20260730_09:00:00   2.0295e+00   2.5843e+02   3.0549e+01   0.0000e+00   1.3267e-03   2.9508e+02
20260730_10:00:00   2.0908e+00   2.6008e+02   3.0730e+01   0.0000e+00   2.3040e-03   2.9516e+02
20260730_11:00:00   2.1090e+00   2.5998e+02   3.0696e+01   0.0000e+00   3.0843e-03   2.9523e+02
20260730_12:00:00   2.0884e+00   2.5880e+02   3.0534e+01   0.0000e+00   8.4081e-03   2.9702e+02
20260730_13:00:00   2.0571e+00   2.5739e+02   3.0263e+01   2.0732e-04   9.1520e-03   2.9865e+02
20260730_14:00:00   2.0238e+00   2.5587e+02   2.9816e+01   2.6731e-03   2.1799e-03   2.9854e+02
20260730_15:00:00   2.0135e+00   2.5536e+02   2.9667e+01   6.0974e-03   1.9752e-03   2.9818e+02
20260730_16:00:00   1.9919e+00   2.5443e+02   2.9426e+01   6.2580e-03   7.9500e-05   2.9916e+02
20260730_17:00:00   1.9484e+00   2.5253e+02   2.8973e+01   4.1331e-03   1.0714e-06   2.9938e+02
20260730_18:00:00   1.9101e+00   2.5081e+02   2.8605e+01   1.4111e-03   2.5433e-05   2.9953e+02
20260730_19:00:00   1.9080e+00   2.5069e+02   2.8562e+01   2.5138e-03   3.4685e-04   2.9996e+02
20260730_20:00:00   1.8774e+00   2.4925e+02   2.8157e+01   4.3606e-03   9.0861e-04   2.9953e+02
20260730_21:00:00   1.8585e+00   2.4816e+02   2.7787e+01   6.2360e-03   5.4277e-04   2.9863e+02
20260730_22:00:00   1.8675e+00   2.4866e+02   2.7853e+01   6.6670e-03   5.4964e-04   2.9691e+02
20260730_23:00:00   1.8109e+00   2.4650e+02   2.7379e+01   4.1682e-03   2.7860e-03   2.9699e+02
20260731_00:00:00   1.7137e+00   2.4230e+02   2.6580e+01   2.5891e-03   3.5053e-03   2.9996e+02
20260731_01:00:00   1.7324e+00   2.4383e+02   2.7093e+01   1.2784e-03   3.5188e-03   3.0125e+02
20260731_02:00:00   1.7557e+00   2.4562e+02   2.7646e+01   0.0000e+00   3.0727e-03   3.0022e+02
20260731_03:00:00   1.7384e+00   2.4528e+02   2.7673e+01   0.0000e+00   1.2126e-03   3.0154e+02
20260731_04:00:00   1.8654e+00   2.5175e+02   2.9341e+01   0.0000e+00   2.6968e-04   3.0199e+02
20260731_05:00:00   1.8787e+00   2.5258e+02   2.9548e+01   0.0000e+00   1.3071e-03   3.0334e+02
20260731_06:00:00   1.8847e+00   2.5295e+02   2.9621e+01   0.0000e+00   4.6783e-03   3.0246e+02
20260731_07:00:00   1.9477e+00   2.5564e+02   3.0263e+01   0.0000e+00   5.7695e-03   3.0359e+02
20260731_08:00:00   1.9500e+00   2.5574e+02   3.0137e+01   0.0000e+00   6.5403e-03   3.0471e+02
20260731_09:00:00   1.9678e+00   2.5610e+02   3.0024e+01   0.0000e+00   4.7880e-03   3.0450e+02
20260731_10:00:00   1.9868e+00   2.5625e+02   2.9755e+01   0.0000e+00   2.3705e-03   3.0300e+02
20260731_11:00:00   1.9734e+00   2.5490e+02   2.9352e+01   0.0000e+00   2.1455e-03   3.0101e+02
20260731_12:00:00   1.8776e+00   2.5035e+02   2.8193e+01   0.0000e+00   9.3752e-04   3.0014e+02
20260731_13:00:00   1.7869e+00   2.4570e+02   2.7165e+01   0.0000e+00   2.6656e-04   3.0032e+02
20260731_14:00:00   1.7738e+00   2.4473e+02   2.7065e+01   0.0000e+00   3.1902e-04   3.0045e+02
20260731_15:00:00   1.7286e+00   2.4226e+02   2.6607e+01   0.0000e+00   9.9370e-05   3.0008e+02
20260731_16:00:00   1.7194e+00   2.4158e+02   2.6563e+01   0.0000e+00   1.2444e-03   3.0038e+02
20260731_17:00:00   1.7836e+00   2.4452e+02   2.7428e+01   0.0000e+00   1.8030e-03   3.0157e+02
20260731_18:00:00   1.8805e+00   2.4882e+02   2.8699e+01   0.0000e+00   1.9768e-03   3.0220e+02
20260731_19:00:00   2.0041e+00   2.5375e+02   3.0241e+01   0.0000e+00   2.5813e-03   3.0290e+02
20260731_20:00:00   2.1162e+00   2.5767e+02   3.1660e+01   0.0000e+00   3.9079e-03   3.0261e+02
20260731_21:00:00   2.1900e+00   2.6013e+02   3.2596e+01   2.9099e-04   3.0584e-03   3.0063e+02
20260731_22:00:00   2.2590e+00   2.6255e+02   3.3370e+01   1.1549e-03   3.1480e-03   2.9961e+02
20260731_23:00:00   2.2664e+00   2.6331e+02   3.3427e+01   2.0192e-03   2.9900e-03   2.9921e+02
20260801_00:00:00   2.2436e+00   2.6339e+02   3.3356e+01   6.2937e-04   2.3743e-03   2.9744e+02
20260801_03:00:00   2.2392e+00   2.6490e+02   3.3791e+01   5.1319e-03   1.5100e-04   2.9882e+02
20260801_06:00:00   2.3580e+00   2.6958e+02   3.5729e+01   0.0000e+00   3.2980e-04   2.9984e+02
20260801_09:00:00   2.4325e+00   2.7101e+02   3.6348e+01   0.0000e+00   5.0940e-05   2.9945e+02
20260801_12:00:00   2.4579e+00   2.6964e+02   3.6098e+01   2.6260e-05   1.2806e-04   2.9695e+02
20260801_15:00:00   2.5311e+00   2.7070e+02   3.6831e+01   4.1995e-04   4.1200e-04   2.9473e+02
20260801_18:00:00   2.5562e+00   2.7076e+02   3.7200e+01   1.5832e-03   2.2280e-04   2.9449e+02
20260801_21:00:00   2.3938e+00   2.6690e+02   3.5501e+01   2.3075e-03   2.7460e-07   2.9779e+02
20260802_00:00:00   2.3537e+00   2.6760e+02   3.5363e+01   0.0000e+00   5.2701e-05   2.9792e+02
20260802_03:00:00   2.5291e+00   2.7408e+02   3.7661e+01   0.0000e+00   0.0000e+00   2.9905e+02
20260802_06:00:00   2.7071e+00   2.7917e+02   3.9673e+01   6.0521e-03   0.0000e+00   2.9956e+02
20260802_09:00:00   2.9962e+00   2.8377e+02   4.0946e+01   5.5420e-02   0.0000e+00   2.9735e+02
20260802_12:00:00   2.8128e+00   2.7914e+02   3.9864e+01   0.0000e+00   0.0000e+00   2.9680e+02
20260802_15:00:00   2.7860e+00   2.7784e+02   3.9349e+01   0.0000e+00   0.0000e+00   2.9908e+02
20260802_18:00:00   2.7614e+00   2.7693e+02   3.9004e+01   0.0000e+00   0.0000e+00   3.0055e+02
20260802_21:00:00   2.7345e+00   2.7617e+02   3.8551e+01   0.0000e+00   0.0000e+00   3.0179e+02
20260803_00:00:00   2.6996e+00   2.7722e+02   3.8433e+01   0.0000e+00   0.0000e+00   2.9947e+02
20260803_03:00:00   2.8873e+00   2.8270e+02   4.0917e+01   1.6979e-02   0.0000e+00   2.9949e+02
20260803_06:00:00   3.2399e+00   2.8744e+02   4.5681e+01   1.0806e-02   0.0000e+00   2.9826e+02
20260803_09:00:00   3.3250e+00   2.8790e+02   4.7767e+01   1.7038e-04   7.8880e-06   2.9610e+02
20260803_12:00:00   3.1496e+00   2.8451e+02   4.4539e+01   0.0000e+00   0.0000e+00   2.9708e+02
20260803_15:00:00   2.8813e+00   2.8000e+02   4.1127e+01   0.0000e+00   0.0000e+00   2.9944e+02
20260803_18:00:00   2.7410e+00   2.7700e+02   3.9593e+01   0.0000e+00   0.0000e+00   2.9900e+02
20260803_21:00:00   2.6978e+00   2.7584e+02   3.8759e+01   0.0000e+00   0.0000e+00   3.0178e+02
20260804_00:00:00   2.6986e+00   2.7733e+02   3.9060e+01   0.0000e+00   0.0000e+00   3.0271e+02
20260804_03:00:00   2.6120e+00   2.7739e+02   3.9388e+01   0.0000e+00   0.0000e+00   3.0079e+02
20260804_06:00:00   2.8689e+00   2.8304e+02   4.1965e+01   4.8720e-02   5.4920e-07   2.9988e+02
20260804_09:00:00   3.9108e+00   2.9267e+02   4.6450e+01   2.7050e-01   3.3219e-04   2.9793e+02
20260804_12:00:00   3.0266e+00   2.8276e+02   4.3686e+01   1.9222e-06   0.0000e+00   2.9788e+02
20260804_15:00:00   2.8578e+00   2.7931e+02   4.1578e+01   0.0000e+00   0.0000e+00   3.0001e+02
20260804_18:00:00   2.8087e+00   2.7798e+02   4.0914e+01   0.0000e+00   0.0000e+00   3.0148e+02
20260804_21:00:00   2.6922e+00   2.7533e+02   3.9514e+01   0.0000e+00   0.0000e+00   3.0243e+02
20260805_00:00:00   2.4516e+00   2.7158e+02   3.7270e+01   0.0000e+00   0.0000e+00   3.0130e+02
20260805_03:00:00   2.3605e+00   2.7072e+02   3.6569e+01   0.0000e+00   0.0000e+00   3.0203e+02
20260805_06:00:00   2.6055e+00   2.7762e+02   3.9414e+01   2.3227e-02   0.0000e+00   3.0106e+02
20260805_09:00:00   4.1929e+00   2.9338e+02   4.5697e+01   3.8123e-01   1.7334e-04   2.9866e+02
20260805_12:00:00   3.1093e+00   2.8365e+02   4.2084e+01   5.9321e-02   1.6784e-05   2.9935e+02
20260805_15:00:00   2.5250e+00   2.7254e+02   3.6168e+01   0.0000e+00   2.1963e-05   2.9903e+02
20260805_18:00:00   2.2163e+00   2.6358e+02   3.2305e+01   0.0000e+00   4.8340e-06   2.9679e+02
20260805_21:00:00   2.0371e+00   2.5660e+02   3.0547e+01   0.0000e+00   3.9020e-05   2.9986e+02
20260806_00:00:00   1.9713e+00   2.5537e+02   3.0409e+01   0.0000e+00   1.1252e-04   2.9786e+02
20260806_03:00:00   2.1225e+00   2.6258e+02   3.3081e+01   0.0000e+00   0.0000e+00   2.9796e+02
20260806_06:00:00   2.6712e+00   2.7806e+02   3.9680e+01   1.9388e-02   0.0000e+00   2.9453e+02
20260806_09:00:00   2.7468e+00   2.7808e+02   3.9597e+01   2.1630e-02   0.0000e+00   2.9341e+02
20260806_12:00:00   2.2432e+00   2.6369e+02   3.2989e+01   0.0000e+00   0.0000e+00   2.9432e+02
20260806_15:00:00   1.8598e+00   2.4807e+02   2.8085e+01   3.7670e-03   0.0000e+00   2.9685e+02
20260806_18:00:00   1.5951e+00   2.3343e+02   2.4293e+01   1.3743e-02   0.0000e+00   2.9502e+02
20260806_21:00:00   1.5082e+00   2.2764e+02   2.3553e+01   2.3116e-03   0.0000e+00   2.9676e+02
20260807_00:00:00   1.5989e+00   2.3469e+02   2.4816e+01   2.8180e-04   0.0000e+00   3.0019e+02
20260807_03:00:00   1.6853e+00   2.4110e+02   2.6704e+01   0.0000e+00   0.0000e+00   2.9824e+02
20260807_06:00:00   1.6212e+00   2.3805e+02   2.6342e+01   0.0000e+00   4.1600e-05   2.9722e+02
20260807_09:00:00   1.7485e+00   2.4356e+02   2.7055e+01   5.1540e-03   0.0000e+00   2.9700e+02
20260807_12:00:00   1.7555e+00   2.4175e+02   2.6373e+01   1.7175e-02   0.0000e+00   2.9949e+02
20260807_15:00:00   2.2342e+00   2.6039e+02   2.7658e+01   1.4388e-01   1.7424e-05   3.0285e+02
20260807_18:00:00   2.6092e+00   2.7051e+02   2.9274e+01   2.4236e-01   3.0536e-04   2.9996e+02
20260807_21:00:00   2.6780e+00   2.7162e+02   2.9562e+01   2.5711e-01   4.1600e-06   3.0140e+02
20260808_00:00:00   2.4384e+00   2.6626e+02   2.9453e+01   1.7539e-01   0.0000e+00   3.0291e+02
20260808_03:00:00   2.3968e+00   2.6539e+02   3.3054e+01   6.7335e-02   0.0000e+00   2.9958e+02
20260808_06:00:00   3.0401e+00   2.7786e+02   3.6611e+01   2.0615e-01   1.2192e-04   2.9727e+02
20260808_09:00:00   3.9495e+00   2.8656e+02   3.7515e+01   5.1799e-01   1.4092e-05   2.9726e+02
20260808_12:00:00   3.7757e+00   2.8575e+02   3.5927e+01   4.9604e-01   3.4280e-05   2.9888e+02
20260808_15:00:00   3.8728e+00   2.8630e+02   3.7410e+01   4.8288e-01   3.7920e-04   3.0090e+02
20260808_18:00:00   4.2211e+00   2.8740e+02   3.9147e+01   5.6789e-01   2.8180e-05   2.9418e+02
20260808_21:00:00   4.4996e+00   2.8866e+02   4.1532e+01   6.0822e-01   0.0000e+00   2.9121e+02
20260809_00:00:00   4.7538e+00   2.8933e+02   4.1845e+01   6.9866e-01   5.8560e-03   2.8962e+02
20260809_03:00:00   4.8476e+00   2.8936e+02   4.1872e+01   7.2952e-01   0.0000e+00   2.9066e+02
20260809_06:00:00   5.9143e+00   2.9057e+02   4.1315e+01   1.1447e+00   0.0000e+00   2.8353e+02
20260809_09:00:00   5.4842e+00   2.8944e+02   3.9686e+01   1.0263e+00   0.0000e+00   2.8350e+02
20260809_12:00:00   4.9211e+00   2.8810e+02   3.8683e+01   8.4653e-01   0.0000e+00   2.8368e+02
20260809_15:00:00   4.4151e+00   2.8638e+02   3.8297e+01   6.6627e-01   0.0000e+00   2.8361e+02
20260809_18:00:00   2.6172e+00   2.6821e+02   3.8050e+01   1.1395e-02   0.0000e+00   2.8565e+02
20260809_21:00:00   2.8730e+00   2.7289e+02   3.8536e+01   8.1026e-02   0.0000e+00   2.8500e+02
20260810_00:00:00   3.3140e+00   2.7992e+02   3.7669e+01   2.6829e-01   0.0000e+00   2.8612e+02
20260810_03:00:00   3.4840e+00   2.8287e+02   3.5635e+01   3.7697e-01   0.0000e+00   2.8502e+02
20260810_06:00:00   2.6555e+00   2.7330e+02   3.6338e+01   4.3643e-02   0.0000e+00   2.8569e+02
20260810_09:00:00   2.5273e+00   2.7084e+02   3.6121e+01   5.5239e-03   0.0000e+00   2.8563e+02
20260810_12:00:00   2.4859e+00   2.6895e+02   3.4548e+01   2.1177e-02   0.0000e+00   2.8481e+02
20260810_15:00:00   2.3945e+00   2.6621e+02   3.2634e+01   3.7402e-02   0.0000e+00   2.8740e+02
20260810_18:00:00   2.8978e+00   2.7628e+02   3.2108e+01   2.4024e-01   0.0000e+00   2.8303e+02
20260810_21:00:00   2.5763e+00   2.7025e+02   3.0448e+01   1.7165e-01   0.0000e+00   2.8313e+02
20260811_00:00:00   2.5404e+00   2.7035e+02   3.2400e+01   1.2013e-01   0.0000e+00   2.8517e+02
20260811_03:00:00   2.1646e+00   2.6172e+02   3.1715e+01   1.3712e-02   0.0000e+00   2.8680e+02
20260811_06:00:00   2.0878e+00   2.6005e+02   3.1089e+01   8.9420e-04   0.0000e+00   2.8592e+02
20260811_09:00:00   2.0026e+00   2.5659e+02   2.9970e+01   0.0000e+00   0.0000e+00   2.8402e+02
20260811_12:00:00   1.8651e+00   2.4913e+02   2.8205e+01   0.0000e+00   0.0000e+00   2.8340e+02
20260811_15:00:00   1.7918e+00   2.4477e+02   2.7781e+01   0.0000e+00   0.0000e+00   2.8429e+02
20260811_18:00:00   1.9492e+00   2.5109e+02   3.0158e+01   0.0000e+00   0.0000e+00   2.8424e+02
20260811_21:00:00   2.0594e+00   2.5496e+02   3.1970e+01   0.0000e+00   0.0000e+00   2.8425e+02
20260812_00:00:00   1.9040e+00   2.5034e+02   3.0408e+01   0.0000e+00   0.0000e+00   2.8487e+02
