#            date       tau255        Tb[K]      pwv[mm] lwp[kg*m^-2] iwp[kg*m^-2]       o3[DU]
20260814_06:00:00   3.6265e+00   2.8455e+02   5.1832e+01   5.5796e-02   1.3833e-01   2.9521e+02
20260814_07:00:00   3.5042e+00   2.8336e+02   5.1722e+01   1.2289e-02   7.2549e-02   2.9665e+02
20260814_08:00:00   3.4203e+00   2.8244e+02   5.1020e+01   1.9962e-03   2.4657e-01   2.9786e+02
20260814_09:00:00   3.4428e+00   2.8227e+02   5.1348e+01   6.4945e-03   2.4366e-01   2.9953e+02
20260814_10:00:00   3.3783e+00   2.8145e+02   5.0853e+01   3.6139e-04   1.0004e-01   2.9862e+02
20260814_11:00:00   3.3255e+00   2.8062e+02   5.0068e+01   9.2410e-05   2.8158e-02   2.9780e+02
20260814_12:00:00   3.3656e+00   2.8077e+02   5.0525e+01   1.1228e-03   1.2283e-01   2.9731e+02
20260814_13:00:00   3.3694e+00   2.8065e+02   5.0370e+01   4.5178e-03   5.2800e-02   2.9905e+02
20260814_14:00:00   3.4702e+00   2.8144e+02   5.0720e+01   2.9711e-02   4.0946e-02   2.9935e+02
20260814_15:00:00   3.4711e+00   2.8140e+02   5.0725e+01   2.4482e-02   4.5305e-02   3.0117e+02
20260814_16:00:00   3.6188e+00   2.8264e+02   5.0652e+01   8.1775e-02   7.4152e-02   3.0228e+02
20260814_17:00:00   4.0149e+00   2.8515e+02   5.0682e+01   2.3676e-01   4.9522e-02   3.0316e+02
20260814_18:00:00   4.1407e+00   2.8577e+02   5.0399e+01   2.9308e-01   2.6076e-02   3.0437e+02
20260814_19:00:00   3.7291e+00   2.8334e+02   4.9645e+01   1.6484e-01   6.4028e-02   3.0449e+02
20260814_20:00:00   3.3623e+00   2.8020e+02   4.8752e+01   5.3160e-02   7.5932e-02   3.0371e+02
20260814_21:00:00   3.1544e+00   2.7778e+02   4.7373e+01   1.3898e-02   9.2502e-02   3.0380e+02
20260814_22:00:00   3.0873e+00   2.7698e+02   4.6421e+01   2.0225e-02   1.4690e-01   3.0510e+02
20260814_23:00:00   3.0515e+00   2.7654e+02   4.4969e+01   5.6411e-02   5.2405e-02   3.0685e+02
20260815_00:00:00   2.9981e+00   2.7589e+02   4.3954e+01   7.2212e-02   9.3617e-02   3.0716e+02
20260815_01:00:00   2.9429e+00   2.7518e+02   4.3361e+01   7.1969e-02   5.4580e-02   3.0735e+02
20260815_02:00:00   2.8494e+00   2.7395e+02   4.2772e+01   5.9322e-02   1.9577e-01   3.0550e+02
20260815_03:00:00   2.8201e+00   2.7370e+02   4.2891e+01   4.9342e-02   2.1696e-01   3.0283e+02
20260815_04:00:00   2.9140e+00   2.7520e+02   4.3502e+01   7.8947e-02   5.4219e-01   3.0160e+02
20260815_05:00:00   3.0362e+00   2.7676e+02   4.4032e+01   1.1648e-01   3.2136e-01   3.0133e+02
20260815_06:00:00   3.0884e+00   2.7742e+02   4.2565e+01   1.6552e-01   9.7129e-02   3.0169e+02
20260815_07:00:00   2.8803e+00   2.7434e+02   4.1872e+01   9.7573e-02   3.2010e-02   3.0182e+02
20260815_08:00:00   3.0497e+00   2.7658e+02   4.0397e+01   2.1549e-01   1.1669e-02   3.0198e+02
20260815_09:00:00   2.7009e+00   2.7082e+02   3.8786e+01   1.2427e-01   8.9191e-03   3.0149e+02
20260815_10:00:00   2.4250e+00   2.6491e+02   3.8790e+01   1.4136e-02   8.5393e-03   3.0187e+02
20260815_11:00:00   2.6971e+00   2.7069e+02   4.0914e+01   4.9603e-02   6.5822e-03   3.0163e+02
20260815_12:00:00   2.8764e+00   2.7371e+02   4.2785e+01   6.6139e-02   1.5412e-02   3.0122e+02
20260815_13:00:00   3.1614e+00   2.7761e+02   4.4778e+01   1.1831e-01   9.1919e-03   3.0159e+02
20260815_14:00:00   4.0271e+00   2.8440e+02   4.7180e+01   3.9902e-01   4.7167e-02   2.9969e+02
20260815_15:00:00   4.8571e+00   2.8705e+02   4.8205e+01   7.0918e-01   1.6878e-01   3.0006e+02
20260815_16:00:00   4.6813e+00   2.8660e+02   4.7609e+01   6.5273e-01   3.7344e-02   3.0167e+02
20260815_17:00:00   3.7255e+00   2.8244e+02   4.7590e+01   2.6124e-01   2.5241e-02   3.0175e+02
20260815_18:00:00   4.1215e+00   2.8465e+02   4.8496e+01   3.8578e-01   3.5077e-02   3.0071e+02
20260815_19:00:00   4.9145e+00   2.8711e+02   5.0024e+01   6.5756e-01   1.9275e-01   3.0222e+02
20260815_20:00:00   6.0247e+00   2.8851e+02   5.0652e+01   1.0608e+00   4.9605e-02   3.0309e+02
20260815_21:00:00   7.5548e+00   2.8909e+02   5.1029e+01   1.6483e+00   1.1279e-02   3.0210e+02
20260815_22:00:00   7.6534e+00   2.8894e+02   5.1146e+01   1.6970e+00   3.9159e-02   3.0056e+02
20260815_23:00:00   6.3730e+00   2.8859e+02   5.0887e+01   1.1729e+00   2.5576e-02   3.0054e+02
20260816_00:00:00   6.4224e+00   2.8871e+02   5.0729e+01   1.1924e+00   6.5234e-02   3.0136e+02
20260816_01:00:00   6.6917e+00   2.8892e+02   5.1189e+01   1.2793e+00   5.7568e-02   3.0043e+02
20260816_02:00:00   6.1847e+00   2.8895e+02   5.0979e+01   1.0727e+00   2.8485e-01   2.9888e+02
20260816_03:00:00   4.9620e+00   2.8756e+02   5.0629e+01   6.0099e-01   2.5962e-01   2.9780e+02
20260816_04:00:00   4.6973e+00   2.8711e+02   5.0646e+01   5.0043e-01   2.6473e-01   2.9733e+02
20260816_05:00:00   4.1723e+00   2.8556e+02   4.9861e+01   3.1124e-01   4.4742e-01   2.9907e+02
20260816_06:00:00   3.4814e+00   2.8135e+02   4.9860e+01   4.7224e-02   2.6357e-01   2.9961e+02
20260816_07:00:00   3.3570e+00   2.8054e+02   4.9025e+01   1.1792e-02   2.0436e-01   3.0305e+02
20260816_08:00:00   3.3707e+00   2.8093e+02   4.8337e+01   2.6267e-02   9.0904e-02   3.0481e+02
20260816_09:00:00   3.4986e+00   2.8213e+02   4.8090e+01   7.5618e-02   3.0928e-03   3.0595e+02
20260816_10:00:00   3.5061e+00   2.8212e+02   4.6773e+01   1.0640e-01   0.0000e+00   3.0748e+02
20260816_11:00:00   3.3946e+00   2.8091e+02   4.6152e+01   8.2760e-02   0.0000e+00   3.0931e+02
20260816_12:00:00   3.2617e+00   2.7936e+02   4.5995e+01   3.4800e-02   2.1380e-05   3.0885e+02
20260816_13:00:00   3.1013e+00   2.7727e+02   4.5218e+01   1.1924e-03   1.7142e-06   3.0737e+02
20260816_14:00:00   3.0342e+00   2.7627e+02   4.4436e+01   0.0000e+00   0.0000e+00   3.0684e+02
20260816_15:00:00   3.0226e+00   2.7592e+02   4.4243e+01   0.0000e+00   0.0000e+00   3.0721e+02
20260816_16:00:00   3.0128e+00   2.7566e+02   4.4315e+01   0.0000e+00   1.6348e-04   3.0762e+02
20260816_17:00:00   3.0092e+00   2.7553e+02   4.4511e+01   0.0000e+00   4.2860e-06   3.0780e+02
20260816_18:00:00   2.9995e+00   2.7527e+02   4.4104e+01   0.0000e+00   0.0000e+00   3.0789e+02
20260816_19:00:00   2.9225e+00   2.7419e+02   4.3230e+01   0.0000e+00   0.0000e+00   3.0838e+02
20260816_20:00:00   2.9255e+00   2.7423e+02   4.3157e+01   0.0000e+00   0.0000e+00   3.0988e+02
20260816_21:00:00   2.9499e+00   2.7463e+02   4.3663e+01   1.1556e-04   0.0000e+00   3.0976e+02
20260816_22:00:00   3.0038e+00   2.7559e+02   4.4572e+01   1.5525e-03   0.0000e+00   3.1167e+02
20260816_23:00:00   3.0091e+00   2.7616e+02   4.4453e+01   8.3725e-04   0.0000e+00   3.1294e+02
20260817_00:00:00   2.9757e+00   2.7632e+02   4.3925e+01   7.2680e-04   0.0000e+00   3.1155e+02
20260817_01:00:00   2.9749e+00   2.7706e+02   4.3746e+01   8.2201e-04   0.0000e+00   3.0976e+02
20260817_02:00:00   3.0425e+00   2.7879e+02   4.3409e+01   3.1145e-02   0.0000e+00   3.1088e+02
20260817_03:00:00   3.0420e+00   2.7935e+02   4.2791e+01   4.4969e-02   5.2900e-05   3.1210e+02
20260817_04:00:00   3.2006e+00   2.8153e+02   4.3468e+01   8.1917e-02   2.2420e-03   3.1207e+02
20260817_05:00:00   3.1142e+00   2.8043e+02   4.3363e+01   3.7171e-02   4.6504e-03   3.1179e+02
20260817_06:00:00   3.2464e+00   2.8211e+02   4.3468e+01   8.0361e-02   1.3598e-03   3.1264e+02
20260817_07:00:00   3.1566e+00   2.8101e+02   4.2883e+01   5.0454e-02   0.0000e+00   3.1475e+02
20260817_08:00:00   3.0045e+00   2.7892e+02   4.2038e+01   8.5563e-03   0.0000e+00   3.1671e+02
20260817_09:00:00   2.9005e+00   2.7720e+02   4.0839e+01   0.0000e+00   0.0000e+00   3.1851e+02
20260817_10:00:00   2.8601e+00   2.7611e+02   4.0171e+01   1.9286e-05   0.0000e+00   3.2114e+02
20260817_11:00:00   2.7463e+00   2.7382e+02   3.8462e+01   0.0000e+00   6.1580e-05   3.1907e+02
20260817_12:00:00   2.6847e+00   2.7248e+02   3.7531e+01   0.0000e+00   0.0000e+00   3.2067e+02
20260817_13:00:00   2.6455e+00   2.7151e+02   3.6762e+01   0.0000e+00   0.0000e+00   3.1991e+02
20260817_14:00:00   2.5551e+00   2.6955e+02   3.5512e+01   0.0000e+00   2.5220e-05   3.1948e+02
20260817_15:00:00   2.4901e+00   2.6801e+02   3.4786e+01   0.0000e+00   1.0220e-05   3.1800e+02
20260817_16:00:00   2.4576e+00   2.6711e+02   3.4366e+01   0.0000e+00   2.4904e-05   3.1747e+02
20260817_17:00:00   2.3850e+00   2.6520e+02   3.3462e+01   0.0000e+00   2.7436e-03   3.1547e+02
20260817_18:00:00   2.3486e+00   2.6407e+02   3.2875e+01   0.0000e+00   1.5478e-02   3.1359e+02
20260817_19:00:00   2.3831e+00   2.6481e+02   3.3209e+01   0.0000e+00   1.8022e-02   3.1110e+02
20260817_20:00:00   2.3340e+00   2.6344e+02   3.2473e+01   0.0000e+00   2.0060e-04   3.0987e+02
20260817_21:00:00   2.3046e+00   2.6251e+02   3.2100e+01   0.0000e+00   8.0810e-05   3.1044e+02
20260817_22:00:00   2.2665e+00   2.6166e+02   3.1532e+01   0.0000e+00   1.9044e-04   3.1117e+02
20260817_23:00:00   2.2510e+00   2.6162e+02   3.1316e+01   0.0000e+00   4.3147e-05   3.1013e+02
20260818_00:00:00   2.2144e+00   2.6112e+02   3.0970e+01   9.1150e-04   1.6866e-04   3.0968e+02
20260818_01:00:00   2.2166e+00   2.6187e+02   3.1248e+01   8.1780e-04   9.0980e-04   3.0950e+02
20260818_02:00:00   2.2248e+00   2.6279e+02   3.1855e+01   1.3412e-03   1.6828e-03   3.0899e+02
20260818_03:00:00   2.1908e+00   2.6224e+02   3.1932e+01   1.0366e-03   7.1320e-04   3.0808e+02
20260818_04:00:00   2.1688e+00   2.6195e+02   3.1982e+01   1.8854e-04   0.0000e+00   3.0768e+02
20260818_05:00:00   2.1258e+00   2.6086e+02   3.1611e+01   1.9392e-04   0.0000e+00   3.0795e+02
20260818_06:00:00   2.1095e+00   2.6040e+02   3.1630e+01   9.1080e-05   0.0000e+00   3.0756e+02
20260818_07:00:00   2.1189e+00   2.6086e+02   3.1196e+01   1.2055e-02   0.0000e+00   3.0728e+02
20260818_08:00:00   2.3170e+00   2.6695e+02   3.1863e+01   5.1291e-02   0.0000e+00   3.0693e+02
20260818_09:00:00   2.2639e+00   2.6498e+02   3.1553e+01   2.5286e-02   6.8620e-05   3.0526e+02
20260818_10:00:00   2.1599e+00   2.6122e+02   3.0760e+01   2.7960e-03   2.7180e-03   3.0316e+02
20260818_11:00:00   2.1549e+00   2.6043e+02   3.0542e+01   3.6870e-03   6.3788e-04   3.0325e+02
20260818_12:00:00   2.1749e+00   2.6071e+02   3.0908e+01   3.0260e-03   5.6360e-05   3.0349e+02
20260818_13:00:00   2.2383e+00   2.6247e+02   3.1224e+01   1.3663e-02   1.7702e-05   3.0358e+02
20260818_14:00:00   2.1975e+00   2.6119e+02   3.0776e+01   3.8980e-03   4.2280e-05   3.0249e+02
20260818_15:00:00   2.1262e+00   2.5888e+02   2.9919e+01   0.0000e+00   1.3832e-04   3.0052e+02
20260818_16:00:00   2.2091e+00   2.6137e+02   3.1080e+01   0.0000e+00   2.8584e-03   2.9921e+02
20260818_17:00:00   2.4891e+00   2.6872e+02   3.5627e+01   0.0000e+00   3.5602e-03   2.9851e+02
20260818_18:00:00   2.9338e+00   2.7687e+02   4.2662e+01   0.0000e+00   4.7958e-03   2.9698e+02
20260818_19:00:00   3.1440e+00   2.7956e+02   4.5516e+01   2.2760e-03   2.5820e-03   2.9603e+02
20260818_20:00:00   3.1244e+00   2.7925e+02   4.4879e+01   0.0000e+00   3.6301e-03   2.9550e+02
20260818_21:00:00   2.9689e+00   2.7717e+02   4.2212e+01   2.1660e-05   4.0981e-02   2.9526e+02
20260818_22:00:00   2.9791e+00   2.7750e+02   4.2424e+01   1.5981e-03   2.4360e-02   2.9456e+02
20260818_23:00:00   3.0727e+00   2.7917e+02   4.2874e+01   2.0193e-02   6.4201e-02   2.9454e+02
20260819_00:00:00   3.0298e+00   2.7909e+02   4.3252e+01   1.2740e-02   3.4409e-02   2.9467e+02
20260819_01:00:00   3.0165e+00   2.7918e+02   4.4388e+01   1.4464e-04   3.7778e-02   2.9405e+02
20260819_02:00:00   3.0644e+00   2.8023e+02   4.5376e+01   8.2200e-04   1.6757e-02   2.9353e+02
20260819_03:00:00   3.1244e+00   2.8123e+02   4.6548e+01   3.4800e-03   4.6637e-03   2.9239e+02
20260819_04:00:00   3.1338e+00   2.8172e+02   4.6574e+01   5.8179e-03   1.5592e-03   2.9449e+02
20260819_05:00:00   3.2075e+00   2.8288e+02   4.7403e+01   1.7922e-02   6.9720e-04   2.9458e+02
20260819_06:00:00   3.3351e+00   2.8425e+02   4.8432e+01   4.4880e-02   2.7521e-04   2.9448e+02
20260819_09:00:00   3.3106e+00   2.8396e+02   4.6960e+01   6.6860e-02   1.2729e-03   2.9475e+02
20260819_12:00:00   3.1111e+00   2.8055e+02   4.7136e+01   0.0000e+00   4.7750e-04   2.9448e+02
20260819_15:00:00   3.1797e+00   2.8077e+02   4.7972e+01   0.0000e+00   2.3729e-03   2.9414e+02
20260819_18:00:00   3.3550e+00   2.8235e+02   4.9963e+01   0.0000e+00   1.4953e-03   2.9271e+02
20260819_21:00:00   3.2999e+00   2.8165e+02   4.9577e+01   0.0000e+00   1.1657e-03   2.9367e+02
20260820_00:00:00   3.0882e+00   2.8065e+02   4.6026e+01   0.0000e+00   2.1888e-03   2.9492e+02
20260820_03:00:00   3.2616e+00   2.8381e+02   4.8535e+01   1.2102e-03   9.3801e-03   2.9430e+02
20260820_06:00:00   3.3884e+00   2.8540e+02   5.0714e+01   1.2461e-03   9.6963e-02   2.9548e+02
20260820_09:00:00   3.3535e+00   2.8476e+02   5.0776e+01   4.9520e-04   3.1629e-02   2.9273e+02
20260820_12:00:00   3.2178e+00   2.8222e+02   4.9345e+01   0.0000e+00   6.4560e-02   2.9260e+02
20260820_15:00:00   3.1831e+00   2.8137e+02   4.8932e+01   4.2980e-05   1.6242e-02   2.9187e+02
20260820_18:00:00   3.0685e+00   2.7969e+02   4.7143e+01   7.0460e-05   3.7783e-02   2.9141e+02
20260820_21:00:00   3.2048e+00   2.8092e+02   4.7308e+01   3.0005e-02   8.8281e-03   2.9410e+02
20260821_00:00:00   3.9694e+00   2.8711e+02   4.9470e+01   3.0041e-01   6.5390e-02   2.9025e+02
20260821_03:00:00   3.4103e+00   2.8304e+02   4.9524e+01   9.6951e-02   5.0499e-02   2.8936e+02
20260821_06:00:00   4.1894e+00   2.8825e+02   5.3966e+01   2.6637e-01   4.7194e-01   2.8670e+02
20260821_09:00:00   4.3162e+00   2.8800e+02   5.4888e+01   2.7076e-01   3.8836e-02   2.8622e+02
20260821_12:00:00   4.6921e+00   2.8920e+02   5.6633e+01   3.2510e-01   4.1253e-03   2.8583e+02
20260821_15:00:00   4.1158e+00   2.8692e+02   5.6455e+01   1.1380e-01   2.5459e-03   2.8544e+02
20260821_18:00:00   6.3377e+00   2.9067e+02   5.8309e+01   9.7725e-01   1.9647e-01   2.8412e+02
20260821_21:00:00   6.5280e+00   2.9074e+02   5.8049e+01   1.0408e+00   6.1866e-02   2.8280e+02
20260822_00:00:00   5.3275e+00   2.8999e+02   5.7699e+01   5.6774e-01   1.9467e-01   2.8465e+02
20260822_03:00:00   6.0905e+00   2.9147e+02   5.6922e+01   8.7288e-01   2.4431e-01   2.8267e+02
20260822_06:00:00   3.6560e+00   2.8513e+02   5.4254e+01   1.5183e-02   7.3280e-05   2.8637e+02
20260822_09:00:00   3.5112e+00   2.8417e+02   5.2481e+01   3.5936e-03   1.0252e-03   2.8752e+02
20260822_12:00:00   3.3678e+00   2.8136e+02   4.9811e+01   1.2817e-03   0.0000e+00   2.9073e+02
20260822_15:00:00   3.2073e+00   2.7919e+02   4.6615e+01   3.6407e-03   0.0000e+00   2.8920e+02
20260822_18:00:00   3.0095e+00   2.7661e+02   4.2541e+01   4.4619e-03   0.0000e+00   2.8791e+02
20260822_21:00:00   2.7707e+00   2.7287e+02   3.9152e+01   4.3959e-03   0.0000e+00   2.8978e+02
20260823_00:00:00   2.5998e+00   2.7100e+02   3.8033e+01   9.7723e-04   4.3940e-06   2.8845e+02
20260823_03:00:00   2.7066e+00   2.7533e+02   3.4917e+01   1.2296e-01   0.0000e+00   2.9836e+02
20260823_06:00:00   2.8752e+00   2.7928e+02   3.6428e+01   1.4014e-01   0.0000e+00   2.9880e+02
20260823_09:00:00   2.4383e+00   2.6990e+02   3.5558e+01   8.5940e-05   1.7649e-03   2.9543e+02
20260823_12:00:00   2.3979e+00   2.6767e+02   3.5306e+01   0.0000e+00   4.4575e-04   2.9491e+02
20260823_15:00:00   2.3532e+00   2.6564e+02   3.4293e+01   0.0000e+00   0.0000e+00   2.9567e+02
20260823_18:00:00   2.4258e+00   2.6677e+02   3.4697e+01   0.0000e+00   3.3334e-03   2.9474e+02
20260823_21:00:00   2.3992e+00   2.6555e+02   3.4188e+01   0.0000e+00   4.0872e-03   2.9509e+02
20260824_00:00:00   2.3813e+00   2.6630e+02   3.3335e+01   1.3785e-04   8.8344e-03   2.9827e+02
20260824_03:00:00   2.2094e+00   2.6279e+02   3.2127e+01   8.7701e-05   6.0087e-02   2.9873e+02
20260824_06:00:00   2.1252e+00   2.5995e+02   3.2903e+01   9.5561e-05   1.4708e-01   2.9510e+02
20260824_09:00:00   2.3548e+00   2.6630e+02   3.5655e+01   9.6590e-04   1.5183e-01   2.9424e+02
20260824_12:00:00   2.3564e+00   2.6511e+02   3.4715e+01   2.1782e-03   2.1475e-01   2.9437e+02
20260824_15:00:00   2.5235e+00   2.6860e+02   3.6843e+01   5.4892e-03   2.2343e-02   2.8880e+02
20260824_18:00:00   2.8749e+00   2.7451e+02   4.3607e+01   2.1621e-02   2.2324e-02   2.8543e+02
20260824_21:00:00   4.0723e+00   2.8463e+02   4.4657e+01   4.9261e-01   3.0708e-02   2.8827e+02
20260825_00:00:00   5.5100e+00   2.8783e+02   5.0339e+01   9.1114e-01   2.4552e-01   2.8607e+02
20260825_03:00:00   5.6905e+00   2.8877e+02   5.6607e+01   7.4847e-01   8.4845e-01   2.8331e+02
20260825_06:00:00   5.5720e+00   2.8871e+02   5.7740e+01   6.6844e-01   8.9146e-01   2.8423e+02
20260825_09:00:00   7.8640e+00   2.9141e+02   5.5483e+01   1.5400e+00   1.8772e-02   2.9032e+02
20260825_12:00:00   6.4746e+00   2.9180e+02   4.8653e+01   1.1566e+00   1.6058e-03   2.9495e+02
20260825_15:00:00   4.6381e+00   2.8976e+02   4.4709e+01   5.5992e-01   0.0000e+00   2.9539e+02
20260825_18:00:00   3.4682e+00   2.8271e+02   3.7060e+01   2.7828e-01   4.2280e-05   2.9777e+02
20260825_21:00:00   2.6298e+00   2.7047e+02   3.1566e+01   1.1570e-01   0.0000e+00   3.0022e+02
20260826_00:00:00   1.7290e+00   2.3951e+02   2.4939e+01   1.1672e-04   0.0000e+00   3.0102e+02
20260826_03:00:00   1.9852e+00   2.5161e+02   2.7815e+01   2.7758e-02   0.0000e+00   3.0106e+02
20260826_06:00:00   2.2247e+00   2.5982e+02   3.0988e+01   2.4082e-02   1.7728e-03   3.0246e+02
20260826_09:00:00   2.3385e+00   2.6220e+02   3.1654e+01   2.5037e-02   1.2718e-04   3.0267e+02
20260826_12:00:00   2.2617e+00   2.5901e+02   2.9610e+01   4.3052e-02   5.6360e-05   3.0491e+02
20260826_15:00:00   2.2150e+00   2.5738e+02   2.6190e+01   1.1556e-01   0.0000e+00   3.0553e+02
20260826_18:00:00   2.3236e+00   2.6032e+02   2.5869e+01   1.6588e-01   0.0000e+00   3.0678e+02
20260826_21:00:00   2.6576e+00   2.6811e+02   2.6203e+01   2.7998e-01   0.0000e+00   3.0660e+02
20260827_00:00:00   1.8208e+00   2.4184e+02   2.2543e+01   6.9458e-02   0.0000e+00   3.0989e+02
20260827_03:00:00   2.3105e+00   2.6012e+02   2.9012e+01   9.2073e-02   0.0000e+00   3.1358e+02
20260827_06:00:00   2.8681e+00   2.7139e+02   3.8692e+01   9.7653e-02   1.2441e-04   3.1505e+02
20260827_09:00:00   2.6613e+00   2.6737e+02   3.8514e+01   1.1182e-02   1.0812e-05   3.1440e+02
20260827_12:00:00   2.7235e+00   2.6820e+02   3.6530e+01   7.6039e-02   0.0000e+00   3.1616e+02
20260827_15:00:00   2.9279e+00   2.7181e+02   3.6205e+01   1.8120e-01   0.0000e+00   3.1449e+02
20260827_18:00:00   2.7808e+00   2.6929e+02   3.5741e+01   1.3929e-01   0.0000e+00   3.1480e+02
20260827_21:00:00   2.7020e+00   2.6764e+02   3.5908e+01   1.0838e-01   0.0000e+00   3.1534e+02
20260828_00:00:00   2.2898e+00   2.5875e+02   3.3910e+01   1.0374e-03   0.0000e+00   3.1217e+02
20260828_03:00:00   2.7559e+00   2.7126e+02   3.4019e+01   1.5658e-01   0.0000e+00   3.1439e+02
20260828_06:00:00   2.6660e+00   2.7004e+02   3.5453e+01   9.2813e-02   0.0000e+00   3.1482e+02
20260828_09:00:00   2.4550e+00   2.6553e+02   3.5475e+01   1.5816e-02   0.0000e+00   3.1565e+02
20260828_12:00:00   2.3015e+00   2.6080e+02   3.3204e+01   0.0000e+00   0.0000e+00   3.2008e+02
20260828_15:00:00   2.2849e+00   2.5989e+02   3.3022e+01   0.0000e+00   1.5386e-03   3.1559e+02
20260828_18:00:00   2.0873e+00   2.5369e+02   3.0712e+01   0.0000e+00   2.6501e-02   3.1291e+02
20260828_21:00:00   2.0314e+00   2.5149e+02   3.0197e+01   0.0000e+00   3.7812e-02   3.1301e+02
20260829_00:00:00   2.2176e+00   2.5857e+02   3.2337e+01   0.0000e+00   5.9339e-02   3.0956e+02
20260829_03:00:00   2.1485e+00   2.5805e+02   3.2565e+01   1.1786e-05   1.1451e-01   3.1046e+02
20260829_06:00:00   2.2365e+00   2.6174e+02   3.3818e+01   2.0644e-03   2.7782e-02   3.0545e+02
20260829_09:00:00   2.4821e+00   2.6829e+02   3.6255e+01   6.5075e-03   5.2387e-02   3.0564e+02
20260829_12:00:00   2.5801e+00   2.6969e+02   3.5804e+01   3.6012e-02   5.6122e-03   3.0341e+02
20260829_15:00:00   2.2832e+00   2.6167e+02   3.3187e+01   4.9500e-04   1.1021e-02   3.0183e+02
20260829_18:00:00   2.2401e+00   2.5982e+02   3.2706e+01   0.0000e+00   7.1500e-04   2.9921e+02
20260829_21:00:00   2.1770e+00   2.5741e+02   3.1720e+01   0.0000e+00   1.6011e-03   2.9856e+02
20260830_00:00:00   2.1696e+00   2.5824e+02   3.1490e+01   7.9710e-04   2.2545e-03   2.9809e+02
20260830_03:00:00   2.1372e+00   2.5873e+02   3.1757e+01   3.1467e-03   2.1420e-06   2.9619e+02
20260830_06:00:00   2.7512e+00   2.7419e+02   3.6168e+01   1.1706e-01   5.0537e-02   2.9275e+02
