#            date       tau255        Tb[K]      pwv[mm] lwp[kg*m^-2] iwp[kg*m^-2]       o3[DU]
20260922_00:00:00   1.1791e+00   1.9922e+02   1.7963e+01   4.4820e-03   3.9017e-04   2.8845e+02
20260922_01:00:00   1.1741e+00   1.9932e+02   1.7962e+01   9.4600e-04   2.0200e-04   2.8863e+02
20260922_02:00:00   1.1601e+00   1.9866e+02   1.7924e+01   0.0000e+00   1.5932e-04   2.8846e+02
20260922_03:00:00   1.1981e+00   2.0232e+02   1.8610e+01   0.0000e+00   2.0262e-04   2.8797e+02
20260922_04:00:00   1.1918e+00   2.0208e+02   1.8762e+01   0.0000e+00   3.7874e-04   2.8790e+02
20260922_05:00:00   1.2889e+00   2.1004e+02   2.0365e+01   1.2858e-04   5.1120e-05   2.8716e+02
20260922_06:00:00   1.3835e+00   2.1721e+02   2.1684e+01   4.2860e-06   1.5457e-04   2.8658e+02
20260922_07:00:00   1.4414e+00   2.2130e+02   2.2323e+01   9.7720e-04   1.7314e-03   2.8680e+02
20260922_08:00:00   1.5276e+00   2.2670e+02   2.3126e+01   6.3060e-03   8.6920e-03   2.8638e+02
20260922_09:00:00   1.5518e+00   2.2762e+02   2.3271e+01   5.6900e-03   3.8380e-03   2.8644e+02
20260922_10:00:00   1.4817e+00   2.2262e+02   2.2256e+01   2.4000e-03   6.9800e-04   2.8747e+02
20260922_11:00:00   1.4701e+00   2.2154e+02   2.1833e+01   1.7804e-03   1.5110e-04   2.8743e+02
20260922_12:00:00   1.4320e+00   2.1869e+02   2.1290e+01   0.0000e+00   5.7780e-06   2.8749e+02
20260922_13:00:00   1.4002e+00   2.1635e+02   2.0800e+01   0.0000e+00   0.0000e+00   2.8685e+02
20260922_14:00:00   1.3160e+00   2.1017e+02   1.9708e+01   0.0000e+00   0.0000e+00   2.8688e+02
20260922_15:00:00   1.2375e+00   2.0394e+02   1.8653e+01   0.0000e+00   0.0000e+00   2.8611e+02
20260922_16:00:00   1.1898e+00   1.9986e+02   1.8004e+01   0.0000e+00   0.0000e+00   2.8607e+02
20260922_17:00:00   1.1709e+00   1.9813e+02   1.7744e+01   0.0000e+00   3.4280e-06   2.8620e+02
20260922_18:00:00   1.1261e+00   1.9407e+02   1.7148e+01   0.0000e+00   0.0000e+00   2.8574e+02
20260922_19:00:00   1.0868e+00   1.9041e+02   1.6609e+01   0.0000e+00   0.0000e+00   2.8544e+02
20260922_20:00:00   1.0451e+00   1.8632e+02   1.6061e+01   0.0000e+00   0.0000e+00   2.8539e+02
20260922_21:00:00   1.0119e+00   1.8298e+02   1.5579e+01   0.0000e+00   0.0000e+00   2.8738e+02
20260922_22:00:00   9.9353e-01   1.8098e+02   1.5508e+01   0.0000e+00   0.0000e+00   2.8905e+02
20260922_23:00:00   1.0120e+00   1.8318e+02   1.5792e+01   0.0000e+00   0.0000e+00   2.8928e+02
20260923_00:00:00   1.0099e+00   1.8346e+02   1.5884e+01   0.0000e+00   0.0000e+00   2.8833e+02
20260923_01:00:00   1.0706e+00   1.9000e+02   1.6857e+01   0.0000e+00   0.0000e+00   2.8685e+02
20260923_02:00:00   1.1505e+00   1.9773e+02   1.8257e+01   0.0000e+00   0.0000e+00   2.8681e+02
20260923_03:00:00   1.2381e+00   2.0552e+02   1.9682e+01   0.0000e+00   0.0000e+00   2.8781e+02
20260923_04:00:00   1.2698e+00   2.0837e+02   2.0271e+01   0.0000e+00   0.0000e+00   2.8864e+02
20260923_05:00:00   1.3257e+00   2.1286e+02   2.1051e+01   0.0000e+00   0.0000e+00   2.8928e+02
20260923_06:00:00   1.3443e+00   2.1432e+02   2.1251e+01   0.0000e+00   0.0000e+00   2.9036e+02
20260923_07:00:00   1.3879e+00   2.1738e+02   2.1719e+01   0.0000e+00   0.0000e+00   2.9101e+02
20260923_08:00:00   1.4365e+00   2.2077e+02   2.2263e+01   0.0000e+00   0.0000e+00   2.9283e+02
20260923_09:00:00   1.4514e+00   2.2151e+02   2.2334e+01   0.0000e+00   0.0000e+00   2.9312e+02
20260923_10:00:00   1.4455e+00   2.2081e+02   2.2073e+01   0.0000e+00   0.0000e+00   2.9425e+02
20260923_11:00:00   1.4336e+00   2.1996e+02   2.1632e+01   0.0000e+00   0.0000e+00   2.9526e+02
20260923_12:00:00   1.3898e+00   2.1689e+02   2.0763e+01   0.0000e+00   0.0000e+00   2.9537e+02
20260923_13:00:00   1.3043e+00   2.1057e+02   1.9364e+01   0.0000e+00   0.0000e+00   2.9543e+02
20260923_14:00:00   1.2475e+00   2.0609e+02   1.8393e+01   0.0000e+00   0.0000e+00   2.9123e+02
20260923_15:00:00   1.2042e+00   2.0239e+02   1.7749e+01   0.0000e+00   1.2310e-03   2.8957e+02
20260923_16:00:00   1.1564e+00   1.9818e+02   1.7067e+01   0.0000e+00   5.9560e-03   2.8922e+02
20260923_17:00:00   1.1084e+00   1.9379e+02   1.6355e+01   0.0000e+00   1.2646e-02   2.8889e+02
20260923_18:00:00   1.0870e+00   1.9171e+02   1.5944e+01   0.0000e+00   3.3200e-04   2.8926e+02
20260923_19:00:00   1.0715e+00   1.9007e+02   1.5690e+01   0.0000e+00   0.0000e+00   2.8966e+02
20260923_20:00:00   1.0661e+00   1.8924e+02   1.5738e+01   0.0000e+00   7.4276e-04   2.9035e+02
20260923_21:00:00   1.0217e+00   1.8465e+02   1.5195e+01   0.0000e+00   2.0961e-02   2.9188e+02
20260923_22:00:00   9.3121e-01   1.7504e+02   1.4127e+01   0.0000e+00   3.5591e-02   2.9270e+02
20260923_23:00:00   9.0720e-01   1.7261e+02   1.3900e+01   0.0000e+00   2.5864e-03   2.9208e+02
20260924_00:00:00   8.8551e-01   1.7054e+02   1.3777e+01   0.0000e+00   6.6684e-03   2.9220e+02
20260924_01:00:00   8.1301e-01   1.6212e+02   1.3102e+01   0.0000e+00   8.1593e-03   2.9184e+02
20260924_02:00:00   8.7182e-01   1.6920e+02   1.4396e+01   0.0000e+00   2.0241e-02   2.9115e+02
20260924_03:00:00   8.9719e-01   1.7216e+02   1.5126e+01   0.0000e+00   1.4799e-02   2.8967e+02
20260924_04:00:00   9.0746e-01   1.7331e+02   1.5561e+01   0.0000e+00   1.4225e-02   2.8832e+02
20260924_05:00:00   9.4319e-01   1.7727e+02   1.6220e+01   0.0000e+00   1.3505e-01   2.8786e+02
20260924_06:00:00   9.6520e-01   1.8024e+02   1.6261e+01   0.0000e+00   2.7375e-02   2.8921e+02
20260924_07:00:00   1.0220e+00   1.8640e+02   1.6885e+01   0.0000e+00   3.7675e-02   2.8963e+02
20260924_08:00:00   1.1053e+00   1.9421e+02   1.8080e+01   0.0000e+00   3.2146e-01   2.9018e+02
20260924_09:00:00   1.1825e+00   2.0040e+02   1.9321e+01   0.0000e+00   3.7586e-01   2.9103e+02
20260924_10:00:00   1.2581e+00   2.0602e+02   2.0649e+01   0.0000e+00   2.7602e-01   2.9074e+02
20260924_11:00:00   1.3315e+00   2.1127e+02   2.1711e+01   0.0000e+00   4.0229e-01   2.9123e+02
20260924_12:00:00   1.3435e+00   2.1205e+02   2.1938e+01   0.0000e+00   1.4890e-01   2.9130e+02
20260924_13:00:00   1.2836e+00   2.0740e+02   2.1042e+01   0.0000e+00   4.2123e-03   2.9115e+02
20260924_14:00:00   1.2480e+00   2.0451e+02   2.0228e+01   0.0000e+00   0.0000e+00   2.9106e+02
20260924_15:00:00   1.1990e+00   2.0035e+02   1.9444e+01   0.0000e+00   0.0000e+00   2.9193e+02
20260924_16:00:00   1.2069e+00   2.0096e+02   1.9349e+01   1.7880e-03   1.6799e-03   2.9041e+02
20260924_17:00:00   1.2411e+00   2.0366e+02   1.9688e+01   5.0507e-03   6.1313e-03   2.8916e+02
20260924_18:00:00   1.3139e+00   2.0940e+02   2.0388e+01   1.0050e-02   6.5935e-04   2.8823e+02
20260924_19:00:00   1.3795e+00   2.1408e+02   2.1549e+01   4.7649e-03   1.9363e-02   2.8711e+02
20260924_20:00:00   1.4090e+00   2.1620e+02   2.1980e+01   4.6536e-03   5.4081e-02   2.8822e+02
20260924_21:00:00   1.4396e+00   2.1830e+02   2.2418e+01   4.2031e-03   1.7719e-02   2.8915e+02
20260924_22:00:00   1.5226e+00   2.2364e+02   2.3104e+01   2.0084e-02   9.2629e-02   2.8884e+02
20260924_23:00:00   1.5252e+00   2.2399e+02   2.3522e+01   1.3901e-02   1.2877e-01   2.8713e+02
20260925_00:00:00   1.5921e+00   2.2805e+02   2.4779e+01   9.4740e-03   1.1494e-01   2.8638e+02
20260925_01:00:00   1.6278e+00   2.3025e+02   2.5542e+01   6.2110e-03   2.7448e-01   2.8583e+02
20260925_02:00:00   1.6433e+00   2.3119e+02   2.6071e+01   1.4930e-03   3.3734e-01   2.8739e+02
20260925_03:00:00   1.7161e+00   2.3509e+02   2.7284e+01   3.6480e-03   2.1833e-01   2.8895e+02
20260925_04:00:00   1.8680e+00   2.4222e+02   2.9762e+01   3.7721e-03   5.0390e-01   2.8997e+02
20260925_05:00:00   2.0173e+00   2.4805e+02   3.2041e+01   2.1879e-03   4.9865e-01   2.9037e+02
20260925_06:00:00   2.1704e+00   2.5279e+02   3.3057e+01   3.8888e-02   3.6956e-01   2.8975e+02
20260925_07:00:00   2.7689e+00   2.6635e+02   3.3816e+01   2.6319e-01   4.4580e-01   2.8881e+02
20260925_08:00:00   3.5062e+00   2.7499e+02   3.4952e+01   5.2926e-01   4.9913e-01   2.8887e+02
20260925_09:00:00   4.1076e+00   2.7851e+02   3.5793e+01   7.3475e-01   7.3911e-01   2.8799e+02
20260925_10:00:00   3.9346e+00   2.7727e+02   3.6012e+01   6.5078e-01   4.6353e-01   2.8869e+02
20260925_11:00:00   4.1614e+00   2.7804e+02   3.5634e+01   7.5104e-01   6.6304e-01   2.8729e+02
20260925_12:00:00   4.1409e+00   2.7775e+02   3.5308e+01   7.5426e-01   4.0892e-01   2.8588e+02
20260925_13:00:00   3.8565e+00   2.7603e+02   3.5021e+01   6.4738e-01   2.7304e-01   2.8539e+02
20260925_14:00:00   4.6087e+00   2.7917e+02   3.4934e+01   9.5041e-01   4.9177e-01   2.8626e+02
20260925_15:00:00   4.2976e+00   2.7814e+02   3.4707e+01   8.2236e-01   6.2999e-01   2.8759e+02
20260925_16:00:00   3.5336e+00   2.7368e+02   3.3690e+01   5.3746e-01   1.8892e-01   2.8984e+02
20260925_17:00:00   3.0748e+00   2.6891e+02   3.2167e+01   3.9363e-01   2.0671e-01   2.9228e+02
20260925_18:00:00   3.1873e+00   2.7012e+02   3.1318e+01   4.6049e-01   2.1259e-01   2.9113e+02
20260925_19:00:00   2.2292e+00   2.5194e+02   3.0582e+01   9.3585e-02   2.3649e-01   2.9103e+02
20260925_20:00:00   1.9439e+00   2.4235e+02   2.9153e+01   1.2719e-02   1.9724e-01   2.9111e+02
20260925_21:00:00   1.8108e+00   2.3696e+02   2.7618e+01   5.6600e-04   1.1280e-01   2.9380e+02
20260925_22:00:00   1.7692e+00   2.3512e+02   2.6874e+01   4.3390e-05   1.3104e-01   2.9519e+02
20260925_23:00:00   1.7386e+00   2.3397e+02   2.6239e+01   0.0000e+00   9.0128e-02   2.9710e+02
20260926_00:00:00   1.7257e+00   2.3365e+02   2.5748e+01   1.6250e-04   2.0304e-02   2.9785e+02
20260926_01:00:00   1.6784e+00   2.3190e+02   2.5303e+01   0.0000e+00   2.5338e-02   2.9891e+02
20260926_02:00:00   1.7116e+00   2.3398e+02   2.5659e+01   2.3360e-04   2.1501e-02   2.9831e+02
20260926_03:00:00   1.8215e+00   2.3978e+02   2.5709e+01   4.0914e-02   0.0000e+00   2.9800e+02
20260926_04:00:00   1.8086e+00   2.3976e+02   2.5198e+01   5.0980e-02   0.0000e+00   2.9613e+02
20260926_05:00:00   1.8142e+00   2.4020e+02   2.5731e+01   3.8606e-02   0.0000e+00   2.9455e+02
20260926_06:00:00   1.7212e+00   2.3614e+02   2.5501e+01   8.3147e-03   0.0000e+00   2.9382e+02
20260926_07:00:00   1.9953e+00   2.4814e+02   2.5455e+01   1.1469e-01   1.6392e-03   2.9484e+02
20260926_08:00:00   2.2359e+00   2.5619e+02   2.5327e+01   2.0720e-01   0.0000e+00   2.9826e+02
20260926_09:00:00   2.4303e+00   2.6116e+02   2.5898e+01   2.6539e-01   6.8940e-05   3.0067e+02
20260926_10:00:00   2.1629e+00   2.5343e+02   2.5938e+01   1.5684e-01   9.5700e-05   2.9979e+02
20260926_11:00:00   1.7348e+00   2.3626e+02   2.5570e+01   3.2899e-03   6.1899e-03   2.9833e+02
20260926_12:00:00   1.6843e+00   2.3355e+02   2.5128e+01   0.0000e+00   9.5384e-03   2.9924e+02
20260926_13:00:00   1.6551e+00   2.3179e+02   2.4869e+01   0.0000e+00   2.7818e-03   2.9849e+02
20260926_14:00:00   1.6446e+00   2.3088e+02   2.4714e+01   0.0000e+00   2.4111e-02   3.0019e+02
20260926_15:00:00   1.6564e+00   2.3141e+02   2.5035e+01   0.0000e+00   3.1641e-02   2.9976e+02
20260926_16:00:00   1.6388e+00   2.3042e+02   2.4968e+01   0.0000e+00   7.0145e-02   3.0229e+02
20260926_17:00:00   1.6203e+00   2.2928e+02   2.4966e+01   0.0000e+00   2.0403e-02   3.0121e+02
20260926_18:00:00   1.5872e+00   2.2740e+02   2.4668e+01   0.0000e+00   5.8480e-02   2.9927e+02
20260926_19:00:00   1.6600e+00   2.3106e+02   2.5867e+01   0.0000e+00   1.4089e-01   2.9855e+02
20260926_20:00:00   1.6414e+00   2.3016e+02   2.5794e+01   0.0000e+00   5.0221e-02   3.0026e+02
20260926_21:00:00   1.6040e+00   2.2817e+02   2.5123e+01   0.0000e+00   2.4784e-02   3.0087e+02
20260926_22:00:00   1.6290e+00   2.2949e+02   2.5347e+01   0.0000e+00   1.5140e-02   3.0172e+02
20260926_23:00:00   1.6405e+00   2.3036e+02   2.5542e+01   0.0000e+00   8.7018e-02   3.0127e+02
20260927_00:00:00   1.6507e+00   2.3133e+02   2.5425e+01   0.0000e+00   3.6690e-02   3.0100e+02
20260927_03:00:00   1.7209e+00   2.3682e+02   2.5479e+01   1.2646e-02   0.0000e+00   3.0178e+02
20260927_06:00:00   2.5694e+00   2.6560e+02   2.7242e+01   2.8444e-01   1.1046e-03   3.0079e+02
20260927_09:00:00   2.0163e+00   2.4901e+02   2.8279e+01   3.0104e-02   2.9877e-02   3.0263e+02
20260927_12:00:00   1.9401e+00   2.4503e+02   2.8701e+01   0.0000e+00   2.8563e-02   3.0771e+02
20260927_15:00:00   1.8593e+00   2.4133e+02   2.7015e+01   4.2596e-03   1.0439e-03   3.1401e+02
20260927_18:00:00   1.7673e+00   2.3683e+02   2.5066e+01   1.1320e-02   1.4444e-03   3.1312e+02
20260927_21:00:00   1.6163e+00   2.2897e+02   2.1503e+01   3.0899e-02   6.9795e-04   3.1418e+02
20260928_00:00:00   1.3258e+00   2.1046e+02   1.7390e+01   3.6634e-02   0.0000e+00   3.1679e+02
20260928_03:00:00   1.0529e+00   1.8797e+02   1.5644e+01   1.0846e-04   0.0000e+00   3.2135e+02
20260928_06:00:00   1.0779e+00   1.9086e+02   1.6034e+01   0.0000e+00   0.0000e+00   3.2920e+02
20260928_09:00:00   1.0825e+00   1.9098e+02   1.5787e+01   0.0000e+00   0.0000e+00   3.2581e+02
20260928_12:00:00   1.0728e+00   1.8915e+02   1.5246e+01   1.2463e-03   0.0000e+00   3.2436e+02
20260928_15:00:00   1.0123e+00   1.8261e+02   1.4765e+01   0.0000e+00   1.2180e-03   3.1787e+02
20260928_18:00:00   9.4840e-01   1.7534e+02   1.4370e+01   0.0000e+00   2.8705e-02   3.1303e+02
20260928_21:00:00   8.7858e-01   1.6668e+02   1.4124e+01   0.0000e+00   1.4406e-01   3.0780e+02
20260929_00:00:00   1.0142e+00   1.8166e+02   1.6596e+01   0.0000e+00   8.6239e-02   3.0882e+02
20260929_03:00:00   1.2131e+00   1.9980e+02   2.0826e+01   0.0000e+00   2.1522e-01   3.0594e+02
20260929_06:00:00   1.7045e+00   2.3192e+02   2.7993e+01   0.0000e+00   1.3436e-01   3.0167e+02
20260929_09:00:00   1.7208e+00   2.3247e+02   2.8244e+01   0.0000e+00   3.3727e-01   2.9905e+02
20260929_12:00:00   1.7564e+00   2.3347e+02   2.8404e+01   1.0842e-03   1.1007e-01   2.9570e+02
20260929_15:00:00   1.5734e+00   2.2374e+02   2.5177e+01   0.0000e+00   1.3644e-01   2.9670e+02
20260929_18:00:00   1.6820e+00   2.2994e+02   2.4126e+01   3.7292e-02   3.0643e-03   2.9630e+02
20260929_21:00:00   1.2355e+00   2.0107e+02   1.8738e+01   1.3931e-03   1.1082e-02   2.9988e+02
20260930_00:00:00   1.0407e+00   1.8427e+02   1.5371e+01   4.3110e-03   4.9012e-02   3.0056e+02
20260930_03:00:00   8.7977e-01   1.6756e+02   1.3506e+01   0.0000e+00   3.5303e-03   3.0620e+02
20260930_06:00:00   8.0661e-01   1.5903e+02   1.2437e+01   0.0000e+00   0.0000e+00   3.0817e+02
20260930_09:00:00   7.0143e-01   1.4497e+02   1.0337e+01   8.6639e-03   0.0000e+00   3.1422e+02
20260930_12:00:00   7.0540e-01   1.4509e+02   1.0222e+01   2.2577e-04   0.0000e+00   3.1634e+02
20260930_15:00:00   6.7368e-01   1.4072e+02   9.5553e+00   0.0000e+00   0.0000e+00   3.1822e+02
20260930_18:00:00   5.6957e-01   1.2518e+02   8.2053e+00   0.0000e+00   0.0000e+00   3.1203e+02
20260930_21:00:00   5.2783e-01   1.1826e+02   7.7366e+00   0.0000e+00   0.0000e+00   3.1023e+02
20261001_00:00:00   4.9383e-01   1.1309e+02   7.4354e+00   0.0000e+00   1.8476e-03   3.0125e+02
20261001_03:00:00   4.8900e-01   1.1285e+02   7.7850e+00   0.0000e+00   5.2012e-03   2.9878e+02
20261001_06:00:00   4.8486e-01   1.1118e+02   8.3273e+00   0.0000e+00   5.3685e-02   2.9612e+02
20261001_09:00:00   6.1625e-01   1.3259e+02   1.0282e+01   0.0000e+00   0.0000e+00   2.9361e+02
20261001_12:00:00   1.0582e+00   1.8585e+02   1.7063e+01   0.0000e+00   4.4635e-02   2.9239e+02
20261001_15:00:00   1.1022e+00   1.8970e+02   1.8219e+01   0.0000e+00   1.3880e-01   2.9139e+02
20261001_18:00:00   1.1894e+00   1.9671e+02   1.9963e+01   0.0000e+00   1.9642e-01   2.8685e+02
20261001_21:00:00   1.3437e+00   2.0897e+02   2.2085e+01   0.0000e+00   2.5110e-01   2.8670e+02
20261002_00:00:00   1.4317e+00   2.1501e+02   2.3844e+01   0.0000e+00   1.9315e-01   2.9071e+02
20261002_03:00:00   1.2129e+00   2.0064e+02   1.9736e+01   0.0000e+00   2.4325e-01   2.9312e+02
20261002_06:00:00   1.0828e+00   1.9014e+02   1.7403e+01   0.0000e+00   1.5907e-01   2.9248e+02
20261002_09:00:00   1.0928e+00   1.9119e+02   1.6839e+01   0.0000e+00   3.4164e-03   2.9587e+02
20261002_12:00:00   1.0800e+00   1.8950e+02   1.6754e+01   0.0000e+00   0.0000e+00   2.9554e+02
20261002_15:00:00   1.0607e+00   1.8769e+02   1.6439e+01   0.0000e+00   0.0000e+00   2.9558e+02
20261002_18:00:00   1.0529e+00   1.8707e+02   1.6537e+01   0.0000e+00   3.2140e-05   2.9428e+02
20261002_21:00:00   1.1097e+00   1.9259e+02   1.7329e+01   0.0000e+00   1.5204e-03   2.9398e+02
20261003_00:00:00   1.1034e+00   1.9289e+02   1.7370e+01   0.0000e+00   0.0000e+00   2.9325e+02
20261003_03:00:00   1.0819e+00   1.9192e+02   1.7224e+01   0.0000e+00   0.0000e+00   2.9114e+02
20261003_06:00:00   1.1268e+00   1.9670e+02   1.7829e+01   0.0000e+00   0.0000e+00   2.9088e+02
20261003_09:00:00   1.2056e+00   2.0319e+02   1.8489e+01   0.0000e+00   9.0216e-03   2.8783e+02
20261003_12:00:00   9.8878e-01   1.8229e+02   1.5264e+01   0.0000e+00   2.8983e-02   2.8757e+02
20261003_15:00:00   9.2713e-01   1.7518e+02   1.4542e+01   0.0000e+00   5.0820e-03   2.8352e+02
20261003_18:00:00   8.1982e-01   1.6212e+02   1.3043e+01   0.0000e+00   1.2776e-03   2.8249e+02
20261003_21:00:00   6.1804e-01   1.3374e+02   1.0450e+01   0.0000e+00   3.4335e-03   2.8086e+02
20261004_00:00:00   6.5322e-01   1.3799e+02   1.2114e+01   0.0000e+00   1.0043e-02   2.8030e+02
20261004_03:00:00   1.0691e+00   1.8722e+02   1.9824e+01   0.0000e+00   1.9952e-03   2.7682e+02
20261004_06:00:00   1.8803e+00   2.4036e+02   2.9298e+01   9.0612e-02   8.6993e-02   2.7547e+02
20261004_09:00:00   2.4978e+00   2.6128e+02   3.8143e+01   5.9125e-02   1.0371e-01   2.7445e+02
20261004_12:00:00   6.2211e+00   2.8430e+02   4.4231e+01   1.3329e+00   4.7261e-01   2.7042e+02
20261004_15:00:00   7.6427e+00   2.8707e+02   4.6449e+01   1.7528e+00   1.9859e-01   2.6891e+02
20261004_18:00:00   6.0267e+00   2.8680e+02   4.5043e+01   1.1994e+00   4.1096e-01   2.7034e+02
20261004_21:00:00   3.1743e+00   2.7369e+02   2.9225e+01   4.8359e-01   1.1650e-04   2.7392e+02
20261005_00:00:00   6.0455e-01   1.2995e+02   9.1909e+00   6.4550e-04   0.0000e+00   2.7779e+02
20261005_03:00:00   5.1040e-01   1.1423e+02   8.8132e+00   0.0000e+00   2.3320e-03   2.7645e+02
20261005_06:00:00   5.7560e-01   1.2427e+02   1.0002e+01   0.0000e+00   3.0918e-03   2.7662e+02
20261005_09:00:00   5.7373e-01   1.2364e+02   9.5448e+00   0.0000e+00   3.7229e-02   2.7717e+02
20261005_12:00:00   5.0663e-01   1.1236e+02   8.4395e+00   0.0000e+00   5.5859e-02   2.7576e+02
20261005_15:00:00   4.3556e-01   1.0008e+02   7.1956e+00   0.0000e+00   5.5351e-02   2.7479e+02
20261005_18:00:00   3.7565e-01   8.9591e+01   5.9241e+00   0.0000e+00   2.4562e-02   2.8034e+02
20261005_21:00:00   3.8779e-01   9.1919e+01   6.0642e+00   0.0000e+00   1.4089e-02   2.8380e+02
20261006_00:00:00   3.9082e-01   9.2942e+01   6.1819e+00   0.0000e+00   1.4174e-03   2.8860e+02
20261006_03:00:00   4.1475e-01   9.7987e+01   6.5647e+00   0.0000e+00   1.3216e-03   2.9060e+02
20261006_06:00:00   5.0771e-01   1.1424e+02   8.1726e+00   0.0000e+00   2.6085e-04   2.8712e+02
20261006_09:00:00   5.7360e-01   1.2456e+02   8.8991e+00   0.0000e+00   2.7055e-04   2.8472e+02
20261006_12:00:00   5.2596e-01   1.1709e+02   7.7001e+00   0.0000e+00   0.0000e+00   2.8852e+02
20261006_15:00:00   5.1135e-01   1.1460e+02   7.4261e+00   0.0000e+00   0.0000e+00   2.9106e+02
20261006_18:00:00   4.9603e-01   1.1180e+02   7.2922e+00   0.0000e+00   0.0000e+00   2.9298e+02
20261006_21:00:00   5.4638e-01   1.1969e+02   7.9887e+00   0.0000e+00   0.0000e+00   2.9686e+02
20261007_00:00:00   6.0693e-01   1.2957e+02   8.7768e+00   0.0000e+00   0.0000e+00   2.9812e+02
20261007_03:00:00   6.8190e-01   1.4101e+02   1.0086e+01   4.7140e-05   0.0000e+00   2.9940e+02
20261007_06:00:00   8.5455e-01   1.6322e+02   1.2426e+01   6.5871e-03   2.3720e-04   2.9965e+02
20261007_09:00:00   1.1846e+00   1.9510e+02   1.3830e+01   8.7674e-02   2.1300e-04   3.0371e+02
20261007_12:00:00   9.1326e-01   1.6901e+02   1.2973e+01   2.2620e-03   2.8180e-06   3.0148e+02
20261007_15:00:00   8.3734e-01   1.6009e+02   1.1970e+01   0.0000e+00   0.0000e+00   2.9704e+02
20261007_18:00:00   7.5387e-01   1.4972e+02   1.0816e+01   0.0000e+00   0.0000e+00   2.9358e+02
20261007_21:00:00   6.4339e-01   1.3475e+02   9.2549e+00   3.1340e-05   0.0000e+00   2.8866e+02
20261008_00:00:00   7.3192e-01   1.4752e+02   1.0372e+01   4.2400e-03   0.0000e+00   2.8838e+02
