#            date       tau255        Tb[K]      pwv[mm] lwp[kg*m^-2] iwp[kg*m^-2]       o3[DU]
20260903_06:00:00   1.7030e+00   2.3965e+02   2.3982e+01   4.4631e-03   7.4060e-05   3.0153e+02
20260903_07:00:00   1.8292e+00   2.4537e+02   2.4932e+01   1.4106e-02   3.5400e-05   3.0065e+02
20260903_08:00:00   1.7688e+00   2.4216e+02   2.3991e+01   9.1278e-03   6.3580e-05   2.9848e+02
20260903_09:00:00   1.7070e+00   2.3851e+02   2.3160e+01   5.9926e-03   8.2500e-04   2.9530e+02
20260903_10:00:00   1.7332e+00   2.3909e+02   2.3440e+01   6.3463e-03   2.8620e-03   2.9618e+02
20260903_11:00:00   1.6472e+00   2.3433e+02   2.2350e+01   4.2054e-03   1.3836e-03   2.9734e+02
20260903_12:00:00   1.6254e+00   2.3291e+02   2.1370e+01   2.1029e-02   8.8160e-05   2.9775e+02
20260903_13:00:00   1.6091e+00   2.3174e+02   2.0919e+01   2.9758e-02   2.2240e-03   2.9831e+02
20260903_14:00:00   1.4764e+00   2.2360e+02   1.9831e+01   1.3102e-02   0.0000e+00   2.9989e+02
20260903_15:00:00   1.3461e+00   2.1451e+02   1.8686e+01   2.7898e-03   0.0000e+00   3.0028e+02
20260903_16:00:00   1.2445e+00   2.0648e+02   1.7338e+01   4.8734e-03   0.0000e+00   3.0030e+02
20260903_17:00:00   1.1872e+00   2.0148e+02   1.6504e+01   4.5451e-03   0.0000e+00   3.0075e+02
20260903_18:00:00   1.1611e+00   1.9910e+02   1.6120e+01   5.3720e-03   0.0000e+00   3.0155e+02
20260903_19:00:00   1.1108e+00   1.9456e+02   1.5496e+01   6.1020e-03   0.0000e+00   3.0524e+02
20260903_20:00:00   1.0817e+00   1.9171e+02   1.5150e+01   6.9000e-03   0.0000e+00   3.0667e+02
20260903_21:00:00   1.1069e+00   1.9390e+02   1.5393e+01   1.0192e-02   0.0000e+00   3.0537e+02
20260903_22:00:00   1.1360e+00   1.9673e+02   1.5279e+01   2.4500e-02   0.0000e+00   3.0750e+02
20260903_23:00:00   1.0673e+00   1.9051e+02   1.5252e+01   2.2960e-03   0.0000e+00   3.0735e+02
20260904_00:00:00   1.0374e+00   1.8769e+02   1.5258e+01   9.0000e-05   0.0000e+00   3.0848e+02
20260904_01:00:00   1.0582e+00   1.9006e+02   1.5771e+01   8.1540e-04   0.0000e+00   3.0960e+02
20260904_02:00:00   1.0872e+00   1.9322e+02   1.6378e+01   6.8040e-04   0.0000e+00   3.1165e+02
20260904_03:00:00   1.2066e+00   2.0397e+02   1.8011e+01   7.7220e-04   0.0000e+00   3.1300e+02
20260904_04:00:00   1.2398e+00   2.0681e+02   1.8277e+01   2.9000e-04   0.0000e+00   3.1509e+02
20260904_05:00:00   1.2594e+00   2.0841e+02   1.8356e+01   1.8413e-03   0.0000e+00   3.1321e+02
20260904_06:00:00   1.2617e+00   2.0846e+02   1.8266e+01   3.7262e-04   0.0000e+00   3.1350e+02
20260904_07:00:00   1.1906e+00   2.0261e+02   1.7155e+01   1.5800e-03   0.0000e+00   3.1186e+02
20260904_08:00:00   1.1763e+00   2.0113e+02   1.6645e+01   4.0740e-03   2.8020e-05   3.0703e+02
20260904_09:00:00   1.1863e+00   2.0159e+02   1.6729e+01   3.0420e-03   0.0000e+00   3.0321e+02
20260904_10:00:00   1.1403e+00   1.9693e+02   1.6082e+01   5.8920e-03   3.8640e-05   3.0360e+02
20260904_11:00:00   1.1143e+00   1.9432e+02   1.5890e+01   3.0240e-03   0.0000e+00   3.0266e+02
20260904_12:00:00   1.1612e+00   1.9841e+02   1.6383e+01   7.9000e-03   0.0000e+00   3.0120e+02
20260904_13:00:00   1.4867e+00   2.2291e+02   1.6989e+01   1.0987e-01   0.0000e+00   2.9901e+02
20260904_14:00:00   1.5311e+00   2.2585e+02   1.6473e+01   1.4089e-01   0.0000e+00   2.9895e+02
20260904_15:00:00   1.3129e+00   2.1097e+02   1.6204e+01   7.2540e-02   0.0000e+00   2.9700e+02
20260904_16:00:00   1.2736e+00   2.0777e+02   1.6062e+01   6.6860e-02   2.2220e-04   2.9558e+02
20260904_17:00:00   1.1828e+00   2.0019e+02   1.5881e+01   3.8000e-02   7.8880e-04   2.9490e+02
20260904_18:00:00   1.0884e+00   1.9153e+02   1.5637e+01   9.5140e-03   2.0981e-03   2.9591e+02
20260904_19:00:00   1.0803e+00   1.9048e+02   1.5615e+01   5.9380e-03   7.1121e-03   2.9600e+02
20260904_20:00:00   1.2755e+00   2.0703e+02   1.5978e+01   6.9740e-02   6.5358e-03   2.9544e+02
20260904_21:00:00   1.2227e+00   2.0284e+02   1.5965e+01   5.3720e-02   1.8821e-03   2.9485e+02
20260904_22:00:00   1.2244e+00   2.0296e+02   1.6137e+01   5.1300e-02   2.9652e-03   2.9623e+02
20260904_23:00:00   1.1794e+00   1.9927e+02   1.6379e+01   3.0119e-02   3.6417e-03   2.9700e+02
20260905_00:00:00   1.1496e+00   1.9694e+02   1.6820e+01   4.3603e-03   6.1555e-03   2.9918e+02
20260905_01:00:00   1.1853e+00   2.0040e+02   1.7455e+01   3.1588e-03   1.4842e-03   3.0060e+02
20260905_02:00:00   1.1885e+00   2.0107e+02   1.7480e+01   5.5391e-03   1.4201e-03   3.0198e+02
20260905_03:00:00   1.1947e+00   2.0166e+02   1.7777e+01   4.7090e-03   1.0081e-02   3.0236e+02
20260905_04:00:00   1.1480e+00   1.9762e+02   1.7311e+01   2.2960e-03   3.7183e-02   3.0122e+02
20260905_05:00:00   1.1523e+00   1.9797e+02   1.7330e+01   2.9940e-03   5.4101e-03   3.0159e+02
20260905_06:00:00   1.1095e+00   1.9407e+02   1.6785e+01   2.4620e-03   5.5184e-03   3.0098e+02
20260905_07:00:00   1.2240e+00   2.0409e+02   1.7857e+01   1.0304e-02   3.6759e-03   3.0067e+02
20260905_08:00:00   1.4632e+00   2.2152e+02   1.9510e+01   4.9272e-02   1.6152e-02   2.9873e+02
20260905_09:00:00   1.9400e+00   2.4625e+02   2.0143e+01   2.0347e-01   3.8140e-03   2.9857e+02
20260905_10:00:00   2.7984e+00   2.6965e+02   2.0575e+01   5.0948e-01   1.6494e-04   2.9877e+02
20260905_11:00:00   2.6329e+00   2.6668e+02   2.0383e+01   4.4265e-01   1.4908e-03   2.9933e+02
20260905_12:00:00   2.2458e+00   2.5682e+02   1.9533e+01   3.2280e-01   2.8020e-03   2.9971e+02
20260905_13:00:00   1.6624e+00   2.3298e+02   1.8671e+01   1.2769e-01   1.4668e-03   2.9979e+02
20260905_14:00:00   1.3496e+00   2.1336e+02   1.7551e+01   4.3807e-02   5.1362e-04   3.0031e+02
20260905_15:00:00   1.2656e+00   2.0671e+02   1.7608e+01   1.3544e-02   4.5584e-04   2.9984e+02
20260905_16:00:00   1.7855e+00   2.3881e+02   1.9547e+01   1.4993e-01   2.1420e-06   2.9892e+02
20260905_17:00:00   2.5393e+00   2.6407e+02   2.0385e+01   4.0940e-01   5.3760e-05   2.9742e+02
20260905_18:00:00   3.2692e+00   2.7560e+02   2.1114e+01   6.6815e-01   1.9254e-03   2.9618e+02
20260905_19:00:00   2.7465e+00   2.6803e+02   2.0765e+01   4.8038e-01   7.5943e-03   2.9555e+02
20260905_20:00:00   1.6375e+00   2.3118e+02   1.9276e+01   1.0001e-01   6.8980e-03   2.9681e+02
20260905_21:00:00   1.3031e+00   2.0941e+02   1.7559e+01   2.5175e-02   1.7446e-03   2.9760e+02
20260905_22:00:00   1.4764e+00   2.2150e+02   1.8241e+01   7.0002e-02   3.6160e-04   2.9938e+02
20260905_23:00:00   1.4230e+00   2.1822e+02   1.8426e+01   4.3512e-02   0.0000e+00   3.0101e+02
20260906_00:00:00   1.4743e+00   2.2190e+02   1.9297e+01   3.8399e-02   0.0000e+00   3.0081e+02
20260906_01:00:00   1.4441e+00   2.2023e+02   1.9943e+01   1.0501e-02   0.0000e+00   3.0161e+02
20260906_02:00:00   1.3858e+00   2.1660e+02   1.9475e+01   8.6489e-03   0.0000e+00   3.0294e+02
20260906_03:00:00   1.5270e+00   2.2617e+02   2.0375e+01   3.4026e-02   0.0000e+00   3.0366e+02
20260906_04:00:00   1.6374e+00   2.3267e+02   2.0779e+01   6.1574e-02   0.0000e+00   3.0333e+02
20260906_05:00:00   1.6219e+00   2.3170e+02   2.0958e+01   4.8733e-02   0.0000e+00   3.0224e+02
20260906_06:00:00   1.7307e+00   2.3739e+02   2.0821e+01   9.4737e-02   0.0000e+00   3.0145e+02
20260906_07:00:00   1.7603e+00   2.3858e+02   2.0865e+01   1.0283e-01   0.0000e+00   3.0164e+02
20260906_08:00:00   1.7925e+00   2.4002e+02   2.0741e+01   1.1602e-01   0.0000e+00   3.0115e+02
20260906_09:00:00   1.9529e+00   2.4687e+02   2.0398e+01   1.8868e-01   0.0000e+00   3.0270e+02
20260906_10:00:00   1.6456e+00   2.3242e+02   1.9722e+01   9.0220e-02   0.0000e+00   3.0334e+02
20260906_11:00:00   2.0022e+00   2.4864e+02   1.9130e+01   2.4310e-01   0.0000e+00   3.0472e+02
20260906_12:00:00   1.8428e+00   2.4199e+02   1.8176e+01   2.1353e-01   0.0000e+00   3.0743e+02
20260906_13:00:00   1.2734e+00   2.0779e+02   1.6966e+01   3.1061e-02   0.0000e+00   3.1087e+02
20260906_14:00:00   1.2994e+00   2.0954e+02   1.6703e+01   4.9708e-02   0.0000e+00   3.1323e+02
20260906_15:00:00   1.2094e+00   2.0210e+02   1.6256e+01   3.1980e-02   0.0000e+00   3.1692e+02
20260906_16:00:00   1.1133e+00   1.9358e+02   1.5621e+01   1.2508e-02   0.0000e+00   3.1797e+02
20260906_17:00:00   1.0762e+00   1.8994e+02   1.5448e+01   1.8139e-03   0.0000e+00   3.1740e+02
20260906_18:00:00   1.0336e+00   1.8562e+02   1.4887e+01   3.1480e-04   0.0000e+00   3.1621e+02
20260906_19:00:00   1.0239e+00   1.8453e+02   1.4701e+01   1.4070e-03   0.0000e+00   3.1597e+02
20260906_20:00:00   1.0158e+00   1.8362e+02   1.4525e+01   3.5300e-03   0.0000e+00   3.1435e+02
20260906_21:00:00   1.0358e+00   1.8557e+02   1.4752e+01   3.8120e-03   0.0000e+00   3.1092e+02
20260906_22:00:00   1.0296e+00   1.8525e+02   1.4554e+01   5.3060e-03   0.0000e+00   3.0964e+02
20260906_23:00:00   1.0124e+00   1.8396e+02   1.4488e+01   2.2960e-03   0.0000e+00   3.0969e+02
20260907_00:00:00   1.0311e+00   1.8624e+02   1.4637e+01   6.5760e-03   0.0000e+00   3.1024e+02
20260907_01:00:00   1.0380e+00   1.8738e+02   1.4806e+01   6.2680e-03   0.0000e+00   3.1083e+02
20260907_02:00:00   1.0500e+00   1.8889e+02   1.5389e+01   3.7860e-03   0.0000e+00   3.0979e+02
20260907_03:00:00   1.0561e+00   1.8978e+02   1.5835e+01   7.0460e-05   4.2860e-06   3.1006e+02
20260907_04:00:00   1.1096e+00   1.9497e+02   1.6785e+01   0.0000e+00   6.9780e-06   3.0699e+02
20260907_05:00:00   1.1061e+00   1.9454e+02   1.7028e+01   0.0000e+00   1.3864e-04   3.0631e+02
20260907_06:00:00   1.0406e+00   1.8818e+02   1.6320e+01   0.0000e+00   0.0000e+00   3.0804e+02
20260907_07:00:00   1.0016e+00   1.8405e+02   1.5960e+01   0.0000e+00   2.9040e-06   3.0688e+02
20260907_08:00:00   1.0209e+00   1.8549e+02   1.6399e+01   0.0000e+00   1.8750e-03   3.0604e+02
20260907_09:00:00   9.4099e-01   1.7656e+02   1.5388e+01   0.0000e+00   0.0000e+00   3.0688e+02
20260907_10:00:00   8.8824e-01   1.7000e+02   1.4419e+01   0.0000e+00   0.0000e+00   3.0650e+02
20260907_11:00:00   8.7511e-01   1.6814e+02   1.4058e+01   0.0000e+00   0.0000e+00   3.0725e+02
20260907_12:00:00   8.2562e-01   1.6208e+02   1.3286e+01   0.0000e+00   0.0000e+00   3.0778e+02
20260907_13:00:00   7.6031e-01   1.5375e+02   1.2348e+01   0.0000e+00   0.0000e+00   3.0655e+02
20260907_14:00:00   7.3057e-01   1.4974e+02   1.1974e+01   0.0000e+00   0.0000e+00   3.0546e+02
20260907_15:00:00   6.8502e-01   1.4333e+02   1.1517e+01   0.0000e+00   0.0000e+00   3.0435e+02
20260907_16:00:00   6.5771e-01   1.3934e+02   1.1225e+01   0.0000e+00   0.0000e+00   3.0310e+02
20260907_17:00:00   6.0420e-01   1.3145e+02   1.0360e+01   0.0000e+00   0.0000e+00   3.0292e+02
20260907_18:00:00   5.5500e-01   1.2369e+02   9.6667e+00   0.0000e+00   8.1300e-06   3.0267e+02
20260907_19:00:00   5.4189e-01   1.2123e+02   9.7490e+00   0.0000e+00   5.6700e-05   3.0162e+02
20260907_20:00:00   5.2436e-01   1.1816e+02   9.6171e+00   0.0000e+00   3.2360e-04   3.0017e+02
20260907_21:00:00   5.5705e-01   1.2303e+02   1.0468e+01   0.0000e+00   4.4080e-04   2.9954e+02
20260907_22:00:00   5.7187e-01   1.2533e+02   1.0851e+01   0.0000e+00   0.0000e+00   2.9724e+02
20260907_23:00:00   6.1537e-01   1.3219e+02   1.1744e+01   0.0000e+00   0.0000e+00   2.9553e+02
20260908_00:00:00   6.7733e-01   1.4118e+02   1.3125e+01   0.0000e+00   0.0000e+00   2.9470e+02
20260908_01:00:00   6.7419e-01   1.4105e+02   1.3193e+01   0.0000e+00   0.0000e+00   2.9481e+02
20260908_02:00:00   7.4582e-01   1.5134e+02   1.4499e+01   0.0000e+00   0.0000e+00   2.9320e+02
20260908_03:00:00   8.3244e-01   1.6262e+02   1.6148e+01   0.0000e+00   5.4920e-07   2.9229e+02
20260908_04:00:00   9.7405e-01   1.7884e+02   1.8813e+01   0.0000e+00   3.1820e-04   2.9186e+02
20260908_05:00:00   1.0878e+00   1.9047e+02   2.0834e+01   0.0000e+00   2.5612e-04   2.9229e+02
20260908_06:00:00   1.1981e+00   2.0061e+02   2.2662e+01   0.0000e+00   1.4380e-03   2.9334e+02
20260908_09:00:00   1.6752e+00   2.3398e+02   2.8581e+01   0.0000e+00   0.0000e+00   2.9401e+02
20260908_12:00:00   1.9586e+00   2.4525e+02   3.1903e+01   3.7770e-05   0.0000e+00   2.9054e+02
20260908_15:00:00   1.9712e+00   2.4497e+02   3.2226e+01   1.7683e-05   0.0000e+00   2.9012e+02
20260908_18:00:00   2.6451e+00   2.6482e+02   3.4065e+01   1.8945e-01   5.6020e-05   2.9045e+02
20260908_21:00:00   3.7461e+00   2.7915e+02   3.6606e+01   5.2993e-01   0.0000e+00   2.8957e+02
20260909_00:00:00   3.2298e+00   2.7346e+02   3.5497e+01   3.7009e-01   0.0000e+00   2.9160e+02
20260909_03:00:00   2.3079e+00   2.5608e+02   3.2751e+01   1.0151e-01   4.9340e-04   2.8966e+02
20260909_06:00:00   1.9211e+00   2.4295e+02   2.5013e+01   1.3454e-01   9.1740e-06   2.9279e+02
20260909_09:00:00   2.4989e+00   2.6092e+02   2.3018e+01   3.9849e-01   0.0000e+00   2.9405e+02
20260909_12:00:00   1.2946e+00   2.0640e+02   1.9800e+01   2.0420e-02   0.0000e+00   2.9128e+02
20260909_15:00:00   9.8281e-01   1.7728e+02   1.6996e+01   0.0000e+00   8.5301e-04   2.9373e+02
20260909_18:00:00   1.0189e+00   1.8078e+02   1.7567e+01   0.0000e+00   5.6008e-03   2.9207e+02
20260909_21:00:00   1.0909e+00   1.8836e+02   1.8396e+01   3.0420e-04   0.0000e+00   2.9110e+02
20260910_00:00:00   1.1045e+00   1.9026e+02   1.8638e+01   4.3400e-05   0.0000e+00   2.9100e+02
20260910_03:00:00   1.1429e+00   1.9428e+02   1.9302e+01   1.1164e-03   0.0000e+00   2.9206e+02
20260910_06:00:00   1.1467e+00   1.9492e+02   1.8863e+01   8.4548e-04   0.0000e+00   2.8675e+02
20260910_09:00:00   1.1192e+00   1.9224e+02   1.7611e+01   9.4660e-04   0.0000e+00   2.8690e+02
20260910_12:00:00   9.5133e-01   1.7496e+02   1.5233e+01   6.4280e-06   0.0000e+00   2.8983e+02
20260910_15:00:00   9.0887e-01   1.7014e+02   1.4423e+01   0.0000e+00   0.0000e+00   2.8910e+02
20260910_18:00:00   9.2486e-01   1.7148e+02   1.4912e+01   1.1646e-03   1.0192e-05   2.9021e+02
20260910_21:00:00   9.6314e-01   1.7548e+02   1.5579e+01   3.6740e-03   4.3320e-04   2.8777e+02
20260911_00:00:00   9.2093e-01   1.7156e+02   1.5589e+01   0.0000e+00   2.2231e-03   2.8960e+02
20260911_03:00:00   9.8444e-01   1.7928e+02   1.7208e+01   0.0000e+00   6.8792e-03   2.8579e+02
20260911_06:00:00   1.0875e+00   1.9065e+02   1.8667e+01   0.0000e+00   4.0556e-02   2.8432e+02
20260911_09:00:00   1.2818e+00   2.0738e+02   2.0512e+01   0.0000e+00   7.6850e-02   2.8774e+02
20260911_12:00:00   1.1962e+00   1.9960e+02   1.8998e+01   0.0000e+00   2.9575e-02   2.8914e+02
20260911_15:00:00   1.1035e+00   1.9106e+02   1.7890e+01   0.0000e+00   3.0241e-02   2.9111e+02
20260911_18:00:00   9.8851e-01   1.7856e+02   1.7108e+01   0.0000e+00   9.7887e-02   2.8861e+02
20260911_21:00:00   1.0028e+00   1.7862e+02   1.8117e+01   0.0000e+00   1.5251e-01   2.8937e+02
20260912_00:00:00   1.0410e+00   1.8319e+02   1.8659e+01   0.0000e+00   4.7217e-02   2.9220e+02
20260912_03:00:00   1.1720e+00   1.9640e+02   2.1186e+01   0.0000e+00   4.7716e-02   2.9391e+02
20260912_06:00:00   1.4820e+00   2.2056e+02   2.5886e+01   4.2280e-05   3.7274e-02   2.9231e+02
20260912_09:00:00   1.3973e+00   2.1425e+02   2.4085e+01   1.3752e-03   1.2542e-02   2.9113e+02
20260912_12:00:00   1.2537e+00   2.0229e+02   2.1630e+01   3.2140e-05   1.9704e-04   2.9131e+02
20260912_15:00:00   1.2372e+00   2.0046e+02   2.1764e+01   1.2820e-04   4.4987e-03   2.9136e+02
20260912_18:00:00   1.3559e+00   2.0929e+02   2.4070e+01   0.0000e+00   1.3838e-01   2.8781e+02
20260912_21:00:00   1.5356e+00   2.2125e+02   2.6523e+01   1.9724e-03   3.6437e-01   2.8573e+02
20260913_00:00:00   2.6764e+00   2.6270e+02   3.0531e+01   3.5264e-01   2.5093e-01   2.8420e+02
20260913_03:00:00   3.8334e+00   2.7607e+02   3.3715e+01   7.5073e-01   6.1803e-01   2.8450e+02
20260913_06:00:00   2.7961e+00   2.6628e+02   3.9241e+01   1.4734e-01   4.6866e-01   2.8368e+02
20260913_09:00:00   3.4731e+00   2.7419e+02   3.9107e+01   4.2379e-01   4.4554e-01   2.8117e+02
20260913_12:00:00   3.9383e+00   2.7674e+02   3.8737e+01   6.3767e-01   2.2050e-01   2.8111e+02
20260913_15:00:00   4.2389e+00   2.7891e+02   4.1289e+01   6.5246e-01   6.4327e-02   2.7825e+02
20260913_18:00:00   4.9571e+00   2.8178e+02   4.1539e+01   9.0198e-01   2.4250e-01   2.7927e+02
20260913_21:00:00   6.0674e+00   2.8301e+02   4.2222e+01   1.3030e+00   1.5209e-01   2.7954e+02
20260914_00:00:00   3.4433e+00   2.7509e+02   4.2415e+01   2.6346e-01   6.6681e-02   2.7720e+02
20260914_03:00:00   4.7510e+00   2.8265e+02   4.4312e+01   7.1238e-01   2.7295e-01   2.7800e+02
20260914_06:00:00   5.9837e+00   2.8391e+02   4.5576e+01   1.2068e+00   3.9231e-01   2.7621e+02
20260914_09:00:00   5.2682e+00   2.8252e+02   4.5005e+01   9.4246e-01   4.6009e-01   2.7819e+02
20260914_12:00:00   5.0080e+00   2.8277e+02   4.4787e+01   8.3371e-01   3.7891e-01   2.7833e+02
20260914_15:00:00   4.5166e+00   2.8169e+02   4.4669e+01   6.4485e-01   1.6698e-01   2.7715e+02
20260914_18:00:00   4.3959e+00   2.8143e+02   4.3424e+01   6.2142e-01   2.5000e-01   2.7498e+02
20260914_21:00:00   4.8483e+00   2.8273e+02   4.4222e+01   7.7253e-01   3.8979e-01   2.7431e+02
20260915_00:00:00   6.8637e+00   2.8473e+02   4.4581e+01   1.5774e+00   3.4201e-01   2.7573e+02
20260915_03:00:00   4.8369e+00   2.8183e+02   4.2034e+01   8.5706e-01   6.4082e-01   2.7845e+02
20260915_06:00:00   5.9098e+00   2.8397e+02   4.3577e+01   1.2331e+00   3.5401e-01   2.7773e+02
20260915_09:00:00   5.5521e+00   2.8390e+02   4.3617e+01   1.0797e+00   7.5720e-01   2.7926e+02
20260915_12:00:00   3.6282e+00   2.7794e+02   4.3200e+01   2.9537e-01   2.2273e-01   2.8239e+02
20260915_15:00:00   4.9023e+00   2.8378e+02   3.9878e+01   8.5494e-01   1.3445e-01   2.8636e+02
20260915_18:00:00   4.9819e+00   2.8390e+02   3.5480e+01   9.7983e-01   0.0000e+00   2.9103e+02
20260915_21:00:00   2.3780e+00   2.5943e+02   3.2020e+01   4.8839e-02   2.4000e-05   2.9636e+02
20260916_00:00:00   2.0233e+00   2.4942e+02   2.7374e+01   1.4480e-02   0.0000e+00   2.9850e+02
20260916_03:00:00   1.8073e+00   2.4230e+02   2.4078e+01   2.6600e-02   0.0000e+00   2.9808e+02
20260916_06:00:00   1.7121e+00   2.3813e+02   2.2689e+01   3.4428e-02   6.7370e-03   2.9332e+02
20260916_09:00:00   1.5945e+00   2.3152e+02   2.2140e+01   1.9323e-03   9.7240e-04   2.8957e+02
20260916_12:00:00   1.2369e+00   2.0598e+02   1.7471e+01   0.0000e+00   2.5020e-03   2.9087e+02
20260916_15:00:00   1.1156e+00   1.9506e+02   1.6008e+01   0.0000e+00   0.0000e+00   2.9564e+02
20260916_18:00:00   1.0192e+00   1.8551e+02   1.4633e+01   0.0000e+00   2.1140e-05   2.9952e+02
20260916_21:00:00   9.2044e-01   1.7477e+02   1.3338e+01   0.0000e+00   0.0000e+00   2.9890e+02
20260917_00:00:00   9.5338e-01   1.7930e+02   1.3746e+01   0.0000e+00   0.0000e+00   2.9836e+02
20260917_03:00:00   1.0275e+00   1.8827e+02   1.5619e+01   0.0000e+00   3.1980e-05   2.9777e+02
20260917_06:00:00   1.2308e+00   2.0752e+02   1.8645e+01   1.1926e-03   1.5132e-03   2.9404e+02
20260917_09:00:00   1.5485e+00   2.2943e+02   2.2002e+01   5.9460e-04   6.8858e-03   2.9469e+02
20260917_12:00:00   1.5598e+00   2.2851e+02   2.1800e+01   0.0000e+00   5.1908e-03   2.9608e+02
20260917_15:00:00   1.3588e+00   2.1494e+02   1.9333e+01   0.0000e+00   7.2260e-05   2.9448e+02
20260917_18:00:00   1.2103e+00   2.0283e+02   1.7726e+01   0.0000e+00   1.9354e-04   2.9246e+02
20260917_21:00:00   1.0741e+00   1.9019e+02   1.6227e+01   0.0000e+00   2.5200e-05   2.8749e+02
20260918_00:00:00   9.0224e-01   1.7293e+02   1.4057e+01   0.0000e+00   0.0000e+00   2.8474e+02
20260918_03:00:00   8.7119e-01   1.7039e+02   1.3986e+01   0.0000e+00   7.2704e-03   2.8251e+02
20260918_06:00:00   1.0375e+00   1.8873e+02   1.7085e+01   0.0000e+00   3.0096e-03   2.8076e+02
20260918_09:00:00   1.3105e+00   2.1208e+02   2.1124e+01   0.0000e+00   2.9544e-02   2.8115e+02
20260918_12:00:00   1.3495e+00   2.1400e+02   2.1630e+01   0.0000e+00   8.6278e-03   2.8062e+02
20260918_15:00:00   1.3397e+00   2.1256e+02   2.1836e+01   0.0000e+00   3.0955e-03   2.8031e+02
20260918_18:00:00   1.2785e+00   2.0684e+02   2.1775e+01   0.0000e+00   4.9437e-04   2.7731e+02
20260918_21:00:00   1.4103e+00   2.1566e+02   2.4951e+01   0.0000e+00   3.2404e-06   2.7739e+02
20260919_00:00:00   1.6229e+00   2.2970e+02   2.8667e+01   0.0000e+00   1.3037e-02   2.7794e+02
20260919_03:00:00   1.9289e+00   2.4609e+02   3.3159e+01   0.0000e+00   3.0107e-03   2.7797e+02
20260919_06:00:00   2.2196e+00   2.5807e+02   3.6844e+01   0.0000e+00   3.3635e-04   2.7786e+02
