#            date       tau255        Tb[K]      pwv[mm] lwp[kg*m^-2] iwp[kg*m^-2]       o3[DU]
20261010_00:00:00   5.8507e-01   1.2818e+02   1.0060e+01   0.0000e+00   0.0000e+00   2.7890e+02
20261010_01:00:00   5.6628e-01   1.2540e+02   9.8305e+00   0.0000e+00   0.0000e+00   2.7722e+02
20261010_02:00:00   5.7034e-01   1.2622e+02   1.0014e+01   0.0000e+00   0.0000e+00   2.7507e+02
20261010_03:00:00   5.8981e-01   1.2935e+02   1.0450e+01   0.0000e+00   0.0000e+00   2.7281e+02
20261010_04:00:00   6.3162e-01   1.3594e+02   1.1189e+01   0.0000e+00   0.0000e+00   2.7202e+02
20261010_05:00:00   6.8170e-01   1.4341e+02   1.2017e+01   0.0000e+00   0.0000e+00   2.7255e+02
20261010_06:00:00   7.1249e-01   1.4809e+02   1.2380e+01   0.0000e+00   0.0000e+00   2.7352e+02
20261010_07:00:00   7.6361e-01   1.5514e+02   1.3013e+01   0.0000e+00   0.0000e+00   2.7480e+02
20261010_08:00:00   8.2139e-01   1.6260e+02   1.3694e+01   0.0000e+00   0.0000e+00   2.7665e+02
20261010_09:00:00   8.6324e-01   1.6729e+02   1.4243e+01   0.0000e+00   0.0000e+00   2.7620e+02
20261010_10:00:00   9.0300e-01   1.7157e+02   1.4871e+01   0.0000e+00   0.0000e+00   2.7411e+02
20261010_11:00:00   9.6808e-01   1.7847e+02   1.5853e+01   0.0000e+00   1.6074e-05   2.7218e+02
20261010_12:00:00   1.0442e+00   1.8606e+02   1.6991e+01   0.0000e+00   8.8340e-05   2.7374e+02
20261010_13:00:00   1.0930e+00   1.9058e+02   1.7778e+01   0.0000e+00   9.7159e-04   2.7500e+02
20261010_14:00:00   1.1091e+00   1.9210e+02   1.7913e+01   0.0000e+00   3.7513e-03   2.7428e+02
20261010_15:00:00   1.0985e+00   1.9107e+02   1.7721e+01   0.0000e+00   3.1725e-02   2.7465e+02
20261010_16:00:00   1.0716e+00   1.8886e+02   1.7116e+01   0.0000e+00   5.9770e-03   2.7402e+02
20261010_17:00:00   1.1449e+00   1.9538e+02   1.8313e+01   0.0000e+00   5.3132e-03   2.7318e+02
20261010_18:00:00   1.1677e+00   1.9754e+02   1.8409e+01   0.0000e+00   1.7068e-03   2.7447e+02
20261010_19:00:00   1.2146e+00   2.0144e+02   1.8999e+01   0.0000e+00   4.7940e-04   2.7478e+02
20261010_20:00:00   1.2517e+00   2.0451e+02   1.9252e+01   0.0000e+00   1.5428e-05   2.7478e+02
20261010_21:00:00   1.2836e+00   2.0690e+02   1.9696e+01   0.0000e+00   0.0000e+00   2.7456e+02
20261010_22:00:00   1.2750e+00   2.0615e+02   1.9731e+01   0.0000e+00   0.0000e+00   2.7477e+02
20261010_23:00:00   1.2707e+00   2.0622e+02   1.9610e+01   0.0000e+00   4.4009e-04   2.7493e+02
20261011_00:00:00   1.3041e+00   2.0929e+02   2.0088e+01   0.0000e+00   1.3317e-03   2.7442e+02
20261011_01:00:00   1.3670e+00   2.1450e+02   2.0882e+01   0.0000e+00   2.5080e-05   2.7474e+02
20261011_02:00:00   1.4576e+00   2.2115e+02   2.2080e+01   2.6800e-03   2.1960e-06   2.7475e+02
20261011_03:00:00   1.4919e+00   2.2360e+02   2.2828e+01   2.7782e-03   4.2860e-06   2.7653e+02
20261011_04:00:00   1.5103e+00   2.2476e+02   2.2883e+01   1.6980e-02   0.0000e+00   2.7659e+02
20261011_05:00:00   1.5047e+00   2.2438e+02   2.2893e+01   2.1155e-02   0.0000e+00   2.7556e+02
20261011_06:00:00   1.5063e+00   2.2449e+02   2.3517e+01   8.1598e-03   1.4254e-05   2.7479e+02
20261011_07:00:00   1.5433e+00   2.2678e+02   2.3751e+01   6.9048e-03   5.4320e-04   2.7554e+02
20261011_08:00:00   1.6792e+00   2.3414e+02   2.4224e+01   3.3741e-02   6.9634e-04   2.7641e+02
20261011_09:00:00   1.6367e+00   2.3132e+02   2.4234e+01   5.1721e-03   2.4662e-04   2.7694e+02
20261011_10:00:00   1.6966e+00   2.3396e+02   2.4979e+01   1.4782e-03   3.5179e-03   2.7664e+02
20261011_11:00:00   1.8730e+00   2.4181e+02   2.6525e+01   2.5310e-02   2.3161e-02   2.7535e+02
20261011_12:00:00   2.0259e+00   2.4778e+02   2.8680e+01   2.8868e-02   1.5993e-02   2.7620e+02
20261011_13:00:00   2.1928e+00   2.5347e+02   2.9454e+01   7.2173e-02   2.8459e-02   2.7844e+02
20261011_14:00:00   3.0099e+00   2.7089e+02   3.0705e+01   3.5863e-01   2.8152e-02   2.7888e+02
20261011_15:00:00   2.5616e+00   2.6302e+02   3.0832e+01   1.6792e-01   5.6632e-02   2.7941e+02
20261011_16:00:00   2.2332e+00   2.5475e+02   2.9114e+01   7.3794e-02   0.0000e+00   2.8055e+02
20261011_17:00:00   2.0030e+00   2.4719e+02   2.7413e+01   2.3672e-02   0.0000e+00   2.8095e+02
20261011_18:00:00   1.8531e+00   2.4127e+02   2.5908e+01   6.8598e-03   0.0000e+00   2.8034e+02
20261011_19:00:00   1.9005e+00   2.4310e+02   2.5628e+01   2.7917e-02   0.0000e+00   2.7755e+02
20261011_20:00:00   2.2009e+00   2.5373e+02   2.6430e+01   1.2202e-01   0.0000e+00   2.7528e+02
20261011_21:00:00   2.4428e+00   2.6036e+02   2.5940e+01   2.2936e-01   0.0000e+00   2.7510e+02
20261011_22:00:00   2.0835e+00   2.5025e+02   2.4828e+01   1.2007e-01   0.0000e+00   2.7570e+02
20261011_23:00:00   1.9369e+00   2.4494e+02   2.4599e+01   7.3870e-02   2.9440e-05   2.7586e+02
20261012_00:00:00   1.7787e+00   2.3822e+02   2.5000e+01   5.5436e-03   1.9811e-03   2.7379e+02
20261012_01:00:00   1.7795e+00   2.3881e+02   2.5394e+01   1.8925e-04   2.3261e-03   2.7160e+02
20261012_02:00:00   1.7907e+00   2.3987e+02   2.5688e+01   1.2086e-03   3.0215e-03   2.7033e+02
20261012_03:00:00   1.8126e+00   2.4129e+02   2.5999e+01   2.7333e-03   4.6637e-05   2.6975e+02
20261012_04:00:00   1.9174e+00   2.4590e+02   2.6417e+01   3.4349e-02   3.0776e-03   2.6973e+02
20261012_05:00:00   1.9407e+00   2.4677e+02   2.5972e+01   5.6126e-02   3.5561e-04   2.7027e+02
20261012_06:00:00   1.7751e+00   2.3948e+02   2.5638e+01   1.6886e-03   3.2875e-03   2.7158e+02
20261012_07:00:00   1.7535e+00   2.3845e+02   2.5365e+01   2.4112e-03   9.5391e-03   2.7182e+02
20261012_08:00:00   1.7893e+00   2.3998e+02   2.5906e+01   1.9146e-03   8.5832e-04   2.7062e+02
20261012_09:00:00   1.8864e+00   2.4370e+02   2.7631e+01   6.2360e-04   6.8944e-04   2.7042e+02
20261012_10:00:00   1.9595e+00   2.4629e+02   2.8995e+01   8.0245e-04   9.6676e-04   2.6904e+02
20261012_11:00:00   2.0214e+00   2.4842e+02   2.9967e+01   1.2145e-03   9.7472e-03   2.6701e+02
20261012_12:00:00   2.1020e+00   2.5115e+02   3.0827e+01   4.8495e-03   2.6138e-02   2.6658e+02
20261012_13:00:00   2.4920e+00   2.6160e+02   3.3646e+01   9.0301e-02   4.7676e-03   2.6736e+02
20261012_14:00:00   3.4025e+00   2.7503e+02   3.5244e+01   4.2022e-01   2.1819e-02   2.6817e+02
20261012_15:00:00   5.5946e+00   2.8362e+02   3.7241e+01   1.2623e+00   2.6940e-01   2.6741e+02
20261012_16:00:00   6.8469e+00   2.8487e+02   3.7853e+01   1.7288e+00   1.4025e-01   2.6724e+02
20261012_17:00:00   6.7189e+00   2.8473e+02   3.7977e+01   1.6916e+00   2.6317e-01   2.6755e+02
20261012_18:00:00   6.9269e+00   2.8515e+02   3.8307e+01   1.7465e+00   4.3280e-01   2.6763e+02
20261012_19:00:00   5.5327e+00   2.8413e+02   3.7866e+01   1.1931e+00   4.6441e-01   2.6699e+02
20261012_20:00:00   4.8844e+00   2.8271e+02   3.6957e+01   9.5771e-01   7.2698e-01   2.6778e+02
20261012_21:00:00   4.5096e+00   2.8043e+02   3.5185e+01   8.8755e-01   4.0181e-01   2.6879e+02
20261012_22:00:00   3.9180e+00   2.7748e+02   3.4543e+01   6.6954e-01   2.0955e-01   2.7105e+02
20261012_23:00:00   3.9025e+00   2.7736e+02   3.4625e+01   6.5306e-01   1.8317e-01   2.7108e+02
20261013_00:00:00   4.3009e+00   2.7910e+02   3.3974e+01   8.3973e-01   8.0176e-02   2.7040e+02
20261013_01:00:00   4.7141e+00   2.8025e+02   3.4299e+01   9.9797e-01   2.0564e-01   2.7098e+02
20261013_02:00:00   4.9169e+00   2.8055e+02   3.3636e+01   1.1058e+00   5.0865e-01   2.7159e+02
20261013_03:00:00   4.3911e+00   2.7812e+02   3.0966e+01   9.8870e-01   2.5947e-01   2.7295e+02
20261013_04:00:00   3.9311e+00   2.7534e+02   2.8584e+01   8.7487e-01   1.4361e-01   2.7314e+02
20261013_05:00:00   3.4554e+00   2.7156e+02   2.7582e+01   7.1081e-01   7.1456e-02   2.7396e+02
20261013_06:00:00   4.1059e+00   2.7526e+02   2.8025e+01   9.7568e-01   5.1662e-01   2.7364e+02
20261013_07:00:00   2.1899e+00   2.4845e+02   2.6205e+01   2.2578e-01   5.8026e-01   2.7468e+02
20261013_08:00:00   1.5068e+00   2.1891e+02   2.1947e+01   4.9606e-02   1.4135e-02   2.7693e+02
20261013_09:00:00   1.3105e+00   2.0633e+02   2.0121e+01   0.0000e+00   2.8180e-06   2.8041e+02
20261013_10:00:00   1.2612e+00   2.0265e+02   1.9126e+01   0.0000e+00   0.0000e+00   2.8175e+02
20261013_11:00:00   1.4164e+00   2.1368e+02   2.1031e+01   2.9658e-06   1.1822e-05   2.8354e+02
20261013_12:00:00   1.4991e+00   2.1868e+02   2.1840e+01   3.0593e-03   1.1188e-04   2.8371e+02
20261013_13:00:00   1.9821e+00   2.4205e+02   2.2090e+01   1.7811e-01   2.1834e-03   2.8576e+02
20261013_14:00:00   2.7562e+00   2.6120e+02   1.9911e+01   5.5704e-01   1.9201e-02   2.9183e+02
20261013_15:00:00   1.0718e+00   1.8538e+02   1.4691e+01   1.6065e-02   0.0000e+00   2.9584e+02
20261013_16:00:00   8.0298e-01   1.5577e+02   1.1640e+01   0.0000e+00   0.0000e+00   3.0013e+02
20261013_17:00:00   6.6678e-01   1.3778e+02   9.5872e+00   2.1189e-04   0.0000e+00   3.0281e+02
20261013_18:00:00   5.7136e-01   1.2388e+02   8.0448e+00   1.2554e-04   0.0000e+00   3.0428e+02
20261013_19:00:00   5.6753e-01   1.2315e+02   7.9943e+00   1.5154e-05   0.0000e+00   3.0109e+02
20261013_20:00:00   5.6286e-01   1.2230e+02   7.9291e+00   0.0000e+00   0.0000e+00   2.9876e+02
20261013_21:00:00   5.3109e-01   1.1716e+02   7.5035e+00   0.0000e+00   0.0000e+00   2.9978e+02
20261013_22:00:00   4.7567e-01   1.0792e+02   6.8477e+00   0.0000e+00   0.0000e+00   3.0321e+02
20261013_23:00:00   4.7714e-01   1.0820e+02   7.0069e+00   0.0000e+00   0.0000e+00   3.0568e+02
20261014_00:00:00   4.7404e-01   1.0763e+02   7.2106e+00   0.0000e+00   0.0000e+00   3.0741e+02
20261014_01:00:00   4.9774e-01   1.1158e+02   7.7511e+00   0.0000e+00   0.0000e+00   3.0678e+02
20261014_02:00:00   5.1451e-01   1.1434e+02   8.1168e+00   0.0000e+00   0.0000e+00   3.0527e+02
20261014_03:00:00   5.3512e-01   1.1763e+02   8.5549e+00   0.0000e+00   0.0000e+00   3.0479e+02
20261014_04:00:00   5.3234e-01   1.1713e+02   8.6183e+00   0.0000e+00   0.0000e+00   3.0447e+02
20261014_05:00:00   4.5344e-01   1.0419e+02   7.3159e+00   0.0000e+00   0.0000e+00   3.0465e+02
20261014_06:00:00   4.0979e-01   9.6575e+01   6.5914e+00   0.0000e+00   0.0000e+00   3.0316e+02
20261014_07:00:00   4.1520e-01   9.7665e+01   6.5948e+00   0.0000e+00   0.0000e+00   3.0309e+02
20261014_08:00:00   4.8252e-01   1.0938e+02   7.4889e+00   0.0000e+00   0.0000e+00   3.0254e+02
20261014_09:00:00   5.0142e-01   1.1247e+02   7.7004e+00   0.0000e+00   0.0000e+00   3.0138e+02
20261014_10:00:00   5.3771e-01   1.1838e+02   8.1260e+00   0.0000e+00   0.0000e+00   3.0093e+02
20261014_11:00:00   6.0543e-01   1.2895e+02   8.9249e+00   0.0000e+00   0.0000e+00   3.0113e+02
20261014_12:00:00   6.7003e-01   1.3821e+02   9.6916e+00   0.0000e+00   0.0000e+00   3.0239e+02
20261014_13:00:00   6.6344e-01   1.3731e+02   9.5403e+00   0.0000e+00   1.6074e-05   3.0192e+02
20261014_14:00:00   7.1559e-01   1.4434e+02   1.0252e+01   0.0000e+00   9.9000e-05   3.0355e+02
20261014_15:00:00   7.3497e-01   1.4690e+02   1.0313e+01   4.1933e-03   0.0000e+00   3.0301e+02
20261014_16:00:00   7.1950e-01   1.4519e+02   1.0059e+01   4.5241e-03   0.0000e+00   3.0142e+02
20261014_17:00:00   7.9706e-01   1.5498e+02   1.1204e+01   8.7842e-03   0.0000e+00   3.0374e+02
20261014_18:00:00   9.0510e-01   1.6729e+02   1.3154e+01   3.9212e-03   0.0000e+00   3.0745e+02
20261014_19:00:00   9.3078e-01   1.6999e+02   1.3675e+01   3.6980e-04   8.3200e-07   3.0759e+02
20261014_20:00:00   9.4622e-01   1.7158e+02   1.3868e+01   1.8121e-05   0.0000e+00   3.0384e+02
20261014_21:00:00   8.9345e-01   1.6590e+02   1.3112e+01   0.0000e+00   4.2860e-07   3.0460e+02
20261014_22:00:00   8.4338e-01   1.6027e+02   1.2435e+01   0.0000e+00   0.0000e+00   3.0627e+02
20261014_23:00:00   8.1986e-01   1.5788e+02   1.2113e+01   0.0000e+00   0.0000e+00   3.0737e+02
20261015_00:00:00   8.1795e-01   1.5802e+02   1.2237e+01   0.0000e+00   0.0000e+00   3.0629e+02
20261015_03:00:00   9.0960e-01   1.6931e+02   1.3925e+01   0.0000e+00   0.0000e+00   3.0739e+02
20261015_06:00:00   9.7999e-01   1.7728e+02   1.5086e+01   0.0000e+00   0.0000e+00   3.0637e+02
20261015_09:00:00   9.5494e-01   1.7481e+02   1.4387e+01   0.0000e+00   0.0000e+00   3.0331e+02
20261015_12:00:00   9.2482e-01   1.7117e+02   1.3996e+01   3.5520e-04   0.0000e+00   2.9249e+02
20261015_15:00:00   8.7174e-01   1.6527e+02   1.3290e+01   0.0000e+00   0.0000e+00   2.8922e+02
20261015_18:00:00   7.7597e-01   1.5366e+02   1.2180e+01   0.0000e+00   2.7520e-03   2.8786e+02
20261015_21:00:00   6.8508e-01   1.4184e+02   1.0886e+01   0.0000e+00   1.4128e-02   2.8892e+02
20261016_00:00:00   7.0685e-01   1.4530e+02   1.1407e+01   0.0000e+00   6.0001e-03   2.8586e+02
20261016_03:00:00   8.4278e-01   1.6260e+02   1.3831e+01   0.0000e+00   1.3858e-01   2.8471e+02
20261016_06:00:00   9.5230e-01   1.7552e+02   1.5658e+01   0.0000e+00   1.8121e-02   2.8260e+02
20261016_09:00:00   1.0597e+00   1.8578e+02   1.7551e+01   0.0000e+00   5.1092e-03   2.8279e+02
20261016_12:00:00   1.1512e+00   1.9293e+02   1.9251e+01   0.0000e+00   3.8804e-02   2.8163e+02
20261016_15:00:00   1.3514e+00   2.0810e+02   2.2217e+01   0.0000e+00   1.5521e-01   2.8165e+02
20261016_18:00:00   1.3188e+00   2.0568e+02   2.1661e+01   0.0000e+00   9.4569e-02   2.8398e+02
20261016_21:00:00   1.3427e+00   2.0791e+02   2.1265e+01   3.1692e-03   8.8328e-03   2.8499e+02
20261017_00:00:00   1.4331e+00   2.1470e+02   2.2657e+01   4.9892e-03   2.5484e-03   2.8957e+02
20261017_03:00:00   1.6394e+00   2.2736e+02   2.6154e+01   1.4800e-03   2.0247e-01   2.8720e+02
20261017_06:00:00   2.2584e+00   2.5256e+02   2.7292e+01   1.9856e-01   8.4803e-02   2.8509e+02
20261017_09:00:00   2.7576e+00   2.6379e+02   2.9294e+01   3.3506e-01   3.0298e-01   2.8307e+02
20261017_12:00:00   2.0051e+00   2.4413e+02   2.9584e+01   2.3069e-02   2.7588e-01   2.8563e+02
20261017_15:00:00   1.7378e+00   2.3301e+02   2.5688e+01   4.0159e-03   2.6509e-03   2.8697e+02
20261017_18:00:00   1.5046e+00   2.2007e+02   2.2616e+01   1.6735e-03   3.2752e-03   2.8786e+02
20261017_21:00:00   1.6030e+00   2.2551e+02   2.3792e+01   5.3616e-03   4.8672e-04   2.8505e+02
20261018_00:00:00   1.6718e+00   2.3007e+02   2.4281e+01   4.4270e-03   2.6920e-06   2.8262e+02
20261018_03:00:00   1.8352e+00   2.3909e+02   2.5277e+01   4.3100e-02   1.3180e-06   2.8045e+02
20261018_06:00:00   2.6200e+00   2.6352e+02   2.6327e+01   3.2410e-01   0.0000e+00   2.7992e+02
20261018_09:00:00   2.1365e+00   2.5023e+02   2.7960e+01   9.5436e-02   3.7804e-04   2.7631e+02
20261018_12:00:00   2.0510e+00   2.4668e+02   2.8164e+01   6.6710e-02   1.2615e-02   2.7772e+02
20261018_15:00:00   2.0347e+00   2.4544e+02   2.7424e+01   9.6829e-02   2.5581e-02   2.7638e+02
20261018_18:00:00   1.9750e+00   2.4225e+02   2.9084e+01   5.2041e-02   2.3568e-02   2.7249e+02
20261018_21:00:00   4.1400e+00   2.7577e+02   3.0218e+01   9.0769e-01   6.1552e-02   2.7033e+02
20261019_00:00:00   3.3551e+00   2.7082e+02   2.7852e+01   6.3023e-01   3.8307e-02   2.7385e+02
20261019_03:00:00   2.5775e+00   2.6065e+02   2.7754e+01   2.8986e-01   1.0339e-04   2.7205e+02
20261019_06:00:00   2.1537e+00   2.5071e+02   2.8744e+01   9.1556e-02   1.2199e-03   2.7050e+02
20261019_09:00:00   2.4894e+00   2.5972e+02   3.1744e+01   1.5981e-01   3.4489e-02   2.7323e+02
20261019_12:00:00   2.9701e+00   2.6813e+02   3.4016e+01   3.1295e-01   1.7865e-01   2.7411e+02
20261019_15:00:00   3.0525e+00   2.6860e+02   3.4053e+01   3.5623e-01   1.1734e-01   2.7396e+02
20261019_18:00:00   3.9017e+00   2.7564e+02   3.5802e+01   6.3362e-01   8.2826e-01   2.7390e+02
20261019_21:00:00   4.4942e+00   2.7888e+02   3.5806e+01   8.6874e-01   4.4875e-01   2.7445e+02
20261020_00:00:00   3.9378e+00   2.7706e+02   3.6714e+01   6.0114e-01   8.0998e-01   2.7889e+02
20261020_03:00:00   5.4990e+00   2.8244e+02   3.8263e+01   1.1905e+00   4.3604e-01   2.7920e+02
20261020_06:00:00   7.8724e+00   2.8473e+02   4.0365e+01   2.1621e+00   4.0146e-01   2.7748e+02
20261020_09:00:00   5.7765e+00   2.8575e+02   3.8249e+01   1.2134e+00   3.3759e-03   2.7210e+02
20261020_12:00:00   7.9419e+00   2.8725e+02   3.9708e+01   2.0017e+00   2.9363e-04   2.7174e+02
20261020_15:00:00   5.8280e+00   2.8618e+02   4.2495e+01   1.1775e+00   3.8130e-01   2.6998e+02
20261020_18:00:00   6.7468e+00   2.8771e+02   3.6302e+01   1.6084e+00   0.0000e+00   2.7139e+02
20261020_21:00:00   2.5861e+00   2.6464e+02   2.3096e+01   3.6326e-01   0.0000e+00   2.7310e+02
20261021_00:00:00   2.0857e+00   2.4955e+02   1.8502e+01   2.9341e-01   0.0000e+00   2.7603e+02
20261021_03:00:00   2.3633e+00   2.5751e+02   1.7455e+01   4.2030e-01   0.0000e+00   2.7725e+02
20261021_06:00:00   2.0988e+00   2.4967e+02   1.7722e+01   3.0981e-01   0.0000e+00   2.7872e+02
20261021_09:00:00   1.4830e+00   2.1898e+02   1.2516e+01   2.1822e-01   0.0000e+00   2.8026e+02
20261021_12:00:00   1.0928e+00   1.8795e+02   1.0065e+01   1.4014e-01   0.0000e+00   2.8131e+02
20261021_15:00:00   1.5696e+00   2.2301e+02   1.1101e+01   3.0266e-01   0.0000e+00   2.7921e+02
20261021_18:00:00   1.0367e+00   1.8152e+02   1.0422e+01   1.2347e-01   0.0000e+00   2.7392e+02
20261021_21:00:00   1.0927e+00   1.8600e+02   9.3702e+00   1.7715e-01   0.0000e+00   2.7042e+02
20261022_00:00:00   5.2070e-01   1.1539e+02   7.7816e+00   0.0000e+00   0.0000e+00   2.7007e+02
20261022_03:00:00   4.5266e-01   1.0391e+02   7.2615e+00   0.0000e+00   0.0000e+00   2.7142e+02
20261022_06:00:00   5.7552e-01   1.2407e+02   8.9163e+00   0.0000e+00   0.0000e+00   2.7349e+02
20261022_09:00:00   4.7333e-01   1.0725e+02   7.0131e+00   0.0000e+00   0.0000e+00   2.7390e+02
20261022_12:00:00   5.0343e-01   1.1207e+02   7.3914e+00   8.3060e-05   2.8900e-06   2.7476e+02
20261022_15:00:00   4.6876e-01   1.0580e+02   7.0214e+00   0.0000e+00   4.3400e-06   2.7281e+02
20261022_18:00:00   4.5048e-01   1.0207e+02   6.8496e+00   0.0000e+00   0.0000e+00   2.7237e+02
20261022_21:00:00   3.8185e-01   8.9553e+01   5.9814e+00   0.0000e+00   2.1355e-04   2.7321e+02
20261023_00:00:00   3.2168e-01   7.8303e+01   5.2606e+00   0.0000e+00   0.0000e+00   2.7591e+02
20261023_03:00:00   3.6161e-01   8.6227e+01   5.8969e+00   0.0000e+00   0.0000e+00   2.7533e+02
20261023_06:00:00   3.9608e-01   9.2742e+01   6.3767e+00   0.0000e+00   8.2680e-05   2.7574e+02
20261023_09:00:00   4.5090e-01   1.0214e+02   7.1170e+00   0.0000e+00   8.0985e-04   2.7527e+02
20261023_12:00:00   4.0132e-01   9.3034e+01   6.4229e+00   8.5720e-06   2.7320e-03   2.7349e+02
20261023_15:00:00   4.6286e-01   1.0360e+02   7.2716e+00   0.0000e+00   1.5327e-03   2.7305e+02
20261023_18:00:00   5.2701e-01   1.1433e+02   7.9189e+00   0.0000e+00   1.7730e-05   2.7302e+02
20261023_21:00:00   6.1186e-01   1.2770e+02   8.7282e+00   1.3868e-03   5.8720e-04   2.7494e+02
20261024_00:00:00   5.3227e-01   1.1650e+02   7.7026e+00   0.0000e+00   0.0000e+00   2.7557e+02
20261024_03:00:00   5.8486e-01   1.2463e+02   8.6326e+00   0.0000e+00   1.0984e-07   2.7569e+02
20261024_06:00:00   5.5093e-01   1.1909e+02   8.2737e+00   1.4562e-05   7.1320e-05   2.7310e+02
20261024_09:00:00   4.6490e-01   1.0472e+02   6.9794e+00   0.0000e+00   1.0984e-06   2.7440e+02
20261024_12:00:00   3.6094e-01   8.5460e+01   5.5128e+00   0.0000e+00   1.0206e-02   2.7697e+02
20261024_15:00:00   3.1275e-01   7.6263e+01   4.5441e+00   0.0000e+00   0.0000e+00   2.7933e+02
20261024_18:00:00   2.7917e-01   6.9648e+01   3.9933e+00   0.0000e+00   0.0000e+00   2.7964e+02
20261024_21:00:00   2.3327e-01   6.0134e+01   3.4304e+00   0.0000e+00   0.0000e+00   2.7790e+02
20261025_00:00:00   2.9834e-01   7.3493e+01   4.4991e+00   0.0000e+00   0.0000e+00   2.7899e+02
20261025_03:00:00   3.6230e-01   8.6075e+01   5.5810e+00   0.0000e+00   0.0000e+00   2.7807e+02
20261025_06:00:00   3.0363e-01   7.5396e+01   4.5018e+00   0.0000e+00   0.0000e+00   2.8061e+02
20261025_09:00:00   2.8504e-01   7.1693e+01   4.0745e+00   0.0000e+00   0.0000e+00   2.7705e+02
20261025_12:00:00   2.4198e-01   6.2741e+01   3.4596e+00   0.0000e+00   0.0000e+00   2.7675e+02
20261025_15:00:00   2.2302e-01   5.8501e+01   3.3333e+00   0.0000e+00   0.0000e+00   2.7587e+02
20261025_18:00:00   2.3835e-01   6.1412e+01   3.8256e+00   0.0000e+00   2.5095e-03   2.7545e+02
20261025_21:00:00   2.8502e-01   7.0925e+01   4.7058e+00   0.0000e+00   1.8846e-03   2.7665e+02
20261026_00:00:00   3.7350e-01   8.8209e+01   6.3603e+00   0.0000e+00   6.5224e-03   2.7629e+02
