#            date       tau255        Tb[K]      pwv[mm] lwp[kg*m^-2] iwp[kg*m^-2]       o3[DU]
20260829_12:00:00   3.4208e+00   2.8229e+02   4.7430e+01   6.0301e-02   0.0000e+00   2.9964e+02
20260829_13:00:00   3.5053e+00   2.8287e+02   4.8639e+01   5.9227e-02   0.0000e+00   2.9791e+02
20260829_14:00:00   3.7384e+00   2.8450e+02   4.9259e+01   1.2402e-01   0.0000e+00   2.9603e+02
20260829_15:00:00   3.7602e+00   2.8450e+02   4.9584e+01   1.2128e-01   0.0000e+00   2.9460e+02
20260829_16:00:00   3.8799e+00   2.8511e+02   5.0083e+01   1.5495e-01   2.3120e-05   2.9380e+02
20260829_17:00:00   3.7672e+00   2.8424e+02   5.0065e+01   1.2167e-01   1.0222e-03   2.9344e+02
20260829_18:00:00   3.7822e+00   2.8406e+02   5.0258e+01   1.2931e-01   4.4699e-03   2.9463e+02
20260829_19:00:00   4.5546e+00   2.8737e+02   5.0866e+01   4.3483e-01   1.0602e-02   2.9475e+02
20260829_20:00:00   4.7519e+00   2.8765e+02   4.8930e+01   5.9226e-01   5.1476e-02   2.9487e+02
20260829_21:00:00   5.5239e+00   2.8858e+02   4.7428e+01   9.7447e-01   1.7094e-01   2.9382e+02
20260829_22:00:00   5.0603e+00   2.8747e+02   4.4766e+01   8.9281e-01   1.1180e-01   2.9269e+02
20260829_23:00:00   4.6566e+00   2.8636e+02   4.4115e+01   7.5046e-01   7.5452e-02   2.9194e+02
20260830_00:00:00   4.6399e+00   2.8633e+02   4.3519e+01   7.7297e-01   2.0833e-01   2.9180e+02
20260830_01:00:00   4.5344e+00   2.8604e+02   4.2985e+01   7.4648e-01   1.9008e-01   2.9298e+02
20260830_02:00:00   4.5056e+00   2.8595e+02   4.3563e+01   7.2591e-01   1.0281e-01   2.9331e+02
20260830_03:00:00   4.7220e+00   2.8640e+02   4.2573e+01   8.5734e-01   2.0502e-01   2.9450e+02
20260830_04:00:00   3.6189e+00   2.8158e+02   4.2442e+01   3.8825e-01   2.5298e-01   2.9511e+02
20260830_05:00:00   4.5552e+00   2.8607e+02   4.3897e+01   7.3159e-01   1.7617e-01   2.9618e+02
20260830_06:00:00   5.0179e+00   2.8719e+02   4.4484e+01   9.0607e-01   1.8500e-01   2.9824e+02
20260830_07:00:00   4.1510e+00   2.8491e+02   4.5380e+01   5.0706e-01   8.6940e-02   2.9999e+02
20260830_08:00:00   4.4407e+00   2.8590e+02   4.6697e+01   5.7417e-01   9.7117e-02   3.0104e+02
20260830_09:00:00   4.2836e+00   2.8564e+02   4.7060e+01   4.9367e-01   6.6114e-02   3.0011e+02
20260830_10:00:00   3.3633e+00   2.7975e+02   4.6717e+01   1.2704e-01   7.7933e-03   2.9903e+02
20260830_11:00:00   3.2555e+00   2.7862e+02   4.6371e+01   1.0361e-01   4.1073e-02   2.9868e+02
20260830_12:00:00   3.4475e+00   2.8035e+02   4.7106e+01   1.7460e-01   1.1616e-01   2.9752e+02
20260830_13:00:00   3.5137e+00   2.8054e+02   4.7541e+01   1.9128e-01   2.2134e-01   2.9981e+02
20260830_14:00:00   3.3363e+00   2.7871e+02   4.7659e+01   1.1853e-01   2.2256e-01   3.0082e+02
20260830_15:00:00   3.9106e+00   2.8291e+02   4.8128e+01   3.3625e-01   1.1711e-01   2.9949e+02
20260830_16:00:00   4.5232e+00   2.8544e+02   4.9008e+01   5.4559e-01   9.0010e-02   2.9872e+02
20260830_17:00:00   4.8827e+00   2.8615e+02   4.9421e+01   6.7280e-01   1.4030e-01   3.0107e+02
20260830_18:00:00   5.3488e+00   2.8681e+02   5.0088e+01   8.4507e-01   2.8287e-01   3.0137e+02
20260830_19:00:00   5.9154e+00   2.8733e+02   5.1069e+01   1.0271e+00   5.1342e-01   3.0048e+02
20260830_20:00:00   6.5944e+00   2.8778e+02   5.1546e+01   1.2602e+00   3.7424e-01   2.9871e+02
20260830_21:00:00   7.1424e+00   2.8817e+02   5.1611e+01   1.4663e+00   3.4628e-01   2.9821e+02
20260830_22:00:00   8.2306e+00   2.8839e+02   5.1705e+01   1.9103e+00   3.2153e-01   2.9838e+02
20260830_23:00:00   8.2846e+00   2.8827e+02   5.1536e+01   1.9582e+00   5.4479e-01   2.9691e+02
20260831_00:00:00   7.3346e+00   2.8792e+02   5.1517e+01   1.5765e+00   6.3058e-01   2.9619e+02
20260831_01:00:00   6.6350e+00   2.8779e+02   5.1670e+01   1.2929e+00   7.1048e-01   2.9831e+02
20260831_02:00:00   7.1465e+00   2.8814e+02   5.2229e+01   1.4884e+00   4.2509e-01   2.9589e+02
20260831_03:00:00   7.5190e+00   2.8849e+02   5.2139e+01   1.6189e+00   4.1562e-01   2.9551e+02
20260831_04:00:00   8.1710e+00   2.8893e+02   5.0886e+01   1.8594e+00   2.1133e-02   2.9576e+02
20260831_05:00:00   8.1676e+00   2.8863e+02   4.9883e+01   1.9063e+00   1.8637e-02   2.9667e+02
20260831_06:00:00   6.7889e+00   2.8821e+02   4.7617e+01   1.4135e+00   5.2682e-03   2.9870e+02
20260831_07:00:00   5.2690e+00   2.8677e+02   4.6297e+01   8.7388e-01   7.5998e-03   2.9886e+02
20260831_08:00:00   5.3106e+00   2.8692e+02   4.6381e+01   8.8757e-01   5.3240e-03   2.9831e+02
20260831_09:00:00   4.3188e+00   2.8453e+02   4.4300e+01   5.4514e-01   6.2898e-03   3.0026e+02
20260831_10:00:00   3.1967e+00   2.7673e+02   4.3733e+01   1.2860e-01   6.4521e-02   3.0180e+02
20260831_11:00:00   3.0360e+00   2.7481e+02   4.3956e+01   5.5978e-02   2.1294e-02   2.9926e+02
20260831_12:00:00   3.0975e+00   2.7557e+02   4.4604e+01   4.8542e-02   1.2046e-02   2.9704e+02
20260831_13:00:00   3.4348e+00   2.7942e+02   4.4839e+01   1.6509e-01   1.2636e-02   2.9857e+02
20260831_14:00:00   3.1786e+00   2.7683e+02   4.5608e+01   4.9046e-02   5.9907e-02   2.9862e+02
20260831_15:00:00   3.2671e+00   2.7777e+02   4.5763e+01   7.5979e-02   8.3772e-02   2.9793e+02
20260831_16:00:00   3.4701e+00   2.7985e+02   4.6678e+01   1.3139e-01   6.4862e-02   2.9670e+02
20260831_17:00:00   3.5020e+00   2.7998e+02   4.8356e+01   1.0101e-01   3.2966e-02   2.9571e+02
20260831_18:00:00   3.6849e+00   2.8136e+02   4.9055e+01   1.5407e-01   3.5035e-02   2.9606e+02
20260831_19:00:00   3.7546e+00   2.8183e+02   4.8861e+01   1.8799e-01   4.8847e-02   2.9595e+02
20260831_20:00:00   4.2643e+00   2.8444e+02   4.8313e+01   4.1553e-01   5.8057e-02   2.9650e+02
20260831_21:00:00   3.8883e+00   2.8267e+02   4.7563e+01   2.8035e-01   8.5052e-02   2.9756e+02
20260831_22:00:00   4.1338e+00   2.8412e+02   4.7879e+01   3.6539e-01   6.7778e-02   2.9825e+02
20260831_23:00:00   4.1635e+00   2.8430e+02   4.8519e+01   3.5406e-01   4.8190e-02   2.9892e+02
20260901_00:00:00   3.9619e+00   2.8360e+02   4.6561e+01   3.2628e-01   1.7018e-02   2.9825e+02
20260901_01:00:00   3.2051e+00   2.7803e+02   4.4756e+01   8.1480e-02   3.9432e-03   2.9750e+02
20260901_02:00:00   3.2382e+00   2.7890e+02   4.6328e+01   4.7874e-02   5.7913e-03   2.9603e+02
20260901_03:00:00   3.1830e+00   2.7839e+02   4.6286e+01   1.9371e-02   8.5442e-03   2.9569e+02
20260901_04:00:00   2.9327e+00   2.7549e+02   4.3594e+01   6.6122e-03   2.0977e-02   2.9768e+02
20260901_05:00:00   2.9136e+00   2.7527e+02   4.3930e+01   2.4386e-03   1.5244e-01   2.9822e+02
20260901_06:00:00   2.9277e+00   2.7541e+02   4.4593e+01   1.4813e-03   2.6458e-01   2.9699e+02
20260901_07:00:00   2.9553e+00   2.7564e+02   4.5071e+01   6.3936e-04   3.2610e-01   2.9680e+02
20260901_08:00:00   2.8914e+00   2.7438e+02   4.4389e+01   2.4580e-04   3.9003e-01   2.9692e+02
20260901_09:00:00   2.8193e+00   2.7296e+02   4.3807e+01   5.6360e-05   2.7681e-01   2.9652e+02
20260901_10:00:00   2.7287e+00   2.7122e+02   4.2722e+01   0.0000e+00   1.7566e-01   2.9690e+02
20260901_11:00:00   2.6680e+00   2.6994e+02   4.1693e+01   0.0000e+00   2.4169e-01   2.9820e+02
20260901_12:00:00   2.7071e+00   2.7060e+02   4.2364e+01   0.0000e+00   2.6904e-01   2.9793e+02
20260901_13:00:00   2.6952e+00   2.7030e+02   4.1987e+01   1.3136e-02   5.3120e-01   2.9777e+02
20260901_14:00:00   2.9060e+00   2.7371e+02   4.2641e+01   8.0573e-02   5.0009e-01   2.9552e+02
20260901_15:00:00   2.8303e+00   2.7246e+02   4.3090e+01   3.2300e-02   5.2218e-01   2.9613e+02
20260901_16:00:00   2.7801e+00   2.7159e+02   4.2881e+01   1.8718e-02   5.5498e-01   2.9815e+02
20260901_17:00:00   3.0880e+00   2.7617e+02   4.4175e+01   1.0163e-01   3.3848e-01   2.9800e+02
20260901_18:00:00   3.7478e+00   2.8196e+02   4.4987e+01   3.4567e-01   3.6129e-01   2.9736e+02
20260901_19:00:00   3.7085e+00   2.8125e+02   4.5422e+01   3.0461e-01   4.6935e-01   2.9630e+02
20260901_20:00:00   3.3940e+00   2.7860e+02   4.5466e+01   1.6383e-01   6.9477e-01   2.9292e+02
20260901_21:00:00   3.8094e+00   2.8146e+02   4.4935e+01   3.5711e-01   7.8093e-01   2.9103e+02
20260901_22:00:00   4.3758e+00   2.8399e+02   4.5293e+01   5.7741e-01   5.5906e-01   2.9168e+02
20260901_23:00:00   3.3122e+00   2.7762e+02   4.4210e+01   1.7902e-01   4.8435e-01   2.9156e+02
20260902_00:00:00   3.0294e+00   2.7459e+02   4.3898e+01   8.0506e-02   5.4768e-01   2.9332e+02
20260902_01:00:00   2.8429e+00   2.7209e+02   4.3403e+01   2.3523e-02   6.3158e-01   2.9501e+02
20260902_02:00:00   3.4013e+00   2.7889e+02   4.4073e+01   2.2794e-01   6.2154e-01   2.9599e+02
20260902_03:00:00   3.7717e+00   2.8135e+02   4.2998e+01   4.1473e-01   5.5682e-01   2.9746e+02
20260902_04:00:00   3.2981e+00   2.7734e+02   4.2999e+01   2.1892e-01   5.1187e-01   2.9726e+02
20260902_05:00:00   3.0819e+00   2.7494e+02   4.2946e+01   1.3775e-01   4.9598e-01   2.9636e+02
20260902_06:00:00   3.0921e+00   2.7516e+02   4.2723e+01   1.5226e-01   6.8085e-01   2.9657e+02
20260902_07:00:00   3.2060e+00   2.7635e+02   4.2977e+01   1.9430e-01   6.9436e-01   2.9639e+02
20260902_08:00:00   3.1058e+00   2.7505e+02   4.2622e+01   1.7007e-01   4.2066e-01   2.9608e+02
20260902_09:00:00   2.7852e+00   2.7040e+02   4.2844e+01   3.3065e-02   3.1378e-01   2.9499e+02
20260902_10:00:00   2.7859e+00   2.7029e+02   4.2721e+01   3.5265e-02   3.9493e-01   2.9587e+02
20260902_11:00:00   3.5595e+00   2.7931e+02   4.3052e+01   3.4099e-01   4.8826e-01   2.9514e+02
20260902_12:00:00   3.7128e+00   2.8054e+02   4.3443e+01   3.8907e-01   4.4805e-01   2.9400e+02
20260902_13:00:00   3.3507e+00   2.7772e+02   4.3555e+01   2.3381e-01   3.7754e-01   2.9462e+02
20260902_14:00:00   3.7475e+00   2.8083e+02   4.3156e+01   4.1824e-01   1.7276e-01   2.9463e+02
20260902_15:00:00   3.9653e+00   2.8208e+02   4.3209e+01   5.0507e-01   2.5588e-01   2.9442e+02
20260902_16:00:00   4.0521e+00   2.8252e+02   4.3315e+01   5.3700e-01   2.7643e-01   2.9561e+02
20260902_17:00:00   4.1938e+00   2.8321e+02   4.3564e+01   5.8726e-01   3.5543e-01   2.9435e+02
20260902_18:00:00   3.8628e+00   2.8165e+02   4.3732e+01   4.4236e-01   4.2044e-01   2.9351e+02
20260902_19:00:00   3.6740e+00   2.8035e+02   4.3839e+01   3.5788e-01   5.0081e-01   2.9289e+02
20260902_20:00:00   3.7347e+00   2.8078e+02   4.3800e+01   3.8351e-01   4.9046e-01   2.9234e+02
20260902_21:00:00   3.5728e+00   2.7967e+02   4.3588e+01   3.1664e-01   3.8128e-01   2.9271e+02
20260902_22:00:00   3.3104e+00   2.7751e+02   4.2759e+01   2.2114e-01   4.4746e-01   2.9381e+02
20260902_23:00:00   3.0883e+00   2.7518e+02   4.3535e+01   9.5688e-02   4.1768e-01   2.9383e+02
20260903_00:00:00   2.9772e+00   2.7380e+02   4.3570e+01   4.1104e-02   2.9392e-01   2.9267e+02
20260903_01:00:00   3.3543e+00   2.7871e+02   4.4381e+01   1.5903e-01   3.6548e-01   2.9200e+02
20260903_02:00:00   3.2410e+00   2.7751e+02   4.3441e+01   1.4116e-01   3.1251e-01   2.9062e+02
20260903_03:00:00   3.0575e+00   2.7554e+02   4.2675e+01   9.0351e-02   5.2553e-01   2.9120e+02
20260903_04:00:00   2.8390e+00   2.7263e+02   4.1944e+01   2.7119e-02   3.4693e-01   2.9030e+02
20260903_05:00:00   2.7260e+00   2.7101e+02   4.0883e+01   1.4855e-02   3.8677e-01   2.8913e+02
20260903_06:00:00   3.0130e+00   2.7561e+02   4.1108e+01   1.2448e-01   3.8677e-01   2.8804e+02
20260903_07:00:00   2.8086e+00   2.7253e+02   4.1027e+01   3.3872e-02   3.7994e-01   2.8712e+02
20260903_08:00:00   2.9029e+00   2.7381e+02   3.9976e+01   9.7944e-02   4.9774e-01   2.8664e+02
20260903_09:00:00   2.6536e+00   2.6929e+02   3.8620e+01   2.1362e-02   4.9373e-01   2.8527e+02
20260903_10:00:00   2.6779e+00   2.6949e+02   3.8390e+01   2.9381e-02   4.3695e-01   2.8372e+02
20260903_11:00:00   2.6945e+00   2.6965e+02   3.8554e+01   3.1795e-02   4.8846e-01   2.8355e+02
20260903_12:00:00   2.7601e+00   2.7083e+02   3.8726e+01   5.3033e-02   4.5083e-01   2.8281e+02
20260903_15:00:00   2.8967e+00   2.7333e+02   3.8902e+01   1.1228e-01   5.2343e-01   2.8374e+02
20260903_18:00:00   3.1546e+00   2.7635e+02   4.2770e+01   1.2842e-01   5.2704e-01   2.8100e+02
20260903_21:00:00   3.6801e+00   2.8116e+02   4.6383e+01   2.4969e-01   7.5360e-01   2.7958e+02
20260904_00:00:00   4.2862e+00   2.8400e+02   4.7434e+01   4.6326e-01   9.9136e-01   2.7873e+02
20260904_03:00:00   3.6600e+00   2.7859e+02   4.6004e+01   2.8226e-01   1.0341e+00   2.7479e+02
20260904_06:00:00   3.9542e+00   2.8040e+02   4.5740e+01   4.1508e-01   1.1183e+00   2.7404e+02
20260904_09:00:00   3.4419e+00   2.7578e+02   4.3216e+01   3.0009e-01   1.1909e+00   2.7653e+02
20260904_12:00:00   3.6468e+00   2.7691e+02   4.3429e+01   3.8709e-01   1.0155e+00   2.7481e+02
20260904_15:00:00   3.3001e+00   2.7397e+02   4.4723e+01   1.9276e-01   1.1223e+00   2.7594e+02
20260904_18:00:00   2.8216e+00   2.6787e+02   4.1418e+01   1.0288e-01   6.5157e-01   2.7567e+02
20260904_21:00:00   2.7208e+00   2.6657e+02   3.9096e+01   1.0952e-01   2.3256e-01   2.8285e+02
20260905_00:00:00   2.6964e+00   2.6681e+02   3.6955e+01   1.4533e-01   1.6450e-01   2.8707e+02
20260905_03:00:00   2.3854e+00   2.6048e+02   3.7783e+01   1.7963e-02   1.9635e-01   2.8448e+02
20260905_06:00:00   2.2953e+00   2.5894e+02   3.6369e+01   8.8720e-05   6.6040e-03   2.8652e+02
20260905_09:00:00   2.3460e+00   2.5998e+02   3.6205e+01   1.1807e-02   1.2285e-02   2.8644e+02
20260905_12:00:00   3.3627e+00   2.7799e+02   4.2303e+01   2.2818e-01   4.2904e-02   2.8359e+02
20260905_15:00:00   3.2151e+00   2.7574e+02   4.4964e+01   9.9257e-02   4.5549e-02   2.8434e+02
20260905_18:00:00   3.8308e+00   2.8041e+02   4.5233e+01   3.3217e-01   1.3554e-01   2.8143e+02
20260905_21:00:00   4.9628e+00   2.8467e+02   4.5756e+01   7.6776e-01   2.1062e-01   2.8054e+02
20260906_00:00:00   3.9483e+00   2.8089e+02   4.7546e+01   3.2954e-01   4.0133e-01   2.8078e+02
20260906_03:00:00   4.1962e+00   2.8242e+02   4.8854e+01   3.8407e-01   6.8410e-01   2.7880e+02
20260906_06:00:00   6.6322e+00   2.8648e+02   4.9910e+01   1.3436e+00   1.0593e+00   2.7876e+02
20260906_09:00:00   8.6213e+00   2.8667e+02   4.9754e+01   2.1437e+00   3.7540e-01   2.8135e+02
20260906_12:00:00   6.3121e+00   2.8636e+02   4.7716e+01   1.2466e+00   2.5394e-01   2.8580e+02
20260906_15:00:00   6.5387e+00   2.8703e+02   4.2072e+01   1.3923e+00   0.0000e+00   2.8807e+02
20260906_18:00:00   4.4043e+00   2.8462e+02   4.1226e+01   5.8517e-01   6.8643e-02   2.9062e+02
20260906_21:00:00   3.8839e+00   2.8191e+02   4.4754e+01   3.3562e-01   3.5729e-01   2.9030e+02
20260907_00:00:00   3.3328e+00   2.7783e+02   4.1892e+01   1.7995e-01   7.9721e-02   2.9376e+02
20260907_03:00:00   4.4928e+00   2.8586e+02   3.9394e+01   6.3746e-01   5.6360e-05   2.9739e+02
20260907_06:00:00   3.8884e+00   2.8392e+02   3.5887e+01   4.7155e-01   0.0000e+00   3.0155e+02
20260907_09:00:00   2.2405e+00   2.5986e+02   2.9812e+01   2.4018e-02   0.0000e+00   3.0200e+02
20260907_12:00:00   2.0443e+00   2.5291e+02   2.7314e+01   2.5921e-02   2.9520e-04   2.9853e+02
20260907_15:00:00   1.9570e+00   2.4934e+02   2.7313e+01   2.2800e-03   2.0440e-04   2.9949e+02
20260907_18:00:00   1.9785e+00   2.5020e+02   2.7698e+01   2.2911e-03   4.0400e-04   2.9705e+02
20260907_21:00:00   2.2375e+00   2.5889e+02   2.9886e+01   3.7760e-02   7.8708e-03   2.9546e+02
20260908_00:00:00   3.1435e+00   2.7720e+02   3.2797e+01   2.9846e-01   3.2499e-02   2.9265e+02
20260908_03:00:00   3.3382e+00   2.8004e+02   3.6204e+01   2.9324e-01   9.8640e-05   2.8988e+02
20260908_06:00:00   4.2118e+00   2.8561e+02   4.3403e+01   4.6137e-01   0.0000e+00   2.8789e+02
20260908_09:00:00   4.0374e+00   2.8396e+02   4.4624e+01   3.7162e-01   9.0720e-04   2.8820e+02
20260908_12:00:00   5.3422e+00   2.8742e+02   4.5487e+01   8.6999e-01   8.3676e-03   2.8975e+02
20260908_15:00:00   6.4123e+00   2.8843e+02   4.6739e+01   1.2387e+00   5.0062e-01   2.9081e+02
20260908_18:00:00   4.3742e+00   2.8396e+02   4.5116e+01   5.4860e-01   7.4352e-01   2.9065e+02
20260908_21:00:00   3.3506e+00   2.7789e+02   3.8580e+01   2.7236e-01   4.6582e-02   2.9499e+02
20260909_00:00:00   2.5932e+00   2.6693e+02   3.3955e+01   9.8795e-02   1.2580e-01   2.9544e+02
20260909_03:00:00   3.4800e+00   2.8040e+02   3.2647e+01   4.6993e-01   1.8511e-01   2.9303e+02
20260909_06:00:00   4.3307e+00   2.8505e+02   3.2097e+01   7.8449e-01   4.2280e-05   2.9256e+02
20260909_09:00:00   3.0504e+00   2.7475e+02   2.9261e+01   3.7625e-01   0.0000e+00   2.9359e+02
20260909_12:00:00   2.0047e+00   2.4869e+02   2.8151e+01   2.6668e-02   0.0000e+00   2.9203e+02
20260909_15:00:00   1.8908e+00   2.4332e+02   2.8409e+01   3.2365e-03   5.4920e-07   2.9175e+02
20260909_18:00:00   1.9510e+00   2.4543e+02   2.9364e+01   9.5652e-03   9.7262e-03   2.9005e+02
20260909_21:00:00   2.8273e+00   2.6957e+02   3.1334e+01   2.8384e-01   7.5237e-02   2.8833e+02
20260910_00:00:00   2.5096e+00   2.6349e+02   3.2644e+01   1.4630e-01   2.9249e-01   2.8794e+02
20260910_03:00:00   2.2319e+00   2.5638e+02   3.2274e+01   5.0551e-02   6.1319e-03   2.9091e+02
20260910_06:00:00   2.1710e+00   2.5473e+02   3.2781e+01   2.8541e-02   7.0487e-02   2.9141e+02
20260910_09:00:00   2.1453e+00   2.5270e+02   3.4008e+01   2.7579e-03   1.9336e-01   2.8972e+02
20260910_12:00:00   2.2528e+00   2.5564e+02   3.2745e+01   7.1190e-02   1.2346e-01   2.8845e+02
20260910_15:00:00   2.0734e+00   2.4933e+02   3.1573e+01   3.2859e-02   8.8038e-02   2.8831e+02
20260910_18:00:00   2.0213e+00   2.4732e+02   3.0020e+01   5.3790e-02   6.5096e-03   2.8718e+02
20260910_21:00:00   2.1160e+00   2.5058e+02   3.0143e+01   8.6432e-02   1.7184e-02   2.8627e+02
20260911_00:00:00   1.8285e+00   2.3951e+02   2.8223e+01   1.6328e-02   8.4342e-05   2.8764e+02
20260911_03:00:00   1.7772e+00   2.3784e+02   2.7961e+01   9.0175e-03   1.3454e-05   2.8854e+02
20260911_06:00:00   1.9312e+00   2.4438e+02   2.8560e+01   4.9198e-02   1.3174e-03   2.8888e+02
20260911_09:00:00   2.0603e+00   2.4912e+02   2.6520e+01   1.4499e-01   0.0000e+00   2.8622e+02
20260911_12:00:00   1.8972e+00   2.4269e+02   2.4835e+01   1.2576e-01   0.0000e+00   2.8749e+02
20260911_15:00:00   1.7676e+00   2.3670e+02   2.4256e+01   9.0582e-02   0.0000e+00   2.8691e+02
20260911_18:00:00   1.4375e+00   2.1739e+02   2.3140e+01   5.0132e-03   0.0000e+00   2.8278e+02
20260911_21:00:00   1.7088e+00   2.3322e+02   2.4314e+01   8.4859e-02   0.0000e+00   2.8398e+02
20260912_00:00:00   1.4536e+00   2.1851e+02   2.4009e+01   7.5600e-03   0.0000e+00   2.8437e+02
20260912_03:00:00   2.1986e+00   2.5428e+02   3.1170e+01   9.9169e-02   0.0000e+00   2.8319e+02
20260912_06:00:00   3.1963e+00   2.7487e+02   3.4701e+01   3.6484e-01   0.0000e+00   2.8078e+02
20260912_09:00:00   3.3738e+00   2.7757e+02   3.7053e+01   3.5805e-01   2.9004e-02   2.7797e+02
20260912_12:00:00   3.9781e+00   2.8271e+02   3.7870e+01   5.5186e-01   1.4078e-01   2.7620e+02
20260912_15:00:00   4.8625e+00   2.8645e+02   4.8056e+01   6.6790e-01   8.4543e-02   2.7293e+02
20260912_18:00:00   6.0749e+00   2.8769e+02   5.3356e+01   1.0544e+00   2.4928e-01   2.7077e+02
20260912_21:00:00   5.2172e+00   2.8712e+02   5.4523e+01   6.5993e-01   5.6759e-01   2.6573e+02
20260913_00:00:00   5.8501e+00   2.8679e+02   5.5878e+01   9.3536e-01   6.4528e-01   2.6633e+02
20260913_03:00:00   6.4237e+00   2.8743e+02   5.9511e+01   1.0424e+00   5.7486e-01   2.6424e+02
20260913_06:00:00   4.9543e+00   2.8681e+02   6.2331e+01   3.7216e-01   6.8090e-01   2.6418e+02
20260913_09:00:00   6.8034e+00   2.8880e+02   6.3855e+01   1.0523e+00   9.7692e-02   2.6295e+02
20260913_12:00:00   7.4301e+00   2.9054e+02   6.6133e+01   1.2506e+00   6.2725e-02   2.6216e+02
20260913_15:00:00   6.1470e+00   2.8770e+02   5.9834e+01   8.8498e-01   2.0200e-03   2.6147e+02
20260913_18:00:00   6.8857e+00   2.8875e+02   5.0340e+01   1.3560e+00   1.8508e-04   2.6178e+02
20260913_21:00:00   3.8639e+00   2.8328e+02   2.6741e+01   7.3544e-01   4.1310e-06   2.6859e+02
20260914_00:00:00   3.9333e+00   2.8235e+02   2.5301e+01   7.9314e-01   6.3580e-05   2.7189e+02
20260914_03:00:00   2.4045e+00   2.6218e+02   2.6610e+01   2.0240e-01   3.1240e-05   2.7043e+02
20260914_06:00:00   2.0802e+00   2.5228e+02   2.5834e+01   8.8507e-02   0.0000e+00   2.7105e+02
20260914_09:00:00   1.8651e+00   2.4376e+02   2.2179e+01   9.7473e-02   0.0000e+00   2.6944e+02
20260914_12:00:00   1.4937e+00   2.2331e+02   2.1037e+01   1.3174e-02   0.0000e+00   2.6788e+02
