#            date       tau255        Tb[K]      pwv[mm] lwp[kg*m^-2] iwp[kg*m^-2]       o3[DU]
20260821_06:00:00   3.4719e+00   2.8106e+02   4.9223e+01   8.8173e-02   6.3115e-01   2.8699e+02
20260821_07:00:00   3.3494e+00   2.8035e+02   4.7808e+01   9.3486e-02   2.4068e-01   2.8754e+02
20260821_08:00:00   3.3685e+00   2.8103e+02   4.9934e+01   1.3015e-02   2.9761e-01   2.8899e+02
20260821_09:00:00   3.6551e+00   2.8370e+02   5.1758e+01   5.7976e-02   4.6831e-01   2.8949e+02
20260821_10:00:00   4.1715e+00   2.8673e+02   5.2177e+01   2.3868e-01   2.6332e-01   2.9087e+02
20260821_11:00:00   4.2174e+00   2.8691e+02   5.2671e+01   2.4068e-01   6.3265e-02   2.9265e+02
20260821_12:00:00   3.8622e+00   2.8492e+02   5.3121e+01   9.3951e-02   2.6288e-02   2.9387e+02
20260821_13:00:00   3.7804e+00   2.8436e+02   5.1677e+01   1.1725e-01   2.5252e-02   2.9457e+02
20260821_14:00:00   3.8521e+00   2.8474e+02   5.1312e+01   1.6117e-01   8.9070e-03   2.9481e+02
20260821_15:00:00   3.9707e+00   2.8550e+02   5.2287e+01   1.8991e-01   4.0579e-02   2.9276e+02
20260821_16:00:00   3.8487e+00   2.8454e+02   5.3231e+01   1.0337e-01   5.1788e-02   2.8898e+02
20260821_17:00:00   4.9981e+00   2.8849e+02   5.3972e+01   5.4799e-01   1.5622e-01   2.8982e+02
20260821_18:00:00   5.7207e+00   2.8950e+02   5.4130e+01   8.5340e-01   3.6253e-01   2.9147e+02
20260821_19:00:00   5.2145e+00   2.8884e+02   5.4162e+01   6.2719e-01   3.4048e-01   2.9187e+02
20260821_20:00:00   5.2918e+00   2.8894e+02   5.4338e+01   6.5422e-01   3.1935e-01   2.9150e+02
20260821_21:00:00   4.9973e+00   2.8843e+02   5.3877e+01   5.4811e-01   2.4040e-01   2.9253e+02
20260821_22:00:00   4.9542e+00   2.8829e+02   5.4604e+01   5.0363e-01   5.0799e-01   2.9194e+02
20260821_23:00:00   5.8700e+00   2.8953e+02   5.4354e+01   8.8803e-01   3.3793e-02   2.9211e+02
20260822_00:00:00   5.1641e+00   2.8872e+02   5.4130e+01   6.0441e-01   1.1905e-01   2.9292e+02
20260822_01:00:00   6.0046e+00   2.8967e+02   5.4755e+01   9.3078e-01   6.1131e-01   2.9103e+02
20260822_02:00:00   5.0614e+00   2.8854e+02   5.3675e+01   5.7569e-01   4.2873e-01   2.9059e+02
20260822_03:00:00   3.7642e+00   2.8408e+02   5.2375e+01   9.8260e-02   3.4808e-01   2.9038e+02
20260822_04:00:00   3.8694e+00   2.8527e+02   5.2342e+01   1.3913e-01   6.9927e-01   2.8936e+02
20260822_05:00:00   3.8367e+00   2.8513e+02   5.3502e+01   8.5251e-02   4.7690e-01   2.8629e+02
20260822_06:00:00   3.6239e+00   2.8375e+02   5.2049e+01   5.5006e-02   1.5927e-01   2.8641e+02
20260822_07:00:00   3.3339e+00   2.8119e+02   4.8944e+01   6.0143e-02   1.6112e-01   2.8801e+02
20260822_08:00:00   3.0875e+00   2.7826e+02   4.7864e+01   4.4403e-04   2.4861e-02   2.8856e+02
20260822_09:00:00   2.9715e+00   2.7696e+02   4.6340e+01   0.0000e+00   9.0024e-03   2.8996e+02
20260822_10:00:00   2.8244e+00   2.7446e+02   4.3788e+01   0.0000e+00   1.9882e-03   2.9282e+02
20260822_11:00:00   2.7730e+00   2.7333e+02   4.2984e+01   0.0000e+00   2.8510e-03   2.9330e+02
20260822_12:00:00   2.7155e+00   2.7230e+02   4.2028e+01   0.0000e+00   1.3787e-03   2.9428e+02
20260822_13:00:00   2.6650e+00   2.7135e+02   4.1047e+01   0.0000e+00   3.1700e-03   2.9464e+02
20260822_14:00:00   2.6894e+00   2.7192e+02   4.1018e+01   0.0000e+00   2.7640e-04   2.9453e+02
20260822_15:00:00   2.7376e+00   2.7293e+02   4.1676e+01   0.0000e+00   0.0000e+00   2.9249e+02
20260822_16:00:00   2.7467e+00   2.7321e+02   4.1904e+01   0.0000e+00   0.0000e+00   2.9250e+02
20260822_17:00:00   2.8325e+00   2.7472e+02   4.2940e+01   0.0000e+00   0.0000e+00   2.9154e+02
20260822_18:00:00   2.8820e+00   2.7557e+02   4.3626e+01   0.0000e+00   0.0000e+00   2.9062e+02
20260822_19:00:00   2.9144e+00   2.7604e+02   4.3944e+01   0.0000e+00   0.0000e+00   2.9147e+02
20260822_20:00:00   2.9511e+00   2.7661e+02   4.4632e+01   0.0000e+00   0.0000e+00   2.9200e+02
20260822_21:00:00   2.9996e+00   2.7733e+02   4.5416e+01   0.0000e+00   0.0000e+00   2.9140e+02
20260822_22:00:00   2.9991e+00   2.7768e+02   4.5559e+01   0.0000e+00   0.0000e+00   2.9049e+02
20260822_23:00:00   3.0059e+00   2.7836e+02   4.5617e+01   0.0000e+00   0.0000e+00   2.8939e+02
20260823_00:00:00   3.0446e+00   2.7951e+02   4.6061e+01   0.0000e+00   0.0000e+00   2.9071e+02
20260823_01:00:00   3.0770e+00   2.8067e+02   4.6359e+01   0.0000e+00   0.0000e+00   2.9189e+02
20260823_02:00:00   3.0534e+00   2.8102e+02   4.6205e+01   0.0000e+00   0.0000e+00   2.9178e+02
20260823_03:00:00   3.0227e+00   2.8107e+02   4.5893e+01   0.0000e+00   0.0000e+00   2.9134e+02
20260823_04:00:00   2.9434e+00   2.8023e+02   4.4968e+01   0.0000e+00   0.0000e+00   2.9056e+02
20260823_05:00:00   2.8439e+00   2.7884e+02   4.3754e+01   0.0000e+00   0.0000e+00   2.9063e+02
20260823_06:00:00   2.7602e+00   2.7741e+02   4.2892e+01   0.0000e+00   0.0000e+00   2.9021e+02
20260823_07:00:00   2.7000e+00   2.7622e+02   4.2268e+01   0.0000e+00   0.0000e+00   2.9092e+02
20260823_08:00:00   2.6818e+00   2.7578e+02   4.2099e+01   0.0000e+00   0.0000e+00   2.9075e+02
20260823_09:00:00   2.7201e+00   2.7620e+02   4.2395e+01   0.0000e+00   0.0000e+00   2.9008e+02
20260823_10:00:00   2.7632e+00   2.7621e+02   4.2945e+01   0.0000e+00   5.4920e-07   2.8867e+02
20260823_11:00:00   2.7933e+00   2.7621e+02   4.3429e+01   0.0000e+00   1.2976e-03   2.8833e+02
20260823_12:00:00   2.7097e+00   2.7446e+02   4.2464e+01   0.0000e+00   4.5057e-03   2.8905e+02
20260823_13:00:00   2.6146e+00   2.7236e+02   4.1159e+01   0.0000e+00   2.9559e-05   2.9006e+02
20260823_14:00:00   2.5965e+00   2.7164e+02   4.0920e+01   0.0000e+00   1.0984e-06   2.8839e+02
20260823_15:00:00   2.5139e+00   2.6969e+02   3.9937e+01   0.0000e+00   1.7590e-04   2.8648e+02
20260823_16:00:00   2.4587e+00   2.6819e+02   3.9295e+01   0.0000e+00   1.8812e-03   2.8600e+02
20260823_17:00:00   2.4068e+00   2.6669e+02   3.8615e+01   0.0000e+00   1.3286e-03   2.8443e+02
20260823_18:00:00   2.3427e+00   2.6486e+02   3.7589e+01   0.0000e+00   2.6841e-05   2.8318e+02
20260823_19:00:00   2.2714e+00   2.6280e+02   3.6248e+01   0.0000e+00   5.4920e-07   2.8485e+02
20260823_20:00:00   2.2756e+00   2.6275e+02   3.6102e+01   0.0000e+00   3.8440e-06   2.8640e+02
20260823_21:00:00   2.2729e+00   2.6254e+02   3.6040e+01   0.0000e+00   3.8383e-04   2.8753e+02
20260823_22:00:00   2.2401e+00   2.6172e+02   3.5841e+01   0.0000e+00   1.7465e-03   2.8853e+02
20260823_23:00:00   2.2374e+00   2.6213e+02   3.5849e+01   0.0000e+00   1.7003e-04   2.8896e+02
20260824_00:00:00   2.2213e+00   2.6224e+02   3.5775e+01   0.0000e+00   9.5222e-05   2.8935e+02
20260824_01:00:00   2.2172e+00   2.6253e+02   3.6031e+01   0.0000e+00   1.0250e-04   2.8990e+02
20260824_02:00:00   2.2432e+00   2.6386e+02   3.6541e+01   0.0000e+00   1.8002e-04   2.8865e+02
20260824_03:00:00   2.3055e+00   2.6616e+02   3.7350e+01   0.0000e+00   7.3040e-04   2.8804e+02
20260824_04:00:00   2.3444e+00   2.6767e+02   3.7840e+01   0.0000e+00   1.8680e-04   2.8838e+02
20260824_05:00:00   2.3732e+00   2.6874e+02   3.8079e+01   0.0000e+00   1.0984e-06   2.8988e+02
20260824_06:00:00   2.4300e+00   2.7030e+02   3.8640e+01   0.0000e+00   1.2312e-04   2.9052e+02
20260824_07:00:00   2.4597e+00   2.7100e+02   3.8768e+01   0.0000e+00   3.0280e-05   2.9043e+02
20260824_08:00:00   2.5430e+00   2.7304e+02   3.9311e+01   7.6880e-06   3.5420e-06   2.9037e+02
20260824_09:00:00   2.6811e+00   2.7566e+02   4.0589e+01   0.0000e+00   2.3940e-04   2.9024e+02
20260824_10:00:00   2.7968e+00   2.7701e+02   4.1662e+01   0.0000e+00   3.8691e-03   2.9129e+02
20260824_11:00:00   2.7159e+00   2.7502e+02   4.0396e+01   0.0000e+00   1.9778e-03   2.9164e+02
20260824_12:00:00   2.6316e+00   2.7305e+02   3.9337e+01   0.0000e+00   2.4192e-03   2.9228e+02
20260824_13:00:00   2.6571e+00   2.7322e+02   4.0106e+01   0.0000e+00   1.4836e-03   2.9181e+02
20260824_14:00:00   2.5264e+00   2.7012e+02   3.9328e+01   1.5000e-05   3.7418e-03   2.9323e+02
20260824_15:00:00   2.6386e+00   2.7221e+02   4.1535e+01   0.0000e+00   6.0159e-03   2.9350e+02
20260824_16:00:00   2.6568e+00   2.7234e+02   4.1915e+01   0.0000e+00   2.5314e-03   2.9214e+02
20260824_17:00:00   2.5808e+00   2.7068e+02   4.0683e+01   1.7358e-04   3.4813e-04   2.9383e+02
20260824_18:00:00   2.5655e+00   2.7019e+02   3.9638e+01   0.0000e+00   1.9894e-03   2.9389e+02
20260824_19:00:00   2.5303e+00   2.6934e+02   3.8966e+01   0.0000e+00   1.4092e-05   2.9608e+02
20260824_20:00:00   2.5613e+00   2.6989e+02   3.9093e+01   0.0000e+00   0.0000e+00   2.9842e+02
20260824_21:00:00   2.5521e+00   2.6960e+02   3.8968e+01   0.0000e+00   0.0000e+00   2.9895e+02
20260824_22:00:00   2.6010e+00   2.7085e+02   3.9641e+01   0.0000e+00   0.0000e+00   2.9944e+02
20260824_23:00:00   2.6124e+00   2.7164e+02   3.9864e+01   0.0000e+00   0.0000e+00   2.9993e+02
20260825_00:00:00   2.6237e+00   2.7247e+02   4.0062e+01   0.0000e+00   0.0000e+00   2.9921e+02
20260825_01:00:00   2.5965e+00   2.7243e+02   3.9720e+01   0.0000e+00   0.0000e+00   2.9847e+02
20260825_02:00:00   2.6106e+00   2.7332e+02   3.9724e+01   0.0000e+00   0.0000e+00   2.9719e+02
20260825_03:00:00   2.6042e+00   2.7375e+02   3.9593e+01   0.0000e+00   0.0000e+00   2.9494e+02
20260825_04:00:00   2.6253e+00   2.7468e+02   3.9758e+01   9.6420e-06   0.0000e+00   2.9281e+02
20260825_05:00:00   2.6115e+00   2.7478e+02   3.9637e+01   2.2500e-04   0.0000e+00   2.9253e+02
20260825_06:00:00   2.6502e+00   2.7574e+02   4.0273e+01   2.5797e-04   0.0000e+00   2.9058e+02
20260825_07:00:00   2.7680e+00   2.7793e+02   4.1609e+01   7.1535e-03   0.0000e+00   2.9145e+02
20260825_08:00:00   2.8434e+00   2.7916e+02   4.2791e+01   6.1318e-03   0.0000e+00   2.9159e+02
20260825_09:00:00   2.8413e+00   2.7892e+02   4.2927e+01   0.0000e+00   0.0000e+00   2.9214e+02
20260825_10:00:00   2.8795e+00   2.7893e+02   4.3294e+01   0.0000e+00   0.0000e+00   2.9227e+02
20260825_11:00:00   2.8771e+00   2.7836e+02   4.3021e+01   0.0000e+00   0.0000e+00   2.9219e+02
20260825_12:00:00   2.8382e+00   2.7742e+02   4.2299e+01   0.0000e+00   0.0000e+00   2.9232e+02
20260825_13:00:00   2.8294e+00   2.7700e+02   4.2076e+01   0.0000e+00   0.0000e+00   2.9243e+02
20260825_14:00:00   2.8159e+00   2.7649e+02   4.1641e+01   0.0000e+00   2.8400e-05   2.9215e+02
20260825_15:00:00   2.7131e+00   2.7457e+02   4.0385e+01   0.0000e+00   1.0984e-06   2.9263e+02
20260825_16:00:00   2.6937e+00   2.7403e+02   3.9937e+01   0.0000e+00   9.0940e-04   2.9241e+02
20260825_17:00:00   2.6522e+00   2.7295e+02   3.9486e+01   2.7760e-04   4.6618e-03   2.9179e+02
20260825_18:00:00   2.7252e+00   2.7420e+02   4.0632e+01   0.0000e+00   3.2400e-04   2.9217e+02
20260825_19:00:00   2.8340e+00   2.7589e+02   4.2279e+01   9.0100e-05   0.0000e+00   2.9244e+02
20260825_20:00:00   2.9439e+00   2.7749e+02   4.4259e+01   0.0000e+00   0.0000e+00   2.9150e+02
20260825_21:00:00   2.9773e+00   2.7784e+02   4.4919e+01   0.0000e+00   0.0000e+00   2.9137e+02
20260825_22:00:00   3.0375e+00   2.7870e+02   4.5273e+01   8.3460e-03   5.6300e-04   2.9216e+02
20260825_23:00:00   3.0329e+00   2.7908e+02   4.5233e+01   1.3674e-04   1.0032e-04   2.9333e+02
20260826_00:00:00   3.1052e+00   2.8069e+02   4.6078e+01   8.0408e-03   2.1836e-03   2.9190e+02
20260826_01:00:00   3.2830e+00   2.8307e+02   4.8779e+01   2.2603e-02   9.5829e-03   2.9085e+02
20260826_02:00:00   3.2902e+00   2.8349e+02   4.9092e+01   2.6963e-02   4.3997e-03   2.9077e+02
20260826_03:00:00   3.2631e+00   2.8321e+02   4.9695e+01   5.4774e-04   3.4243e-04   2.9276e+02
20260826_04:00:00   3.1423e+00   2.8224e+02   4.8266e+01   3.2695e-05   2.3839e-03   2.9425e+02
20260826_05:00:00   3.1937e+00   2.8293e+02   4.9054e+01   3.3580e-04   1.1078e-02   2.9255e+02
20260826_06:00:00   3.2148e+00   2.8319e+02   4.9943e+01   2.3960e-04   5.7062e-02   2.9040e+02
20260826_09:00:00   3.8120e+00   2.8739e+02   5.2960e+01   1.0275e-01   1.0388e-02   2.9221e+02
20260826_12:00:00   4.7420e+00   2.8956e+02   5.1826e+01   4.5578e-01   1.3599e-04   2.9718e+02
20260826_15:00:00   3.9162e+00   2.8554e+02   4.2814e+01   3.3916e-01   1.2572e-02   2.9672e+02
20260826_18:00:00   3.3999e+00   2.8199e+02   3.8424e+01   2.3636e-01   6.7320e-02   2.9531e+02
20260826_21:00:00   3.1748e+00   2.7890e+02   3.4608e+01   2.6356e-01   5.9496e-03   2.9725e+02
20260827_00:00:00   2.9509e+00   2.7615e+02   3.2424e+01   2.3442e-01   0.0000e+00   2.9539e+02
20260827_03:00:00   3.0372e+00   2.7726e+02   3.1327e+01   3.0372e-01   0.0000e+00   2.9625e+02
20260827_06:00:00   1.7997e+00   2.4384e+02   2.7198e+01   1.2640e-05   4.3964e-04   2.9794e+02
20260827_09:00:00   1.6305e+00   2.3418e+02   2.5044e+01   1.0608e-04   1.0406e-04   2.9857e+02
20260827_12:00:00   1.5585e+00   2.2870e+02   2.3497e+01   0.0000e+00   0.0000e+00   2.9785e+02
20260827_15:00:00   1.4804e+00   2.2353e+02   2.2718e+01   2.3446e-04   3.2999e-04   2.9791e+02
20260827_18:00:00   1.5175e+00   2.2566e+02   2.3485e+01   3.3632e-03   1.9028e-03   2.9287e+02
20260827_21:00:00   1.7403e+00   2.3775e+02   2.7033e+01   1.1346e-03   1.4435e-03   2.9062e+02
20260828_00:00:00   2.0288e+00   2.5156e+02   3.1228e+01   1.7293e-03   7.5320e-03   2.9186e+02
20260828_03:00:00   2.4571e+00   2.6557e+02   3.5963e+01   2.0689e-02   0.0000e+00   2.9070e+02
20260828_06:00:00   3.4604e+00   2.8199e+02   4.2935e+01   2.2954e-01   7.4966e-05   2.9035e+02
20260828_09:00:00   3.5595e+00   2.8163e+02   4.5926e+01   1.8805e-01   7.6059e-04   2.9048e+02
20260828_12:00:00   3.8893e+00   2.8311e+02   4.7942e+01   2.5969e-01   2.0780e-03   2.8772e+02
20260828_15:00:00   7.2359e+00   2.8881e+02   5.3003e+01   1.4330e+00   1.5114e-04   2.8697e+02
20260828_18:00:00   6.1734e+00   2.8939e+02   5.3765e+01   9.7523e-01   5.9735e-03   2.8624e+02
20260828_21:00:00   6.4957e+00   2.8995e+02   5.5136e+01   1.0444e+00   2.8732e-02   2.8574e+02
20260829_00:00:00   6.6225e+00   2.8984e+02   5.9183e+01   1.0339e+00   2.3112e-01   2.8343e+02
20260829_03:00:00   8.1710e+00   2.9067e+02   6.0073e+01   1.6227e+00   3.3072e-02   2.8305e+02
20260829_06:00:00   4.8681e+00   2.8904e+02   5.9185e+01   3.3757e-01   4.2994e-03   2.8468e+02
20260829_09:00:00   4.4054e+00   2.8832e+02   5.9284e+01   1.3709e-01   2.7444e-03   2.8388e+02
20260829_12:00:00   4.0944e+00   2.8657e+02   5.8450e+01   5.3381e-02   7.1282e-02   2.8480e+02
20260829_15:00:00   5.8083e+00   2.9057e+02   5.8332e+01   7.5041e-01   5.6597e-02   2.8281e+02
20260829_18:00:00   6.1103e+00   2.9094e+02   5.9280e+01   8.3053e-01   3.5246e-02   2.8192e+02
20260829_21:00:00   5.1486e+00   2.8960e+02   5.7395e+01   5.0705e-01   7.0980e-02   2.8251e+02
20260830_00:00:00   4.4600e+00   2.8843e+02   5.6228e+01   2.5387e-01   1.7004e-02   2.8411e+02
20260830_03:00:00   5.4093e+00   2.9057e+02   5.6989e+01   5.9862e-01   1.1660e-02   2.8462e+02
20260830_06:00:00   8.0379e+00   2.9173e+02   5.8568e+01   1.6123e+00   2.1964e-01   2.8336e+02
20260830_09:00:00   5.8893e+00   2.8959e+02   5.6651e+01   8.3814e-01   3.8699e-02   2.8286e+02
20260830_12:00:00   5.5506e+00   2.8892e+02   5.5421e+01   7.3657e-01   1.3412e-01   2.8382e+02
20260830_15:00:00   6.5495e+00   2.8912e+02   5.2273e+01   1.2503e+00   1.9178e-01   2.8487e+02
20260830_18:00:00   5.3801e+00   2.8777e+02   5.1236e+01   8.0095e-01   2.6240e-01   2.8469e+02
20260830_21:00:00   6.2128e+00   2.8850e+02   5.1127e+01   1.1231e+00   4.2310e-02   2.8536e+02
20260831_00:00:00   4.9943e+00   2.8733e+02   5.3047e+01   5.6507e-01   1.3477e-01   2.8636e+02
20260831_03:00:00   5.5319e+00   2.8786e+02   5.3553e+01   7.8931e-01   7.0114e-01   2.8290e+02
20260831_06:00:00   5.6753e+00   2.8864e+02   5.1763e+01   8.8147e-01   4.1042e-01   2.8465e+02
20260831_09:00:00   5.2221e+00   2.8863e+02   4.6172e+01   7.9146e-01   1.1393e-02   2.8812e+02
20260831_12:00:00   3.8608e+00   2.8386e+02   3.8877e+01   4.0640e-01   0.0000e+00   2.8991e+02
20260831_15:00:00   3.5806e+00   2.8204e+02   3.4765e+01   3.9102e-01   0.0000e+00   2.9209e+02
20260831_18:00:00   2.9569e+00   2.7474e+02   3.2646e+01   2.0084e-01   0.0000e+00   2.9226e+02
20260831_21:00:00   2.5951e+00   2.6827e+02   2.9486e+01   1.5228e-01   0.0000e+00   2.9490e+02
20260901_00:00:00   2.3991e+00   2.6388e+02   2.8594e+01   1.0266e-01   0.0000e+00   2.9633e+02
20260901_03:00:00   2.0999e+00   2.5682e+02   2.6861e+01   4.4638e-02   0.0000e+00   2.9799e+02
20260901_06:00:00   2.3019e+00   2.6371e+02   2.8148e+01   1.0145e-01   0.0000e+00   2.9695e+02
20260901_09:00:00   1.8148e+00   2.4546e+02   2.5035e+01   0.0000e+00   0.0000e+00   2.9818e+02
20260901_12:00:00   1.3874e+00   2.1944e+02   1.9434e+01   0.0000e+00   0.0000e+00   2.9890e+02
20260901_15:00:00   9.2973e-01   1.7782e+02   1.3643e+01   0.0000e+00   0.0000e+00   2.9756e+02
20260901_18:00:00   7.5622e-01   1.5605e+02   1.1822e+01   0.0000e+00   0.0000e+00   2.9394e+02
20260901_21:00:00   7.3225e-01   1.5246e+02   1.1711e+01   0.0000e+00   0.0000e+00   2.9408e+02
20260902_00:00:00   8.2376e-01   1.6557e+02   1.3053e+01   0.0000e+00   0.0000e+00   2.9334e+02
20260902_03:00:00   9.0581e-01   1.7621e+02   1.4758e+01   0.0000e+00   0.0000e+00   2.9581e+02
20260902_06:00:00   9.8858e-01   1.8575e+02   1.6058e+01   0.0000e+00   0.0000e+00   2.9618e+02
20260902_09:00:00   1.0280e+00   1.8947e+02   1.6082e+01   0.0000e+00   0.0000e+00   2.9534e+02
20260902_12:00:00   9.3577e-01   1.7794e+02   1.4509e+01   0.0000e+00   0.0000e+00   2.9510e+02
20260902_15:00:00   8.3768e-01   1.6576e+02   1.3411e+01   0.0000e+00   2.4219e-03   2.9547e+02
20260902_18:00:00   7.9826e-01   1.6046e+02   1.3087e+01   0.0000e+00   6.3487e-04   2.9437e+02
20260902_21:00:00   8.5879e-01   1.6762e+02   1.3904e+01   0.0000e+00   2.6340e-03   2.9467e+02
20260903_00:00:00   8.7111e-01   1.7033e+02   1.3921e+01   0.0000e+00   2.1420e-06   2.9510e+02
20260903_03:00:00   8.9193e-01   1.7370e+02   1.4642e+01   0.0000e+00   0.0000e+00   2.9793e+02
20260903_06:00:00   8.6344e-01   1.7045e+02   1.4222e+01   0.0000e+00   0.0000e+00   2.9754e+02
20260903_09:00:00   8.7543e-01   1.7120e+02   1.3940e+01   0.0000e+00   0.0000e+00   2.9639e+02
20260903_12:00:00   8.6880e-01   1.6911e+02   1.3538e+01   0.0000e+00   0.0000e+00   2.9627e+02
20260903_15:00:00   8.6035e-01   1.6767e+02   1.3424e+01   0.0000e+00   4.7880e-05   2.9819e+02
20260903_18:00:00   9.2390e-01   1.7471e+02   1.4168e+01   9.2410e-05   1.0714e-06   2.9734e+02
20260903_21:00:00   1.0185e+00   1.8483e+02   1.5269e+01   3.3163e-03   0.0000e+00   2.9753e+02
20260904_00:00:00   1.1726e+00   2.0039e+02   1.7555e+01   8.1160e-05   0.0000e+00   2.9833e+02
20260904_03:00:00   1.0012e+00   1.8525e+02   1.6134e+01   0.0000e+00   0.0000e+00   2.9955e+02
20260904_06:00:00   1.0281e+00   1.8815e+02   1.6673e+01   0.0000e+00   0.0000e+00   2.9746e+02
20260904_09:00:00   1.0002e+00   1.8450e+02   1.5861e+01   0.0000e+00   3.7140e-04   2.9971e+02
20260904_12:00:00   1.2505e+00   2.0625e+02   1.8301e+01   5.8145e-03   0.0000e+00   2.9972e+02
20260904_15:00:00   1.4475e+00   2.2059e+02   1.8646e+01   6.7907e-02   0.0000e+00   2.9958e+02
20260904_18:00:00   1.1101e+00   1.9332e+02   1.7565e+01   5.8100e-04   2.7934e-03   2.9603e+02
20260904_21:00:00   1.3649e+00   2.1412e+02   2.1201e+01   5.0731e-03   4.3009e-03   2.9861e+02
20260905_00:00:00   1.4424e+00   2.2070e+02   2.2662e+01   0.0000e+00   5.0917e-03   2.9762e+02
20260905_03:00:00   1.4629e+00   2.2335e+02   2.3523e+01   0.0000e+00   6.3970e-03   2.9541e+02
20260905_06:00:00   1.4937e+00   2.2601e+02   2.3839e+01   0.0000e+00   1.4791e-03   2.9388e+02
20260905_09:00:00   1.3585e+00   2.1615e+02   2.1574e+01   0.0000e+00   4.6520e-05   2.9252e+02
20260905_12:00:00   1.1419e+00   1.9675e+02   1.8483e+01   0.0000e+00   3.4294e-04   2.9162e+02
20260905_15:00:00   1.1544e+00   1.9725e+02   1.8908e+01   0.0000e+00   3.3131e-03   2.9147e+02
20260905_18:00:00   1.2613e+00   2.0609e+02   2.0206e+01   2.3807e-03   2.1710e-03   2.9107e+02
20260905_21:00:00   1.1778e+00   1.9898e+02   1.9215e+01   2.3960e-04   1.1605e-02   2.8918e+02
20260906_00:00:00   1.1315e+00   1.9562e+02   1.8877e+01   0.0000e+00   6.5665e-04   2.8902e+02
20260906_03:00:00   1.1533e+00   1.9852e+02   1.9932e+01   0.0000e+00   1.1364e-02   2.8838e+02
20260906_06:00:00   1.1925e+00   2.0198e+02   2.0804e+01   0.0000e+00   6.2590e-03   2.8863e+02
