#            date       tau255        Tb[K]      pwv[mm] lwp[kg*m^-2] iwp[kg*m^-2]       o3[DU]
20260803_12:00:00   5.9325e-01   1.2517e+02   1.2260e+01   0.0000e+00   2.5920e-02   3.0334e+02
20260803_13:00:00   5.0661e-01   1.1178e+02   1.0665e+01   2.3040e-05   2.3487e-03   3.0250e+02
20260803_14:00:00   4.6102e-01   1.0425e+02   9.7722e+00   0.0000e+00   1.3373e-03   3.0099e+02
20260803_15:00:00   4.8006e-01   1.0756e+02   1.0074e+01   0.0000e+00   6.5020e-03   3.0135e+02
20260803_16:00:00   4.5150e-01   1.0263e+02   9.5292e+00   0.0000e+00   5.2964e-03   3.0363e+02
20260803_17:00:00   4.3610e-01   9.9936e+01   9.2285e+00   0.0000e+00   7.2825e-04   3.0422e+02
20260803_18:00:00   4.4628e-01   1.0184e+02   9.3796e+00   0.0000e+00   3.9720e-05   3.0331e+02
20260803_19:00:00   4.8582e-01   1.0886e+02   1.0062e+01   0.0000e+00   8.5860e-06   3.0340e+02
20260803_20:00:00   5.2950e-01   1.1642e+02   1.0821e+01   0.0000e+00   1.3464e-04   3.0391e+02
20260803_21:00:00   5.6419e-01   1.2231e+02   1.1378e+01   0.0000e+00   4.4700e-05   3.0507e+02
20260803_22:00:00   5.8720e-01   1.2605e+02   1.1769e+01   0.0000e+00   8.5060e-04   3.0496e+02
20260803_23:00:00   5.8788e-01   1.2621e+02   1.1816e+01   0.0000e+00   1.6878e-03   3.0632e+02
20260804_00:00:00   5.8936e-01   1.2639e+02   1.1882e+01   0.0000e+00   3.2321e-04   3.0757e+02
20260804_01:00:00   5.9561e-01   1.2719e+02   1.2049e+01   0.0000e+00   2.3598e-05   3.0689e+02
20260804_02:00:00   5.9090e-01   1.2647e+02   1.1958e+01   0.0000e+00   1.9274e-05   3.0576e+02
20260804_03:00:00   5.8927e-01   1.2623e+02   1.1951e+01   0.0000e+00   2.8700e-04   3.0278e+02
20260804_04:00:00   6.0479e-01   1.2842e+02   1.2308e+01   0.0000e+00   5.3760e-05   3.0142e+02
20260804_05:00:00   6.3146e-01   1.3216e+02   1.2863e+01   0.0000e+00   0.0000e+00   3.0231e+02
20260804_06:00:00   6.2523e-01   1.3144e+02   1.2662e+01   0.0000e+00   0.0000e+00   3.0131e+02
20260804_07:00:00   6.2826e-01   1.3198e+02   1.2656e+01   0.0000e+00   0.0000e+00   3.0249e+02
20260804_08:00:00   6.3058e-01   1.3237e+02   1.2685e+01   0.0000e+00   0.0000e+00   3.0324e+02
20260804_09:00:00   6.3059e-01   1.3242e+02   1.2655e+01   0.0000e+00   0.0000e+00   3.0572e+02
20260804_10:00:00   6.3046e-01   1.3246e+02   1.2655e+01   0.0000e+00   0.0000e+00   3.0837e+02
20260804_11:00:00   6.3033e-01   1.3250e+02   1.2670e+01   0.0000e+00   0.0000e+00   3.0727e+02
20260804_12:00:00   6.3644e-01   1.3346e+02   1.2764e+01   0.0000e+00   0.0000e+00   3.0614e+02
20260804_13:00:00   6.3880e-01   1.3391e+02   1.2781e+01   0.0000e+00   0.0000e+00   3.0655e+02
20260804_14:00:00   6.4280e-01   1.3460e+02   1.2833e+01   0.0000e+00   0.0000e+00   3.0639e+02
20260804_15:00:00   6.3496e-01   1.3363e+02   1.2685e+01   0.0000e+00   0.0000e+00   3.0417e+02
20260804_16:00:00   6.1594e-01   1.3092e+02   1.2330e+01   0.0000e+00   0.0000e+00   3.0350e+02
20260804_17:00:00   5.8623e-01   1.2661e+02   1.1740e+01   0.0000e+00   0.0000e+00   3.0437e+02
20260804_18:00:00   5.5400e-01   1.2172e+02   1.1099e+01   0.0000e+00   0.0000e+00   3.0499e+02
20260804_19:00:00   5.3609e-01   1.1887e+02   1.0730e+01   0.0000e+00   0.0000e+00   3.0617e+02
20260804_20:00:00   5.0978e-01   1.1460e+02   1.0243e+01   0.0000e+00   0.0000e+00   3.0694e+02
20260804_21:00:00   4.8464e-01   1.1051e+02   9.7323e+00   0.0000e+00   0.0000e+00   3.0872e+02
20260804_22:00:00   4.5102e-01   1.0479e+02   9.0543e+00   0.0000e+00   0.0000e+00   3.0609e+02
20260804_23:00:00   4.0257e-01   9.5997e+01   8.2364e+00   0.0000e+00   0.0000e+00   3.0514e+02
20260805_00:00:00   3.7561e-01   9.0691e+01   7.9193e+00   0.0000e+00   0.0000e+00   3.0426e+02
20260805_01:00:00   3.9237e-01   9.3641e+01   8.3704e+00   0.0000e+00   0.0000e+00   3.0297e+02
20260805_02:00:00   4.1130e-01   9.7048e+01   8.7494e+00   0.0000e+00   0.0000e+00   3.0189e+02
20260805_03:00:00   4.5058e-01   1.0391e+02   9.5360e+00   0.0000e+00   0.0000e+00   3.0079e+02
20260805_04:00:00   4.7860e-01   1.0861e+02   1.0075e+01   0.0000e+00   0.0000e+00   3.0071e+02
20260805_05:00:00   4.8144e-01   1.0903e+02   1.0128e+01   0.0000e+00   0.0000e+00   3.0101e+02
20260805_06:00:00   4.8022e-01   1.0877e+02   1.0098e+01   0.0000e+00   0.0000e+00   3.0096e+02
20260805_07:00:00   4.8668e-01   1.0982e+02   1.0241e+01   0.0000e+00   0.0000e+00   3.0158e+02
20260805_08:00:00   4.9931e-01   1.1189e+02   1.0494e+01   0.0000e+00   0.0000e+00   3.0110e+02
20260805_09:00:00   5.0126e-01   1.1223e+02   1.0517e+01   0.0000e+00   0.0000e+00   3.0265e+02
20260805_10:00:00   5.0392e-01   1.1277e+02   1.0531e+01   0.0000e+00   0.0000e+00   3.0417e+02
20260805_11:00:00   5.1332e-01   1.1444e+02   1.0642e+01   0.0000e+00   0.0000e+00   3.0443e+02
20260805_12:00:00   5.3364e-01   1.1785e+02   1.0922e+01   0.0000e+00   0.0000e+00   3.0539e+02
20260805_13:00:00   5.5199e-01   1.2097e+02   1.1169e+01   0.0000e+00   0.0000e+00   3.0567e+02
20260805_14:00:00   5.6298e-01   1.2277e+02   1.1339e+01   6.9130e-06   0.0000e+00   3.0595e+02
20260805_15:00:00   5.7041e-01   1.2394e+02   1.1471e+01   2.1660e-04   0.0000e+00   3.0605e+02
20260805_16:00:00   5.8815e-01   1.2667e+02   1.1776e+01   3.2900e-04   0.0000e+00   3.0585e+02
20260805_17:00:00   5.9422e-01   1.2764e+02   1.1854e+01   1.0210e-04   0.0000e+00   3.0662e+02
20260805_18:00:00   5.7043e-01   1.2405e+02   1.1453e+01   0.0000e+00   0.0000e+00   3.0806e+02
20260805_19:00:00   5.3953e-01   1.1918e+02   1.0923e+01   0.0000e+00   0.0000e+00   3.0928e+02
20260805_20:00:00   4.9911e-01   1.1253e+02   1.0261e+01   0.0000e+00   0.0000e+00   3.1001e+02
20260805_21:00:00   4.6550e-01   1.0673e+02   9.6708e+00   0.0000e+00   0.0000e+00   3.1181e+02
20260805_22:00:00   4.5155e-01   1.0419e+02   9.4047e+00   0.0000e+00   0.0000e+00   3.1329e+02
20260805_23:00:00   4.5077e-01   1.0392e+02   9.3731e+00   0.0000e+00   0.0000e+00   3.1200e+02
20260806_00:00:00   4.5187e-01   1.0387e+02   9.4670e+00   0.0000e+00   0.0000e+00   3.1265e+02
20260806_01:00:00   4.5202e-01   1.0381e+02   9.4526e+00   0.0000e+00   0.0000e+00   3.1145e+02
20260806_02:00:00   4.4061e-01   1.0184e+02   9.2001e+00   0.0000e+00   0.0000e+00   3.1194e+02
20260806_03:00:00   4.1212e-01   9.6745e+01   8.6624e+00   0.0000e+00   0.0000e+00   3.1087e+02
20260806_04:00:00   3.8317e-01   9.1503e+01   8.0798e+00   0.0000e+00   0.0000e+00   3.1166e+02
20260806_05:00:00   3.5351e-01   8.6006e+01   7.4886e+00   0.0000e+00   0.0000e+00   3.1128e+02
20260806_06:00:00   3.4162e-01   8.3732e+01   7.2496e+00   0.0000e+00   0.0000e+00   3.1047e+02
20260806_07:00:00   3.3880e-01   8.3215e+01   7.1765e+00   0.0000e+00   0.0000e+00   3.1037e+02
20260806_08:00:00   3.3603e-01   8.2666e+01   7.1042e+00   0.0000e+00   0.0000e+00   3.0885e+02
20260806_09:00:00   3.2390e-01   8.0409e+01   6.8225e+00   0.0000e+00   0.0000e+00   3.0712e+02
20260806_10:00:00   3.2357e-01   8.0496e+01   6.7418e+00   0.0000e+00   0.0000e+00   3.0678e+02
20260806_11:00:00   3.3841e-01   8.3656e+01   6.9017e+00   0.0000e+00   0.0000e+00   3.0696e+02
20260806_12:00:00   3.7973e-01   9.1782e+01   7.5190e+00   0.0000e+00   0.0000e+00   3.0666e+02
20260806_13:00:00   4.2106e-01   9.9511e+01   8.1704e+00   4.6380e-04   9.2180e-07   3.0763e+02
20260806_14:00:00   4.3901e-01   1.0280e+02   8.4407e+00   1.3240e-03   3.4919e-06   3.0808e+02
20260806_15:00:00   4.3868e-01   1.0285e+02   8.4519e+00   9.4880e-04   2.5700e-06   3.0764e+02
20260806_16:00:00   4.5267e-01   1.0539e+02   8.6916e+00   3.2680e-05   0.0000e+00   3.0892e+02
20260806_17:00:00   4.5509e-01   1.0591e+02   8.6585e+00   0.0000e+00   0.0000e+00   3.0951e+02
20260806_18:00:00   4.2870e-01   1.0128e+02   8.1342e+00   0.0000e+00   0.0000e+00   3.0900e+02
20260806_19:00:00   3.9616e-01   9.5326e+01   7.5531e+00   0.0000e+00   0.0000e+00   3.0921e+02
20260806_20:00:00   3.7841e-01   9.1941e+01   7.2456e+00   0.0000e+00   0.0000e+00   3.0964e+02
20260806_21:00:00   3.5719e-01   8.7851e+01   6.8988e+00   0.0000e+00   0.0000e+00   3.1027e+02
20260806_22:00:00   3.5680e-01   8.7741e+01   6.9001e+00   0.0000e+00   0.0000e+00   3.1056e+02
20260806_23:00:00   3.5455e-01   8.7303e+01   6.8469e+00   0.0000e+00   0.0000e+00   3.1113e+02
20260807_00:00:00   3.5458e-01   8.7250e+01   6.8303e+00   0.0000e+00   0.0000e+00   3.1158e+02
20260807_01:00:00   3.5215e-01   8.6757e+01   6.7563e+00   0.0000e+00   0.0000e+00   3.1173e+02
20260807_02:00:00   3.2812e-01   8.1957e+01   6.3735e+00   0.0000e+00   0.0000e+00   3.0873e+02
20260807_03:00:00   3.0099e-01   7.6375e+01   5.9531e+00   0.0000e+00   0.0000e+00   3.0620e+02
20260807_04:00:00   2.7434e-01   7.0735e+01   5.5320e+00   0.0000e+00   0.0000e+00   3.0441e+02
20260807_05:00:00   2.6694e-01   6.9060e+01   5.4404e+00   0.0000e+00   0.0000e+00   3.0560e+02
20260807_06:00:00   2.5353e-01   6.6087e+01   5.2385e+00   0.0000e+00   0.0000e+00   3.0873e+02
20260807_07:00:00   2.4635e-01   6.4495e+01   5.1288e+00   0.0000e+00   0.0000e+00   3.0918e+02
20260807_08:00:00   2.3931e-01   6.3022e+01   4.9791e+00   0.0000e+00   0.0000e+00   3.0788e+02
20260807_09:00:00   2.3878e-01   6.2976e+01   4.9483e+00   0.0000e+00   0.0000e+00   3.0732e+02
20260807_10:00:00   2.7530e-01   7.0788e+01   5.6430e+00   0.0000e+00   0.0000e+00   3.0583e+02
20260807_11:00:00   3.3535e-01   8.2984e+01   6.7999e+00   0.0000e+00   0.0000e+00   3.0413e+02
20260807_12:00:00   3.9533e-01   9.4473e+01   7.9240e+00   0.0000e+00   0.0000e+00   3.0259e+02
20260807_13:00:00   4.4684e-01   1.0375e+02   8.8909e+00   1.8391e-04   0.0000e+00   3.0214e+02
20260807_14:00:00   4.7288e-01   1.0818e+02   9.2796e+00   3.6368e-03   6.1925e-05   3.0156e+02
20260807_15:00:00   4.6355e-01   1.0661e+02   9.2391e+00   1.0312e-03   6.4497e-05   3.0092e+02
20260807_16:00:00   4.4212e-01   1.0296e+02   8.8868e+00   1.9274e-05   1.1200e-05   3.0025e+02
20260807_17:00:00   4.4078e-01   1.0277e+02   8.8611e+00   0.0000e+00   0.0000e+00   2.9986e+02
20260807_18:00:00   4.3840e-01   1.0230e+02   8.8222e+00   0.0000e+00   0.0000e+00   2.9962e+02
20260807_19:00:00   4.0496e-01   9.6207e+01   8.2312e+00   0.0000e+00   0.0000e+00   3.0040e+02
20260807_20:00:00   3.8831e-01   9.3018e+01   7.9537e+00   0.0000e+00   0.0000e+00   3.0184e+02
20260807_21:00:00   4.2799e-01   1.0029e+02   8.6545e+00   0.0000e+00   0.0000e+00   3.0310e+02
20260807_22:00:00   4.4197e-01   1.0281e+02   8.8829e+00   0.0000e+00   0.0000e+00   3.0468e+02
20260807_23:00:00   4.5811e-01   1.0572e+02   9.1074e+00   0.0000e+00   0.0000e+00   3.0473e+02
20260808_00:00:00   4.6506e-01   1.0679e+02   9.2097e+00   0.0000e+00   0.0000e+00   3.0358e+02
20260808_01:00:00   4.7031e-01   1.0736e+02   9.3567e+00   0.0000e+00   0.0000e+00   3.0080e+02
20260808_02:00:00   4.6961e-01   1.0705e+02   9.3402e+00   0.0000e+00   0.0000e+00   3.0226e+02
20260808_03:00:00   5.0691e-01   1.1359e+02   9.8959e+00   0.0000e+00   0.0000e+00   3.0274e+02
20260808_04:00:00   5.5536e-01   1.2115e+02   1.0934e+01   0.0000e+00   0.0000e+00   3.0465e+02
20260808_05:00:00   5.4236e-01   1.1938e+02   1.0543e+01   0.0000e+00   0.0000e+00   3.0615e+02
20260808_06:00:00   5.3114e-01   1.1784e+02   1.0139e+01   0.0000e+00   0.0000e+00   3.0669e+02
20260808_07:00:00   5.5234e-01   1.2115e+02   1.0500e+01   0.0000e+00   0.0000e+00   3.0596e+02
20260808_08:00:00   5.2334e-01   1.1650e+02   1.0025e+01   0.0000e+00   0.0000e+00   3.0707e+02
20260808_09:00:00   4.6748e-01   1.0730e+02   9.0438e+00   0.0000e+00   0.0000e+00   3.0800e+02
20260808_10:00:00   4.6880e-01   1.0752e+02   9.0641e+00   0.0000e+00   0.0000e+00   3.0811e+02
20260808_11:00:00   5.0823e-01   1.1409e+02   9.7755e+00   0.0000e+00   0.0000e+00   3.0879e+02
20260808_12:00:00   5.2818e-01   1.1731e+02   1.0206e+01   1.8436e-05   6.4530e-06   3.0801e+02
20260808_15:00:00   4.6316e-01   1.0622e+02   9.3462e+00   0.0000e+00   0.0000e+00   3.0507e+02
20260808_18:00:00   4.2828e-01   9.9924e+01   8.8339e+00   0.0000e+00   0.0000e+00   3.0410e+02
20260808_21:00:00   4.4228e-01   1.0238e+02   9.0484e+00   0.0000e+00   0.0000e+00   3.0393e+02
20260809_00:00:00   5.2045e-01   1.1588e+02   1.0252e+01   0.0000e+00   0.0000e+00   3.0425e+02
20260809_03:00:00   5.5296e-01   1.2080e+02   1.0887e+01   0.0000e+00   0.0000e+00   3.0197e+02
20260809_06:00:00   4.8195e-01   1.0942e+02   9.5690e+00   0.0000e+00   0.0000e+00   3.0598e+02
20260809_09:00:00   5.2003e-01   1.1589e+02   1.0168e+01   0.0000e+00   0.0000e+00   3.0762e+02
20260809_12:00:00   5.9277e-01   1.2727e+02   1.1503e+01   4.6080e-05   4.1285e-05   3.0679e+02
20260809_15:00:00   5.5127e-01   1.2107e+02   1.0762e+01   2.0044e-04   7.7430e-05   3.0328e+02
20260809_18:00:00   6.0850e-01   1.2971e+02   1.1722e+01   0.0000e+00   9.2180e-07   3.0331e+02
20260809_21:00:00   5.2571e-01   1.1701e+02   1.0190e+01   0.0000e+00   0.0000e+00   3.0615e+02
20260810_00:00:00   4.6355e-01   1.0668e+02   8.9901e+00   0.0000e+00   0.0000e+00   3.0612e+02
20260810_03:00:00   4.3616e-01   1.0195e+02   8.3983e+00   0.0000e+00   0.0000e+00   3.0392e+02
20260810_06:00:00   3.0899e-01   7.7567e+01   6.3471e+00   0.0000e+00   0.0000e+00   3.0271e+02
20260810_09:00:00   3.9007e-01   9.3473e+01   7.7924e+00   0.0000e+00   0.0000e+00   3.0076e+02
20260810_12:00:00   5.0332e-01   1.1367e+02   9.7050e+00   0.0000e+00   0.0000e+00   3.0167e+02
20260810_15:00:00   5.2370e-01   1.1707e+02   1.0160e+01   6.9140e-06   1.5670e-05   2.9821e+02
20260810_18:00:00   4.5434e-01   1.0548e+02   8.9937e+00   0.0000e+00   0.0000e+00   2.9600e+02
20260810_21:00:00   3.2812e-01   8.1792e+01   6.7638e+00   0.0000e+00   0.0000e+00   2.9606e+02
20260811_00:00:00   2.9924e-01   7.5631e+01   6.2869e+00   0.0000e+00   4.2920e-05   2.9680e+02
20260811_03:00:00   2.9368e-01   7.4274e+01   6.2315e+00   0.0000e+00   3.8860e-03   2.9306e+02
20260811_06:00:00   2.1665e-01   5.7784e+01   4.7172e+00   0.0000e+00   4.1339e-04   2.9311e+02
20260811_09:00:00   2.8565e-01   7.2818e+01   6.0348e+00   0.0000e+00   0.0000e+00   2.9606e+02
20260811_12:00:00   4.4650e-01   1.0395e+02   8.9328e+00   0.0000e+00   0.0000e+00   2.9203e+02
20260811_15:00:00   5.3010e-01   1.1819e+02   1.0372e+01   8.6420e-05   6.6115e-05   2.8820e+02
20260811_18:00:00   4.9605e-01   1.1289e+02   9.6387e+00   0.0000e+00   0.0000e+00   2.8574e+02
20260811_21:00:00   3.2889e-01   8.2399e+01   6.6117e+00   0.0000e+00   0.0000e+00   2.8830e+02
20260812_00:00:00   2.7757e-01   7.1393e+01   5.8579e+00   0.0000e+00   0.0000e+00   2.8649e+02
20260812_03:00:00   3.6569e-01   8.9005e+01   7.4459e+00   0.0000e+00   5.0481e-04   2.8602e+02
20260812_06:00:00   3.4018e-01   8.4182e+01   6.9355e+00   0.0000e+00   1.2848e-05   2.8654e+02
20260812_09:00:00   3.8924e-01   9.3671e+01   7.7901e+00   0.0000e+00   5.9840e-04   2.8828e+02
20260812_12:00:00   4.9591e-01   1.1250e+02   9.7682e+00   0.0000e+00   8.3012e-05   2.8697e+02
20260812_15:00:00   5.5578e-01   1.2197e+02   1.1028e+01   1.7632e-03   1.5366e-03   2.8502e+02
20260812_18:00:00   4.9475e-01   1.1205e+02   1.0003e+01   3.2040e-04   8.9856e-05   2.8438e+02
20260812_21:00:00   3.7899e-01   9.1337e+01   7.9487e+00   0.0000e+00   2.9601e-03   2.8149e+02
20260813_00:00:00   2.9355e-01   7.4330e+01   6.3045e+00   0.0000e+00   1.2376e-04   2.8112e+02
20260813_03:00:00   3.3420e-01   8.2849e+01   6.9201e+00   0.0000e+00   0.0000e+00   2.8055e+02
20260813_06:00:00   3.8864e-01   9.3701e+01   7.6612e+00   0.0000e+00   0.0000e+00   2.8233e+02
20260813_09:00:00   3.8572e-01   9.3049e+01   7.6496e+00   0.0000e+00   0.0000e+00   2.8497e+02
20260813_12:00:00   4.3122e-01   1.0146e+02   8.5986e+00   0.0000e+00   2.3720e-05   2.8372e+02
20260813_15:00:00   5.7155e-01   1.2476e+02   1.0941e+01   6.1423e-03   5.0064e-03   2.8390e+02
20260813_18:00:00   4.5839e-01   1.0645e+02   9.0876e+00   0.0000e+00   9.2180e-07   2.8161e+02
20260813_21:00:00   3.2261e-01   8.0922e+01   6.5996e+00   0.0000e+00   0.0000e+00   2.8327e+02
20260814_00:00:00   3.6431e-01   8.9071e+01   7.4084e+00   0.0000e+00   0.0000e+00   2.8341e+02
20260814_03:00:00   2.6936e-01   6.9763e+01   5.6228e+00   0.0000e+00   0.0000e+00   2.8239e+02
20260814_06:00:00   1.7824e-01   4.9442e+01   3.7907e+00   0.0000e+00   0.0000e+00   2.8571e+02
20260814_09:00:00   1.9246e-01   5.2795e+01   4.0553e+00   0.0000e+00   0.0000e+00   2.8429e+02
20260814_12:00:00   2.8233e-01   7.2502e+01   5.8750e+00   0.0000e+00   0.0000e+00   2.8455e+02
20260814_15:00:00   4.2033e-01   9.9390e+01   8.5468e+00   0.0000e+00   0.0000e+00   2.8221e+02
20260814_18:00:00   3.6017e-01   8.8241e+01   7.4049e+00   0.0000e+00   0.0000e+00   2.8284e+02
20260814_21:00:00   3.2279e-01   8.0989e+01   6.6412e+00   0.0000e+00   0.0000e+00   2.8371e+02
20260815_00:00:00   2.4430e-01   6.4635e+01   5.0942e+00   0.0000e+00   0.0000e+00   2.8497e+02
20260815_03:00:00   1.6791e-01   4.7144e+01   3.5544e+00   0.0000e+00   0.0000e+00   2.8648e+02
20260815_06:00:00   1.5662e-01   4.4441e+01   3.3061e+00   0.0000e+00   0.0000e+00   2.8808e+02
20260815_09:00:00   1.7231e-01   4.8218e+01   3.5982e+00   0.0000e+00   0.0000e+00   2.8920e+02
20260815_12:00:00   2.3118e-01   6.1486e+01   4.8865e+00   0.0000e+00   0.0000e+00   2.8950e+02
20260815_15:00:00   3.2464e-01   8.1062e+01   6.7644e+00   0.0000e+00   9.2180e-07   2.9105e+02
20260815_18:00:00   3.8112e-01   9.2119e+01   7.7354e+00   0.0000e+00   0.0000e+00   2.9214e+02
20260815_21:00:00   3.2722e-01   8.1792e+01   6.6569e+00   0.0000e+00   0.0000e+00   2.9196e+02
20260816_00:00:00   3.6450e-01   8.8859e+01   7.3992e+00   0.0000e+00   0.0000e+00   2.9346e+02
20260816_03:00:00   3.3528e-01   8.3222e+01   6.7713e+00   0.0000e+00   0.0000e+00   2.9454e+02
20260816_06:00:00   3.6172e-01   8.8206e+01   7.2774e+00   0.0000e+00   0.0000e+00   2.9245e+02
20260816_09:00:00   3.9730e-01   9.4674e+01   8.0164e+00   0.0000e+00   0.0000e+00   2.9267e+02
20260816_12:00:00   5.8828e-01   1.2636e+02   1.0865e+01   1.3035e-02   1.5060e-02   2.8846e+02
20260816_15:00:00   9.3766e-01   1.6921e+02   1.2690e+01   1.3051e-01   1.2615e-01   2.8675e+02
20260816_18:00:00   7.2138e-01   1.4468e+02   1.3604e+01   7.9246e-03   1.6636e-01   2.8654e+02
20260816_21:00:00   5.7968e-01   1.2526e+02   1.1450e+01   0.0000e+00   8.7328e-05   2.8814e+02
20260817_00:00:00   4.3754e-01   1.0246e+02   8.5682e+00   0.0000e+00   0.0000e+00   2.8881e+02
20260817_03:00:00   4.1501e-01   9.8562e+01   7.9356e+00   0.0000e+00   0.0000e+00   2.8795e+02
20260817_06:00:00   3.6419e-01   8.9216e+01   6.8858e+00   0.0000e+00   0.0000e+00   2.8778e+02
20260817_09:00:00   3.3327e-01   8.3346e+01   6.2766e+00   0.0000e+00   0.0000e+00   2.8801e+02
20260817_12:00:00   4.3367e-01   1.0175e+02   8.3540e+00   2.4023e-03   1.4837e-04   2.8633e+02
20260817_15:00:00   5.3402e-01   1.1860e+02   1.0323e+01   5.7281e-04   4.0354e-03   2.8452e+02
20260817_18:00:00   4.6471e-01   1.0721e+02   9.0628e+00   3.5020e-04   1.7514e-05   2.8334e+02
20260817_21:00:00   3.5690e-01   8.7677e+01   7.1804e+00   0.0000e+00   0.0000e+00   2.8720e+02
20260818_00:00:00   2.4361e-01   6.3981e+01   5.1598e+00   0.0000e+00   0.0000e+00   2.8723e+02
20260818_03:00:00   2.1006e-01   5.6288e+01   4.5107e+00   0.0000e+00   0.0000e+00   2.8703e+02
20260818_06:00:00   3.5887e-01   8.5719e+01   7.7488e+00   0.0000e+00   4.6660e-06   2.8809e+02
20260818_09:00:00   4.6919e-01   1.0560e+02   9.6918e+00   0.0000e+00   5.4885e-04   2.9165e+02
20260818_12:00:00   4.9594e-01   1.1083e+02   9.7576e+00   3.5420e-03   1.4790e-02   2.9223e+02
20260818_15:00:00   4.0070e-01   9.4091e+01   8.2889e+00   1.2800e-03   5.5410e-03   2.8720e+02
20260818_18:00:00   4.9609e-01   1.0986e+02   1.0283e+01   0.0000e+00   2.9293e-02   2.8467e+02
20260818_21:00:00   6.4376e-01   1.3285e+02   1.2651e+01   0.0000e+00   1.9652e-01   2.8739e+02
20260819_00:00:00   6.3423e-01   1.3183e+02   1.1965e+01   8.5147e-03   1.7335e-01   2.8904e+02
20260819_03:00:00   5.6234e-01   1.2101e+02   1.1021e+01   1.5836e-03   4.1786e-02   2.8998e+02
20260819_06:00:00   5.0446e-01   1.1200e+02   1.0075e+01   1.0778e-04   7.9253e-04   2.8973e+02
20260819_09:00:00   4.0172e-01   9.4382e+01   8.3105e+00   0.0000e+00   0.0000e+00   2.9316e+02
20260819_12:00:00   3.9376e-01   9.2819e+01   8.2515e+00   0.0000e+00   0.0000e+00   2.9648e+02
