#            date       tau255        Tb[K]      pwv[mm] lwp[kg*m^-2] iwp[kg*m^-2]       o3[DU]
20260809_00:00:00   4.6456e-01   1.0583e+02   9.2760e+00   0.0000e+00   5.2480e-05   3.0130e+02
20260809_01:00:00   5.0462e-01   1.1285e+02   9.9098e+00   0.0000e+00   2.8600e-05   3.0108e+02
20260809_02:00:00   5.0717e-01   1.1359e+02   9.8133e+00   0.0000e+00   0.0000e+00   3.0209e+02
20260809_03:00:00   4.7541e-01   1.0849e+02   9.1734e+00   0.0000e+00   0.0000e+00   3.0312e+02
20260809_04:00:00   4.4809e-01   1.0379e+02   8.6711e+00   0.0000e+00   0.0000e+00   3.0547e+02
20260809_05:00:00   4.2478e-01   9.9611e+01   8.3019e+00   0.0000e+00   0.0000e+00   3.0578e+02
20260809_06:00:00   4.1447e-01   9.7781e+01   8.1191e+00   0.0000e+00   0.0000e+00   3.0659e+02
20260809_07:00:00   3.9839e-01   9.4816e+01   7.8522e+00   0.0000e+00   0.0000e+00   3.0528e+02
20260809_08:00:00   4.1218e-01   9.7329e+01   8.1132e+00   0.0000e+00   0.0000e+00   3.0354e+02
20260809_09:00:00   4.5250e-01   1.0460e+02   8.7977e+00   0.0000e+00   0.0000e+00   3.0232e+02
20260809_10:00:00   5.1676e-01   1.1551e+02   9.8716e+00   0.0000e+00   0.0000e+00   3.0355e+02
20260809_11:00:00   5.2154e-01   1.1634e+02   9.9610e+00   0.0000e+00   7.3740e-06   3.0494e+02
20260809_12:00:00   5.4511e-01   1.2009e+02   1.0373e+01   3.4562e-04   1.8435e-05   3.0582e+02
20260809_13:00:00   5.6521e-01   1.2320e+02   1.0730e+01   7.0283e-04   2.3508e-04   3.0685e+02
20260809_14:00:00   5.7071e-01   1.2407e+02   1.0869e+01   9.6780e-05   1.1153e-04   3.0771e+02
20260809_15:00:00   5.9462e-01   1.2772e+02   1.1279e+01   9.2180e-06   2.7660e-06   3.0812e+02
20260809_16:00:00   6.3469e-01   1.3348e+02   1.2033e+01   0.0000e+00   9.2180e-07   3.0954e+02
20260809_17:00:00   6.4465e-01   1.3490e+02   1.2228e+01   0.0000e+00   0.0000e+00   3.0903e+02
20260809_18:00:00   6.2244e-01   1.3174e+02   1.1820e+01   0.0000e+00   1.8436e-06   3.0789e+02
20260809_19:00:00   5.5796e-01   1.2221e+02   1.0636e+01   0.0000e+00   0.0000e+00   3.0745e+02
20260809_20:00:00   5.0098e-01   1.1316e+02   9.5188e+00   0.0000e+00   3.2120e-05   3.0729e+02
20260809_21:00:00   4.6560e-01   1.0719e+02   8.9005e+00   0.0000e+00   2.5160e-04   3.0782e+02
20260809_22:00:00   4.5977e-01   1.0617e+02   8.7707e+00   0.0000e+00   0.0000e+00   3.1093e+02
20260809_23:00:00   4.2863e-01   1.0063e+02   8.2727e+00   0.0000e+00   7.0720e-04   3.1004e+02
20260810_00:00:00   4.2561e-01   1.0005e+02   8.2108e+00   0.0000e+00   4.1320e-04   3.1072e+02
20260810_01:00:00   4.5649e-01   1.0539e+02   8.7023e+00   0.0000e+00   0.0000e+00   3.1020e+02
20260810_02:00:00   4.5189e-01   1.0417e+02   8.8838e+00   0.0000e+00   0.0000e+00   3.0944e+02
20260810_03:00:00   4.2387e-01   9.9184e+01   8.4438e+00   0.0000e+00   0.0000e+00   3.0915e+02
20260810_04:00:00   4.1328e-01   9.7427e+01   8.1902e+00   0.0000e+00   0.0000e+00   3.0826e+02
20260810_05:00:00   4.1460e-01   9.7696e+01   8.1890e+00   0.0000e+00   0.0000e+00   3.0982e+02
20260810_06:00:00   4.1662e-01   9.8023e+01   8.2465e+00   0.0000e+00   0.0000e+00   3.1395e+02
20260810_07:00:00   4.4833e-01   1.0363e+02   8.7710e+00   0.0000e+00   0.0000e+00   3.1715e+02
20260810_08:00:00   4.7686e-01   1.0855e+02   9.2551e+00   0.0000e+00   0.0000e+00   3.1912e+02
20260810_09:00:00   5.2502e-01   1.1658e+02   1.0059e+01   0.0000e+00   0.0000e+00   3.1950e+02
20260810_10:00:00   5.7339e-01   1.2432e+02   1.0797e+01   0.0000e+00   0.0000e+00   3.1847e+02
20260810_11:00:00   5.8239e-01   1.2566e+02   1.0945e+01   7.0057e-04   2.3042e-05   3.1716e+02
20260810_12:00:00   5.9903e-01   1.2816e+02   1.1231e+01   1.1868e-03   8.0191e-05   3.1730e+02
20260810_13:00:00   6.0883e-01   1.2962e+02   1.1452e+01   1.1778e-03   3.0727e-04   3.1586e+02
20260810_14:00:00   6.3102e-01   1.3289e+02   1.1824e+01   2.2580e-03   5.6984e-04   3.1469e+02
20260810_15:00:00   6.5129e-01   1.3583e+02   1.2261e+01   1.4494e-04   8.1974e-05   3.1434e+02
20260810_16:00:00   5.4702e-01   1.2058e+02   1.0365e+01   9.2180e-05   2.7660e-06   3.1463e+02
20260810_17:00:00   5.0823e-01   1.1442e+02   9.6610e+00   0.0000e+00   0.0000e+00   3.1369e+02
20260810_18:00:00   4.4600e-01   1.0395e+02   8.5397e+00   0.0000e+00   0.0000e+00   3.1419e+02
20260810_19:00:00   4.0582e-01   9.6719e+01   7.8232e+00   0.0000e+00   0.0000e+00   3.1456e+02
20260810_20:00:00   3.7363e-01   9.0700e+01   7.2579e+00   0.0000e+00   0.0000e+00   3.1199e+02
20260810_21:00:00   3.4288e-01   8.4733e+01   6.7364e+00   0.0000e+00   0.0000e+00   3.1106e+02
20260810_22:00:00   3.3572e-01   8.3293e+01   6.6092e+00   0.0000e+00   0.0000e+00   3.1067e+02
20260810_23:00:00   3.3727e-01   8.3636e+01   6.5829e+00   0.0000e+00   0.0000e+00   3.1306e+02
20260811_00:00:00   3.2534e-01   8.1286e+01   6.3381e+00   0.0000e+00   0.0000e+00   3.1136e+02
20260811_01:00:00   3.0273e-01   7.6668e+01   5.9685e+00   0.0000e+00   0.0000e+00   3.1087e+02
20260811_02:00:00   2.8157e-01   7.2310e+01   5.5894e+00   0.0000e+00   0.0000e+00   3.0869e+02
20260811_03:00:00   2.5690e-01   6.7121e+01   5.1464e+00   0.0000e+00   0.0000e+00   3.0716e+02
20260811_04:00:00   2.4237e-01   6.3971e+01   4.8861e+00   0.0000e+00   0.0000e+00   3.0761e+02
20260811_05:00:00   2.3013e-01   6.1286e+01   4.6630e+00   0.0000e+00   0.0000e+00   3.0760e+02
20260811_06:00:00   2.1779e-01   5.8540e+01   4.4357e+00   0.0000e+00   0.0000e+00   3.0698e+02
20260811_07:00:00   2.1543e-01   5.7978e+01   4.4072e+00   0.0000e+00   0.0000e+00   3.0734e+02
20260811_08:00:00   2.3281e-01   6.1793e+01   4.7435e+00   0.0000e+00   0.0000e+00   3.0853e+02
20260811_09:00:00   2.5972e-01   6.7602e+01   5.2525e+00   0.0000e+00   0.0000e+00   3.1013e+02
20260811_10:00:00   2.9181e-01   7.4348e+01   5.8456e+00   0.0000e+00   0.0000e+00   3.0921e+02
20260811_11:00:00   3.2431e-01   8.0964e+01   6.4439e+00   0.0000e+00   0.0000e+00   3.0809e+02
20260811_12:00:00   3.6301e-01   8.8527e+01   7.1571e+00   0.0000e+00   0.0000e+00   3.0788e+02
20260811_13:00:00   3.8275e-01   9.2234e+01   7.5596e+00   0.0000e+00   0.0000e+00   3.0572e+02
20260811_14:00:00   3.9844e-01   9.5100e+01   7.8902e+00   0.0000e+00   4.4140e-06   3.0440e+02
20260811_15:00:00   4.3317e-01   1.0147e+02   8.4755e+00   1.7736e-04   1.5810e-05   3.0433e+02
20260811_16:00:00   4.7062e-01   1.0807e+02   9.1013e+00   6.9140e-05   8.7260e-05   3.0425e+02
20260811_17:00:00   4.7956e-01   1.0975e+02   9.1945e+00   0.0000e+00   0.0000e+00   3.0420e+02
20260811_18:00:00   4.7196e-01   1.0853e+02   9.0318e+00   0.0000e+00   0.0000e+00   3.0374e+02
20260811_19:00:00   4.6457e-01   1.0730e+02   8.8786e+00   0.0000e+00   0.0000e+00   3.0462e+02
20260811_20:00:00   4.8092e-01   1.1013e+02   9.1270e+00   0.0000e+00   0.0000e+00   3.0594e+02
20260811_21:00:00   4.9650e-01   1.1273e+02   9.3802e+00   0.0000e+00   0.0000e+00   3.0760e+02
20260811_22:00:00   4.7111e-01   1.0843e+02   8.9738e+00   0.0000e+00   0.0000e+00   3.0657e+02
20260811_23:00:00   4.1689e-01   9.8872e+01   8.0559e+00   0.0000e+00   0.0000e+00   3.0756e+02
20260812_00:00:00   4.4479e-01   1.0379e+02   8.5202e+00   0.0000e+00   1.0298e-04   3.0687e+02
20260812_01:00:00   4.2656e-01   1.0048e+02   8.2287e+00   0.0000e+00   0.0000e+00   3.0581e+02
20260812_02:00:00   4.7098e-01   1.0805e+02   9.0364e+00   0.0000e+00   1.0552e-03   3.0292e+02
20260812_03:00:00   4.7808e-01   1.0921e+02   9.1434e+00   0.0000e+00   1.2716e-03   3.0157e+02
20260812_04:00:00   4.4700e-01   1.0384e+02   8.6573e+00   0.0000e+00   1.7156e-03   3.0032e+02
20260812_05:00:00   4.6390e-01   1.0675e+02   8.9310e+00   0.0000e+00   1.1290e-02   3.0008e+02
20260812_06:00:00   4.9681e-01   1.1224e+02   9.5011e+00   0.0000e+00   1.1325e-02   2.9872e+02
20260812_07:00:00   5.0605e-01   1.1379e+02   9.6802e+00   0.0000e+00   1.3060e-03   2.9767e+02
20260812_08:00:00   5.2040e-01   1.1603e+02   9.9952e+00   0.0000e+00   1.4569e-03   2.9685e+02
20260812_09:00:00   5.2190e-01   1.1619e+02   1.0100e+01   0.0000e+00   1.5634e-03   2.9759e+02
20260812_10:00:00   5.5665e-01   1.2164e+02   1.0739e+01   0.0000e+00   4.8557e-04   2.9718e+02
20260812_11:00:00   5.8205e-01   1.2546e+02   1.1235e+01   6.5720e-04   5.8532e-04   2.9787e+02
20260812_12:00:00   6.3899e-01   1.3357e+02   1.1347e+01   2.4934e-02   4.4390e-03   2.9869e+02
20260812_13:00:00   7.2042e-01   1.4438e+02   1.1349e+01   6.1844e-02   2.7597e-02   2.9829e+02
20260812_14:00:00   6.4209e-01   1.3391e+02   1.1517e+01   2.5434e-02   2.1846e-02   2.9602e+02
20260812_15:00:00   6.0015e-01   1.2798e+02   1.1672e+01   4.0158e-03   1.7758e-03   2.9628e+02
20260812_16:00:00   6.1546e-01   1.3021e+02   1.1607e+01   1.2167e-02   3.3677e-03   2.9920e+02
20260812_17:00:00   6.9931e-01   1.4172e+02   1.1709e+01   4.5731e-02   1.1539e-02   3.0016e+02
20260812_18:00:00   8.4789e-01   1.5984e+02   1.2653e+01   8.8282e-02   3.6063e-02   2.9997e+02
20260812_19:00:00   8.7429e-01   1.6287e+02   1.3682e+01   7.2170e-02   3.2532e-02   3.0120e+02
20260812_20:00:00   6.5856e-01   1.3616e+02   1.2893e+01   0.0000e+00   4.2182e-02   3.0249e+02
20260812_21:00:00   6.3332e-01   1.3272e+02   1.2313e+01   1.6636e-03   3.7251e-03   3.0272e+02
20260812_22:00:00   5.6583e-01   1.2291e+02   1.1082e+01   0.0000e+00   1.6953e-03   3.0440e+02
20260812_23:00:00   5.2797e-01   1.1717e+02   1.0281e+01   0.0000e+00   0.0000e+00   3.0392e+02
20260813_00:00:00   5.1037e-01   1.1431e+02   9.9621e+00   0.0000e+00   0.0000e+00   3.0477e+02
20260813_01:00:00   4.9885e-01   1.1229e+02   9.7944e+00   0.0000e+00   4.9852e-04   3.0473e+02
20260813_02:00:00   4.8393e-01   1.0969e+02   9.5677e+00   0.0000e+00   1.6496e-03   3.0368e+02
20260813_03:00:00   4.7759e-01   1.0850e+02   9.4795e+00   1.3826e-05   4.1542e-03   3.0569e+02
20260813_04:00:00   4.6172e-01   1.0573e+02   9.2177e+00   0.0000e+00   9.0799e-04   3.0757e+02
20260813_05:00:00   4.6687e-01   1.0649e+02   9.3284e+00   0.0000e+00   2.4680e-05   3.0809e+02
20260813_06:00:00   4.6618e-01   1.0628e+02   9.3517e+00   0.0000e+00   5.1175e-04   3.0745e+02
20260813_07:00:00   4.8019e-01   1.0860e+02   9.5930e+00   0.0000e+00   3.8048e-03   3.0691e+02
20260813_08:00:00   5.0481e-01   1.1268e+02   1.0000e+01   1.2848e-05   3.1948e-03   3.0722e+02
20260813_09:00:00   5.1384e-01   1.1414e+02   1.0160e+01   8.6320e-05   9.3825e-03   3.0778e+02
20260813_10:00:00   5.3561e-01   1.1768e+02   1.0540e+01   2.4583e-04   9.1015e-03   3.0846e+02
20260813_11:00:00   6.3270e-01   1.3240e+02   1.1359e+01   2.0033e-02   5.2861e-03   3.0809e+02
20260813_12:00:00   1.2892e+00   2.0072e+02   1.2861e+01   2.6238e-01   1.0030e-01   3.0757e+02
20260813_13:00:00   1.2682e+00   1.9895e+02   1.4171e+01   2.2392e-01   4.4738e-01   3.0560e+02
20260813_14:00:00   7.9150e-01   1.5314e+02   1.3035e+01   4.4710e-02   3.8895e-01   3.0387e+02
20260813_15:00:00   7.6820e-01   1.5016e+02   1.2072e+01   6.2653e-02   1.5421e-01   3.0190e+02
20260813_16:00:00   6.6729e-01   1.3737e+02   1.2437e+01   9.4575e-03   9.0930e-02   3.0134e+02
20260813_17:00:00   7.1680e-01   1.4347e+02   1.3125e+01   1.5635e-02   2.3887e-01   2.9997e+02
20260813_18:00:00   6.0439e-01   1.2804e+02   1.1739e+01   1.4632e-04   1.2945e-01   2.9979e+02
20260813_19:00:00   4.5658e-01   1.0493e+02   9.0154e+00   0.0000e+00   2.8219e-02   3.0178e+02
20260813_20:00:00   3.8685e-01   9.2561e+01   7.7849e+00   0.0000e+00   1.2612e-02   3.0437e+02
20260813_21:00:00   3.7549e-01   9.0217e+01   7.7051e+00   0.0000e+00   8.0553e-03   3.0564e+02
20260813_22:00:00   4.2575e-01   9.9087e+01   8.7077e+00   0.0000e+00   3.6093e-04   3.0434e+02
20260813_23:00:00   4.5789e-01   1.0461e+02   9.2679e+00   2.4440e-04   1.0958e-03   3.0446e+02
20260814_00:00:00   4.8016e-01   1.0833e+02   9.6824e+00   0.0000e+00   5.0700e-05   3.0477e+02
20260814_03:00:00   4.7218e-01   1.0676e+02   9.6288e+00   0.0000e+00   0.0000e+00   3.0365e+02
20260814_06:00:00   4.6162e-01   1.0523e+02   9.2165e+00   0.0000e+00   0.0000e+00   3.0107e+02
20260814_09:00:00   4.4903e-01   1.0321e+02   8.8982e+00   0.0000e+00   0.0000e+00   3.0373e+02
20260814_12:00:00   8.1061e-01   1.5533e+02   1.1119e+01   9.7436e-02   2.8519e-02   2.9965e+02
20260814_15:00:00   6.2465e-01   1.3100e+02   1.1845e+01   5.7455e-03   7.1555e-02   2.9945e+02
20260814_18:00:00   9.4706e-01   1.7035e+02   1.2657e+01   1.2118e-01   4.0445e-02   3.0243e+02
20260814_21:00:00   5.2442e-01   1.1634e+02   1.0063e+01   0.0000e+00   7.8694e-04   3.0308e+02
20260815_00:00:00   3.8939e-01   9.3171e+01   7.5748e+00   0.0000e+00   0.0000e+00   3.0427e+02
20260815_03:00:00   3.0123e-01   7.5921e+01   6.0201e+00   0.0000e+00   0.0000e+00   3.0289e+02
20260815_06:00:00   3.6766e-01   8.8664e+01   7.2703e+00   0.0000e+00   0.0000e+00   3.0463e+02
20260815_09:00:00   4.4886e-01   1.0364e+02   8.4679e+00   0.0000e+00   0.0000e+00   3.0401e+02
20260815_12:00:00   3.6044e-01   8.7091e+01   7.2246e+00   7.0520e-04   4.7935e-05   3.0340e+02
20260815_15:00:00   2.9431e-01   7.3881e+01   6.1735e+00   1.1522e-05   3.6125e-03   3.0181e+02
20260815_18:00:00   2.2409e-01   5.9227e+01   4.7681e+00   0.0000e+00   8.5860e-06   3.0467e+02
20260815_21:00:00   2.5373e-01   6.5393e+01   5.4289e+00   0.0000e+00   1.2156e-02   3.0577e+02
20260816_00:00:00   3.4329e-01   8.3404e+01   7.1121e+00   0.0000e+00   4.7464e-03   3.0581e+02
20260816_03:00:00   3.3772e-01   8.2531e+01   6.8403e+00   0.0000e+00   9.3800e-04   3.0349e+02
20260816_06:00:00   2.3753e-01   6.1581e+01   5.1662e+00   0.0000e+00   6.0270e-04   3.0502e+02
20260816_09:00:00   2.4574e-01   6.3246e+01   5.3245e+00   0.0000e+00   8.9240e-04   3.0685e+02
20260816_12:00:00   3.4523e-01   8.3399e+01   7.2314e+00   0.0000e+00   0.0000e+00   3.0900e+02
20260816_15:00:00   3.0756e-01   7.6097e+01   6.5420e+00   0.0000e+00   0.0000e+00   3.1031e+02
20260816_18:00:00   2.6288e-01   6.6851e+01   5.7511e+00   0.0000e+00   2.3040e-06   3.0734e+02
20260816_21:00:00   2.5607e-01   6.5566e+01   5.4934e+00   0.0000e+00   0.0000e+00   3.0929e+02
20260817_00:00:00   2.4656e-01   6.3548e+01   5.2670e+00   0.0000e+00   0.0000e+00   3.1097e+02
20260817_03:00:00   1.9535e-01   5.2314e+01   4.2535e+00   0.0000e+00   0.0000e+00   3.0749e+02
20260817_06:00:00   2.1974e-01   5.7702e+01   4.7199e+00   0.0000e+00   0.0000e+00   3.1064e+02
20260817_09:00:00   5.5429e-01   1.2000e+02   1.0661e+01   0.0000e+00   5.8227e-04   3.0418e+02
20260817_12:00:00   5.9163e-01   1.2540e+02   1.1676e+01   0.0000e+00   4.8911e-03   3.0258e+02
20260817_15:00:00   5.6544e-01   1.2192e+02   1.1114e+01   0.0000e+00   6.5086e-03   3.0409e+02
20260817_18:00:00   5.5604e-01   1.2074e+02   1.0860e+01   0.0000e+00   4.6200e-05   2.9989e+02
20260817_21:00:00   5.3100e-01   1.1642e+02   1.0572e+01   0.0000e+00   3.8540e-05   2.9881e+02
20260818_00:00:00   4.7271e-01   1.0686e+02   9.5346e+00   0.0000e+00   0.0000e+00   2.9670e+02
20260818_03:00:00   6.1047e-01   1.2901e+02   1.1685e+01   0.0000e+00   3.8540e-05   2.9584e+02
20260818_06:00:00   7.2657e-01   1.4446e+02   1.4043e+01   0.0000e+00   4.4305e-04   2.9439e+02
20260818_09:00:00   9.6345e-01   1.7165e+02   1.6641e+01   3.3192e-02   6.3227e-02   2.9126e+02
20260818_12:00:00   9.2315e-01   1.6819e+02   1.4594e+01   5.2779e-02   1.7531e-02   2.9105e+02
20260818_15:00:00   8.3835e-01   1.5909e+02   1.4289e+01   2.7042e-02   1.1392e-02   2.8770e+02
20260818_18:00:00   8.9652e-01   1.6574e+02   1.3697e+01   6.7957e-02   2.7818e-03   2.8887e+02
20260818_21:00:00   7.1419e-01   1.4411e+02   1.3478e+01   7.1958e-04   2.8265e-05   2.8771e+02
20260819_00:00:00   6.2167e-01   1.3156e+02   1.1804e+01   0.0000e+00   2.6078e-03   2.8667e+02
20260819_03:00:00   6.3240e-01   1.3284e+02   1.2347e+01   0.0000e+00   1.5910e-04   2.8827e+02
20260819_06:00:00   6.4689e-01   1.3447e+02   1.2716e+01   0.0000e+00   2.7480e-05   2.9283e+02
20260819_09:00:00   7.4934e-01   1.4781e+02   1.4504e+01   1.0990e-03   6.3002e-03   2.9305e+02
20260819_12:00:00   9.4915e-01   1.7008e+02   1.6932e+01   2.3454e-02   2.6742e-01   2.9023e+02
20260819_15:00:00   1.1206e+00   1.8620e+02   1.7417e+01   8.0276e-02   5.2413e-01   2.9819e+02
20260819_18:00:00   9.3768e-01   1.6915e+02   1.5933e+01   4.2792e-02   7.4829e-02   2.9771e+02
20260819_21:00:00   1.2420e+00   1.9629e+02   1.5897e+01   1.7563e-01   2.5940e-02   2.9844e+02
20260820_00:00:00   9.6067e-01   1.7115e+02   1.6834e+01   1.8259e-02   3.4165e-01   3.0081e+02
20260820_03:00:00   3.1171e+00   2.6330e+02   1.7397e+01   9.0602e-01   5.9835e-01   2.9881e+02
20260820_06:00:00   4.1548e-01   9.6650e+01   7.9035e+00   0.0000e+00   0.0000e+00   3.0715e+02
20260820_09:00:00   1.9625e-01   5.2411e+01   4.1644e+00   0.0000e+00   0.0000e+00   3.0359e+02
20260820_12:00:00   2.7309e-01   6.9061e+01   5.6331e+00   0.0000e+00   0.0000e+00   3.0418e+02
20260820_15:00:00   3.2452e-01   7.9589e+01   6.4868e+00   0.0000e+00   0.0000e+00   3.0044e+02
20260820_18:00:00   2.9480e-01   7.3800e+01   5.9772e+00   0.0000e+00   0.0000e+00   3.0323e+02
20260820_21:00:00   2.2393e-01   5.9104e+01   4.5986e+00   0.0000e+00   0.0000e+00   3.0565e+02
20260821_00:00:00   1.9579e-01   5.2896e+01   4.0042e+00   0.0000e+00   0.0000e+00   3.0463e+02
20260821_03:00:00   1.5498e-01   4.3432e+01   3.2766e+00   0.0000e+00   0.0000e+00   3.1151e+02
20260821_06:00:00   1.6819e-01   4.6625e+01   3.5420e+00   0.0000e+00   0.0000e+00   3.1380e+02
20260821_09:00:00   2.0965e-01   5.6170e+01   4.3127e+00   0.0000e+00   0.0000e+00   3.1165e+02
20260821_12:00:00   2.9300e-01   7.4149e+01   5.8103e+00   0.0000e+00   0.0000e+00   3.0895e+02
20260821_15:00:00   3.3685e-01   8.3025e+01   6.6029e+00   0.0000e+00   0.0000e+00   3.0992e+02
20260821_18:00:00   2.8770e-01   7.3251e+01   5.7906e+00   0.0000e+00   0.0000e+00   3.0885e+02
20260821_21:00:00   3.0082e-01   7.5700e+01   6.4000e+00   0.0000e+00   0.0000e+00   3.0656e+02
20260822_00:00:00   5.1233e-01   1.1466e+02   1.0246e+01   0.0000e+00   0.0000e+00   3.0501e+02
20260822_03:00:00   5.7384e-01   1.2460e+02   1.1056e+01   0.0000e+00   0.0000e+00   3.0503e+02
20260822_06:00:00   5.9079e-01   1.2691e+02   1.1616e+01   0.0000e+00   0.0000e+00   3.0604e+02
20260822_09:00:00   6.2584e-01   1.3181e+02   1.2358e+01   0.0000e+00   5.1737e-05   3.0847e+02
20260822_12:00:00   6.5623e-01   1.3603e+02   1.2898e+01   0.0000e+00   5.2591e-03   3.1095e+02
20260822_15:00:00   6.2801e-01   1.3211e+02   1.2373e+01   0.0000e+00   0.0000e+00   3.0910e+02
20260822_18:00:00   5.9323e-01   1.2697e+02   1.1687e+01   0.0000e+00   1.3594e-04   3.1502e+02
20260822_21:00:00   3.6220e-01   8.8452e+01   7.0662e+00   0.0000e+00   0.0000e+00   3.1802e+02
20260823_00:00:00   2.8292e-01   7.2402e+01   5.5965e+00   0.0000e+00   0.0000e+00   3.1500e+02
20260823_03:00:00   1.8635e-01   5.1335e+01   3.7699e+00   0.0000e+00   0.0000e+00   3.0670e+02
20260823_06:00:00   1.2091e-01   3.5502e+01   2.5941e+00   0.0000e+00   0.0000e+00   3.0581e+02
20260823_09:00:00   1.1713e-01   3.4489e+01   2.5321e+00   0.0000e+00   0.0000e+00   3.0509e+02
20260823_12:00:00   1.4462e-01   4.1430e+01   3.0530e+00   0.0000e+00   0.0000e+00   3.0232e+02
20260823_15:00:00   2.3462e-01   6.2178e+01   4.7791e+00   0.0000e+00   0.0000e+00   3.0015e+02
20260823_18:00:00   2.2928e-01   6.1082e+01   4.6184e+00   0.0000e+00   0.0000e+00   2.9995e+02
20260823_21:00:00   1.3548e-01   3.9216e+01   2.8817e+00   0.0000e+00   0.0000e+00   2.9892e+02
20260824_00:00:00   1.4084e-01   4.0418e+01   2.9932e+00   0.0000e+00   0.0000e+00   2.9566e+02
20260824_03:00:00   1.1524e-01   3.4147e+01   2.4450e+00   0.0000e+00   1.4910e-03   2.9392e+02
20260824_06:00:00   1.3726e-01   3.8853e+01   3.0789e+00   0.0000e+00   3.3948e-03   2.9471e+02
20260824_09:00:00   2.0835e-01   5.5153e+01   4.6248e+00   0.0000e+00   1.5679e-03   2.9726e+02
20260824_12:00:00   2.1144e-01   5.6733e+01   4.3728e+00   0.0000e+00   0.0000e+00   2.9904e+02
20260824_15:00:00   2.2920e-01   6.0958e+01   4.5780e+00   0.0000e+00   0.0000e+00   3.0063e+02
20260824_18:00:00   2.0401e-01   5.5343e+01   4.1183e+00   0.0000e+00   0.0000e+00   2.9886e+02
20260824_21:00:00   1.7690e-01   4.9115e+01   3.6078e+00   0.0000e+00   0.0000e+00   3.0214e+02
20260825_00:00:00   1.7871e-01   4.9427e+01   3.6445e+00   3.2330e-04   0.0000e+00   3.0009e+02
