#            date       tau255        Tb[K]      pwv[mm] lwp[kg*m^-2] iwp[kg*m^-2]       o3[DU]
20260726_00:00:00   1.4308e-01   4.0654e+01   3.0595e+00   0.0000e+00   0.0000e+00   3.1464e+02
20260726_01:00:00   1.3959e-01   3.9807e+01   2.9690e+00   0.0000e+00   0.0000e+00   3.1296e+02
20260726_02:00:00   1.3861e-01   3.9549e+01   2.9364e+00   0.0000e+00   0.0000e+00   3.1325e+02
20260726_03:00:00   1.3652e-01   3.9033e+01   2.8772e+00   0.0000e+00   0.0000e+00   3.1395e+02
20260726_04:00:00   1.3113e-01   3.7771e+01   2.7438e+00   0.0000e+00   0.0000e+00   3.1449e+02
20260726_05:00:00   1.2618e-01   3.6602e+01   2.6293e+00   0.0000e+00   0.0000e+00   3.1665e+02
20260726_06:00:00   1.2326e-01   3.5920e+01   2.5583e+00   0.0000e+00   0.0000e+00   3.1740e+02
20260726_07:00:00   1.2445e-01   3.6248e+01   2.5708e+00   0.0000e+00   0.0000e+00   3.1712e+02
20260726_08:00:00   1.2680e-01   3.6816e+01   2.6208e+00   0.0000e+00   0.0000e+00   3.2168e+02
20260726_09:00:00   1.3569e-01   3.8904e+01   2.8174e+00   0.0000e+00   0.0000e+00   3.2864e+02
20260726_10:00:00   1.4838e-01   4.1918e+01   3.0834e+00   0.0000e+00   0.0000e+00   3.2766e+02
20260726_11:00:00   1.6341e-01   4.5529e+01   3.3671e+00   0.0000e+00   0.0000e+00   3.3331e+02
20260726_12:00:00   1.8710e-01   5.1054e+01   3.8152e+00   0.0000e+00   0.0000e+00   3.3772e+02
20260726_13:00:00   2.0168e-01   5.4416e+01   4.0926e+00   0.0000e+00   0.0000e+00   3.3806e+02
20260726_14:00:00   2.1213e-01   5.6791e+01   4.3021e+00   0.0000e+00   0.0000e+00   3.3767e+02
20260726_15:00:00   2.1879e-01   5.8328e+01   4.4341e+00   0.0000e+00   0.0000e+00   3.3613e+02
20260726_16:00:00   2.1376e-01   5.7281e+01   4.3419e+00   0.0000e+00   0.0000e+00   3.3444e+02
20260726_17:00:00   2.1086e-01   5.6641e+01   4.3014e+00   0.0000e+00   0.0000e+00   3.3308e+02
20260726_18:00:00   2.0941e-01   5.6301e+01   4.2792e+00   0.0000e+00   0.0000e+00   3.3155e+02
20260726_19:00:00   2.0407e-01   5.5112e+01   4.1721e+00   0.0000e+00   0.0000e+00   3.3078e+02
20260726_20:00:00   1.8599e-01   5.1040e+01   3.8176e+00   0.0000e+00   0.0000e+00   3.3107e+02
20260726_21:00:00   1.6677e-01   4.6618e+01   3.4445e+00   0.0000e+00   0.0000e+00   3.3280e+02
20260726_22:00:00   1.4734e-01   4.2058e+01   3.0609e+00   0.0000e+00   0.0000e+00   3.3171e+02
20260726_23:00:00   1.3667e-01   3.9509e+01   2.8406e+00   0.0000e+00   0.0000e+00   3.3033e+02
20260727_00:00:00   1.3172e-01   3.8327e+01   2.7341e+00   0.0000e+00   0.0000e+00   3.2870e+02
20260727_01:00:00   1.2252e-01   3.6066e+01   2.5545e+00   0.0000e+00   0.0000e+00   3.2781e+02
20260727_02:00:00   1.1705e-01   3.4713e+01   2.4406e+00   0.0000e+00   0.0000e+00   3.2707e+02
20260727_03:00:00   1.1329e-01   3.3813e+01   2.3479e+00   0.0000e+00   0.0000e+00   3.2664e+02
20260727_04:00:00   1.1267e-01   3.3708e+01   2.3150e+00   0.0000e+00   0.0000e+00   3.2534e+02
20260727_05:00:00   1.1340e-01   3.3922e+01   2.3207e+00   0.0000e+00   0.0000e+00   3.2246e+02
20260727_06:00:00   1.1528e-01   3.4394e+01   2.3675e+00   0.0000e+00   0.0000e+00   3.1986e+02
20260727_07:00:00   1.1938e-01   3.5389e+01   2.4693e+00   0.0000e+00   0.0000e+00   3.1663e+02
20260727_08:00:00   1.2977e-01   3.7901e+01   2.7043e+00   0.0000e+00   0.0000e+00   3.1690e+02
20260727_09:00:00   1.3929e-01   4.0200e+01   2.9141e+00   0.0000e+00   0.0000e+00   3.1612e+02
20260727_10:00:00   1.5158e-01   4.3179e+01   3.1612e+00   0.0000e+00   0.0000e+00   3.1548e+02
20260727_11:00:00   1.6887e-01   4.7366e+01   3.4889e+00   0.0000e+00   0.0000e+00   3.1422e+02
20260727_12:00:00   1.8649e-01   5.1551e+01   3.8254e+00   0.0000e+00   0.0000e+00   3.1206e+02
20260727_13:00:00   2.1499e-01   5.7974e+01   4.4325e+00   0.0000e+00   0.0000e+00   3.1081e+02
20260727_14:00:00   2.3944e-01   6.3338e+01   4.9626e+00   0.0000e+00   0.0000e+00   3.1194e+02
20260727_15:00:00   2.4283e-01   6.4097e+01   5.0413e+00   0.0000e+00   0.0000e+00   3.1314e+02
20260727_16:00:00   2.4325e-01   6.4177e+01   5.0700e+00   0.0000e+00   0.0000e+00   3.1076e+02
20260727_17:00:00   2.4361e-01   6.4191e+01   5.1107e+00   0.0000e+00   0.0000e+00   3.1046e+02
20260727_18:00:00   2.3298e-01   6.1826e+01   4.9255e+00   0.0000e+00   0.0000e+00   3.1049e+02
20260727_19:00:00   2.3961e-01   6.3146e+01   5.1168e+00   0.0000e+00   0.0000e+00   3.1101e+02
20260727_20:00:00   2.7058e-01   6.9673e+01   5.7574e+00   0.0000e+00   0.0000e+00   3.1064e+02
20260727_21:00:00   2.9641e-01   7.5095e+01   6.2517e+00   0.0000e+00   2.1040e-04   3.1269e+02
20260727_22:00:00   3.0882e-01   7.7718e+01   6.5305e+00   0.0000e+00   1.8854e-03   3.1009e+02
20260727_23:00:00   3.2966e-01   8.1752e+01   7.0290e+00   0.0000e+00   1.7538e-03   3.0911e+02
20260728_00:00:00   3.9417e-01   9.3770e+01   8.3538e+00   0.0000e+00   5.8978e-04   3.0916e+02
20260728_01:00:00   4.4228e-01   1.0230e+02   9.2873e+00   0.0000e+00   2.6275e-04   3.0674e+02
20260728_02:00:00   4.8451e-01   1.0941e+02   1.0113e+01   0.0000e+00   3.3095e-03   3.0588e+02
20260728_03:00:00   5.0520e-01   1.1280e+02   1.0514e+01   0.0000e+00   1.5065e-03   3.0638e+02
20260728_04:00:00   5.1479e-01   1.1435e+02   1.0688e+01   0.0000e+00   5.7224e-04   3.0578e+02
20260728_05:00:00   5.3023e-01   1.1679e+02   1.0982e+01   0.0000e+00   7.6991e-04   3.0570e+02
20260728_06:00:00   5.4143e-01   1.1851e+02   1.1212e+01   0.0000e+00   3.9335e-04   3.0551e+02
20260728_07:00:00   5.4984e-01   1.1987e+02   1.1363e+01   0.0000e+00   6.5421e-04   3.0438e+02
20260728_08:00:00   5.5755e-01   1.2105e+02   1.1528e+01   0.0000e+00   2.9247e-04   3.0522e+02
20260728_09:00:00   5.6323e-01   1.2187e+02   1.1660e+01   0.0000e+00   5.6793e-04   3.0477e+02
20260728_10:00:00   5.6097e-01   1.2156e+02   1.1635e+01   0.0000e+00   4.8403e-04   3.0333e+02
20260728_11:00:00   5.5105e-01   1.2007e+02   1.1475e+01   0.0000e+00   4.8178e-04   3.0405e+02
20260728_12:00:00   5.4305e-01   1.1882e+02   1.1353e+01   0.0000e+00   1.2596e-03   3.0522e+02
20260728_13:00:00   5.2501e-01   1.1602e+02   1.1040e+01   0.0000e+00   3.7020e-05   3.0477e+02
20260728_14:00:00   5.2118e-01   1.1543e+02   1.0998e+01   0.0000e+00   2.5780e-04   3.0204e+02
20260728_15:00:00   5.1570e-01   1.1459e+02   1.0924e+01   0.0000e+00   4.4201e-04   2.9838e+02
20260728_16:00:00   5.1474e-01   1.1448e+02   1.0913e+01   0.0000e+00   1.1411e-03   2.9977e+02
20260728_17:00:00   5.1540e-01   1.1459e+02   1.0910e+01   2.6884e-04   3.7383e-03   3.0132e+02
20260728_18:00:00   5.0172e-01   1.1244e+02   1.0643e+01   0.0000e+00   1.8093e-03   3.0154e+02
20260728_19:00:00   4.9558e-01   1.1150e+02   1.0523e+01   0.0000e+00   0.0000e+00   2.9917e+02
20260728_20:00:00   4.8819e-01   1.1028e+02   1.0380e+01   0.0000e+00   4.5420e-04   2.9709e+02
20260728_21:00:00   5.0953e-01   1.1362e+02   1.0821e+01   0.0000e+00   1.9052e-03   2.9565e+02
20260728_22:00:00   5.3172e-01   1.1704e+02   1.1235e+01   0.0000e+00   1.8531e-02   2.9548e+02
20260728_23:00:00   5.3570e-01   1.1762e+02   1.1302e+01   0.0000e+00   1.1271e-02   2.9529e+02
20260729_00:00:00   5.3949e-01   1.1833e+02   1.1326e+01   0.0000e+00   1.1282e-03   2.9509e+02
20260729_01:00:00   5.6188e-01   1.2171e+02   1.1779e+01   0.0000e+00   2.4869e-03   2.9463e+02
20260729_02:00:00   5.7671e-01   1.2398e+02   1.2076e+01   0.0000e+00   1.7498e-03   2.9402e+02
20260729_03:00:00   5.6779e-01   1.2252e+02   1.1927e+01   0.0000e+00   6.4700e-03   2.9341e+02
20260729_04:00:00   5.7113e-01   1.2301e+02   1.1998e+01   0.0000e+00   2.5281e-03   2.9358e+02
20260729_05:00:00   5.7490e-01   1.2370e+02   1.1989e+01   0.0000e+00   5.4142e-03   2.9360e+02
20260729_06:00:00   5.5105e-01   1.2026e+02   1.1507e+01   0.0000e+00   1.0087e-03   2.9349e+02
20260729_07:00:00   5.6088e-01   1.2168e+02   1.1693e+01   2.8340e-04   8.2991e-03   2.9362e+02
20260729_08:00:00   5.5537e-01   1.2094e+02   1.1556e+01   8.5860e-06   5.9027e-03   2.9377e+02
20260729_09:00:00   5.4600e-01   1.1957e+02   1.1369e+01   0.0000e+00   3.2021e-03   2.9436e+02
20260729_10:00:00   5.4209e-01   1.1901e+02   1.1284e+01   0.0000e+00   4.5901e-04   2.9446e+02
20260729_11:00:00   5.4510e-01   1.1949e+02   1.1348e+01   0.0000e+00   9.1344e-04   2.9445e+02
20260729_12:00:00   5.5692e-01   1.2143e+02   1.1546e+01   3.1060e-04   2.5032e-03   2.9542e+02
20260729_13:00:00   5.7131e-01   1.2367e+02   1.1830e+01   4.1698e-04   5.0518e-03   2.9493e+02
20260729_14:00:00   5.8480e-01   1.2570e+02   1.2002e+01   2.7723e-03   8.3220e-03   2.9518e+02
20260729_15:00:00   5.6277e-01   1.2258e+02   1.1623e+01   9.3060e-04   1.1252e-02   2.9421e+02
20260729_16:00:00   5.4493e-01   1.1999e+02   1.1258e+01   6.7600e-05   4.1336e-03   2.9403e+02
20260729_17:00:00   5.2181e-01   1.1641e+02   1.0812e+01   0.0000e+00   7.0924e-04   2.9479e+02
20260729_18:00:00   5.0006e-01   1.1281e+02   1.0454e+01   0.0000e+00   0.0000e+00   2.9380e+02
20260729_19:00:00   4.8828e-01   1.1066e+02   1.0318e+01   0.0000e+00   0.0000e+00   2.9278e+02
20260729_20:00:00   4.7825e-01   1.0885e+02   1.0179e+01   0.0000e+00   0.0000e+00   2.9215e+02
20260729_21:00:00   4.7093e-01   1.0754e+02   1.0064e+01   0.0000e+00   0.0000e+00   2.9085e+02
20260729_22:00:00   4.5816e-01   1.0539e+02   9.8016e+00   0.0000e+00   0.0000e+00   2.9106e+02
20260729_23:00:00   4.4358e-01   1.0277e+02   9.5223e+00   0.0000e+00   0.0000e+00   2.9155e+02
20260730_00:00:00   4.5842e-01   1.0496e+02   9.9019e+00   0.0000e+00   0.0000e+00   2.9089e+02
20260730_01:00:00   4.7055e-01   1.0690e+02   1.0141e+01   0.0000e+00   7.1580e-05   2.9061e+02
20260730_02:00:00   4.7242e-01   1.0719e+02   1.0135e+01   0.0000e+00   2.2203e-04   2.8988e+02
20260730_03:00:00   4.6880e-01   1.0669e+02   9.9849e+00   0.0000e+00   2.4538e-03   2.9040e+02
20260730_04:00:00   4.9091e-01   1.1062e+02   1.0362e+01   0.0000e+00   3.9282e-04   2.9005e+02
20260730_05:00:00   5.1158e-01   1.1388e+02   1.0817e+01   0.0000e+00   1.8511e-04   2.9058e+02
20260730_06:00:00   5.1816e-01   1.1484e+02   1.0947e+01   0.0000e+00   3.0040e-04   2.9129e+02
20260730_07:00:00   5.0616e-01   1.1318e+02   1.0633e+01   0.0000e+00   0.0000e+00   2.9187e+02
20260730_08:00:00   4.9702e-01   1.1198e+02   1.0397e+01   0.0000e+00   0.0000e+00   2.9163e+02
20260730_09:00:00   4.9403e-01   1.1142e+02   1.0356e+01   0.0000e+00   0.0000e+00   2.9143e+02
20260730_10:00:00   5.3670e-01   1.1799e+02   1.1296e+01   0.0000e+00   4.8175e-04   2.9098e+02
20260730_11:00:00   5.6798e-01   1.2271e+02   1.1928e+01   2.1841e-04   6.4936e-03   2.8944e+02
20260730_12:00:00   6.0017e-01   1.2735e+02   1.2329e+01   5.5144e-03   4.1029e-02   2.8838e+02
20260730_13:00:00   6.1644e-01   1.2978e+02   1.2584e+01   6.5665e-03   4.7252e-02   2.8891e+02
20260730_14:00:00   6.3453e-01   1.3241e+02   1.2701e+01   1.2184e-02   4.3932e-02   2.8879e+02
20260730_15:00:00   6.2700e-01   1.3158e+02   1.2837e+01   5.1308e-03   3.7949e-02   2.8798e+02
20260730_16:00:00   6.2480e-01   1.3143e+02   1.2568e+01   9.2005e-03   5.1619e-02   2.8792e+02
20260730_17:00:00   6.2107e-01   1.3101e+02   1.2442e+01   1.0353e-02   4.5823e-02   2.8829e+02
20260730_18:00:00   6.2578e-01   1.3174e+02   1.2623e+01   7.7884e-03   4.1728e-02   2.8922e+02
20260730_19:00:00   5.8775e-01   1.2642e+02   1.2218e+01   0.0000e+00   7.5203e-04   2.9006e+02
20260730_20:00:00   5.4873e-01   1.2065e+02   1.1447e+01   0.0000e+00   0.0000e+00   2.9046e+02
20260730_21:00:00   5.4640e-01   1.2025e+02   1.1396e+01   0.0000e+00   0.0000e+00   2.9067e+02
20260730_22:00:00   5.2495e-01   1.1672e+02   1.1046e+01   0.0000e+00   0.0000e+00   2.8976e+02
20260730_23:00:00   5.2752e-01   1.1693e+02   1.1131e+01   0.0000e+00   2.5856e-04   2.9020e+02
20260731_00:00:00   5.2348e-01   1.1610e+02   1.1092e+01   0.0000e+00   2.8520e-04   2.8953e+02
20260731_03:00:00   5.6235e-01   1.2196e+02   1.1766e+01   0.0000e+00   8.0262e-04   2.9015e+02
20260731_06:00:00   5.4597e-01   1.1949e+02   1.1461e+01   0.0000e+00   1.7126e-03   2.9166e+02
20260731_09:00:00   5.3253e-01   1.1742e+02   1.1248e+01   0.0000e+00   3.4755e-04   2.9497e+02
20260731_12:00:00   6.1202e-01   1.2967e+02   1.2262e+01   1.0174e-02   1.0988e-02   2.9339e+02
20260731_15:00:00   5.9756e-01   1.2757e+02   1.2421e+01   2.2396e-03   2.3697e-02   2.9216e+02
20260731_18:00:00   5.7799e-01   1.2447e+02   1.2159e+01   0.0000e+00   2.7964e-03   2.9603e+02
20260731_21:00:00   5.0936e-01   1.1348e+02   1.0859e+01   0.0000e+00   5.4840e-05   2.9556e+02
20260801_00:00:00   5.4359e-01   1.1878e+02   1.1413e+01   0.0000e+00   1.0919e-04   2.9516e+02
20260801_03:00:00   5.5650e-01   1.2064e+02   1.1515e+01   1.5614e-03   5.5671e-03   2.9492e+02
20260801_06:00:00   4.9909e-01   1.1162e+02   1.0506e+01   0.0000e+00   9.8044e-04   2.9614e+02
20260801_09:00:00   4.8364e-01   1.0902e+02   1.0286e+01   0.0000e+00   8.0303e-04   2.9836e+02
20260801_12:00:00   5.2804e-01   1.1640e+02   1.1145e+01   6.9140e-06   4.5358e-03   3.0009e+02
20260801_15:00:00   5.9510e-01   1.2697e+02   1.2303e+01   1.2138e-03   4.0378e-02   2.9918e+02
20260801_18:00:00   5.6088e-01   1.2206e+02   1.1706e+01   0.0000e+00   3.0893e-02   2.9852e+02
20260801_21:00:00   5.7262e-01   1.2357e+02   1.2075e+01   0.0000e+00   1.8608e-02   2.9799e+02
20260802_00:00:00   6.0059e-01   1.2748e+02   1.2530e+01   0.0000e+00   4.5821e-03   2.9435e+02
20260802_03:00:00   5.6401e-01   1.2135e+02   1.1886e+01   0.0000e+00   2.7098e-03   2.9519e+02
20260802_06:00:00   5.3693e-01   1.1678e+02   1.1379e+01   0.0000e+00   7.5244e-03   2.9790e+02
20260802_09:00:00   5.1124e-01   1.1280e+02   1.0860e+01   0.0000e+00   1.0626e-03   2.9474e+02
20260802_12:00:00   5.4780e-01   1.1888e+02   1.1488e+01   1.5696e-03   3.6690e-03   2.9217e+02
20260802_15:00:00   5.6709e-01   1.2237e+02   1.1912e+01   5.9620e-04   9.2731e-03   2.9355e+02
20260802_18:00:00   5.2186e-01   1.1528e+02   1.1198e+01   0.0000e+00   5.7166e-03   2.9514e+02
20260802_21:00:00   5.5290e-01   1.1962e+02   1.1776e+01   0.0000e+00   1.1606e-02   2.9755e+02
20260803_00:00:00   4.8742e-01   1.0862e+02   1.0499e+01   0.0000e+00   4.3155e-03   2.9982e+02
20260803_03:00:00   4.2404e-01   9.7747e+01   9.3022e+00   0.0000e+00   3.6973e-04   3.0303e+02
20260803_06:00:00   4.3682e-01   1.0095e+02   9.3815e+00   0.0000e+00   0.0000e+00   3.0288e+02
20260803_09:00:00   4.5024e-01   1.0372e+02   9.5543e+00   0.0000e+00   0.0000e+00   3.0411e+02
20260803_12:00:00   4.7655e-01   1.0841e+02   1.0027e+01   0.0000e+00   1.2522e-04   2.9902e+02
20260803_15:00:00   5.1683e-01   1.1491e+02   1.0872e+01   8.2960e-05   4.0599e-02   2.9646e+02
20260803_18:00:00   4.5523e-01   1.0472e+02   9.7371e+00   0.0000e+00   1.6928e-03   2.9729e+02
20260803_21:00:00   4.2235e-01   9.9097e+01   9.0201e+00   0.0000e+00   0.0000e+00   2.9468e+02
20260804_00:00:00   3.9078e-01   9.3015e+01   8.5139e+00   0.0000e+00   0.0000e+00   2.9529e+02
20260804_03:00:00   4.6490e-01   1.0551e+02   1.0067e+01   0.0000e+00   1.0601e-03   2.9845e+02
20260804_06:00:00   5.1389e-01   1.1327e+02   1.0961e+01   0.0000e+00   2.1065e-03   3.0009e+02
20260804_09:00:00   5.1715e-01   1.1383e+02   1.1010e+01   0.0000e+00   1.5239e-04   2.9943e+02
20260804_12:00:00   5.6852e-01   1.2210e+02   1.1963e+01   1.5995e-03   1.6104e-02   2.9741e+02
20260804_15:00:00   6.5682e-01   1.3498e+02   1.3103e+01   1.3104e-02   1.9536e-01   2.9461e+02
20260804_18:00:00   6.1978e-01   1.3032e+02   1.2946e+01   0.0000e+00   1.9976e-02   2.9389e+02
20260804_21:00:00   6.1066e-01   1.2935e+02   1.2743e+01   0.0000e+00   4.0210e-03   2.9560e+02
20260805_00:00:00   5.5652e-01   1.2142e+02   1.1585e+01   6.2570e-06   6.6939e-03   2.9412e+02
20260805_03:00:00   4.9867e-01   1.1203e+02   1.0451e+01   0.0000e+00   7.1760e-05   2.9366e+02
20260805_06:00:00   4.7954e-01   1.0880e+02   1.0073e+01   0.0000e+00   5.3114e-03   2.9443e+02
20260805_09:00:00   4.9605e-01   1.1137e+02   1.0422e+01   0.0000e+00   4.0703e-04   2.9186e+02
20260805_12:00:00   6.4892e-01   1.3434e+02   1.2544e+01   1.9885e-02   3.9248e-02   2.9065e+02
20260805_15:00:00   6.1999e-01   1.3078e+02   1.2661e+01   4.5303e-03   1.5891e-02   2.8917e+02
20260805_18:00:00   5.7791e-01   1.2450e+02   1.2016e+01   0.0000e+00   2.4118e-03   2.8787e+02
20260805_21:00:00   5.1618e-01   1.1450e+02   1.0994e+01   0.0000e+00   5.9363e-03   2.8792e+02
20260806_00:00:00   5.9947e-01   1.2713e+02   1.2483e+01   0.0000e+00   2.8524e-02   2.8786e+02
20260806_03:00:00   6.6982e-01   1.3711e+02   1.3685e+01   0.0000e+00   9.5429e-02   2.8848e+02
20260806_06:00:00   6.9475e-01   1.4088e+02   1.4017e+01   0.0000e+00   1.1326e-01   2.9046e+02
20260806_09:00:00   5.9531e-01   1.2729e+02   1.2083e+01   0.0000e+00   2.0301e-03   2.9281e+02
20260806_12:00:00   6.2695e-01   1.3157e+02   1.2223e+01   1.4065e-02   1.4360e-02   2.9245e+02
20260806_15:00:00   7.2019e-01   1.4476e+02   1.3588e+01   1.9511e-02   1.5305e-02   2.9302e+02
20260806_18:00:00   7.1353e-01   1.4407e+02   1.3858e+01   6.9880e-03   8.5604e-04   2.9358e+02
20260806_21:00:00   5.9425e-01   1.2670e+02   1.2275e+01   0.0000e+00   8.8740e-04   2.9495e+02
20260807_00:00:00   6.9215e-01   1.4025e+02   1.4009e+01   0.0000e+00   2.2828e-03   2.9391e+02
20260807_03:00:00   6.8201e-01   1.3878e+02   1.3656e+01   0.0000e+00   1.0280e-05   2.9078e+02
20260807_06:00:00   7.1109e-01   1.4267e+02   1.4022e+01   0.0000e+00   1.3259e-03   2.9355e+02
20260807_09:00:00   7.1289e-01   1.4359e+02   1.3521e+01   1.7998e-03   1.0982e-04   2.9890e+02
20260807_12:00:00   5.1548e-01   1.1517e+02   1.0093e+01   1.0922e-04   3.4920e-06   2.9461e+02
20260807_15:00:00   4.7806e-01   1.0880e+02   9.5226e+00   0.0000e+00   0.0000e+00   2.9571e+02
20260807_18:00:00   4.5126e-01   1.0427e+02   8.9793e+00   0.0000e+00   0.0000e+00   2.9537e+02
20260807_21:00:00   4.0992e-01   9.7178e+01   8.1423e+00   0.0000e+00   0.0000e+00   2.9704e+02
20260808_00:00:00   3.3904e-01   8.3722e+01   6.9100e+00   0.0000e+00   0.0000e+00   2.9645e+02
20260808_03:00:00   2.9603e-01   7.4897e+01   6.1024e+00   0.0000e+00   0.0000e+00   2.9627e+02
20260808_06:00:00   2.3421e-01   6.1878e+01   4.8760e+00   0.0000e+00   0.0000e+00   2.9899e+02
20260808_09:00:00   2.0429e-01   5.5463e+01   4.1943e+00   0.0000e+00   0.0000e+00   3.0147e+02
20260808_12:00:00   2.0026e-01   5.4747e+01   4.0484e+00   0.0000e+00   0.0000e+00   3.0290e+02
20260808_15:00:00   2.2555e-01   6.0567e+01   4.4916e+00   3.2120e-05   0.0000e+00   3.0125e+02
20260808_18:00:00   2.0749e-01   5.6557e+01   4.1586e+00   0.0000e+00   0.0000e+00   3.0005e+02
20260808_21:00:00   1.2931e-01   3.8080e+01   2.6872e+00   0.0000e+00   0.0000e+00   3.0163e+02
20260809_00:00:00   1.3082e-01   3.8315e+01   2.7372e+00   0.0000e+00   0.0000e+00   2.9837e+02
20260809_03:00:00   1.2444e-01   3.6546e+01   2.6711e+00   0.0000e+00   0.0000e+00   2.9648e+02
20260809_06:00:00   1.2509e-01   3.6705e+01   2.6892e+00   0.0000e+00   0.0000e+00   3.0139e+02
20260809_09:00:00   1.3064e-01   3.8133e+01   2.7827e+00   0.0000e+00   0.0000e+00   2.9965e+02
20260809_12:00:00   1.5622e-01   4.4400e+01   3.2812e+00   0.0000e+00   0.0000e+00   2.9556e+02
20260809_15:00:00   1.9839e-01   5.4214e+01   4.1445e+00   0.0000e+00   0.0000e+00   2.9767e+02
20260809_18:00:00   1.7678e-01   4.9329e+01   3.6691e+00   0.0000e+00   0.0000e+00   2.9602e+02
20260809_21:00:00   1.3765e-01   3.9927e+01   2.8792e+00   0.0000e+00   0.0000e+00   2.9574e+02
20260810_00:00:00   1.1948e-01   3.5442e+01   2.4629e+00   0.0000e+00   0.0000e+00   3.0037e+02
20260810_03:00:00   1.3018e-01   3.8022e+01   2.7208e+00   0.0000e+00   0.0000e+00   2.9549e+02
20260810_06:00:00   1.2810e-01   3.7693e+01   2.6568e+00   0.0000e+00   0.0000e+00   2.9583e+02
20260810_09:00:00   1.3102e-01   3.8384e+01   2.7449e+00   0.0000e+00   0.0000e+00   2.9301e+02
20260810_12:00:00   1.8912e-01   5.2286e+01   3.8676e+00   5.5360e-06   0.0000e+00   2.9348e+02
20260810_15:00:00   2.6904e-01   7.0125e+01   5.3226e+00   0.0000e+00   0.0000e+00   2.9023e+02
20260810_18:00:00   2.5503e-01   6.7007e+01   5.1769e+00   0.0000e+00   0.0000e+00   2.8837e+02
20260810_21:00:00   2.3991e-01   6.3459e+01   5.0365e+00   0.0000e+00   0.0000e+00   2.8813e+02
20260811_00:00:00   2.3594e-01   6.1696e+01   5.2346e+00   0.0000e+00   0.0000e+00   2.8719e+02
