#            date       tau255        Tb[K]      pwv[mm] lwp[kg*m^-2] iwp[kg*m^-2]       o3[DU]
20260731_06:00:00   4.6413e-01   1.0578e+02   9.7759e+00   0.0000e+00   0.0000e+00   2.9650e+02
20260731_07:00:00   4.6161e-01   1.0527e+02   9.7628e+00   0.0000e+00   1.5398e-06   2.9709e+02
20260731_08:00:00   4.6282e-01   1.0547e+02   9.7942e+00   0.0000e+00   0.0000e+00   3.0106e+02
20260731_09:00:00   4.8557e-01   1.0931e+02   1.0219e+01   0.0000e+00   0.0000e+00   3.0160e+02
20260731_10:00:00   5.0253e-01   1.1223e+02   1.0514e+01   0.0000e+00   0.0000e+00   3.0112e+02
20260731_11:00:00   5.1741e-01   1.1470e+02   1.0801e+01   0.0000e+00   1.2848e-05   2.9881e+02
20260731_12:00:00   5.5183e-01   1.2036e+02   1.1372e+01   4.6080e-06   2.5484e-05   2.9774e+02
20260731_13:00:00   5.9177e-01   1.2659e+02   1.2063e+01   2.0940e-04   9.7460e-04   2.9547e+02
20260731_14:00:00   6.4577e-01   1.3451e+02   1.2995e+01   4.0860e-05   2.6027e-03   2.9470e+02
20260731_15:00:00   6.7983e-01   1.3915e+02   1.3636e+01   0.0000e+00   1.9936e-03   2.9425e+02
20260731_16:00:00   6.7832e-01   1.3887e+02   1.3623e+01   7.5759e-05   7.4642e-04   2.9508e+02
20260731_17:00:00   6.5016e-01   1.3491e+02   1.3135e+01   0.0000e+00   6.9840e-06   2.9591e+02
20260731_18:00:00   6.0481e-01   1.2832e+02   1.2345e+01   0.0000e+00   1.1818e-04   2.9678e+02
20260731_19:00:00   5.7557e-01   1.2408e+02   1.1807e+01   0.0000e+00   4.6000e-05   2.9727e+02
20260731_20:00:00   5.6621e-01   1.2262e+02   1.1628e+01   0.0000e+00   6.9840e-06   2.9791e+02
20260731_21:00:00   5.4361e-01   1.1912e+02   1.1168e+01   0.0000e+00   0.0000e+00   2.9727e+02
20260731_22:00:00   5.3221e-01   1.1709e+02   1.0997e+01   0.0000e+00   0.0000e+00   2.9796e+02
20260731_23:00:00   5.2661e-01   1.1614e+02   1.0904e+01   0.0000e+00   9.3152e-05   2.9644e+02
20260801_00:00:00   5.6299e-01   1.2165e+02   1.1574e+01   0.0000e+00   2.1959e-03   2.9566e+02
20260801_01:00:00   5.2653e-01   1.1600e+02   1.0921e+01   0.0000e+00   5.7220e-03   2.9751e+02
20260801_02:00:00   5.1528e-01   1.1430e+02   1.0646e+01   0.0000e+00   6.9026e-03   2.9774e+02
20260801_03:00:00   5.1752e-01   1.1462e+02   1.0647e+01   0.0000e+00   8.7592e-03   2.9759e+02
20260801_04:00:00   5.1312e-01   1.1387e+02   1.0580e+01   0.0000e+00   3.5603e-03   2.9693e+02
20260801_05:00:00   5.1729e-01   1.1443e+02   1.0682e+01   0.0000e+00   3.3001e-03   2.9803e+02
20260801_06:00:00   5.5340e-01   1.1994e+02   1.1408e+01   0.0000e+00   5.3558e-03   2.9887e+02
20260801_07:00:00   5.7732e-01   1.2347e+02   1.1902e+01   0.0000e+00   1.5517e-02   3.0011e+02
20260801_08:00:00   5.8982e-01   1.2533e+02   1.2126e+01   0.0000e+00   6.5292e-02   3.0296e+02
20260801_09:00:00   5.9152e-01   1.2561e+02   1.2153e+01   0.0000e+00   8.6766e-02   3.0500e+02
20260801_10:00:00   5.8876e-01   1.2541e+02   1.2093e+01   0.0000e+00   1.4770e-02   3.0493e+02
20260801_11:00:00   6.0397e-01   1.2778e+02   1.2318e+01   0.0000e+00   2.4547e-02   3.0644e+02
20260801_12:00:00   6.1841e-01   1.3001e+02   1.2399e+01   2.6571e-03   9.0770e-03   3.0825e+02
20260801_13:00:00   6.5384e-01   1.3500e+02   1.2632e+01   1.2266e-02   3.8667e-02   3.0784e+02
20260801_14:00:00   6.0148e-01   1.2803e+02   1.2082e+01   5.8129e-04   3.0778e-03   3.1214e+02
20260801_15:00:00   6.4247e-01   1.3376e+02   1.2369e+01   1.2150e-02   7.2460e-03   3.1693e+02
20260801_16:00:00   6.0921e-01   1.2901e+02   1.2129e+01   2.4761e-03   1.6209e-02   3.1996e+02
20260801_17:00:00   5.6561e-01   1.2246e+02   1.1258e+01   3.9697e-03   9.1445e-03   3.2084e+02
20260801_18:00:00   5.7384e-01   1.2407e+02   1.1414e+01   9.2500e-04   7.0680e-05   3.2089e+02
20260801_19:00:00   6.1513e-01   1.3038e+02   1.2158e+01   1.1982e-04   4.8910e-04   3.1918e+02
20260801_20:00:00   6.2980e-01   1.3256e+02   1.2372e+01   0.0000e+00   1.5958e-04   3.1482e+02
20260801_21:00:00   6.0126e-01   1.2841e+02   1.1869e+01   0.0000e+00   0.0000e+00   3.1333e+02
20260801_22:00:00   5.5504e-01   1.2135e+02   1.1051e+01   0.0000e+00   0.0000e+00   3.1341e+02
20260801_23:00:00   5.1748e-01   1.1512e+02   1.0490e+01   0.0000e+00   1.7968e-04   3.1221e+02
20260802_00:00:00   4.7241e-01   1.0742e+02   9.7408e+00   0.0000e+00   1.6730e-03   3.1157e+02
20260802_01:00:00   4.2604e-01   9.9300e+01   8.9059e+00   0.0000e+00   8.6218e-04   3.1103e+02
20260802_02:00:00   4.1356e-01   9.7179e+01   8.6031e+00   0.0000e+00   1.2042e-04   3.1003e+02
20260802_03:00:00   3.9744e-01   9.4440e+01   8.2210e+00   0.0000e+00   0.0000e+00   3.1047e+02
20260802_04:00:00   3.8743e-01   9.2648e+01   7.9929e+00   0.0000e+00   0.0000e+00   3.1039e+02
20260802_05:00:00   3.6261e-01   8.7919e+01   7.5563e+00   0.0000e+00   0.0000e+00   3.1019e+02
20260802_06:00:00   3.4245e-01   8.3947e+01   7.2069e+00   0.0000e+00   0.0000e+00   3.1039e+02
20260802_07:00:00   3.2922e-01   8.1303e+01   6.9862e+00   0.0000e+00   0.0000e+00   3.0959e+02
20260802_08:00:00   3.2263e-01   7.9969e+01   6.8655e+00   0.0000e+00   0.0000e+00   3.1003e+02
20260802_09:00:00   3.1654e-01   7.8750e+01   6.7532e+00   0.0000e+00   0.0000e+00   3.0976e+02
20260802_10:00:00   3.1022e-01   7.7456e+01   6.6446e+00   0.0000e+00   0.0000e+00   3.0807e+02
20260802_11:00:00   3.2354e-01   8.0168e+01   6.9036e+00   0.0000e+00   0.0000e+00   3.0839e+02
20260802_12:00:00   3.5239e-01   8.5885e+01   7.4644e+00   0.0000e+00   0.0000e+00   3.0886e+02
20260802_13:00:00   3.7750e-01   9.0829e+01   7.9149e+00   0.0000e+00   0.0000e+00   3.0765e+02
20260802_14:00:00   3.9190e-01   9.3646e+01   8.1527e+00   0.0000e+00   0.0000e+00   3.0571e+02
20260802_15:00:00   3.9641e-01   9.4604e+01   8.1905e+00   0.0000e+00   0.0000e+00   3.0509e+02
20260802_16:00:00   3.8705e-01   9.2913e+01   7.9937e+00   0.0000e+00   0.0000e+00   3.0479e+02
20260802_17:00:00   3.6559e-01   8.8933e+01   7.5598e+00   0.0000e+00   0.0000e+00   3.0405e+02
20260802_18:00:00   2.9406e-01   7.4796e+01   6.1858e+00   0.0000e+00   0.0000e+00   3.0629e+02
20260802_19:00:00   2.4167e-01   6.3644e+01   5.1937e+00   0.0000e+00   0.0000e+00   3.0734e+02
20260802_20:00:00   2.3736e-01   6.2540e+01   5.1618e+00   0.0000e+00   0.0000e+00   3.0722e+02
20260802_21:00:00   2.4535e-01   6.4076e+01   5.3773e+00   0.0000e+00   7.7000e-05   3.0932e+02
20260802_22:00:00   2.5855e-01   6.6779e+01   5.6724e+00   0.0000e+00   6.9000e-04   3.1157e+02
20260802_23:00:00   2.6244e-01   6.7501e+01   5.7810e+00   0.0000e+00   2.8221e-03   3.1282e+02
20260803_00:00:00   2.6148e-01   6.7214e+01   5.7753e+00   0.0000e+00   1.1118e-02   3.1201e+02
20260803_01:00:00   2.6396e-01   6.7691e+01   5.8165e+00   0.0000e+00   5.6358e-03   3.1195e+02
20260803_02:00:00   2.5791e-01   6.6583e+01   5.6052e+00   0.0000e+00   9.6881e-04   3.1187e+02
20260803_03:00:00   2.4418e-01   6.3755e+01   5.2580e+00   0.0000e+00   2.4033e-03   3.1185e+02
20260803_04:00:00   2.5533e-01   6.5966e+01   5.5130e+00   0.0000e+00   5.7130e-03   3.1408e+02
20260803_05:00:00   2.8536e-01   7.1897e+01   6.1975e+00   0.0000e+00   8.2668e-03   3.1675e+02
20260803_06:00:00   3.2047e-01   7.8644e+01   7.0052e+00   0.0000e+00   3.7275e-03   3.1456e+02
20260803_07:00:00   3.6430e-01   8.6602e+01   8.0206e+00   0.0000e+00   5.5283e-03   3.1413e+02
20260803_08:00:00   4.2608e-01   9.7572e+01   9.2828e+00   0.0000e+00   1.0312e-02   3.1306e+02
20260803_09:00:00   4.9399e-01   1.0908e+02   1.0554e+01   0.0000e+00   5.6446e-03   3.1133e+02
20260803_10:00:00   5.2061e-01   1.1339e+02   1.1020e+01   0.0000e+00   2.1881e-02   3.0778e+02
20260803_11:00:00   5.2720e-01   1.1445e+02   1.1081e+01   0.0000e+00   5.0878e-02   3.0750e+02
20260803_12:00:00   5.4098e-01   1.1630e+02   1.1251e+01   0.0000e+00   4.2886e-01   3.0743e+02
20260803_13:00:00   5.7999e-01   1.2201e+02   1.1878e+01   1.4498e-03   5.1385e-01   3.1082e+02
20260803_14:00:00   5.3933e-01   1.1617e+02   1.1159e+01   4.7223e-05   1.5736e-01   3.1624e+02
20260803_15:00:00   5.4105e-01   1.1682e+02   1.0976e+01   7.2340e-04   9.3601e-02   3.1617e+02
20260803_16:00:00   5.2242e-01   1.1409e+02   1.0457e+01   3.4798e-03   5.0560e-02   3.1514e+02
20260803_17:00:00   5.0030e-01   1.1064e+02   1.0157e+01   2.3040e-06   3.9988e-02   3.1379e+02
20260803_18:00:00   5.1934e-01   1.1370e+02   1.0465e+01   1.0213e-03   7.0445e-02   3.1240e+02
20260803_19:00:00   5.0162e-01   1.1109e+02   1.0050e+01   3.3397e-03   1.4556e-02   3.1340e+02
20260803_20:00:00   4.9728e-01   1.1063e+02   1.0078e+01   8.8866e-04   1.2679e-03   3.1328e+02
20260803_21:00:00   5.1353e-01   1.1369e+02   1.0350e+01   0.0000e+00   5.1400e-06   3.1262e+02
20260803_22:00:00   5.3568e-01   1.1748e+02   1.0694e+01   0.0000e+00   0.0000e+00   3.1049e+02
20260803_23:00:00   5.7354e-01   1.2340e+02   1.1333e+01   0.0000e+00   0.0000e+00   3.0917e+02
20260804_00:00:00   5.8037e-01   1.2444e+02   1.1460e+01   0.0000e+00   0.0000e+00   3.0838e+02
20260804_01:00:00   5.6796e-01   1.2262e+02   1.1244e+01   0.0000e+00   0.0000e+00   3.0832e+02
20260804_02:00:00   5.4947e-01   1.1981e+02   1.0905e+01   0.0000e+00   0.0000e+00   3.0734e+02
20260804_03:00:00   5.2757e-01   1.1641e+02   1.0491e+01   0.0000e+00   0.0000e+00   3.0612e+02
20260804_04:00:00   5.0280e-01   1.1249e+02   1.0027e+01   0.0000e+00   0.0000e+00   3.0809e+02
20260804_05:00:00   4.6079e-01   1.0559e+02   9.2269e+00   0.0000e+00   0.0000e+00   3.0904e+02
20260804_06:00:00   4.3878e-01   1.0176e+02   8.8574e+00   0.0000e+00   0.0000e+00   3.0765e+02
20260804_07:00:00   4.4265e-01   1.0216e+02   9.1028e+00   0.0000e+00   0.0000e+00   3.0564e+02
20260804_08:00:00   4.1741e-01   9.7559e+01   8.7015e+00   0.0000e+00   0.0000e+00   3.0395e+02
20260804_09:00:00   4.0394e-01   9.5094e+01   8.4891e+00   0.0000e+00   0.0000e+00   3.0549e+02
20260804_10:00:00   4.7224e-01   1.0715e+02   9.8682e+00   0.0000e+00   0.0000e+00   3.0527e+02
20260804_11:00:00   5.5740e-01   1.2105e+02   1.1487e+01   0.0000e+00   0.0000e+00   3.0504e+02
20260804_12:00:00   5.7760e-01   1.2426e+02   1.1864e+01   0.0000e+00   0.0000e+00   3.0568e+02
20260804_13:00:00   5.9440e-01   1.2683e+02   1.2188e+01   0.0000e+00   0.0000e+00   3.0448e+02
20260804_14:00:00   6.2312e-01   1.3124e+02   1.2685e+01   0.0000e+00   0.0000e+00   3.0363e+02
20260804_15:00:00   6.5783e-01   1.3643e+02   1.3231e+01   0.0000e+00   0.0000e+00   3.0135e+02
20260804_16:00:00   6.6679e-01   1.3790e+02   1.3338e+01   0.0000e+00   0.0000e+00   3.0119e+02
20260804_17:00:00   6.6447e-01   1.3768e+02   1.3299e+01   0.0000e+00   0.0000e+00   3.0286e+02
20260804_18:00:00   6.4537e-01   1.3499e+02   1.3014e+01   0.0000e+00   0.0000e+00   3.0390e+02
20260804_19:00:00   6.2816e-01   1.3242e+02   1.2831e+01   0.0000e+00   1.7172e-05   3.0332e+02
20260804_20:00:00   6.2467e-01   1.3171e+02   1.2895e+01   0.0000e+00   8.6620e-04   3.0343e+02
20260804_21:00:00   6.2047e-01   1.3097e+02   1.2909e+01   0.0000e+00   8.4701e-04   3.0473e+02
20260804_22:00:00   5.9074e-01   1.2661e+02   1.2328e+01   0.0000e+00   1.5306e-04   3.0606e+02
20260804_23:00:00   5.4949e-01   1.2036e+02   1.1473e+01   0.0000e+00   0.0000e+00   3.0624e+02
20260805_00:00:00   5.0920e-01   1.1396e+02   1.0662e+01   0.0000e+00   0.0000e+00   3.0451e+02
20260805_01:00:00   4.6489e-01   1.0660e+02   9.7651e+00   0.0000e+00   0.0000e+00   3.0190e+02
20260805_02:00:00   4.1905e-01   9.8744e+01   8.7628e+00   0.0000e+00   0.0000e+00   3.0048e+02
20260805_03:00:00   3.7452e-01   9.0663e+01   7.8190e+00   0.0000e+00   0.0000e+00   3.0078e+02
20260805_04:00:00   3.5056e-01   8.6043e+01   7.3671e+00   0.0000e+00   0.0000e+00   3.0173e+02
20260805_05:00:00   3.3499e-01   8.2903e+01   7.1060e+00   0.0000e+00   0.0000e+00   3.0287e+02
20260805_06:00:00   3.2631e-01   8.1064e+01   6.9822e+00   0.0000e+00   0.0000e+00   3.0330e+02
20260805_09:00:00   3.8112e-01   9.1350e+01   8.1574e+00   0.0000e+00   0.0000e+00   3.0319e+02
20260805_12:00:00   5.0027e-01   1.1271e+02   1.0292e+01   0.0000e+00   0.0000e+00   3.0093e+02
20260805_15:00:00   5.9380e-01   1.2762e+02   1.2090e+01   0.0000e+00   1.8436e-06   3.0061e+02
20260805_18:00:00   5.7831e-01   1.2521e+02   1.1857e+01   0.0000e+00   0.0000e+00   2.9727e+02
20260805_21:00:00   5.2477e-01   1.1673e+02   1.0892e+01   0.0000e+00   0.0000e+00   3.0081e+02
20260806_00:00:00   5.2524e-01   1.1656e+02   1.0837e+01   0.0000e+00   0.0000e+00   3.0380e+02
20260806_03:00:00   5.9550e-01   1.2709e+02   1.1873e+01   3.7703e-03   5.8670e-03   3.0406e+02
20260806_06:00:00   5.3691e-01   1.1848e+02   1.0813e+01   0.0000e+00   1.1148e-04   3.0699e+02
20260806_09:00:00   5.8483e-01   1.2655e+02   1.1477e+01   0.0000e+00   0.0000e+00   3.0321e+02
20260806_12:00:00   6.1592e-01   1.3117e+02   1.2039e+01   3.2143e-04   1.6048e-04   2.9907e+02
20260806_15:00:00   6.3217e-01   1.3383e+02   1.2308e+01   1.9762e-05   4.2601e-04   2.9827e+02
20260806_18:00:00   5.7349e-01   1.2498e+02   1.1358e+01   0.0000e+00   0.0000e+00   2.9931e+02
20260806_21:00:00   4.8738e-01   1.1109e+02   9.8216e+00   0.0000e+00   0.0000e+00   3.0051e+02
20260807_00:00:00   4.6853e-01   1.0767e+02   9.5353e+00   0.0000e+00   0.0000e+00   2.9813e+02
20260807_03:00:00   4.5685e-01   1.0571e+02   9.2452e+00   0.0000e+00   0.0000e+00   2.9620e+02
20260807_06:00:00   4.4285e-01   1.0319e+02   8.9878e+00   0.0000e+00   0.0000e+00   2.9656e+02
20260807_09:00:00   4.6795e-01   1.0760e+02   9.4423e+00   0.0000e+00   0.0000e+00   2.9530e+02
20260807_12:00:00   4.9129e-01   1.1183e+02   9.8380e+00   0.0000e+00   0.0000e+00   2.9560e+02
20260807_15:00:00   6.5091e-01   1.3679e+02   1.2515e+01   3.2980e-04   6.2535e-05   2.9376e+02
20260807_18:00:00   5.9224e-01   1.2839e+02   1.1486e+01   0.0000e+00   0.0000e+00   2.9329e+02
20260807_21:00:00   4.9907e-01   1.1344e+02   9.9450e+00   0.0000e+00   0.0000e+00   2.9346e+02
20260808_00:00:00   5.0776e-01   1.1464e+02   1.0134e+01   0.0000e+00   0.0000e+00   2.9260e+02
20260808_03:00:00   5.4337e-01   1.2021e+02   1.0735e+01   0.0000e+00   0.0000e+00   2.9514e+02
20260808_06:00:00   5.2242e-01   1.1694e+02   1.0296e+01   0.0000e+00   1.2122e-04   2.9849e+02
20260808_09:00:00   5.0061e-01   1.1328e+02   1.0027e+01   0.0000e+00   9.3920e-04   3.0003e+02
20260808_12:00:00   5.5470e-01   1.2180e+02   1.1164e+01   0.0000e+00   2.3991e-03   2.9981e+02
20260808_15:00:00   8.0664e-01   1.5657e+02   1.5119e+01   1.1424e-02   3.3120e-03   2.9896e+02
20260808_18:00:00   7.2755e-01   1.4615e+02   1.4523e+01   3.3680e-04   5.7480e-05   2.9767e+02
20260808_21:00:00   6.3586e-01   1.3292e+02   1.3110e+01   0.0000e+00   1.9673e-04   2.9921e+02
20260809_00:00:00   6.6887e-01   1.3727e+02   1.3674e+01   0.0000e+00   2.9906e-03   2.9615e+02
20260809_03:00:00   6.4689e-01   1.3443e+02   1.3042e+01   0.0000e+00   6.1600e-06   2.9668e+02
20260809_06:00:00   6.6137e-01   1.3662e+02   1.3180e+01   0.0000e+00   0.0000e+00   2.9645e+02
20260809_09:00:00   6.3116e-01   1.3246e+02   1.2600e+01   0.0000e+00   3.0020e-05   2.9746e+02
20260809_12:00:00   7.1718e-01   1.4396e+02   1.3600e+01   1.6229e-02   1.9818e-02   2.9754e+02
20260809_15:00:00   7.2719e-01   1.4529e+02   1.3919e+01   1.2400e-02   7.0665e-03   2.9848e+02
20260809_18:00:00   7.0905e-01   1.4283e+02   1.3866e+01   2.7797e-03   1.9306e-02   2.9838e+02
20260809_21:00:00   6.2957e-01   1.3221e+02   1.2544e+01   0.0000e+00   0.0000e+00   2.9985e+02
20260810_00:00:00   6.6253e-01   1.3687e+02   1.2981e+01   2.3880e-05   7.1081e-04   2.9896e+02
20260810_03:00:00   7.1792e-01   1.4445e+02   1.3790e+01   0.0000e+00   4.6469e-04   3.0242e+02
20260810_06:00:00   6.7535e-01   1.3890e+02   1.2877e+01   0.0000e+00   9.2180e-06   3.0214e+02
20260810_09:00:00   6.5558e-01   1.3630e+02   1.2296e+01   1.7523e-03   2.9074e-04   3.0098e+02
20260810_12:00:00   6.8951e-01   1.4091e+02   1.1970e+01   2.6460e-02   2.0372e-02   2.9848e+02
20260810_15:00:00   7.1444e-01   1.4466e+02   1.1983e+01   3.4512e-02   8.3349e-03   3.0056e+02
20260810_18:00:00   7.2709e-01   1.4647e+02   1.1627e+01   4.5063e-02   8.3779e-03   3.0327e+02
20260810_21:00:00   5.4639e-01   1.2078e+02   1.0143e+01   2.7460e-03   2.5700e-06   2.9863e+02
20260811_00:00:00   4.1185e-01   9.7779e+01   8.0605e+00   0.0000e+00   0.0000e+00   2.9552e+02
20260811_03:00:00   4.8447e-01   1.1032e+02   9.3217e+00   0.0000e+00   0.0000e+00   2.9442e+02
20260811_06:00:00   5.0359e-01   1.1348e+02   9.5927e+00   0.0000e+00   0.0000e+00   2.9442e+02
20260811_09:00:00   5.7089e-01   1.2446e+02   1.0688e+01   0.0000e+00   0.0000e+00   2.9417e+02
20260811_12:00:00   5.2328e-01   1.1675e+02   9.4953e+00   1.4638e-02   4.7785e-03   2.9200e+02
20260811_15:00:00   4.9663e-01   1.1235e+02   9.1960e+00   1.4215e-02   5.7532e-03   2.9018e+02
20260811_18:00:00   3.6979e-01   9.0318e+01   7.2831e+00   0.0000e+00   0.0000e+00   2.8925e+02
20260811_21:00:00   3.9414e-01   9.4902e+01   7.5984e+00   0.0000e+00   0.0000e+00   2.8828e+02
20260812_00:00:00   3.8462e-01   9.3030e+01   7.4457e+00   0.0000e+00   0.0000e+00   2.8641e+02
20260812_03:00:00   4.1105e-01   9.7954e+01   7.7730e+00   0.0000e+00   0.0000e+00   2.8548e+02
20260812_06:00:00   4.2526e-01   1.0045e+02   7.9708e+00   0.0000e+00   4.0120e-04   2.8653e+02
20260812_09:00:00   2.6822e-01   6.9905e+01   5.2192e+00   0.0000e+00   0.0000e+00   2.8693e+02
20260812_12:00:00   2.9925e-01   7.6016e+01   6.1100e+00   0.0000e+00   0.0000e+00   2.8627e+02
20260812_15:00:00   3.1779e-01   7.9994e+01   6.4516e+00   0.0000e+00   1.8436e-06   2.8478e+02
20260812_18:00:00   3.1307e-01   7.9175e+01   6.2976e+00   0.0000e+00   0.0000e+00   2.8754e+02
20260812_21:00:00   3.3007e-01   8.2503e+01   6.5637e+00   0.0000e+00   0.0000e+00   2.8894e+02
20260813_00:00:00   2.6775e-01   6.9646e+01   5.4080e+00   0.0000e+00   0.0000e+00   2.8779e+02
20260813_03:00:00   2.7102e-01   7.0364e+01   5.4262e+00   0.0000e+00   0.0000e+00   2.8668e+02
20260813_06:00:00   2.9979e-01   7.6360e+01   5.9165e+00   0.0000e+00   0.0000e+00   2.8744e+02
20260813_09:00:00   2.9124e-01   7.4499e+01   5.8197e+00   0.0000e+00   0.0000e+00   2.8690e+02
20260813_12:00:00   2.9258e-01   7.4554e+01   5.9561e+00   1.0244e-04   2.2261e-05   2.8596e+02
20260813_15:00:00   3.6983e-01   8.9441e+01   7.5459e+00   1.4748e-04   8.6220e-04   2.8677e+02
20260813_18:00:00   3.8540e-01   9.2558e+01   7.7607e+00   0.0000e+00   0.0000e+00   2.8835e+02
20260813_21:00:00   4.1806e-01   9.8369e+01   8.4143e+00   0.0000e+00   0.0000e+00   2.8820e+02
20260814_00:00:00   4.7878e-01   1.0868e+02   9.5583e+00   0.0000e+00   0.0000e+00   2.8760e+02
20260814_03:00:00   5.6228e-01   1.2212e+02   1.0910e+01   0.0000e+00   3.5260e-05   2.9169e+02
20260814_06:00:00   6.2828e-01   1.3207e+02   1.2004e+01   0.0000e+00   0.0000e+00   2.9104e+02
20260814_09:00:00   6.5341e-01   1.3548e+02   1.2540e+01   0.0000e+00   1.7958e-05   2.9262e+02
20260814_12:00:00   6.1492e-01   1.2984e+02   1.1986e+01   0.0000e+00   7.3740e-06   2.9360e+02
20260814_15:00:00   6.0391e-01   1.2835e+02   1.1752e+01   8.0660e-06   2.5440e-04   2.9216e+02
20260814_18:00:00   5.0780e-01   1.1384e+02   9.7916e+00   0.0000e+00   0.0000e+00   2.9481e+02
20260814_21:00:00   3.4651e-01   8.5010e+01   6.8638e+00   0.0000e+00   0.0000e+00   3.0044e+02
20260815_00:00:00   2.3176e-01   6.1088e+01   4.7699e+00   0.0000e+00   0.0000e+00   3.0614e+02
20260815_03:00:00   1.7751e-01   4.9115e+01   3.6395e+00   0.0000e+00   0.0000e+00   3.0744e+02
20260815_06:00:00   1.2841e-01   3.7595e+01   2.6394e+00   0.0000e+00   0.0000e+00   3.0607e+02
20260815_09:00:00   1.2598e-01   3.6906e+01   2.6519e+00   0.0000e+00   0.0000e+00   3.0725e+02
20260815_12:00:00   2.1091e-01   5.6775e+01   4.3933e+00   0.0000e+00   0.0000e+00   3.0600e+02
20260815_15:00:00   2.4904e-01   6.5247e+01   5.1947e+00   0.0000e+00   0.0000e+00   3.0227e+02
20260815_18:00:00   2.1887e-01   5.8717e+01   4.6119e+00   0.0000e+00   0.0000e+00   3.0072e+02
20260815_21:00:00   1.7316e-01   4.8329e+01   3.6882e+00   0.0000e+00   0.0000e+00   3.0043e+02
20260816_00:00:00   1.7328e-01   4.8365e+01   3.6683e+00   0.0000e+00   0.0000e+00   2.9806e+02
20260816_03:00:00   1.7955e-01   4.9710e+01   3.8226e+00   0.0000e+00   0.0000e+00   2.9756e+02
20260816_06:00:00   1.8219e-01   5.0500e+01   3.8093e+00   0.0000e+00   0.0000e+00   2.9799e+02
