#            date       tau255        Tb[K]      pwv[mm] lwp[kg*m^-2] iwp[kg*m^-2]       o3[DU]
20260725_00:00:00   3.9302e-01   9.3034e+01   8.3244e+00   0.0000e+00   0.0000e+00   3.0230e+02
20260725_01:00:00   3.7986e-01   9.0501e+01   8.0743e+00   0.0000e+00   0.0000e+00   3.0295e+02
20260725_02:00:00   3.7292e-01   8.9035e+01   7.9235e+00   0.0000e+00   0.0000e+00   3.0372e+02
20260725_03:00:00   3.6386e-01   8.7109e+01   7.7329e+00   0.0000e+00   0.0000e+00   3.0484e+02
20260725_04:00:00   3.5442e-01   8.5143e+01   7.5442e+00   0.0000e+00   5.4320e-05   3.0553e+02
20260725_05:00:00   3.5380e-01   8.4944e+01   7.5240e+00   0.0000e+00   2.1180e-04   3.0532e+02
20260725_06:00:00   3.5125e-01   8.4443e+01   7.4575e+00   0.0000e+00   2.1860e-04   3.0534e+02
20260725_07:00:00   3.4473e-01   8.3210e+01   7.2981e+00   0.0000e+00   4.3420e-04   3.0730e+02
20260725_08:00:00   3.4796e-01   8.3779e+01   7.3622e+00   0.0000e+00   1.8276e-03   3.0811e+02
20260725_09:00:00   3.4357e-01   8.3006e+01   7.2795e+00   0.0000e+00   1.7304e-04   3.0727e+02
20260725_10:00:00   3.4088e-01   8.2527e+01   7.2131e+00   0.0000e+00   2.5700e-06   3.0845e+02
20260725_11:00:00   3.3780e-01   8.1939e+01   7.1386e+00   0.0000e+00   2.5700e-06   3.0933e+02
20260725_12:00:00   3.2736e-01   8.0009e+01   6.9177e+00   0.0000e+00   9.2180e-07   3.0929e+02
20260725_13:00:00   3.1547e-01   7.7756e+01   6.6770e+00   0.0000e+00   0.0000e+00   3.0943e+02
20260725_14:00:00   3.0301e-01   7.5268e+01   6.4222e+00   0.0000e+00   0.0000e+00   3.1131e+02
20260725_15:00:00   2.9698e-01   7.4019e+01   6.2957e+00   0.0000e+00   0.0000e+00   3.1272e+02
20260725_16:00:00   2.8647e-01   7.1914e+01   6.0770e+00   0.0000e+00   0.0000e+00   3.1301e+02
20260725_17:00:00   2.7297e-01   6.9171e+01   5.8017e+00   0.0000e+00   0.0000e+00   3.1222e+02
20260725_18:00:00   2.6424e-01   6.7344e+01   5.6289e+00   0.0000e+00   0.0000e+00   3.1141e+02
20260725_19:00:00   2.6653e-01   6.7810e+01   5.6762e+00   0.0000e+00   0.0000e+00   3.1086e+02
20260725_20:00:00   2.5911e-01   6.6325e+01   5.5240e+00   0.0000e+00   0.0000e+00   3.1063e+02
20260725_21:00:00   2.3735e-01   6.1764e+01   5.0756e+00   0.0000e+00   0.0000e+00   3.1312e+02
20260725_22:00:00   2.0571e-01   5.5011e+01   4.4160e+00   0.0000e+00   0.0000e+00   3.1236e+02
20260725_23:00:00   1.6790e-01   4.6449e+01   3.6112e+00   0.0000e+00   0.0000e+00   3.1258e+02
20260726_00:00:00   1.4614e-01   4.1389e+01   3.1217e+00   0.0000e+00   0.0000e+00   3.1274e+02
20260726_01:00:00   1.3839e-01   3.9519e+01   2.9439e+00   0.0000e+00   0.0000e+00   3.1319e+02
20260726_02:00:00   1.3192e-01   3.7955e+01   2.7909e+00   0.0000e+00   0.0000e+00   3.1413e+02
20260726_03:00:00   1.2975e-01   3.7435e+01   2.7285e+00   0.0000e+00   0.0000e+00   3.1388e+02
20260726_04:00:00   1.2836e-01   3.7113e+01   2.6843e+00   0.0000e+00   0.0000e+00   3.1413e+02
20260726_05:00:00   1.2896e-01   3.7238e+01   2.6968e+00   0.0000e+00   0.0000e+00   3.1658e+02
20260726_06:00:00   1.2662e-01   3.6670e+01   2.6439e+00   0.0000e+00   0.0000e+00   3.1980e+02
20260726_07:00:00   1.2916e-01   3.7267e+01   2.7000e+00   0.0000e+00   0.0000e+00   3.2188e+02
20260726_08:00:00   1.3181e-01   3.7882e+01   2.7591e+00   0.0000e+00   0.0000e+00   3.2906e+02
20260726_09:00:00   1.3991e-01   3.9831e+01   2.9203e+00   0.0000e+00   0.0000e+00   3.3397e+02
20260726_10:00:00   1.5672e-01   4.3849e+01   3.2465e+00   0.0000e+00   0.0000e+00   3.3514e+02
20260726_11:00:00   1.8570e-01   5.0627e+01   3.7947e+00   0.0000e+00   0.0000e+00   3.3346e+02
20260726_12:00:00   2.0128e-01   5.4151e+01   4.1267e+00   0.0000e+00   0.0000e+00   3.3415e+02
20260726_13:00:00   2.1167e-01   5.6482e+01   4.3681e+00   0.0000e+00   0.0000e+00   3.3387e+02
20260726_14:00:00   2.2758e-01   6.0029e+01   4.6864e+00   0.0000e+00   0.0000e+00   3.3298e+02
20260726_15:00:00   2.3307e-01   6.1295e+01   4.7999e+00   0.0000e+00   0.0000e+00   3.3029e+02
20260726_16:00:00   2.3107e-01   6.0904e+01   4.7821e+00   0.0000e+00   0.0000e+00   3.2871e+02
20260726_17:00:00   2.2467e-01   5.9529e+01   4.6768e+00   0.0000e+00   0.0000e+00   3.2814e+02
20260726_18:00:00   2.2583e-01   5.9795e+01   4.6940e+00   0.0000e+00   0.0000e+00   3.2563e+02
20260726_19:00:00   2.1743e-01   5.7973e+01   4.5190e+00   0.0000e+00   0.0000e+00   3.2548e+02
20260726_20:00:00   1.9535e-01   5.3070e+01   4.0831e+00   0.0000e+00   0.0000e+00   3.2650e+02
20260726_21:00:00   1.7861e-01   4.9303e+01   3.7511e+00   0.0000e+00   0.0000e+00   3.2879e+02
20260726_22:00:00   1.6474e-01   4.6142e+01   3.4541e+00   0.0000e+00   0.0000e+00   3.2844e+02
20260726_23:00:00   1.5527e-01   4.3928e+01   3.2517e+00   0.0000e+00   0.0000e+00   3.2896e+02
20260727_00:00:00   1.5319e-01   4.3466e+01   3.1933e+00   0.0000e+00   0.0000e+00   3.2798e+02
20260727_01:00:00   1.5174e-01   4.3148e+01   3.1496e+00   0.0000e+00   0.0000e+00   3.2692e+02
20260727_02:00:00   1.3833e-01   3.9955e+01   2.8782e+00   0.0000e+00   0.0000e+00   3.2543e+02
20260727_03:00:00   1.2918e-01   3.7764e+01   2.6852e+00   0.0000e+00   0.0000e+00   3.2543e+02
20260727_04:00:00   1.2755e-01   3.7386e+01   2.6405e+00   0.0000e+00   0.0000e+00   3.2442e+02
20260727_05:00:00   1.2720e-01   3.7297e+01   2.6345e+00   0.0000e+00   0.0000e+00   3.2248e+02
20260727_06:00:00   1.4937e-01   4.2471e+01   3.1726e+00   0.0000e+00   0.0000e+00   3.2161e+02
20260727_07:00:00   1.5428e-01   4.3637e+01   3.2780e+00   0.0000e+00   0.0000e+00   3.2126e+02
20260727_08:00:00   1.5487e-01   4.3788e+01   3.2914e+00   0.0000e+00   0.0000e+00   3.1922e+02
20260727_09:00:00   1.7978e-01   4.9504e+01   3.8484e+00   0.0000e+00   0.0000e+00   3.1697e+02
20260727_10:00:00   1.9803e-01   5.3734e+01   4.2086e+00   0.0000e+00   0.0000e+00   3.1418e+02
20260727_11:00:00   2.2189e-01   5.9182e+01   4.6523e+00   0.0000e+00   0.0000e+00   3.1295e+02
20260727_12:00:00   2.5617e-01   6.6718e+01   5.2871e+00   0.0000e+00   0.0000e+00   3.1412e+02
20260727_13:00:00   2.7635e-01   7.1124e+01   5.6348e+00   0.0000e+00   0.0000e+00   3.1342e+02
20260727_14:00:00   2.9795e-01   7.5610e+01   6.0683e+00   0.0000e+00   0.0000e+00   3.1243e+02
20260727_15:00:00   3.1079e-01   7.8267e+01   6.3336e+00   0.0000e+00   0.0000e+00   3.1126e+02
20260727_16:00:00   3.2143e-01   8.0422e+01   6.5496e+00   0.0000e+00   0.0000e+00   3.0976e+02
20260727_17:00:00   3.0947e-01   7.8082e+01   6.3143e+00   0.0000e+00   0.0000e+00   3.0826e+02
20260727_18:00:00   2.9388e-01   7.4923e+01   6.0156e+00   0.0000e+00   0.0000e+00   3.0977e+02
20260727_19:00:00   2.6606e-01   6.9123e+01   5.4852e+00   0.0000e+00   0.0000e+00   3.1171e+02
20260727_20:00:00   2.4931e-01   6.5551e+01   5.1521e+00   0.0000e+00   0.0000e+00   3.1167e+02
20260727_21:00:00   2.3882e-01   6.3267e+01   4.9584e+00   0.0000e+00   0.0000e+00   3.1227e+02
20260727_22:00:00   2.5891e-01   6.7374e+01   5.4975e+00   0.0000e+00   0.0000e+00   3.1319e+02
20260727_23:00:00   3.3184e-01   8.2257e+01   6.9858e+00   0.0000e+00   1.9888e-04   3.1285e+02
20260728_00:00:00   3.5584e-01   8.6871e+01   7.5036e+00   0.0000e+00   1.6580e-04   3.1258e+02
20260728_01:00:00   3.9677e-01   9.4306e+01   8.3649e+00   0.0000e+00   0.0000e+00   3.0857e+02
20260728_02:00:00   4.4282e-01   1.0239e+02   9.2839e+00   0.0000e+00   4.4980e-05   3.0756e+02
20260728_03:00:00   4.8289e-01   1.0911e+02   1.0049e+01   0.0000e+00   1.5944e-04   3.0676e+02
20260728_04:00:00   4.8766e-01   1.0999e+02   1.0112e+01   0.0000e+00   2.5700e-06   3.0605e+02
20260728_05:00:00   4.9818e-01   1.1182e+02   1.0272e+01   0.0000e+00   0.0000e+00   3.0609e+02
20260728_06:00:00   5.1628e-01   1.1493e+02   1.0562e+01   0.0000e+00   1.5970e-04   3.0876e+02
20260728_07:00:00   5.3880e-01   1.1860e+02   1.0982e+01   0.0000e+00   6.5998e-04   3.0879e+02
20260728_08:00:00   5.3727e-01   1.1839e+02   1.0963e+01   0.0000e+00   3.9740e-04   3.0748e+02
20260728_09:00:00   5.2185e-01   1.1602e+02   1.0720e+01   0.0000e+00   9.0100e-05   3.0661e+02
20260728_10:00:00   5.1046e-01   1.1431e+02   1.0523e+01   0.0000e+00   1.5868e-04   3.0586e+02
20260728_11:00:00   5.3031e-01   1.1756e+02   1.0915e+01   0.0000e+00   1.9374e-04   3.0367e+02
20260728_12:00:00   5.5011e-01   1.2063e+02   1.1319e+01   0.0000e+00   1.1104e-03   3.0182e+02
20260728_13:00:00   5.5164e-01   1.2086e+02   1.1369e+01   0.0000e+00   2.1400e-03   3.0221e+02
20260728_14:00:00   5.4002e-01   1.1912e+02   1.1183e+01   0.0000e+00   3.3325e-03   3.0172e+02
20260728_15:00:00   5.3190e-01   1.1776e+02   1.1077e+01   4.5114e-05   2.5568e-03   3.0070e+02
20260728_16:00:00   5.0034e-01   1.1260e+02   1.0525e+01   2.3040e-06   1.2872e-03   2.9947e+02
20260728_17:00:00   4.7863e-01   1.0896e+02   1.0141e+01   0.0000e+00   7.3880e-04   3.0059e+02
20260728_18:00:00   4.7164e-01   1.0773e+02   1.0020e+01   0.0000e+00   5.6080e-04   2.9876e+02
20260728_19:00:00   4.6154e-01   1.0604e+02   9.8261e+00   0.0000e+00   8.2960e-05   2.9882e+02
20260728_20:00:00   4.3506e-01   1.0149e+02   9.3366e+00   0.0000e+00   0.0000e+00   2.9790e+02
20260728_21:00:00   4.2844e-01   1.0030e+02   9.2257e+00   0.0000e+00   0.0000e+00   2.9456e+02
20260728_22:00:00   4.4218e-01   1.0257e+02   9.5092e+00   0.0000e+00   0.0000e+00   2.9108e+02
20260728_23:00:00   4.5458e-01   1.0459e+02   9.7632e+00   0.0000e+00   0.0000e+00   2.8919e+02
20260729_00:00:00   4.6006e-01   1.0546e+02   9.8638e+00   0.0000e+00   0.0000e+00   2.9068e+02
20260729_01:00:00   4.7402e-01   1.0779e+02   1.0126e+01   0.0000e+00   0.0000e+00   2.9223e+02
20260729_02:00:00   4.9562e-01   1.1133e+02   1.0538e+01   0.0000e+00   0.0000e+00   2.9303e+02
20260729_03:00:00   4.9076e-01   1.1064e+02   1.0417e+01   0.0000e+00   0.0000e+00   2.9327e+02
20260729_04:00:00   5.0028e-01   1.1198e+02   1.0643e+01   0.0000e+00   0.0000e+00   2.9318e+02
20260729_05:00:00   5.0634e-01   1.1294e+02   1.0743e+01   0.0000e+00   0.0000e+00   2.9426e+02
20260729_06:00:00   5.2624e-01   1.1610e+02   1.1110e+01   0.0000e+00   2.7172e-04   2.9439e+02
20260729_07:00:00   5.1990e-01   1.1515e+02   1.0992e+01   0.0000e+00   9.0499e-05   2.9290e+02
20260729_08:00:00   5.3283e-01   1.1719e+02   1.1250e+01   0.0000e+00   4.4846e-04   2.9287e+02
20260729_09:00:00   5.4667e-01   1.1937e+02   1.1523e+01   0.0000e+00   6.0543e-04   2.9356e+02
20260729_10:00:00   5.5316e-01   1.2036e+02   1.1651e+01   0.0000e+00   5.2075e-03   2.9323e+02
20260729_11:00:00   5.4869e-01   1.1970e+02   1.1571e+01   0.0000e+00   1.4637e-03   2.9276e+02
20260729_12:00:00   5.4810e-01   1.1964e+02   1.1569e+01   5.1882e-05   7.2185e-04   2.9308e+02
20260729_13:00:00   5.4764e-01   1.1966e+02   1.1528e+01   8.0297e-04   6.0059e-04   2.9248e+02
20260729_14:00:00   5.5134e-01   1.2031e+02   1.1574e+01   1.4112e-03   5.7760e-03   2.9203e+02
20260729_15:00:00   5.4961e-01   1.2010e+02   1.1557e+01   1.0884e-03   8.7182e-03   2.9236e+02
20260729_16:00:00   5.4410e-01   1.1931e+02   1.1460e+01   6.4360e-04   4.7981e-03   2.9188e+02
20260729_17:00:00   5.3556e-01   1.1805e+02   1.1330e+01   0.0000e+00   1.6638e-04   2.9235e+02
20260729_18:00:00   5.1529e-01   1.1493e+02   1.0929e+01   0.0000e+00   0.0000e+00   2.9170e+02
20260729_19:00:00   4.8840e-01   1.1067e+02   1.0387e+01   0.0000e+00   0.0000e+00   2.9209e+02
20260729_20:00:00   4.7889e-01   1.0909e+02   1.0205e+01   0.0000e+00   0.0000e+00   2.9244e+02
20260729_21:00:00   4.7711e-01   1.0863e+02   1.0235e+01   0.0000e+00   0.0000e+00   2.9334e+02
20260729_22:00:00   4.7375e-01   1.0792e+02   1.0216e+01   0.0000e+00   0.0000e+00   2.9326e+02
20260729_23:00:00   4.7595e-01   1.0808e+02   1.0306e+01   0.0000e+00   0.0000e+00   2.9268e+02
20260730_00:00:00   4.8596e-01   1.0954e+02   1.0534e+01   0.0000e+00   0.0000e+00   2.9185e+02
20260730_03:00:00   5.1390e-01   1.1386e+02   1.1031e+01   0.0000e+00   8.7528e-04   2.9046e+02
20260730_06:00:00   5.2768e-01   1.1596e+02   1.1282e+01   0.0000e+00   1.1300e-04   2.9097e+02
20260730_09:00:00   5.1564e-01   1.1432e+02   1.1002e+01   0.0000e+00   1.7172e-05   2.9301e+02
20260730_12:00:00   5.4799e-01   1.1949e+02   1.1694e+01   0.0000e+00   5.3526e-02   2.9100e+02
20260730_15:00:00   6.0170e-01   1.2771e+02   1.2712e+01   0.0000e+00   1.3054e-01   2.9007e+02
20260730_18:00:00   5.6913e-01   1.2293e+02   1.2156e+01   0.0000e+00   6.0054e-02   2.9159e+02
20260730_21:00:00   4.9162e-01   1.1063e+02   1.0585e+01   0.0000e+00   3.2980e-04   2.9283e+02
20260731_00:00:00   4.5466e-01   1.0428e+02   9.8197e+00   0.0000e+00   0.0000e+00   2.9176e+02
20260731_03:00:00   4.7028e-01   1.0684e+02   1.0048e+01   0.0000e+00   4.1598e-04   2.9257e+02
20260731_06:00:00   4.8196e-01   1.0867e+02   1.0199e+01   0.0000e+00   1.3299e-02   2.9186e+02
20260731_09:00:00   4.2835e-01   9.9661e+01   9.1790e+00   0.0000e+00   1.4203e-02   2.9287e+02
20260731_12:00:00   4.2285e-01   9.8706e+01   9.0699e+00   0.0000e+00   4.7142e-03   2.9345e+02
20260731_15:00:00   4.6945e-01   1.0731e+02   9.8951e+00   0.0000e+00   2.0902e-03   2.9426e+02
20260731_18:00:00   5.2799e-01   1.1695e+02   1.1057e+01   0.0000e+00   1.6861e-04   2.9435e+02
20260731_21:00:00   4.7136e-01   1.0706e+02   1.0119e+01   0.0000e+00   0.0000e+00   2.9682e+02
20260801_00:00:00   4.5032e-01   1.0351e+02   9.6257e+00   0.0000e+00   0.0000e+00   2.9595e+02
20260801_03:00:00   4.8471e-01   1.0909e+02   1.0274e+01   0.0000e+00   0.0000e+00   2.9816e+02
20260801_06:00:00   4.6265e-01   1.0539e+02   9.8213e+00   0.0000e+00   0.0000e+00   3.0047e+02
20260801_09:00:00   4.5774e-01   1.0451e+02   9.7547e+00   0.0000e+00   0.0000e+00   3.0016e+02
20260801_12:00:00   4.9643e-01   1.1140e+02   1.0472e+01   0.0000e+00   0.0000e+00   2.9935e+02
20260801_15:00:00   5.3459e-01   1.1775e+02   1.1192e+01   5.8803e-05   2.2236e-03   2.9815e+02
20260801_18:00:00   4.7484e-01   1.0790e+02   1.0069e+01   0.0000e+00   0.0000e+00   2.9895e+02
20260801_21:00:00   3.9705e-01   9.4153e+01   8.5762e+00   0.0000e+00   0.0000e+00   3.0087e+02
20260802_00:00:00   3.8246e-01   9.1425e+01   8.2338e+00   0.0000e+00   0.0000e+00   3.0068e+02
20260802_03:00:00   3.7588e-01   9.0241e+01   8.0374e+00   0.0000e+00   0.0000e+00   2.9872e+02
20260802_06:00:00   3.6368e-01   8.8022e+01   7.7300e+00   0.0000e+00   0.0000e+00   2.9986e+02
20260802_09:00:00   3.4654e-01   8.4716e+01   7.3677e+00   0.0000e+00   0.0000e+00   3.0064e+02
20260802_12:00:00   3.5716e-01   8.6730e+01   7.5728e+00   0.0000e+00   0.0000e+00   2.9722e+02
20260802_15:00:00   3.5671e-01   8.6579e+01   7.6045e+00   0.0000e+00   0.0000e+00   2.9958e+02
20260802_18:00:00   3.4537e-01   8.4127e+01   7.4779e+00   0.0000e+00   1.8642e-02   2.9967e+02
20260802_21:00:00   3.8403e-01   9.1606e+01   8.1531e+00   0.0000e+00   0.0000e+00   3.0765e+02
20260803_00:00:00   3.9812e-01   9.4204e+01   8.3432e+00   0.0000e+00   1.8020e-04   3.0982e+02
20260803_03:00:00   3.4691e-01   8.4281e+01   7.4031e+00   0.0000e+00   6.2599e-04   3.0685e+02
20260803_06:00:00   3.8310e-01   9.0711e+01   8.2757e+00   0.0000e+00   1.6660e-02   3.0670e+02
20260803_09:00:00   4.4515e-01   1.0158e+02   9.5316e+00   0.0000e+00   4.9060e-03   3.0829e+02
20260803_12:00:00   4.4125e-01   1.0052e+02   9.5268e+00   0.0000e+00   3.4460e-02   3.0857e+02
20260803_15:00:00   4.1279e-01   9.5434e+01   9.0071e+00   0.0000e+00   1.4529e-02   3.0356e+02
20260803_18:00:00   3.9446e-01   9.1945e+01   8.7754e+00   0.0000e+00   1.0170e-04   2.9698e+02
20260803_21:00:00   3.8093e-01   8.9546e+01   8.5672e+00   0.0000e+00   0.0000e+00   2.9948e+02
20260804_00:00:00   4.2579e-01   9.8168e+01   9.3212e+00   0.0000e+00   0.0000e+00   3.0112e+02
20260804_03:00:00   5.1783e-01   1.1443e+02   1.0921e+01   0.0000e+00   0.0000e+00   3.0024e+02
20260804_06:00:00   4.3149e-01   9.9756e+01   9.3348e+00   0.0000e+00   0.0000e+00   3.0083e+02
20260804_09:00:00   4.1109e-01   9.6303e+01   8.8633e+00   0.0000e+00   0.0000e+00   3.0151e+02
20260804_12:00:00   4.3466e-01   1.0066e+02   9.2925e+00   0.0000e+00   0.0000e+00   2.9860e+02
20260804_15:00:00   4.6307e-01   1.0581e+02   9.9197e+00   0.0000e+00   0.0000e+00   2.9782e+02
20260804_18:00:00   3.8256e-01   9.1148e+01   8.5688e+00   0.0000e+00   0.0000e+00   2.9574e+02
20260804_21:00:00   3.3569e-01   8.2366e+01   7.5863e+00   0.0000e+00   0.0000e+00   2.9327e+02
20260805_00:00:00   2.3798e-01   6.2047e+01   5.5378e+00   0.0000e+00   0.0000e+00   2.9257e+02
20260805_03:00:00   3.2412e-01   8.0051e+01   7.2906e+00   0.0000e+00   0.0000e+00   2.9290e+02
20260805_06:00:00   3.7179e-01   8.9237e+01   8.1539e+00   0.0000e+00   0.0000e+00   2.9374e+02
20260805_09:00:00   4.1042e-01   9.6657e+01   8.8188e+00   0.0000e+00   0.0000e+00   2.9510e+02
20260805_12:00:00   4.6885e-01   1.0737e+02   9.8532e+00   0.0000e+00   0.0000e+00   2.9495e+02
20260805_15:00:00   4.8473e-01   1.1029e+02   1.0194e+01   0.0000e+00   0.0000e+00   2.9089e+02
20260805_18:00:00   4.8790e-01   1.1072e+02   1.0307e+01   0.0000e+00   0.0000e+00   2.9258e+02
20260805_21:00:00   5.3573e-01   1.1831e+02   1.1181e+01   0.0000e+00   0.0000e+00   2.9489e+02
20260806_00:00:00   5.7082e-01   1.2360e+02   1.1816e+01   8.5860e-06   5.0539e-04   2.9140e+02
20260806_03:00:00   6.3928e-01   1.3360e+02   1.2962e+01   0.0000e+00   3.4703e-03   2.8757e+02
20260806_06:00:00   6.2870e-01   1.3210e+02   1.2726e+01   4.7140e-05   3.5843e-03   2.9118e+02
20260806_09:00:00   6.0458e-01   1.2840e+02   1.2449e+01   0.0000e+00   6.8680e-06   2.9248e+02
20260806_12:00:00   6.6110e-01   1.3614e+02   1.3565e+01   1.8144e-03   2.0440e-02   2.8967e+02
20260806_15:00:00   7.1385e-01   1.4381e+02   1.4254e+01   5.1211e-03   1.9735e-02   2.9059e+02
20260806_18:00:00   6.6965e-01   1.3855e+02   1.3413e+01   0.0000e+00   2.0480e-04   2.9115e+02
20260806_21:00:00   5.7654e-01   1.2503e+02   1.1674e+01   0.0000e+00   0.0000e+00   2.9033e+02
20260807_00:00:00   5.7156e-01   1.2428e+02   1.1512e+01   0.0000e+00   1.2212e-03   2.8790e+02
20260807_03:00:00   5.1323e-01   1.1514e+02   1.0275e+01   0.0000e+00   2.4064e-03   2.8910e+02
20260807_06:00:00   4.6417e-01   1.0676e+02   9.4113e+00   0.0000e+00   1.1375e-02   2.8926e+02
20260807_09:00:00   4.6927e-01   1.0731e+02   9.6145e+00   0.0000e+00   7.7099e-04   2.9063e+02
20260807_12:00:00   5.2881e-01   1.1716e+02   1.0634e+01   1.9274e-05   8.8884e-04   2.9111e+02
20260807_15:00:00   4.7212e-01   1.0801e+02   9.5779e+00   1.8896e-04   3.3918e-03   2.9125e+02
20260807_18:00:00   4.2579e-01   1.0014e+02   8.6048e+00   0.0000e+00   0.0000e+00   2.9027e+02
20260807_21:00:00   4.3331e-01   1.0121e+02   8.8524e+00   0.0000e+00   0.0000e+00   2.9294e+02
20260808_00:00:00   4.1382e-01   9.7655e+01   8.4772e+00   0.0000e+00   0.0000e+00   2.9268e+02
20260808_03:00:00   3.9241e-01   9.3736e+01   7.9825e+00   0.0000e+00   8.5860e-06   2.9126e+02
20260808_06:00:00   3.7118e-01   8.9710e+01   7.5653e+00   0.0000e+00   0.0000e+00   2.9355e+02
20260808_09:00:00   3.6695e-01   8.8898e+01   7.4390e+00   0.0000e+00   0.0000e+00   2.9457e+02
20260808_12:00:00   3.6317e-01   8.8175e+01   7.3940e+00   0.0000e+00   0.0000e+00   2.9429e+02
20260808_15:00:00   3.4858e-01   8.5682e+01   7.0358e+00   0.0000e+00   0.0000e+00   2.9512e+02
20260808_18:00:00   2.3411e-01   6.2116e+01   4.8851e+00   0.0000e+00   0.0000e+00   2.9704e+02
20260808_21:00:00   1.8372e-01   5.0454e+01   4.0335e+00   0.0000e+00   0.0000e+00   2.9772e+02
20260809_00:00:00   1.6911e-01   4.7045e+01   3.7132e+00   0.0000e+00   0.0000e+00   2.9432e+02
20260809_03:00:00   1.5509e-01   4.3814e+01   3.3601e+00   0.0000e+00   0.0000e+00   2.9550e+02
20260809_06:00:00   1.3855e-01   4.0066e+01   2.9193e+00   0.0000e+00   0.0000e+00   2.9367e+02
20260809_09:00:00   1.2625e-01   3.7264e+01   2.5833e+00   0.0000e+00   0.0000e+00   2.9444e+02
20260809_12:00:00   1.3106e-01   3.8506e+01   2.6742e+00   0.0000e+00   0.0000e+00   2.9292e+02
20260809_15:00:00   1.6534e-01   4.6674e+01   3.3848e+00   0.0000e+00   0.0000e+00   2.9361e+02
20260809_18:00:00   1.3711e-01   3.9998e+01   2.8023e+00   0.0000e+00   0.0000e+00   2.9402e+02
20260809_21:00:00   1.3092e-01   3.8384e+01   2.6989e+00   0.0000e+00   0.0000e+00   2.9732e+02
20260810_00:00:00   1.5668e-01   4.4443e+01   3.2379e+00   0.0000e+00   0.0000e+00   2.9701e+02
