#            date       tau255        Tb[K]      pwv[mm] lwp[kg*m^-2] iwp[kg*m^-2]       o3[DU]
20260903_00:00:00   4.0793e-01   9.6592e+01   8.0124e+00   0.0000e+00   7.0840e-05   2.9241e+02
20260903_01:00:00   3.4897e-01   8.5356e+01   7.0697e+00   0.0000e+00   1.5664e-05   2.9307e+02
20260903_02:00:00   3.0492e-01   7.6466e+01   6.3628e+00   0.0000e+00   0.0000e+00   2.9197e+02
20260903_03:00:00   3.0391e-01   7.6115e+01   6.4329e+00   0.0000e+00   1.3738e-04   2.9067e+02
20260903_04:00:00   3.1621e-01   7.8452e+01   6.7292e+00   0.0000e+00   3.1500e-04   2.8956e+02
20260903_05:00:00   3.3896e-01   8.2922e+01   7.1663e+00   0.0000e+00   8.5860e-06   2.8955e+02
20260903_06:00:00   3.5795e-01   8.6586e+01   7.5461e+00   0.0000e+00   1.7172e-05   2.9013e+02
20260903_07:00:00   3.8401e-01   9.1494e+01   8.0577e+00   0.0000e+00   8.5860e-06   2.9081e+02
20260903_08:00:00   4.0745e-01   9.5849e+01   8.4799e+00   0.0000e+00   0.0000e+00   2.9128e+02
20260903_09:00:00   4.1574e-01   9.7381e+01   8.6451e+00   0.0000e+00   0.0000e+00   2.9117e+02
20260903_10:00:00   4.4264e-01   1.0225e+02   9.1014e+00   0.0000e+00   0.0000e+00   2.9233e+02
20260903_11:00:00   4.8336e-01   1.0937e+02   9.7715e+00   0.0000e+00   0.0000e+00   2.9190e+02
20260903_12:00:00   5.3422e-01   1.1798e+02   1.0576e+01   0.0000e+00   0.0000e+00   2.9108e+02
20260903_13:00:00   5.9208e-01   1.2712e+02   1.1209e+01   7.6930e-03   1.4930e-04   2.9176e+02
20260903_14:00:00   7.5898e-01   1.5011e+02   1.1696e+01   6.4000e-02   7.5140e-04   2.9009e+02
20260903_15:00:00   7.7955e-01   1.5283e+02   1.2020e+01   6.2872e-02   1.7708e-03   2.8872e+02
20260903_16:00:00   6.0021e-01   1.2888e+02   1.1457e+01   4.3286e-04   3.4919e-06   2.8927e+02
20260903_17:00:00   5.4704e-01   1.2057e+02   1.0678e+01   0.0000e+00   2.5520e-05   2.8998e+02
20260903_18:00:00   5.5755e-01   1.2212e+02   1.0681e+01   4.5655e-03   3.4978e-05   2.8939e+02
20260903_19:00:00   5.7408e-01   1.2479e+02   1.1008e+01   1.6922e-04   7.7100e-06   2.8810e+02
20260903_20:00:00   4.8990e-01   1.1126e+02   9.5990e+00   0.0000e+00   0.0000e+00   2.8755e+02
20260903_21:00:00   4.2658e-01   1.0021e+02   8.5501e+00   0.0000e+00   0.0000e+00   2.8879e+02
20260903_22:00:00   4.0445e-01   9.6059e+01   8.1993e+00   0.0000e+00   0.0000e+00   2.8834e+02
20260903_23:00:00   4.2155e-01   9.8920e+01   8.5529e+00   0.0000e+00   0.0000e+00   2.8844e+02
20260904_00:00:00   3.9205e-01   9.3490e+01   8.0693e+00   0.0000e+00   0.0000e+00   2.8784e+02
20260904_01:00:00   3.7263e-01   8.9855e+01   7.7213e+00   0.0000e+00   0.0000e+00   2.8602e+02
20260904_02:00:00   3.7160e-01   8.9575e+01   7.7158e+00   0.0000e+00   0.0000e+00   2.8506e+02
20260904_03:00:00   3.6335e-01   8.7983e+01   7.5451e+00   0.0000e+00   0.0000e+00   2.8543e+02
20260904_04:00:00   3.4721e-01   8.4836e+01   7.2467e+00   0.0000e+00   1.4368e-04   2.8555e+02
20260904_05:00:00   3.3332e-01   8.2054e+01   7.0080e+00   0.0000e+00   0.0000e+00   2.8585e+02
20260904_06:00:00   3.2519e-01   8.0375e+01   6.8808e+00   0.0000e+00   1.9928e-03   2.8621e+02
20260904_07:00:00   3.2270e-01   7.9783e+01   6.8668e+00   0.0000e+00   1.9474e-03   2.8639e+02
20260904_08:00:00   3.2443e-01   8.0121e+01   6.9015e+00   0.0000e+00   2.5440e-03   2.8696e+02
20260904_09:00:00   3.3547e-01   8.2277e+01   7.1162e+00   0.0000e+00   2.3660e-03   2.8704e+02
20260904_10:00:00   3.5256e-01   8.5595e+01   7.4678e+00   0.0000e+00   7.1450e-03   2.8765e+02
20260904_11:00:00   3.8655e-01   9.2159e+01   8.0909e+00   0.0000e+00   2.5121e-03   2.8776e+02
20260904_12:00:00   4.4620e-01   1.0307e+02   9.1413e+00   0.0000e+00   3.7506e-02   2.8728e+02
20260904_13:00:00   4.8723e-01   1.1021e+02   9.8514e+00   0.0000e+00   3.6312e-02   2.8684e+02
20260904_14:00:00   5.2113e-01   1.1592e+02   1.0400e+01   0.0000e+00   1.2006e-02   2.8734e+02
20260904_15:00:00   5.1126e-01   1.1430e+02   1.0277e+01   0.0000e+00   6.5966e-04   2.8779e+02
20260904_16:00:00   5.0133e-01   1.1257e+02   1.0169e+01   0.0000e+00   6.1460e-05   2.8734e+02
20260904_17:00:00   4.9586e-01   1.1164e+02   1.0092e+01   0.0000e+00   1.3166e-04   2.8667e+02
20260904_18:00:00   4.9988e-01   1.1222e+02   1.0171e+01   0.0000e+00   2.2920e-03   2.8648e+02
20260904_19:00:00   4.6124e-01   1.0571e+02   9.4726e+00   0.0000e+00   3.2840e-03   2.8701e+02
20260904_20:00:00   4.1149e-01   9.6940e+01   8.5635e+00   0.0000e+00   1.6698e-03   2.8694e+02
20260904_21:00:00   3.8587e-01   9.2229e+01   8.1056e+00   0.0000e+00   1.2719e-03   2.8715e+02
20260904_22:00:00   4.1427e-01   9.7401e+01   8.6197e+00   0.0000e+00   4.1177e-03   2.8724e+02
20260904_23:00:00   4.4065e-01   1.0197e+02   9.1385e+00   0.0000e+00   6.9640e-03   2.8733e+02
20260905_00:00:00   4.3322e-01   1.0049e+02   9.1007e+00   0.0000e+00   5.3185e-03   2.8651e+02
20260905_01:00:00   4.3670e-01   1.0083e+02   9.2390e+00   0.0000e+00   2.3874e-03   2.8617e+02
20260905_02:00:00   4.0539e-01   9.4880e+01   8.7436e+00   0.0000e+00   2.4124e-03   2.8669e+02
20260905_03:00:00   3.8730e-01   9.1202e+01   8.4940e+00   0.0000e+00   7.6366e-03   2.8678e+02
20260905_04:00:00   4.0419e-01   9.4092e+01   8.8391e+00   0.0000e+00   6.4584e-03   2.8762e+02
20260905_05:00:00   4.1757e-01   9.6379e+01   9.1088e+00   0.0000e+00   1.9764e-02   2.8896e+02
20260905_06:00:00   4.2605e-01   9.7783e+01   9.2802e+00   0.0000e+00   2.1967e-02   2.9017e+02
20260905_07:00:00   4.3239e-01   9.8702e+01   9.4430e+00   0.0000e+00   7.0134e-02   2.9211e+02
20260905_08:00:00   4.3510e-01   9.9071e+01   9.4905e+00   0.0000e+00   3.3060e-02   2.9219e+02
20260905_09:00:00   4.2748e-01   9.7672e+01   9.3753e+00   0.0000e+00   2.8764e-02   2.9138e+02
20260905_10:00:00   4.2992e-01   9.8177e+01   9.3997e+00   0.0000e+00   6.1906e-02   2.9095e+02
20260905_11:00:00   4.5246e-01   1.0222e+02   9.7380e+00   0.0000e+00   2.0226e-01   2.8920e+02
20260905_12:00:00   4.8266e-01   1.0773e+02   1.0257e+01   0.0000e+00   6.3435e-02   2.8718e+02
20260905_13:00:00   5.3082e-01   1.1576e+02   1.1088e+01   0.0000e+00   7.2801e-02   2.8678e+02
20260905_14:00:00   6.0719e-01   1.2754e+02   1.2468e+01   0.0000e+00   4.0143e-02   2.8609e+02
20260905_15:00:00   6.5767e-01   1.3484e+02   1.3368e+01   0.0000e+00   4.2384e-02   2.8542e+02
20260905_16:00:00   7.1138e-01   1.4186e+02   1.4281e+01   0.0000e+00   2.9636e-01   2.8539e+02
20260905_17:00:00   7.3659e-01   1.4508e+02   1.4799e+01   0.0000e+00   1.5381e-01   2.8533e+02
20260905_18:00:00   7.1340e-01   1.4232e+02   1.4440e+01   0.0000e+00   1.7075e-02   2.8522e+02
20260905_19:00:00   6.9871e-01   1.4059e+02   1.4136e+01   0.0000e+00   1.0470e-02   2.8459e+02
20260905_20:00:00   6.6148e-01   1.3574e+02   1.3440e+01   0.0000e+00   7.9937e-03   2.8478e+02
20260905_21:00:00   6.3307e-01   1.3179e+02   1.2885e+01   0.0000e+00   7.2893e-03   2.8488e+02
20260905_22:00:00   6.2583e-01   1.3067e+02   1.2786e+01   0.0000e+00   3.4162e-02   2.8477e+02
20260905_23:00:00   6.5032e-01   1.3401e+02   1.3264e+01   0.0000e+00   8.5707e-02   2.8462e+02
20260906_00:00:00   6.8778e-01   1.3911e+02   1.3906e+01   0.0000e+00   4.2259e-02   2.8444e+02
20260906_01:00:00   6.9690e-01   1.4030e+02   1.4026e+01   0.0000e+00   1.2429e-02   2.8557e+02
20260906_02:00:00   6.8654e-01   1.3889e+02   1.3810e+01   0.0000e+00   5.1764e-03   2.8705e+02
20260906_03:00:00   6.7967e-01   1.3791e+02   1.3681e+01   0.0000e+00   1.7549e-02   2.8795e+02
20260906_04:00:00   6.6411e-01   1.3589e+02   1.3286e+01   0.0000e+00   1.2980e-02   2.8879e+02
20260906_05:00:00   6.2688e-01   1.3095e+02   1.2433e+01   0.0000e+00   1.1268e-04   2.8943e+02
20260906_06:00:00   5.6625e-01   1.2231e+02   1.1153e+01   0.0000e+00   0.0000e+00   2.9073e+02
20260906_07:00:00   5.2859e-01   1.1663e+02   1.0350e+01   0.0000e+00   0.0000e+00   2.9189e+02
20260906_08:00:00   5.1683e-01   1.1478e+02   1.0110e+01   0.0000e+00   0.0000e+00   2.9213e+02
20260906_09:00:00   5.0530e-01   1.1291e+02   9.9292e+00   0.0000e+00   0.0000e+00   2.9303e+02
20260906_10:00:00   5.1140e-01   1.1386e+02   1.0099e+01   0.0000e+00   0.0000e+00   2.9328e+02
20260906_11:00:00   5.3332e-01   1.1734e+02   1.0522e+01   0.0000e+00   0.0000e+00   2.9296e+02
20260906_12:00:00   5.6172e-01   1.2178e+02   1.0994e+01   1.4929e-03   6.0280e-05   2.9256e+02
20260906_13:00:00   6.0967e-01   1.2896e+02   1.1230e+01   1.6293e-02   9.8990e-04   2.9187e+02
20260906_14:00:00   6.4608e-01   1.3414e+02   1.1280e+01   3.0312e-02   8.2936e-03   2.8969e+02
20260906_15:00:00   5.7401e-01   1.2369e+02   1.1115e+01   3.6298e-03   2.3982e-03   2.8813e+02
20260906_16:00:00   5.4340e-01   1.1899e+02   1.0726e+01   9.8600e-05   7.2797e-05   2.8755e+02
20260906_17:00:00   5.2665e-01   1.1639e+02   1.0411e+01   4.8400e-05   3.3180e-05   2.8727e+02
20260906_18:00:00   5.0817e-01   1.1343e+02   1.0030e+01   5.5540e-04   1.5578e-04   2.8802e+02
20260906_19:00:00   5.1415e-01   1.1434e+02   1.0144e+01   0.0000e+00   9.2180e-07   2.8853e+02
20260906_20:00:00   5.2064e-01   1.1537e+02   1.0236e+01   0.0000e+00   5.3120e-05   2.8937e+02
20260906_21:00:00   5.1819e-01   1.1501e+02   1.0174e+01   0.0000e+00   7.0895e-05   2.8828e+02
20260906_22:00:00   4.9675e-01   1.1162e+02   9.7860e+00   0.0000e+00   0.0000e+00   2.8849e+02
20260906_23:00:00   4.9682e-01   1.1161e+02   9.7745e+00   0.0000e+00   0.0000e+00   2.8819e+02
20260907_00:00:00   5.0966e-01   1.1369e+02   9.9787e+00   0.0000e+00   0.0000e+00   2.8865e+02
20260907_01:00:00   5.1206e-01   1.1401e+02   1.0041e+01   0.0000e+00   0.0000e+00   2.8902e+02
20260907_02:00:00   5.2550e-01   1.1610e+02   1.0321e+01   0.0000e+00   0.0000e+00   2.8813e+02
20260907_03:00:00   5.3623e-01   1.1773e+02   1.0517e+01   0.0000e+00   0.0000e+00   2.8889e+02
20260907_04:00:00   5.5429e-01   1.2046e+02   1.0834e+01   0.0000e+00   1.0930e-04   2.8920e+02
20260907_05:00:00   5.7622e-01   1.2378e+02   1.1090e+01   2.2056e-03   8.2590e-04   2.8866e+02
20260907_06:00:00   5.9848e-01   1.2716e+02   1.1202e+01   7.6220e-03   1.8810e-03   2.8784e+02
20260907_07:00:00   5.8555e-01   1.2531e+02   1.1233e+01   1.1976e-03   3.6180e-03   2.8714e+02
20260907_08:00:00   5.9311e-01   1.2637e+02   1.1435e+01   4.2080e-04   4.3184e-03   2.8697e+02
20260907_09:00:00   6.0110e-01   1.2744e+02   1.1660e+01   0.0000e+00   4.5546e-03   2.8730e+02
20260907_10:00:00   6.1217e-01   1.2902e+02   1.1894e+01   6.3980e-05   3.3288e-03   2.8779e+02
20260907_11:00:00   6.2673e-01   1.3109e+02   1.2085e+01   2.2060e-03   1.4896e-03   2.8767e+02
20260907_12:00:00   6.6656e-01   1.3667e+02   1.2313e+01   1.3943e-02   4.6698e-03   2.8738e+02
20260907_13:00:00   6.8568e-01   1.3932e+02   1.2672e+01   1.3545e-02   2.0787e-02   2.8708e+02
20260907_14:00:00   6.9746e-01   1.4093e+02   1.3106e+01   8.6008e-03   2.3344e-02   2.8609e+02
20260907_15:00:00   7.2968e-01   1.4518e+02   1.3467e+01   1.4328e-02   1.2248e-02   2.8534e+02
20260907_16:00:00   8.2837e-01   1.5727e+02   1.3590e+01   5.2587e-02   1.2935e-02   2.8527e+02
20260907_17:00:00   8.1006e-01   1.5529e+02   1.3468e+01   4.6071e-02   1.3223e-02   2.8595e+02
20260907_18:00:00   7.4859e-01   1.4788e+02   1.3422e+01   2.0040e-02   5.6903e-03   2.8689e+02
20260907_19:00:00   7.0552e-01   1.4237e+02   1.3189e+01   7.1530e-03   2.5492e-03   2.8653e+02
20260907_20:00:00   6.6394e-01   1.3680e+02   1.2834e+01   0.0000e+00   4.8012e-04   2.8689e+02
20260907_21:00:00   6.5219e-01   1.3509e+02   1.2720e+01   0.0000e+00   2.3040e-06   2.8690e+02
20260907_22:00:00   6.5445e-01   1.3529e+02   1.2834e+01   0.0000e+00   3.0200e-04   2.8718e+02
20260907_23:00:00   6.5529e-01   1.3533e+02   1.2866e+01   0.0000e+00   1.2722e-03   2.8722e+02
20260908_00:00:00   6.5807e-01   1.3564e+02   1.2905e+01   0.0000e+00   1.3348e-03   2.8696e+02
20260908_03:00:00   6.0705e-01   1.2811e+02   1.2062e+01   0.0000e+00   6.6301e-04   2.8628e+02
20260908_06:00:00   5.5937e-01   1.2100e+02   1.1135e+01   0.0000e+00   2.9981e-03   2.8744e+02
20260908_09:00:00   4.6237e-01   1.0500e+02   9.4630e+00   0.0000e+00   3.9478e-03   2.8785e+02
20260908_12:00:00   4.6093e-01   1.0476e+02   9.4847e+00   0.0000e+00   2.8818e-03   2.8765e+02
20260908_15:00:00   5.4811e-01   1.1914e+02   1.0981e+01   1.6226e-03   1.2367e-03   2.8396e+02
20260908_18:00:00   4.5142e-01   1.0361e+02   9.1452e+00   0.0000e+00   8.3840e-05   2.8497e+02
20260908_21:00:00   4.0997e-01   9.6263e+01   8.3798e+00   0.0000e+00   0.0000e+00   2.8774e+02
20260909_00:00:00   3.3708e-01   8.2551e+01   6.9810e+00   0.0000e+00   1.5398e-05   2.9055e+02
20260909_03:00:00   3.7188e-01   8.9427e+01   7.4647e+00   0.0000e+00   5.7290e-03   2.8820e+02
20260909_06:00:00   3.5844e-01   8.6702e+01   7.2841e+00   0.0000e+00   2.2113e-03   2.8476e+02
20260909_09:00:00   3.1677e-01   7.8521e+01   6.5562e+00   0.0000e+00   5.7999e-05   2.8822e+02
20260909_12:00:00   2.7050e-01   6.8818e+01   5.8586e+00   0.0000e+00   5.5820e-04   2.8889e+02
20260909_15:00:00   2.4565e-01   6.3394e+01   5.4484e+00   0.0000e+00   4.4503e-05   2.8836e+02
20260909_18:00:00   2.0127e-01   5.3481e+01   4.6145e+00   0.0000e+00   6.7580e-04   2.8872e+02
20260909_21:00:00   2.8786e-01   7.1953e+01   6.4604e+00   0.0000e+00   1.6934e-04   2.8858e+02
20260910_00:00:00   3.4955e-01   8.4240e+01   7.7004e+00   0.0000e+00   5.0126e-05   2.8881e+02
20260910_03:00:00   4.5641e-01   1.0371e+02   9.7499e+00   0.0000e+00   1.9274e-05   2.8763e+02
20260910_06:00:00   5.0101e-01   1.1142e+02   1.0548e+01   0.0000e+00   2.5247e-03   2.8708e+02
20260910_09:00:00   4.9899e-01   1.1138e+02   1.0412e+01   0.0000e+00   7.5060e-06   2.8741e+02
20260910_12:00:00   5.1332e-01   1.1407e+02   1.0640e+01   0.0000e+00   0.0000e+00   2.8825e+02
20260910_15:00:00   5.8382e-01   1.2567e+02   1.1637e+01   3.2120e-06   0.0000e+00   2.8755e+02
20260910_18:00:00   5.7871e-01   1.2515e+02   1.1453e+01   0.0000e+00   0.0000e+00   2.8771e+02
20260910_21:00:00   5.0217e-01   1.1291e+02   1.0236e+01   0.0000e+00   0.0000e+00   2.8954e+02
20260911_00:00:00   4.8208e-01   1.0973e+02   9.7185e+00   0.0000e+00   0.0000e+00   2.8891e+02
20260911_03:00:00   4.6724e-01   1.0725e+02   9.4191e+00   0.0000e+00   0.0000e+00   2.8966e+02
20260911_06:00:00   4.2490e-01   9.9790e+01   8.6446e+00   0.0000e+00   0.0000e+00   2.8976e+02
20260911_09:00:00   3.9476e-01   9.4172e+01   8.1611e+00   0.0000e+00   0.0000e+00   2.9262e+02
20260911_12:00:00   4.7452e-01   1.0858e+02   9.4009e+00   0.0000e+00   0.0000e+00   2.9079e+02
20260911_15:00:00   5.4407e-01   1.2034e+02   1.0398e+01   1.0100e-03   0.0000e+00   2.8852e+02
20260911_18:00:00   4.6006e-01   1.0629e+02   9.1357e+00   0.0000e+00   0.0000e+00   2.9064e+02
20260911_21:00:00   3.9301e-01   9.4146e+01   8.0375e+00   0.0000e+00   0.0000e+00   2.9305e+02
20260912_00:00:00   4.2900e-01   1.0064e+02   8.6332e+00   0.0000e+00   0.0000e+00   2.9326e+02
20260912_03:00:00   4.2175e-01   9.9261e+01   8.5686e+00   0.0000e+00   0.0000e+00   2.9335e+02
20260912_06:00:00   4.0245e-01   9.5710e+01   8.0568e+00   0.0000e+00   0.0000e+00   2.9720e+02
20260912_09:00:00   3.4778e-01   8.5291e+01   7.0419e+00   0.0000e+00   0.0000e+00   2.9509e+02
20260912_12:00:00   2.9867e-01   7.5697e+01   5.9988e+00   0.0000e+00   0.0000e+00   2.9361e+02
20260912_15:00:00   3.4663e-01   8.5665e+01   6.6576e+00   1.8952e-04   0.0000e+00   2.9360e+02
20260912_18:00:00   2.6673e-01   6.9454e+01   5.1797e+00   0.0000e+00   0.0000e+00   2.9372e+02
20260912_21:00:00   1.5409e-01   4.3906e+01   3.2062e+00   0.0000e+00   0.0000e+00   2.9120e+02
20260913_00:00:00   1.2409e-01   3.6580e+01   2.5919e+00   0.0000e+00   0.0000e+00   2.9054e+02
20260913_03:00:00   1.1906e-01   3.5293e+01   2.4788e+00   0.0000e+00   0.0000e+00   2.8988e+02
20260913_06:00:00   1.4817e-01   4.2167e+01   3.1376e+00   0.0000e+00   0.0000e+00   2.8924e+02
20260913_09:00:00   2.2011e-01   5.8529e+01   4.6596e+00   0.0000e+00   0.0000e+00   2.9003e+02
20260913_12:00:00   3.4431e-01   8.3877e+01   7.1452e+00   0.0000e+00   0.0000e+00   2.8877e+02
20260913_15:00:00   3.4235e-01   8.3432e+01   7.1578e+00   0.0000e+00   0.0000e+00   2.8724e+02
20260913_18:00:00   3.8202e-01   9.0758e+01   7.9975e+00   0.0000e+00   0.0000e+00   2.8616e+02
20260913_21:00:00   4.5410e-01   1.0345e+02   9.3914e+00   0.0000e+00   0.0000e+00   2.8550e+02
20260914_00:00:00   5.1243e-01   1.1303e+02   1.0361e+01   0.0000e+00   2.4736e-04   2.8594e+02
20260914_03:00:00   6.3786e-01   1.3132e+02   1.2625e+01   0.0000e+00   8.9498e-02   2.8697e+02
20260914_06:00:00   7.2131e-01   1.4333e+02   1.3812e+01   3.0800e-06   5.5453e-03   2.8598e+02
20260914_09:00:00   6.5810e-01   1.3482e+02   1.2796e+01   0.0000e+00   7.0229e-04   2.8799e+02
20260914_12:00:00   6.3056e-01   1.3083e+02   1.2425e+01   0.0000e+00   4.3307e-03   2.8898e+02
20260914_15:00:00   6.4414e-01   1.3281e+02   1.2284e+01   1.0135e-02   1.9875e-02   2.8514e+02
20260914_18:00:00   1.0977e+00   1.8361e+02   1.4969e+01   1.2984e-01   3.7087e-01   2.8179e+02
20260914_21:00:00   7.2222e-01   1.4325e+02   1.3749e+01   0.0000e+00   3.5567e-02   2.8425e+02
20260915_00:00:00   1.0134e+00   1.7609e+02   1.5204e+01   8.3042e-02   3.3043e-01   2.8302e+02
20260915_03:00:00   5.7501e-01   1.2356e+02   1.0836e+01   0.0000e+00   0.0000e+00   2.8406e+02
20260915_06:00:00   5.5060e-01   1.1994e+02   1.0489e+01   0.0000e+00   0.0000e+00   2.8298e+02
20260915_09:00:00   5.5824e-01   1.2152e+02   1.0412e+01   0.0000e+00   0.0000e+00   2.8579e+02
20260915_12:00:00   5.2370e-01   1.1586e+02   1.0144e+01   0.0000e+00   0.0000e+00   2.8740e+02
20260915_15:00:00   4.4488e-01   1.0203e+02   9.1587e+00   0.0000e+00   0.0000e+00   2.8188e+02
20260915_18:00:00   4.4146e-01   1.0133e+02   9.1235e+00   0.0000e+00   0.0000e+00   2.7923e+02
20260915_21:00:00   4.1193e-01   9.6663e+01   8.4496e+00   0.0000e+00   0.0000e+00   2.7700e+02
20260916_00:00:00   5.2617e-01   1.1600e+02   1.0347e+01   0.0000e+00   0.0000e+00   2.7356e+02
20260916_03:00:00   5.7575e-01   1.2374e+02   1.0986e+01   1.9336e-04   1.7596e-05   2.7413e+02
20260916_06:00:00   5.8913e-01   1.2585e+02   1.1237e+01   0.0000e+00   0.0000e+00   2.7575e+02
20260916_09:00:00   6.2335e-01   1.3118e+02   1.1799e+01   0.0000e+00   0.0000e+00   2.7574e+02
20260916_12:00:00   7.0407e-01   1.4245e+02   1.2368e+01   1.5157e-02   8.9420e-04   2.7685e+02
20260916_15:00:00   6.9848e-01   1.4199e+02   1.1613e+01   2.6968e-02   3.0444e-04   2.7518e+02
20260916_18:00:00   5.2996e-01   1.1744e+02   9.6249e+00   5.2321e-03   0.0000e+00   2.7410e+02
20260916_21:00:00   3.5840e-01   8.7285e+01   7.0025e+00   0.0000e+00   0.0000e+00   2.7435e+02
20260917_00:00:00   2.5886e-01   6.7046e+01   5.2800e+00   0.0000e+00   0.0000e+00   2.7582e+02
20260917_03:00:00   2.1480e-01   5.7422e+01   4.4775e+00   0.0000e+00   0.0000e+00   2.7546e+02
20260917_06:00:00   2.0264e-01   5.4723e+01   4.2317e+00   0.0000e+00   0.0000e+00   2.7582e+02
20260917_09:00:00   2.5565e-01   6.6305e+01   5.2307e+00   0.0000e+00   0.0000e+00   2.7277e+02
20260917_12:00:00   3.4770e-01   8.5032e+01   6.9507e+00   0.0000e+00   0.0000e+00   2.7056e+02
20260917_15:00:00   4.0070e-01   9.5003e+01   7.9716e+00   0.0000e+00   0.0000e+00   2.7045e+02
20260917_18:00:00   4.3676e-01   1.0145e+02   8.6450e+00   0.0000e+00   0.0000e+00   2.7390e+02
20260917_21:00:00   5.8826e-01   1.2613e+02   1.1387e+01   0.0000e+00   0.0000e+00   2.7446e+02
20260918_00:00:00   6.1667e-01   1.3058e+02   1.1553e+01   0.0000e+00   0.0000e+00   2.7374e+02
20260918_03:00:00   6.7252e-01   1.3860e+02   1.2180e+01   2.4001e-04   8.8636e-04   2.7316e+02
20260918_06:00:00   5.4984e-01   1.2053e+02   1.0090e+01   0.0000e+00   4.3158e-02   2.7530e+02
20260918_09:00:00   5.9097e-01   1.2602e+02   1.1072e+01   0.0000e+00   1.2907e-01   2.7743e+02
20260918_12:00:00   1.1348e+00   1.8771e+02   1.6671e+01   9.8106e-02   1.3508e-01   2.8205e+02
20260918_15:00:00   8.2504e-01   1.5687e+02   1.4740e+01   4.1709e-03   1.2072e-03   2.8199e+02
20260918_18:00:00   5.2725e-01   1.1655e+02   9.2758e+00   6.7325e-03   0.0000e+00   2.8262e+02
20260918_21:00:00   4.0116e-01   9.4593e+01   7.6808e+00   0.0000e+00   0.0000e+00   2.8609e+02
20260919_00:00:00   3.0432e-01   7.5581e+01   6.1073e+00   0.0000e+00   0.0000e+00   2.8613e+02
