#            date       tau255        Tb[K]      pwv[mm] lwp[kg*m^-2] iwp[kg*m^-2]       o3[DU]
20260929_18:00:00   5.9216e-01   1.2452e+02   1.1136e+01   1.1130e-03   3.5102e-04   2.8158e+02
20260929_19:00:00   5.7188e-01   1.2143e+02   1.0924e+01   8.0080e-05   1.3384e-05   2.8071e+02
20260929_20:00:00   5.8490e-01   1.2333e+02   1.1226e+01   0.0000e+00   6.9170e-05   2.7976e+02
20260929_21:00:00   6.0721e-01   1.2661e+02   1.1648e+01   0.0000e+00   2.3694e-05   2.7915e+02
20260929_22:00:00   5.8730e-01   1.2372e+02   1.1327e+01   0.0000e+00   1.0766e-04   2.7983e+02
20260929_23:00:00   5.7492e-01   1.2201e+02   1.1051e+01   0.0000e+00   1.7906e-04   2.7864e+02
20260930_00:00:00   5.6977e-01   1.2142e+02   1.0838e+01   0.0000e+00   5.9708e-04   2.7722e+02
20260930_01:00:00   5.8685e-01   1.2414e+02   1.0928e+01   0.0000e+00   2.0020e-04   2.7648e+02
20260930_02:00:00   6.0497e-01   1.2682e+02   1.1003e+01   4.1216e-03   3.3612e-04   2.7583e+02
20260930_03:00:00   5.8110e-01   1.2315e+02   1.0870e+01   1.0922e-04   4.3249e-04   2.7575e+02
20260930_04:00:00   5.8075e-01   1.2303e+02   1.0915e+01   0.0000e+00   6.5488e-04   2.7580e+02
20260930_05:00:00   5.7817e-01   1.2266e+02   1.0948e+01   0.0000e+00   3.9358e-04   2.7676e+02
20260930_06:00:00   5.9403e-01   1.2504e+02   1.1165e+01   0.0000e+00   2.3775e-03   2.7814e+02
20260930_07:00:00   5.8108e-01   1.2311e+02   1.1062e+01   0.0000e+00   1.7681e-03   2.7966e+02
20260930_08:00:00   5.8715e-01   1.2396e+02   1.1214e+01   0.0000e+00   9.0327e-03   2.8107e+02
20260930_09:00:00   5.9312e-01   1.2475e+02   1.1364e+01   0.0000e+00   4.1532e-03   2.8125e+02
20260930_10:00:00   5.8086e-01   1.2279e+02   1.1230e+01   0.0000e+00   2.5437e-04   2.8103e+02
20260930_11:00:00   5.5914e-01   1.1942e+02   1.0927e+01   0.0000e+00   2.5700e-06   2.8120e+02
20260930_12:00:00   5.7053e-01   1.2118e+02   1.1030e+01   2.2093e-03   2.2832e-05   2.8143e+02
20260930_13:00:00   6.0640e-01   1.2653e+02   1.1388e+01   8.5815e-03   3.8938e-04   2.8075e+02
20260930_14:00:00   7.0966e-01   1.4094e+02   1.1533e+01   4.9315e-02   3.9076e-03   2.8058e+02
20260930_15:00:00   7.9235e-01   1.5135e+02   1.1415e+01   8.9331e-02   1.9992e-02   2.8094e+02
20260930_16:00:00   6.9758e-01   1.3917e+02   1.1163e+01   5.7099e-02   2.9082e-02   2.8200e+02
20260930_17:00:00   5.9453e-01   1.2452e+02   1.0917e+01   2.0168e-02   6.6748e-02   2.8370e+02
20260930_18:00:00   5.4853e-01   1.1733e+02   1.0792e+01   4.8820e-03   1.7570e-01   2.8345e+02
20260930_19:00:00   5.4843e-01   1.1727e+02   1.0905e+01   3.2644e-03   5.7371e-02   2.8375e+02
20260930_20:00:00   5.2437e-01   1.1339e+02   1.0626e+01   9.3870e-04   2.5042e-02   2.8355e+02
20260930_21:00:00   4.7879e-01   1.0594e+02   9.8620e+00   0.0000e+00   1.0723e-02   2.8352e+02
20260930_22:00:00   4.3882e-01   9.9309e+01   9.0374e+00   0.0000e+00   5.8388e-03   2.8316e+02
20260930_23:00:00   4.2248e-01   9.6682e+01   8.6195e+00   0.0000e+00   5.5344e-03   2.8272e+02
20261001_00:00:00   4.1598e-01   9.5787e+01   8.3888e+00   0.0000e+00   1.5537e-03   2.8345e+02
20261001_01:00:00   4.2126e-01   9.6910e+01   8.3664e+00   0.0000e+00   3.9388e-05   2.8429e+02
20261001_02:00:00   4.2651e-01   9.7907e+01   8.3853e+00   0.0000e+00   6.6520e-05   2.8404e+02
20261001_03:00:00   4.2104e-01   9.6981e+01   8.2710e+00   0.0000e+00   7.6260e-05   2.8364e+02
20261001_04:00:00   4.2909e-01   9.8352e+01   8.3790e+00   0.0000e+00   7.0980e-04   2.8652e+02
20261001_05:00:00   4.3760e-01   9.9789e+01   8.5302e+00   0.0000e+00   1.6160e-04   2.8887e+02
20261001_06:00:00   4.4682e-01   1.0138e+02   8.7006e+00   0.0000e+00   1.6470e-05   2.8900e+02
20261001_07:00:00   4.5573e-01   1.0293e+02   8.8741e+00   0.0000e+00   1.5582e-04   2.8946e+02
20261001_08:00:00   4.6540e-01   1.0461e+02   9.0458e+00   0.0000e+00   9.6590e-05   2.8969e+02
20261001_09:00:00   4.8220e-01   1.0748e+02   9.2992e+00   0.0000e+00   1.2987e-04   2.8926e+02
20261001_10:00:00   5.0871e-01   1.1189e+02   9.6801e+00   0.0000e+00   1.1740e-04   2.8905e+02
20261001_11:00:00   5.3835e-01   1.1663e+02   1.0113e+01   4.7147e-04   3.1794e-03   2.8854e+02
20261001_12:00:00   5.8443e-01   1.2376e+02   1.0374e+01   1.2839e-02   4.8368e-03   2.8714e+02
20261001_13:00:00   7.5650e-01   1.4743e+02   1.0545e+01   8.1396e-02   4.8666e-03   2.8570e+02
20261001_14:00:00   7.8013e-01   1.5029e+02   1.0369e+01   9.7380e-02   6.1007e-03   2.8543e+02
20261001_15:00:00   5.2455e-01   1.1425e+02   9.6418e+00   1.0602e-02   6.7146e-03   2.8423e+02
20261001_16:00:00   4.4192e-01   1.0050e+02   8.7257e+00   2.5630e-04   5.3365e-03   2.8403e+02
20261001_17:00:00   4.3855e-01   9.9831e+01   8.6230e+00   1.8068e-03   3.6879e-03   2.8335e+02
20261001_18:00:00   4.4768e-01   1.0120e+02   8.8701e+00   8.3447e-04   4.0772e-03   2.8332e+02
20261001_19:00:00   4.2090e-01   9.6596e+01   8.4747e+00   0.0000e+00   3.7487e-03   2.8386e+02
20261001_20:00:00   4.4247e-01   1.0018e+02   8.9138e+00   0.0000e+00   7.5553e-03   2.8422e+02
20261001_21:00:00   5.1425e-01   1.1207e+02   1.0135e+01   0.0000e+00   2.0193e-02   2.8397e+02
20261001_22:00:00   6.1649e-01   1.2774e+02   1.1769e+01   0.0000e+00   1.9219e-02   2.8449e+02
20261001_23:00:00   6.9807e-01   1.3919e+02   1.2887e+01   3.6462e-03   1.3923e-02   2.8379e+02
20261002_00:00:00   7.1852e-01   1.4186e+02   1.3296e+01   5.5579e-04   6.6928e-02   2.8329e+02
20261002_01:00:00   7.0563e-01   1.4012e+02   1.3112e+01   0.0000e+00   4.5905e-02   2.8407e+02
20261002_02:00:00   7.0879e-01   1.4053e+02   1.3084e+01   1.1580e-03   5.9022e-02   2.8385e+02
20261002_03:00:00   6.8350e-01   1.3706e+02   1.2770e+01   4.7060e-04   6.2680e-02   2.8313e+02
20261002_04:00:00   6.6845e-01   1.3496e+02   1.2558e+01   0.0000e+00   8.5396e-02   2.8281e+02
20261002_05:00:00   6.8806e-01   1.3742e+02   1.2880e+01   0.0000e+00   1.6923e-01   2.8268e+02
20261002_06:00:00   6.8512e-01   1.3697e+02   1.2889e+01   0.0000e+00   1.1488e-01   2.8269e+02
20261002_07:00:00   7.4557e-01   1.4476e+02   1.3391e+01   1.1674e-02   1.7378e-01   2.8198e+02
20261002_08:00:00   8.4234e-01   1.5651e+02   1.4081e+01   2.9805e-02   3.2536e-01   2.8119e+02
20261002_09:00:00   7.9404e-01   1.5063e+02   1.4111e+01   7.6714e-03   3.5269e-01   2.8075e+02
20261002_10:00:00   9.4660e-01   1.6820e+02   1.4461e+01   5.9364e-02   4.3401e-01   2.7935e+02
20261002_11:00:00   9.1275e-01   1.6458e+02   1.4341e+01   4.8985e-02   4.7902e-01   2.7978e+02
20261002_12:00:00   7.6084e-01   1.4620e+02   1.3840e+01   3.3776e-03   4.9330e-01   2.8211e+02
20261002_13:00:00   7.3452e-01   1.4272e+02   1.3555e+01   8.0736e-04   4.6766e-01   2.8328e+02
20261002_14:00:00   7.5957e-01   1.4586e+02   1.3535e+01   1.1888e-02   3.3037e-01   2.8334e+02
20261002_15:00:00   7.3929e-01   1.4335e+02   1.3438e+01   6.0942e-03   2.3664e-01   2.8209e+02
20261002_16:00:00   7.2488e-01   1.4167e+02   1.3423e+01   2.2942e-04   1.1534e-01   2.8204e+02
20261002_17:00:00   7.3784e-01   1.4342e+02   1.3431e+01   6.1812e-03   7.7257e-02   2.8061e+02
20261002_18:00:00   7.2377e-01   1.4165e+02   1.3414e+01   1.1211e-03   2.4197e-02   2.7935e+02
20261002_19:00:00   8.0313e-01   1.5191e+02   1.3267e+01   3.4473e-02   2.3261e-03   2.7874e+02
20261002_20:00:00   8.5167e-01   1.5766e+02   1.3289e+01   5.4856e-02   5.5823e-03   2.7868e+02
20261002_21:00:00   7.6620e-01   1.4756e+02   1.2888e+01   2.8999e-02   1.2264e-02   2.7881e+02
20261002_22:00:00   7.7067e-01   1.4810e+02   1.2787e+01   3.3525e-02   1.2751e-02   2.7899e+02
20261002_23:00:00   7.6038e-01   1.4674e+02   1.2670e+01   3.1395e-02   3.7408e-03   2.7963e+02
20261003_00:00:00   6.7403e-01   1.3536e+02   1.2494e+01   6.2331e-04   6.3756e-03   2.8027e+02
20261003_01:00:00   6.8551e-01   1.3703e+02   1.2449e+01   4.7431e-03   4.8499e-03   2.8055e+02
20261003_02:00:00   7.1247e-01   1.4076e+02   1.2414e+01   1.6151e-02   4.9986e-03   2.8137e+02
20261003_03:00:00   6.9869e-01   1.3896e+02   1.2186e+01   1.6960e-02   1.7175e-03   2.8099e+02
20261003_04:00:00   6.8396e-01   1.3690e+02   1.2244e+01   9.6180e-03   7.6721e-04   2.7928e+02
20261003_05:00:00   6.8862e-01   1.3751e+02   1.2337e+01   9.1040e-03   9.2847e-04   2.8024e+02
20261003_06:00:00   6.8454e-01   1.3692e+02   1.2326e+01   7.4185e-03   2.0747e-03   2.8039e+02
20261003_07:00:00   6.7143e-01   1.3517e+02   1.2182e+01   4.4786e-03   1.7209e-03   2.8059e+02
20261003_08:00:00   6.4159e-01   1.3115e+02   1.1791e+01   0.0000e+00   4.6383e-03   2.8067e+02
20261003_09:00:00   6.0617e-01   1.2627e+02   1.1125e+01   1.6314e-04   3.7000e-03   2.8188e+02
20261003_10:00:00   5.8007e-01   1.2256e+02   1.0638e+01   0.0000e+00   1.8523e-03   2.8212e+02
20261003_11:00:00   5.7768e-01   1.2215e+02   1.0657e+01   5.3650e-06   3.3539e-03   2.8080e+02
20261003_12:00:00   6.0228e-01   1.2563e+02   1.1151e+01   7.2480e-04   1.9362e-02   2.7829e+02
20261003_13:00:00   6.4286e-01   1.3150e+02   1.1487e+01   9.1468e-03   3.6733e-02   2.7597e+02
20261003_14:00:00   6.6560e-01   1.3474e+02   1.1451e+01   1.9197e-02   3.8490e-02   2.7633e+02
20261003_15:00:00   6.4016e-01   1.3125e+02   1.1310e+01   1.1274e-02   7.8212e-02   2.7718e+02
20261003_16:00:00   6.6268e-01   1.3430e+02   1.1773e+01   1.1664e-02   1.2722e-01   2.7809e+02
20261003_17:00:00   6.3432e-01   1.3024e+02   1.1687e+01   2.2056e-03   6.8764e-02   2.7913e+02
20261003_18:00:00   6.2434e-01   1.2886e+02   1.1503e+01   2.0580e-03   7.1708e-02   2.8033e+02
20261003_19:00:00   6.0979e-01   1.2671e+02   1.1423e+01   0.0000e+00   7.1443e-02   2.8194e+02
20261003_20:00:00   6.2139e-01   1.2827e+02   1.1747e+01   0.0000e+00   2.2925e-02   2.8223e+02
20261003_21:00:00   6.3267e-01   1.2982e+02   1.1957e+01   0.0000e+00   1.8646e-03   2.8314e+02
20261003_22:00:00   6.3310e-01   1.2975e+02   1.1995e+01   1.6060e-04   2.3830e-03   2.8321e+02
20261003_23:00:00   6.4138e-01   1.3081e+02   1.2160e+01   1.0600e-04   4.5262e-03   2.8286e+02
20261004_00:00:00   6.4956e-01   1.3191e+02   1.2328e+01   0.0000e+00   2.4669e-03   2.8186e+02
20261004_01:00:00   7.6040e-01   1.4653e+02   1.2806e+01   3.2782e-02   1.2240e-02   2.8102e+02
20261004_02:00:00   1.2193e+00   1.9340e+02   1.3292e+01   2.0823e-01   4.8979e-02   2.7961e+02
20261004_03:00:00   7.9154e-01   1.5099e+02   1.2313e+01   5.4824e-02   2.0015e-02   2.7989e+02
20261004_04:00:00   6.0583e-01   1.2589e+02   1.1517e+01   0.0000e+00   2.6354e-03   2.7991e+02
20261004_05:00:00   5.8455e-01   1.2270e+02   1.1217e+01   0.0000e+00   3.1920e-03   2.7992e+02
20261004_06:00:00   5.8967e-01   1.2339e+02   1.1345e+01   6.6520e-05   5.8124e-03   2.8044e+02
20261004_07:00:00   5.9354e-01   1.2403e+02   1.1374e+01   0.0000e+00   5.8946e-03   2.8100e+02
20261004_08:00:00   5.9226e-01   1.2388e+02   1.1337e+01   0.0000e+00   5.5462e-03   2.8232e+02
20261004_09:00:00   6.0906e-01   1.2635e+02   1.1607e+01   0.0000e+00   4.8077e-03   2.8282e+02
20261004_10:00:00   6.2965e-01   1.2934e+02   1.1917e+01   0.0000e+00   2.7014e-03   2.8255e+02
20261004_11:00:00   6.4003e-01   1.3086e+02   1.2102e+01   0.0000e+00   2.5286e-03   2.8099e+02
20261004_12:00:00   6.6381e-01   1.3410e+02   1.2479e+01   1.4017e-03   7.6788e-03   2.8120e+02
20261004_13:00:00   6.9207e-01   1.3797e+02   1.2811e+01   3.6626e-03   5.3895e-03   2.8063e+02
20261004_14:00:00   7.1260e-01   1.4063e+02   1.3184e+01   4.0870e-03   6.8355e-03   2.8067e+02
20261004_15:00:00   7.6440e-01   1.4713e+02   1.3345e+01   2.0979e-02   9.5433e-02   2.8120e+02
20261004_16:00:00   7.2482e-01   1.4216e+02   1.3396e+01   3.5987e-03   1.6895e-02   2.8196e+02
20261004_17:00:00   7.2288e-01   1.4207e+02   1.2751e+01   1.8741e-02   2.2263e-02   2.8139e+02
20261004_18:00:00   7.4939e-01   1.4580e+02   1.2857e+01   2.5413e-02   1.3780e-02   2.8001e+02
20261004_21:00:00   6.5068e-01   1.3232e+02   1.2129e+01   4.8223e-03   2.5785e-03   2.7943e+02
20261005_00:00:00   6.4795e-01   1.3178e+02   1.2327e+01   0.0000e+00   1.5155e-03   2.7733e+02
20261005_03:00:00   5.8501e-01   1.2267e+02   1.1352e+01   0.0000e+00   3.0184e-03   2.7723e+02
20261005_06:00:00   5.5489e-01   1.1815e+02   1.0833e+01   0.0000e+00   1.6330e-03   2.7859e+02
20261005_09:00:00   5.4806e-01   1.1716e+02   1.0707e+01   0.0000e+00   1.8258e-02   2.8082e+02
20261005_12:00:00   5.7775e-01   1.2184e+02   1.1158e+01   0.0000e+00   6.5444e-03   2.8141e+02
20261005_15:00:00   6.0302e-01   1.2578e+02   1.1532e+01   6.4240e-05   3.0157e-02   2.7798e+02
20261005_18:00:00   5.3412e-01   1.1562e+02   1.0244e+01   5.5440e-05   3.9490e-03   2.7803e+02
20261005_21:00:00   5.0026e-01   1.1026e+02   9.6287e+00   0.0000e+00   6.8900e-03   2.7868e+02
20261006_00:00:00   5.0149e-01   1.1006e+02   9.8098e+00   0.0000e+00   6.2181e-03   2.7866e+02
20261006_03:00:00   4.7970e-01   1.0630e+02   9.5466e+00   0.0000e+00   2.0785e-04   2.7680e+02
20261006_06:00:00   4.8831e-01   1.0761e+02   9.6943e+00   0.0000e+00   6.6632e-04   2.7818e+02
20261006_09:00:00   4.6641e-01   1.0402e+02   9.2991e+00   0.0000e+00   2.6549e-03   2.7978e+02
20261006_12:00:00   5.1467e-01   1.1195e+02   1.0135e+01   0.0000e+00   1.1632e-02   2.8066e+02
20261006_15:00:00   6.9266e-01   1.3822e+02   1.2406e+01   1.5803e-02   7.8780e-02   2.8242e+02
20261006_18:00:00   6.0743e-01   1.2639e+02   1.1646e+01   0.0000e+00   2.5752e-03   2.8248e+02
20261006_21:00:00   5.5818e-01   1.1903e+02   1.0820e+01   0.0000e+00   6.9510e-03   2.8536e+02
20261007_00:00:00   5.2711e-01   1.1410e+02   1.0309e+01   0.0000e+00   1.5892e-02   2.8371e+02
20261007_03:00:00   5.2520e-01   1.1364e+02   1.0291e+01   0.0000e+00   1.3265e-02   2.8143e+02
20261007_06:00:00   5.2169e-01   1.1308e+02   1.0185e+01   0.0000e+00   3.9989e-03   2.8287e+02
20261007_09:00:00   5.1461e-01   1.1203e+02   1.0076e+01   0.0000e+00   1.5246e-03   2.8361e+02
20261007_12:00:00   5.6097e-01   1.1960e+02   1.0673e+01   2.7301e-03   2.8553e-03   2.8223e+02
20261007_15:00:00   7.1438e-01   1.4167e+02   1.2388e+01   1.8677e-02   2.3247e-02   2.8094e+02
20261007_18:00:00   7.2595e-01   1.4329e+02   1.1796e+01   3.8407e-02   1.6109e-03   2.8043e+02
20261007_21:00:00   5.6275e-01   1.2005e+02   1.0701e+01   0.0000e+00   4.6361e-03   2.7851e+02
20261008_00:00:00   5.1110e-01   1.1188e+02   9.8420e+00   0.0000e+00   4.3819e-03   2.8224e+02
20261008_03:00:00   4.6052e-01   1.0362e+02   8.8619e+00   0.0000e+00   2.5762e-03   2.8121e+02
20261008_06:00:00   4.1495e-01   9.5673e+01   8.0593e+00   0.0000e+00   0.0000e+00   2.8275e+02
20261008_09:00:00   3.9493e-01   9.1994e+01   7.7353e+00   0.0000e+00   0.0000e+00   2.8486e+02
20261008_12:00:00   4.6587e-01   1.0467e+02   8.7250e+00   1.7319e-03   9.2104e-05   2.9036e+02
20261008_15:00:00   8.7701e-01   1.6215e+02   9.9035e+00   1.3349e-01   7.5510e-04   2.9380e+02
20261008_18:00:00   7.8187e-01   1.5045e+02   1.0323e+01   8.5284e-02   4.6428e-02   2.9409e+02
20261008_21:00:00   5.1878e-01   1.1351e+02   9.0853e+00   7.9088e-03   3.0304e-06   2.9591e+02
20261009_00:00:00   4.9062e-01   1.0888e+02   8.9889e+00   0.0000e+00   0.0000e+00   2.9397e+02
20261009_03:00:00   4.2542e-01   9.7970e+01   7.7974e+00   0.0000e+00   2.1440e-05   2.9327e+02
20261009_06:00:00   3.9203e-01   9.1999e+01   7.1742e+00   0.0000e+00   0.0000e+00   2.9235e+02
20261009_09:00:00   3.3700e-01   8.1801e+01   6.3051e+00   0.0000e+00   0.0000e+00   2.9037e+02
20261009_12:00:00   5.0798e-01   1.1247e+02   7.1517e+00   4.5094e-02   1.2848e-06   2.8891e+02
20261009_15:00:00   8.0806e-01   1.5455e+02   8.9136e+00   1.2229e-01   8.6320e-06   2.8804e+02
20261009_18:00:00   6.8481e-01   1.3877e+02   8.3361e+00   8.9071e-02   2.1538e-06   2.8959e+02
20261009_21:00:00   4.1567e-01   9.6643e+01   7.3413e+00   3.8710e-03   0.0000e+00   2.9084e+02
20261010_00:00:00   3.5521e-01   8.5460e+01   6.5266e+00   0.0000e+00   8.0622e-04   2.9074e+02
20261010_03:00:00   3.4491e-01   8.3402e+01   6.3264e+00   0.0000e+00   2.7563e-03   2.8982e+02
20261010_06:00:00   3.0710e-01   7.5980e+01   5.6927e+00   0.0000e+00   2.3860e-04   2.9301e+02
20261010_09:00:00   2.8325e-01   7.1274e+01   5.2417e+00   0.0000e+00   0.0000e+00   2.9686e+02
20261010_12:00:00   4.4138e-01   1.0085e+02   6.8280e+00   2.7461e-02   4.8416e-05   3.0290e+02
20261010_15:00:00   1.0077e+00   1.7491e+02   9.0984e+00   2.1219e-01   5.9981e-03   3.0878e+02
20261010_18:00:00   7.2004e-01   1.4163e+02   1.0209e+01   7.1175e-02   8.3051e-02   3.1098e+02
20261010_21:00:00   4.2353e-01   9.6813e+01   7.9944e+00   4.1248e-04   1.8960e-03   3.0939e+02
20261011_00:00:00   3.5421e-01   8.4205e+01   6.8210e+00   0.0000e+00   0.0000e+00   2.9708e+02
20261011_03:00:00   3.2920e-01   7.9457e+01   6.3411e+00   0.0000e+00   0.0000e+00   2.9311e+02
20261011_06:00:00   4.3143e-01   9.8042e+01   8.0962e+00   0.0000e+00   6.4240e-06   2.9137e+02
20261011_09:00:00   4.6045e-01   1.0315e+02   8.4887e+00   0.0000e+00   8.8700e-04   2.9188e+02
20261011_12:00:00   5.1071e-01   1.1156e+02   8.7885e+00   1.1966e-02   8.5719e-04   2.9383e+02
20261011_15:00:00   6.8889e-01   1.3774e+02   8.0975e+00   1.0703e-01   1.6593e-02   2.9677e+02
20261011_18:00:00   5.2851e-01   1.1394e+02   8.7732e+00   2.9156e-02   1.1221e-02   2.9681e+02
20261011_21:00:00   5.0719e-01   1.0986e+02   9.7624e+00   5.0980e-04   6.8882e-02   2.9895e+02
20261012_00:00:00   5.8461e-01   1.2147e+02   1.0919e+01   3.3577e-03   2.4611e-01   3.0055e+02
20261012_03:00:00   1.1523e+00   1.8635e+02   1.2478e+01   1.9111e-01   7.4312e-01   2.9962e+02
20261012_06:00:00   2.4568e+00   2.4876e+02   1.2783e+01   7.3662e-01   6.4606e-01   3.0421e+02
20261012_09:00:00   2.5502e+00   2.5199e+02   1.2898e+01   7.5756e-01   6.7524e-01   3.0682e+02
20261012_12:00:00   3.0391e+00   2.5992e+02   1.2964e+01   9.6498e-01   7.9042e-01   3.0950e+02
20261012_15:00:00   2.4053e+00   2.4874e+02   1.2712e+01   7.0022e-01   5.7503e-01   3.0604e+02
20261012_18:00:00   1.2298e+00   1.9458e+02   9.4126e+00   2.8806e-01   7.4219e-03   3.1021e+02
20261012_21:00:00   1.8847e+00   2.3239e+02   1.0112e+01   5.4380e-01   5.5699e-02   3.1377e+02
20261013_00:00:00   1.0144e+00   1.7453e+02   1.0066e+01   1.9080e-01   1.6577e-02   3.1447e+02
20261013_03:00:00   5.1376e-01   1.1107e+02   9.4382e+00   1.8511e-03   1.1534e-05   3.0344e+02
20261013_06:00:00   5.0615e-01   1.1003e+02   8.7026e+00   1.5262e-02   2.5700e-06   2.9894e+02
20261013_09:00:00   4.0878e-01   9.3791e+01   7.4467e+00   1.6714e-03   0.0000e+00   3.0184e+02
20261013_12:00:00   8.1349e-01   1.5431e+02   5.3526e+00   2.1272e-01   3.4160e-06   3.1546e+02
20261013_15:00:00   3.6835e-01   8.7131e+01   4.3396e+00   5.1383e-02   2.6654e-05   3.1651e+02
20261013_18:00:00   4.9971e-01   1.0971e+02   5.4200e+00   7.8920e-02   1.8261e-04   3.0979e+02
20261013_21:00:00   3.1278e-01   7.6068e+01   5.7476e+00   4.8718e-04   0.0000e+00   3.1107e+02
20261014_00:00:00   1.6059e-01   4.4049e+01   3.0650e+00   6.8300e-05   0.0000e+00   3.1380e+02
20261014_03:00:00   1.3323e-01   3.7818e+01   2.5529e+00   0.0000e+00   0.0000e+00   3.1382e+02
20261014_06:00:00   1.2356e-01   3.5514e+01   2.3825e+00   0.0000e+00   0.0000e+00   3.1646e+02
20261014_09:00:00   1.1109e-01   3.2564e+01   2.1083e+00   0.0000e+00   0.0000e+00   3.1566e+02
20261014_12:00:00   1.1237e-01   3.2792e+01   2.1545e+00   0.0000e+00   0.0000e+00   3.1439e+02
20261014_15:00:00   1.1294e-01   3.2913e+01   2.0092e+00   3.1460e-03   3.5682e-04   3.1362e+02
20261014_18:00:00   9.8475e-02   2.9265e+01   1.7819e+00   2.8570e-03   3.5720e-06   3.1215e+02
20261014_21:00:00   7.9065e-02   2.4517e+01   1.5131e+00   0.0000e+00   0.0000e+00   3.1189e+02
20261015_00:00:00   6.8986e-02   2.2014e+01   1.3020e+00   0.0000e+00   0.0000e+00   3.0883e+02
20261015_03:00:00   5.2310e-02   1.7863e+01   8.9948e-01   1.8900e-06   0.0000e+00   3.0699e+02
20261015_06:00:00   4.6052e-02   1.6301e+01   7.3828e-01   8.5960e-06   1.3750e-07   3.0594e+02
20261015_09:00:00   4.6608e-02   1.6438e+01   7.4585e-01   2.9600e-05   3.0360e-07   3.0598e+02
20261015_12:00:00   6.7804e-02   2.1907e+01   1.0171e+00   2.6950e-03   1.7832e-05   3.0439e+02
20261015_15:00:00   7.9605e-02   2.4773e+01   1.3711e+00   1.7550e-04   2.4072e-04   3.0367e+02
20261015_18:00:00   6.7348e-02   2.1651e+01   1.1664e+00   0.0000e+00   2.8380e-04   3.0785e+02
