#            date       tau255        Tb[K]      pwv[mm] lwp[kg*m^-2] iwp[kg*m^-2]       o3[DU]
20260825_00:00:00   1.7194e-01   4.7242e+01   3.8316e+00   0.0000e+00   8.3240e-05   3.0156e+02
20260825_01:00:00   1.8166e-01   4.9593e+01   4.0133e+00   0.0000e+00   6.1800e-05   2.9853e+02
20260825_02:00:00   2.0492e-01   5.4882e+01   4.4820e+00   0.0000e+00   2.6920e-06   2.9786e+02
20260825_03:00:00   2.1913e-01   5.7991e+01   4.7728e+00   0.0000e+00   0.0000e+00   2.9771e+02
20260825_04:00:00   2.9393e-01   7.3805e+01   6.2683e+00   0.0000e+00   0.0000e+00   2.9616e+02
20260825_05:00:00   3.6298e-01   8.7133e+01   7.6001e+00   0.0000e+00   6.1680e-05   2.9605e+02
20260825_06:00:00   3.7934e-01   9.0025e+01   7.8530e+00   0.0000e+00   1.3544e-04   2.9802e+02
20260825_07:00:00   3.9530e-01   9.2830e+01   8.2099e+00   0.0000e+00   1.4948e-03   2.9959e+02
20260825_08:00:00   3.9577e-01   9.3001e+01   8.2448e+00   0.0000e+00   1.6018e-04   2.9922e+02
20260825_09:00:00   4.4860e-01   1.0261e+02   9.1989e+00   0.0000e+00   1.3024e-04   2.9944e+02
20260825_10:00:00   4.9732e-01   1.1110e+02   1.0036e+01   0.0000e+00   1.0624e-04   2.9820e+02
20260825_11:00:00   5.1742e-01   1.1461e+02   1.0373e+01   0.0000e+00   7.7100e-06   2.9423e+02
20260825_12:00:00   5.1725e-01   1.1468e+02   1.0396e+01   0.0000e+00   5.1400e-06   2.9104e+02
20260825_13:00:00   5.1262e-01   1.1393e+02   1.0371e+01   0.0000e+00   1.4507e-04   2.9161e+02
20260825_14:00:00   5.0792e-01   1.1307e+02   1.0347e+01   0.0000e+00   1.2818e-04   2.9366e+02
20260825_15:00:00   5.0601e-01   1.1261e+02   1.0384e+01   0.0000e+00   9.3460e-04   2.9581e+02
20260825_16:00:00   4.8708e-01   1.0925e+02   1.0114e+01   0.0000e+00   1.0064e-04   2.9825e+02
20260825_17:00:00   4.8983e-01   1.0944e+02   1.0255e+01   0.0000e+00   1.2160e-03   3.0057e+02
20260825_18:00:00   4.9919e-01   1.1068e+02   1.0539e+01   0.0000e+00   5.9783e-03   3.0373e+02
20260825_19:00:00   5.0313e-01   1.1093e+02   1.0724e+01   0.0000e+00   1.9346e-02   3.0690e+02
20260825_20:00:00   5.0703e-01   1.1131e+02   1.0772e+01   3.4320e-04   6.7584e-02   3.0414e+02
20260825_21:00:00   5.3344e-01   1.1533e+02   1.1184e+01   0.0000e+00   1.4681e-01   3.0342e+02
20260825_22:00:00   5.5969e-01   1.1919e+02   1.1599e+01   1.1162e-03   1.4019e-01   3.0330e+02
20260825_23:00:00   6.7640e-01   1.3665e+02   1.3491e+01   0.0000e+00   4.5141e-01   3.0214e+02
20260826_00:00:00   6.8419e-01   1.3808e+02   1.3624e+01   0.0000e+00   2.8695e-01   3.0276e+02
20260826_01:00:00   7.0028e-01   1.4014e+02   1.3857e+01   3.6920e-04   2.6610e-01   3.0077e+02
20260826_02:00:00   6.4100e-01   1.3180e+02   1.2914e+01   0.0000e+00   2.4782e-01   2.9881e+02
20260826_03:00:00   6.7943e-01   1.3729e+02   1.3304e+01   4.8429e-03   1.2843e-01   2.9817e+02
20260826_04:00:00   6.5090e-01   1.3327e+02   1.2984e+01   0.0000e+00   1.9108e-01   2.9849e+02
20260826_05:00:00   6.6896e-01   1.3566e+02   1.3287e+01   0.0000e+00   2.0577e-01   2.9887e+02
20260826_06:00:00   6.4305e-01   1.3178e+02   1.2836e+01   0.0000e+00   1.6233e-01   3.0004e+02
20260826_07:00:00   5.7643e-01   1.2224e+02   1.1702e+01   0.0000e+00   1.7844e-02   3.0130e+02
20260826_08:00:00   5.5140e-01   1.1850e+02   1.1191e+01   0.0000e+00   1.4559e-02   3.0353e+02
20260826_09:00:00   5.3788e-01   1.1680e+02   1.0836e+01   0.0000e+00   7.8167e-03   3.0417e+02
20260826_10:00:00   5.4320e-01   1.1816e+02   1.0733e+01   0.0000e+00   5.0737e-04   3.0440e+02
20260826_11:00:00   5.2416e-01   1.1546e+02   1.0312e+01   0.0000e+00   0.0000e+00   3.0187e+02
20260826_12:00:00   4.9252e-01   1.1040e+02   9.7287e+00   0.0000e+00   0.0000e+00   3.0036e+02
20260826_13:00:00   4.5031e-01   1.0320e+02   9.0229e+00   0.0000e+00   0.0000e+00   2.9951e+02
20260826_14:00:00   3.9363e-01   9.3145e+01   7.9732e+00   0.0000e+00   0.0000e+00   2.9879e+02
20260826_15:00:00   3.1004e-01   7.7015e+01   6.4701e+00   0.0000e+00   0.0000e+00   2.9826e+02
20260826_16:00:00   2.3213e-01   6.0676e+01   4.9920e+00   0.0000e+00   0.0000e+00   3.0031e+02
20260826_17:00:00   1.9563e-01   5.2690e+01   4.2458e+00   0.0000e+00   0.0000e+00   3.0287e+02
20260826_18:00:00   1.7994e-01   4.9098e+01   3.9516e+00   0.0000e+00   0.0000e+00   3.0519e+02
20260826_19:00:00   1.8979e-01   5.1153e+01   4.2176e+00   0.0000e+00   2.1280e-04   3.0583e+02
20260826_20:00:00   1.9867e-01   5.3186e+01   4.4038e+00   0.0000e+00   4.1780e-05   3.0458e+02
20260826_21:00:00   2.0505e-01   5.4648e+01   4.5194e+00   0.0000e+00   3.4880e-05   3.0430e+02
20260826_22:00:00   2.2126e-01   5.8210e+01   4.8618e+00   0.0000e+00   4.7220e-05   3.0343e+02
20260826_23:00:00   2.2421e-01   5.8879e+01   4.9199e+00   0.0000e+00   3.0800e-06   3.0243e+02
20260827_00:00:00   2.1889e-01   5.7763e+01   4.7934e+00   0.0000e+00   3.2320e-05   3.0192e+02
20260827_01:00:00   2.2275e-01   5.8573e+01   4.8837e+00   0.0000e+00   9.3420e-05   3.0152e+02
20260827_02:00:00   2.3561e-01   6.1269e+01   5.1743e+00   0.0000e+00   3.3580e-05   3.0122e+02
20260827_03:00:00   2.6559e-01   6.7486e+01   5.8272e+00   0.0000e+00   1.4624e-05   3.0082e+02
20260827_04:00:00   3.0310e-01   7.5180e+01   6.5818e+00   0.0000e+00   3.9242e-05   3.0022e+02
20260827_05:00:00   3.6146e-01   8.6762e+01   7.6743e+00   0.0000e+00   0.0000e+00   3.0052e+02
20260827_06:00:00   3.8107e-01   9.0537e+01   8.0294e+00   0.0000e+00   0.0000e+00   3.0186e+02
20260827_07:00:00   3.7404e-01   8.9277e+01   7.8770e+00   0.0000e+00   0.0000e+00   3.0414e+02
20260827_08:00:00   3.5505e-01   8.5777e+01   7.4865e+00   0.0000e+00   0.0000e+00   3.0347e+02
20260827_09:00:00   3.5028e-01   8.4854e+01   7.3897e+00   0.0000e+00   0.0000e+00   3.0352e+02
20260827_10:00:00   3.4793e-01   8.4396e+01   7.3391e+00   0.0000e+00   0.0000e+00   3.0415e+02
20260827_11:00:00   3.8041e-01   9.0505e+01   7.9330e+00   0.0000e+00   0.0000e+00   3.0407e+02
20260827_12:00:00   4.1324e-01   9.6486e+01   8.5207e+00   0.0000e+00   0.0000e+00   3.0414e+02
20260827_13:00:00   4.2539e-01   9.8607e+01   8.7645e+00   0.0000e+00   0.0000e+00   3.0349e+02
20260827_14:00:00   4.3936e-01   1.0099e+02   9.0433e+00   0.0000e+00   0.0000e+00   3.0392e+02
20260827_15:00:00   4.5620e-01   1.0389e+02   9.3450e+00   0.0000e+00   0.0000e+00   3.0251e+02
20260827_16:00:00   4.6958e-01   1.0615e+02   9.5914e+00   0.0000e+00   0.0000e+00   3.0099e+02
20260827_17:00:00   4.8710e-01   1.0900e+02   9.9502e+00   2.8260e-04   3.7694e-04   3.0065e+02
20260827_18:00:00   4.8682e-01   1.0900e+02   9.9503e+00   1.7112e-03   1.1365e-02   3.0136e+02
20260827_19:00:00   4.6106e-01   1.0465e+02   9.4822e+00   2.0820e-03   4.2950e-03   3.0245e+02
20260827_20:00:00   4.2893e-01   9.9094e+01   8.9487e+00   0.0000e+00   2.8260e-05   3.0488e+02
20260827_21:00:00   4.4707e-01   1.0193e+02   9.3088e+00   0.0000e+00   1.3758e-04   3.0524e+02
20260827_22:00:00   4.3014e-01   9.8781e+01   9.0490e+00   0.0000e+00   3.5543e-03   3.0606e+02
20260827_23:00:00   4.1455e-01   9.5791e+01   8.7760e+00   0.0000e+00   1.8010e-02   3.0674e+02
20260828_00:00:00   3.9789e-01   9.2589e+01   8.5014e+00   0.0000e+00   5.1205e-02   3.0750e+02
20260828_01:00:00   4.1321e-01   9.5004e+01   8.8345e+00   2.2480e-04   1.1913e-01   3.0812e+02
20260828_02:00:00   4.6871e-01   1.0413e+02   9.5043e+00   9.9680e-03   1.6614e-01   3.0795e+02
20260828_03:00:00   5.0898e-01   1.1058e+02   9.9414e+00   1.7891e-02   1.4110e-01   3.0741e+02
20260828_04:00:00   5.3671e-01   1.1502e+02   1.0434e+01   1.7135e-02   1.4116e-01   3.0920e+02
20260828_05:00:00   5.0303e-01   1.0993e+02   1.0340e+01   4.1979e-03   6.2683e-02   3.1026e+02
20260828_06:00:00   5.3026e-01   1.1435e+02   1.0836e+01   2.7263e-03   6.2750e-02   3.1050e+02
20260828_07:00:00   5.6358e-01   1.1990e+02   1.1499e+01   3.4340e-05   2.3775e-02   3.1059e+02
20260828_08:00:00   5.9165e-01   1.2437e+02   1.1979e+01   0.0000e+00   1.0245e-02   3.1078e+02
20260828_09:00:00   6.0720e-01   1.2675e+02   1.2153e+01   1.0280e-04   2.2813e-02   3.1305e+02
20260828_10:00:00   5.9591e-01   1.2525e+02   1.1788e+01   1.2849e-04   4.4945e-03   3.1480e+02
20260828_11:00:00   5.3008e-01   1.1526e+02   1.0565e+01   0.0000e+00   1.5768e-03   3.1741e+02
20260828_12:00:00   4.5482e-01   1.0292e+02   9.1578e+00   0.0000e+00   1.8503e-03   3.2384e+02
20260828_13:00:00   3.9636e-01   9.2565e+01   8.0692e+00   0.0000e+00   1.4364e-02   3.2678e+02
20260828_14:00:00   3.7680e-01   8.8730e+01   7.6820e+00   1.1314e-03   3.4568e-02   3.2604e+02
20260828_15:00:00   3.1953e-01   7.8103e+01   6.5573e+00   4.7120e-04   6.5563e-03   3.2915e+02
20260828_16:00:00   1.9528e-01   5.2917e+01   3.8908e+00   0.0000e+00   7.7100e-06   3.3030e+02
20260828_17:00:00   1.4107e-01   4.0653e+01   2.7222e+00   0.0000e+00   0.0000e+00   3.2522e+02
20260828_18:00:00   1.2652e-01   3.7185e+01   2.4395e+00   0.0000e+00   0.0000e+00   3.1825e+02
20260828_19:00:00   1.1390e-01   3.4094e+01   2.2018e+00   0.0000e+00   0.0000e+00   3.1265e+02
20260828_20:00:00   1.0197e-01   3.1083e+01   1.9869e+00   0.0000e+00   0.0000e+00   3.1095e+02
20260828_21:00:00   9.4859e-02   2.9180e+01   1.8920e+00   0.0000e+00   0.0000e+00   3.0939e+02
20260828_22:00:00   9.6582e-02   2.9447e+01   1.9895e+00   0.0000e+00   0.0000e+00   3.0874e+02
20260828_23:00:00   9.8230e-02   2.9763e+01   2.0587e+00   0.0000e+00   0.0000e+00   3.0860e+02
20260829_00:00:00   9.6439e-02   2.9256e+01   2.0469e+00   0.0000e+00   0.0000e+00   3.0824e+02
20260829_01:00:00   9.0535e-02   2.7760e+01   1.9266e+00   0.0000e+00   0.0000e+00   3.0772e+02
20260829_02:00:00   8.7460e-02   2.6955e+01   1.8692e+00   0.0000e+00   0.0000e+00   3.0663e+02
20260829_03:00:00   9.5217e-02   2.8661e+01   2.1035e+00   0.0000e+00   0.0000e+00   3.0593e+02
20260829_04:00:00   1.1172e-01   3.2480e+01   2.5384e+00   0.0000e+00   0.0000e+00   3.0657e+02
20260829_05:00:00   1.2789e-01   3.6268e+01   2.9422e+00   0.0000e+00   0.0000e+00   3.0736e+02
20260829_06:00:00   1.4029e-01   3.9242e+01   3.2348e+00   0.0000e+00   0.0000e+00   3.0741e+02
20260829_07:00:00   1.6907e-01   4.5872e+01   3.9306e+00   0.0000e+00   9.0200e-05   3.0851e+02
20260829_08:00:00   1.9916e-01   5.2853e+01   4.5985e+00   0.0000e+00   0.0000e+00   3.0785e+02
20260829_09:00:00   2.2604e-01   5.8980e+01   5.1534e+00   0.0000e+00   0.0000e+00   3.0773e+02
20260829_10:00:00   2.3972e-01   6.2163e+01   5.3902e+00   0.0000e+00   0.0000e+00   3.0770e+02
20260829_11:00:00   2.3906e-01   6.2104e+01   5.3555e+00   0.0000e+00   0.0000e+00   3.0738e+02
20260829_12:00:00   2.4120e-01   6.2512e+01   5.4215e+00   0.0000e+00   2.3040e-06   3.0578e+02
20260829_13:00:00   2.5177e-01   6.4836e+01   5.6360e+00   0.0000e+00   1.7282e-05   3.0445e+02
20260829_14:00:00   2.7172e-01   6.9122e+01   6.0303e+00   0.0000e+00   3.2463e-05   3.0366e+02
20260829_15:00:00   2.8942e-01   7.2874e+01   6.3636e+00   0.0000e+00   2.2143e-04   3.0262e+02
20260829_16:00:00   2.9925e-01   7.4917e+01   6.5439e+00   0.0000e+00   2.4244e-03   3.0113e+02
20260829_17:00:00   2.9522e-01   7.4144e+01   6.4470e+00   0.0000e+00   5.8380e-03   3.0167e+02
20260829_18:00:00   2.8634e-01   7.2334e+01   6.2519e+00   0.0000e+00   1.0744e-02   3.0251e+02
20260829_19:00:00   2.7387e-01   6.9898e+01   5.9598e+00   0.0000e+00   2.9324e-03   3.0303e+02
20260829_20:00:00   2.6612e-01   6.8356e+01   5.7860e+00   0.0000e+00   1.4162e-04   3.0294e+02
20260829_21:00:00   2.6892e-01   6.8931e+01   5.8541e+00   0.0000e+00   1.5536e-04   3.0173e+02
20260829_22:00:00   2.6836e-01   6.8892e+01   5.8318e+00   0.0000e+00   3.4561e-06   2.9971e+02
20260829_23:00:00   2.7215e-01   6.9740e+01   5.8979e+00   0.0000e+00   0.0000e+00   2.9884e+02
20260830_00:00:00   2.6877e-01   6.9100e+01   5.8066e+00   0.0000e+00   0.0000e+00   3.0032e+02
20260830_03:00:00   2.4147e-01   6.3367e+01   5.2170e+00   0.0000e+00   0.0000e+00   3.0184e+02
20260830_06:00:00   2.2775e-01   6.0536e+01   4.8728e+00   0.0000e+00   0.0000e+00   3.0037e+02
20260830_09:00:00   2.8890e-01   7.3298e+01   6.1553e+00   0.0000e+00   0.0000e+00   2.9652e+02
20260830_12:00:00   3.3644e-01   8.2903e+01   7.0989e+00   0.0000e+00   0.0000e+00   2.9362e+02
20260830_15:00:00   3.1657e-01   7.9159e+01   6.7143e+00   0.0000e+00   0.0000e+00   2.9175e+02
20260830_18:00:00   2.7604e-01   7.0889e+01   5.9208e+00   0.0000e+00   0.0000e+00   2.9219e+02
20260830_21:00:00   2.4098e-01   6.3374e+01   5.2455e+00   0.0000e+00   0.0000e+00   2.9267e+02
20260831_00:00:00   2.7430e-01   7.0298e+01   5.9461e+00   0.0000e+00   0.0000e+00   2.9310e+02
20260831_03:00:00   3.6736e-01   8.8309e+01   7.8014e+00   0.0000e+00   0.0000e+00   2.9094e+02
20260831_06:00:00   4.2161e-01   9.8077e+01   8.8205e+00   0.0000e+00   0.0000e+00   2.9114e+02
20260831_09:00:00   4.9531e-01   1.1059e+02   1.0256e+01   0.0000e+00   2.7840e-05   2.9411e+02
20260831_12:00:00   5.2121e-01   1.1497e+02   1.0774e+01   0.0000e+00   0.0000e+00   2.9296e+02
20260831_15:00:00   5.0189e-01   1.1243e+02   1.0322e+01   0.0000e+00   0.0000e+00   2.8928e+02
20260831_18:00:00   4.9260e-01   1.1092e+02   1.0134e+01   0.0000e+00   0.0000e+00   2.9018e+02
20260831_21:00:00   4.7915e-01   1.0879e+02   9.8117e+00   0.0000e+00   0.0000e+00   2.9401e+02
20260901_00:00:00   5.0789e-01   1.1327e+02   1.0314e+01   0.0000e+00   0.0000e+00   2.9601e+02
20260901_03:00:00   5.4861e-01   1.1947e+02   1.1037e+01   1.7666e-04   4.3221e-03   2.9460e+02
20260901_06:00:00   6.3450e-01   1.3212e+02   1.2587e+01   1.1715e-03   7.2159e-03   2.9667e+02
20260901_09:00:00   6.4194e-01   1.3338e+02   1.2738e+01   0.0000e+00   1.2470e-03   2.9696e+02
20260901_12:00:00   6.1560e-01   1.2952e+02   1.2265e+01   1.7340e-03   1.0090e-02   2.9434e+02
20260901_15:00:00   6.2524e-01   1.3136e+02   1.2247e+01   2.8423e-04   1.7797e-02   2.9280e+02
20260901_18:00:00   6.0554e-01   1.2847e+02   1.1821e+01   2.9779e-03   1.0064e-02   2.9447e+02
20260901_21:00:00   5.7419e-01   1.2410e+02   1.1330e+01   5.7200e-05   2.9003e-04   2.9660e+02
20260902_00:00:00   5.8352e-01   1.2552e+02   1.1569e+01   0.0000e+00   2.6820e-04   2.9505e+02
20260902_03:00:00   5.8256e-01   1.2498e+02   1.1739e+01   0.0000e+00   3.7466e-04   2.9543e+02
20260902_06:00:00   5.9632e-01   1.2678e+02   1.2024e+01   4.9800e-04   4.4300e-03   2.9869e+02
20260902_09:00:00   6.5127e-01   1.3460e+02   1.2964e+01   0.0000e+00   5.7001e-02   3.0002e+02
20260902_12:00:00   6.9715e-01   1.4049e+02   1.3996e+01   3.1569e-03   7.0968e-02   2.9550e+02
20260902_15:00:00   7.3577e-01   1.4533e+02   1.4570e+01   5.2658e-03   2.0844e-01   2.9306e+02
20260902_18:00:00   6.4857e-01   1.3361e+02   1.3333e+01   0.0000e+00   8.1409e-02   2.9368e+02
20260902_21:00:00   6.2693e-01   1.3067e+02   1.2960e+01   0.0000e+00   5.5453e-02   2.9408e+02
20260903_00:00:00   5.8744e-01   1.2487e+02   1.2240e+01   0.0000e+00   1.3426e-03   2.9304e+02
20260903_03:00:00   5.7067e-01   1.2249e+02   1.1659e+01   2.2080e-04   9.9762e-03   2.9335e+02
20260903_06:00:00   5.4576e-01   1.1906e+02   1.0978e+01   0.0000e+00   1.0175e-02   2.9293e+02
20260903_09:00:00   4.9942e-01   1.1167e+02   1.0131e+01   0.0000e+00   1.0329e-03   2.9405e+02
20260903_12:00:00   4.8780e-01   1.0996e+02   9.8869e+00   1.9762e-05   6.9840e-06   2.9042e+02
20260903_15:00:00   5.2386e-01   1.1676e+02   1.0194e+01   0.0000e+00   0.0000e+00   2.9130e+02
20260903_18:00:00   4.9416e-01   1.1177e+02   9.7546e+00   0.0000e+00   0.0000e+00   2.9525e+02
20260903_21:00:00   4.4823e-01   1.0362e+02   8.9784e+00   0.0000e+00   0.0000e+00   2.9759e+02
20260904_00:00:00   3.6786e-01   8.9319e+01   7.3733e+00   0.0000e+00   0.0000e+00   2.9843e+02
20260904_03:00:00   2.3360e-01   6.1775e+01   4.8338e+00   0.0000e+00   0.0000e+00   2.9288e+02
20260904_06:00:00   1.4765e-01   4.2051e+01   3.1139e+00   0.0000e+00   0.0000e+00   2.9343e+02
20260904_09:00:00   1.1604e-01   3.4373e+01   2.4515e+00   0.0000e+00   0.0000e+00   2.9460e+02
20260904_12:00:00   1.9366e-01   5.1659e+01   4.3936e+00   0.0000e+00   0.0000e+00   2.9236e+02
20260904_15:00:00   2.7819e-01   7.0056e+01   6.1852e+00   0.0000e+00   6.4240e-06   2.9044e+02
20260904_18:00:00   3.0633e-01   7.5164e+01   6.9397e+00   0.0000e+00   3.5270e-03   2.9158e+02
20260904_21:00:00   2.9534e-01   7.2458e+01   6.7686e+00   0.0000e+00   2.9003e-03   2.9476e+02
20260905_00:00:00   3.0432e-01   7.4332e+01   6.9543e+00   0.0000e+00   3.3363e-03   2.9635e+02
20260905_03:00:00   2.4741e-01   6.3115e+01   5.6117e+00   0.0000e+00   3.0518e-04   2.9817e+02
20260905_06:00:00   2.2150e-01   5.8083e+01   4.8930e+00   0.0000e+00   1.5416e-04   3.0230e+02
20260905_09:00:00   2.2255e-01   5.8496e+01   4.8519e+00   0.0000e+00   0.0000e+00   3.1099e+02
20260905_12:00:00   2.8835e-01   7.2440e+01   6.1413e+00   0.0000e+00   0.0000e+00   3.0725e+02
20260905_15:00:00   3.8910e-01   9.2339e+01   7.9079e+00   0.0000e+00   0.0000e+00   2.9903e+02
20260905_18:00:00   3.1635e-01   7.8313e+01   6.6529e+00   0.0000e+00   6.1608e-03   2.9782e+02
20260905_21:00:00   2.6053e-01   6.6498e+01   5.6585e+00   0.0000e+00   2.9870e-04   3.0302e+02
20260906_00:00:00   1.8727e-01   5.0423e+01   4.1961e+00   0.0000e+00   2.9242e-03   3.0426e+02
20260906_03:00:00   1.8668e-01   4.9939e+01   4.3388e+00   0.0000e+00   2.8862e-03   3.0091e+02
20260906_06:00:00   2.1380e-01   5.6096e+01   4.9352e+00   0.0000e+00   3.2294e-04   2.9932e+02
20260906_09:00:00   2.5256e-01   6.4643e+01   5.7581e+00   0.0000e+00   3.6203e-03   2.9511e+02
20260906_12:00:00   3.5299e-01   8.5173e+01   7.8381e+00   0.0000e+00   2.6578e-03   2.9173e+02
20260906_15:00:00   4.5229e-01   1.0336e+02   9.7840e+00   0.0000e+00   1.8573e-03   2.9047e+02
20260906_18:00:00   4.2020e-01   9.7480e+01   9.2457e+00   0.0000e+00   3.7408e-03   2.9082e+02
20260906_21:00:00   3.6195e-01   8.7282e+01   7.9230e+00   0.0000e+00   4.9368e-04   2.9095e+02
20260907_00:00:00   3.4629e-01   8.4397e+01   7.5883e+00   0.0000e+00   5.8500e-05   2.9072e+02
20260907_03:00:00   3.3032e-01   8.1416e+01   7.2280e+00   0.0000e+00   9.0603e-04   2.8873e+02
20260907_06:00:00   3.1399e-01   7.8402e+01   6.7448e+00   0.0000e+00   4.3521e-04   2.8902e+02
20260907_09:00:00   2.7625e-01   7.1167e+01   5.7726e+00   0.0000e+00   1.4590e-04   2.9126e+02
20260907_12:00:00   2.5526e-01   6.6868e+01   5.3260e+00   0.0000e+00   3.2180e-05   2.8975e+02
20260907_15:00:00   2.4877e-01   6.5517e+01   5.1585e+00   0.0000e+00   2.2320e-05   2.8800e+02
20260907_18:00:00   2.3023e-01   6.1455e+01   4.8523e+00   0.0000e+00   0.0000e+00   2.8739e+02
20260907_21:00:00   2.0893e-01   5.6597e+01   4.4596e+00   0.0000e+00   5.8320e-06   2.8801e+02
20260908_00:00:00   1.9035e-01   5.2160e+01   4.1752e+00   0.0000e+00   9.3680e-05   2.8875e+02
20260908_03:00:00   2.4109e-01   6.3155e+01   5.3304e+00   0.0000e+00   4.2628e-04   2.8951e+02
20260908_06:00:00   2.7854e-01   7.1184e+01   5.9992e+00   0.0000e+00   7.0132e-05   2.8968e+02
20260908_09:00:00   3.2486e-01   8.0732e+01   6.7929e+00   0.0000e+00   1.4840e-04   2.8764e+02
20260908_12:00:00   3.4043e-01   8.3817e+01   7.0439e+00   0.0000e+00   3.5312e-05   2.8882e+02
20260908_15:00:00   3.7683e-01   9.1047e+01   7.6404e+00   0.0000e+00   0.0000e+00   2.8965e+02
20260908_18:00:00   3.6806e-01   8.9680e+01   7.2532e+00   0.0000e+00   0.0000e+00   2.8872e+02
20260908_21:00:00   2.5641e-01   6.7154e+01   5.2050e+00   0.0000e+00   0.0000e+00   2.8668e+02
20260909_00:00:00   2.0193e-01   5.5256e+01   4.1125e+00   0.0000e+00   0.0000e+00   2.8708e+02
20260909_03:00:00   1.6437e-01   4.6514e+01   3.4075e+00   0.0000e+00   0.0000e+00   2.8981e+02
20260909_06:00:00   2.0371e-01   5.5472e+01   4.1963e+00   0.0000e+00   0.0000e+00   2.8760e+02
20260909_09:00:00   2.3465e-01   6.2256e+01   4.8295e+00   0.0000e+00   0.0000e+00   2.8914e+02
20260909_12:00:00   2.9857e-01   7.5847e+01   6.0394e+00   0.0000e+00   4.5382e-05   2.8618e+02
20260909_15:00:00   3.8221e-01   9.2453e+01   7.4540e+00   0.0000e+00   0.0000e+00   2.8415e+02
20260909_18:00:00   3.5463e-01   8.7245e+01   6.9623e+00   0.0000e+00   0.0000e+00   2.8306e+02
20260909_21:00:00   2.6798e-01   6.9612e+01   5.4618e+00   0.0000e+00   0.0000e+00   2.8175e+02
20260910_00:00:00   2.3814e-01   6.3050e+01   5.0156e+00   0.0000e+00   0.0000e+00   2.7948e+02
