#            date       tau255        Tb[K]      pwv[mm] lwp[kg*m^-2] iwp[kg*m^-2]       o3[DU]
20260808_00:00:00   3.2545e-01   8.1262e+01   6.2799e+00   0.0000e+00   0.0000e+00   3.0592e+02
20260808_01:00:00   3.2179e-01   8.0424e+01   6.2227e+00   0.0000e+00   0.0000e+00   3.0340e+02
20260808_02:00:00   3.4285e-01   8.4450e+01   6.6349e+00   0.0000e+00   0.0000e+00   3.0230e+02
20260808_03:00:00   3.6273e-01   8.8243e+01   6.9892e+00   0.0000e+00   0.0000e+00   3.0152e+02
20260808_04:00:00   3.7751e-01   9.1050e+01   7.2205e+00   0.0000e+00   0.0000e+00   3.0340e+02
20260808_05:00:00   4.0334e-01   9.5894e+01   7.6265e+00   0.0000e+00   0.0000e+00   3.0538e+02
20260808_06:00:00   3.8528e-01   9.2520e+01   7.3832e+00   0.0000e+00   0.0000e+00   3.0870e+02
20260808_07:00:00   3.3004e-01   8.1772e+01   6.5497e+00   0.0000e+00   0.0000e+00   3.1161e+02
20260808_08:00:00   3.4615e-01   8.4768e+01   6.9720e+00   0.0000e+00   0.0000e+00   3.1030e+02
20260808_09:00:00   3.8048e-01   9.1233e+01   7.6600e+00   0.0000e+00   0.0000e+00   3.0932e+02
20260808_10:00:00   4.3922e-01   1.0204e+02   8.6410e+00   0.0000e+00   0.0000e+00   3.0996e+02
20260808_11:00:00   4.8970e-01   1.1079e+02   9.4979e+00   0.0000e+00   0.0000e+00   3.1174e+02
20260808_12:00:00   5.0016e-01   1.1249e+02   9.7659e+00   0.0000e+00   0.0000e+00   3.0997e+02
20260808_13:00:00   4.8379e-01   1.0972e+02   9.5677e+00   0.0000e+00   2.7660e-06   3.0762e+02
20260808_14:00:00   4.6459e-01   1.0636e+02   9.2995e+00   1.4516e-04   4.5163e-05   3.0729e+02
20260808_15:00:00   4.5672e-01   1.0481e+02   9.2534e+00   0.0000e+00   6.1562e-05   3.0514e+02
20260808_16:00:00   4.5197e-01   1.0380e+02   9.2220e+00   0.0000e+00   3.7900e-05   3.0362e+02
20260808_17:00:00   4.4009e-01   1.0156e+02   9.0258e+00   1.2848e-05   1.9505e-04   3.0282e+02
20260808_18:00:00   4.4264e-01   1.0199e+02   9.0536e+00   0.0000e+00   1.1592e-05   3.0116e+02
20260808_19:00:00   4.6032e-01   1.0514e+02   9.3360e+00   0.0000e+00   0.0000e+00   3.0104e+02
20260808_20:00:00   4.7412e-01   1.0757e+02   9.5345e+00   0.0000e+00   2.7660e-06   3.0010e+02
20260808_21:00:00   4.8317e-01   1.0911e+02   9.6946e+00   0.0000e+00   5.2300e-06   3.0009e+02
20260808_22:00:00   4.9935e-01   1.1152e+02   9.9769e+00   6.0744e-04   1.1108e-03   3.0171e+02
20260808_23:00:00   5.0864e-01   1.1302e+02   1.0031e+01   2.2181e-03   3.5764e-03   3.0049e+02
20260809_00:00:00   5.2993e-01   1.1669e+02   1.0436e+01   2.5280e-04   1.6970e-03   2.9854e+02
20260809_01:00:00   5.7518e-01   1.2395e+02   1.1264e+01   1.8478e-05   5.4780e-05   2.9809e+02
20260809_02:00:00   6.2553e-01   1.3144e+02   1.2140e+01   0.0000e+00   0.0000e+00   2.9973e+02
20260809_03:00:00   5.6858e-01   1.2337e+02   1.0880e+01   0.0000e+00   0.0000e+00   3.0244e+02
20260809_04:00:00   5.1474e-01   1.1505e+02   9.8374e+00   0.0000e+00   0.0000e+00   3.0422e+02
20260809_05:00:00   4.9391e-01   1.1161e+02   9.4850e+00   0.0000e+00   0.0000e+00   3.0733e+02
20260809_06:00:00   4.6784e-01   1.0730e+02   8.9961e+00   0.0000e+00   0.0000e+00   3.0803e+02
20260809_07:00:00   4.5323e-01   1.0480e+02   8.7050e+00   0.0000e+00   0.0000e+00   3.0621e+02
20260809_08:00:00   4.4139e-01   1.0263e+02   8.5554e+00   0.0000e+00   0.0000e+00   3.0478e+02
20260809_09:00:00   4.4128e-01   1.0264e+02   8.5601e+00   0.0000e+00   0.0000e+00   3.0414e+02
20260809_10:00:00   4.5745e-01   1.0549e+02   8.8375e+00   0.0000e+00   0.0000e+00   3.0451e+02
20260809_11:00:00   4.5542e-01   1.0508e+02   8.8602e+00   0.0000e+00   0.0000e+00   3.0670e+02
20260809_12:00:00   4.5331e-01   1.0468e+02   8.8714e+00   1.4748e-04   2.2120e-05   3.0801e+02
20260809_13:00:00   4.3949e-01   1.0221e+02   8.6191e+00   1.4034e-03   1.4011e-04   3.0918e+02
20260809_14:00:00   4.4777e-01   1.0371e+02   8.8379e+00   1.2213e-04   3.3733e-04   3.0984e+02
20260809_15:00:00   4.4341e-01   1.0302e+02   8.7302e+00   0.0000e+00   1.8436e-06   3.0919e+02
20260809_16:00:00   4.1788e-01   9.8560e+01   8.2464e+00   0.0000e+00   0.0000e+00   3.0993e+02
20260809_17:00:00   4.2501e-01   9.9724e+01   8.3970e+00   0.0000e+00   0.0000e+00   3.0986e+02
20260809_18:00:00   4.0792e-01   9.6742e+01   8.0492e+00   0.0000e+00   0.0000e+00   3.1017e+02
20260809_19:00:00   4.3252e-01   1.0123e+02   8.4385e+00   0.0000e+00   0.0000e+00   3.1143e+02
20260809_20:00:00   4.8004e-01   1.0934e+02   9.2354e+00   0.0000e+00   0.0000e+00   3.1238e+02
20260809_21:00:00   4.8560e-01   1.1032e+02   9.2846e+00   0.0000e+00   0.0000e+00   3.1249e+02
20260809_22:00:00   4.7830e-01   1.0921e+02   9.1060e+00   0.0000e+00   1.3064e-04   3.1332e+02
20260809_23:00:00   4.6713e-01   1.0733e+02   8.9313e+00   0.0000e+00   1.2760e-03   3.1295e+02
20260810_00:00:00   4.4744e-01   1.0392e+02   8.5535e+00   0.0000e+00   0.0000e+00   3.1157e+02
20260810_01:00:00   4.7063e-01   1.0791e+02   8.8628e+00   0.0000e+00   0.0000e+00   3.0975e+02
20260810_02:00:00   4.7524e-01   1.0859e+02   8.9069e+00   0.0000e+00   0.0000e+00   3.0967e+02
20260810_03:00:00   4.3105e-01   1.0084e+02   8.2224e+00   0.0000e+00   6.4240e-06   3.1325e+02
20260810_04:00:00   4.2655e-01   1.0017e+02   8.0261e+00   0.0000e+00   0.0000e+00   3.1498e+02
20260810_05:00:00   3.8866e-01   9.3318e+01   7.3463e+00   0.0000e+00   0.0000e+00   3.1607e+02
20260810_06:00:00   3.4789e-01   8.5499e+01   6.7091e+00   0.0000e+00   0.0000e+00   3.1722e+02
20260810_07:00:00   3.4869e-01   8.5610e+01   6.7646e+00   0.0000e+00   0.0000e+00   3.1629e+02
20260810_08:00:00   3.3837e-01   8.3635e+01   6.6196e+00   0.0000e+00   0.0000e+00   3.1621e+02
20260810_09:00:00   3.5766e-01   8.7395e+01   6.9702e+00   0.0000e+00   0.0000e+00   3.1729e+02
20260810_10:00:00   3.8337e-01   9.2253e+01   7.4604e+00   0.0000e+00   0.0000e+00   3.1855e+02
20260810_11:00:00   4.1447e-01   9.8031e+01   8.0241e+00   0.0000e+00   0.0000e+00   3.1782e+02
20260810_12:00:00   4.3970e-01   1.0254e+02   8.5076e+00   0.0000e+00   0.0000e+00   3.1440e+02
20260810_13:00:00   4.7227e-01   1.0815e+02   9.1229e+00   0.0000e+00   1.8436e-06   3.1201e+02
20260810_14:00:00   4.7483e-01   1.0860e+02   9.2045e+00   0.0000e+00   0.0000e+00   3.1150e+02
20260810_15:00:00   4.7067e-01   1.0796e+02   9.1336e+00   0.0000e+00   0.0000e+00   3.0937e+02
20260810_16:00:00   4.5520e-01   1.0525e+02   8.9016e+00   0.0000e+00   0.0000e+00   3.1141e+02
20260810_17:00:00   4.2605e-01   1.0005e+02   8.4305e+00   0.0000e+00   0.0000e+00   3.1172e+02
20260810_18:00:00   4.0823e-01   9.6847e+01   8.1228e+00   0.0000e+00   0.0000e+00   3.1129e+02
20260810_19:00:00   4.0004e-01   9.5435e+01   7.9585e+00   0.0000e+00   0.0000e+00   3.1272e+02
20260810_20:00:00   3.9409e-01   9.4339e+01   7.8633e+00   0.0000e+00   0.0000e+00   3.1140e+02
20260810_21:00:00   3.8670e-01   9.2977e+01   7.7434e+00   0.0000e+00   0.0000e+00   3.0952e+02
20260810_22:00:00   3.8865e-01   9.3345e+01   7.7664e+00   0.0000e+00   0.0000e+00   3.0988e+02
20260810_23:00:00   4.3465e-01   1.0162e+02   8.5825e+00   0.0000e+00   0.0000e+00   3.1026e+02
20260811_00:00:00   4.1774e-01   9.8559e+01   8.2971e+00   0.0000e+00   1.1916e-03   3.0917e+02
20260811_01:00:00   4.0066e-01   9.5496e+01   7.9581e+00   0.0000e+00   2.7240e-04   3.0636e+02
20260811_02:00:00   4.2024e-01   9.9035e+01   8.2768e+00   0.0000e+00   0.0000e+00   3.0664e+02
20260811_03:00:00   4.0117e-01   9.5500e+01   7.9623e+00   0.0000e+00   0.0000e+00   3.0810e+02
20260811_04:00:00   4.2001e-01   9.8914e+01   8.2565e+00   0.0000e+00   0.0000e+00   3.0817e+02
20260811_05:00:00   4.1492e-01   9.7960e+01   8.1795e+00   0.0000e+00   0.0000e+00   3.0966e+02
20260811_06:00:00   4.1613e-01   9.8104e+01   8.2311e+00   0.0000e+00   0.0000e+00   3.0999e+02
20260811_07:00:00   4.1597e-01   9.8009e+01   8.2556e+00   0.0000e+00   0.0000e+00   3.0959e+02
20260811_08:00:00   3.9868e-01   9.4864e+01   7.9729e+00   0.0000e+00   0.0000e+00   3.0780e+02
20260811_09:00:00   3.9972e-01   9.5097e+01   8.0027e+00   0.0000e+00   0.0000e+00   3.0678e+02
20260811_10:00:00   4.1652e-01   9.8183e+01   8.2957e+00   0.0000e+00   0.0000e+00   3.0655e+02
20260811_11:00:00   4.3025e-01   1.0065e+02   8.5401e+00   0.0000e+00   0.0000e+00   3.0550e+02
20260811_12:00:00   4.4508e-01   1.0328e+02   8.8052e+00   0.0000e+00   1.8436e-06   3.0440e+02
20260811_13:00:00   4.7741e-01   1.0882e+02   9.3896e+00   2.6216e-04   1.0866e-05   3.0397e+02
20260811_14:00:00   4.6939e-01   1.0743e+02   9.2691e+00   8.4490e-04   3.4055e-04   3.0205e+02
20260811_15:00:00   4.3600e-01   1.0167e+02   8.7332e+00   5.5300e-05   2.7193e-04   3.0030e+02
20260811_16:00:00   4.0741e-01   9.6611e+01   8.1935e+00   0.0000e+00   3.6880e-06   3.0040e+02
20260811_17:00:00   3.9263e-01   9.4074e+01   7.8397e+00   0.0000e+00   2.7660e-06   3.0107e+02
20260811_18:00:00   3.8648e-01   9.3045e+01   7.6806e+00   0.0000e+00   0.0000e+00   3.0194e+02
20260811_19:00:00   3.8213e-01   9.2240e+01   7.5906e+00   0.0000e+00   0.0000e+00   3.0308e+02
20260811_20:00:00   3.8624e-01   9.3004e+01   7.6685e+00   0.0000e+00   0.0000e+00   3.0420e+02
20260811_21:00:00   3.9669e-01   9.4964e+01   7.8275e+00   0.0000e+00   0.0000e+00   3.0420e+02
20260811_22:00:00   4.1073e-01   9.7485e+01   8.0858e+00   0.0000e+00   0.0000e+00   3.0354e+02
20260811_23:00:00   4.6128e-01   1.0650e+02   8.9212e+00   0.0000e+00   0.0000e+00   3.0498e+02
20260812_00:00:00   4.9096e-01   1.1156e+02   9.3783e+00   0.0000e+00   0.0000e+00   3.0569e+02
20260812_01:00:00   4.9947e-01   1.1295e+02   9.5136e+00   0.0000e+00   0.0000e+00   3.0547e+02
20260812_02:00:00   4.8723e-01   1.1091e+02   9.2897e+00   0.0000e+00   0.0000e+00   3.0473e+02
20260812_03:00:00   4.7889e-01   1.0944e+02   9.1546e+00   0.0000e+00   0.0000e+00   3.0428e+02
20260812_04:00:00   4.8096e-01   1.0970e+02   9.2278e+00   0.0000e+00   0.0000e+00   3.0427e+02
20260812_05:00:00   4.7434e-01   1.0849e+02   9.1553e+00   0.0000e+00   0.0000e+00   3.0463e+02
20260812_06:00:00   4.6448e-01   1.0678e+02   9.0203e+00   0.0000e+00   9.4260e-05   3.0479e+02
20260812_07:00:00   4.6655e-01   1.0717e+02   9.0435e+00   0.0000e+00   2.8900e-05   3.0422e+02
20260812_08:00:00   4.6513e-01   1.0699e+02   8.9966e+00   0.0000e+00   0.0000e+00   3.0421e+02
20260812_09:00:00   4.6749e-01   1.0740e+02   9.0429e+00   0.0000e+00   0.0000e+00   3.0588e+02
20260812_10:00:00   4.8280e-01   1.0997e+02   9.3319e+00   0.0000e+00   0.0000e+00   3.0576e+02
20260812_11:00:00   5.0298e-01   1.1325e+02   9.7139e+00   6.5600e-04   2.5202e-05   3.0449e+02
20260812_12:00:00   5.8297e-01   1.2561e+02   1.0211e+01   2.4156e-02   1.6458e-03   3.0470e+02
20260812_13:00:00   7.9527e-01   1.5360e+02   1.0420e+01   1.1317e-01   4.1008e-02   3.0248e+02
20260812_14:00:00   6.0173e-01   1.2806e+02   1.0389e+01   3.2242e-02   3.8582e-02   3.0135e+02
20260812_15:00:00   5.1588e-01   1.1517e+02   1.0013e+01   3.5718e-03   1.2289e-02   2.9987e+02
20260812_16:00:00   5.2238e-01   1.1635e+02   9.7313e+00   1.1141e-02   3.7056e-03   3.0045e+02
20260812_17:00:00   5.9866e-01   1.2798e+02   1.0043e+01   3.5075e-02   8.1284e-04   3.0046e+02
20260812_18:00:00   5.8888e-01   1.2649e+02   1.0143e+01   2.8240e-02   4.7662e-04   2.9976e+02
20260812_19:00:00   5.5663e-01   1.2164e+02   1.0193e+01   1.3540e-02   1.6337e-04   3.0124e+02
20260812_20:00:00   5.9484e-01   1.2736e+02   1.0713e+01   1.6426e-02   4.4971e-04   2.9988e+02
20260812_21:00:00   5.0054e-01   1.1295e+02   9.6082e+00   7.9340e-04   5.1400e-06   3.0233e+02
20260812_22:00:00   4.7437e-01   1.0864e+02   9.1452e+00   0.0000e+00   0.0000e+00   3.0088e+02
20260812_23:00:00   4.2033e-01   9.9230e+01   8.2267e+00   0.0000e+00   0.0000e+00   3.0035e+02
20260813_00:00:00   3.9642e-01   9.4812e+01   7.8322e+00   0.0000e+00   1.0068e-04   3.0026e+02
20260813_03:00:00   3.7912e-01   9.1345e+01   7.5577e+00   0.0000e+00   0.0000e+00   2.9985e+02
20260813_06:00:00   4.4111e-01   1.0210e+02   8.8047e+00   0.0000e+00   1.5260e-04   3.0203e+02
20260813_09:00:00   4.7217e-01   1.0733e+02   9.4726e+00   0.0000e+00   5.7840e-05   3.0263e+02
20260813_12:00:00   8.5914e-01   1.6137e+02   1.2550e+01   8.9386e-02   1.9039e-02   3.0068e+02
20260813_15:00:00   6.0990e-01   1.2970e+02   1.1704e+01   2.0490e-03   5.1504e-02   3.0003e+02
20260813_18:00:00   1.1713e+00   1.9133e+02   1.2154e+01   2.3085e-01   2.0536e-02   3.0105e+02
20260813_21:00:00   4.3292e-01   1.0151e+02   8.3558e+00   0.0000e+00   0.0000e+00   2.9909e+02
20260814_00:00:00   4.8750e-01   1.1059e+02   9.3777e+00   0.0000e+00   0.0000e+00   2.9625e+02
20260814_03:00:00   4.6316e-01   1.0646e+02   8.8262e+00   0.0000e+00   0.0000e+00   2.9843e+02
20260814_06:00:00   4.1534e-01   9.8147e+01   7.9267e+00   0.0000e+00   0.0000e+00   2.9731e+02
20260814_09:00:00   4.2712e-01   1.0029e+02   8.0954e+00   0.0000e+00   0.0000e+00   2.9579e+02
20260814_12:00:00   2.3332e+00   2.4848e+02   1.3425e+01   7.0914e-01   2.5058e-01   2.9563e+02
20260814_15:00:00   5.5320e-01   1.2085e+02   1.0731e+01   3.5718e-04   7.5967e-02   2.9373e+02
20260814_18:00:00   7.8575e-01   1.5251e+02   1.3398e+01   3.6602e-02   1.0043e-01   2.9624e+02
20260814_21:00:00   6.3581e-01   1.3255e+02   1.2565e+01   0.0000e+00   1.2454e-02   2.9487e+02
20260815_00:00:00   5.6811e-01   1.2284e+02   1.1136e+01   0.0000e+00   6.4240e-06   2.9523e+02
20260815_03:00:00   5.1398e-01   1.1402e+02   1.0257e+01   0.0000e+00   1.1182e-02   2.9615e+02
20260815_06:00:00   5.1392e-01   1.1413e+02   1.0088e+01   0.0000e+00   7.3123e-03   2.9500e+02
20260815_09:00:00   4.7354e-01   1.0772e+02   9.2992e+00   0.0000e+00   1.5096e-03   2.9523e+02
20260815_12:00:00   6.5785e-01   1.3648e+02   1.1656e+01   1.4849e-02   3.5840e-04   2.9356e+02
20260815_15:00:00   8.4727e-01   1.5973e+02   1.3899e+01   4.8950e-02   2.5573e-01   2.8797e+02
20260815_18:00:00   1.0791e+00   1.8350e+02   1.5043e+01   1.2157e-01   1.5177e-01   2.8922e+02
20260815_21:00:00   6.3220e-01   1.3186e+02   1.2830e+01   0.0000e+00   3.4451e-02   2.9237e+02
20260816_00:00:00   7.1793e-01   1.4369e+02   1.3618e+01   9.5085e-03   6.7073e-04   2.9210e+02
20260816_03:00:00   6.5098e-01   1.3490e+02   1.2698e+01   0.0000e+00   1.7730e-04   2.9030e+02
20260816_06:00:00   6.4791e-01   1.3434e+02   1.2643e+01   0.0000e+00   2.3539e-04   2.8681e+02
20260816_09:00:00   5.4879e-01   1.1947e+02   1.1083e+01   0.0000e+00   1.7224e-03   2.8812e+02
20260816_12:00:00   6.8033e-01   1.3929e+02   1.3073e+01   9.4105e-04   3.1341e-03   2.8797e+02
20260816_15:00:00   1.6502e+00   2.2363e+02   1.6476e+01   3.3018e-01   1.7196e-01   2.8636e+02
20260816_18:00:00   7.4209e-01   1.4772e+02   1.4300e+01   1.9326e-03   2.1000e-03   2.8412e+02
20260816_21:00:00   6.8834e-01   1.4019e+02   1.3647e+01   0.0000e+00   2.6664e-03   2.8345e+02
20260817_00:00:00   7.4018e-01   1.4724e+02   1.4319e+01   0.0000e+00   1.6996e-05   2.8252e+02
20260817_03:00:00   6.4828e-01   1.3487e+02   1.2711e+01   0.0000e+00   0.0000e+00   2.8383e+02
20260817_06:00:00   6.1807e-01   1.3065e+02   1.1864e+01   0.0000e+00   0.0000e+00   2.8698e+02
20260817_09:00:00   5.8705e-01   1.2628e+02   1.1221e+01   0.0000e+00   0.0000e+00   2.8792e+02
20260817_12:00:00   8.9320e-01   1.6599e+02   1.3538e+01   6.8691e-02   5.9410e-04   2.8712e+02
20260817_15:00:00   7.9588e-01   1.5435e+02   1.2722e+01   5.7965e-02   6.9596e-02   2.8778e+02
20260817_18:00:00   6.8218e-01   1.3936e+02   1.3586e+01   0.0000e+00   1.5323e-01   2.8617e+02
20260817_21:00:00   7.4447e-01   1.4766e+02   1.4434e+01   0.0000e+00   3.5930e-02   2.8680e+02
20260818_00:00:00   6.6407e-01   1.3672e+02   1.3270e+01   0.0000e+00   6.8680e-06   2.8520e+02
20260818_03:00:00   5.8334e-01   1.2526e+02   1.1642e+01   0.0000e+00   0.0000e+00   2.8620e+02
20260818_06:00:00   5.2182e-01   1.1595e+02   1.0285e+01   0.0000e+00   0.0000e+00   2.8867e+02
20260818_09:00:00   5.3589e-01   1.1836e+02   1.0358e+01   0.0000e+00   0.0000e+00   2.8926e+02
20260818_12:00:00   7.5839e-01   1.4950e+02   1.2116e+01   5.1052e-02   3.0333e-02   2.8841e+02
20260818_15:00:00   5.9637e-01   1.2748e+02   1.1512e+01   3.5747e-03   2.3559e-02   2.9160e+02
20260818_18:00:00   5.3821e-01   1.1859e+02   1.0658e+01   1.3167e-03   1.3440e-02   2.8963e+02
20260818_21:00:00   5.5125e-01   1.2082e+02   1.0725e+01   3.0120e-03   8.4834e-04   2.9244e+02
20260819_00:00:00   5.9835e-01   1.2742e+02   1.0780e+01   2.3579e-02   2.1155e-03   2.8705e+02
20260819_03:00:00   4.4639e-01   1.0267e+02   9.4042e+00   0.0000e+00   7.5222e-04   2.8630e+02
20260819_06:00:00   4.0484e-01   9.4780e+01   8.7302e+00   0.0000e+00   6.4083e-03   2.8773e+02
20260819_09:00:00   3.4733e-01   8.4879e+01   7.2577e+00   0.0000e+00   0.0000e+00   2.8979e+02
20260819_12:00:00   3.6051e-01   8.7917e+01   7.3527e+00   0.0000e+00   0.0000e+00   2.8913e+02
20260819_15:00:00   3.5392e-01   8.6906e+01   7.2344e+00   0.0000e+00   0.0000e+00   2.8966e+02
20260819_18:00:00   3.0683e-01   7.7719e+01   6.3153e+00   0.0000e+00   0.0000e+00   2.9159e+02
20260819_21:00:00   2.8276e-01   7.2779e+01   5.8232e+00   0.0000e+00   6.4240e-06   2.9222e+02
20260820_00:00:00   2.8290e-01   7.2713e+01   5.8847e+00   0.0000e+00   1.5010e-05   2.9049e+02
20260820_03:00:00   2.8265e-01   7.2485e+01   5.9262e+00   0.0000e+00   0.0000e+00   2.9203e+02
20260820_06:00:00   2.9832e-01   7.5445e+01   6.3153e+00   0.0000e+00   0.0000e+00   2.9179e+02
20260820_09:00:00   3.1367e-01   7.8464e+01   6.6593e+00   0.0000e+00   4.1100e-05   2.9371e+02
20260820_12:00:00   3.7104e-01   8.9848e+01   7.6724e+00   0.0000e+00   1.5398e-06   2.9409e+02
20260820_15:00:00   4.3310e-01   1.0136e+02   8.8019e+00   0.0000e+00   2.5692e-03   2.9227e+02
20260820_18:00:00   4.0868e-01   9.6935e+01   8.4045e+00   0.0000e+00   2.6070e-02   2.9143e+02
20260820_21:00:00   3.8514e-01   9.2529e+01   7.9711e+00   0.0000e+00   1.3303e-03   2.9474e+02
20260821_00:00:00   4.1062e-01   9.6886e+01   8.4901e+00   0.0000e+00   1.1191e-03   2.9839e+02
20260821_03:00:00   4.0738e-01   9.6309e+01   8.3174e+00   0.0000e+00   0.0000e+00   2.9941e+02
20260821_06:00:00   3.7859e-01   9.0951e+01   7.7588e+00   0.0000e+00   3.5340e-04   2.9749e+02
20260821_09:00:00   3.7125e-01   8.9436e+01   7.6697e+00   0.0000e+00   1.5310e-04   2.9935e+02
20260821_12:00:00   4.4868e-01   1.0353e+02   9.0626e+00   1.2076e-04   2.3040e-03   2.9959e+02
20260821_15:00:00   9.4925e-01   1.7069e+02   1.2758e+01   1.2574e-01   1.2019e-01   2.9725e+02
20260821_18:00:00   5.5011e-01   1.1979e+02   1.1269e+01   0.0000e+00   2.5800e-02   2.9734e+02
20260821_21:00:00   5.5956e-01   1.2135e+02   1.1363e+01   0.0000e+00   1.1333e-02   3.0105e+02
20260822_00:00:00   5.7325e-01   1.2315e+02   1.1592e+01   7.5440e-05   2.5381e-03   2.9846e+02
20260822_03:00:00   5.3377e-01   1.1663e+02   1.0909e+01   3.0800e-06   5.1260e-04   2.9901e+02
20260822_06:00:00   4.7776e-01   1.0784e+02   9.7662e+00   0.0000e+00   0.0000e+00   2.9908e+02
20260822_09:00:00   4.4987e-01   1.0342e+02   9.1799e+00   0.0000e+00   0.0000e+00   2.9956e+02
20260822_12:00:00   5.4381e-01   1.1883e+02   1.0743e+01   4.7539e-03   1.9700e-02   2.9697e+02
20260822_15:00:00   5.8696e-01   1.2561e+02   1.1794e+01   4.3422e-04   1.3899e-02   2.9237e+02
20260822_18:00:00   5.3209e-01   1.1725e+02   1.0886e+01   3.9180e-05   3.8292e-04   2.8870e+02
20260822_21:00:00   4.5267e-01   1.0408e+02   9.4271e+00   0.0000e+00   0.0000e+00   2.8906e+02
20260823_00:00:00   5.3214e-01   1.1644e+02   1.1024e+01   2.5760e-05   1.0480e-02   2.8760e+02
20260823_03:00:00   5.5633e-01   1.2079e+02   1.1280e+01   0.0000e+00   3.3600e-05   2.8707e+02
20260823_06:00:00   5.1956e-01   1.1503e+02   1.0524e+01   0.0000e+00   3.4340e-06   2.8732e+02
20260823_09:00:00   5.4615e-01   1.1930e+02   1.1027e+01   0.0000e+00   1.1588e-04   2.9688e+02
20260823_12:00:00   6.1449e-01   1.3019e+02   1.2066e+01   0.0000e+00   0.0000e+00   2.9626e+02
20260823_15:00:00   5.6156e-01   1.2210e+02   1.1221e+01   0.0000e+00   1.0739e-03   2.9394e+02
20260823_18:00:00   2.8123e-01   7.1201e+01   6.1362e+00   0.0000e+00   0.0000e+00   2.9421e+02
20260823_21:00:00   2.0732e-01   5.5113e+01   4.7518e+00   0.0000e+00   0.0000e+00   2.9399e+02
20260824_00:00:00   1.9142e-01   5.1858e+01   4.3154e+00   0.0000e+00   0.0000e+00   2.9239e+02
