#            date       tau255        Tb[K]      pwv[mm] lwp[kg*m^-2] iwp[kg*m^-2]       o3[DU]
20260819_06:00:00   6.4233e-01   1.3495e+02   1.2856e+01   0.0000e+00   4.1571e-04   2.8956e+02
20260819_07:00:00   6.4288e-01   1.3520e+02   1.2648e+01   0.0000e+00   4.2676e-06   2.8880e+02
20260819_08:00:00   6.4636e-01   1.3578e+02   1.2602e+01   0.0000e+00   0.0000e+00   2.8787e+02
20260819_09:00:00   6.5546e-01   1.3702e+02   1.2719e+01   0.0000e+00   0.0000e+00   2.8790e+02
20260819_10:00:00   6.7407e-01   1.3956e+02   1.3010e+01   0.0000e+00   0.0000e+00   2.8960e+02
20260819_11:00:00   6.7898e-01   1.4014e+02   1.3093e+01   0.0000e+00   0.0000e+00   2.8985e+02
20260819_12:00:00   6.9093e-01   1.4169e+02   1.3314e+01   0.0000e+00   0.0000e+00   2.8987e+02
20260819_13:00:00   6.9818e-01   1.4260e+02   1.3446e+01   0.0000e+00   0.0000e+00   2.8992e+02
20260819_14:00:00   7.0032e-01   1.4293e+02   1.3482e+01   0.0000e+00   0.0000e+00   2.9020e+02
20260819_15:00:00   7.0002e-01   1.4301e+02   1.3469e+01   0.0000e+00   0.0000e+00   2.9047e+02
20260819_16:00:00   6.8352e-01   1.4084e+02   1.3226e+01   0.0000e+00   0.0000e+00   2.9361e+02
20260819_17:00:00   6.7284e-01   1.3937e+02   1.3097e+01   0.0000e+00   0.0000e+00   2.9036e+02
20260819_18:00:00   6.7260e-01   1.3940e+02   1.3118e+01   0.0000e+00   0.0000e+00   2.8761e+02
20260819_19:00:00   6.9410e-01   1.4256e+02   1.3399e+01   0.0000e+00   0.0000e+00   2.8702e+02
20260819_20:00:00   7.1842e-01   1.4606e+02   1.3722e+01   7.0680e-05   0.0000e+00   2.8768e+02
20260819_21:00:00   6.9224e-01   1.4265e+02   1.3387e+01   0.0000e+00   0.0000e+00   2.8741e+02
20260819_22:00:00   8.9642e-01   1.6765e+02   1.5541e+01   3.1934e-02   5.3278e-03   2.8767e+02
20260819_23:00:00   1.1787e+00   1.9492e+02   1.5325e+01   1.5998e-01   8.1856e-03   2.8821e+02
20260820_00:00:00   1.1605e+00   1.9189e+02   1.7203e+01   1.2964e-01   7.9884e-02   2.8771e+02
20260820_01:00:00   9.0402e-01   1.6737e+02   1.7615e+01   3.5530e-04   1.4395e-01   2.8714e+02
20260820_02:00:00   8.3102e-01   1.5872e+02   1.6706e+01   8.3600e-04   1.9389e-01   2.8550e+02
20260820_03:00:00   6.8476e-01   1.4053e+02   1.4369e+01   0.0000e+00   4.6631e-02   2.8410e+02
20260820_04:00:00   7.4944e-01   1.4902e+02   1.5337e+01   0.0000e+00   1.4480e-02   2.8537e+02
20260820_05:00:00   7.2484e-01   1.4583e+02   1.4787e+01   0.0000e+00   1.5256e-03   2.8819e+02
20260820_06:00:00   7.5141e-01   1.4916e+02   1.5280e+01   0.0000e+00   1.9289e-03   2.8434e+02
20260820_07:00:00   8.6022e-01   1.6208e+02   1.6455e+01   1.6244e-02   9.6384e-03   2.8332e+02
20260820_08:00:00   7.9973e-01   1.5519e+02   1.5972e+01   6.5980e-04   8.3345e-04   2.8224e+02
20260820_09:00:00   7.4765e-01   1.4910e+02   1.4817e+01   0.0000e+00   0.0000e+00   2.8300e+02
20260820_10:00:00   7.0950e-01   1.4423e+02   1.4037e+01   0.0000e+00   0.0000e+00   2.8243e+02
20260820_11:00:00   7.1617e-01   1.4500e+02   1.4155e+01   0.0000e+00   0.0000e+00   2.8335e+02
20260820_12:00:00   7.0105e-01   1.4284e+02   1.4038e+01   0.0000e+00   0.0000e+00   2.8445e+02
20260820_13:00:00   6.8130e-01   1.4006e+02   1.3806e+01   0.0000e+00   0.0000e+00   2.8696e+02
20260820_14:00:00   6.6969e-01   1.3847e+02   1.3638e+01   0.0000e+00   0.0000e+00   2.8904e+02
20260820_15:00:00   6.7534e-01   1.3926e+02   1.3760e+01   0.0000e+00   0.0000e+00   2.8833e+02
20260820_16:00:00   6.7860e-01   1.3966e+02   1.3834e+01   0.0000e+00   0.0000e+00   2.8705e+02
20260820_17:00:00   6.9221e-01   1.4144e+02   1.4138e+01   0.0000e+00   0.0000e+00   2.8972e+02
20260820_18:00:00   7.0426e-01   1.4298e+02   1.4412e+01   0.0000e+00   0.0000e+00   2.9016e+02
20260820_19:00:00   7.0412e-01   1.4304e+02   1.4393e+01   0.0000e+00   0.0000e+00   2.8942e+02
20260820_20:00:00   7.5721e-01   1.5029e+02   1.5206e+01   0.0000e+00   0.0000e+00   2.8713e+02
20260820_21:00:00   7.9949e-01   1.5589e+02   1.5854e+01   0.0000e+00   0.0000e+00   2.8436e+02
20260820_22:00:00   8.5740e-01   1.6316e+02   1.6729e+01   0.0000e+00   0.0000e+00   2.8676e+02
20260820_23:00:00   2.3996e+00   2.5346e+02   1.9391e+01   5.7489e-01   6.1491e-02   2.8269e+02
20260821_00:00:00   4.2128e+00   2.7446e+02   2.2071e+01   1.3271e+00   6.1148e-01   2.8267e+02
20260821_01:00:00   2.1609e+00   2.4571e+02   2.0731e+01   4.6899e-01   7.5690e-01   2.8317e+02
20260821_02:00:00   9.6467e-01   1.7388e+02   1.7654e+01   3.0777e-02   3.6531e-01   2.8426e+02
20260821_03:00:00   1.0076e+00   1.7778e+02   1.9341e+01   1.0357e-02   2.5751e-01   2.8349e+02
20260821_04:00:00   9.4720e-01   1.7155e+02   1.8853e+01   2.8480e-04   1.5304e-01   2.8366e+02
20260821_05:00:00   9.2652e-01   1.6947e+02   1.8405e+01   0.0000e+00   5.8555e-02   2.8251e+02
20260821_06:00:00   9.1240e-01   1.6793e+02   1.8124e+01   1.7072e-06   2.8699e-02   2.8254e+02
20260821_07:00:00   9.5454e-01   1.7231e+02   1.8460e+01   5.6180e-03   4.5964e-03   2.8309e+02
20260821_08:00:00   9.3607e-01   1.7042e+02   1.8201e+01   2.8156e-03   1.3905e-02   2.8087e+02
20260821_09:00:00   8.8038e-01   1.6454e+02   1.7273e+01   0.0000e+00   6.3383e-03   2.8053e+02
20260821_10:00:00   8.0063e-01   1.5532e+02   1.5957e+01   0.0000e+00   3.5676e-03   2.7959e+02
20260821_11:00:00   7.4398e-01   1.4816e+02   1.5032e+01   0.0000e+00   3.3632e-03   2.7989e+02
20260821_12:00:00   7.1356e-01   1.4403e+02   1.4563e+01   0.0000e+00   6.8968e-03   2.8122e+02
20260821_13:00:00   6.6147e-01   1.3696e+02   1.3643e+01   0.0000e+00   6.5075e-04   2.8107e+02
20260821_14:00:00   6.4050e-01   1.3409e+02   1.3210e+01   0.0000e+00   2.2080e-06   2.8352e+02
20260821_15:00:00   6.5186e-01   1.3580e+02   1.3301e+01   0.0000e+00   0.0000e+00   2.8427e+02
20260821_16:00:00   6.8016e-01   1.3966e+02   1.3774e+01   0.0000e+00   0.0000e+00   2.8483e+02
20260821_17:00:00   6.9436e-01   1.4156e+02   1.4063e+01   0.0000e+00   0.0000e+00   2.8606e+02
20260821_18:00:00   6.9785e-01   1.4201e+02   1.4101e+01   0.0000e+00   0.0000e+00   2.8611e+02
20260821_19:00:00   7.1167e-01   1.4395e+02   1.4295e+01   0.0000e+00   0.0000e+00   2.8377e+02
20260821_20:00:00   7.2221e-01   1.4547e+02   1.4459e+01   0.0000e+00   0.0000e+00   2.8081e+02
20260821_21:00:00   7.5151e-01   1.4952e+02   1.4842e+01   0.0000e+00   0.0000e+00   2.7946e+02
20260821_22:00:00   7.0251e-01   1.4356e+02   1.3850e+01   2.5604e-06   0.0000e+00   2.7900e+02
20260821_23:00:00   9.1024e-01   1.6857e+02   1.5949e+01   3.2307e-02   2.6363e-03   2.7761e+02
20260822_00:00:00   8.5192e-01   1.6236e+02   1.5170e+01   2.6595e-02   9.5673e-04   2.7875e+02
20260822_01:00:00   1.2352e+00   1.9891e+02   1.5716e+01   1.7263e-01   1.3786e-03   2.7774e+02
20260822_02:00:00   8.4056e-01   1.6097e+02   1.5231e+01   2.0807e-02   1.8462e-05   2.7978e+02
20260822_03:00:00   1.0613e+00   1.8387e+02   1.6403e+01   8.2872e-02   1.6126e-02   2.7889e+02
20260822_04:00:00   1.7530e+00   2.2973e+02   1.8724e+01   3.2030e-01   1.4830e-01   2.7968e+02
20260822_05:00:00   1.0392e+00   1.8114e+02   1.7560e+01   5.5057e-02   4.3367e-02   2.7831e+02
20260822_06:00:00   1.3222e+00   2.0496e+02   1.9177e+01   1.2339e-01   6.4019e-02   2.7740e+02
20260822_07:00:00   1.9288e+00   2.3741e+02   2.0519e+01   3.4471e-01   2.9063e-01   2.7795e+02
20260822_08:00:00   1.0459e+00   1.8118e+02   1.8754e+01   2.9940e-02   2.6351e-01   2.7878e+02
20260822_09:00:00   8.9906e-01   1.6625e+02   1.7750e+01   2.4998e-05   4.0168e-02   2.8109e+02
20260822_10:00:00   9.1904e-01   1.6845e+02   1.7346e+01   1.6014e-02   4.5596e-02   2.8298e+02
20260822_11:00:00   8.9134e-01   1.6552e+02   1.6493e+01   2.1821e-02   6.1346e-03   2.8384e+02
20260822_12:00:00   7.5315e-01   1.4945e+02   1.4791e+01   9.2940e-06   8.1226e-04   2.8385e+02
20260822_13:00:00   6.6315e-01   1.3763e+02   1.3152e+01   0.0000e+00   1.8522e-03   2.8376e+02
20260822_14:00:00   5.9811e-01   1.2832e+02   1.1948e+01   0.0000e+00   1.2548e-03   2.8359e+02
20260822_15:00:00   5.4143e-01   1.1969e+02   1.0873e+01   0.0000e+00   6.4740e-04   2.8196e+02
20260822_16:00:00   5.3019e-01   1.1798e+02   1.0631e+01   0.0000e+00   0.0000e+00   2.8129e+02
20260822_17:00:00   5.7680e-01   1.2530e+02   1.1407e+01   0.0000e+00   0.0000e+00   2.7971e+02
20260822_18:00:00   6.0015e-01   1.2886e+02   1.1803e+01   0.0000e+00   0.0000e+00   2.8010e+02
20260822_19:00:00   5.9131e-01   1.2755e+02   1.1659e+01   0.0000e+00   0.0000e+00   2.8146e+02
20260822_20:00:00   5.9872e-01   1.2872e+02   1.1786e+01   0.0000e+00   0.0000e+00   2.8285e+02
20260822_21:00:00   6.3204e-01   1.3367e+02   1.2386e+01   0.0000e+00   0.0000e+00   2.8145e+02
20260822_22:00:00   6.6134e-01   1.3783e+02   1.2944e+01   0.0000e+00   0.0000e+00   2.8027e+02
20260822_23:00:00   6.6611e-01   1.3863e+02   1.3021e+01   7.1840e-06   0.0000e+00   2.8184e+02
20260823_00:00:00   6.3836e-01   1.3487e+02   1.2514e+01   0.0000e+00   0.0000e+00   2.8243e+02
20260823_01:00:00   6.3146e-01   1.3388e+02   1.2371e+01   0.0000e+00   0.0000e+00   2.8277e+02
20260823_02:00:00   6.1052e-01   1.3078e+02   1.1993e+01   7.1840e-06   0.0000e+00   2.8307e+02
20260823_03:00:00   6.0860e-01   1.3043e+02   1.1924e+01   6.5600e-04   1.7244e-05   2.8161e+02
20260823_04:00:00   6.4438e-01   1.3552e+02   1.2307e+01   6.3174e-03   8.1980e-05   2.8102e+02
20260823_05:00:00   7.2722e-01   1.4652e+02   1.3068e+01   2.3221e-02   6.0994e-04   2.8013e+02
20260823_06:00:00   7.9538e-01   1.5497e+02   1.3238e+01   4.6540e-02   7.3567e-04   2.7796e+02
20260823_07:00:00   7.3152e-01   1.4697e+02   1.2754e+01   3.1120e-02   5.0260e-04   2.7757e+02
20260823_08:00:00   6.3594e-01   1.3391e+02   1.2372e+01   0.0000e+00   0.0000e+00   2.7628e+02
20260823_09:00:00   6.1466e-01   1.3072e+02   1.2042e+01   0.0000e+00   2.8740e-06   2.7705e+02
20260823_10:00:00   6.1452e-01   1.3060e+02   1.2041e+01   2.6120e-04   4.1080e-05   2.7719e+02
20260823_11:00:00   5.6979e-01   1.2393e+02   1.1274e+01   0.0000e+00   0.0000e+00   2.7753e+02
20260823_12:00:00   5.4506e-01   1.2006e+02   1.0829e+01   0.0000e+00   0.0000e+00   2.7894e+02
20260823_13:00:00   5.3803e-01   1.1888e+02   1.0741e+01   0.0000e+00   0.0000e+00   2.8056e+02
20260823_14:00:00   5.3836e-01   1.1883e+02   1.0819e+01   0.0000e+00   0.0000e+00   2.8268e+02
20260823_15:00:00   5.4945e-01   1.2054e+02   1.1062e+01   0.0000e+00   0.0000e+00   2.8325e+02
20260823_16:00:00   5.6313e-01   1.2267e+02   1.1284e+01   0.0000e+00   0.0000e+00   2.8136e+02
20260823_17:00:00   5.6131e-01   1.2248e+02   1.1242e+01   0.0000e+00   0.0000e+00   2.8229e+02
20260823_18:00:00   5.7526e-01   1.2467e+02   1.1506e+01   0.0000e+00   0.0000e+00   2.8274e+02
20260823_19:00:00   6.0173e-01   1.2870e+02   1.1983e+01   0.0000e+00   0.0000e+00   2.8323e+02
20260823_20:00:00   6.2731e-01   1.3248e+02   1.2454e+01   0.0000e+00   0.0000e+00   2.8450e+02
20260823_21:00:00   6.3903e-01   1.3428e+02   1.2665e+01   0.0000e+00   0.0000e+00   2.8683e+02
20260823_22:00:00   6.4481e-01   1.3523e+02   1.2756e+01   1.1950e-05   0.0000e+00   2.8684e+02
20260823_23:00:00   6.0003e-01   1.2892e+02   1.1955e+01   1.8780e-05   6.8280e-07   2.8439e+02
20260824_00:00:00   6.0853e-01   1.3022e+02   1.2048e+01   1.2066e-03   1.9234e-05   2.8391e+02
20260824_01:00:00   6.3185e-01   1.3354e+02   1.2177e+01   7.3232e-03   2.0538e-04   2.8330e+02
20260824_02:00:00   6.3692e-01   1.3416e+02   1.2537e+01   1.3534e-03   9.9882e-04   2.8453e+02
20260824_03:00:00   6.6006e-01   1.3745e+02   1.2982e+01   2.8920e-05   6.3060e-04   2.8543e+02
20260824_04:00:00   6.8549e-01   1.4106e+02   1.3012e+01   6.8621e-03   5.9214e-04   2.8649e+02
20260824_05:00:00   8.4539e-01   1.6111e+02   1.3019e+01   7.0181e-02   1.6188e-03   2.8707e+02
20260824_06:00:00   8.8768e-01   1.6605e+02   1.3568e+01   7.1232e-02   1.2616e-03   2.8608e+02
20260824_09:00:00   6.6526e-01   1.3817e+02   1.2422e+01   8.9063e-03   3.1206e-04   2.8550e+02
20260824_12:00:00   6.6026e-01   1.3712e+02   1.2617e+01   3.8220e-03   1.4081e-03   2.8643e+02
20260824_15:00:00   5.6373e-01   1.2293e+02   1.1219e+01   0.0000e+00   4.1786e-03   2.8737e+02
20260824_18:00:00   5.6147e-01   1.2311e+02   1.0845e+01   0.0000e+00   2.9834e-03   2.8642e+02
20260824_21:00:00   5.9261e-01   1.2787e+02   1.1674e+01   0.0000e+00   1.8332e-03   2.8306e+02
20260825_00:00:00   5.8208e-01   1.2645e+02   1.1676e+01   0.0000e+00   8.7460e-05   2.8396e+02
20260825_03:00:00   6.1349e-01   1.3088e+02   1.2309e+01   4.0080e-04   8.5824e-04   2.8668e+02
20260825_06:00:00   5.5451e-01   1.2228e+02   1.0918e+01   0.0000e+00   1.0110e-03   2.8538e+02
20260825_09:00:00   5.3683e-01   1.1926e+02   1.0553e+01   0.0000e+00   6.6960e-04   2.8559e+02
20260825_12:00:00   4.8623e-01   1.1076e+02   9.6732e+00   0.0000e+00   1.0902e-03   2.8461e+02
20260825_15:00:00   4.4301e-01   1.0337e+02   8.8205e+00   0.0000e+00   1.1502e-05   2.8939e+02
20260825_18:00:00   4.6063e-01   1.0658e+02   9.1174e+00   0.0000e+00   2.2080e-06   2.8920e+02
20260825_21:00:00   5.2501e-01   1.1753e+02   1.0339e+01   0.0000e+00   0.0000e+00   2.8470e+02
20260826_00:00:00   5.2687e-01   1.1799e+02   1.0486e+01   0.0000e+00   0.0000e+00   2.8117e+02
20260826_03:00:00   4.7569e-01   1.0923e+02   9.8302e+00   0.0000e+00   0.0000e+00   2.8434e+02
20260826_06:00:00   5.4249e-01   1.2001e+02   1.1007e+01   0.0000e+00   0.0000e+00   2.8626e+02
20260826_09:00:00   4.5909e-01   1.0600e+02   9.5230e+00   0.0000e+00   0.0000e+00   2.8517e+02
20260826_12:00:00   4.3774e-01   1.0202e+02   9.1763e+00   0.0000e+00   0.0000e+00   2.8377e+02
20260826_15:00:00   4.9563e-01   1.1173e+02   1.0271e+01   0.0000e+00   8.0870e-03   2.8233e+02
20260826_18:00:00   5.0171e-01   1.1279e+02   1.0426e+01   0.0000e+00   2.1784e-03   2.8401e+02
20260826_21:00:00   5.4115e-01   1.1938e+02   1.1180e+01   0.0000e+00   3.4140e-06   2.8402e+02
20260827_00:00:00   6.0244e-01   1.2889e+02   1.2351e+01   1.5195e-04   9.2488e-05   2.8332e+02
20260827_03:00:00   6.2113e-01   1.3172e+02   1.2688e+01   1.3802e-04   2.0152e-03   2.8350e+02
20260827_06:00:00   7.6038e-01   1.5057e+02   1.4100e+01   2.3260e-02   9.0153e-03   2.8106e+02
20260827_09:00:00   7.3796e-01   1.4763e+02   1.4295e+01   8.3820e-03   4.8785e-04   2.8017e+02
20260827_12:00:00   6.4268e-01   1.3466e+02   1.2889e+01   0.0000e+00   3.1234e-04   2.7957e+02
20260827_15:00:00   5.7246e-01   1.2459e+02   1.1391e+01   0.0000e+00   9.0380e-06   2.8042e+02
20260827_18:00:00   5.4708e-01   1.2093e+02   1.0790e+01   0.0000e+00   6.4465e-04   2.8048e+02
20260827_21:00:00   6.7438e-01   1.3983e+02   1.2760e+01   7.8740e-03   5.2596e-04   2.7832e+02
20260828_00:00:00   8.0787e-01   1.5704e+02   1.4087e+01   3.6490e-02   2.2117e-03   2.7933e+02
20260828_03:00:00   6.3204e-01   1.3404e+02   1.2600e+01   0.0000e+00   1.5186e-03   2.8091e+02
20260828_06:00:00   5.8054e-01   1.2611e+02   1.1752e+01   1.8992e-04   2.1099e-03   2.8131e+02
20260828_09:00:00   6.2287e-01   1.3228e+02   1.2485e+01   0.0000e+00   8.7722e-03   2.8144e+02
20260828_12:00:00   6.3128e-01   1.3338e+02   1.2613e+01   0.0000e+00   1.9882e-03   2.8270e+02
20260828_15:00:00   5.9574e-01   1.2799e+02   1.2230e+01   0.0000e+00   6.8166e-05   2.8407e+02
20260828_18:00:00   6.0017e-01   1.2834e+02   1.2503e+01   0.0000e+00   1.1048e-04   2.8346e+02
20260828_21:00:00   6.3335e-01   1.3368e+02   1.2948e+01   0.0000e+00   1.4870e-05   2.8108e+02
20260829_00:00:00   6.4693e-01   1.3605e+02   1.3094e+01   3.0462e-03   1.4971e-03   2.8100e+02
20260829_03:00:00   9.0406e-01   1.6743e+02   1.6945e+01   2.5136e-02   9.0486e-02   2.8307e+02
20260829_06:00:00   1.1721e+00   1.9260e+02   1.8594e+01   9.4580e-02   5.9661e-02   2.8522e+02
20260829_09:00:00   9.3576e-01   1.7035e+02   1.7650e+01   1.4006e-02   8.6359e-03   2.8375e+02
20260829_12:00:00   8.3808e-01   1.5985e+02   1.6432e+01   0.0000e+00   3.6797e-05   2.8362e+02
20260829_15:00:00   7.9015e-01   1.5389e+02   1.5854e+01   0.0000e+00   2.2080e-05   2.8665e+02
20260829_18:00:00   7.8802e-01   1.5390e+02   1.5752e+01   0.0000e+00   0.0000e+00   2.8455e+02
20260829_21:00:00   8.0782e-01   1.5694e+02   1.5864e+01   0.0000e+00   3.7180e-06   2.8280e+02
20260830_00:00:00   8.0263e-01   1.5665e+02   1.5515e+01   1.8031e-03   3.9298e-04   2.7999e+02
20260830_03:00:00   7.5763e-01   1.5054e+02   1.4856e+01   2.4060e-03   6.5449e-02   2.8167e+02
20260830_06:00:00   6.9829e-01   1.4294e+02   1.3242e+01   4.5620e-04   1.4192e-03   2.8271e+02
20260830_09:00:00   5.6001e-01   1.2321e+02   1.0571e+01   0.0000e+00   0.0000e+00   2.8404e+02
20260830_12:00:00   4.4074e-01   1.0347e+02   8.4068e+00   0.0000e+00   0.0000e+00   2.8112e+02
20260830_15:00:00   4.8672e-01   1.1106e+02   9.1821e+00   0.0000e+00   0.0000e+00   2.8521e+02
20260830_18:00:00   5.0325e-01   1.1391e+02   9.3917e+00   0.0000e+00   0.0000e+00   2.8502e+02
20260830_21:00:00   5.3960e-01   1.1982e+02   1.0177e+01   2.8700e-05   3.3340e-06   2.8217e+02
20260831_00:00:00   4.7772e-01   1.0981e+02   9.3154e+00   9.3900e-06   0.0000e+00   2.8084e+02
20260831_03:00:00   6.4433e-01   1.3532e+02   1.1528e+01   1.7796e-02   6.3357e-04   2.8236e+02
20260831_06:00:00   9.8681e-01   1.7632e+02   1.3905e+01   9.5043e-02   1.5492e-02   2.7866e+02
20260831_09:00:00   8.2595e-01   1.5831e+02   1.5128e+01   5.4978e-03   4.0132e-04   2.7820e+02
20260831_12:00:00   6.7539e-01   1.3895e+02   1.3059e+01   0.0000e+00   0.0000e+00   2.7821e+02
20260831_15:00:00   6.8027e-01   1.3964e+02   1.2998e+01   0.0000e+00   9.2940e-06   2.7991e+02
20260831_18:00:00   7.9323e-01   1.5436e+02   1.3982e+01   1.8699e-02   7.6399e-04   2.8028e+02
20260831_21:00:00   1.7031e+00   2.2791e+02   1.6441e+01   3.4006e-01   2.7976e-01   2.7779e+02
20260901_00:00:00   1.3404e+00   2.0626e+02   1.7287e+01   1.7596e-01   9.8943e-02   2.7710e+02
20260901_03:00:00   1.4598e+00   2.1278e+02   1.7704e+01   2.3141e-01   5.9088e-02   2.7706e+02
20260901_06:00:00   9.2996e-01   1.6878e+02   1.8041e+01   3.5357e-03   1.0184e-01   2.7685e+02
20260901_09:00:00   9.2477e-01   1.6854e+02   1.7720e+01   8.4732e-04   3.4486e-03   2.7702e+02
20260901_12:00:00   9.5242e-01   1.7133e+02   1.8164e+01   3.1044e-04   1.2360e-03   2.7705e+02
20260901_15:00:00   9.1168e-01   1.6721e+02   1.7354e+01   7.1840e-06   3.0520e-04   2.7921e+02
20260901_18:00:00   9.0427e-01   1.6661e+02   1.7023e+01   7.5440e-05   5.0884e-03   2.7811e+02
20260901_21:00:00   1.7061e+00   2.2932e+02   1.8141e+01   2.8587e-01   1.5281e-02   2.7474e+02
20260902_00:00:00   1.0480e+00   1.8232e+02   1.7816e+01   4.0365e-02   1.3988e-02   2.7675e+02
20260902_03:00:00   1.4831e+00   2.1636e+02   1.8568e+01   1.9226e-01   3.4332e-03   2.7841e+02
20260902_06:00:00   1.1410e+00   1.9032e+02   1.9042e+01   5.5870e-02   3.9188e-02   2.7823e+02
20260902_09:00:00   1.3461e+00   2.0595e+02   1.9232e+01   1.3296e-01   8.8768e-03   2.7823e+02
20260902_12:00:00   1.3141e+00   2.0334e+02   1.9659e+01   1.1064e-01   6.5685e-03   2.7840e+02
20260902_15:00:00   1.0514e+00   1.8186e+02   1.9152e+01   1.1993e-02   1.2088e-04   2.7729e+02
20260902_18:00:00   1.0053e+00   1.7772e+02   1.8689e+01   6.8082e-03   5.8515e-04   2.7841e+02
20260902_21:00:00   1.3259e+00   2.0587e+02   2.0469e+01   9.5530e-02   7.1502e-04   2.7445e+02
20260903_00:00:00   1.2168e+00   1.9694e+02   2.0857e+01   4.6354e-02   7.8070e-04   2.7394e+02
20260903_03:00:00   9.6024e-01   1.7324e+02   1.8400e+01   0.0000e+00   2.8200e-05   2.7252e+02
20260903_06:00:00   9.1903e-01   1.6931e+02   1.7192e+01   0.0000e+00   9.0186e-04   2.7491e+02
20260903_09:00:00   9.0888e-01   1.6803e+02   1.7113e+01   0.0000e+00   2.4395e-04   2.7437e+02
20260903_12:00:00   9.3487e-01   1.7088e+02   1.7170e+01   0.0000e+00   1.3220e-03   2.7242e+02
20260903_15:00:00   9.8262e-01   1.7575e+02   1.7734e+01   1.1920e-02   4.6741e-03   2.7253e+02
20260903_18:00:00   9.2146e-01   1.6928e+02   1.7269e+01   3.8259e-03   2.7942e-03   2.7386e+02
20260903_21:00:00   1.6590e+00   2.2785e+02   1.8850e+01   2.5326e-01   8.6778e-02   2.7133e+02
20260904_00:00:00   1.1677e+00   1.9370e+02   1.8285e+01   7.3649e-02   0.0000e+00   2.6958e+02
20260904_03:00:00   1.1304e+00   1.9020e+02   1.7627e+01   7.8304e-02   5.4920e-05   2.6958e+02
20260904_06:00:00   1.1853e+00   1.9491e+02   1.7960e+01   9.2866e-02   4.5881e-05   2.6979e+02
