#            date       tau255        Tb[K]      pwv[mm] lwp[kg*m^-2] iwp[kg*m^-2]       o3[DU]
20260922_18:00:00   1.1327e+00   1.8789e+02   1.3379e+01   1.6824e-01   6.1018e-02   2.5889e+02
20260922_19:00:00   8.6254e-01   1.6062e+02   1.3977e+01   4.7518e-02   5.8017e-02   2.5766e+02
20260922_20:00:00   7.7136e-01   1.4940e+02   1.4631e+01   2.6879e-04   1.4091e-01   2.5821e+02
20260922_21:00:00   7.8452e-01   1.5090e+02   1.5072e+01   0.0000e+00   2.1572e-01   2.6058e+02
20260922_22:00:00   7.8369e-01   1.5070e+02   1.5181e+01   0.0000e+00   2.1197e-01   2.6117e+02
20260922_23:00:00   7.4504e-01   1.4584e+02   1.4656e+01   2.2426e-05   2.4499e-01   2.6145e+02
20260923_00:00:00   7.3668e-01   1.4478e+02   1.4590e+01   1.7327e-06   1.1489e-01   2.6248e+02
20260923_01:00:00   7.4672e-01   1.4608e+02   1.4653e+01   1.2368e-05   2.4690e-01   2.6739e+02
20260923_02:00:00   7.8524e-01   1.5092e+02   1.5249e+01   8.7588e-05   6.8928e-02   2.6920e+02
20260923_03:00:00   8.4519e-01   1.5810e+02   1.5560e+01   1.5144e-02   1.1511e-01   2.7095e+02
20260923_04:00:00   9.6109e-01   1.7101e+02   1.5455e+01   6.3452e-02   8.1141e-02   2.7181e+02
20260923_05:00:00   7.9064e-01   1.5160e+02   1.5182e+01   1.6238e-03   1.7776e-01   2.7211e+02
20260923_06:00:00   7.7182e-01   1.4930e+02   1.5028e+01   0.0000e+00   1.7449e-01   2.7049e+02
20260923_07:00:00   7.8223e-01   1.5041e+02   1.5197e+01   0.0000e+00   3.4941e-01   2.6838e+02
20260923_08:00:00   7.9777e-01   1.5226e+02   1.5470e+01   0.0000e+00   2.2771e-01   2.6796e+02
20260923_09:00:00   8.3321e-01   1.5640e+02   1.5928e+01   1.9600e-04   1.0637e-01   2.6829e+02
20260923_10:00:00   7.8805e-01   1.5109e+02   1.5337e+01   8.6780e-07   7.3873e-02   2.6640e+02
20260923_11:00:00   8.0532e-01   1.5313e+02   1.5483e+01   0.0000e+00   1.1844e-01   2.6662e+02
20260923_12:00:00   7.8920e-01   1.5121e+02   1.5168e+01   0.0000e+00   1.6362e-01   2.6611e+02
20260923_13:00:00   7.7032e-01   1.4891e+02   1.4816e+01   0.0000e+00   1.5178e-01   2.6629e+02
20260923_14:00:00   7.4536e-01   1.4582e+02   1.4401e+01   0.0000e+00   1.5797e-01   2.6577e+02
20260923_15:00:00   7.2743e-01   1.4353e+02   1.4127e+01   0.0000e+00   1.1706e-01   2.6608e+02
20260923_16:00:00   7.1441e-01   1.4187e+02   1.3897e+01   0.0000e+00   1.2316e-01   2.6711e+02
20260923_17:00:00   7.2151e-01   1.4291e+02   1.3951e+01   0.0000e+00   4.2907e-02   2.6842e+02
20260923_18:00:00   7.3331e-01   1.4450e+02   1.4069e+01   0.0000e+00   5.0384e-03   2.6970e+02
20260923_19:00:00   7.1702e-01   1.4249e+02   1.3759e+01   1.0700e-03   5.8281e-04   2.7190e+02
20260923_20:00:00   7.4574e-01   1.4617e+02   1.4122e+01   5.2320e-03   5.1940e-03   2.7190e+02
20260923_21:00:00   7.8360e-01   1.5104e+02   1.4236e+01   1.8950e-02   7.3379e-02   2.7266e+02
20260923_22:00:00   8.1052e-01   1.5402e+02   1.4956e+01   1.2077e-02   2.1423e-01   2.7284e+02
20260923_23:00:00   7.8917e-01   1.5119e+02   1.4955e+01   5.6950e-03   2.8858e-01   2.7164e+02
20260924_00:00:00   7.6530e-01   1.4820e+02   1.4750e+01   3.5300e-03   2.3967e-01   2.7116e+02
20260924_01:00:00   7.1384e-01   1.4186e+02   1.3989e+01   0.0000e+00   9.9357e-02   2.7303e+02
20260924_02:00:00   6.7916e-01   1.3756e+02   1.3131e+01   0.0000e+00   8.3938e-04   2.7463e+02
20260924_03:00:00   6.4487e-01   1.3294e+02   1.2542e+01   0.0000e+00   1.1924e-04   2.7516e+02
20260924_04:00:00   6.8986e-01   1.3894e+02   1.3278e+01   0.0000e+00   7.7056e-05   2.7546e+02
20260924_05:00:00   6.9271e-01   1.3934e+02   1.3361e+01   0.0000e+00   1.8321e-03   2.7603e+02
20260924_06:00:00   7.7614e-01   1.4973e+02   1.4752e+01   9.2200e-05   1.6434e-02   2.7540e+02
20260924_07:00:00   7.9194e-01   1.5157e+02   1.5076e+01   0.0000e+00   7.0357e-02   2.7406e+02
20260924_08:00:00   7.7423e-01   1.4955e+02   1.4673e+01   0.0000e+00   1.2732e-02   2.7425e+02
20260924_09:00:00   7.1113e-01   1.4180e+02   1.3509e+01   2.8740e-05   8.1301e-05   2.7538e+02
20260924_10:00:00   6.9025e-01   1.3905e+02   1.3067e+01   0.0000e+00   0.0000e+00   2.7718e+02
20260924_11:00:00   6.5539e-01   1.3437e+02   1.2425e+01   0.0000e+00   0.0000e+00   2.7728e+02
20260924_12:00:00   6.2638e-01   1.3020e+02   1.1922e+01   0.0000e+00   3.5920e-05   2.7609e+02
20260924_13:00:00   5.4569e-01   1.1839e+02   1.0517e+01   0.0000e+00   0.0000e+00   2.7621e+02
20260924_14:00:00   5.1860e-01   1.1414e+02   1.0044e+01   0.0000e+00   0.0000e+00   2.7494e+02
20260924_15:00:00   4.9199e-01   1.0985e+02   9.6216e+00   0.0000e+00   0.0000e+00   2.7397e+02
20260924_16:00:00   4.8840e-01   1.0926e+02   9.5500e+00   0.0000e+00   0.0000e+00   2.7406e+02
20260924_17:00:00   4.8062e-01   1.0809e+02   9.3624e+00   0.0000e+00   0.0000e+00   2.7499e+02
20260924_18:00:00   4.7423e-01   1.0710e+02   9.2601e+00   0.0000e+00   0.0000e+00   2.7464e+02
20260924_19:00:00   5.0661e-01   1.1249e+02   9.8120e+00   0.0000e+00   0.0000e+00   2.7313e+02
20260924_20:00:00   5.3082e-01   1.1639e+02   1.0217e+01   0.0000e+00   0.0000e+00   2.7166e+02
20260924_21:00:00   5.5673e-01   1.2058e+02   1.0575e+01   0.0000e+00   0.0000e+00   2.7146e+02
20260924_22:00:00   6.4611e-01   1.3382e+02   1.1775e+01   3.6254e-03   7.4800e-06   2.7376e+02
20260924_23:00:00   6.3574e-01   1.3246e+02   1.1525e+01   5.1415e-03   4.7014e-03   2.7420e+02
20260925_00:00:00   9.2521e-01   1.6723e+02   1.2901e+01   1.0338e-01   2.7557e-01   2.6964e+02
20260925_01:00:00   2.1648e+00   2.4355e+02   1.5526e+01   5.8496e-01   1.1102e+00   2.6855e+02
20260925_02:00:00   1.1763e+00   1.8861e+02   1.4863e+01   1.7629e-01   1.2461e+00   2.6792e+02
20260925_03:00:00   7.2517e-01   1.4171e+02   1.2708e+01   4.5589e-02   5.3285e-01   2.7089e+02
20260925_04:00:00   5.0103e-01   1.1034e+02   1.0312e+01   0.0000e+00   1.4682e-01   2.7274e+02
20260925_05:00:00   4.2698e-01   9.8223e+01   8.9522e+00   0.0000e+00   5.5054e-03   2.7409e+02
20260925_06:00:00   4.3112e-01   9.9214e+01   8.8503e+00   0.0000e+00   3.1980e-04   2.7467e+02
20260925_07:00:00   4.4549e-01   1.0208e+02   8.7243e+00   0.0000e+00   0.0000e+00   2.7489e+02
20260925_08:00:00   4.0290e-01   9.4746e+01   7.8463e+00   0.0000e+00   0.0000e+00   2.7514e+02
20260925_09:00:00   3.8808e-01   9.2116e+01   7.5244e+00   0.0000e+00   0.0000e+00   2.7664e+02
20260925_10:00:00   3.7527e-01   8.9737e+01   7.2948e+00   0.0000e+00   0.0000e+00   2.7720e+02
20260925_11:00:00   3.4947e-01   8.4952e+01   6.7815e+00   0.0000e+00   0.0000e+00   2.7563e+02
20260925_12:00:00   3.1516e-01   7.8427e+01   6.0508e+00   0.0000e+00   0.0000e+00   2.7584e+02
20260925_13:00:00   2.9604e-01   7.4656e+01   5.6408e+00   0.0000e+00   0.0000e+00   2.7685e+02
20260925_14:00:00   2.8029e-01   7.1458e+01   5.3316e+00   0.0000e+00   0.0000e+00   2.7661e+02
20260925_15:00:00   2.5436e-01   6.6078e+01   4.8698e+00   0.0000e+00   0.0000e+00   2.7647e+02
20260925_16:00:00   2.4178e-01   6.3392e+01   4.6665e+00   0.0000e+00   0.0000e+00   2.7561e+02
20260925_17:00:00   2.3071e-01   6.1003e+01   4.4804e+00   0.0000e+00   0.0000e+00   2.7734e+02
20260925_18:00:00   2.3570e-01   6.1956e+01   4.6675e+00   0.0000e+00   0.0000e+00   2.7840e+02
20260925_19:00:00   2.3750e-01   6.2355e+01   4.6987e+00   0.0000e+00   0.0000e+00   2.7825e+02
20260925_20:00:00   2.9745e-01   7.4880e+01   5.7357e+00   0.0000e+00   0.0000e+00   2.7707e+02
20260925_21:00:00   4.0436e-01   9.5455e+01   7.4570e+00   0.0000e+00   0.0000e+00   2.7506e+02
20260925_22:00:00   4.5801e-01   1.0499e+02   8.3291e+00   4.2760e-04   0.0000e+00   2.7229e+02
20260925_23:00:00   4.4417e-01   1.0276e+02   7.9855e+00   1.6616e-03   0.0000e+00   2.6839e+02
20260926_00:00:00   3.8815e-01   9.2926e+01   6.9695e+00   9.2940e-06   0.0000e+00   2.6682e+02
20260926_01:00:00   3.6932e-01   8.9471e+01   6.6129e+00   0.0000e+00   0.0000e+00   2.6579e+02
20260926_02:00:00   3.4641e-01   8.5117e+01   6.2313e+00   0.0000e+00   2.1580e-05   2.6512e+02
20260926_03:00:00   2.9500e-01   7.4945e+01   5.4071e+00   0.0000e+00   1.0716e-03   2.6389e+02
20260926_04:00:00   2.9309e-01   7.4535e+01   5.3932e+00   0.0000e+00   6.8560e-03   2.6483e+02
20260926_05:00:00   2.9626e-01   7.5163e+01   5.4542e+00   0.0000e+00   6.4500e-03   2.6627e+02
20260926_06:00:00   3.1098e-01   7.8076e+01   5.7028e+00   0.0000e+00   7.6440e-03   2.6954e+02
20260926_07:00:00   2.9683e-01   7.5174e+01   5.4848e+00   0.0000e+00   6.6761e-03   2.6902e+02
20260926_08:00:00   2.7532e-01   7.0702e+01   5.1370e+00   0.0000e+00   3.7935e-03   2.6819e+02
20260926_09:00:00   2.6854e-01   6.9274e+01   5.0116e+00   0.0000e+00   8.8700e-03   2.6697e+02
20260926_10:00:00   2.9152e-01   7.4003e+01   5.3439e+00   0.0000e+00   4.0803e-03   2.6826e+02
20260926_11:00:00   2.8570e-01   7.2848e+01   5.2171e+00   0.0000e+00   3.8728e-03   2.6820e+02
20260926_12:00:00   2.8160e-01   7.2004e+01   5.1325e+00   0.0000e+00   1.7514e-03   2.7031e+02
20260926_13:00:00   3.0404e-01   7.6545e+01   5.4777e+00   0.0000e+00   1.3658e-05   2.7173e+02
20260926_14:00:00   2.9563e-01   7.4832e+01   5.3515e+00   0.0000e+00   0.0000e+00   2.7162e+02
20260926_15:00:00   2.8624e-01   7.2927e+01   5.2143e+00   0.0000e+00   0.0000e+00   2.7208e+02
20260926_16:00:00   2.4930e-01   6.5231e+01   4.6174e+00   0.0000e+00   0.0000e+00   2.7119e+02
20260926_17:00:00   2.1363e-01   5.7547e+01   4.0148e+00   0.0000e+00   0.0000e+00   2.7031e+02
20260926_18:00:00   2.4506e-01   6.4438e+01   4.5480e+00   0.0000e+00   0.0000e+00   2.6867e+02
20260926_19:00:00   2.9252e-01   7.4431e+01   5.3061e+00   0.0000e+00   0.0000e+00   2.6900e+02
20260926_20:00:00   3.3499e-01   8.2927e+01   6.0763e+00   0.0000e+00   0.0000e+00   2.6668e+02
20260926_21:00:00   3.7051e-01   8.9735e+01   6.7702e+00   0.0000e+00   0.0000e+00   2.6435e+02
20260926_22:00:00   4.1064e-01   9.7080e+01   7.5189e+00   0.0000e+00   0.0000e+00   2.6277e+02
20260926_23:00:00   4.2843e-01   1.0020e+02   7.8791e+00   0.0000e+00   0.0000e+00   2.6166e+02
20260927_00:00:00   4.2235e-01   9.9114e+01   7.8302e+00   0.0000e+00   0.0000e+00   2.6049e+02
20260927_01:00:00   4.0756e-01   9.6432e+01   7.6200e+00   0.0000e+00   0.0000e+00   2.6032e+02
20260927_02:00:00   3.7933e-01   9.1237e+01   7.1986e+00   0.0000e+00   0.0000e+00   2.5986e+02
20260927_03:00:00   3.3600e-01   8.2948e+01   6.5318e+00   0.0000e+00   0.0000e+00   2.6009e+02
20260927_04:00:00   3.1197e-01   7.8055e+01   6.2745e+00   0.0000e+00   0.0000e+00   2.6245e+02
20260927_05:00:00   3.3966e-01   8.3401e+01   6.8748e+00   0.0000e+00   0.0000e+00   2.6478e+02
20260927_06:00:00   3.6356e-01   8.7950e+01   7.3223e+00   0.0000e+00   0.0000e+00   2.6555e+02
20260927_07:00:00   3.9404e-01   9.3611e+01   7.8621e+00   0.0000e+00   0.0000e+00   2.6459e+02
20260927_08:00:00   4.4210e-01   1.0191e+02   8.9402e+00   0.0000e+00   1.5968e-05   2.6356e+02
20260927_09:00:00   4.7247e-01   1.0697e+02   9.6007e+00   0.0000e+00   3.3120e-06   2.6223e+02
20260927_10:00:00   5.2730e-01   1.1572e+02   1.0778e+01   0.0000e+00   1.5662e-06   2.6240e+02
20260927_11:00:00   5.8713e-01   1.2470e+02   1.2074e+01   0.0000e+00   4.7860e-04   2.6300e+02
20260927_12:00:00   6.7338e-01   1.3694e+02   1.3729e+01   0.0000e+00   0.0000e+00   2.6333e+02
20260927_13:00:00   7.3902e-01   1.4563e+02   1.4860e+01   0.0000e+00   0.0000e+00   2.6394e+02
20260927_14:00:00   7.8397e-01   1.5130e+02   1.5573e+01   0.0000e+00   6.5060e-05   2.6525e+02
20260927_15:00:00   8.2430e-01   1.5617e+02   1.6233e+01   1.8588e-05   2.6882e-04   2.6637e+02
20260927_16:00:00   9.0505e-01   1.6532e+02   1.6609e+01   2.4242e-02   7.8304e-04   2.6561e+02
20260927_17:00:00   8.8270e-01   1.6290e+02   1.6765e+01   1.2734e-02   1.9362e-03   2.6472e+02
20260927_18:00:00   8.5601e-01   1.5993e+02   1.6938e+01   2.2080e-06   3.0816e-03   2.6480e+02
20260927_21:00:00   9.3493e-01   1.6900e+02   1.7891e+01   4.8682e-03   1.5406e-04   2.6443e+02
20260928_00:00:00   2.6788e+00   2.5728e+02   1.9632e+01   6.8780e-01   4.7605e-02   2.6255e+02
20260928_03:00:00   1.5046e+00   2.1584e+02   1.9323e+01   2.0337e-01   1.9976e-02   2.6524e+02
20260928_06:00:00   9.8730e-01   1.7486e+02   1.8979e+01   1.4034e-03   3.3067e-03   2.6343e+02
20260928_09:00:00   9.6780e-01   1.7282e+02   1.8595e+01   1.9687e-04   2.6142e-02   2.5932e+02
20260928_12:00:00   9.4618e-01   1.7037e+02   1.8325e+01   0.0000e+00   9.8040e-02   2.6091e+02
20260928_15:00:00   8.1355e-01   1.5532e+02   1.6255e+01   1.4576e-04   1.6180e-02   2.6233e+02
20260928_18:00:00   9.5217e-01   1.7085e+02   1.8233e+01   8.7467e-04   7.0109e-02   2.6063e+02
20260928_21:00:00   9.2247e-01   1.6797e+02   1.7542e+01   3.3760e-05   5.2694e-03   2.5869e+02
20260929_00:00:00   1.6965e+00   2.2741e+02   1.8208e+01   2.9044e-01   2.0761e-03   2.5645e+02
20260929_03:00:00   8.9382e-01   1.6509e+02   1.7089e+01   0.0000e+00   3.6653e-02   2.6011e+02
20260929_06:00:00   6.2709e-01   1.3167e+02   1.2001e+01   7.1580e-05   1.0682e-02   2.6129e+02
20260929_09:00:00   5.2492e-01   1.1605e+02   9.9605e+00   0.0000e+00   3.6054e-03   2.6238e+02
20260929_12:00:00   3.2412e-01   8.0207e+01   6.3986e+00   0.0000e+00   7.0202e-04   2.6371e+02
20260929_15:00:00   2.2202e-01   5.9287e+01   4.3804e+00   0.0000e+00   4.0560e-05   2.6541e+02
20260929_18:00:00   2.0377e-01   5.5223e+01   4.0255e+00   5.9970e-04   8.6494e-04   2.6640e+02
20260929_21:00:00   2.8479e-01   7.2702e+01   5.3821e+00   1.1984e-03   1.0046e-03   2.6318e+02
20260930_00:00:00   2.7876e-01   7.1370e+01   5.3115e+00   2.7060e-03   9.5240e-05   2.6434e+02
20260930_03:00:00   1.5911e-01   4.4591e+01   3.4324e+00   0.0000e+00   6.5160e-04   2.6330e+02
20260930_06:00:00   1.9152e-01   5.1393e+01   4.4067e+00   0.0000e+00   3.2299e-03   2.6052e+02
20260930_09:00:00   5.2479e-01   1.1466e+02   1.1282e+01   0.0000e+00   7.0180e-03   2.5748e+02
20260930_12:00:00   5.9937e-01   1.2647e+02   1.2455e+01   0.0000e+00   1.0116e-02   2.5615e+02
20260930_15:00:00   6.6446e-01   1.3618e+02   1.3444e+01   0.0000e+00   1.2557e-02   2.5714e+02
20260930_18:00:00   6.9999e-01   1.4143e+02   1.3960e+01   0.0000e+00   2.6164e-03   2.5812e+02
20260930_21:00:00   7.7929e-01   1.5133e+02   1.5566e+01   0.0000e+00   1.1773e-02   2.5666e+02
20261001_00:00:00   8.5224e-01   1.6028e+02   1.6591e+01   0.0000e+00   9.5239e-03   2.5459e+02
20261001_03:00:00   8.7299e-01   1.6282e+02   1.6919e+01   0.0000e+00   3.6167e-03   2.5580e+02
20261001_06:00:00   8.6420e-01   1.6197e+02   1.6700e+01   2.3547e-05   5.9870e-03   2.5669e+02
20261001_09:00:00   8.6583e-01   1.6216e+02   1.6625e+01   2.7375e-03   2.6031e-02   2.5664e+02
20261001_12:00:00   8.3832e-01   1.5892e+02   1.6271e+01   0.0000e+00   8.9958e-03   2.5775e+02
20261001_15:00:00   7.9755e-01   1.5427e+02   1.5509e+01   0.0000e+00   0.0000e+00   2.5880e+02
20261001_18:00:00   6.9873e-01   1.4197e+02   1.3649e+01   0.0000e+00   0.0000e+00   2.5690e+02
20261001_21:00:00   6.9589e-01   1.4145e+02   1.3679e+01   0.0000e+00   0.0000e+00   2.5653e+02
20261002_00:00:00   7.3332e-01   1.4659e+02   1.4222e+01   0.0000e+00   0.0000e+00   2.5479e+02
20261002_03:00:00   1.0327e+00   1.7916e+02   1.7390e+01   5.8018e-02   6.0756e-02   2.5640e+02
20261002_06:00:00   9.1322e-01   1.6737e+02   1.7247e+01   1.1184e-02   2.9919e-03   2.5616e+02
20261002_09:00:00   9.0450e-01   1.6651e+02   1.7310e+01   0.0000e+00   4.6550e-03   2.5707e+02
20261002_12:00:00   8.3002e-01   1.5828e+02   1.5861e+01   0.0000e+00   3.1252e-05   2.5654e+02
20261002_15:00:00   7.2274e-01   1.4506e+02   1.4105e+01   0.0000e+00   0.0000e+00   2.5516e+02
20261002_18:00:00   7.0602e-01   1.4291e+02   1.3865e+01   0.0000e+00   0.0000e+00   2.5579e+02
20261002_21:00:00   6.9287e-01   1.4138e+02   1.3413e+01   0.0000e+00   0.0000e+00   2.5630e+02
20261003_00:00:00   7.1254e-01   1.4424e+02   1.3617e+01   0.0000e+00   0.0000e+00   2.5362e+02
20261003_03:00:00   7.1145e-01   1.4421e+02   1.3523e+01   0.0000e+00   0.0000e+00   2.5776e+02
20261003_06:00:00   7.2363e-01   1.4587e+02   1.3729e+01   0.0000e+00   0.0000e+00   2.5391e+02
20261003_09:00:00   6.6040e-01   1.3737e+02   1.2428e+01   0.0000e+00   0.0000e+00   2.5261e+02
20261003_12:00:00   6.9851e-01   1.4209e+02   1.3617e+01   0.0000e+00   0.0000e+00   2.5385e+02
20261003_15:00:00   7.5765e-01   1.4962e+02   1.4877e+01   0.0000e+00   0.0000e+00   2.5673e+02
20261003_18:00:00   7.9259e-01   1.5355e+02   1.5778e+01   0.0000e+00   9.9555e-03   2.5622e+02
20261003_21:00:00   7.8895e-01   1.5344e+02   1.5474e+01   0.0000e+00   0.0000e+00   2.5453e+02
20261004_00:00:00   8.6409e-01   1.6231e+02   1.6708e+01   3.5340e-05   8.2576e-04   2.5322e+02
20261004_03:00:00   1.5896e+00   2.2149e+02   1.7579e+01   2.6682e-01   2.7590e-04   2.5334e+02
20261004_06:00:00   8.6545e-01   1.6267e+02   1.6527e+01   7.9072e-05   0.0000e+00   2.5618e+02
20261004_09:00:00   9.0577e-01   1.6657e+02   1.7616e+01   0.0000e+00   5.2700e-06   2.5451e+02
20261004_12:00:00   8.7423e-01   1.6319e+02   1.6683e+01   4.5380e-04   2.8518e-04   2.5534e+02
20261004_15:00:00   9.0011e-01   1.6585e+02   1.7356e+01   3.3700e-04   0.0000e+00   2.5479e+02
20261004_18:00:00   9.2249e-01   1.6893e+02   1.7387e+01   7.9840e-05   8.7780e-03   2.5705e+02
20261004_21:00:00   1.1839e+00   1.9459e+02   1.8460e+01   7.3848e-02   5.6616e-05   2.5579e+02
20261005_00:00:00   9.2054e-01   1.6925e+02   1.6930e+01   8.0810e-05   0.0000e+00   2.5313e+02
20261005_03:00:00   8.1565e-01   1.5693e+02   1.5612e+01   0.0000e+00   0.0000e+00   2.5249e+02
20261005_06:00:00   7.0607e-01   1.4319e+02   1.3353e+01   0.0000e+00   3.7180e-04   2.5283e+02
20261005_09:00:00   6.7560e-01   1.3913e+02   1.2327e+01   4.0415e-03   2.5780e-05   2.5274e+02
20261005_12:00:00   6.9448e-01   1.4102e+02   1.3529e+01   0.0000e+00   0.0000e+00   2.5265e+02
20261005_15:00:00   6.9592e-01   1.4111e+02   1.3558e+01   0.0000e+00   2.5519e-04   2.5415e+02
20261005_18:00:00   6.6783e-01   1.3727e+02   1.3178e+01   0.0000e+00   6.0450e-04   2.5483e+02
20261005_21:00:00   8.2783e-01   1.5850e+02   1.5046e+01   4.1349e-03   4.1120e-04   2.5893e+02
20261006_00:00:00   7.0317e-01   1.4321e+02   1.2912e+01   0.0000e+00   0.0000e+00   2.6305e+02
20261006_03:00:00   3.5334e-01   8.6300e+01   7.3166e+00   0.0000e+00   0.0000e+00   2.6529e+02
20261006_06:00:00   2.2367e-01   5.9992e+01   4.5157e+00   0.0000e+00   0.0000e+00   2.6413e+02
20261006_09:00:00   1.8403e-01   5.1090e+01   3.6627e+00   0.0000e+00   0.0000e+00   2.6287e+02
20261006_12:00:00   1.6483e-01   4.6559e+01   3.3019e+00   0.0000e+00   0.0000e+00   2.6091e+02
20261006_15:00:00   1.3509e-01   3.9495e+01   2.7166e+00   0.0000e+00   0.0000e+00   2.6084e+02
20261006_18:00:00   1.1608e-01   3.4854e+01   2.3536e+00   0.0000e+00   0.0000e+00   2.5929e+02
20261006_21:00:00   1.4836e-01   4.2706e+01   2.9725e+00   0.0000e+00   0.0000e+00   2.5750e+02
20261007_00:00:00   1.3413e-01   3.9299e+01   2.7219e+00   0.0000e+00   0.0000e+00   2.5887e+02
20261007_03:00:00   1.6306e-01   4.6151e+01   3.3787e+00   0.0000e+00   0.0000e+00   2.5636e+02
20261007_06:00:00   2.0309e-01   5.5253e+01   4.1629e+00   0.0000e+00   4.4160e-06   2.5759e+02
20261007_09:00:00   1.9328e-01   5.2908e+01   4.0118e+00   0.0000e+00   6.1108e-04   2.5639e+02
20261007_12:00:00   1.7035e-01   4.7480e+01   3.6352e+00   0.0000e+00   1.7072e-06   2.5581e+02
20261007_15:00:00   1.5171e-01   4.3292e+01   3.1697e+00   0.0000e+00   0.0000e+00   2.5598e+02
20261007_18:00:00   1.3002e-01   3.8111e+01   2.7326e+00   0.0000e+00   0.0000e+00   2.5727e+02
20261007_21:00:00   1.6302e-01   4.6075e+01   3.3231e+00   0.0000e+00   0.0000e+00   2.5619e+02
20261008_00:00:00   2.1606e-01   5.8342e+01   4.2291e+00   0.0000e+00   0.0000e+00   2.5760e+02
20261008_03:00:00   1.5407e-01   4.4006e+01   3.1149e+00   0.0000e+00   0.0000e+00   2.5564e+02
20261008_06:00:00   1.5176e-01   4.3367e+01   3.1306e+00   0.0000e+00   0.0000e+00   2.5444e+02
20261008_09:00:00   1.8453e-01   5.0895e+01   3.8483e+00   0.0000e+00   0.0000e+00   2.5429e+02
20261008_12:00:00   2.4401e-01   6.3789e+01   5.2192e+00   0.0000e+00   0.0000e+00   2.5531e+02
20261008_15:00:00   3.8252e-01   9.0577e+01   8.3504e+00   0.0000e+00   0.0000e+00   2.5185e+02
20261008_18:00:00   5.0117e-01   1.1085e+02   1.0747e+01   0.0000e+00   1.7340e-04   2.5209e+02
