#            date       tau255        Tb[K]      pwv[mm] lwp[kg*m^-2] iwp[kg*m^-2]       o3[DU]
20260818_00:00:00   1.2662e+00   2.0108e+02   1.6618e+01   1.5806e-01   8.0875e-02   2.8761e+02
20260818_01:00:00   1.2916e+00   2.0288e+02   1.6182e+01   1.8648e-01   6.6479e-03   2.8596e+02
20260818_02:00:00   7.6130e-01   1.5047e+02   1.5076e+01   3.2440e-03   3.5511e-03   2.8602e+02
20260818_03:00:00   7.0151e-01   1.4250e+02   1.4292e+01   0.0000e+00   9.0920e-06   2.8888e+02
20260818_04:00:00   7.0446e-01   1.4275e+02   1.4315e+01   0.0000e+00   0.0000e+00   2.8919e+02
20260818_05:00:00   7.2179e-01   1.4524e+02   1.4412e+01   0.0000e+00   0.0000e+00   2.9136e+02
20260818_06:00:00   7.1630e-01   1.4465e+02   1.4174e+01   0.0000e+00   0.0000e+00   2.8926e+02
20260818_07:00:00   7.2218e-01   1.4540e+02   1.4244e+01   0.0000e+00   0.0000e+00   2.8904e+02
20260818_08:00:00   7.4094e-01   1.4783e+02   1.4475e+01   0.0000e+00   0.0000e+00   2.8958e+02
20260818_09:00:00   7.3871e-01   1.4755e+02   1.4380e+01   0.0000e+00   0.0000e+00   2.8750e+02
20260818_10:00:00   7.2806e-01   1.4621e+02   1.4158e+01   1.7072e-06   0.0000e+00   2.8629e+02
20260818_11:00:00   7.0921e-01   1.4375e+02   1.3801e+01   0.0000e+00   0.0000e+00   2.8576e+02
20260818_12:00:00   6.9395e-01   1.4167e+02   1.3514e+01   0.0000e+00   0.0000e+00   2.8678e+02
20260818_13:00:00   6.6778e-01   1.3809e+02   1.3030e+01   0.0000e+00   0.0000e+00   2.8756e+02
20260818_14:00:00   6.5604e-01   1.3645e+02   1.2807e+01   0.0000e+00   0.0000e+00   2.8935e+02
20260818_15:00:00   6.5068e-01   1.3571e+02   1.2702e+01   0.0000e+00   0.0000e+00   2.8865e+02
20260818_16:00:00   6.3916e-01   1.3410e+02   1.2505e+01   0.0000e+00   0.0000e+00   2.8841e+02
20260818_17:00:00   6.3969e-01   1.3420e+02   1.2517e+01   0.0000e+00   0.0000e+00   2.8931e+02
20260818_18:00:00   6.6308e-01   1.3749e+02   1.2951e+01   0.0000e+00   0.0000e+00   2.8773e+02
20260818_19:00:00   6.9313e-01   1.4164e+02   1.3474e+01   0.0000e+00   0.0000e+00   2.8665e+02
20260818_20:00:00   7.4295e-01   1.4836e+02   1.4031e+01   4.1737e-03   1.1152e-05   2.8590e+02
20260818_21:00:00   7.9166e-01   1.5470e+02   1.4619e+01   7.5290e-03   1.9472e-05   2.8397e+02
20260818_22:00:00   7.9697e-01   1.5551e+02   1.4790e+01   6.0200e-03   0.0000e+00   2.8397e+02
20260818_23:00:00   7.7219e-01   1.5254e+02   1.4700e+01   3.6176e-04   1.7244e-05   2.8507e+02
20260819_00:00:00   8.0251e-01   1.5631e+02   1.4739e+01   1.2397e-02   1.1115e-03   2.8516e+02
20260819_01:00:00   1.0979e+00   1.8730e+02   1.5077e+01   1.2080e-01   1.6158e-04   2.8565e+02
20260819_02:00:00   6.9901e-01   1.4325e+02   1.3504e+01   4.6580e-04   4.7876e-03   2.8582e+02
20260819_03:00:00   7.2209e-01   1.4622e+02   1.3861e+01   2.2080e-06   6.6080e-04   2.8691e+02
20260819_04:00:00   6.9366e-01   1.4254e+02   1.3315e+01   0.0000e+00   8.5360e-06   2.8692e+02
20260819_05:00:00   6.9991e-01   1.4337e+02   1.3391e+01   4.2680e-06   0.0000e+00   2.8578e+02
20260819_06:00:00   7.0617e-01   1.4412e+02   1.3462e+01   1.2804e-05   0.0000e+00   2.8702e+02
20260819_07:00:00   7.1912e-01   1.4568e+02   1.3574e+01   1.9744e-03   4.0980e-06   2.8615e+02
20260819_08:00:00   7.0756e-01   1.4410e+02   1.3489e+01   0.0000e+00   6.5920e-06   2.8538e+02
20260819_09:00:00   6.6784e-01   1.3869e+02   1.2820e+01   4.6460e-06   1.8588e-05   2.8934e+02
20260819_10:00:00   6.1966e-01   1.3186e+02   1.2003e+01   0.0000e+00   0.0000e+00   2.9075e+02
20260819_11:00:00   5.9720e-01   1.2849e+02   1.1674e+01   0.0000e+00   0.0000e+00   2.9023e+02
20260819_12:00:00   6.1174e-01   1.3062e+02   1.1953e+01   0.0000e+00   0.0000e+00   2.8978e+02
20260819_13:00:00   6.6027e-01   1.3751e+02   1.2738e+01   0.0000e+00   0.0000e+00   2.8964e+02
20260819_14:00:00   6.6735e-01   1.3857e+02   1.2802e+01   0.0000e+00   0.0000e+00   2.8881e+02
20260819_15:00:00   6.7239e-01   1.3932e+02   1.2857e+01   0.0000e+00   0.0000e+00   2.9147e+02
20260819_16:00:00   6.8508e-01   1.4108e+02   1.3070e+01   0.0000e+00   0.0000e+00   2.9081e+02
20260819_17:00:00   6.7086e-01   1.3921e+02   1.2828e+01   0.0000e+00   0.0000e+00   2.8838e+02
20260819_18:00:00   6.4181e-01   1.3523e+02   1.2314e+01   0.0000e+00   0.0000e+00   2.8661e+02
20260819_19:00:00   6.3636e-01   1.3465e+02   1.2160e+01   0.0000e+00   0.0000e+00   2.8795e+02
20260819_20:00:00   6.3313e-01   1.3423e+02   1.2220e+01   0.0000e+00   0.0000e+00   2.8891e+02
20260819_21:00:00   5.9155e-01   1.2805e+02   1.1668e+01   5.0380e-04   5.3000e-06   2.8921e+02
20260819_22:00:00   7.3635e-01   1.4821e+02   1.3134e+01   2.7580e-02   1.3238e-02   2.8996e+02
20260819_23:00:00   1.2224e+00   1.9753e+02   1.4346e+01   2.0669e-01   1.8764e-01   2.8910e+02
20260820_00:00:00   2.2488e+00   2.4782e+02   1.8080e+01   5.7078e-01   3.7167e-01   2.8620e+02
20260820_01:00:00   8.3039e-01   1.5921e+02   1.5825e+01   8.4632e-03   4.6368e-01   2.8279e+02
20260820_02:00:00   8.2505e-01   1.5818e+02   1.6385e+01   0.0000e+00   1.9703e-01   2.8169e+02
20260820_03:00:00   5.9302e-01   1.2735e+02   1.2542e+01   0.0000e+00   7.2612e-02   2.8102e+02
20260820_04:00:00   6.0372e-01   1.2924e+02   1.2586e+01   0.0000e+00   7.8975e-03   2.8647e+02
20260820_05:00:00   7.3169e-01   1.4691e+02   1.4627e+01   0.0000e+00   7.7971e-05   2.8645e+02
20260820_06:00:00   7.3101e-01   1.4694e+02   1.4427e+01   9.2940e-06   9.3281e-05   2.8454e+02
20260820_07:00:00   7.2058e-01   1.4546e+02   1.4387e+01   0.0000e+00   2.7170e-03   2.8744e+02
20260820_08:00:00   7.2233e-01   1.4546e+02   1.4639e+01   0.0000e+00   2.0140e-02   2.8756e+02
20260820_09:00:00   6.8646e-01   1.4084e+02   1.3901e+01   0.0000e+00   6.1466e-03   2.8691e+02
20260820_10:00:00   6.6320e-01   1.3776e+02   1.3395e+01   0.0000e+00   1.0716e-03   2.8654e+02
20260820_11:00:00   6.6263e-01   1.3754e+02   1.3429e+01   0.0000e+00   1.3675e-03   2.8644e+02
20260820_12:00:00   6.7204e-01   1.3866e+02   1.3716e+01   0.0000e+00   5.3755e-03   2.8747e+02
20260820_13:00:00   6.8562e-01   1.4035e+02   1.4089e+01   0.0000e+00   1.5511e-03   2.8744e+02
20260820_14:00:00   6.7730e-01   1.3928e+02   1.3891e+01   0.0000e+00   0.0000e+00   2.8786e+02
20260820_15:00:00   6.5592e-01   1.3638e+02   1.3427e+01   0.0000e+00   1.4162e-04   2.8784e+02
20260820_16:00:00   6.3924e-01   1.3403e+02   1.3098e+01   0.0000e+00   3.4140e-06   2.8625e+02
20260820_17:00:00   6.2930e-01   1.3255e+02   1.2943e+01   0.0000e+00   3.8220e-05   2.8752e+02
20260820_18:00:00   6.2649e-01   1.3206e+02   1.2973e+01   0.0000e+00   2.9540e-04   2.8790e+02
20260820_19:00:00   6.6311e-01   1.3722e+02   1.3618e+01   0.0000e+00   3.2120e-04   2.8835e+02
20260820_20:00:00   7.1900e-01   1.4506e+02   1.4502e+01   0.0000e+00   5.3000e-06   2.8704e+02
20260820_21:00:00   7.3609e-01   1.4779e+02   1.4735e+01   0.0000e+00   0.0000e+00   2.8300e+02
20260820_22:00:00   8.6565e-01   1.6363e+02   1.6904e+01   8.1840e-04   3.3467e-03   2.8066e+02
20260820_23:00:00   1.2532e+00   2.0046e+02   1.8499e+01   1.1674e-01   8.0964e-03   2.8015e+02
20260821_00:00:00   3.7513e+00   2.7064e+02   2.1694e+01   1.1506e+00   4.8742e-01   2.7947e+02
20260821_01:00:00   1.3999e+00   2.0941e+02   1.9917e+01   1.4356e-01   1.3433e+00   2.7943e+02
20260821_02:00:00   9.1269e-01   1.6805e+02   1.7769e+01   8.7956e-03   1.6204e-01   2.7870e+02
20260821_03:00:00   8.7983e-01   1.6444e+02   1.7687e+01   4.3977e-04   9.8296e-02   2.7960e+02
20260821_04:00:00   8.5673e-01   1.6197e+02   1.7115e+01   0.0000e+00   4.1675e-04   2.7975e+02
20260821_05:00:00   8.5627e-01   1.6137e+02   1.7208e+01   1.3353e-03   3.4850e-03   2.7884e+02
20260821_06:00:00   8.9792e-01   1.6597e+02   1.7860e+01   1.0232e-04   3.3317e-02   2.7888e+02
20260821_07:00:00   9.0724e-01   1.6699e+02   1.8061e+01   2.7023e-04   1.2729e-02   2.8032e+02
20260821_08:00:00   1.0224e+00   1.7883e+02   1.8537e+01   3.2382e-02   3.2365e-02   2.7912e+02
20260821_09:00:00   1.2018e+00   1.9464e+02   1.9029e+01   9.3856e-02   4.0549e-02   2.8075e+02
20260821_10:00:00   1.0163e+00   1.7808e+02   1.8504e+01   3.1157e-02   4.4664e-02   2.8169e+02
20260821_11:00:00   8.4507e-01   1.5976e+02   1.7120e+01   2.4960e-04   4.1971e-03   2.8320e+02
20260821_12:00:00   8.1347e-01   1.5606e+02   1.6565e+01   0.0000e+00   2.1175e-03   2.8352e+02
20260821_13:00:00   7.9618e-01   1.5414e+02   1.6154e+01   0.0000e+00   1.0293e-04   2.8240e+02
20260821_14:00:00   7.9529e-01   1.5423e+02   1.6032e+01   0.0000e+00   0.0000e+00   2.8248e+02
20260821_15:00:00   7.9601e-01   1.5440e+02   1.6002e+01   0.0000e+00   5.7520e-05   2.8430e+02
20260821_16:00:00   7.9681e-01   1.5453e+02   1.5984e+01   0.0000e+00   1.1638e-04   2.8425e+02
20260821_17:00:00   7.9850e-01   1.5483e+02   1.5895e+01   0.0000e+00   0.0000e+00   2.8362e+02
20260821_18:00:00   8.0182e-01   1.5536e+02   1.5867e+01   0.0000e+00   3.7180e-06   2.8279e+02
20260821_19:00:00   8.1229e-01   1.5676e+02   1.5964e+01   0.0000e+00   0.0000e+00   2.8221e+02
20260821_20:00:00   8.3959e-01   1.6021e+02   1.6337e+01   0.0000e+00   1.3299e-04   2.8316e+02
20260821_21:00:00   9.2380e-01   1.6991e+02   1.6441e+01   2.8867e-02   3.9038e-04   2.8147e+02
20260821_22:00:00   1.0924e+00   1.8705e+02   1.5582e+01   1.1343e-01   2.0769e-03   2.7952e+02
20260821_23:00:00   1.0714e+00   1.8503e+02   1.5361e+01   1.0791e-01   2.9159e-04   2.7991e+02
20260822_00:00:00   1.5839e+00   2.2150e+02   1.5901e+01   3.1597e-01   1.4142e-02   2.7818e+02
20260822_01:00:00   5.8293e-01   1.2664e+02   1.1730e+01   4.6262e-04   3.2657e-03   2.7890e+02
20260822_02:00:00   6.9441e-01   1.4249e+02   1.3545e+01   2.1819e-03   3.4929e-03   2.8158e+02
20260822_03:00:00   1.6694e+00   2.2559e+02   1.6470e+01   3.3841e-01   2.0916e-02   2.8362e+02
20260822_04:00:00   9.7143e-01   1.7507e+02   1.5300e+01   6.9800e-02   3.0804e-03   2.8325e+02
20260822_05:00:00   1.0092e+00   1.7879e+02   1.5412e+01   8.5077e-02   1.2602e-02   2.8285e+02
20260822_06:00:00   1.4697e+00   2.1479e+02   1.7648e+01   2.2300e-01   2.6568e-02   2.8112e+02
20260822_07:00:00   1.7400e+00   2.2879e+02   1.7376e+01   3.5201e-01   4.4331e-02   2.8051e+02
20260822_08:00:00   9.9852e-01   1.7726e+02   1.6252e+01   6.4795e-02   4.2883e-03   2.8001e+02
20260822_09:00:00   9.6031e-01   1.7329e+02   1.6038e+01   5.2459e-02   2.2116e-03   2.7973e+02
20260822_10:00:00   8.3381e-01   1.5935e+02   1.5106e+01   1.9502e-02   1.6042e-03   2.7832e+02
20260822_11:00:00   7.2280e-01   1.4576e+02   1.3451e+01   8.0800e-03   1.4081e-04   2.7608e+02
20260822_12:00:00   6.3257e-01   1.3350e+02   1.2128e+01   0.0000e+00   8.8340e-06   2.7717e+02
20260822_13:00:00   5.7701e-01   1.2534e+02   1.1128e+01   0.0000e+00   0.0000e+00   2.7746e+02
20260822_14:00:00   5.5582e-01   1.2214e+02   1.0737e+01   0.0000e+00   0.0000e+00   2.8026e+02
20260822_15:00:00   5.2852e-01   1.1788e+02   1.0256e+01   0.0000e+00   0.0000e+00   2.8150e+02
20260822_16:00:00   5.3342e-01   1.1865e+02   1.0380e+01   0.0000e+00   0.0000e+00   2.8061e+02
20260822_17:00:00   5.2018e-01   1.1648e+02   1.0241e+01   0.0000e+00   0.0000e+00   2.7738e+02
20260822_18:00:00   5.1746e-01   1.1600e+02   1.0245e+01   0.0000e+00   0.0000e+00   2.7683e+02
20260822_19:00:00   5.5792e-01   1.2242e+02   1.0969e+01   0.0000e+00   0.0000e+00   2.7667e+02
20260822_20:00:00   6.0735e-01   1.2999e+02   1.1786e+01   7.9920e-04   0.0000e+00   2.7855e+02
20260822_21:00:00   6.4222e-01   1.3510e+02   1.2408e+01   8.1080e-04   6.3200e-05   2.7700e+02
20260822_22:00:00   6.5330e-01   1.3675e+02   1.2678e+01   1.7880e-04   1.1152e-05   2.7555e+02
20260822_23:00:00   6.3304e-01   1.3391e+02   1.2431e+01   1.3940e-05   3.7180e-06   2.7519e+02
20260823_00:00:00   5.9365e-01   1.2827e+02   1.1759e+01   0.0000e+00   0.0000e+00   2.7741e+02
20260823_03:00:00   8.6680e-01   1.6273e+02   1.3870e+01   7.2960e-02   7.0250e-03   2.7787e+02
20260823_06:00:00   1.2087e+00   1.9557e+02   1.5367e+01   1.7174e-01   6.4535e-02   2.7901e+02
20260823_09:00:00   6.8604e-01   1.4072e+02   1.3135e+01   5.8840e-03   3.3765e-04   2.7985e+02
20260823_12:00:00   6.4054e-01   1.3413e+02   1.2673e+01   0.0000e+00   0.0000e+00   2.8061e+02
20260823_15:00:00   5.6923e-01   1.2387e+02   1.1216e+01   0.0000e+00   0.0000e+00   2.8317e+02
20260823_18:00:00   5.7467e-01   1.2497e+02   1.1177e+01   0.0000e+00   0.0000e+00   2.8369e+02
20260823_21:00:00   6.5321e-01   1.3677e+02   1.2670e+01   0.0000e+00   3.7180e-06   2.8118e+02
20260824_00:00:00   6.4911e-01   1.3631e+02   1.2614e+01   2.5520e-04   1.3250e-05   2.8464e+02
20260824_03:00:00   6.3266e-01   1.3389e+02   1.1595e+01   1.7842e-02   5.5700e-05   2.8520e+02
20260824_06:00:00   6.2095e-01   1.3219e+02   1.2005e+01   2.1560e-05   7.3420e-05   2.8764e+02
20260824_09:00:00   5.7010e-01   1.2459e+02   1.1022e+01   0.0000e+00   0.0000e+00   2.8678e+02
20260824_12:00:00   5.2956e-01   1.1803e+02   1.0394e+01   0.0000e+00   0.0000e+00   2.8737e+02
20260824_15:00:00   5.5648e-01   1.2215e+02   1.0834e+01   0.0000e+00   0.0000e+00   2.8498e+02
20260824_18:00:00   5.4745e-01   1.2097e+02   1.0636e+01   0.0000e+00   1.1822e-03   2.8385e+02
20260824_21:00:00   7.2573e-01   1.4642e+02   1.2341e+01   3.9547e-02   2.8652e-03   2.8265e+02
20260825_00:00:00   5.4677e-01   1.2112e+02   1.0903e+01   0.0000e+00   6.6869e-03   2.8225e+02
20260825_03:00:00   6.4799e-01   1.3628e+02   1.2640e+01   0.0000e+00   3.7993e-03   2.8487e+02
20260825_06:00:00   5.5625e-01   1.2272e+02   1.1011e+01   0.0000e+00   3.4500e-05   2.8627e+02
20260825_09:00:00   5.4143e-01   1.2020e+02   1.0709e+01   0.0000e+00   0.0000e+00   2.8645e+02
20260825_12:00:00   5.6014e-01   1.2273e+02   1.1216e+01   0.0000e+00   0.0000e+00   2.8701e+02
20260825_15:00:00   5.3586e-01   1.1883e+02   1.0789e+01   0.0000e+00   0.0000e+00   2.8960e+02
20260825_18:00:00   5.0985e-01   1.1473e+02   1.0272e+01   0.0000e+00   0.0000e+00   2.9036e+02
20260825_21:00:00   5.4288e-01   1.2027e+02   1.0921e+01   0.0000e+00   3.4140e-06   2.8614e+02
20260826_00:00:00   5.4479e-01   1.2062e+02   1.1011e+01   2.1460e-03   3.7180e-05   2.8023e+02
20260826_03:00:00   4.9584e-01   1.1236e+02   1.0396e+01   0.0000e+00   2.2765e-03   2.8545e+02
20260826_06:00:00   5.9356e-01   1.2728e+02   1.2209e+01   0.0000e+00   8.8996e-03   2.8821e+02
20260826_09:00:00   5.3605e-01   1.1836e+02   1.1209e+01   0.0000e+00   1.8028e-05   2.8995e+02
20260826_12:00:00   5.1385e-01   1.1429e+02   1.0946e+01   0.0000e+00   5.1980e-04   2.8890e+02
20260826_15:00:00   5.1438e-01   1.1438e+02   1.0946e+01   0.0000e+00   3.6820e-04   2.9229e+02
20260826_18:00:00   5.9161e-01   1.2656e+02   1.2419e+01   0.0000e+00   0.0000e+00   2.8913e+02
20260826_21:00:00   6.6555e-01   1.3753e+02   1.3707e+01   0.0000e+00   8.8340e-06   2.8984e+02
20260827_00:00:00   6.8677e-01   1.4073e+02   1.4139e+01   0.0000e+00   4.4201e-03   2.8580e+02
20260827_03:00:00   7.1686e-01   1.4506e+02   1.4497e+01   4.2540e-04   3.8930e-03   2.8786e+02
20260827_06:00:00   8.5395e-01   1.6210e+02   1.6300e+01   4.4020e-03   2.3894e-03   2.8901e+02
20260827_09:00:00   7.6545e-01   1.5160e+02   1.4826e+01   0.0000e+00   1.3492e-04   2.8477e+02
20260827_12:00:00   7.8370e-01   1.5340e+02   1.5109e+01   1.0712e-04   1.0155e-02   2.8401e+02
20260827_15:00:00   7.3042e-01   1.4644e+02   1.4214e+01   0.0000e+00   1.6847e-01   2.8571e+02
20260827_18:00:00   6.9935e-01   1.4225e+02   1.3993e+01   0.0000e+00   9.6692e-02   2.8103e+02
20260827_21:00:00   6.8951e-01   1.4168e+02   1.3558e+01   4.8660e-05   9.0808e-03   2.8020e+02
20260828_00:00:00   7.8137e-01   1.5434e+02   1.4807e+01   9.2940e-05   2.3800e-05   2.7877e+02
20260828_03:00:00   6.3741e-01   1.3519e+02   1.2504e+01   9.0420e-04   5.7322e-06   2.8092e+02
20260828_06:00:00   8.0632e-01   1.5718e+02   1.5379e+01   2.3560e-03   2.0610e-05   2.7841e+02
20260828_09:00:00   7.6639e-01   1.5182e+02   1.4942e+01   1.1002e-05   1.5257e-03   2.7654e+02
20260828_12:00:00   7.2902e-01   1.4700e+02   1.4187e+01   0.0000e+00   1.5312e-04   2.7922e+02
20260828_15:00:00   7.0025e-01   1.4300e+02   1.3819e+01   0.0000e+00   0.0000e+00   2.7964e+02
20260828_18:00:00   7.4237e-01   1.4846e+02   1.4682e+01   0.0000e+00   0.0000e+00   2.8131e+02
20260828_21:00:00   1.1932e+00   1.9605e+02   1.7485e+01   1.0689e-01   2.6275e-04   2.8052e+02
20260829_00:00:00   2.1640e+00   2.4771e+02   1.9600e+01   4.5356e-01   3.2449e-01   2.8053e+02
20260829_03:00:00   8.9706e-01   1.6690e+02   1.7206e+01   1.0404e-02   9.1074e-02   2.8210e+02
20260829_06:00:00   8.7513e-01   1.6376e+02   1.7704e+01   0.0000e+00   7.7596e-02   2.8321e+02
20260829_09:00:00   8.6692e-01   1.6272e+02   1.7420e+01   0.0000e+00   5.4923e-02   2.8006e+02
20260829_12:00:00   7.9557e-01   1.5444e+02   1.6025e+01   0.0000e+00   1.3402e-04   2.8126e+02
20260829_15:00:00   7.7047e-01   1.5128e+02   1.5584e+01   0.0000e+00   5.5500e-06   2.8240e+02
20260829_18:00:00   7.8801e-01   1.5324e+02   1.6021e+01   0.0000e+00   1.8124e-04   2.7892e+02
20260829_21:00:00   9.6474e-01   1.7429e+02   1.8391e+01   4.2968e-03   3.7180e-06   2.7937e+02
20260830_00:00:00   9.0669e-01   1.6887e+02   1.6395e+01   2.0162e-02   8.5360e-07   2.7707e+02
20260830_03:00:00   8.1141e-01   1.5757e+02   1.5629e+01   5.8380e-04   1.6802e-05   2.7877e+02
20260830_06:00:00   8.3801e-01   1.6062e+02   1.5738e+01   1.2040e-03   8.2140e-05   2.7936e+02
20260830_09:00:00   7.9184e-01   1.5487e+02   1.5106e+01   0.0000e+00   8.5840e-03   2.7908e+02
20260830_12:00:00   7.6688e-01   1.5148e+02   1.4895e+01   0.0000e+00   2.1476e-02   2.7961e+02
20260830_15:00:00   7.3800e-01   1.4789e+02   1.4356e+01   0.0000e+00   1.2148e-02   2.8170e+02
20260830_18:00:00   7.6380e-01   1.5103e+02   1.5112e+01   0.0000e+00   9.6602e-03   2.7846e+02
20260830_21:00:00   9.7663e-01   1.7560e+02   1.7762e+01   1.6244e-02   1.9538e-05   2.7742e+02
20260831_00:00:00   9.7565e-01   1.7546e+02   1.8021e+01   1.9601e-02   3.2101e-03   2.7966e+02
20260831_03:00:00   9.9875e-01   1.7684e+02   1.9500e+01   0.0000e+00   3.0061e-01   2.7917e+02
20260831_06:00:00   1.0630e+00   1.8289e+02   2.0034e+01   1.3235e-02   7.0534e-02   2.7892e+02
20260831_09:00:00   9.6443e-01   1.7329e+02   1.8346e+01   1.1664e-02   1.3442e-02   2.7634e+02
20260831_12:00:00   8.9451e-01   1.6631e+02   1.6823e+01   2.0143e-03   2.2634e-03   2.7923e+02
20260831_15:00:00   7.7694e-01   1.5265e+02   1.4955e+01   0.0000e+00   2.4844e-04   2.7819e+02
20260831_18:00:00   7.7554e-01   1.5278e+02   1.4568e+01   0.0000e+00   0.0000e+00   2.7722e+02
20260831_21:00:00   1.8328e+00   2.3529e+02   1.6842e+01   3.6362e-01   1.9590e-04   2.7244e+02
20260901_00:00:00   1.0137e+00   1.8019e+02   1.5698e+01   5.9757e-02   1.6891e-03   2.7307e+02
20260901_03:00:00   7.1936e-01   1.4635e+02   1.3229e+01   1.0432e-03   0.0000e+00   2.7599e+02
20260901_06:00:00   6.7951e-01   1.4093e+02   1.2487e+01   7.1840e-05   0.0000e+00   2.7573e+02
20260901_09:00:00   6.6269e-01   1.3832e+02   1.2123e+01   0.0000e+00   0.0000e+00   2.7372e+02
20260901_12:00:00   5.6220e-01   1.2331e+02   1.0472e+01   4.5260e-04   0.0000e+00   2.7483e+02
20260901_15:00:00   5.7298e-01   1.2487e+02   1.0516e+01   2.1620e-03   0.0000e+00   2.7499e+02
20260901_18:00:00   5.3351e-01   1.1834e+02   1.0354e+01   0.0000e+00   0.0000e+00   2.7691e+02
20260901_21:00:00   5.4639e-01   1.2044e+02   1.0894e+01   0.0000e+00   0.0000e+00   2.7391e+02
20260902_00:00:00   4.6431e-01   1.0679e+02   9.5826e+00   0.0000e+00   0.0000e+00   2.7273e+02
20260902_03:00:00   4.0927e-01   9.6874e+01   8.6977e+00   0.0000e+00   0.0000e+00   2.7507e+02
20260902_06:00:00   3.9905e-01   9.4996e+01   8.5545e+00   0.0000e+00   0.0000e+00   2.7556e+02
20260902_09:00:00   5.1370e-01   1.1495e+02   1.0424e+01   0.0000e+00   0.0000e+00   2.7292e+02
20260902_12:00:00   4.2311e-01   9.9138e+01   8.9165e+00   0.0000e+00   0.0000e+00   2.7511e+02
20260902_15:00:00   3.4412e-01   8.4165e+01   7.5583e+00   0.0000e+00   0.0000e+00   2.7485e+02
20260902_18:00:00   3.2174e-01   7.9818e+01   7.1041e+00   0.0000e+00   0.0000e+00   2.7233e+02
20260902_21:00:00   3.9421e-01   9.3875e+01   8.4537e+00   0.0000e+00   0.0000e+00   2.7082e+02
20260903_00:00:00   4.1917e-01   9.8635e+01   8.9062e+00   0.0000e+00   0.0000e+00   2.7200e+02
