#            date       tau255        Tb[K]      pwv[mm] lwp[kg*m^-2] iwp[kg*m^-2]       o3[DU]
20260725_00:00:00   2.4879e+00   2.5537e+02   1.9120e+01   6.4151e-01   1.5802e-01   2.8839e+02
20260725_01:00:00   1.8685e+00   2.3661e+02   1.9000e+01   3.6187e-01   6.6640e-02   2.8707e+02
20260725_02:00:00   2.0230e+00   2.4250e+02   1.9026e+01   4.2398e-01   6.2299e-02   2.8760e+02
20260725_03:00:00   8.0575e-01   1.5782e+02   1.5894e+01   2.5765e-03   4.0295e-03   2.9052e+02
20260725_04:00:00   7.4039e-01   1.4936e+02   1.5146e+01   0.0000e+00   2.5823e-03   2.9162e+02
20260725_05:00:00   7.1667e-01   1.4611e+02   1.4783e+01   0.0000e+00   5.3758e-04   2.9145e+02
20260725_06:00:00   7.5063e-01   1.5056e+02   1.5277e+01   0.0000e+00   9.2900e-03   2.9239e+02
20260725_07:00:00   8.1977e-01   1.5908e+02   1.6433e+01   0.0000e+00   5.1886e-03   2.9209e+02
20260725_08:00:00   8.6364e-01   1.6415e+02   1.7110e+01   0.0000e+00   1.4658e-02   2.9240e+02
20260725_09:00:00   8.6354e-01   1.6401e+02   1.7257e+01   0.0000e+00   1.7819e-02   2.9014e+02
20260725_10:00:00   8.8389e-01   1.6631e+02   1.7520e+01   0.0000e+00   6.0999e-03   2.8789e+02
20260725_11:00:00   8.8733e-01   1.6668e+02   1.7520e+01   0.0000e+00   1.0652e-03   2.8840e+02
20260725_12:00:00   8.6990e-01   1.6476e+02   1.7239e+01   0.0000e+00   2.0040e-03   2.8851e+02
20260725_13:00:00   8.6048e-01   1.6375e+02   1.7027e+01   0.0000e+00   9.6520e-04   2.8727e+02
20260725_14:00:00   8.4955e-01   1.6254e+02   1.6718e+01   0.0000e+00   1.9280e-05   2.8801e+02
20260725_15:00:00   8.4304e-01   1.6184e+02   1.6488e+01   0.0000e+00   0.0000e+00   2.8895e+02
20260725_16:00:00   8.4035e-01   1.6152e+02   1.6366e+01   0.0000e+00   0.0000e+00   2.8814e+02
20260725_17:00:00   8.4565e-01   1.6210e+02   1.6486e+01   0.0000e+00   0.0000e+00   2.8891e+02
20260725_18:00:00   8.8278e-01   1.6632e+02   1.7232e+01   0.0000e+00   0.0000e+00   2.9076e+02
20260725_19:00:00   9.3066e-01   1.7164e+02   1.7977e+01   0.0000e+00   0.0000e+00   2.8982e+02
20260725_20:00:00   9.4311e-01   1.7318e+02   1.8069e+01   0.0000e+00   0.0000e+00   2.8772e+02
20260725_21:00:00   9.3352e-01   1.7255e+02   1.7631e+01   2.8900e-03   0.0000e+00   2.8964e+02
20260725_22:00:00   1.9194e+00   2.3939e+02   1.9139e+01   3.6820e-01   1.3294e-03   2.9291e+02
20260725_23:00:00   2.3812e+00   2.5384e+02   2.0078e+01   5.3916e-01   6.2559e-02   2.9045e+02
20260726_00:00:00   1.1350e+00   1.9202e+02   1.7508e+01   8.5308e-02   2.9475e-02   2.8912e+02
20260726_01:00:00   8.7828e-01   1.6678e+02   1.5620e+01   2.1723e-02   9.3087e-05   2.9149e+02
20260726_02:00:00   7.5547e-01   1.5201e+02   1.4584e+01   1.0703e-03   1.5554e-05   2.9114e+02
20260726_03:00:00   8.3406e-01   1.6150e+02   1.5356e+01   1.6810e-02   1.2152e-03   2.9050e+02
20260726_04:00:00   8.2781e-01   1.6060e+02   1.6082e+01   1.4385e-03   4.2617e-04   2.8963e+02
20260726_05:00:00   1.0259e+00   1.8123e+02   1.8297e+01   3.1190e-02   8.5830e-02   2.9055e+02
20260726_06:00:00   1.2725e+00   2.0123e+02   2.0336e+01   9.9921e-02   2.9040e-01   2.9155e+02
20260726_07:00:00   1.0239e+00   1.8003e+02   1.9534e+01   1.7493e-02   5.2636e-01   2.8990e+02
20260726_08:00:00   8.2968e-01   1.5959e+02   1.6819e+01   1.8798e-03   1.1879e-01   2.8864e+02
20260726_09:00:00   8.2960e-01   1.6003e+02   1.6437e+01   1.9494e-03   2.9807e-03   2.8882e+02
20260726_10:00:00   9.1106e-01   1.6941e+02   1.6256e+01   3.1940e-02   1.1507e-03   2.8821e+02
20260726_11:00:00   8.9201e-01   1.6738e+02   1.6085e+01   2.3572e-02   4.3727e-04   2.8844e+02
20260726_12:00:00   8.1241e-01   1.5825e+02   1.5600e+01   0.0000e+00   0.0000e+00   2.8785e+02
20260726_13:00:00   8.0120e-01   1.5690e+02   1.5349e+01   0.0000e+00   0.0000e+00   2.9031e+02
20260726_14:00:00   7.8872e-01   1.5543e+02   1.5008e+01   0.0000e+00   0.0000e+00   2.8959e+02
20260726_15:00:00   7.5099e-01   1.5077e+02   1.4345e+01   0.0000e+00   3.9740e-05   2.9074e+02
20260726_16:00:00   7.3765e-01   1.4912e+02   1.4162e+01   0.0000e+00   9.7920e-05   2.8951e+02
20260726_17:00:00   7.5314e-01   1.5110e+02   1.4439e+01   0.0000e+00   8.3380e-05   2.8714e+02
20260726_18:00:00   7.7229e-01   1.5355e+02   1.4744e+01   0.0000e+00   5.2540e-05   2.8745e+02
20260726_19:00:00   8.1859e-01   1.5943e+02   1.5257e+01   0.0000e+00   1.7422e-04   2.8918e+02
20260726_20:00:00   9.5184e-01   1.7475e+02   1.6054e+01   2.7820e-02   1.4917e-05   2.9127e+02
20260726_21:00:00   1.3068e+00   2.0658e+02   1.7119e+01   1.4271e-01   4.6980e-06   2.9157e+02
20260726_22:00:00   1.9060e+00   2.3992e+02   1.8236e+01   3.5807e-01   4.5720e-05   2.9025e+02
20260726_23:00:00   1.9603e+00   2.4187e+02   1.8807e+01   3.6900e-01   6.1033e-05   2.8881e+02
20260727_00:00:00   1.3759e+00   2.1137e+02   1.7552e+01   1.6592e-01   4.4593e-05   2.8882e+02
20260727_01:00:00   1.2026e+00   1.9848e+02   1.7085e+01   1.0321e-01   8.6220e-06   2.8561e+02
20260727_02:00:00   8.8888e-01   1.6831e+02   1.5958e+01   5.6940e-03   0.0000e+00   2.8658e+02
20260727_03:00:00   9.2920e-01   1.7258e+02   1.6318e+01   1.5847e-02   0.0000e+00   2.8822e+02
20260727_04:00:00   7.1678e-01   1.4714e+02   1.3643e+01   0.0000e+00   0.0000e+00   2.8778e+02
20260727_05:00:00   7.4659e-01   1.5074e+02   1.4351e+01   0.0000e+00   0.0000e+00   2.8923e+02
20260727_06:00:00   8.6282e-01   1.6418e+02   1.6743e+01   0.0000e+00   1.2834e-03   2.9011e+02
20260727_07:00:00   9.5249e-01   1.7348e+02   1.8631e+01   0.0000e+00   1.0188e-02   2.9019e+02
20260727_08:00:00   9.1964e-01   1.7018e+02   1.7783e+01   0.0000e+00   6.8585e-04   2.8903e+02
20260727_09:00:00   8.6528e-01   1.6386e+02   1.7230e+01   0.0000e+00   1.4636e-02   2.8673e+02
20260727_10:00:00   8.2194e-01   1.5882e+02   1.6435e+01   0.0000e+00   1.5862e-03   2.8687e+02
20260727_11:00:00   7.9246e-01   1.5545e+02   1.5731e+01   0.0000e+00   0.0000e+00   2.8938e+02
20260727_12:00:00   7.6234e-01   1.5181e+02   1.5099e+01   0.0000e+00   0.0000e+00   2.8969e+02
20260727_13:00:00   7.5306e-01   1.5060e+02   1.4958e+01   0.0000e+00   1.5720e-05   2.9102e+02
20260727_14:00:00   7.3593e-01   1.4826e+02   1.4789e+01   0.0000e+00   0.0000e+00   2.9142e+02
20260727_15:00:00   7.2024e-01   1.4617e+02   1.4552e+01   0.0000e+00   0.0000e+00   2.9062e+02
20260727_16:00:00   7.0793e-01   1.4457e+02   1.4309e+01   0.0000e+00   0.0000e+00   2.8842e+02
20260727_17:00:00   6.9514e-01   1.4291e+02   1.4017e+01   0.0000e+00   0.0000e+00   2.8721e+02
20260727_18:00:00   6.8725e-01   1.4192e+02   1.3805e+01   0.0000e+00   0.0000e+00   2.8704e+02
20260727_19:00:00   7.0504e-01   1.4445e+02   1.3991e+01   0.0000e+00   0.0000e+00   2.8745e+02
20260727_20:00:00   7.2494e-01   1.4726e+02   1.4234e+01   0.0000e+00   0.0000e+00   2.8854e+02
20260727_21:00:00   7.1246e-01   1.4582e+02   1.3945e+01   0.0000e+00   0.0000e+00   2.8888e+02
20260727_22:00:00   6.5879e-01   1.3877e+02   1.2939e+01   0.0000e+00   0.0000e+00   2.8451e+02
20260727_23:00:00   6.8913e-01   1.4310e+02   1.3295e+01   1.7072e-06   0.0000e+00   2.8092e+02
20260728_00:00:00   7.3013e-01   1.4850e+02   1.3999e+01   0.0000e+00   8.6880e-03   2.8330e+02
20260728_01:00:00   7.1182e-01   1.4593e+02   1.3740e+01   5.1215e-05   1.0402e-01   2.8398e+02
20260728_02:00:00   8.0193e-01   1.5735e+02   1.5031e+01   3.6762e-03   6.8555e-02   2.8628e+02
20260728_03:00:00   6.7581e-01   1.4071e+02   1.3712e+01   0.0000e+00   1.4709e-02   2.8957e+02
20260728_04:00:00   7.0351e-01   1.4419e+02   1.4572e+01   0.0000e+00   1.1292e-01   2.8571e+02
20260728_05:00:00   8.6722e-01   1.6408e+02   1.7347e+01   2.1623e-03   1.9121e-01   2.8468e+02
20260728_06:00:00   8.9945e-01   1.6800e+02   1.7670e+01   0.0000e+00   1.2980e-01   2.8449e+02
20260728_07:00:00   9.3599e-01   1.7220e+02   1.7997e+01   0.0000e+00   2.4702e-02   2.8616e+02
20260728_08:00:00   9.3842e-01   1.7231e+02   1.8061e+01   0.0000e+00   1.8227e-02   2.8588e+02
20260728_09:00:00   9.1771e-01   1.7014e+02   1.7687e+01   0.0000e+00   1.8152e-02   2.8267e+02
20260728_10:00:00   8.3555e-01   1.6115e+02   1.6278e+01   0.0000e+00   4.1321e-02   2.8441e+02
20260728_11:00:00   8.3656e-01   1.6119e+02   1.6269e+01   0.0000e+00   5.3833e-02   2.8658e+02
20260728_12:00:00   8.4477e-01   1.6200e+02   1.6632e+01   0.0000e+00   3.7202e-02   2.8672e+02
20260728_13:00:00   8.7551e-01   1.6535e+02   1.7298e+01   0.0000e+00   1.9819e-02   2.8458e+02
20260728_14:00:00   8.4453e-01   1.6180e+02   1.6875e+01   0.0000e+00   1.3256e-02   2.8590e+02
20260728_15:00:00   8.1969e-01   1.5903e+02   1.6326e+01   0.0000e+00   3.3598e-03   2.8810e+02
20260728_16:00:00   7.9333e-01   1.5606e+02   1.5698e+01   0.0000e+00   5.6115e-04   2.8730e+02
20260728_17:00:00   7.7266e-01   1.5361e+02   1.5234e+01   0.0000e+00   0.0000e+00   2.8754e+02
20260728_18:00:00   7.5560e-01   1.5139e+02   1.5022e+01   0.0000e+00   0.0000e+00   2.8841e+02
20260728_19:00:00   6.8325e-01   1.4193e+02   1.3729e+01   0.0000e+00   0.0000e+00   2.8836e+02
20260728_20:00:00   6.4102e-01   1.3624e+02   1.2689e+01   0.0000e+00   0.0000e+00   2.8787e+02
20260728_21:00:00   6.1710e-01   1.3298e+02   1.2058e+01   0.0000e+00   0.0000e+00   2.8639e+02
20260728_22:00:00   5.7933e-01   1.2755e+02   1.1253e+01   0.0000e+00   0.0000e+00   2.8597e+02
20260728_23:00:00   7.2651e-01   1.4856e+02   1.3606e+01   0.0000e+00   0.0000e+00   2.8642e+02
20260729_00:00:00   6.4087e-01   1.3670e+02   1.2414e+01   0.0000e+00   2.6941e-04   2.8704e+02
20260729_01:00:00   5.7242e-01   1.2634e+02   1.1385e+01   0.0000e+00   6.4337e-03   2.8699e+02
20260729_02:00:00   6.7399e-01   1.4123e+02   1.3008e+01   0.0000e+00   1.1227e-03   2.8931e+02
20260729_03:00:00   7.2106e-01   1.4746e+02   1.3776e+01   0.0000e+00   9.7860e-05   2.8906e+02
20260729_04:00:00   6.3163e-01   1.3508e+02   1.2227e+01   0.0000e+00   1.2886e-05   2.8848e+02
20260729_05:00:00   6.5832e-01   1.3870e+02   1.2728e+01   0.0000e+00   0.0000e+00   2.8902e+02
20260729_06:00:00   6.8235e-01   1.4184e+02   1.3276e+01   0.0000e+00   0.0000e+00   2.8808e+02
20260729_07:00:00   7.2787e-01   1.4770e+02   1.4247e+01   0.0000e+00   5.7480e-06   2.8735e+02
20260729_08:00:00   6.5230e-01   1.3734e+02   1.3001e+01   0.0000e+00   0.0000e+00   2.8784e+02
20260729_09:00:00   6.2156e-01   1.3262e+02   1.2610e+01   0.0000e+00   0.0000e+00   2.8797e+02
20260729_10:00:00   5.5193e-01   1.2187e+02   1.1465e+01   0.0000e+00   1.1042e-05   2.8850e+02
20260729_11:00:00   5.1517e-01   1.1582e+02   1.0896e+01   0.0000e+00   2.0560e-04   2.8974e+02
20260729_12:00:00   5.2313e-01   1.1702e+02   1.1122e+01   0.0000e+00   5.0076e-04   2.9142e+02
20260729_13:00:00   5.8073e-01   1.2598e+02   1.2244e+01   0.0000e+00   5.0148e-03   2.9146e+02
20260729_14:00:00   6.4554e-01   1.3562e+02   1.3331e+01   0.0000e+00   1.7530e-03   2.9158e+02
20260729_15:00:00   6.6135e-01   1.3801e+02   1.3583e+01   0.0000e+00   9.5980e-05   2.9312e+02
20260729_16:00:00   6.6440e-01   1.3855e+02   1.3670e+01   0.0000e+00   0.0000e+00   2.9232e+02
20260729_17:00:00   6.9669e-01   1.4307e+02   1.4215e+01   0.0000e+00   0.0000e+00   2.9040e+02
20260729_18:00:00   7.4216e-01   1.4931e+02   1.4786e+01   0.0000e+00   0.0000e+00   2.9082e+02
20260729_19:00:00   7.8380e-01   1.5480e+02   1.5321e+01   0.0000e+00   0.0000e+00   2.9048e+02
20260729_20:00:00   7.8215e-01   1.5487e+02   1.5244e+01   0.0000e+00   8.5360e-07   2.8953e+02
20260729_21:00:00   8.0933e-01   1.5837e+02   1.5659e+01   1.3658e-05   3.9160e-06   2.8804e+02
20260729_22:00:00   7.5550e-01   1.5181e+02   1.4827e+01   0.0000e+00   0.0000e+00   2.8750e+02
20260729_23:00:00   7.8240e-01   1.5525e+02   1.5259e+01   0.0000e+00   0.0000e+00   2.8732e+02
20260730_00:00:00   7.3974e-01   1.4994e+02   1.4486e+01   0.0000e+00   0.0000e+00   2.8705e+02
20260730_03:00:00   9.0782e-01   1.6964e+02   1.7398e+01   0.0000e+00   1.6478e-05   2.8664e+02
20260730_06:00:00   9.4702e-01   1.7381e+02   1.8301e+01   0.0000e+00   5.2479e-02   2.9035e+02
20260730_09:00:00   1.0351e+00   1.8200e+02   1.9556e+01   2.0222e-03   5.1635e-02   2.8584e+02
20260730_12:00:00   9.1491e-01   1.7014e+02   1.7632e+01   0.0000e+00   2.2059e-02   2.8788e+02
20260730_15:00:00   6.4415e-01   1.3631e+02   1.3010e+01   0.0000e+00   2.2055e-04   2.8761e+02
20260730_18:00:00   5.6967e-01   1.2524e+02   1.1671e+01   0.0000e+00   0.0000e+00   2.9069e+02
20260730_21:00:00   6.6364e-01   1.3961e+02   1.2996e+01   0.0000e+00   0.0000e+00   2.8915e+02
20260731_00:00:00   8.2335e-01   1.6093e+02   1.5501e+01   1.2708e-03   3.2615e-03   2.8889e+02
20260731_03:00:00   8.9738e-01   1.6943e+02   1.5273e+01   3.4385e-02   0.0000e+00   2.8738e+02
20260731_06:00:00   7.7625e-01   1.5416e+02   1.5621e+01   0.0000e+00   6.1130e-05   2.8889e+02
20260731_09:00:00   8.5034e-01   1.6291e+02   1.6761e+01   0.0000e+00   1.2868e-04   2.9260e+02
20260731_12:00:00   8.2638e-01   1.5959e+02   1.6744e+01   0.0000e+00   1.2292e-04   2.9209e+02
20260731_15:00:00   8.4043e-01   1.6111e+02   1.7183e+01   0.0000e+00   0.0000e+00   2.9407e+02
20260731_18:00:00   8.4003e-01   1.6125e+02   1.7185e+01   0.0000e+00   0.0000e+00   2.9373e+02
20260731_21:00:00   8.7413e-01   1.6560e+02   1.7618e+01   0.0000e+00   0.0000e+00   2.9169e+02
20260801_00:00:00   9.6110e-01   1.7549e+02   1.8531e+01   5.1135e-03   1.8113e-02   2.8925e+02
20260801_03:00:00   9.3170e-01   1.7199e+02   1.8560e+01   7.8720e-05   4.2129e-02   2.9171e+02
20260801_06:00:00   9.3890e-01   1.7269e+02   1.8596e+01   0.0000e+00   9.2974e-03   2.9215e+02
20260801_09:00:00   9.4966e-01   1.7356e+02   1.8471e+01   0.0000e+00   1.8462e-03   2.9070e+02
20260801_12:00:00   9.2732e-01   1.7133e+02   1.8033e+01   0.0000e+00   1.8025e-03   2.9108e+02
20260801_15:00:00   8.5533e-01   1.6330e+02   1.6972e+01   0.0000e+00   1.4150e-04   2.8698e+02
20260801_18:00:00   8.5271e-01   1.6308e+02   1.6898e+01   0.0000e+00   0.0000e+00   2.8778e+02
20260801_21:00:00   8.5102e-01   1.6335e+02   1.6653e+01   0.0000e+00   0.0000e+00   2.8749e+02
20260802_00:00:00   7.8994e-01   1.5633e+02   1.5555e+01   0.0000e+00   1.1118e-03   2.8550e+02
20260802_03:00:00   7.5244e-01   1.5162e+02   1.4771e+01   1.1780e-04   2.2895e-02   2.8562e+02
20260802_06:00:00   9.0284e-01   1.6851e+02   1.8039e+01   4.4914e-03   3.1962e-02   2.8666e+02
20260802_09:00:00   1.3819e+00   2.0984e+02   2.1325e+01   1.2249e-01   1.6594e-01   2.8776e+02
20260802_12:00:00   9.9514e-01   1.7771e+02   1.9962e+01   0.0000e+00   1.8537e-02   2.9103e+02
20260802_15:00:00   1.2003e+00   1.9616e+02   2.2089e+01   2.3799e-02   8.3491e-03   2.8919e+02
20260802_18:00:00   1.1050e+00   1.8777e+02   2.1493e+01   2.5955e-04   2.9582e-04   2.8736e+02
20260802_21:00:00   1.1912e+00   1.9542e+02   2.2441e+01   9.8695e-03   4.4178e-02   2.8344e+02
20260803_00:00:00   1.4998e+00   2.1834e+02   2.2223e+01   1.3131e-01   1.0251e-04   2.8195e+02
20260803_03:00:00   1.0849e+00   1.8676e+02   2.0380e+01   1.6505e-02   1.5090e-04   2.8398e+02
20260803_06:00:00   1.0504e+00   1.8315e+02   2.0326e+01   8.2386e-03   6.2183e-03   2.8582e+02
20260803_09:00:00   1.0517e+00   1.8309e+02   2.0739e+01   6.8780e-04   1.5505e-02   2.8563e+02
20260803_12:00:00   9.8108e-01   1.7602e+02   1.9453e+01   0.0000e+00   8.7520e-03   2.8623e+02
20260803_15:00:00   9.0851e-01   1.6801e+02   1.8687e+01   0.0000e+00   1.3610e-02   2.8367e+02
20260803_18:00:00   7.9975e-01   1.5576e+02   1.6629e+01   0.0000e+00   3.2168e-02   2.8117e+02
20260803_21:00:00   7.7848e-01   1.5408e+02   1.5723e+01   0.0000e+00   1.8359e-03   2.8184e+02
20260804_00:00:00   1.5094e+00   2.2038e+02   1.9087e+01   1.9140e-01   9.7481e-02   2.8060e+02
20260804_03:00:00   7.6141e-01   1.5127e+02   1.6091e+01   0.0000e+00   2.1872e-01   2.8371e+02
20260804_06:00:00   9.7225e-01   1.7519e+02   1.9460e+01   3.6340e-04   3.0195e-02   2.8468e+02
20260804_09:00:00   8.7180e-01   1.6414e+02   1.7960e+01   0.0000e+00   1.0317e-02   2.8470e+02
20260804_12:00:00   7.6905e-01   1.5185e+02   1.6130e+01   0.0000e+00   1.1366e-03   2.8690e+02
20260804_15:00:00   7.3831e-01   1.4847e+02   1.4957e+01   0.0000e+00   3.3000e-05   2.9088e+02
20260804_18:00:00   8.0168e-01   1.5648e+02   1.5803e+01   3.4140e-06   4.0980e-06   2.8784e+02
20260804_21:00:00   9.0801e-01   1.6945e+02   1.7305e+01   0.0000e+00   6.8280e-07   2.8802e+02
20260805_00:00:00   1.4793e+00   2.1760e+02   1.8736e+01   1.9712e-01   1.5459e-03   2.8569e+02
20260805_03:00:00   8.1415e-01   1.5651e+02   1.7130e+01   0.0000e+00   2.2963e-01   2.8689e+02
20260805_06:00:00   8.7370e-01   1.6472e+02   1.7288e+01   0.0000e+00   2.0016e-02   2.8864e+02
20260805_09:00:00   7.9914e-01   1.5508e+02   1.6420e+01   0.0000e+00   1.1777e-01   2.8580e+02
20260805_12:00:00   7.1143e-01   1.4449e+02   1.4410e+01   0.0000e+00   4.2300e-04   2.8671e+02
20260805_15:00:00   7.8070e-01   1.5300e+02   1.5815e+01   0.0000e+00   9.8900e-04   2.8769e+02
20260805_18:00:00   7.9210e-01   1.5434e+02   1.5906e+01   0.0000e+00   4.0285e-04   2.8712e+02
20260805_21:00:00   8.9907e-01   1.6724e+02   1.7411e+01   3.0760e-03   6.5489e-05   2.8675e+02
20260806_00:00:00   1.7263e+00   2.2839e+02   1.8407e+01   3.3270e-01   1.2133e-01   2.8642e+02
20260806_03:00:00   1.2240e+00   1.9720e+02   1.9868e+01   8.9804e-02   9.7200e-02   2.8784e+02
20260806_06:00:00   8.5035e-01   1.6132e+02   1.7006e+01   0.0000e+00   1.0419e-03   2.8834e+02
20260806_09:00:00   8.9619e-01   1.6599e+02   1.7675e+01   2.5980e-03   2.1107e-02   2.8723e+02
20260806_12:00:00   8.4582e-01   1.5997e+02   1.7126e+01   0.0000e+00   5.2273e-02   2.8850e+02
20260806_15:00:00   8.2712e-01   1.5784e+02   1.6767e+01   0.0000e+00   2.0421e-02   2.8934e+02
20260806_18:00:00   7.8512e-01   1.5325e+02   1.5712e+01   0.0000e+00   1.2198e-03   2.8721e+02
20260806_21:00:00   1.2105e+00   1.9699e+02   1.6135e+01   1.5154e-01   4.8949e-04   2.8724e+02
20260807_00:00:00   7.2921e-01   1.4715e+02   1.4485e+01   6.3261e-04   8.5140e-06   2.8570e+02
20260807_03:00:00   9.6496e-01   1.7457e+02   1.4773e+01   8.0260e-02   2.7778e-03   2.8543e+02
20260807_06:00:00   6.0155e-01   1.2996e+02   1.1529e+01   4.3660e-05   2.4500e-06   2.8668e+02
20260807_09:00:00   7.3745e-01   1.4851e+02   1.3905e+01   0.0000e+00   0.0000e+00   2.8576e+02
20260807_12:00:00   6.8225e-01   1.4105e+02   1.2943e+01   0.0000e+00   0.0000e+00   2.8640e+02
20260807_15:00:00   5.7931e-01   1.2614e+02   1.1270e+01   0.0000e+00   0.0000e+00   2.8999e+02
20260807_18:00:00   5.5077e-01   1.2165e+02   1.0961e+01   0.0000e+00   0.0000e+00   2.8759e+02
20260807_21:00:00   6.8135e-01   1.4135e+02   1.2807e+01   7.4900e-03   4.3420e-05   2.8856e+02
20260808_00:00:00   1.2942e+00   2.0313e+02   1.7066e+01   1.7941e-01   6.8898e-02   2.8835e+02
20260808_03:00:00   1.0953e+00   1.8586e+02   1.8187e+01   8.0048e-02   9.7755e-02   2.9086e+02
20260808_06:00:00   8.1414e-01   1.5748e+02   1.5976e+01   0.0000e+00   1.7556e-01   2.9095e+02
20260808_09:00:00   7.6810e-01   1.5194e+02   1.5183e+01   0.0000e+00   1.5280e-04   2.9038e+02
20260808_12:00:00   7.1740e-01   1.4568e+02   1.3888e+01   0.0000e+00   1.1042e-05   2.8700e+02
20260808_15:00:00   6.7691e-01   1.4049e+02   1.3034e+01   0.0000e+00   0.0000e+00   2.8936e+02
20260808_18:00:00   6.9467e-01   1.4302e+02   1.3273e+01   0.0000e+00   0.0000e+00   2.9071e+02
20260808_21:00:00   7.1923e-01   1.4697e+02   1.3298e+01   4.6460e-05   0.0000e+00   2.8883e+02
20260809_00:00:00   2.6463e+00   2.5890e+02   1.9888e+01   6.9813e-01   6.1549e-01   2.8479e+02
20260809_03:00:00   8.6881e-01   1.6349e+02   1.7269e+01   3.2250e-05   3.1590e-02   2.9029e+02
20260809_06:00:00   6.4001e-01   1.3458e+02   1.2751e+01   1.8780e-05   1.7396e-02   2.9297e+02
20260809_09:00:00   7.5225e-01   1.4921e+02   1.4987e+01   1.4539e-03   7.1577e-02   2.8916e+02
20260809_12:00:00   7.6507e-01   1.5110e+02   1.5078e+01   0.0000e+00   4.1781e-04   2.8950e+02
20260809_15:00:00   7.7992e-01   1.5290e+02   1.5312e+01   0.0000e+00   0.0000e+00   2.9140e+02
20260809_18:00:00   8.1122e-01   1.5677e+02   1.5709e+01   0.0000e+00   0.0000e+00   2.9068e+02
20260809_21:00:00   8.8932e-01   1.6662e+02   1.5903e+01   1.6070e-02   0.0000e+00   2.8993e+02
20260810_00:00:00   3.0061e+00   2.6439e+02   1.9682e+01   8.2011e-01   1.1400e-01   2.9001e+02
