#            date       tau255        Tb[K]      pwv[mm] lwp[kg*m^-2] iwp[kg*m^-2]       o3[DU]
20260911_00:00:00   9.8310e-01   1.7643e+02   1.6920e+01   3.5305e-02   1.0776e-03   2.8238e+02
20260911_01:00:00   1.2076e+00   1.9657e+02   1.6249e+01   1.5138e-01   1.1134e-03   2.8220e+02
20260911_02:00:00   9.8798e-01   1.7580e+02   1.5225e+01   9.5058e-02   2.5025e-02   2.8182e+02
20260911_03:00:00   7.4405e-01   1.4855e+02   1.4764e+01   0.0000e+00   4.6536e-03   2.8169e+02
20260911_04:00:00   7.6422e-01   1.5111e+02   1.5032e+01   0.0000e+00   6.0954e-05   2.8282e+02
20260911_05:00:00   7.2810e-01   1.4641e+02   1.4440e+01   0.0000e+00   0.0000e+00   2.8468e+02
20260911_06:00:00   7.2744e-01   1.4615e+02   1.4532e+01   0.0000e+00   1.5920e-05   2.8581e+02
20260911_07:00:00   7.4914e-01   1.4884e+02   1.4874e+01   0.0000e+00   1.1301e-05   2.8540e+02
20260911_08:00:00   7.6851e-01   1.5118e+02   1.5213e+01   0.0000e+00   0.0000e+00   2.8449e+02
20260911_09:00:00   7.8583e-01   1.5332e+02   1.5457e+01   0.0000e+00   2.6558e-05   2.8470e+02
20260911_10:00:00   7.7479e-01   1.5193e+02   1.5242e+01   0.0000e+00   5.1220e-06   2.8517e+02
20260911_11:00:00   7.5294e-01   1.4913e+02   1.4924e+01   0.0000e+00   0.0000e+00   2.8406e+02
20260911_12:00:00   7.2873e-01   1.4591e+02   1.4550e+01   0.0000e+00   0.0000e+00   2.8235e+02
20260911_13:00:00   7.1430e-01   1.4398e+02   1.4263e+01   0.0000e+00   0.0000e+00   2.8038e+02
20260911_14:00:00   7.0406e-01   1.4257e+02   1.4115e+01   0.0000e+00   0.0000e+00   2.7981e+02
20260911_15:00:00   6.8984e-01   1.4063e+02   1.3890e+01   0.0000e+00   0.0000e+00   2.8119e+02
20260911_16:00:00   6.7973e-01   1.3919e+02   1.3765e+01   0.0000e+00   0.0000e+00   2.8231e+02
20260911_17:00:00   6.7091e-01   1.3796e+02   1.3639e+01   0.0000e+00   0.0000e+00   2.8289e+02
20260911_18:00:00   6.5868e-01   1.3631e+02   1.3428e+01   0.0000e+00   0.0000e+00   2.8440e+02
20260911_19:00:00   6.5290e-01   1.3561e+02   1.3301e+01   0.0000e+00   0.0000e+00   2.8540e+02
20260911_20:00:00   6.4910e-01   1.3528e+02   1.3188e+01   0.0000e+00   0.0000e+00   2.8604e+02
20260911_21:00:00   6.5934e-01   1.3697e+02   1.3274e+01   0.0000e+00   0.0000e+00   2.8577e+02
20260911_22:00:00   6.6276e-01   1.3765e+02   1.3258e+01   1.7072e-05   0.0000e+00   2.8434e+02
20260911_23:00:00   6.5526e-01   1.3670e+02   1.3130e+01   1.7072e-05   0.0000e+00   2.8464e+02
20260912_00:00:00   6.3735e-01   1.3415e+02   1.2861e+01   0.0000e+00   0.0000e+00   2.8387e+02
20260912_01:00:00   6.2418e-01   1.3213e+02   1.2671e+01   0.0000e+00   0.0000e+00   2.8192e+02
20260912_02:00:00   6.6008e-01   1.3730e+02   1.3170e+01   0.0000e+00   0.0000e+00   2.7976e+02
20260912_03:00:00   7.1668e-01   1.4491e+02   1.4131e+01   2.2780e-05   5.3820e-06   2.7930e+02
20260912_04:00:00   6.7074e-01   1.3870e+02   1.3383e+01   0.0000e+00   5.6440e-05   2.7885e+02
20260912_05:00:00   7.0402e-01   1.4305e+02   1.3790e+01   4.3000e-03   2.7299e-04   2.7971e+02
20260912_06:00:00   7.9143e-01   1.5387e+02   1.5642e+01   3.4980e-04   1.6050e-03   2.8134e+02
20260912_07:00:00   8.0427e-01   1.5507e+02   1.6193e+01   0.0000e+00   6.8990e-03   2.8052e+02
20260912_08:00:00   7.6347e-01   1.4971e+02   1.5745e+01   0.0000e+00   3.7487e-02   2.7967e+02
20260912_09:00:00   7.4836e-01   1.4779e+02   1.5489e+01   0.0000e+00   9.9894e-03   2.7873e+02
20260912_10:00:00   7.5259e-01   1.4838e+02   1.5467e+01   0.0000e+00   4.3441e-03   2.7703e+02
20260912_11:00:00   7.5590e-01   1.4885e+02   1.5442e+01   0.0000e+00   5.0045e-03   2.7621e+02
20260912_12:00:00   7.6430e-01   1.5005e+02   1.5451e+01   0.0000e+00   2.5710e-03   2.7616e+02
20260912_13:00:00   7.7057e-01   1.5092e+02   1.5444e+01   0.0000e+00   8.2275e-04   2.7682e+02
20260912_14:00:00   7.6682e-01   1.5054e+02   1.5320e+01   0.0000e+00   4.7715e-04   2.7822e+02
20260912_15:00:00   7.5638e-01   1.4925e+02   1.5128e+01   0.0000e+00   6.7750e-04   2.7717e+02
20260912_16:00:00   7.5023e-01   1.4847e+02   1.5037e+01   0.0000e+00   8.6059e-04   2.7735e+02
20260912_17:00:00   7.4062e-01   1.4731e+02   1.4880e+01   0.0000e+00   1.6166e-03   2.7808e+02
20260912_18:00:00   7.2555e-01   1.4539e+02   1.4644e+01   0.0000e+00   8.4800e-04   2.7791e+02
20260912_19:00:00   7.3546e-01   1.4687e+02   1.4745e+01   0.0000e+00   6.9363e-04   2.7773e+02
20260912_20:00:00   7.4458e-01   1.4822e+02   1.4852e+01   0.0000e+00   1.0725e-03   2.7619e+02
20260912_21:00:00   8.1579e-01   1.5747e+02   1.5832e+01   0.0000e+00   1.1972e-03   2.7435e+02
20260912_22:00:00   8.8886e-01   1.6627e+02   1.6616e+01   8.8399e-03   1.4722e-04   2.7340e+02
20260912_23:00:00   1.0169e+00   1.8024e+02   1.7151e+01   4.3236e-02   8.5360e-07   2.7440e+02
20260913_00:00:00   1.3196e+00   2.0647e+02   1.7763e+01   1.4771e-01   1.3658e-05   2.7560e+02
20260913_01:00:00   1.4218e+00   2.1371e+02   1.7911e+01   1.8339e-01   1.9301e-04   2.7607e+02
20260913_02:00:00   9.1414e-01   1.6955e+02   1.6550e+01   1.8168e-02   6.6296e-06   2.7668e+02
20260913_03:00:00   8.2093e-01   1.5867e+02   1.5851e+01   0.0000e+00   2.3661e-05   2.7578e+02
20260913_04:00:00   9.5060e-01   1.7329e+02   1.7102e+01   1.3921e-02   0.0000e+00   2.7748e+02
20260913_05:00:00   8.6489e-01   1.6387e+02   1.6148e+01   4.9520e-03   1.1042e-06   2.7695e+02
20260913_06:00:00   8.7825e-01   1.6539e+02   1.5783e+01   2.0340e-02   1.4542e-04   2.7499e+02
20260913_07:00:00   8.1188e-01   1.5719e+02   1.5524e+01   2.5600e-03   4.8301e-04   2.7720e+02
20260913_08:00:00   7.6653e-01   1.5145e+02   1.4986e+01   0.0000e+00   2.3076e-03   2.7867e+02
20260913_09:00:00   6.8260e-01   1.4011e+02   1.3806e+01   0.0000e+00   1.1842e-03   2.7849e+02
20260913_10:00:00   6.4702e-01   1.3494e+02   1.3265e+01   0.0000e+00   5.3592e-04   2.7763e+02
20260913_11:00:00   6.6274e-01   1.3716e+02   1.3486e+01   0.0000e+00   4.5767e-05   2.7826e+02
20260913_12:00:00   6.4644e-01   1.3472e+02   1.3252e+01   0.0000e+00   0.0000e+00   2.7778e+02
20260913_13:00:00   6.3825e-01   1.3335e+02   1.3183e+01   0.0000e+00   9.2940e-06   2.7840e+02
20260913_14:00:00   6.7039e-01   1.3787e+02   1.3730e+01   0.0000e+00   0.0000e+00   2.7895e+02
20260913_15:00:00   7.2390e-01   1.4523e+02   1.4588e+01   0.0000e+00   2.7336e-05   2.7828e+02
20260913_16:00:00   7.6028e-01   1.5009e+02   1.5116e+01   0.0000e+00   8.0716e-04   2.7690e+02
20260913_17:00:00   7.7898e-01   1.5262e+02   1.5306e+01   0.0000e+00   3.0420e-05   2.7560e+02
20260913_18:00:00   8.1149e-01   1.5687e+02   1.5610e+01   2.3000e-04   0.0000e+00   2.7640e+02
20260913_19:00:00   9.1912e-01   1.6955e+02   1.6203e+01   2.3998e-02   0.0000e+00   2.7574e+02
20260913_20:00:00   1.0417e+00   1.8240e+02   1.7042e+01   4.9060e-02   0.0000e+00   2.7318e+02
20260913_21:00:00   1.2517e+00   2.0065e+02   1.7509e+01   1.2258e-01   2.8740e-06   2.7344e+02
20260913_22:00:00   9.4220e-01   1.7263e+02   1.6376e+01   2.4784e-02   7.1712e-06   2.7418e+02
20260913_23:00:00   1.2863e+00   2.0337e+02   1.7038e+01   1.4814e-01   1.0990e-03   2.7276e+02
20260914_00:00:00   2.2375e+00   2.4951e+02   1.8621e+01   5.0351e-01   4.8702e-03   2.7430e+02
20260914_01:00:00   2.5203e+00   2.5714e+02   2.1231e+01   5.6525e-01   3.1591e-01   2.7601e+02
20260914_02:00:00   1.8996e+00   2.3581e+02   2.0732e+01   3.5052e-01   7.5576e-01   2.7706e+02
20260914_03:00:00   1.5104e+00   2.1630e+02   2.0990e+01   1.7483e-01   8.8423e-01   2.7685e+02
20260914_04:00:00   1.0224e+00   1.7755e+02   1.9560e+01   3.6397e-04   1.2506e+00   2.7638e+02
20260914_05:00:00   9.6320e-01   1.7200e+02   1.8983e+01   0.0000e+00   8.2683e-01   2.7767e+02
20260914_06:00:00   9.7047e-01   1.7296e+02   1.9060e+01   0.0000e+00   6.6180e-01   2.7844e+02
20260914_07:00:00   9.5228e-01   1.7111e+02   1.8817e+01   0.0000e+00   5.9732e-01   2.7837e+02
20260914_08:00:00   9.3965e-01   1.6993e+02   1.8668e+01   0.0000e+00   2.2834e-01   2.7786e+02
20260914_09:00:00   9.4824e-01   1.7093e+02   1.8773e+01   0.0000e+00   1.8156e-01   2.7778e+02
20260914_10:00:00   9.3539e-01   1.6973e+02   1.8540e+01   0.0000e+00   6.4632e-02   2.7789e+02
20260914_11:00:00   9.2291e-01   1.6852e+02   1.8295e+01   0.0000e+00   1.8475e-02   2.7784e+02
20260914_12:00:00   9.3391e-01   1.6970e+02   1.8355e+01   0.0000e+00   2.4090e-02   2.7883e+02
20260914_13:00:00   9.2696e-01   1.6899e+02   1.8221e+01   0.0000e+00   6.9592e-03   2.8046e+02
20260914_14:00:00   9.2928e-01   1.6914e+02   1.8225e+01   0.0000e+00   6.7543e-03   2.8078e+02
20260914_15:00:00   9.4437e-01   1.7073e+02   1.8421e+01   0.0000e+00   1.0319e-02   2.8021e+02
20260914_16:00:00   9.5882e-01   1.7221e+02   1.8630e+01   0.0000e+00   4.1216e-03   2.7907e+02
20260914_17:00:00   9.6586e-01   1.7293e+02   1.8714e+01   0.0000e+00   1.0210e-02   2.7744e+02
20260914_18:00:00   9.7481e-01   1.7391e+02   1.8827e+01   0.0000e+00   1.8110e-02   2.7665e+02
20260914_19:00:00   9.8862e-01   1.7539e+02   1.8979e+01   0.0000e+00   5.5533e-02   2.7420e+02
20260914_20:00:00   1.0259e+00   1.7923e+02   1.9341e+01   3.5760e-03   8.2482e-02   2.7385e+02
20260914_21:00:00   1.0442e+00   1.8115e+02   1.9633e+01   3.6880e-03   3.2734e-02   2.7524e+02
20260914_22:00:00   1.1657e+00   1.9277e+02   1.9827e+01   4.3399e-02   1.8279e-02   2.7510e+02
20260914_23:00:00   1.6496e+00   2.2646e+02   1.9811e+01   2.3562e-01   2.1156e-02   2.7562e+02
20260915_00:00:00   1.0662e+00   1.8385e+02   1.8922e+01   3.2679e-02   7.0753e-03   2.7753e+02
20260915_01:00:00   9.5426e-01   1.7224e+02   1.8456e+01   2.2777e-03   4.2735e-03   2.7679e+02
20260915_02:00:00   8.8781e-01   1.6526e+02   1.7331e+01   0.0000e+00   9.4594e-03   2.7603e+02
20260915_03:00:00   9.5965e-01   1.7256e+02   1.8457e+01   1.6417e-03   5.9706e-03   2.7664e+02
20260915_04:00:00   9.8933e-01   1.7556e+02   1.8942e+01   3.8890e-04   1.7907e-02   2.7742e+02
20260915_05:00:00   1.0038e+00   1.7674e+02   1.9355e+01   1.2167e-04   2.2735e-01   2.7733e+02
20260915_06:00:00   1.0568e+00   1.8158e+02   2.0157e+01   7.0100e-05   4.8674e-01   2.7752e+02
20260915_07:00:00   1.1359e+00   1.8856e+02   1.9941e+01   3.6958e-02   4.4419e-01   2.7942e+02
20260915_08:00:00   9.7062e-01   1.7280e+02   1.8934e+01   0.0000e+00   2.3931e-01   2.8137e+02
20260915_09:00:00   9.9894e-01   1.7556e+02   1.9154e+01   2.5260e-03   2.3003e-01   2.7944e+02
20260915_10:00:00   9.4793e-01   1.7039e+02   1.8518e+01   0.0000e+00   1.0758e-01   2.8002e+02
20260915_11:00:00   9.5293e-01   1.7093e+02   1.8465e+01   0.0000e+00   4.2232e-02   2.8224e+02
20260915_12:00:00   9.1477e-01   1.6699e+02   1.7723e+01   7.1600e-05   5.8617e-02   2.8218e+02
20260915_13:00:00   9.4205e-01   1.6996e+02   1.7969e+01   1.3677e-03   1.5333e-01   2.8143e+02
20260915_14:00:00   9.8624e-01   1.7458e+02   1.8256e+01   9.5402e-03   1.3639e-01   2.8081e+02
20260915_15:00:00   9.5637e-01   1.7137e+02   1.8441e+01   1.3012e-04   1.2151e-01   2.8085e+02
20260915_16:00:00   1.0662e+00   1.8206e+02   1.9078e+01   3.1779e-02   1.6559e-01   2.8075e+02
20260915_17:00:00   1.6451e+00   2.2350e+02   1.9616e+01   2.5426e-01   1.6318e-01   2.7981e+02
20260915_18:00:00   1.0023e+00   1.7621e+02   1.9086e+01   2.3873e-03   6.9947e-02   2.7846e+02
20260915_19:00:00   9.8325e-01   1.7429e+02   1.8894e+01   3.0239e-04   3.6784e-02   2.7824e+02
20260915_20:00:00   9.9887e-01   1.7594e+02   1.9022e+01   1.3940e-04   1.8031e-02   2.7860e+02
20260915_21:00:00   1.0294e+00   1.7931e+02   1.8871e+01   9.8900e-03   4.7732e-03   2.7890e+02
20260915_22:00:00   1.4339e+00   2.1372e+02   1.7786e+01   1.8560e-01   1.9533e-04   2.7936e+02
20260915_23:00:00   1.2670e+00   2.0180e+02   1.6137e+01   1.5337e-01   1.9500e-04   2.7797e+02
20260916_00:00:00   1.7945e+00   2.3352e+02   1.6055e+01   3.6313e-01   2.3138e-02   2.7828e+02
20260916_03:00:00   1.9787e+00   2.3878e+02   1.9580e+01   3.9729e-01   3.8325e-01   2.7923e+02
20260916_06:00:00   9.7210e-01   1.7321e+02   1.8582e+01   2.9422e-04   2.8529e-02   2.7963e+02
20260916_09:00:00   1.0765e+00   1.8296e+02   1.9023e+01   3.1800e-02   1.3921e-01   2.7727e+02
20260916_12:00:00   1.0776e+00   1.8290e+02   1.9197e+01   2.4786e-02   3.7566e-02   2.7857e+02
20260916_15:00:00   1.8928e+00   2.3491e+02   1.9609e+01   3.4562e-01   5.0052e-02   2.7921e+02
20260916_18:00:00   1.0721e+00   1.8233e+02   1.8945e+01   2.9400e-02   2.9584e-02   2.7827e+02
20260916_21:00:00   1.2412e+00   1.9845e+02   1.8433e+01   1.0482e-01   7.3050e-03   2.7713e+02
20260917_00:00:00   1.0313e+00   1.7913e+02   1.8106e+01   2.8515e-02   7.0443e-04   2.7678e+02
20260917_03:00:00   9.6256e-01   1.7176e+02   1.8282e+01   5.0300e-05   2.4487e-01   2.7347e+02
20260917_06:00:00   9.8932e-01   1.7423e+02   1.8731e+01   0.0000e+00   1.3177e-01   2.7496e+02
20260917_09:00:00   1.1450e+00   1.8869e+02   1.8978e+01   5.1076e-02   5.1310e-01   2.7578e+02
20260917_12:00:00   9.7118e-01   1.7224e+02   1.8011e+01   6.2808e-03   1.4412e-01   2.7655e+02
20260917_15:00:00   8.4450e-01   1.5858e+02   1.6140e+01   0.0000e+00   1.5770e-01   2.7485e+02
20260917_18:00:00   7.4944e-01   1.4710e+02   1.4572e+01   9.6990e-08   2.1052e-01   2.7465e+02
20260917_21:00:00   6.9455e-01   1.3977e+02   1.3664e+01   2.0456e-03   2.7841e-01   2.7326e+02
20260918_00:00:00   6.2577e-01   1.2960e+02   1.2784e+01   0.0000e+00   3.0776e-01   2.7105e+02
20260918_03:00:00   9.2873e-01   1.6806e+02   1.6299e+01   3.0999e-02   1.5825e-01   2.7223e+02
20260918_06:00:00   6.5030e-01   1.3357e+02   1.2953e+01   0.0000e+00   1.9798e-01   2.7868e+02
20260918_09:00:00   5.1534e-01   1.1301e+02   1.0653e+01   7.1840e-06   3.9007e-03   2.7879e+02
20260918_12:00:00   6.8572e-01   1.3860e+02   1.2688e+01   1.4188e-02   5.1443e-03   2.8038e+02
20260918_15:00:00   6.5888e-01   1.3459e+02   1.3039e+01   0.0000e+00   3.7632e-02   2.8122e+02
20260918_18:00:00   5.9292e-01   1.2535e+02   1.1789e+01   0.0000e+00   2.7058e-03   2.8266e+02
20260918_21:00:00   5.3403e-01   1.1653e+02   1.0503e+01   3.4517e-03   1.0143e-02   2.8203e+02
20260919_00:00:00   5.1118e-01   1.1296e+02   1.0416e+01   0.0000e+00   1.2764e-03   2.8148e+02
20260919_03:00:00   7.0074e-01   1.4090e+02   1.3537e+01   2.2036e-03   5.8914e-04   2.8131e+02
20260919_06:00:00   6.2319e-01   1.3030e+02   1.2146e+01   0.0000e+00   0.0000e+00   2.8197e+02
20260919_09:00:00   5.6224e-01   1.2115e+02   1.1024e+01   0.0000e+00   0.0000e+00   2.8057e+02
20260919_12:00:00   4.3739e-01   1.0060e+02   8.8199e+00   0.0000e+00   1.2116e-03   2.8317e+02
20260919_15:00:00   3.9289e-01   9.2709e+01   7.9019e+00   0.0000e+00   2.8349e-04   2.8076e+02
20260919_18:00:00   3.2276e-01   7.9608e+01   6.5545e+00   0.0000e+00   0.0000e+00   2.7881e+02
20260919_21:00:00   3.6313e-01   8.7645e+01   7.1006e+00   1.3956e-05   0.0000e+00   2.7273e+02
20260920_00:00:00   4.7532e-01   1.0782e+02   9.1321e+00   3.5440e-04   0.0000e+00   2.7394e+02
20260920_03:00:00   4.8950e-01   1.1011e+02   9.4690e+00   1.0778e-04   0.0000e+00   2.7224e+02
20260920_06:00:00   6.8504e-01   1.3917e+02   1.1322e+01   3.5240e-02   2.7880e-04   2.7100e+02
20260920_09:00:00   6.2395e-01   1.3086e+02   1.1499e+01   0.0000e+00   0.0000e+00   2.6687e+02
20260920_12:00:00   6.0869e-01   1.2861e+02   1.1243e+01   0.0000e+00   0.0000e+00   2.6409e+02
20260920_15:00:00   5.7322e-01   1.2331e+02   1.0710e+01   0.0000e+00   0.0000e+00   2.6491e+02
20260920_18:00:00   5.9483e-01   1.2673e+02   1.0969e+01   0.0000e+00   0.0000e+00   2.6239e+02
20260920_21:00:00   7.4112e-01   1.4757e+02   1.1752e+01   3.5896e-02   0.0000e+00   2.6232e+02
20260921_00:00:00   1.1723e+00   1.9314e+02   1.2463e+01   1.8995e-01   3.7180e-06   2.6102e+02
20260921_03:00:00   6.2680e-01   1.3161e+02   1.1815e+01   7.7300e-05   1.7668e-06   2.6290e+02
20260921_06:00:00   6.8580e-01   1.3973e+02   1.2874e+01   1.1496e-04   4.5980e-05   2.6330e+02
20260921_09:00:00   7.8643e-01   1.5258e+02   1.4108e+01   9.3279e-03   2.8384e-04   2.6188e+02
20260921_12:00:00   6.1427e-01   1.2921e+02   1.1903e+01   0.0000e+00   0.0000e+00   2.6295e+02
20260921_15:00:00   5.4769e-01   1.1891e+02   1.0942e+01   0.0000e+00   0.0000e+00   2.6247e+02
20260921_18:00:00   4.5327e-01   1.0347e+02   9.2990e+00   0.0000e+00   0.0000e+00   2.6360e+02
20260921_21:00:00   4.7924e-01   1.0802e+02   9.7759e+00   3.4140e-06   0.0000e+00   2.6221e+02
20260922_00:00:00   5.6993e-01   1.2279e+02   1.1203e+01   2.9960e-04   0.0000e+00   2.6273e+02
20260922_03:00:00   6.3382e-01   1.3231e+02   1.2448e+01   0.0000e+00   0.0000e+00   2.6341e+02
20260922_06:00:00   6.2956e-01   1.3145e+02   1.2486e+01   0.0000e+00   7.3493e-05   2.6372e+02
20260922_09:00:00   5.5243e-01   1.1947e+02   1.1389e+01   0.0000e+00   1.5710e-04   2.6396e+02
20260922_12:00:00   5.6664e-01   1.2169e+02   1.1646e+01   0.0000e+00   2.8300e-04   2.6534e+02
20260922_15:00:00   7.6924e-01   1.5053e+02   1.4733e+01   0.0000e+00   2.7200e-05   2.6372e+02
20260922_18:00:00   8.9451e-01   1.6502e+02   1.7036e+01   7.0500e-06   1.8533e-03   2.6162e+02
20260922_21:00:00   1.0290e+00   1.7893e+02   1.8480e+01   1.5634e-02   2.5732e-02   2.5886e+02
20260923_00:00:00   1.0952e+00   1.8528e+02   1.8394e+01   5.4273e-02   9.8312e-03   2.5890e+02
20260923_03:00:00   1.4602e+00   2.1245e+02   1.8724e+01   1.9857e-01   4.3465e-02   2.5789e+02
20260923_06:00:00   1.7945e+00   2.3025e+02   2.0137e+01   2.9606e-01   3.7068e-01   2.6064e+02
20260923_09:00:00   3.0512e+00   2.6412e+02   2.0950e+01   7.8303e-01   7.2772e-01   2.5850e+02
20260923_12:00:00   1.0842e+00   1.8366e+02   1.9603e+01   1.7550e-02   1.3142e-01   2.5734e+02
20260923_15:00:00   1.1073e+00   1.8590e+02   1.9314e+01   3.3496e-02   4.1644e-02   2.5855e+02
20260923_18:00:00   1.0171e+00   1.7751e+02   1.8734e+01   1.2337e-02   2.4537e-03   2.6108e+02
20260923_21:00:00   9.7155e-01   1.7277e+02   1.8264e+01   7.6809e-03   2.0680e-02   2.5854e+02
20260924_00:00:00   1.2817e+00   2.0127e+02   1.8378e+01   1.2743e-01   4.3750e-03   2.5908e+02
20260924_03:00:00   1.5309e+00   2.1761e+02   1.9914e+01   1.8926e-01   1.9175e-01   2.6033e+02
20260924_06:00:00   8.3496e-01   1.5778e+02   1.6467e+01   0.0000e+00   2.6354e-02   2.6169e+02
20260924_09:00:00   7.7361e-01   1.5010e+02   1.5478e+01   0.0000e+00   3.3914e-05   2.6230e+02
20260924_12:00:00   6.7976e-01   1.3759e+02   1.4048e+01   0.0000e+00   4.9474e-03   2.6421e+02
20260924_15:00:00   6.7324e-01   1.3657e+02   1.3982e+01   0.0000e+00   1.3799e-03   2.6618e+02
20260924_18:00:00   6.4140e-01   1.3288e+02   1.3024e+01   0.0000e+00   3.2020e-04   2.6530e+02
20260924_21:00:00   7.0742e-01   1.4295e+02   1.3378e+01   3.2340e-05   1.1872e-04   2.6654e+02
20260925_00:00:00   1.8356e+00   2.3403e+02   1.6268e+01   3.8185e-01   2.4787e-03   2.6787e+02
20260925_03:00:00   9.6199e-01   1.7264e+02   1.5582e+01   6.1746e-02   1.3980e-04   2.6873e+02
20260925_06:00:00   8.7641e-01   1.6346e+02   1.6206e+01   8.1060e-03   1.3562e-04   2.6948e+02
20260925_09:00:00   7.4023e-01   1.4669e+02   1.4479e+01   0.0000e+00   1.6884e-04   2.6769e+02
20260925_12:00:00   6.9058e-01   1.4040e+02   1.3290e+01   0.0000e+00   0.0000e+00   2.6629e+02
20260925_15:00:00   6.4104e-01   1.3365e+02   1.2419e+01   0.0000e+00   0.0000e+00   2.6713e+02
20260925_18:00:00   6.3475e-01   1.3298e+02   1.2218e+01   0.0000e+00   0.0000e+00   2.6676e+02
20260925_21:00:00   7.9060e-01   1.5430e+02   1.3390e+01   2.3718e-02   0.0000e+00   2.6852e+02
20260926_00:00:00   8.6625e-01   1.6345e+02   1.3420e+01   5.1887e-02   6.6320e-06   2.6759e+02
20260926_03:00:00   1.5424e+00   2.2006e+02   1.3650e+01   3.1244e-01   1.1270e-05   2.6813e+02
20260926_06:00:00   8.7482e-01   1.6403e+02   1.2254e+01   8.5982e-02   5.6301e-05   2.6731e+02
20260926_09:00:00   7.2369e-01   1.4564e+02   1.2172e+01   2.0600e-02   2.2908e-04   2.6661e+02
20260926_12:00:00   6.1687e-01   1.3087e+02   1.1113e+01   4.3540e-03   2.8270e-05   2.6748e+02
20260926_15:00:00   5.9778e-01   1.2815e+02   1.0926e+01   0.0000e+00   0.0000e+00   2.6571e+02
20260926_18:00:00   6.5222e-01   1.3603e+02   1.1669e+01   1.1672e-03   0.0000e+00   2.6660e+02
20260926_21:00:00   2.0081e+00   2.4054e+02   1.4047e+01   5.0416e-01   2.1109e-03   2.6437e+02
20260927_00:00:00   1.3498e+00   2.0652e+02   1.3018e+01   2.6206e-01   4.2796e-04   2.6337e+02
