#            date       tau255        Tb[K]      pwv[mm] lwp[kg*m^-2] iwp[kg*m^-2]       o3[DU]
20260915_12:00:00   8.2758e-01   1.5740e+02   1.6210e+01   0.0000e+00   3.1152e-02   2.7176e+02
20260915_13:00:00   8.1903e-01   1.5637e+02   1.6063e+01   0.0000e+00   7.8409e-02   2.7524e+02
20260915_14:00:00   8.2153e-01   1.5661e+02   1.6080e+01   0.0000e+00   6.9472e-02   2.7914e+02
20260915_15:00:00   8.1387e-01   1.5569e+02   1.5954e+01   0.0000e+00   6.2777e-02   2.8186e+02
20260915_16:00:00   8.1929e-01   1.5633e+02   1.6041e+01   0.0000e+00   5.7584e-02   2.8345e+02
20260915_17:00:00   8.2328e-01   1.5682e+02   1.6135e+01   0.0000e+00   7.1133e-02   2.8132e+02
20260915_18:00:00   8.4888e-01   1.5980e+02   1.6593e+01   0.0000e+00   4.9114e-02   2.7701e+02
20260915_19:00:00   8.7312e-01   1.6256e+02   1.7063e+01   0.0000e+00   5.2908e-02   2.7498e+02
20260915_20:00:00   9.2807e-01   1.6857e+02   1.7944e+01   8.9150e-05   1.3276e-01   2.7689e+02
20260915_21:00:00   9.9947e-01   1.7588e+02   1.8978e+01   1.2816e-03   2.2864e-01   2.7751e+02
20260915_22:00:00   9.6501e-01   1.7247e+02   1.8610e+01   3.6860e-05   9.0620e-02   2.7420e+02
20260915_23:00:00   9.4638e-01   1.7078e+02   1.8073e+01   4.5681e-03   1.7317e-02   2.7330e+02
20260916_00:00:00   1.0078e+00   1.7788e+02   1.7414e+01   4.4070e-02   1.3339e-02   2.7425e+02
20260916_01:00:00   1.4975e+00   2.1754e+02   1.8565e+01   2.0488e-01   1.4168e-02   2.7122e+02
20260916_02:00:00   1.0355e+00   1.8020e+02   1.8104e+01   3.7954e-02   1.0186e-01   2.6769e+02
20260916_03:00:00   9.7521e-01   1.7362e+02   1.8741e+01   4.2462e-04   3.1592e-01   2.6633e+02
20260916_04:00:00   1.0158e+00   1.7758e+02   1.9451e+01   2.3480e-04   2.8806e-01   2.6963e+02
20260916_05:00:00   9.9853e-01   1.7596e+02   1.9318e+01   2.5400e-05   9.3992e-02   2.7406e+02
20260916_06:00:00   1.1399e+00   1.8896e+02   2.0441e+01   2.4179e-02   1.2487e-01   2.7084e+02
20260916_07:00:00   2.0479e+00   2.4117e+02   2.1296e+01   3.7186e-01   2.5774e-01   2.7517e+02
20260916_08:00:00   2.7429e+00   2.6027e+02   2.1637e+01   6.3643e-01   5.6875e-01   2.7716e+02
20260916_09:00:00   2.7635e+00   2.5898e+02   2.1245e+01   6.7686e-01   3.8815e-01   2.7658e+02
20260916_10:00:00   1.5878e+00   2.2014e+02   1.9896e+01   2.2218e-01   4.3801e-02   2.7699e+02
20260916_11:00:00   1.1402e+00   1.8892e+02   1.9697e+01   3.9929e-02   6.6759e-02   2.7778e+02
20260916_12:00:00   1.0663e+00   1.8203e+02   1.9831e+01   6.8030e-03   2.2459e-01   2.7894e+02
20260916_13:00:00   1.0143e+00   1.7703e+02   1.9355e+01   7.2937e-04   1.2694e-01   2.8301e+02
20260916_14:00:00   1.0756e+00   1.8292e+02   1.9472e+01   2.2088e-02   1.7778e-02   2.8179e+02
20260916_15:00:00   1.2841e+00   2.0036e+02   1.9738e+01   9.9455e-02   2.0565e-02   2.8200e+02
20260916_16:00:00   1.3676e+00   2.0640e+02   1.9762e+01   1.3058e-01   1.3379e-02   2.8283e+02
20260916_17:00:00   1.3535e+00   2.0526e+02   1.9787e+01   1.2701e-01   9.4427e-03   2.8138e+02
20260916_18:00:00   1.0552e+00   1.8099e+02   1.9667e+01   7.6047e-03   1.8761e-02   2.7779e+02
20260916_19:00:00   1.0811e+00   1.8337e+02   1.9878e+01   1.3428e-02   4.6039e-02   2.7600e+02
20260916_20:00:00   1.0899e+00   1.8425e+02   1.9795e+01   2.1342e-02   1.3905e-02   2.7433e+02
20260916_21:00:00   1.3497e+00   2.0555e+02   1.9924e+01   1.2209e-01   6.0736e-03   2.7463e+02
20260916_22:00:00   1.1232e+00   1.8810e+02   1.9295e+01   4.1358e-02   5.7158e-03   2.7674e+02
20260916_23:00:00   9.6350e-01   1.7244e+02   1.8674e+01   4.7489e-04   5.8733e-02   2.7609e+02
20260917_00:00:00   1.2463e+00   1.9885e+02   1.9413e+01   9.1632e-02   5.2184e-02   2.7291e+02
20260917_01:00:00   2.1310e+00   2.4614e+02   2.0714e+01   4.0711e-01   8.6990e-02   2.7160e+02
20260917_02:00:00   1.0248e+00   1.7833e+02   1.9452e+01   4.4589e-03   2.9452e-02   2.7231e+02
20260917_03:00:00   2.2809e+00   2.4863e+02   2.1076e+01   4.7789e-01   4.4425e-02   2.7384e+02
20260917_04:00:00   1.1471e+00   1.8973e+02   2.0412e+01   3.0984e-02   2.7124e-02   2.7283e+02
20260917_05:00:00   1.1193e+00   1.8694e+02   2.0422e+01   1.8378e-02   1.0220e-02   2.7327e+02
20260917_06:00:00   1.0577e+00   1.8128e+02   2.0018e+01   4.5775e-03   1.8754e-02   2.7207e+02
20260917_07:00:00   1.0146e+00   1.7726e+02   1.9410e+01   0.0000e+00   9.2519e-03   2.7242e+02
20260917_08:00:00   9.5816e-01   1.7166e+02   1.8396e+01   0.0000e+00   1.0273e-03   2.7265e+02
20260917_09:00:00   8.9598e-01   1.6521e+02   1.7287e+01   0.0000e+00   1.2305e-03   2.7092e+02
20260917_10:00:00   8.3023e-01   1.5780e+02   1.6138e+01   0.0000e+00   2.3966e-03   2.7103e+02
20260917_11:00:00   7.8089e-01   1.5193e+02   1.5185e+01   0.0000e+00   1.0013e-03   2.7226e+02
20260917_12:00:00   7.6079e-01   1.4941e+02   1.4788e+01   0.0000e+00   8.6539e-04   2.7230e+02
20260917_13:00:00   7.6236e-01   1.4946e+02   1.4893e+01   0.0000e+00   2.0299e-03   2.7183e+02
20260917_14:00:00   7.8344e-01   1.5202e+02   1.5298e+01   0.0000e+00   4.5133e-04   2.6985e+02
20260917_15:00:00   7.7722e-01   1.5127e+02   1.5177e+01   0.0000e+00   3.7204e-05   2.7052e+02
20260917_16:00:00   7.6105e-01   1.4934e+02   1.4827e+01   0.0000e+00   6.9459e-04   2.7041e+02
20260917_17:00:00   7.5316e-01   1.4838e+02   1.4637e+01   0.0000e+00   1.0204e-03   2.6943e+02
20260917_18:00:00   7.3271e-01   1.4590e+02   1.4237e+01   0.0000e+00   3.7177e-05   2.6917e+02
20260917_19:00:00   7.3192e-01   1.4590e+02   1.4106e+01   1.0420e-03   0.0000e+00   2.7088e+02
20260917_20:00:00   7.5560e-01   1.4908e+02   1.4234e+01   4.5650e-03   2.8980e-05   2.7121e+02
20260917_21:00:00   8.7429e-01   1.6382e+02   1.4344e+01   4.4995e-02   4.6460e-06   2.6929e+02
20260917_22:00:00   1.3161e+00   2.0530e+02   1.4872e+01   2.0422e-01   7.3393e-04   2.6916e+02
20260917_23:00:00   9.5168e-01   1.7238e+02   1.4647e+01   7.0795e-02   3.9074e-02   2.6960e+02
20260918_00:00:00   8.4666e-01   1.6062e+02   1.4344e+01   3.5542e-02   1.0195e-03   2.6960e+02
20260918_01:00:00   8.8116e-01   1.6477e+02   1.4124e+01   5.6720e-02   1.2886e-05   2.6907e+02
20260918_02:00:00   7.1570e-01   1.4390e+02   1.3672e+01   7.0820e-03   2.2745e-03   2.6827e+02
20260918_03:00:00   6.3550e-01   1.3277e+02   1.2669e+01   0.0000e+00   3.8041e-04   2.6630e+02
20260918_04:00:00   6.1237e-01   1.2943e+02   1.2289e+01   0.0000e+00   4.6460e-06   2.6851e+02
20260918_05:00:00   5.8804e-01   1.2566e+02   1.1952e+01   0.0000e+00   1.0398e-05   2.7089e+02
20260918_06:00:00   6.2033e-01   1.3023e+02   1.2586e+01   0.0000e+00   8.6562e-04   2.7128e+02
20260918_07:00:00   6.7536e-01   1.3790e+02   1.3561e+01   0.0000e+00   1.0071e-03   2.7098e+02
20260918_08:00:00   6.8106e-01   1.3858e+02   1.3672e+01   3.4380e-04   3.4659e-03   2.7163e+02
20260918_09:00:00   6.4910e-01   1.3425e+02   1.3029e+01   0.0000e+00   1.0778e-04   2.7199e+02
20260918_10:00:00   6.2478e-01   1.3067e+02   1.2628e+01   0.0000e+00   0.0000e+00   2.7284e+02
20260918_11:00:00   5.9849e-01   1.2654e+02   1.2311e+01   0.0000e+00   5.2670e-04   2.7136e+02
20260918_12:00:00   6.0037e-01   1.2657e+02   1.2417e+01   0.0000e+00   7.4923e-03   2.7095e+02
20260918_13:00:00   5.9205e-01   1.2531e+02   1.2238e+01   0.0000e+00   1.0778e-03   2.7256e+02
20260918_14:00:00   5.6614e-01   1.2158e+02   1.1642e+01   0.0000e+00   1.6223e-03   2.7197e+02
20260918_15:00:00   5.1169e-01   1.1338e+02   1.0420e+01   0.0000e+00   1.6644e-03   2.6864e+02
20260918_16:00:00   4.8714e-01   1.0960e+02   9.7838e+00   0.0000e+00   5.1220e-06   2.6653e+02
20260918_17:00:00   4.6288e-01   1.0572e+02   9.1909e+00   0.0000e+00   4.9360e-05   2.6661e+02
20260918_18:00:00   4.3944e-01   1.0178e+02   8.7185e+00   0.0000e+00   9.1880e-05   2.6722e+02
20260918_19:00:00   4.1872e-01   9.8304e+01   8.2301e+00   0.0000e+00   4.0980e-05   2.6721e+02
20260918_20:00:00   4.4137e-01   1.0245e+02   8.5343e+00   0.0000e+00   2.3563e-04   2.6721e+02
20260918_21:00:00   4.9670e-01   1.1202e+02   9.3646e+00   0.0000e+00   3.6536e-05   2.6773e+02
20260918_22:00:00   5.3009e-01   1.1756e+02   9.8455e+00   1.4870e-04   2.2197e-06   2.6704e+02
20260918_23:00:00   5.4039e-01   1.1939e+02   9.9280e+00   6.4000e-05   0.0000e+00   2.6798e+02
20260919_00:00:00   5.4964e-01   1.2090e+02   1.0013e+01   3.8302e-04   0.0000e+00   2.6825e+02
20260919_01:00:00   5.1773e-01   1.1590e+02   9.3784e+00   1.1824e-03   0.0000e+00   2.6915e+02
20260919_02:00:00   5.2809e-01   1.1756e+02   9.4248e+00   3.1757e-03   0.0000e+00   2.6851e+02
20260919_03:00:00   4.8773e-01   1.1090e+02   8.9280e+00   1.4870e-04   0.0000e+00   2.6768e+02
20260919_04:00:00   4.6924e-01   1.0764e+02   8.7586e+00   2.5600e-05   0.0000e+00   2.6741e+02
20260919_05:00:00   4.8679e-01   1.1065e+02   8.9643e+00   0.0000e+00   0.0000e+00   2.6906e+02
20260919_06:00:00   4.6874e-01   1.0761e+02   8.6222e+00   0.0000e+00   0.0000e+00   2.7102e+02
20260919_07:00:00   4.4966e-01   1.0429e+02   8.3436e+00   0.0000e+00   0.0000e+00   2.7241e+02
20260919_08:00:00   4.0275e-01   9.5861e+01   7.6365e+00   0.0000e+00   0.0000e+00   2.7326e+02
20260919_09:00:00   3.9778e-01   9.4936e+01   7.5251e+00   0.0000e+00   0.0000e+00   2.7456e+02
20260919_10:00:00   3.9772e-01   9.4908e+01   7.4714e+00   0.0000e+00   0.0000e+00   2.7328e+02
20260919_11:00:00   3.9295e-01   9.3955e+01   7.3842e+00   0.0000e+00   0.0000e+00   2.7232e+02
20260919_12:00:00   3.9527e-01   9.4302e+01   7.4392e+00   0.0000e+00   0.0000e+00   2.7097e+02
20260919_13:00:00   3.9807e-01   9.4718e+01   7.5045e+00   0.0000e+00   0.0000e+00   2.7081e+02
20260919_14:00:00   4.1597e-01   9.7857e+01   7.8311e+00   0.0000e+00   0.0000e+00   2.7117e+02
20260919_15:00:00   4.2097e-01   9.8703e+01   7.9442e+00   0.0000e+00   0.0000e+00   2.7115e+02
20260919_16:00:00   4.0986e-01   9.6669e+01   7.7899e+00   0.0000e+00   0.0000e+00   2.7201e+02
20260919_17:00:00   3.9125e-01   9.3250e+01   7.5012e+00   0.0000e+00   0.0000e+00   2.7143e+02
20260919_18:00:00   3.9473e-01   9.3877e+01   7.5275e+00   0.0000e+00   0.0000e+00   2.7163e+02
20260919_19:00:00   4.5322e-01   1.0435e+02   8.4125e+00   0.0000e+00   0.0000e+00   2.7224e+02
20260919_20:00:00   5.6663e-01   1.2283e+02   1.0182e+01   2.0697e-03   0.0000e+00   2.7142e+02
20260919_21:00:00   7.3499e-01   1.4645e+02   1.1486e+01   4.1278e-02   1.7813e-04   2.7038e+02
20260919_22:00:00   7.6653e-01   1.5039e+02   1.1465e+01   5.5878e-02   4.2798e-04   2.6950e+02
20260919_23:00:00   5.5953e-01   1.2180e+02   1.0059e+01   3.2116e-03   1.2340e-05   2.6908e+02
20260920_00:00:00   4.8019e-01   1.0907e+02   8.8268e+00   0.0000e+00   0.0000e+00   2.6761e+02
20260920_01:00:00   4.1452e-01   9.7749e+01   7.6926e+00   0.0000e+00   0.0000e+00   2.6634e+02
20260920_02:00:00   3.5705e-01   8.7191e+01   6.6644e+00   0.0000e+00   0.0000e+00   2.6567e+02
20260920_03:00:00   3.2133e-01   8.0215e+01   6.0736e+00   0.0000e+00   0.0000e+00   2.6595e+02
20260920_04:00:00   2.9708e-01   7.5314e+01   5.6594e+00   0.0000e+00   0.0000e+00   2.6600e+02
20260920_05:00:00   3.0853e-01   7.7547e+01   5.8511e+00   0.0000e+00   0.0000e+00   2.6637e+02
20260920_06:00:00   3.1557e-01   7.8869e+01   5.9492e+00   0.0000e+00   0.0000e+00   2.6670e+02
20260920_07:00:00   3.0067e-01   7.5833e+01   5.6907e+00   0.0000e+00   0.0000e+00   2.6426e+02
20260920_08:00:00   2.7521e-01   7.0548e+01   5.2813e+00   0.0000e+00   0.0000e+00   2.6688e+02
20260920_09:00:00   2.5080e-01   6.5342e+01   4.8854e+00   0.0000e+00   0.0000e+00   2.6989e+02
20260920_10:00:00   2.3910e-01   6.2756e+01   4.7094e+00   0.0000e+00   0.0000e+00   2.6739e+02
20260920_11:00:00   2.4333e-01   6.3571e+01   4.8157e+00   0.0000e+00   0.0000e+00   2.6797e+02
20260920_12:00:00   2.5894e-01   6.6803e+01   5.1044e+00   0.0000e+00   0.0000e+00   2.6798e+02
20260920_15:00:00   2.4552e-01   6.3907e+01   4.8518e+00   0.0000e+00   0.0000e+00   2.6465e+02
20260920_18:00:00   2.5205e-01   6.5272e+01   4.9902e+00   0.0000e+00   0.0000e+00   2.5997e+02
20260920_21:00:00   3.7644e-01   9.0083e+01   7.2768e+00   0.0000e+00   0.0000e+00   2.5771e+02
20260921_00:00:00   4.0310e-01   9.5081e+01   7.7556e+00   0.0000e+00   2.4680e-05   2.5901e+02
20260921_03:00:00   3.9812e-01   9.3978e+01   7.8071e+00   0.0000e+00   3.1414e-03   2.5919e+02
20260921_06:00:00   3.8637e-01   9.1645e+01   7.6760e+00   0.0000e+00   5.4126e-03   2.6207e+02
20260921_09:00:00   3.8294e-01   9.0662e+01   7.7204e+00   0.0000e+00   9.3151e-03   2.6486e+02
20260921_12:00:00   4.5652e-01   1.0365e+02   9.0420e+00   0.0000e+00   3.2490e-03   2.6788e+02
20260921_15:00:00   5.0796e-01   1.1246e+02   9.2873e+00   8.7912e-03   3.6828e-05   2.7155e+02
20260921_18:00:00   4.5008e-01   1.0304e+02   8.5353e+00   0.0000e+00   0.0000e+00   2.6957e+02
20260921_21:00:00   6.6174e-01   1.3604e+02   1.0843e+01   3.1048e-02   1.9318e-04   2.7111e+02
20260922_00:00:00   5.6247e-01   1.2160e+02   1.0213e+01   8.8400e-03   1.7020e-05   2.7207e+02
20260922_03:00:00   5.2800e-01   1.1633e+02   9.9112e+00   3.2360e-04   0.0000e+00   2.7280e+02
20260922_06:00:00   5.5882e-01   1.2114e+02   1.0057e+01   5.6061e-03   0.0000e+00   2.7351e+02
20260922_09:00:00   5.7167e-01   1.2294e+02   9.7384e+00   1.7464e-02   0.0000e+00   2.7338e+02
20260922_12:00:00   5.0725e-01   1.1269e+02   8.9849e+00   8.7460e-03   3.7180e-06   2.7399e+02
20260922_15:00:00   3.4383e-01   8.3559e+01   6.7869e+00   0.0000e+00   0.0000e+00   2.7551e+02
20260922_18:00:00   3.9276e-01   9.2775e+01   7.6283e+00   1.4546e-05   8.2108e-04   2.7278e+02
20260922_21:00:00   6.9447e-01   1.4013e+02   1.1750e+01   2.9065e-02   4.0946e-02   2.6928e+02
20260923_00:00:00   9.9198e-01   1.7439e+02   1.3536e+01   1.2167e-01   5.8228e-02   2.6518e+02
20260923_03:00:00   1.8274e+00   2.3164e+02   1.4411e+01   4.3680e-01   6.7649e-02   2.6551e+02
20260923_06:00:00   6.1168e-01   1.2898e+02   1.1605e+01   0.0000e+00   5.4594e-05   2.6367e+02
20260923_09:00:00   6.0327e-01   1.2783e+02   1.1283e+01   0.0000e+00   7.1800e-04   2.6195e+02
20260923_12:00:00   5.3000e-01   1.1655e+02   1.0044e+01   0.0000e+00   2.4675e-03   2.6141e+02
20260923_15:00:00   5.1405e-01   1.1413e+02   9.8678e+00   0.0000e+00   2.3372e-03   2.6173e+02
20260923_18:00:00   5.6873e-01   1.2289e+02   1.0808e+01   0.0000e+00   2.4280e-04   2.6039e+02
20260923_21:00:00   6.4168e-01   1.3387e+02   1.1860e+01   1.2754e-03   0.0000e+00   2.6319e+02
20260924_00:00:00   6.5349e-01   1.3565e+02   1.2343e+01   1.1246e-05   0.0000e+00   2.6539e+02
20260924_03:00:00   7.9520e-01   1.5431e+02   1.3193e+01   3.2383e-02   0.0000e+00   2.6585e+02
20260924_06:00:00   6.4986e-01   1.3509e+02   1.2409e+01   0.0000e+00   0.0000e+00   2.6438e+02
20260924_09:00:00   5.9410e-01   1.2685e+02   1.1544e+01   0.0000e+00   0.0000e+00   2.6459e+02
20260924_12:00:00   5.8452e-01   1.2540e+02   1.1414e+01   0.0000e+00   0.0000e+00   2.6352e+02
20260924_15:00:00   6.0881e-01   1.2913e+02   1.1613e+01   0.0000e+00   0.0000e+00   2.6421e+02
20260924_18:00:00   6.2015e-01   1.3087e+02   1.1743e+01   5.6040e-04   0.0000e+00   2.6770e+02
20260924_21:00:00   6.3167e-01   1.3254e+02   1.2016e+01   1.4916e-03   0.0000e+00   2.6212e+02
20260925_00:00:00   6.2943e-01   1.3237e+02   1.2062e+01   8.6220e-05   0.0000e+00   2.6306e+02
20260925_03:00:00   5.7620e-01   1.2452e+02   1.1224e+01   0.0000e+00   0.0000e+00   2.6029e+02
20260925_06:00:00   5.9816e-01   1.2740e+02   1.1816e+01   0.0000e+00   0.0000e+00   2.6060e+02
20260925_09:00:00   5.7727e-01   1.2404e+02   1.1685e+01   0.0000e+00   1.3265e-04   2.6075e+02
20260925_12:00:00   6.2654e-01   1.3152e+02   1.2361e+01   0.0000e+00   0.0000e+00   2.5995e+02
20260925_15:00:00   6.0249e-01   1.2813e+02   1.1894e+01   0.0000e+00   0.0000e+00   2.6100e+02
20260925_18:00:00   5.6459e-01   1.2251e+02   1.1258e+01   0.0000e+00   0.0000e+00   2.6055e+02
20260925_21:00:00   5.8531e-01   1.2592e+02   1.1475e+01   0.0000e+00   0.0000e+00   2.5976e+02
20260926_00:00:00   5.6931e-01   1.2376e+02   1.1113e+01   0.0000e+00   0.0000e+00   2.5868e+02
20260926_03:00:00   5.5264e-01   1.2097e+02   1.0974e+01   0.0000e+00   0.0000e+00   2.6170e+02
20260926_06:00:00   5.3182e-01   1.1783e+02   1.0443e+01   0.0000e+00   0.0000e+00   2.6363e+02
20260926_09:00:00   5.3750e-01   1.1880e+02   1.0347e+01   0.0000e+00   0.0000e+00   2.6499e+02
20260926_12:00:00   5.2256e-01   1.1639e+02   1.0003e+01   0.0000e+00   0.0000e+00   2.6343e+02
20260926_15:00:00   5.1709e-01   1.1547e+02   9.8844e+00   0.0000e+00   0.0000e+00   2.6496e+02
20260926_18:00:00   5.4350e-01   1.1985e+02   1.0189e+01   0.0000e+00   0.0000e+00   2.6343e+02
20260926_21:00:00   6.8363e-01   1.4058e+02   1.1891e+01   1.7886e-02   3.1933e-05   2.6277e+02
20260927_00:00:00   1.8918e+00   2.3568e+02   1.4849e+01   4.5496e-01   3.9854e-02   2.6477e+02
20260927_03:00:00   6.6399e-01   1.3732e+02   1.3056e+01   1.0372e-03   7.6102e-03   2.6605e+02
20260927_06:00:00   6.8275e-01   1.4003e+02   1.2887e+01   4.8217e-03   1.2420e-03   2.6719e+02
20260927_09:00:00   1.5050e+00   2.1569e+02   1.4433e+01   3.0633e-01   7.1227e-03   2.6782e+02
20260927_12:00:00   8.7192e-01   1.6329e+02   1.3923e+01   5.3351e-02   1.9454e-03   2.6780e+02
20260927_15:00:00   7.1694e-01   1.4421e+02   1.3752e+01   6.0140e-04   1.0682e-05   2.6801e+02
20260927_18:00:00   1.1130e+00   1.8695e+02   1.4851e+01   1.3739e-01   3.2861e-03   2.6724e+02
20260927_21:00:00   1.0967e+00   1.8592e+02   1.5221e+01   1.2032e-01   1.6033e-02   2.6457e+02
20260928_00:00:00   1.1801e+00   1.9318e+02   1.6014e+01   1.4079e-01   1.0511e-01   2.6611e+02
20260928_03:00:00   1.5467e+00   2.1800e+02   1.6148e+01   2.9042e-01   6.3990e-02   2.6779e+02
20260928_06:00:00   6.7728e-01   1.3902e+02   1.3014e+01   1.0244e-05   4.0480e-05   2.6835e+02
20260928_09:00:00   6.6594e-01   1.3728e+02   1.2728e+01   9.7580e-05   3.7180e-06   2.6718e+02
20260928_12:00:00   5.9061e-01   1.2625e+02   1.1474e+01   9.2940e-06   0.0000e+00   2.6653e+02
20260928_15:00:00   5.8912e-01   1.2605e+02   1.1289e+01   1.0504e-03   0.0000e+00   2.6826e+02
20260928_18:00:00   5.6775e-01   1.2270e+02   1.1109e+01   0.0000e+00   0.0000e+00   2.6714e+02
20260928_21:00:00   1.7431e+00   2.2845e+02   1.4964e+01   3.9607e-01   8.9757e-03   2.6645e+02
20260929_00:00:00   1.4748e+00   2.1363e+02   1.4033e+01   3.1037e-01   7.6735e-03   2.6727e+02
20260929_03:00:00   5.5329e-01   1.2042e+02   1.1105e+01   0.0000e+00   0.0000e+00   2.6965e+02
20260929_06:00:00   6.0973e-01   1.2913e+02   1.1769e+01   3.5780e-04   2.6500e-06   2.6903e+02
20260929_09:00:00   5.8439e-01   1.2534e+02   1.1118e+01   0.0000e+00   0.0000e+00   2.6892e+02
20260929_12:00:00   5.0684e-01   1.1327e+02   9.6105e+00   0.0000e+00   0.0000e+00   2.6782e+02
20260929_15:00:00   4.5322e-01   1.0435e+02   8.6477e+00   0.0000e+00   0.0000e+00   2.6947e+02
20260929_18:00:00   4.4385e-01   1.0286e+02   8.4160e+00   0.0000e+00   0.0000e+00   2.6801e+02
20260929_21:00:00   6.0595e-01   1.2892e+02   1.1150e+01   4.2139e-03   1.4888e-04   2.6745e+02
20260930_00:00:00   7.8695e-01   1.5302e+02   1.1485e+01   7.4182e-02   7.8560e-04   2.6593e+02
20260930_03:00:00   5.4126e-01   1.1915e+02   1.0378e+01   2.3180e-04   1.6912e-04   2.6340e+02
20260930_06:00:00   5.6174e-01   1.2221e+02   1.0713e+01   1.5056e-03   3.0579e-04   2.6286e+02
20260930_09:00:00   6.2358e-01   1.3105e+02   1.2164e+01   0.0000e+00   0.0000e+00   2.6298e+02
20260930_12:00:00   5.7040e-01   1.2309e+02   1.1283e+01   0.0000e+00   4.0980e-06   2.6272e+02
20260930_15:00:00   5.6307e-01   1.2227e+02   1.0761e+01   0.0000e+00   0.0000e+00   2.6472e+02
20260930_18:00:00   5.5830e-01   1.2161e+02   1.0681e+01   0.0000e+00   5.6540e-04   2.6214e+02
20260930_21:00:00   6.5997e-01   1.3650e+02   1.1844e+01   1.7186e-02   6.5216e-03   2.6162e+02
20261001_00:00:00   5.9547e-01   1.2728e+02   1.1404e+01   4.1282e-03   1.1017e-02   2.6296e+02
20261001_03:00:00   1.2937e+00   2.0124e+02   1.5109e+01   2.0866e-01   5.5501e-02   2.6357e+02
20261001_06:00:00   7.5590e-01   1.4903e+02   1.3265e+01   2.7342e-02   8.8803e-03   2.6603e+02
20261001_09:00:00   6.9447e-01   1.4058e+02   1.3736e+01   0.0000e+00   1.8847e-02   2.6576e+02
20261001_12:00:00   6.1467e-01   1.2938e+02   1.2328e+01   0.0000e+00   1.6833e-02   2.6511e+02
