#            date       tau255        Tb[K]      pwv[mm] lwp[kg*m^-2] iwp[kg*m^-2]       o3[DU]
20261009_18:00:00   4.2086e-01   9.8090e+01   7.8377e+00   1.7072e-06   0.0000e+00   2.6729e+02
20261009_19:00:00   4.5010e-01   1.0321e+02   8.3129e+00   0.0000e+00   0.0000e+00   2.6643e+02
20261009_20:00:00   4.6866e-01   1.0643e+02   8.5783e+00   1.3940e-04   3.7180e-06   2.6637e+02
20261009_21:00:00   6.3448e-01   1.3211e+02   9.5703e+00   4.1950e-02   3.2771e-04   2.6638e+02
20261009_22:00:00   1.1489e+00   1.8920e+02   1.0754e+01   2.2841e-01   3.5582e-03   2.6697e+02
20261009_23:00:00   1.4378e+00   2.1022e+02   1.1991e+01   3.2531e-01   2.0444e-02   2.6923e+02
20261010_00:00:00   9.3385e-01   1.6820e+02   1.1422e+01   1.3393e-01   2.5577e-02   2.7039e+02
20261010_01:00:00   6.3524e-01   1.3193e+02   1.0919e+01   1.6617e-02   7.0473e-03   2.7010e+02
20261010_02:00:00   5.4624e-01   1.1866e+02   1.0312e+01   6.0066e-04   3.4640e-03   2.6953e+02
20261010_03:00:00   7.1266e-01   1.4209e+02   1.1443e+01   4.3389e-02   8.7879e-03   2.6819e+02
20261010_04:00:00   1.2763e+00   1.9838e+02   1.2237e+01   2.5729e-01   4.5582e-02   2.6809e+02
20261010_05:00:00   1.6141e+00   2.2029e+02   1.2690e+01   3.8064e-01   1.0825e-01   2.6875e+02
20261010_06:00:00   2.3913e+00   2.4953e+02   1.3132e+01   6.9556e-01   1.6646e-01   2.6678e+02
20261010_07:00:00   1.7038e+00   2.2478e+02   1.3548e+01   4.0283e-01   1.1265e-01   2.6572e+02
20261010_08:00:00   1.2325e+00   1.9566e+02   1.2973e+01   2.1812e-01   1.2478e-02   2.6542e+02
20261010_09:00:00   9.1502e-01   1.6587e+02   1.2759e+01   9.2501e-02   2.9121e-02   2.6625e+02
20261010_10:00:00   8.3224e-01   1.5628e+02   1.3315e+01   4.8661e-02   1.1447e-01   2.6578e+02
20261010_11:00:00   1.6139e+00   2.1967e+02   1.3479e+01   3.7133e-01   1.2585e-01   2.6423e+02
20261010_12:00:00   8.1698e-01   1.5492e+02   1.2265e+01   6.3901e-02   5.9381e-03   2.6298e+02
20261010_13:00:00   7.4402e-01   1.4575e+02   1.2134e+01   3.8966e-02   8.3514e-03   2.6295e+02
20261010_14:00:00   6.4768e-01   1.3308e+02   1.0931e+01   2.8097e-02   9.9300e-03   2.6330e+02
20261010_15:00:00   5.6080e-01   1.2029e+02   1.0741e+01   6.3562e-04   1.9287e-04   2.6322e+02
20261010_16:00:00   5.6399e-01   1.2034e+02   1.1119e+01   7.4400e-04   4.0111e-03   2.6281e+02
20261010_17:00:00   5.2871e-01   1.1489e+02   1.0602e+01   0.0000e+00   6.2494e-03   2.6431e+02
20261010_18:00:00   5.3756e-01   1.1637e+02   1.0662e+01   2.7320e-05   1.1842e-02   2.6428e+02
20261010_19:00:00   5.4635e-01   1.1752e+02   1.0975e+01   0.0000e+00   1.0189e-01   2.6582e+02
20261010_20:00:00   5.8299e-01   1.2243e+02   1.2127e+01   0.0000e+00   5.9616e-02   2.6794e+02
20261010_21:00:00   6.1678e-01   1.2728e+02   1.2763e+01   0.0000e+00   7.3397e-02   2.6764e+02
20261010_22:00:00   6.7814e-01   1.3591e+02   1.3876e+01   6.7580e-04   8.2292e-02   2.6719e+02
20261010_23:00:00   1.1601e+00   1.8853e+02   1.5787e+01   1.5054e-01   2.0462e-01   2.6749e+02
20261011_00:00:00   1.4374e+00   2.0973e+02   1.6937e+01   2.2536e-01   3.2764e-01   2.6814e+02
20261011_01:00:00   2.5202e+00   2.5270e+02   1.6540e+01   6.9325e-01   8.0785e-02   2.6807e+02
20261011_02:00:00   1.7868e+00   2.2907e+02   1.6650e+01   3.8062e-01   1.1305e-01   2.6842e+02
20261011_03:00:00   8.1588e-01   1.5445e+02   1.5206e+01   1.5492e-02   4.7868e-02   2.6897e+02
20261011_04:00:00   7.9487e-01   1.5183e+02   1.4692e+01   2.0720e-02   3.1524e-02   2.7000e+02
20261011_05:00:00   6.4079e-01   1.3199e+02   1.2684e+01   0.0000e+00   5.5479e-04   2.6932e+02
20261011_06:00:00   5.5075e-01   1.1842e+02   1.1226e+01   0.0000e+00   3.1135e-04   2.6677e+02
20261011_07:00:00   4.7011e-01   1.0546e+02   9.7369e+00   0.0000e+00   0.0000e+00   2.6464e+02
20261011_08:00:00   5.1836e-01   1.1347e+02   1.0502e+01   0.0000e+00   8.5360e-07   2.6543e+02
20261011_09:00:00   5.1561e-01   1.1316e+02   1.0364e+01   0.0000e+00   0.0000e+00   2.6627e+02
20261011_10:00:00   4.8878e-01   1.0908e+02   9.6338e+00   0.0000e+00   0.0000e+00   2.6560e+02
20261011_11:00:00   4.4018e-01   1.0062e+02   8.9339e+00   0.0000e+00   0.0000e+00   2.6514e+02
20261011_12:00:00   5.3273e-01   1.1573e+02   1.0707e+01   0.0000e+00   2.8740e-06   2.6493e+02
20261011_13:00:00   5.4930e-01   1.1850e+02   1.0918e+01   0.0000e+00   0.0000e+00   2.6429e+02
20261011_14:00:00   4.8058e-01   1.0784e+02   9.3953e+00   0.0000e+00   0.0000e+00   2.6556e+02
20261011_15:00:00   4.1407e-01   9.6561e+01   8.0376e+00   0.0000e+00   0.0000e+00   2.6646e+02
20261011_16:00:00   3.4645e-01   8.4122e+01   6.7928e+00   0.0000e+00   0.0000e+00   2.6640e+02
20261011_17:00:00   3.6845e-01   8.8146e+01   7.1207e+00   2.4330e-03   0.0000e+00   2.6445e+02
20261011_18:00:00   5.2885e-01   1.1571e+02   9.5614e+00   5.2180e-03   0.0000e+00   2.6308e+02
20261011_19:00:00   6.2049e-01   1.2973e+02   1.0450e+01   1.9902e-02   0.0000e+00   2.6260e+02
20261011_20:00:00   6.3757e-01   1.3222e+02   1.0747e+01   2.0107e-02   0.0000e+00   2.6195e+02
20261011_21:00:00   6.7208e-01   1.3724e+02   1.0404e+01   4.1207e-02   2.8740e-06   2.6177e+02
20261011_22:00:00   1.0678e+00   1.8276e+02   1.0936e+01   1.8588e-01   1.2118e-05   2.6135e+02
20261011_23:00:00   1.2613e+00   1.9891e+02   1.1990e+01   2.4406e-01   1.0987e-05   2.5915e+02
20261012_00:00:00   8.4597e-01   1.5894e+02   1.1884e+01   7.8680e-02   6.2880e-06   2.5842e+02
20261012_01:00:00   6.0511e-01   1.2729e+02   1.0974e+01   1.3622e-03   0.0000e+00   2.6022e+02
20261012_02:00:00   4.3791e-01   1.0083e+02   8.0086e+00   0.0000e+00   0.0000e+00   2.6038e+02
20261012_03:00:00   2.7502e-01   7.0124e+01   5.1159e+00   0.0000e+00   0.0000e+00   2.5987e+02
20261012_04:00:00   2.3246e-01   6.1118e+01   4.3875e+00   0.0000e+00   0.0000e+00   2.5901e+02
20261012_05:00:00   2.1935e-01   5.8196e+01   4.2001e+00   0.0000e+00   0.0000e+00   2.5783e+02
20261012_06:00:00   2.2681e-01   5.9785e+01   4.3204e+00   6.3270e-05   0.0000e+00   2.5618e+02
20261012_07:00:00   2.2113e-01   5.8523e+01   4.2454e+00   0.0000e+00   0.0000e+00   2.5569e+02
20261012_08:00:00   2.2221e-01   5.8694e+01   4.2988e+00   0.0000e+00   0.0000e+00   2.5514e+02
20261012_09:00:00   2.3596e-01   6.1546e+01   4.5721e+00   2.1670e-05   0.0000e+00   2.5401e+02
20261012_10:00:00   2.5000e-01   6.4428e+01   4.8202e+00   7.3350e-05   0.0000e+00   2.5367e+02
20261012_11:00:00   2.5664e-01   6.5719e+01   5.0178e+00   4.3240e-06   0.0000e+00   2.5317e+02
20261012_12:00:00   2.6255e-01   6.6870e+01   5.1943e+00   0.0000e+00   0.0000e+00   2.5403e+02
20261012_13:00:00   2.8394e-01   7.1220e+01   5.5726e+00   1.2090e-06   0.0000e+00   2.5543e+02
20261012_14:00:00   3.0445e-01   7.5321e+01   5.8964e+00   4.7214e-05   0.0000e+00   2.5595e+02
20261012_15:00:00   3.1901e-01   7.8209e+01   5.9508e+00   4.2894e-03   0.0000e+00   2.5490e+02
20261012_16:00:00   3.3597e-01   8.1556e+01   6.1450e+00   5.7550e-03   0.0000e+00   2.5461e+02
20261012_17:00:00   3.4045e-01   8.2469e+01   6.2953e+00   3.6510e-03   0.0000e+00   2.5427e+02
20261012_18:00:00   5.1008e-01   1.1262e+02   6.8342e+00   5.6889e-02   0.0000e+00   2.5450e+02
20261012_19:00:00   4.9834e-01   1.1073e+02   7.1016e+00   4.5290e-02   0.0000e+00   2.5518e+02
20261012_20:00:00   1.3803e+00   2.0731e+02   8.1276e+00   3.7628e-01   1.4870e-05   2.5595e+02
20261012_21:00:00   7.2748e-01   1.4448e+02   7.5774e+00   1.2454e-01   5.8720e-06   2.5549e+02
20261012_22:00:00   1.1806e+00   1.9225e+02   8.2739e+00   2.9151e-01   2.8740e-06   2.5495e+02
20261012_23:00:00   8.0515e-01   1.5404e+02   8.0065e+00   1.4652e-01   1.9048e-05   2.5502e+02
20261013_00:00:00   7.2264e-01   1.4377e+02   7.4565e+00   1.2626e-01   3.0016e-05   2.5469e+02
20261013_01:00:00   7.5556e-01   1.4799e+02   7.3779e+00   1.4098e-01   3.4720e-05   2.5394e+02
20261013_02:00:00   7.7225e-01   1.5016e+02   7.3483e+00   1.4742e-01   1.4621e-06   2.5229e+02
20261013_03:00:00   5.3978e-01   1.1745e+02   6.6060e+00   7.1033e-02   3.7790e-06   2.5060e+02
20261013_04:00:00   6.2802e-01   1.3076e+02   6.6097e+00   1.0660e-01   1.4618e-06   2.5030e+02
20261013_05:00:00   3.2318e-01   7.9333e+01   5.9382e+00   4.3340e-04   0.0000e+00   2.5078e+02
20261013_06:00:00   3.7652e-01   8.9519e+01   5.9298e+00   2.1840e-02   0.0000e+00   2.5153e+02
20261013_07:00:00   7.1804e-01   1.4333e+02   6.5860e+00   1.4172e-01   0.0000e+00   2.5262e+02
20261013_08:00:00   3.3286e-01   8.1244e+01   5.9985e+00   9.3200e-04   0.0000e+00   2.5332e+02
20261013_09:00:00   2.7515e-01   6.9813e+01   5.1071e+00   0.0000e+00   0.0000e+00   2.5268e+02
20261013_10:00:00   2.5392e-01   6.5387e+01   4.7837e+00   0.0000e+00   0.0000e+00   2.5201e+02
20261013_11:00:00   2.4212e-01   6.2843e+01   4.6259e+00   0.0000e+00   0.0000e+00   2.5277e+02
20261013_12:00:00   2.4227e-01   6.2846e+01   4.6391e+00   0.0000e+00   0.0000e+00   2.5305e+02
20261013_13:00:00   2.4562e-01   6.3505e+01   4.6627e+00   0.0000e+00   0.0000e+00   2.5387e+02
20261013_14:00:00   2.4473e-01   6.3331e+01   4.6369e+00   0.0000e+00   0.0000e+00   2.5376e+02
20261013_15:00:00   2.3743e-01   6.1792e+01   4.5593e+00   0.0000e+00   0.0000e+00   2.5171e+02
20261013_16:00:00   2.5491e-01   6.5536e+01   4.8999e+00   0.0000e+00   0.0000e+00   2.5033e+02
20261013_17:00:00   2.7495e-01   6.9728e+01   5.1415e+00   1.7660e-03   0.0000e+00   2.4984e+02
20261013_18:00:00   3.4452e-01   8.3620e+01   5.2071e+00   2.6361e-02   0.0000e+00   2.5146e+02
20261013_19:00:00   8.1256e-01   1.5537e+02   5.9968e+00   1.9295e-01   8.9690e-07   2.5399e+02
20261013_20:00:00   9.1225e-01   1.6692e+02   6.1728e+00   2.2690e-01   0.0000e+00   2.5634e+02
20261013_21:00:00   3.9677e-01   9.3461e+01   5.7205e+00   2.9830e-02   0.0000e+00   2.5373e+02
20261013_22:00:00   3.1278e-01   7.7596e+01   5.3564e+00   2.4354e-03   0.0000e+00   2.5271e+02
20261013_23:00:00   6.2511e-01   1.3080e+02   5.5646e+00   1.2049e-01   3.8050e-06   2.5170e+02
20261014_00:00:00   9.8338e-01   1.7461e+02   5.6926e+00   2.6256e-01   0.0000e+00   2.5195e+02
20261014_01:00:00   2.4293e-01   6.3336e+01   4.3385e+00   1.8125e-04   0.0000e+00   2.5252e+02
20261014_02:00:00   1.5192e-01   4.3150e+01   2.8091e+00   0.0000e+00   0.0000e+00   2.5496e+02
20261014_03:00:00   1.3139e-01   3.8282e+01   2.4464e+00   0.0000e+00   0.0000e+00   2.5634e+02
20261014_04:00:00   1.1085e-01   3.3256e+01   2.1142e+00   0.0000e+00   0.0000e+00   2.5448e+02
20261014_05:00:00   9.6975e-02   2.9756e+01   1.8921e+00   0.0000e+00   0.0000e+00   2.5409e+02
20261014_06:00:00   8.7929e-02   2.7438e+01   1.7296e+00   0.0000e+00   0.0000e+00   2.5417e+02
20261014_07:00:00   8.0179e-02   2.5452e+01   1.5724e+00   0.0000e+00   0.0000e+00   2.5477e+02
20261014_08:00:00   7.9088e-02   2.5155e+01   1.5526e+00   0.0000e+00   0.0000e+00   2.5418e+02
20261014_09:00:00   7.7903e-02   2.4848e+01   1.5253e+00   0.0000e+00   0.0000e+00   2.5633e+02
20261014_10:00:00   7.4242e-02   2.3886e+01   1.4555e+00   0.0000e+00   0.0000e+00   2.5528e+02
20261014_11:00:00   7.7546e-02   2.4680e+01   1.5393e+00   0.0000e+00   0.0000e+00   2.5618e+02
20261014_12:00:00   8.1766e-02   2.5679e+01   1.6616e+00   0.0000e+00   0.0000e+00   2.5989e+02
20261014_13:00:00   8.7766e-02   2.7105e+01   1.8284e+00   0.0000e+00   0.0000e+00   2.6142e+02
20261014_14:00:00   9.6033e-02   2.9056e+01   2.0505e+00   0.0000e+00   0.0000e+00   2.5945e+02
20261014_15:00:00   1.0599e-01   3.1436e+01   2.3019e+00   0.0000e+00   0.0000e+00   2.5822e+02
20261014_16:00:00   1.1090e-01   3.2627e+01   2.4175e+00   0.0000e+00   0.0000e+00   2.5860e+02
20261014_17:00:00   1.1169e-01   3.2844e+01   2.4279e+00   0.0000e+00   0.0000e+00   2.5936e+02
20261014_18:00:00   1.1114e-01   3.2736e+01   2.4097e+00   0.0000e+00   0.0000e+00   2.5978e+02
20261014_21:00:00   1.4453e-01   4.0956e+01   3.0025e+00   0.0000e+00   0.0000e+00   2.5995e+02
20261015_00:00:00   1.2517e-01   3.6505e+01   2.5533e+00   0.0000e+00   0.0000e+00   2.6306e+02
20261015_03:00:00   8.2589e-02   2.6013e+01   1.6640e+00   0.0000e+00   0.0000e+00   2.6388e+02
20261015_06:00:00   7.7867e-02   2.4770e+01   1.5696e+00   0.0000e+00   0.0000e+00   2.6132e+02
20261015_09:00:00   8.1963e-02   2.5667e+01   1.7035e+00   0.0000e+00   0.0000e+00   2.5932e+02
20261015_12:00:00   8.9958e-02   2.7497e+01   1.9262e+00   0.0000e+00   0.0000e+00   2.5820e+02
20261015_15:00:00   9.4861e-02   2.8648e+01   2.0501e+00   0.0000e+00   0.0000e+00   2.5893e+02
20261015_18:00:00   1.0138e-01   3.0184e+01   2.2071e+00   0.0000e+00   0.0000e+00   2.6178e+02
20261015_21:00:00   1.2948e-01   3.7225e+01   2.7528e+00   0.0000e+00   0.0000e+00   2.6546e+02
20261016_00:00:00   1.3194e-01   3.8041e+01   2.7445e+00   0.0000e+00   0.0000e+00   2.6638e+02
20261016_03:00:00   1.0768e-01   3.2131e+01   2.2291e+00   0.0000e+00   0.0000e+00   2.6569e+02
20261016_06:00:00   1.0622e-01   3.1797e+01   2.1706e+00   0.0000e+00   0.0000e+00   2.6700e+02
20261016_09:00:00   9.7683e-02   2.9753e+01   1.9566e+00   0.0000e+00   0.0000e+00   2.6565e+02
20261016_12:00:00   8.7337e-02   2.7146e+01   1.7332e+00   0.0000e+00   0.0000e+00   2.6561e+02
20261016_15:00:00   1.8508e-01   4.9747e+01   3.9295e+00   0.0000e+00   0.0000e+00   2.6617e+02
20261016_18:00:00   3.7146e-01   8.8066e+01   7.4864e+00   0.0000e+00   0.0000e+00   2.6795e+02
20261016_21:00:00   3.7830e-01   8.9576e+01   7.5445e+00   0.0000e+00   4.2943e-05   2.6822e+02
20261017_00:00:00   4.3595e-01   9.9265e+01   8.8438e+00   0.0000e+00   1.0062e-04   2.6557e+02
20261017_03:00:00   4.6998e-01   1.0477e+02   9.6136e+00   0.0000e+00   4.2021e-04   2.6498e+02
20261017_06:00:00   4.5467e-01   1.0239e+02   9.2375e+00   0.0000e+00   0.0000e+00   2.6480e+02
20261017_09:00:00   4.2762e-01   9.8042e+01   8.5388e+00   0.0000e+00   9.6703e-04   2.6521e+02
20261017_12:00:00   5.1504e-01   1.1206e+02   1.0113e+01   6.7910e-03   3.3956e-02   2.6819e+02
20261017_15:00:00   5.1909e-01   1.1279e+02   1.0263e+01   1.0068e-03   7.0262e-03   2.6812e+02
20261017_18:00:00   4.7311e-01   1.0543e+02   9.4364e+00   1.3946e-03   3.9988e-03   2.7076e+02
20261017_21:00:00   5.6216e-01   1.1967e+02   1.1001e+01   7.5726e-04   8.7084e-03   2.6930e+02
20261018_00:00:00   9.3980e-01   1.6814e+02   1.3070e+01   9.9812e-02   1.0298e-02   2.7000e+02
20261018_03:00:00   8.5775e-01   1.5913e+02   1.3735e+01   4.5503e-02   2.3626e-01   2.7136e+02
20261018_06:00:00   6.1298e-01   1.2814e+02   1.1340e+01   5.5920e-05   1.2504e-03   2.7326e+02
20261018_09:00:00   5.7147e-01   1.2213e+02   1.0502e+01   6.5640e-06   0.0000e+00   2.7516e+02
20261018_12:00:00   5.5125e-01   1.1872e+02   1.0330e+01   0.0000e+00   4.9278e-04   2.7494e+02
20261018_15:00:00   5.6177e-01   1.1996e+02   1.0611e+01   0.0000e+00   7.5378e-05   2.7517e+02
20261018_18:00:00   5.9640e-01   1.2470e+02   1.1450e+01   0.0000e+00   1.9688e-02   2.7706e+02
20261018_21:00:00   6.4329e-01   1.3095e+02   1.2421e+01   7.1840e-06   6.7002e-02   2.7930e+02
20261019_00:00:00   6.7439e-01   1.3493e+02   1.2730e+01   0.0000e+00   2.5404e-01   2.8110e+02
20261019_03:00:00   6.2795e-01   1.2836e+02   1.1820e+01   0.0000e+00   1.3615e-01   2.8195e+02
20261019_06:00:00   6.6846e-01   1.3353e+02   1.2273e+01   4.7680e-06   5.6356e-01   2.8032e+02
20261019_09:00:00   5.8653e-01   1.2216e+02   1.1129e+01   0.0000e+00   1.7418e-02   2.7955e+02
20261019_12:00:00   6.4158e-01   1.3017e+02   1.1587e+01   8.0734e-03   1.2890e-02   2.7690e+02
20261019_15:00:00   1.0494e+00   1.7759e+02   1.2268e+01   1.6031e-01   1.9065e-01   2.7708e+02
20261019_18:00:00   7.1523e-01   1.4019e+02   1.1588e+01   3.7659e-02   2.7897e-03   2.7662e+02
20261019_21:00:00   5.9186e-01   1.2372e+02   1.0265e+01   1.5611e-02   0.0000e+00   2.7750e+02
20261020_00:00:00   9.4550e-01   1.6739e+02   1.1000e+01   1.5228e-01   3.0940e-02   2.7508e+02
20261020_03:00:00   2.0308e+00   2.3618e+02   1.2010e+01   5.8109e-01   4.4025e-01   2.7890e+02
20261020_06:00:00   4.8173e-01   1.0550e+02   8.5026e+00   1.5775e-02   1.8940e-03   2.8477e+02
20261020_09:00:00   3.2167e-01   7.7339e+01   6.2548e+00   0.0000e+00   0.0000e+00   2.8984e+02
20261020_12:00:00   2.7452e-01   6.8612e+01   5.2428e+00   0.0000e+00   0.0000e+00   2.8709e+02
20261020_15:00:00   2.2735e-01   5.8583e+01   4.5546e+00   0.0000e+00   8.0758e-04   2.9022e+02
20261020_18:00:00   1.8760e-01   5.0072e+01   3.8200e+00   0.0000e+00   0.0000e+00   2.9322e+02
20261020_21:00:00   2.2395e-01   5.8279e+01   4.3334e+00   3.5330e-06   0.0000e+00   2.9075e+02
20261021_00:00:00   1.9875e-01   5.2699e+01   4.0290e+00   0.0000e+00   0.0000e+00   2.8710e+02
20261021_03:00:00   1.5370e-01   4.2622e+01   3.2133e+00   0.0000e+00   0.0000e+00   2.8470e+02
20261021_06:00:00   1.2302e-01   3.5658e+01   2.5268e+00   0.0000e+00   0.0000e+00   2.8444e+02
20261021_09:00:00   1.1303e-01   3.3365e+01   2.2947e+00   0.0000e+00   0.0000e+00   2.8206e+02
20261021_12:00:00   9.4489e-02   2.8957e+01   1.8668e+00   0.0000e+00   0.0000e+00   2.7798e+02
20261021_15:00:00   8.2434e-02   2.5939e+01   1.6163e+00   0.0000e+00   0.0000e+00   2.7364e+02
20261021_18:00:00   7.9383e-02   2.5121e+01   1.5808e+00   0.0000e+00   0.0000e+00   2.7218e+02
20261021_21:00:00   8.2680e-02   2.5894e+01   1.6925e+00   0.0000e+00   0.0000e+00   2.7078e+02
20261022_00:00:00   9.1350e-02   2.7985e+01   1.9265e+00   0.0000e+00   0.0000e+00   2.6853e+02
20261022_03:00:00   8.9828e-02   2.7656e+01   1.8912e+00   0.0000e+00   0.0000e+00   2.6821e+02
20261022_06:00:00   9.0386e-02   2.7799e+01   1.9027e+00   0.0000e+00   0.0000e+00   2.6691e+02
20261022_09:00:00   9.3833e-02   2.8603e+01   1.9929e+00   0.0000e+00   0.0000e+00   2.6280e+02
20261022_12:00:00   1.0673e-01   3.1882e+01   2.2581e+00   0.0000e+00   0.0000e+00   2.6586e+02
20261022_15:00:00   1.2709e-01   3.6962e+01   2.6391e+00   0.0000e+00   1.1470e-04   2.6521e+02
20261022_18:00:00   1.3168e-01   3.8143e+01   2.6777e+00   0.0000e+00   2.2700e-03   2.6461e+02
20261022_21:00:00   1.1186e-01   3.3167e+01   2.2912e+00   0.0000e+00   1.4508e-02   2.6273e+02
20261023_00:00:00   1.7421e-01   4.7954e+01   3.5065e+00   0.0000e+00   1.3990e-02   2.6210e+02
20261023_03:00:00   1.5873e-01   4.3778e+01   3.4365e+00   0.0000e+00   1.2713e-02   2.6172e+02
20261023_06:00:00   1.5278e-01   4.2419e+01   3.2977e+00   0.0000e+00   2.0644e-02   2.6026e+02
20261023_09:00:00   1.6532e-01   4.4464e+01   3.8186e+00   0.0000e+00   3.0744e-02   2.5930e+02
20261023_12:00:00   1.5480e-01   4.2237e+01   3.5411e+00   0.0000e+00   2.4091e-02   2.5633e+02
20261023_15:00:00   1.6810e-01   4.5284e+01   3.8100e+00   0.0000e+00   2.8991e-03   2.5786e+02
20261023_18:00:00   1.6811e-01   4.5277e+01   3.8219e+00   0.0000e+00   2.9097e-03   2.5441e+02
20261023_21:00:00   2.1928e-01   5.6842e+01   4.7700e+00   0.0000e+00   6.8329e-03   2.5388e+02
20261024_00:00:00   2.5894e-01   6.4908e+01   5.4985e+00   0.0000e+00   2.0159e-01   2.5493e+02
20261024_03:00:00   1.8916e-01   5.0132e+01   4.1919e+00   0.0000e+00   2.5845e-02   2.5510e+02
20261024_06:00:00   1.5443e-01   4.2520e+01   3.3743e+00   0.0000e+00   1.9923e-02   2.5468e+02
20261024_09:00:00   1.4842e-01   4.1267e+01   3.1630e+00   0.0000e+00   8.6103e-03   2.5609e+02
20261024_12:00:00   1.4746e-01   4.0974e+01   3.1501e+00   0.0000e+00   1.1245e-02   2.5281e+02
20261024_15:00:00   1.3788e-01   3.8965e+01   2.8678e+00   0.0000e+00   8.2595e-03   2.5400e+02
20261024_18:00:00   1.5318e-01   4.2680e+01   3.1526e+00   0.0000e+00   8.2618e-04   2.5580e+02
20261024_21:00:00   1.4722e-01   4.1443e+01   2.9765e+00   0.0000e+00   1.2555e-03   2.5887e+02
20261025_00:00:00   1.2488e-01   3.6193e+01   2.5268e+00   0.0000e+00   5.1650e-03   2.5941e+02
20261025_03:00:00   1.2643e-01   3.6573e+01   2.5245e+00   0.0000e+00   9.4819e-03   2.6668e+02
20261025_06:00:00   1.0274e-01   3.0845e+01   2.0400e+00   0.0000e+00   1.0440e-02   2.7336e+02
20261025_09:00:00   1.0429e-01   3.1148e+01   2.1023e+00   0.0000e+00   6.6099e-03   2.7420e+02
20261025_12:00:00   9.4182e-02   2.8687e+01   1.8914e+00   0.0000e+00   4.0903e-03   2.7389e+02
20261025_15:00:00   9.0198e-02   2.7648e+01   1.8235e+00   0.0000e+00   6.3187e-03   2.7902e+02
20261025_18:00:00   7.3254e-02   2.3663e+01   1.3790e+00   0.0000e+00   3.1222e-05   2.8719e+02
