#            date       tau255        Tb[K]      pwv[mm] lwp[kg*m^-2] iwp[kg*m^-2]       o3[DU]
20260907_12:00:00   1.0370e+00   1.8047e+02   1.9760e+01   1.3945e-04   3.7686e-02   2.7436e+02
20260907_13:00:00   1.0763e+00   1.8420e+02   1.9940e+01   1.0191e-02   7.1790e-03   2.7519e+02
20260907_14:00:00   1.3385e+00   2.0541e+02   2.0005e+01   1.1522e-01   2.4315e-02   2.7545e+02
20260907_15:00:00   1.3239e+00   2.0453e+02   1.9549e+01   1.1881e-01   3.6872e-02   2.7394e+02
20260907_16:00:00   1.4613e+00   2.1378e+02   1.8955e+01   1.8960e-01   3.1718e-02   2.7158e+02
20260907_17:00:00   1.3103e+00   2.0347e+02   1.8434e+01   1.4102e-01   1.7184e-02   2.7123e+02
20260907_18:00:00   1.0752e+00   1.8416e+02   1.7909e+01   5.8497e-02   3.2740e-03   2.7337e+02
20260907_19:00:00   9.6097e-01   1.7311e+02   1.7533e+01   2.1562e-02   1.1836e-03   2.7273e+02
20260907_20:00:00   9.1168e-01   1.6812e+02   1.7421e+01   1.2718e-03   1.0052e-04   2.7143e+02
20260907_21:00:00   9.3775e-01   1.7122e+02   1.7330e+01   9.3779e-03   6.5920e-06   2.7136e+02
20260907_22:00:00   9.0323e-01   1.6780e+02   1.6609e+01   9.7460e-03   0.0000e+00   2.7159e+02
20260907_23:00:00   8.0506e-01   1.5667e+02   1.5306e+01   2.3541e-04   0.0000e+00   2.7134e+02
20260908_00:00:00   8.1389e-01   1.5772e+02   1.5157e+01   6.0929e-03   1.2754e-04   2.6998e+02
20260908_01:00:00   8.3678e-01   1.6030e+02   1.4708e+01   3.2708e-02   1.8036e-03   2.6744e+02
20260908_02:00:00   8.6947e-01   1.6379e+02   1.5360e+01   3.6322e-02   5.6228e-03   2.6760e+02
20260908_03:00:00   8.2911e-01   1.5887e+02   1.6200e+01   8.5360e-06   1.8477e-03   2.6734e+02
20260908_04:00:00   9.6201e-01   1.7336e+02   1.7522e+01   1.9328e-02   3.4135e-04   2.6789e+02
20260908_05:00:00   9.3093e-01   1.6986e+02   1.7993e+01   8.5360e-07   7.7544e-03   2.6830e+02
20260908_06:00:00   9.4694e-01   1.7116e+02   1.8599e+01   0.0000e+00   1.1152e-01   2.6901e+02
20260908_07:00:00   1.0371e+00   1.8014e+02   1.9831e+01   3.7397e-03   7.5143e-02   2.7040e+02
20260908_08:00:00   1.0674e+00   1.8293e+02   2.0073e+01   1.1043e-02   1.2743e-01   2.7206e+02
20260908_09:00:00   1.0503e+00   1.8113e+02   2.0030e+01   5.3293e-03   2.1964e-01   2.6923e+02
20260908_10:00:00   1.0210e+00   1.7817e+02   1.9432e+01   1.2014e-02   2.1047e-01   2.7021e+02
20260908_11:00:00   9.6712e-01   1.7282e+02   1.9074e+01   6.8460e-05   2.3174e-01   2.7201e+02
20260908_12:00:00   9.7244e-01   1.7348e+02   1.9071e+01   1.7926e-04   2.0910e-01   2.7244e+02
20260908_13:00:00   1.1351e+00   1.8859e+02   1.9217e+01   6.6319e-02   1.0316e-01   2.7574e+02
20260908_14:00:00   1.1666e+00   1.9128e+02   1.9278e+01   7.8441e-02   5.2827e-02   2.7832e+02
20260908_15:00:00   1.0097e+00   1.7725e+02   1.9501e+01   5.9985e-03   7.0364e-02   2.7777e+02
20260908_16:00:00   1.0294e+00   1.7928e+02   1.9276e+01   1.9152e-02   1.4095e-02   2.7643e+02
20260908_17:00:00   9.6823e-01   1.7332e+02   1.8970e+01   0.0000e+00   2.3051e-03   2.7624e+02
20260908_18:00:00   9.5071e-01   1.7169e+02   1.8557e+01   0.0000e+00   3.3804e-03   2.7838e+02
20260908_19:00:00   9.6009e-01   1.7292e+02   1.8533e+01   0.0000e+00   9.9613e-04   2.7766e+02
20260908_20:00:00   9.5583e-01   1.7276e+02   1.8247e+01   0.0000e+00   4.2860e-04   2.7559e+02
20260908_21:00:00   9.8233e-01   1.7590e+02   1.7727e+01   1.9002e-02   2.3995e-04   2.7473e+02
20260908_22:00:00   9.9073e-01   1.7707e+02   1.7121e+01   3.5278e-02   2.5642e-04   2.7389e+02
20260908_23:00:00   9.6465e-01   1.7449e+02   1.6755e+01   3.2338e-02   1.2122e-04   2.7501e+02
20260909_00:00:00   1.0365e+00   1.8179e+02   1.6565e+01   6.8646e-02   6.3205e-04   2.7766e+02
20260909_01:00:00   9.6269e-01   1.7420e+02   1.7127e+01   2.4743e-02   5.1408e-04   2.7914e+02
20260909_02:00:00   1.2971e+00   2.0303e+02   1.8398e+01   1.3802e-01   1.5057e-02   2.7900e+02
20260909_03:00:00   2.3248e+00   2.5124e+02   1.9938e+01   5.1161e-01   2.1378e-02   2.7623e+02
20260909_04:00:00   1.6670e+00   2.2665e+02   1.8963e+01   2.6321e-01   8.7929e-03   2.7366e+02
20260909_05:00:00   1.0954e+00   1.8659e+02   1.8180e+01   5.7163e-02   3.1368e-03   2.7252e+02
20260909_06:00:00   9.5379e-01   1.7275e+02   1.8158e+01   3.5473e-03   4.5843e-03   2.7111e+02
20260909_07:00:00   1.0897e+00   1.8612e+02   1.8426e+01   4.9220e-02   2.1061e-03   2.7058e+02
20260909_08:00:00   1.5867e+00   2.2179e+02   1.9026e+01   2.3767e-01   3.4147e-03   2.7061e+02
20260909_09:00:00   1.5175e+00   2.1758e+02   1.9198e+01   2.1001e-01   3.9145e-03   2.6880e+02
20260909_10:00:00   1.0235e+00   1.7971e+02   1.8103e+01   3.4084e-02   4.7221e-04   2.6937e+02
20260909_11:00:00   8.8078e-01   1.6477e+02   1.7065e+01   1.8960e-03   2.4281e-04   2.7063e+02
20260909_12:00:00   8.3300e-01   1.5935e+02   1.6234e+01   9.2940e-06   2.4521e-05   2.7178e+02
20260909_13:00:00   8.1927e-01   1.5778e+02   1.5879e+01   0.0000e+00   0.0000e+00   2.7249e+02
20260909_14:00:00   8.1257e-01   1.5701e+02   1.5707e+01   0.0000e+00   4.6460e-05   2.7317e+02
20260909_15:00:00   8.1293e-01   1.5704e+02   1.5672e+01   0.0000e+00   0.0000e+00   2.7342e+02
20260909_16:00:00   8.1292e-01   1.5706e+02   1.5682e+01   0.0000e+00   0.0000e+00   2.7359e+02
20260909_17:00:00   8.1212e-01   1.5697e+02   1.5746e+01   0.0000e+00   0.0000e+00   2.7412e+02
20260909_18:00:00   8.1488e-01   1.5730e+02   1.5801e+01   0.0000e+00   0.0000e+00   2.7411e+02
20260909_19:00:00   8.4615e-01   1.6119e+02   1.6196e+01   0.0000e+00   0.0000e+00   2.7304e+02
20260909_20:00:00   9.6193e-01   1.7429e+02   1.6788e+01   2.8020e-02   0.0000e+00   2.7068e+02
20260909_21:00:00   1.1015e+00   1.8829e+02   1.7060e+01   7.5142e-02   2.8900e-05   2.6971e+02
20260909_22:00:00   1.1188e+00   1.9009e+02   1.7292e+01   7.4552e-02   3.7180e-06   2.7044e+02
20260909_23:00:00   1.9641e+00   2.4117e+02   1.8207e+01   3.9311e-01   1.3624e-04   2.7038e+02
20260910_00:00:00   2.3740e+00   2.5377e+02   1.9760e+01   5.3004e-01   1.2581e-03   2.6983e+02
20260910_01:00:00   1.9307e+00   2.3851e+02   2.0185e+01   3.5248e-01   1.1742e-02   2.6932e+02
20260910_02:00:00   1.7007e+00   2.2861e+02   2.0682e+01   2.4702e-01   6.0881e-02   2.7176e+02
20260910_03:00:00   1.8791e+00   2.3657e+02   2.1074e+01   3.0512e-01   2.4841e-01   2.7167e+02
20260910_04:00:00   9.9421e-01   1.7669e+02   1.9134e+01   1.0310e-02   1.2445e-01   2.7133e+02
20260910_05:00:00   9.3688e-01   1.7043e+02   1.8602e+01   1.0642e-03   2.0419e-01   2.7154e+02
20260910_06:00:00   1.0010e+00   1.7680e+02   1.9434e+01   1.1131e-03   2.7287e-01   2.7262e+02
20260910_07:00:00   9.7758e-01   1.7447e+02   1.9036e+01   0.0000e+00   2.9538e-01   2.7303e+02
20260910_08:00:00   9.4846e-01   1.7142e+02   1.8682e+01   0.0000e+00   2.1896e-01   2.7321e+02
20260910_09:00:00   9.2038e-01   1.6838e+02   1.8356e+01   0.0000e+00   1.4013e-01   2.7416e+02
20260910_10:00:00   9.1005e-01   1.6734e+02   1.8218e+01   0.0000e+00   8.0358e-02   2.7452e+02
20260910_11:00:00   9.2242e-01   1.6866e+02   1.8408e+01   0.0000e+00   3.1177e-02   2.7520e+02
20260910_12:00:00   9.3470e-01   1.6998e+02   1.8548e+01   0.0000e+00   2.3159e-02   2.7456e+02
20260910_13:00:00   9.4911e-01   1.7150e+02   1.8732e+01   0.0000e+00   1.1318e-02   2.7465e+02
20260910_14:00:00   9.5929e-01   1.7256e+02   1.8839e+01   0.0000e+00   8.1960e-03   2.7420e+02
20260910_15:00:00   9.6731e-01   1.7337e+02   1.8941e+01   0.0000e+00   2.9884e-02   2.7369e+02
20260910_16:00:00   9.8299e-01   1.7498e+02   1.9130e+01   0.0000e+00   3.4549e-02   2.7553e+02
20260910_17:00:00   9.9568e-01   1.7639e+02   1.9276e+01   0.0000e+00   2.4390e-02   2.7667e+02
20260910_18:00:00   9.8490e-01   1.7538e+02   1.9049e+01   0.0000e+00   1.2404e-02   2.7648e+02
20260910_19:00:00   9.8066e-01   1.7504e+02   1.8899e+01   0.0000e+00   4.9862e-03   2.7677e+02
20260910_20:00:00   9.8613e-01   1.7577e+02   1.8842e+01   1.2546e-04   1.9675e-03   2.7612e+02
20260910_21:00:00   1.0163e+00   1.7931e+02   1.8624e+01   1.3266e-02   3.6811e-04   2.7728e+02
20260910_22:00:00   1.1246e+00   1.9033e+02   1.8017e+01   6.2260e-02   4.1660e-06   2.7715e+02
20260910_23:00:00   2.0739e+00   2.4496e+02   1.9114e+01   4.1539e-01   5.0797e-04   2.7727e+02
20260911_00:00:00   1.3046e+00   2.0324e+02   1.7281e+01   1.7857e-01   4.3858e-02   2.7930e+02
20260911_01:00:00   1.0529e+00   1.8245e+02   1.8376e+01   3.5979e-02   8.9857e-02   2.8005e+02
20260911_02:00:00   1.1752e+00   1.9304e+02   1.8882e+01   8.0597e-02   2.5302e-02   2.7873e+02
20260911_03:00:00   9.1603e-01   1.6883e+02   1.7918e+01   0.0000e+00   2.7828e-02   2.7712e+02
20260911_04:00:00   9.6607e-01   1.7396e+02   1.8484e+01   4.0380e-03   5.7883e-03   2.7653e+02
20260911_05:00:00   9.4958e-01   1.7234e+02   1.8387e+01   0.0000e+00   1.3340e-03   2.7545e+02
20260911_06:00:00   9.5737e-01   1.7304e+02   1.8434e+01   2.4360e-03   1.5843e-03   2.7530e+02
20260911_07:00:00   9.3497e-01   1.7078e+02   1.7926e+01   1.2342e-03   1.1269e-03   2.7516e+02
20260911_08:00:00   8.8314e-01   1.6514e+02   1.7089e+01   0.0000e+00   3.9672e-03   2.7559e+02
20260911_09:00:00   8.5117e-01   1.6147e+02   1.6540e+01   0.0000e+00   1.8337e-03   2.7711e+02
20260911_10:00:00   8.8509e-01   1.6513e+02   1.7082e+01   0.0000e+00   1.7363e-03   2.7785e+02
20260911_11:00:00   8.9196e-01   1.6570e+02   1.7261e+01   0.0000e+00   2.1050e-03   2.7780e+02
20260911_12:00:00   8.7734e-01   1.6398e+02   1.7063e+01   0.0000e+00   1.7451e-03   2.7841e+02
20260911_13:00:00   8.7234e-01   1.6338e+02   1.6975e+01   0.0000e+00   1.9048e-03   2.7684e+02
20260911_14:00:00   8.5326e-01   1.6115e+02   1.6715e+01   0.0000e+00   5.3023e-03   2.7671e+02
20260911_15:00:00   8.2720e-01   1.5817e+02   1.6283e+01   0.0000e+00   3.9429e-03   2.7659e+02
20260911_16:00:00   7.8344e-01   1.5295e+02   1.5624e+01   0.0000e+00   1.2552e-03   2.7500e+02
20260911_17:00:00   7.6960e-01   1.5127e+02   1.5420e+01   0.0000e+00   5.5205e-04   2.7419e+02
20260911_18:00:00   7.5458e-01   1.4938e+02   1.5174e+01   0.0000e+00   1.1963e-03   2.7282e+02
20260911_19:00:00   7.4809e-01   1.4862e+02   1.5050e+01   0.0000e+00   2.1643e-03   2.7390e+02
20260911_20:00:00   7.6718e-01   1.5121e+02   1.5259e+01   0.0000e+00   3.6601e-03   2.7538e+02
20260911_21:00:00   7.8327e-01   1.5348e+02   1.5388e+01   1.0412e-04   4.7178e-03   2.7572e+02
20260911_22:00:00   8.3713e-01   1.6039e+02   1.5649e+01   1.0303e-02   5.8476e-03   2.7513e+02
20260911_23:00:00   7.8229e-01   1.5390e+02   1.4968e+01   4.8960e-03   2.6894e-03   2.7478e+02
20260912_00:00:00   6.9708e-01   1.4272e+02   1.3876e+01   6.6160e-04   3.0845e-04   2.7456e+02
20260912_01:00:00   7.6446e-01   1.5139e+02   1.4937e+01   9.4240e-04   1.3253e-04   2.7436e+02
20260912_02:00:00   7.4216e-01   1.4835e+02   1.4775e+01   0.0000e+00   2.9577e-04   2.7470e+02
20260912_03:00:00   7.2689e-01   1.4662e+02   1.4291e+01   2.4325e-04   1.3593e-04   2.7324e+02
20260912_04:00:00   8.3419e-01   1.5991e+02   1.5884e+01   1.0237e-03   3.5653e-04   2.7322e+02
20260912_05:00:00   9.5015e-01   1.7281e+02   1.7040e+01   2.0760e-02   4.4978e-03   2.7463e+02
20260912_06:00:00   9.8031e-01   1.7551e+02   1.8041e+01   1.2368e-02   4.9216e-03   2.7566e+02
20260912_07:00:00   9.6459e-01   1.7357e+02   1.8412e+01   2.7660e-04   2.0045e-02   2.7506e+02
20260912_08:00:00   9.3476e-01   1.7015e+02   1.8193e+01   0.0000e+00   3.6523e-02   2.7435e+02
20260912_09:00:00   9.0469e-01   1.6676e+02   1.7817e+01   0.0000e+00   1.8067e-02   2.7418e+02
20260912_10:00:00   9.0263e-01   1.6642e+02   1.7807e+01   0.0000e+00   1.6557e-02   2.7460e+02
20260912_11:00:00   8.8447e-01   1.6427e+02   1.7617e+01   0.0000e+00   5.3794e-02   2.7509e+02
20260912_12:00:00   8.8710e-01   1.6438e+02   1.7704e+01   2.3660e-05   8.4256e-02   2.7541e+02
20260912_15:00:00   8.5116e-01   1.6028e+02   1.7117e+01   0.0000e+00   3.4530e-02   2.7489e+02
20260912_18:00:00   8.0648e-01   1.5492e+02   1.6416e+01   0.0000e+00   3.1302e-03   2.7376e+02
20260912_21:00:00   1.3891e+00   2.1093e+02   1.9198e+01   1.4278e-01   6.7368e-03   2.7423e+02
20260913_00:00:00   9.1608e-01   1.6919e+02   1.6857e+01   1.3407e-02   2.0919e-03   2.7518e+02
20260913_03:00:00   8.1772e-01   1.5759e+02   1.6000e+01   0.0000e+00   1.2242e-03   2.7468e+02
20260913_06:00:00   8.5425e-01   1.6122e+02   1.6946e+01   0.0000e+00   3.7520e-03   2.7652e+02
20260913_09:00:00   7.0766e-01   1.4282e+02   1.4402e+01   0.0000e+00   3.3230e-02   2.7501e+02
20260913_12:00:00   6.1455e-01   1.2972e+02   1.2683e+01   0.0000e+00   7.3289e-03   2.7807e+02
20260913_15:00:00   6.7179e-01   1.3791e+02   1.3688e+01   0.0000e+00   4.0415e-03   2.7881e+02
20260913_18:00:00   7.2441e-01   1.4515e+02   1.4641e+01   0.0000e+00   1.0908e-04   2.7669e+02
20260913_21:00:00   9.8245e-01   1.7568e+02   1.7736e+01   1.8614e-02   0.0000e+00   2.7432e+02
20260914_00:00:00   1.1890e+00   1.9527e+02   1.7970e+01   9.2719e-02   0.0000e+00   2.7550e+02
20260914_03:00:00   9.2321e-01   1.6976e+02   1.6666e+01   2.4706e-02   0.0000e+00   2.7603e+02
20260914_06:00:00   1.2306e+00   1.9790e+02   1.8676e+01   9.8319e-02   1.5179e-01   2.7508e+02
20260914_09:00:00   8.8831e-01   1.6463e+02   1.7605e+01   0.0000e+00   1.3036e-01   2.7399e+02
20260914_12:00:00   8.9960e-01   1.6596e+02   1.7580e+01   0.0000e+00   4.5374e-02   2.7468e+02
20260914_15:00:00   9.3678e-01   1.7003e+02   1.8118e+01   0.0000e+00   4.6280e-02   2.7534e+02
20260914_18:00:00   9.3902e-01   1.7028e+02   1.8165e+01   0.0000e+00   5.4423e-02   2.7831e+02
20260914_21:00:00   1.1807e+00   1.9417e+02   1.9079e+01   6.9486e-02   9.8492e-02   2.7903e+02
20260915_00:00:00   1.1445e+00   1.9194e+02   1.7634e+01   8.9740e-02   7.8990e-05   2.7474e+02
20260915_03:00:00   8.9439e-01   1.6589e+02   1.7353e+01   1.5568e-03   1.5146e-02   2.7606e+02
20260915_06:00:00   1.1100e+00   1.8636e+02   1.9998e+01   1.7652e-02   7.7394e-01   2.7578e+02
20260915_09:00:00   9.7149e-01   1.7298e+02   1.8550e+01   7.2882e-04   5.6914e-01   2.7697e+02
20260915_12:00:00   8.8669e-01   1.6424e+02   1.7260e+01   0.0000e+00   1.0907e-01   2.7785e+02
20260915_15:00:00   8.5747e-01   1.6086e+02   1.6945e+01   0.0000e+00   2.3571e-02   2.7990e+02
20260915_18:00:00   8.2880e-01   1.5754e+02   1.6519e+01   0.0000e+00   4.5312e-03   2.7792e+02
20260915_21:00:00   8.4849e-01   1.6047e+02   1.6514e+01   2.7880e-05   5.1907e-04   2.7917e+02
20260916_00:00:00   1.5936e+00   2.2273e+02   1.7466e+01   2.7190e-01   4.2120e-04   2.7779e+02
20260916_03:00:00   9.1863e-01   1.6859e+02   1.7199e+01   7.7660e-03   2.5864e-01   2.8019e+02
20260916_06:00:00   9.2396e-01   1.6817e+02   1.7913e+01   2.0488e-05   2.1452e-01   2.7802e+02
20260916_09:00:00   8.0140e-01   1.5406e+02   1.6154e+01   0.0000e+00   9.2218e-02   2.7707e+02
20260916_12:00:00   8.2039e-01   1.5663e+02   1.6139e+01   0.0000e+00   3.1085e-03   2.7853e+02
20260916_15:00:00   7.8506e-01   1.5262e+02   1.5341e+01   0.0000e+00   5.7520e-06   2.7951e+02
20260916_18:00:00   7.6791e-01   1.5066e+02   1.5032e+01   0.0000e+00   0.0000e+00   2.7753e+02
20260916_21:00:00   8.8970e-01   1.6504e+02   1.7048e+01   0.0000e+00   0.0000e+00   2.7619e+02
20260917_00:00:00   8.8831e-01   1.6567e+02   1.6068e+01   1.9809e-02   3.4006e-04   2.7484e+02
20260917_03:00:00   8.5812e-01   1.6177e+02   1.6711e+01   1.7072e-06   1.6100e-03   2.7433e+02
20260917_06:00:00   1.0048e+00   1.7644e+02   1.8780e+01   9.4191e-03   2.8607e-01   2.7422e+02
20260917_09:00:00   1.1723e+00   1.9156e+02   1.8072e+01   9.6397e-02   1.4232e-01   2.7312e+02
20260917_12:00:00   7.2070e-01   1.4354e+02   1.4663e+01   0.0000e+00   1.2425e-01   2.7587e+02
20260917_15:00:00   7.0487e-01   1.4177e+02   1.4253e+01   0.0000e+00   4.4931e-02   2.7837e+02
20260917_18:00:00   7.2329e-01   1.4470e+02   1.4270e+01   0.0000e+00   6.5582e-04   2.7711e+02
20260917_21:00:00   6.9290e-01   1.4106e+02   1.3355e+01   0.0000e+00   0.0000e+00   2.7530e+02
20260918_00:00:00   6.6022e-01   1.3657e+02   1.2874e+01   7.8320e-06   2.2589e-03   2.7719e+02
20260918_03:00:00   6.6681e-01   1.3711e+02   1.3341e+01   0.0000e+00   7.5700e-03   2.7814e+02
20260918_06:00:00   7.6155e-01   1.4927e+02   1.5077e+01   0.0000e+00   4.3178e-02   2.8020e+02
20260918_09:00:00   6.4952e-01   1.3428e+02   1.3022e+01   0.0000e+00   4.0835e-05   2.8100e+02
20260918_12:00:00   6.5420e-01   1.3491e+02   1.3047e+01   0.0000e+00   1.3548e-04   2.8916e+02
20260918_15:00:00   5.9106e-01   1.2596e+02   1.1716e+01   0.0000e+00   0.0000e+00   2.9200e+02
20260918_18:00:00   5.1076e-01   1.1344e+02   1.0315e+01   0.0000e+00   0.0000e+00   2.9038e+02
20260918_21:00:00   4.6967e-01   1.0693e+02   9.3173e+00   0.0000e+00   0.0000e+00   2.8957e+02
20260919_00:00:00   4.0756e-01   9.6457e+01   7.9851e+00   0.0000e+00   0.0000e+00   2.9065e+02
20260919_03:00:00   3.9175e-01   9.3473e+01   7.7689e+00   0.0000e+00   6.6260e-06   2.8979e+02
20260919_06:00:00   4.1962e-01   9.8427e+01   8.1835e+00   0.0000e+00   0.0000e+00   2.9283e+02
20260919_09:00:00   2.9169e-01   7.3695e+01   5.9318e+00   0.0000e+00   0.0000e+00   2.9104e+02
20260919_12:00:00   2.4451e-01   6.3780e+01   5.0909e+00   0.0000e+00   0.0000e+00   2.8879e+02
20260919_15:00:00   1.8370e-01   5.0481e+01   3.8066e+00   0.0000e+00   0.0000e+00   2.8916e+02
20260919_18:00:00   1.7764e-01   4.9246e+01   3.5626e+00   0.0000e+00   0.0000e+00   2.8909e+02
20260919_21:00:00   2.6754e-01   6.9220e+01   5.1103e+00   0.0000e+00   0.0000e+00   2.8868e+02
20260920_00:00:00   2.6714e-01   6.9247e+01   5.1324e+00   0.0000e+00   0.0000e+00   2.8591e+02
20260920_03:00:00   3.8067e-01   9.1755e+01   7.0473e+00   0.0000e+00   0.0000e+00   2.8980e+02
20260920_06:00:00   3.5826e-01   8.7277e+01   6.7425e+00   0.0000e+00   0.0000e+00   2.8908e+02
20260920_09:00:00   2.4658e-01   6.4417e+01   4.8731e+00   0.0000e+00   0.0000e+00   2.8917e+02
20260920_12:00:00   2.2822e-01   6.0089e+01   4.7106e+00   0.0000e+00   3.6800e-04   2.8898e+02
20260920_15:00:00   2.6404e-01   6.7476e+01   5.5315e+00   0.0000e+00   3.0917e-04   2.9108e+02
20260920_18:00:00   4.2705e-01   9.8623e+01   8.7543e+00   0.0000e+00   3.7958e-03   2.8700e+02
20260920_21:00:00   7.2541e-01   1.4370e+02   1.4081e+01   6.1680e-04   7.8119e-02   2.8482e+02
20260921_00:00:00   7.4949e-01   1.4713e+02   1.4441e+01   4.0637e-03   8.1362e-02   2.8579e+02
20260921_03:00:00   7.0702e-01   1.4094e+02   1.4301e+01   0.0000e+00   1.3161e-01   2.8891e+02
20260921_06:00:00   6.7860e-01   1.3702e+02   1.3826e+01   0.0000e+00   1.5330e-02   2.8851e+02
20260921_09:00:00   6.0651e-01   1.2638e+02   1.2725e+01   0.0000e+00   9.9753e-03   2.8658e+02
20260921_12:00:00   5.2533e-01   1.1396e+02   1.1209e+01   0.0000e+00   1.7004e-03   2.8859e+02
20260921_15:00:00   4.7351e-01   1.0521e+02   1.0326e+01   0.0000e+00   8.6577e-04   2.8782e+02
20260921_18:00:00   4.8791e-01   1.0782e+02   1.0539e+01   0.0000e+00   1.8783e-03   2.8561e+02
20260921_21:00:00   6.9838e-01   1.4044e+02   1.3559e+01   7.5751e-03   5.1383e-04   2.8283e+02
20260922_00:00:00   7.2880e-01   1.4478e+02   1.4434e+01   0.0000e+00   0.0000e+00   2.8201e+02
20260922_03:00:00   7.0238e-01   1.4144e+02   1.3992e+01   0.0000e+00   3.4142e-06   2.8242e+02
20260922_06:00:00   7.3121e-01   1.4519e+02   1.4460e+01   0.0000e+00   7.4330e-04   2.8393e+02
20260922_09:00:00   6.9605e-01   1.4031e+02   1.4000e+01   0.0000e+00   1.1082e-03   2.8460e+02
20260922_12:00:00   6.5173e-01   1.3425e+02   1.3276e+01   0.0000e+00   4.1917e-04   2.8244e+02
20260922_15:00:00   6.3454e-01   1.3173e+02   1.2981e+01   0.0000e+00   0.0000e+00   2.8251e+02
20260922_18:00:00   5.8948e-01   1.2521e+02   1.2237e+01   0.0000e+00   4.7760e-05   2.8466e+02
20260922_21:00:00   5.5192e-01   1.1970e+02   1.1543e+01   0.0000e+00   0.0000e+00   2.8487e+02
20260923_00:00:00   6.0787e-01   1.2889e+02   1.2411e+01   0.0000e+00   3.0788e-04   2.8502e+02
20260923_03:00:00   6.8864e-01   1.4089e+02   1.3175e+01   0.0000e+00   2.7880e-04   2.8309e+02
20260923_06:00:00   6.1744e-01   1.3092e+02   1.1844e+01   0.0000e+00   2.6820e-05   2.8188e+02
20260923_09:00:00   6.7878e-01   1.3938e+02   1.2644e+01   1.7072e-06   0.0000e+00   2.8247e+02
20260923_12:00:00   5.4235e-01   1.1923e+02   1.0324e+01   0.0000e+00   0.0000e+00   2.8217e+02
