#            date       tau255        Tb[K]      pwv[mm] lwp[kg*m^-2] iwp[kg*m^-2]       o3[DU]
20261002_06:00:00   3.6521e-01   8.7953e+01   6.8148e+00   0.0000e+00   0.0000e+00   2.6582e+02
20261002_07:00:00   3.9530e-01   9.3399e+01   7.3608e+00   1.1950e-05   0.0000e+00   2.6532e+02
20261002_08:00:00   4.4830e-01   1.0256e+02   8.2561e+00   9.9024e-05   4.0980e-06   2.6446e+02
20261002_09:00:00   4.3911e-01   1.0084e+02   8.1962e+00   0.0000e+00   0.0000e+00   2.6339e+02
20261002_10:00:00   4.0170e-01   9.4195e+01   7.6329e+00   0.0000e+00   0.0000e+00   2.6130e+02
20261002_11:00:00   3.8756e-01   9.1597e+01   7.4261e+00   0.0000e+00   0.0000e+00   2.5979e+02
20261002_12:00:00   3.7194e-01   8.8749e+01   7.0782e+00   0.0000e+00   0.0000e+00   2.5727e+02
20261002_13:00:00   3.7551e-01   8.9452e+01   7.1490e+00   0.0000e+00   0.0000e+00   2.5589e+02
20261002_14:00:00   3.7680e-01   8.9883e+01   7.2337e+00   0.0000e+00   0.0000e+00   2.5471e+02
20261002_15:00:00   4.0173e-01   9.4707e+01   7.2864e+00   1.0784e-02   0.0000e+00   2.5670e+02
20261002_16:00:00   3.7876e-01   9.0438e+01   7.4317e+00   0.0000e+00   0.0000e+00   2.5615e+02
20261002_17:00:00   3.7981e-01   9.0650e+01   7.4952e+00   4.0810e-04   0.0000e+00   2.5571e+02
20261002_18:00:00   3.9262e-01   9.2963e+01   7.6332e+00   3.0550e-03   0.0000e+00   2.5611e+02
20261002_19:00:00   3.9567e-01   9.3519e+01   7.7364e+00   3.0590e-03   0.0000e+00   2.5697e+02
20261002_20:00:00   3.8806e-01   9.2167e+01   7.7450e+00   3.5810e-05   0.0000e+00   2.5778e+02
20261002_21:00:00   3.9091e-01   9.2672e+01   7.7650e+00   4.2540e-06   0.0000e+00   2.5750e+02
20261002_22:00:00   3.5903e-01   8.6770e+01   7.0257e+00   1.8308e-03   0.0000e+00   2.5551e+02
20261002_23:00:00   3.3011e-01   8.1263e+01   6.4271e+00   4.2450e-06   0.0000e+00   2.5305e+02
20261003_00:00:00   3.3155e-01   8.1642e+01   6.3329e+00   0.0000e+00   0.0000e+00   2.5121e+02
20261003_01:00:00   3.2079e-01   7.9644e+01   6.0945e+00   0.0000e+00   0.0000e+00   2.5082e+02
20261003_02:00:00   2.9921e-01   7.5413e+01   5.7253e+00   0.0000e+00   0.0000e+00   2.5115e+02
20261003_03:00:00   2.8928e-01   7.3372e+01   5.5379e+00   0.0000e+00   0.0000e+00   2.5146e+02
20261003_04:00:00   2.6386e-01   6.8094e+01   5.0876e+00   0.0000e+00   0.0000e+00   2.5326e+02
20261003_05:00:00   2.1745e-01   5.8189e+01   4.3183e+00   0.0000e+00   0.0000e+00   2.5575e+02
20261003_06:00:00   2.1724e-01   5.8115e+01   4.3201e+00   0.0000e+00   0.0000e+00   2.5739e+02
20261003_07:00:00   2.1862e-01   5.8436e+01   4.3675e+00   0.0000e+00   0.0000e+00   2.5854e+02
20261003_08:00:00   2.1697e-01   5.8085e+01   4.3450e+00   0.0000e+00   0.0000e+00   2.6045e+02
20261003_09:00:00   2.1736e-01   5.8171e+01   4.3456e+00   0.0000e+00   0.0000e+00   2.6189e+02
20261003_10:00:00   2.1310e-01   5.7260e+01   4.2667e+00   0.0000e+00   0.0000e+00   2.6307e+02
20261003_11:00:00   2.1749e-01   5.8266e+01   4.3439e+00   0.0000e+00   0.0000e+00   2.6266e+02
20261003_12:00:00   2.1976e-01   5.8786e+01   4.3782e+00   0.0000e+00   0.0000e+00   2.6102e+02
20261003_13:00:00   2.0698e-01   5.5996e+01   4.1454e+00   0.0000e+00   0.0000e+00   2.5986e+02
20261003_14:00:00   1.9556e-01   5.3445e+01   3.9185e+00   0.0000e+00   0.0000e+00   2.5850e+02
20261003_15:00:00   1.8934e-01   5.2051e+01   3.7925e+00   0.0000e+00   0.0000e+00   2.5818e+02
20261003_16:00:00   1.8085e-01   5.0134e+01   3.6293e+00   0.0000e+00   0.0000e+00   2.5699e+02
20261003_17:00:00   1.7796e-01   4.9468e+01   3.5744e+00   0.0000e+00   0.0000e+00   2.5590e+02
20261003_18:00:00   1.7017e-01   4.7685e+01   3.4339e+00   0.0000e+00   0.0000e+00   2.5401e+02
20261003_19:00:00   1.6779e-01   4.7121e+01   3.3860e+00   0.0000e+00   0.0000e+00   2.5293e+02
20261003_20:00:00   1.6835e-01   4.7248e+01   3.3868e+00   0.0000e+00   0.0000e+00   2.5230e+02
20261003_21:00:00   1.6036e-01   4.5381e+01   3.2443e+00   0.0000e+00   0.0000e+00   2.4849e+02
20261003_22:00:00   1.4978e-01   4.2889e+01   3.0609e+00   0.0000e+00   0.0000e+00   2.4779e+02
20261003_23:00:00   1.4524e-01   4.1808e+01   2.9827e+00   0.0000e+00   0.0000e+00   2.4822e+02
20261004_00:00:00   1.5246e-01   4.3531e+01   3.1227e+00   0.0000e+00   0.0000e+00   2.4504e+02
20261004_01:00:00   1.5617e-01   4.4421e+01   3.1863e+00   0.0000e+00   0.0000e+00   2.4422e+02
20261004_02:00:00   1.5125e-01   4.3216e+01   3.0947e+00   0.0000e+00   0.0000e+00   2.4489e+02
20261004_03:00:00   1.3272e-01   3.8724e+01   2.7398e+00   0.0000e+00   0.0000e+00   2.4653e+02
20261004_04:00:00   1.2477e-01   3.6759e+01   2.5858e+00   0.0000e+00   0.0000e+00   2.4768e+02
20261004_05:00:00   1.2329e-01   3.6382e+01   2.5526e+00   0.0000e+00   0.0000e+00   2.4798e+02
20261004_06:00:00   1.2092e-01   3.5779e+01   2.5012e+00   0.0000e+00   0.0000e+00   2.4719e+02
20261004_07:00:00   1.0965e-01   3.2970e+01   2.2849e+00   0.0000e+00   0.0000e+00   2.4729e+02
20261004_08:00:00   1.1004e-01   3.3049e+01   2.2904e+00   0.0000e+00   0.0000e+00   2.4791e+02
20261004_09:00:00   1.1423e-01   3.4092e+01   2.3663e+00   0.0000e+00   0.0000e+00   2.4853e+02
20261004_10:00:00   1.0681e-01   3.2259e+01   2.2145e+00   0.0000e+00   0.0000e+00   2.4918e+02
20261004_11:00:00   1.0371e-01   3.1494e+01   2.1472e+00   0.0000e+00   0.0000e+00   2.5020e+02
20261004_12:00:00   1.0136e-01   3.0892e+01   2.1034e+00   0.0000e+00   0.0000e+00   2.4933e+02
20261004_13:00:00   1.0375e-01   3.1440e+01   2.1659e+00   0.0000e+00   0.0000e+00   2.4823e+02
20261004_14:00:00   1.0857e-01   3.2605e+01   2.2763e+00   0.0000e+00   0.0000e+00   2.4775e+02
20261004_15:00:00   1.1540e-01   3.4272e+01   2.4247e+00   0.0000e+00   0.0000e+00   2.4904e+02
20261004_16:00:00   1.1867e-01   3.5076e+01   2.4985e+00   0.0000e+00   0.0000e+00   2.4958e+02
20261004_17:00:00   1.2407e-01   3.6412e+01   2.6066e+00   0.0000e+00   0.0000e+00   2.5096e+02
20261004_18:00:00   1.4799e-01   4.2207e+01   3.0511e+00   0.0000e+00   0.0000e+00   2.5180e+02
20261004_19:00:00   1.6140e-01   4.5401e+01   3.2848e+00   0.0000e+00   0.0000e+00   2.4999e+02
20261004_20:00:00   1.6758e-01   4.6871e+01   3.3870e+00   0.0000e+00   0.0000e+00   2.5144e+02
20261004_21:00:00   1.7398e-01   4.8374e+01   3.4939e+00   0.0000e+00   0.0000e+00   2.5214e+02
20261004_22:00:00   1.9006e-01   5.2051e+01   3.7721e+00   0.0000e+00   0.0000e+00   2.5249e+02
20261004_23:00:00   1.7660e-01   4.8977e+01   3.5510e+00   0.0000e+00   0.0000e+00   2.5393e+02
20261005_00:00:00   1.7147e-01   4.7787e+01   3.4804e+00   0.0000e+00   0.0000e+00   2.5505e+02
20261005_01:00:00   1.8120e-01   5.0015e+01   3.6650e+00   0.0000e+00   0.0000e+00   2.5586e+02
20261005_02:00:00   1.8508e-01   5.0879e+01   3.7352e+00   0.0000e+00   0.0000e+00   2.5679e+02
20261005_03:00:00   1.8356e-01   5.0523e+01   3.6924e+00   0.0000e+00   0.0000e+00   2.5796e+02
20261005_04:00:00   1.8734e-01   5.1384e+01   3.7382e+00   0.0000e+00   0.0000e+00   2.5934e+02
20261005_05:00:00   1.9929e-01   5.4081e+01   3.9172e+00   0.0000e+00   0.0000e+00   2.6061e+02
20261005_06:00:00   1.9555e-01   5.3230e+01   3.8528e+00   0.0000e+00   0.0000e+00   2.5988e+02
20261005_07:00:00   1.8882e-01   5.1688e+01   3.7519e+00   0.0000e+00   0.0000e+00   2.5893e+02
20261005_08:00:00   2.0314e-01   5.4895e+01   4.0104e+00   0.0000e+00   0.0000e+00   2.5892e+02
20261005_09:00:00   2.4252e-01   6.3508e+01   4.6721e+00   0.0000e+00   0.0000e+00   2.5913e+02
20261005_10:00:00   2.6352e-01   6.7975e+01   5.0182e+00   0.0000e+00   0.0000e+00   2.5826e+02
20261005_11:00:00   2.8811e-01   7.3085e+01   5.4053e+00   2.4600e-04   0.0000e+00   2.5825e+02
20261005_12:00:00   3.1069e-01   7.7683e+01   5.7513e+00   3.7840e-04   0.0000e+00   2.5822e+02
20261005_13:00:00   3.2737e-01   8.1030e+01   5.9987e+00   7.2460e-04   0.0000e+00   2.5880e+02
20261005_14:00:00   3.5792e-01   8.6922e+01   6.4911e+00   0.0000e+00   0.0000e+00   2.6007e+02
20261005_15:00:00   3.5777e-01   8.6938e+01   6.4885e+00   0.0000e+00   0.0000e+00   2.6222e+02
20261005_16:00:00   3.4445e-01   8.4439e+01   6.2952e+00   0.0000e+00   0.0000e+00   2.6285e+02
20261005_17:00:00   3.4420e-01   8.4451e+01   6.2876e+00   0.0000e+00   0.0000e+00   2.6336e+02
20261005_18:00:00   3.4516e-01   8.4693e+01   6.3326e+00   0.0000e+00   0.0000e+00   2.6439e+02
20261005_19:00:00   3.7374e-01   9.0109e+01   6.7984e+00   1.2006e-03   0.0000e+00   2.6462e+02
20261005_20:00:00   4.1065e-01   9.6911e+01   7.4809e+00   3.2281e-04   0.0000e+00   2.6428e+02
20261005_21:00:00   4.7861e-01   1.0871e+02   8.5452e+00   9.1248e-04   0.0000e+00   2.6439e+02
20261005_22:00:00   5.4470e-01   1.1945e+02   9.2205e+00   9.1707e-03   6.8280e-07   2.6303e+02
20261005_23:00:00   5.8876e-01   1.2618e+02   9.5865e+00   1.6328e-02   6.8280e-07   2.6054e+02
20261006_00:00:00   6.7370e-01   1.3837e+02   9.6453e+00   4.8697e-02   9.6840e-06   2.5900e+02
20261006_01:00:00   5.9278e-01   1.2676e+02   9.3185e+00   2.4366e-02   1.0568e-05   2.5892e+02
20261006_02:00:00   4.8189e-01   1.0934e+02   8.4695e+00   1.6766e-03   0.0000e+00   2.6018e+02
20261006_03:00:00   4.2575e-01   9.9731e+01   7.6749e+00   0.0000e+00   0.0000e+00   2.6121e+02
20261006_04:00:00   3.9852e-01   9.4763e+01   7.2496e+00   0.0000e+00   0.0000e+00   2.6209e+02
20261006_05:00:00   3.8464e-01   9.2157e+01   7.0447e+00   6.8280e-06   0.0000e+00   2.6182e+02
20261006_06:00:00   3.7538e-01   9.0385e+01   6.9283e+00   1.4870e-04   0.0000e+00   2.6172e+02
20261006_07:00:00   3.7786e-01   9.0814e+01   6.9870e+00   4.2480e-04   0.0000e+00   2.6230e+02
20261006_08:00:00   3.9899e-01   9.4659e+01   7.3339e+00   1.7226e-04   0.0000e+00   2.6284e+02
20261006_09:00:00   4.0196e-01   9.5217e+01   7.3418e+00   3.0319e-04   0.0000e+00   2.6293e+02
20261006_10:00:00   4.0337e-01   9.5490e+01   7.3091e+00   1.3998e-03   0.0000e+00   2.6167e+02
20261006_11:00:00   3.8867e-01   9.2871e+01   6.9222e+00   4.2260e-03   0.0000e+00   2.6073e+02
20261006_12:00:00   3.8670e-01   9.2532e+01   6.6388e+00   9.3800e-03   0.0000e+00   2.6038e+02
20261006_13:00:00   3.6610e-01   8.8666e+01   6.4368e+00   5.8640e-03   0.0000e+00   2.5948e+02
20261006_14:00:00   3.3585e-01   8.2842e+01   6.1164e+00   1.7890e-03   0.0000e+00   2.5832e+02
20261006_15:00:00   3.0882e-01   7.7495e+01   5.7622e+00   0.0000e+00   0.0000e+00   2.5804e+02
20261006_16:00:00   2.8065e-01   7.1772e+01   5.3146e+00   0.0000e+00   0.0000e+00   2.5859e+02
20261006_17:00:00   2.6388e-01   6.8285e+01   5.0482e+00   0.0000e+00   0.0000e+00   2.5961e+02
20261006_18:00:00   2.4970e-01   6.5273e+01   4.8230e+00   0.0000e+00   0.0000e+00   2.5967e+02
20261006_19:00:00   2.4389e-01   6.4021e+01   4.7346e+00   0.0000e+00   0.0000e+00   2.5963e+02
20261006_20:00:00   2.4785e-01   6.4889e+01   4.7957e+00   0.0000e+00   0.0000e+00   2.6010e+02
20261006_21:00:00   2.5458e-01   6.6338e+01   4.9077e+00   0.0000e+00   0.0000e+00   2.5881e+02
20261006_22:00:00   2.6097e-01   6.7718e+01   5.0030e+00   0.0000e+00   0.0000e+00   2.5827e+02
20261006_23:00:00   2.5305e-01   6.6063e+01   4.8752e+00   0.0000e+00   0.0000e+00   2.5837e+02
20261007_00:00:00   2.1083e-01   5.6888e+01   4.1616e+00   0.0000e+00   0.0000e+00   2.5843e+02
20261007_01:00:00   2.0274e-01   5.5065e+01   4.0424e+00   0.0000e+00   0.0000e+00   2.5857e+02
20261007_02:00:00   2.4574e-01   6.4496e+01   4.8383e+00   0.0000e+00   0.0000e+00   2.5936e+02
20261007_03:00:00   2.7278e-01   7.0242e+01   5.3016e+00   0.0000e+00   0.0000e+00   2.5990e+02
20261007_04:00:00   2.9140e-01   7.4094e+01   5.5975e+00   0.0000e+00   0.0000e+00   2.6094e+02
20261007_05:00:00   2.9718e-01   7.5264e+01   5.6791e+00   0.0000e+00   0.0000e+00   2.6118e+02
20261007_06:00:00   2.9406e-01   7.4599e+01   5.6196e+00   0.0000e+00   0.0000e+00   2.6109e+02
20261007_09:00:00   3.0781e-01   7.7232e+01   5.8674e+00   0.0000e+00   0.0000e+00   2.6117e+02
20261007_12:00:00   2.9133e-01   7.3806e+01   5.5995e+00   0.0000e+00   0.0000e+00   2.6248e+02
20261007_15:00:00   2.7980e-01   7.1420e+01   5.3983e+00   0.0000e+00   0.0000e+00   2.6209e+02
20261007_18:00:00   2.7074e-01   6.9564e+01   5.2477e+00   0.0000e+00   0.0000e+00   2.6609e+02
20261007_21:00:00   2.7217e-01   6.9951e+01   5.2714e+00   0.0000e+00   0.0000e+00   2.7174e+02
20261008_00:00:00   3.0566e-01   7.6902e+01   5.9285e+00   0.0000e+00   0.0000e+00   2.7732e+02
20261008_03:00:00   4.0975e-01   9.6643e+01   7.6389e+00   0.0000e+00   0.0000e+00   2.7858e+02
20261008_06:00:00   3.6320e-01   8.8075e+01   6.8444e+00   0.0000e+00   0.0000e+00   2.7777e+02
20261008_09:00:00   3.1852e-01   7.9392e+01   5.9943e+00   0.0000e+00   0.0000e+00   2.7552e+02
20261008_12:00:00   2.7724e-01   7.1029e+01   5.2015e+00   0.0000e+00   0.0000e+00   2.7262e+02
20261008_15:00:00   2.4644e-01   6.4552e+01   4.7249e+00   0.0000e+00   0.0000e+00   2.7071e+02
20261008_18:00:00   1.8877e-01   5.1925e+01   3.7349e+00   0.0000e+00   0.0000e+00   2.6894e+02
20261008_21:00:00   2.3160e-01   6.1633e+01   4.3460e+00   0.0000e+00   0.0000e+00   2.6697e+02
20261009_00:00:00   2.1052e-01   5.7065e+01   3.9949e+00   0.0000e+00   0.0000e+00   2.6457e+02
20261009_03:00:00   2.1720e-01   5.8480e+01   4.1215e+00   0.0000e+00   0.0000e+00   2.6435e+02
20261009_06:00:00   1.6377e-01   4.6264e+01   3.1961e+00   0.0000e+00   0.0000e+00   2.6491e+02
20261009_09:00:00   1.4760e-01   4.2451e+01   2.8609e+00   0.0000e+00   0.0000e+00   2.6206e+02
20261009_12:00:00   1.0677e-01   3.2538e+01   2.0652e+00   0.0000e+00   0.0000e+00   2.6379e+02
20261009_15:00:00   7.5419e-02   2.4587e+01   1.4271e+00   0.0000e+00   0.0000e+00   2.6336e+02
20261009_18:00:00   8.2278e-02   2.6326e+01   1.5809e+00   0.0000e+00   0.0000e+00   2.6430e+02
20261009_21:00:00   1.1577e-01   3.4641e+01   2.2845e+00   0.0000e+00   0.0000e+00   2.6059e+02
20261010_00:00:00   1.3799e-01   4.0015e+01   2.7260e+00   0.0000e+00   0.0000e+00   2.6117e+02
20261010_03:00:00   1.1049e-01   3.3235e+01   2.2296e+00   0.0000e+00   0.0000e+00   2.6099e+02
20261010_06:00:00   1.0071e-01   3.0798e+01   2.0221e+00   0.0000e+00   0.0000e+00   2.6005e+02
20261010_09:00:00   8.9564e-02   2.7963e+01   1.7997e+00   0.0000e+00   0.0000e+00   2.6041e+02
20261010_12:00:00   7.5280e-02   2.4261e+01   1.5345e+00   0.0000e+00   0.0000e+00   2.5912e+02
20261010_15:00:00   6.9825e-02   2.2910e+01   1.3924e+00   0.0000e+00   0.0000e+00   2.5911e+02
20261010_18:00:00   6.5774e-02   2.1785e+01   1.3352e+00   0.0000e+00   0.0000e+00   2.5859e+02
20261010_21:00:00   9.2950e-02   2.8802e+01   1.9043e+00   0.0000e+00   0.0000e+00   2.5917e+02
20261011_00:00:00   1.1138e-01   3.3527e+01   2.2256e+00   0.0000e+00   0.0000e+00   2.5757e+02
20261011_03:00:00   1.1456e-01   3.4303e+01   2.2905e+00   0.0000e+00   0.0000e+00   2.5856e+02
20261011_06:00:00   8.3494e-02   2.6526e+01   1.6565e+00   0.0000e+00   0.0000e+00   2.6002e+02
20261011_09:00:00   9.6575e-02   2.9848e+01   1.9062e+00   0.0000e+00   0.0000e+00   2.5482e+02
20261011_12:00:00   1.1362e-01   3.4086e+01   2.2233e+00   0.0000e+00   0.0000e+00   2.5486e+02
20261011_15:00:00   1.0931e-01   3.2962e+01   2.1757e+00   0.0000e+00   0.0000e+00   2.5154e+02
20261011_18:00:00   1.1746e-01   3.4933e+01   2.3608e+00   0.0000e+00   0.0000e+00   2.4871e+02
20261011_21:00:00   1.6835e-01   4.7064e+01   3.3812e+00   0.0000e+00   0.0000e+00   2.4573e+02
20261012_00:00:00   1.8867e-01   5.1790e+01   3.7650e+00   0.0000e+00   0.0000e+00   2.4583e+02
20261012_03:00:00   1.9627e-01   5.3497e+01   3.9683e+00   0.0000e+00   0.0000e+00   2.4181e+02
20261012_06:00:00   2.6085e-01   6.7584e+01   5.1133e+00   0.0000e+00   0.0000e+00   2.4236e+02
20261012_09:00:00   2.4388e-01   6.3967e+01   4.7239e+00   0.0000e+00   0.0000e+00   2.4031e+02
20261012_12:00:00   1.9206e-01   5.2546e+01   3.7977e+00   0.0000e+00   0.0000e+00   2.3762e+02
20261012_15:00:00   1.6619e-01   4.6635e+01   3.2958e+00   0.0000e+00   0.0000e+00   2.3889e+02
20261012_18:00:00   1.9332e-01   5.2808e+01   3.8278e+00   0.0000e+00   0.0000e+00   2.3807e+02
20261012_21:00:00   1.8698e-01   5.1389e+01   3.7078e+00   0.0000e+00   0.0000e+00   2.3875e+02
20261013_00:00:00   2.1629e-01   5.8006e+01   4.4036e+00   0.0000e+00   0.0000e+00   2.3715e+02
20261013_03:00:00   2.0710e-01   5.5994e+01   4.1743e+00   0.0000e+00   0.0000e+00   2.3476e+02
20261013_06:00:00   1.5044e-01   4.2880e+01   3.0840e+00   0.0000e+00   0.0000e+00   2.3576e+02
20261013_09:00:00   1.1173e-01   3.3371e+01   2.3456e+00   0.0000e+00   0.0000e+00   2.3723e+02
20261013_12:00:00   9.7479e-02   2.9755e+01   2.0517e+00   0.0000e+00   0.0000e+00   2.3899e+02
20261013_15:00:00   8.5910e-02   2.6909e+01   1.7669e+00   0.0000e+00   0.0000e+00   2.4152e+02
20261013_18:00:00   7.4239e-02   2.3941e+01   1.5063e+00   0.0000e+00   0.0000e+00   2.4213e+02
20261013_21:00:00   7.9864e-02   2.5416e+01   1.6280e+00   0.0000e+00   0.0000e+00   2.4031e+02
20261014_00:00:00   7.4323e-02   2.3981e+01   1.5111e+00   0.0000e+00   0.0000e+00   2.3937e+02
20261014_03:00:00   6.3944e-02   2.1305e+01   1.2663e+00   0.0000e+00   0.0000e+00   2.4150e+02
20261014_06:00:00   6.4845e-02   2.1566e+01   1.2796e+00   0.0000e+00   0.0000e+00   2.4309e+02
20261014_09:00:00   6.4570e-02   2.1529e+01   1.2549e+00   0.0000e+00   0.0000e+00   2.4540e+02
20261014_12:00:00   6.5231e-02   2.1756e+01   1.2468e+00   0.0000e+00   0.0000e+00   2.4446e+02
20261014_15:00:00   8.6249e-02   2.7223e+01   1.6804e+00   0.0000e+00   0.0000e+00   2.4524e+02
20261014_18:00:00   1.4080e-01   4.0442e+01   2.9030e+00   0.0000e+00   0.0000e+00   2.4785e+02
20261014_21:00:00   1.6291e-01   4.5483e+01   3.4043e+00   0.0000e+00   0.0000e+00   2.5156e+02
20261015_00:00:00   1.6684e-01   4.6583e+01   3.3000e+00   0.0000e+00   0.0000e+00   2.5608e+02
20261015_03:00:00   2.0210e-01   5.4658e+01   3.9514e+00   0.0000e+00   0.0000e+00   2.5635e+02
20261015_06:00:00   2.3451e-01   6.1443e+01   4.6780e+00   0.0000e+00   0.0000e+00   2.6042e+02
20261015_09:00:00   2.4259e-01   6.2787e+01   5.0336e+00   0.0000e+00   0.0000e+00   2.6422e+02
20261015_12:00:00   2.4708e-01   6.4095e+01   4.7918e+00   0.0000e+00   0.0000e+00   2.6831e+02
20261015_15:00:00   2.8914e-01   7.2831e+01   5.4381e+00   0.0000e+00   0.0000e+00   2.7054e+02
20261015_18:00:00   2.7952e-01   7.0656e+01   5.4839e+00   0.0000e+00   0.0000e+00   2.6880e+02
20261015_21:00:00   3.0233e-01   7.5492e+01   5.9268e+00   0.0000e+00   0.0000e+00   2.7212e+02
20261016_00:00:00   1.5177e-01   4.3094e+01   3.0261e+00   0.0000e+00   0.0000e+00   2.7081e+02
20261016_03:00:00   8.4269e-02   2.6729e+01   1.6192e+00   0.0000e+00   0.0000e+00   2.6994e+02
20261016_06:00:00   7.2950e-02   2.3769e+01   1.3779e+00   0.0000e+00   0.0000e+00   2.6937e+02
20261016_09:00:00   6.5792e-02   2.1892e+01   1.2320e+00   0.0000e+00   0.0000e+00   2.7073e+02
20261016_12:00:00   6.2979e-02   2.1148e+01   1.1841e+00   0.0000e+00   0.0000e+00   2.7162e+02
20261016_15:00:00   6.7839e-02   2.2386e+01   1.3025e+00   0.0000e+00   0.0000e+00   2.7204e+02
20261016_18:00:00   7.5651e-02   2.4297e+01   1.4985e+00   0.0000e+00   0.0000e+00   2.6974e+02
20261016_21:00:00   1.1325e-01   3.3710e+01   2.2565e+00   0.0000e+00   0.0000e+00   2.6789e+02
20261017_00:00:00   1.3116e-01   3.8092e+01   2.6130e+00   0.0000e+00   0.0000e+00   2.6563e+02
20261017_03:00:00   1.6596e-01   4.6324e+01   3.2739e+00   0.0000e+00   0.0000e+00   2.6486e+02
20261017_06:00:00   1.8164e-01   4.9625e+01   3.7202e+00   0.0000e+00   0.0000e+00   2.6566e+02
20261017_09:00:00   2.3366e-01   6.0891e+01   4.8026e+00   0.0000e+00   0.0000e+00   2.6300e+02
20261017_12:00:00   2.2680e-01   5.9445e+01   4.6308e+00   0.0000e+00   0.0000e+00   2.6581e+02
20261017_15:00:00   2.1654e-01   5.7106e+01   4.4927e+00   0.0000e+00   0.0000e+00   2.6634e+02
20261017_18:00:00   2.0574e-01   5.4662e+01   4.3515e+00   0.0000e+00   0.0000e+00   2.6425e+02
20261017_21:00:00   1.7829e-01   4.8529e+01   3.8378e+00   0.0000e+00   0.0000e+00   2.6087e+02
20261018_00:00:00   1.5904e-01   4.4171e+01   3.4625e+00   0.0000e+00   0.0000e+00   2.5917e+02
20261018_03:00:00   1.3489e-01   3.8721e+01   2.8680e+00   0.0000e+00   0.0000e+00   2.6217e+02
20261018_06:00:00   1.5013e-01   4.2422e+01   3.0809e+00   0.0000e+00   1.4370e-05   2.6179e+02
