#            date       tau255        Tb[K]      pwv[mm] lwp[kg*m^-2] iwp[kg*m^-2]       o3[DU]
20260820_18:00:00   7.0202e-01   1.4320e+02   1.4015e+01   0.0000e+00   7.2192e-05   2.9584e+02
20260820_19:00:00   7.3456e-01   1.4802e+02   1.4271e+01   0.0000e+00   0.0000e+00   2.9122e+02
20260820_20:00:00   8.5109e-01   1.6281e+02   1.5239e+01   1.6916e-02   0.0000e+00   2.9395e+02
20260820_21:00:00   1.0078e+00   1.7996e+02   1.6196e+01   5.4175e-02   0.0000e+00   2.9527e+02
20260820_22:00:00   1.2584e+00   2.0220e+02   1.7182e+01   1.2884e-01   5.7480e-06   2.9337e+02
20260820_23:00:00   1.2078e+00   1.9850e+02   1.6832e+01   1.1262e-01   0.0000e+00   2.9097e+02
20260821_00:00:00   1.2321e+00   2.0070e+02   1.6813e+01   1.1934e-01   0.0000e+00   2.9426e+02
20260821_01:00:00   9.9245e-01   1.7918e+02   1.6031e+01   4.1344e-02   0.0000e+00   2.9681e+02
20260821_02:00:00   7.9767e-01   1.5715e+02   1.4653e+01   1.2788e-03   0.0000e+00   2.9628e+02
20260821_03:00:00   7.2066e-01   1.4712e+02   1.3629e+01   0.0000e+00   0.0000e+00   2.9598e+02
20260821_04:00:00   6.9370e-01   1.4318e+02   1.3412e+01   0.0000e+00   0.0000e+00   2.9624e+02
20260821_05:00:00   6.5973e-01   1.3824e+02   1.2944e+01   0.0000e+00   0.0000e+00   2.9664e+02
20260821_06:00:00   6.5676e-01   1.3765e+02   1.2937e+01   0.0000e+00   0.0000e+00   2.9975e+02
20260821_07:00:00   6.5529e-01   1.3727e+02   1.2973e+01   0.0000e+00   0.0000e+00   2.9869e+02
20260821_08:00:00   6.1917e-01   1.3196e+02   1.2369e+01   0.0000e+00   0.0000e+00   2.9891e+02
20260821_09:00:00   6.2052e-01   1.3197e+02   1.2449e+01   0.0000e+00   0.0000e+00   2.9981e+02
20260821_10:00:00   6.0286e-01   1.2911e+02   1.2289e+01   0.0000e+00   0.0000e+00   2.9933e+02
20260821_11:00:00   5.9379e-01   1.2756e+02   1.2225e+01   0.0000e+00   0.0000e+00   2.9793e+02
20260821_12:00:00   6.1485e-01   1.3059e+02   1.2665e+01   0.0000e+00   0.0000e+00   2.9841e+02
20260821_13:00:00   6.6840e-01   1.3826e+02   1.3612e+01   0.0000e+00   1.4058e-03   2.9972e+02
20260821_14:00:00   6.9979e-01   1.4264e+02   1.4108e+01   0.0000e+00   2.6960e-03   3.0081e+02
20260821_15:00:00   7.2793e-01   1.4653e+02   1.4470e+01   0.0000e+00   2.9880e-04   2.9999e+02
20260821_16:00:00   7.4520e-01   1.4901e+02   1.4644e+01   0.0000e+00   7.9660e-06   3.0215e+02
20260821_17:00:00   7.7637e-01   1.5320e+02   1.5034e+01   0.0000e+00   1.8508e-04   3.0242e+02
20260821_18:00:00   8.2345e-01   1.5927e+02   1.5628e+01   0.0000e+00   1.9587e-03   3.0405e+02
20260821_19:00:00   8.9091e-01   1.6736e+02   1.6335e+01   6.2400e-03   2.5709e-03   3.0160e+02
20260821_20:00:00   1.2812e+00   2.0358e+02   1.7877e+01   1.2546e-01   3.4557e-02   2.9818e+02
20260821_21:00:00   1.9076e+00   2.3886e+02   1.9202e+01   3.4860e-01   2.2245e-02   2.9333e+02
20260821_22:00:00   2.1377e+00   2.4715e+02   1.9696e+01   4.3123e-01   6.5396e-03   2.9403e+02
20260821_23:00:00   2.6943e+00   2.6134e+02   2.0327e+01   6.3905e-01   1.8489e-02   2.9701e+02
20260822_00:00:00   1.4677e+00   2.1662e+02   1.8414e+01   1.8288e-01   1.7444e-03   2.9533e+02
20260822_01:00:00   8.6284e-01   1.6506e+02   1.5626e+01   2.6777e-03   9.0584e-05   2.9430e+02
20260822_02:00:00   7.3607e-01   1.4941e+02   1.3750e+01   0.0000e+00   0.0000e+00   2.9347e+02
20260822_03:00:00   6.9183e-01   1.4329e+02   1.3114e+01   0.0000e+00   0.0000e+00   2.9229e+02
20260822_04:00:00   6.4951e-01   1.3728e+02   1.2488e+01   0.0000e+00   0.0000e+00   2.9139e+02
20260822_05:00:00   6.0535e-01   1.3035e+02   1.2033e+01   0.0000e+00   0.0000e+00   2.9295e+02
20260822_06:00:00   6.1941e-01   1.3206e+02   1.2439e+01   0.0000e+00   0.0000e+00   2.9217e+02
20260822_07:00:00   6.0836e-01   1.3024e+02   1.2331e+01   0.0000e+00   0.0000e+00   2.8836e+02
20260822_08:00:00   6.1051e-01   1.3057e+02   1.2314e+01   0.0000e+00   0.0000e+00   2.8529e+02
20260822_09:00:00   5.8208e-01   1.2622e+02   1.1817e+01   0.0000e+00   0.0000e+00   2.8415e+02
20260822_10:00:00   5.6952e-01   1.2426e+02   1.1607e+01   0.0000e+00   0.0000e+00   2.8497e+02
20260822_11:00:00   5.6475e-01   1.2354e+02   1.1498e+01   0.0000e+00   0.0000e+00   2.8589e+02
20260822_12:00:00   5.5615e-01   1.2224e+02   1.1311e+01   0.0000e+00   1.1148e-04   2.8507e+02
20260822_13:00:00   5.5573e-01   1.2222e+02   1.1237e+01   0.0000e+00   0.0000e+00   2.8408e+02
20260822_14:00:00   5.5443e-01   1.2204e+02   1.1200e+01   0.0000e+00   0.0000e+00   2.8142e+02
20260822_15:00:00   5.6245e-01   1.2333e+02   1.1315e+01   0.0000e+00   0.0000e+00   2.8277e+02
20260822_16:00:00   5.7591e-01   1.2552e+02   1.1472e+01   0.0000e+00   2.1560e-04   2.8292e+02
20260822_17:00:00   6.1177e-01   1.3120e+02   1.1970e+01   0.0000e+00   9.2460e-05   2.8262e+02
20260822_18:00:00   6.7900e-01   1.4095e+02   1.3083e+01   0.0000e+00   6.8850e-04   2.8176e+02
20260822_19:00:00   7.8386e-01   1.5474e+02   1.4877e+01   9.6262e-04   3.7628e-03   2.8124e+02
20260822_20:00:00   1.0414e+00   1.8306e+02   1.6304e+01   7.0385e-02   7.0026e-03   2.8115e+02
20260822_21:00:00   2.0072e+00   2.4216e+02   1.8152e+01   4.2764e-01   1.4045e-02   2.8057e+02
20260822_22:00:00   2.2101e+00   2.4913e+02   1.9147e+01   4.8539e-01   3.2244e-02   2.8139e+02
20260822_23:00:00   2.6144e+00   2.5906e+02   2.0246e+01   6.2797e-01   4.7777e-02   2.8388e+02
20260823_00:00:00   1.7877e+00   2.3334e+02   2.0130e+01   2.8705e-01   1.9695e-02   2.8350e+02
20260823_01:00:00   1.1495e+00   1.9318e+02   1.8525e+01   5.9128e-02   4.3752e-03   2.8104e+02
20260823_02:00:00   8.5895e-01   1.6417e+02   1.6312e+01   0.0000e+00   1.1896e-04   2.8065e+02
20260823_03:00:00   7.7748e-01   1.5420e+02   1.5120e+01   0.0000e+00   1.4000e-04   2.8239e+02
20260823_04:00:00   7.1247e-01   1.4565e+02   1.4057e+01   0.0000e+00   2.5460e-04   2.8577e+02
20260823_05:00:00   6.8342e-01   1.4148e+02   1.3652e+01   0.0000e+00   3.2860e-04   2.8879e+02
20260823_06:00:00   6.9522e-01   1.4279e+02   1.4035e+01   0.0000e+00   2.0803e-04   2.8486e+02
20260823_07:00:00   7.4091e-01   1.4853e+02   1.4913e+01   0.0000e+00   1.4368e-05   2.8384e+02
20260823_08:00:00   7.4668e-01   1.4921e+02   1.4966e+01   0.0000e+00   1.1420e-04   2.8329e+02
20260823_09:00:00   7.4597e-01   1.4913e+02   1.4880e+01   0.0000e+00   1.5300e-05   2.8348e+02
20260823_10:00:00   7.4208e-01   1.4873e+02   1.4721e+01   0.0000e+00   0.0000e+00   2.8282e+02
20260823_11:00:00   7.4332e-01   1.4894e+02   1.4661e+01   0.0000e+00   0.0000e+00   2.8291e+02
20260823_12:00:00   7.6312e-01   1.5141e+02   1.4990e+01   0.0000e+00   3.1888e-05   2.8197e+02
20260823_13:00:00   7.7114e-01   1.5245e+02   1.5066e+01   0.0000e+00   1.1014e-04   2.8211e+02
20260823_14:00:00   7.8667e-01   1.5448e+02   1.5106e+01   1.2210e-03   1.5706e-04   2.8522e+02
20260823_15:00:00   7.9406e-01   1.5553e+02   1.5093e+01   1.1710e-03   1.7972e-04   2.8658e+02
20260823_16:00:00   7.6813e-01   1.5257e+02   1.4640e+01   0.0000e+00   0.0000e+00   2.8653e+02
20260823_17:00:00   7.9490e-01   1.5602e+02   1.5059e+01   0.0000e+00   0.0000e+00   2.8758e+02
20260823_18:00:00   8.7572e-01   1.6570e+02   1.5878e+01   1.1114e-02   7.4720e-05   2.8705e+02
20260823_19:00:00   1.2498e+00   2.0101e+02   1.6971e+01   1.3835e-01   1.1784e-03   2.8508e+02
20260823_20:00:00   1.8603e+00   2.3618e+02   1.8325e+01   3.6344e-01   9.2472e-03   2.8465e+02
20260823_21:00:00   1.7639e+00   2.3247e+02   1.8501e+01   3.1348e-01   5.8913e-02   2.8620e+02
20260823_22:00:00   3.2528e+00   2.6890e+02   2.0867e+01   8.7083e-01   2.5250e-02   2.8478e+02
20260823_23:00:00   2.8572e+00   2.6205e+02   2.3759e+01   6.9525e-01   1.3201e+00   2.8409e+02
20260824_00:00:00   9.1244e-01   1.6806e+02   1.8016e+01   0.0000e+00   5.0892e-01   2.8330e+02
20260824_01:00:00   9.6063e-01   1.7414e+02   1.8624e+01   0.0000e+00   5.8288e-02   2.8277e+02
20260824_02:00:00   9.2376e-01   1.7072e+02   1.7814e+01   0.0000e+00   1.0586e-03   2.8233e+02
20260824_03:00:00   9.7181e-01   1.7576e+02   1.8631e+01   0.0000e+00   6.3563e-03   2.8224e+02
20260824_04:00:00   1.0126e+00   1.7970e+02   1.9511e+01   0.0000e+00   1.1774e-02   2.8230e+02
20260824_05:00:00   1.0261e+00   1.8076e+02   1.9889e+01   0.0000e+00   3.2789e-02   2.8352e+02
20260824_06:00:00   1.0352e+00   1.8162e+02   1.9995e+01   0.0000e+00   5.6441e-03   2.8268e+02
20260824_07:00:00   9.7748e-01   1.7605e+02   1.8984e+01   0.0000e+00   6.5116e-03   2.8147e+02
20260824_08:00:00   9.2217e-01   1.7032e+02   1.7950e+01   0.0000e+00   1.5266e-04   2.8226e+02
20260824_09:00:00   8.6739e-01   1.6425e+02   1.7002e+01   0.0000e+00   1.8362e-05   2.8168e+02
20260824_10:00:00   8.2785e-01   1.5970e+02   1.6221e+01   0.0000e+00   1.5300e-06   2.8460e+02
20260824_11:00:00   8.3466e-01   1.6039e+02   1.6260e+01   0.0000e+00   3.8260e-05   2.8648e+02
20260824_12:00:00   8.2951e-01   1.5979e+02   1.6099e+01   0.0000e+00   0.0000e+00   2.8945e+02
20260824_13:00:00   8.4363e-01   1.6147e+02   1.6224e+01   0.0000e+00   0.0000e+00   2.8983e+02
20260824_14:00:00   8.4555e-01   1.6165e+02   1.6283e+01   0.0000e+00   2.0840e-06   2.8790e+02
20260824_15:00:00   8.5398e-01   1.6261e+02   1.6388e+01   0.0000e+00   0.0000e+00   2.8545e+02
20260824_16:00:00   8.2963e-01   1.5980e+02   1.6012e+01   0.0000e+00   0.0000e+00   2.8469e+02
20260824_17:00:00   8.0388e-01   1.5691e+02   1.5492e+01   0.0000e+00   0.0000e+00   2.8612e+02
20260824_18:00:00   8.2637e-01   1.5976e+02   1.5773e+01   0.0000e+00   0.0000e+00   2.8822e+02
20260824_19:00:00   9.0429e-01   1.6884e+02   1.6794e+01   2.2195e-03   0.0000e+00   2.8627e+02
20260824_20:00:00   1.5503e+00   2.2173e+02   1.7622e+01   2.3901e-01   8.6200e-05   2.8354e+02
20260824_21:00:00   2.2717e+00   2.5149e+02   1.8281e+01   5.1522e-01   1.2643e-04   2.8341e+02
20260824_22:00:00   1.0040e+00   1.7980e+02   1.6772e+01   3.4844e-02   0.0000e+00   2.8498e+02
20260824_23:00:00   8.3708e-01   1.6200e+02   1.5333e+01   3.4560e-03   0.0000e+00   2.8343e+02
20260825_00:00:00   8.1237e-01   1.5897e+02   1.5153e+01   0.0000e+00   0.0000e+00   2.8356e+02
20260825_01:00:00   7.9261e-01   1.5659e+02   1.4860e+01   0.0000e+00   0.0000e+00   2.8471e+02
20260825_02:00:00   7.4616e-01   1.5073e+02   1.4027e+01   0.0000e+00   0.0000e+00   2.8370e+02
20260825_03:00:00   6.8331e-01   1.4216e+02   1.3141e+01   0.0000e+00   0.0000e+00   2.8367e+02
20260825_04:00:00   6.6863e-01   1.4001e+02   1.2957e+01   0.0000e+00   0.0000e+00   2.8495e+02
20260825_05:00:00   6.9502e-01   1.4367e+02   1.3422e+01   0.0000e+00   0.0000e+00   2.8480e+02
20260825_06:00:00   7.0930e-01   1.4558e+02   1.3683e+01   0.0000e+00   0.0000e+00   2.8136e+02
20260825_07:00:00   7.1183e-01   1.4594e+02   1.3751e+01   0.0000e+00   0.0000e+00   2.8055e+02
20260825_08:00:00   7.4129e-01   1.4971e+02   1.4346e+01   0.0000e+00   0.0000e+00   2.8034e+02
20260825_09:00:00   7.9282e-01   1.5605e+02   1.5338e+01   0.0000e+00   0.0000e+00   2.8035e+02
20260825_10:00:00   8.0968e-01   1.5789e+02   1.5710e+01   0.0000e+00   0.0000e+00   2.8131e+02
20260825_11:00:00   8.0342e-01   1.5704e+02   1.5635e+01   0.0000e+00   0.0000e+00   2.7974e+02
20260825_12:00:00   7.8223e-01   1.5440e+02   1.5294e+01   0.0000e+00   0.0000e+00   2.7774e+02
20260825_13:00:00   7.5876e-01   1.5138e+02   1.4937e+01   0.0000e+00   0.0000e+00   2.7558e+02
20260825_14:00:00   7.1074e-01   1.4518e+02   1.4102e+01   0.0000e+00   0.0000e+00   2.7617e+02
20260825_15:00:00   6.8858e-01   1.4216e+02   1.3716e+01   0.0000e+00   0.0000e+00   2.7809e+02
20260825_16:00:00   6.7278e-01   1.4017e+02   1.3245e+01   0.0000e+00   0.0000e+00   2.7821e+02
20260825_17:00:00   6.7171e-01   1.4025e+02   1.3033e+01   0.0000e+00   0.0000e+00   2.7900e+02
20260825_18:00:00   6.9577e-01   1.4382e+02   1.3301e+01   0.0000e+00   0.0000e+00   2.7858e+02
20260825_21:00:00   8.6119e-01   1.6490e+02   1.6082e+01   3.4480e-04   1.2228e-06   2.7874e+02
20260826_00:00:00   1.0953e+00   1.8910e+02   1.8696e+01   3.5962e-02   4.9160e-04   2.8213e+02
20260826_03:00:00   7.9593e-01   1.5741e+02   1.5205e+01   0.0000e+00   0.0000e+00   2.8035e+02
20260826_06:00:00   5.8938e-01   1.2910e+02   1.1377e+01   0.0000e+00   0.0000e+00   2.8230e+02
20260826_09:00:00   4.7828e-01   1.1068e+02   9.4944e+00   0.0000e+00   0.0000e+00   2.8037e+02
20260826_12:00:00   5.5917e-01   1.2365e+02   1.0942e+01   0.0000e+00   0.0000e+00   2.8067e+02
20260826_15:00:00   5.9927e-01   1.2935e+02   1.1801e+01   0.0000e+00   0.0000e+00   2.7868e+02
20260826_18:00:00   9.5784e-01   1.7477e+02   1.8236e+01   0.0000e+00   6.1023e-02   2.7961e+02
20260826_21:00:00   1.2174e+00   1.9886e+02   2.1573e+01   2.6625e-02   2.2011e-01   2.7867e+02
20260827_00:00:00   1.0162e+00   1.8146e+02   1.9260e+01   0.0000e+00   7.4461e-03   2.7509e+02
20260827_03:00:00   8.7166e-01   1.6601e+02   1.7022e+01   0.0000e+00   8.7179e-03   2.7517e+02
20260827_06:00:00   7.2781e-01   1.4799e+02   1.4626e+01   0.0000e+00   8.5600e-06   2.7853e+02
20260827_09:00:00   5.8855e-01   1.2789e+02   1.2143e+01   0.0000e+00   0.0000e+00   2.8015e+02
20260827_12:00:00   7.3066e-01   1.4844e+02   1.4313e+01   0.0000e+00   0.0000e+00   2.8110e+02
20260827_15:00:00   8.2965e-01   1.6114e+02   1.5537e+01   2.8756e-03   1.9564e-06   2.8036e+02
20260827_18:00:00   9.5555e-01   1.7556e+02   1.7772e+01   1.8200e-04   1.2076e-04   2.8030e+02
20260827_21:00:00   9.6021e-01   1.7577e+02   1.8181e+01   1.2644e-03   6.8002e-02   2.8011e+02
20260828_00:00:00   9.0448e-01   1.7009e+02   1.7289e+01   0.0000e+00   4.2062e-02   2.8140e+02
20260828_03:00:00   7.2483e-01   1.4768e+02   1.4732e+01   0.0000e+00   1.7319e-02   2.7893e+02
20260828_06:00:00   6.1340e-01   1.3199e+02   1.2602e+01   0.0000e+00   2.6600e-05   2.7899e+02
20260828_09:00:00   6.4231e-01   1.3615e+02   1.3012e+01   0.0000e+00   2.4460e-06   2.7596e+02
20260828_12:00:00   7.6079e-01   1.5193e+02   1.5011e+01   6.1780e-04   7.4720e-05   2.7873e+02
20260828_15:00:00   8.4387e-01   1.6230e+02   1.6131e+01   3.6200e-03   1.0892e-04   2.7962e+02
20260828_18:00:00   1.0343e+00   1.8274e+02   1.9820e+01   0.0000e+00   3.4154e-04   2.8005e+02
20260828_21:00:00   1.0558e+00   1.8505e+02   2.0315e+01   0.0000e+00   5.4810e-02   2.7763e+02
20260829_00:00:00   1.0835e+00   1.8824e+02   2.0418e+01   1.4368e-05   1.0781e-02   2.7649e+02
20260829_03:00:00   9.1523e-01   1.7146e+02   1.7641e+01   0.0000e+00   1.1492e-03   2.7603e+02
20260829_06:00:00   8.1631e-01   1.5961e+02   1.6104e+01   0.0000e+00   3.0800e-05   2.7840e+02
20260829_09:00:00   8.0165e-01   1.5768e+02   1.5706e+01   0.0000e+00   0.0000e+00   2.7792e+02
20260829_12:00:00   7.2906e-01   1.4836e+02   1.4370e+01   0.0000e+00   0.0000e+00   2.7899e+02
20260829_15:00:00   7.0268e-01   1.4497e+02   1.3877e+01   0.0000e+00   2.4160e-05   2.8081e+02
20260829_18:00:00   9.2993e-01   1.7279e+02   1.7674e+01   0.0000e+00   3.5220e-05   2.7772e+02
20260829_21:00:00   1.1782e+00   1.9695e+02   2.0494e+01   2.5056e-02   5.7480e-06   2.7528e+02
20260830_00:00:00   1.1511e+00   1.9486e+02   2.0780e+01   1.1470e-02   9.4303e-03   2.7686e+02
20260830_03:00:00   9.6996e-01   1.7702e+02   1.8919e+01   0.0000e+00   4.3883e-03   2.7871e+02
20260830_06:00:00   9.6793e-01   1.7622e+02   1.8927e+01   0.0000e+00   7.3264e-04   2.7959e+02
20260830_09:00:00   8.7349e-01   1.6609e+02   1.7231e+01   0.0000e+00   3.8260e-05   2.7746e+02
20260830_12:00:00   8.1317e-01   1.5894e+02   1.6068e+01   0.0000e+00   0.0000e+00   2.7916e+02
20260830_15:00:00   8.2032e-01   1.6003e+02   1.5959e+01   0.0000e+00   0.0000e+00   2.8035e+02
20260830_18:00:00   8.8944e-01   1.6851e+02   1.6874e+01   0.0000e+00   0.0000e+00   2.8014e+02
20260830_21:00:00   3.0492e+00   2.6764e+02   2.2496e+01   7.4762e-01   6.0536e-03   2.7826e+02
20260831_00:00:00   1.4983e+00   2.1973e+02   2.1716e+01   1.3524e-01   3.8058e-02   2.7651e+02
20260831_03:00:00   8.8540e-01   1.6840e+02   1.7101e+01   0.0000e+00   1.0524e-04   2.7664e+02
20260831_06:00:00   7.2775e-01   1.4853e+02   1.4546e+01   0.0000e+00   0.0000e+00   2.8081e+02
20260831_09:00:00   7.4448e-01   1.5034e+02   1.4892e+01   0.0000e+00   0.0000e+00   2.7866e+02
20260831_12:00:00   7.4428e-01   1.5012e+02   1.4663e+01   0.0000e+00   0.0000e+00   2.7965e+02
20260831_15:00:00   6.9641e-01   1.4393e+02   1.3719e+01   0.0000e+00   0.0000e+00   2.8072e+02
20260831_18:00:00   7.2387e-01   1.4819e+02   1.3883e+01   0.0000e+00   0.0000e+00   2.7658e+02
20260831_21:00:00   1.7140e+00   2.3159e+02   1.7910e+01   2.9878e-01   6.9940e-05   2.7563e+02
20260901_00:00:00   1.1486e+00   1.9381e+02   1.8703e+01   6.0484e-02   1.7439e-01   2.7165e+02
20260901_03:00:00   7.9489e-01   1.5729e+02   1.5451e+01   0.0000e+00   0.0000e+00   2.7340e+02
20260901_06:00:00   8.2244e-01   1.6034e+02   1.5918e+01   0.0000e+00   0.0000e+00   2.7348e+02
20260901_09:00:00   8.1452e-01   1.5935e+02   1.5498e+01   0.0000e+00   2.1580e-05   2.7281e+02
20260901_12:00:00   7.4969e-01   1.5097e+02   1.4450e+01   0.0000e+00   2.4460e-06   2.7248e+02
20260901_15:00:00   7.3608e-01   1.4919e+02   1.4127e+01   0.0000e+00   2.2623e-05   2.7757e+02
20260901_18:00:00   6.1084e-01   1.3191e+02   1.1812e+01   0.0000e+00   1.3940e-04   2.7841e+02
20260901_21:00:00   5.8789e-01   1.2843e+02   1.1390e+01   0.0000e+00   3.4382e-04   2.7726e+02
20260902_00:00:00   6.7698e-01   1.4140e+02   1.3004e+01   0.0000e+00   0.0000e+00   2.7289e+02
20260902_03:00:00   6.8146e-01   1.4188e+02   1.3346e+01   0.0000e+00   1.6814e-04   2.7137e+02
20260902_06:00:00   7.8341e-01   1.5517e+02   1.5215e+01   0.0000e+00   7.7740e-03   2.7563e+02
20260902_09:00:00   7.7303e-01   1.5349e+02   1.4891e+01   0.0000e+00   5.3504e-04   2.7640e+02
20260902_12:00:00   6.9012e-01   1.4213e+02   1.3494e+01   0.0000e+00   2.3370e-02   2.7533e+02
20260902_15:00:00   6.5899e-01   1.3696e+02   1.3630e+01   0.0000e+00   1.7468e-02   2.7491e+02
20260902_18:00:00   9.5267e-01   1.7320e+02   1.8300e+01   0.0000e+00   4.7007e-02   2.7467e+02
20260902_21:00:00   1.8553e+00   2.3743e+02   2.3417e+01   2.2520e-01   2.0981e-02   2.7498e+02
20260903_00:00:00   1.6301e+00   2.2537e+02   2.4298e+01   1.2397e-01   3.2626e-01   2.7451e+02
20260903_03:00:00   1.0967e+00   1.8713e+02   2.0906e+01   0.0000e+00   4.1502e-02   2.7639e+02
20260903_06:00:00   1.1453e+00   1.9165e+02   2.0868e+01   1.1825e-02   1.4280e-03   2.7677e+02
20260903_09:00:00   1.1437e+00   1.9147e+02   2.1337e+01   5.9670e-04   2.7880e-03   2.7291e+02
20260903_12:00:00   1.2944e+00   2.0387e+02   2.3105e+01   1.5240e-02   5.8392e-04   2.7297e+02
20260903_15:00:00   1.2620e+00   2.0060e+02   2.2057e+01   4.1153e-02   1.0199e-03   2.7333e+02
20260903_18:00:00   1.2687e+00   2.0110e+02   2.3031e+01   1.7789e-02   4.4185e-03   2.7264e+02
20260903_21:00:00   1.6894e+00   2.2861e+02   2.4800e+01   1.3465e-01   1.2012e-02   2.7081e+02
20260904_00:00:00   1.4671e+00   2.1564e+02   2.4783e+01   5.2987e-02   2.2176e-02   2.7089e+02
20260904_03:00:00   1.1450e+00   1.9145e+02   2.1772e+01   8.7890e-03   2.2708e-02   2.7108e+02
20260904_06:00:00   9.0814e-01   1.6784e+02   1.7750e+01   1.3690e-02   2.3408e-02   2.7003e+02
20260904_09:00:00   6.7108e-01   1.3803e+02   1.4100e+01   0.0000e+00   1.8042e-02   2.6940e+02
20260904_12:00:00   5.5523e-01   1.2078e+02   1.1888e+01   0.0000e+00   2.2543e-02   2.7016e+02
20260904_15:00:00   4.8043e-01   1.0852e+02   1.0494e+01   0.0000e+00   3.4158e-03   2.7127e+02
20260904_18:00:00   5.7885e-01   1.2455e+02   1.2150e+01   1.7790e-04   3.1580e-03   2.7059e+02
20260904_21:00:00   7.5033e-01   1.4942e+02   1.4184e+01   1.0382e-02   2.7721e-03   2.7088e+02
20260905_00:00:00   1.0914e+00   1.8796e+02   1.5665e+01   1.0965e-01   2.3836e-03   2.7063e+02
20260905_03:00:00   6.0001e-01   1.2757e+02   1.2986e+01   2.8390e-04   1.5489e-02   2.7117e+02
20260905_06:00:00   7.4145e-01   1.4739e+02   1.5309e+01   0.0000e+00   1.1463e-02   2.7253e+02
20260905_09:00:00   7.9020e-01   1.5413e+02   1.5775e+01   0.0000e+00   5.2818e-03   2.7322e+02
20260905_12:00:00   7.8152e-01   1.5336e+02   1.5599e+01   0.0000e+00   2.5286e-03   2.7253e+02
20260905_15:00:00   7.7258e-01   1.5223e+02   1.5691e+01   0.0000e+00   7.1199e-03   2.7381e+02
20260905_18:00:00   7.9697e-01   1.5538e+02   1.6066e+01   0.0000e+00   3.4343e-03   2.7582e+02
