#            date       tau255        Tb[K]      pwv[mm] lwp[kg*m^-2] iwp[kg*m^-2]       o3[DU]
20260816_18:00:00   8.5447e-01   1.6258e+02   1.6058e+01   0.0000e+00   0.0000e+00   2.8432e+02
20260816_19:00:00   8.8752e-01   1.6677e+02   1.6415e+01   0.0000e+00   0.0000e+00   2.8381e+02
20260816_20:00:00   9.5098e-01   1.7413e+02   1.7116e+01   8.5700e-04   0.0000e+00   2.8265e+02
20260816_21:00:00   1.2913e+00   2.0528e+02   1.8138e+01   1.0243e-01   0.0000e+00   2.8102e+02
20260816_22:00:00   1.7896e+00   2.3534e+02   1.8690e+01   2.8129e-01   0.0000e+00   2.7887e+02
20260816_23:00:00   1.7891e+00   2.3547e+02   1.8757e+01   2.7703e-01   0.0000e+00   2.7727e+02
20260817_00:00:00   1.1944e+00   1.9801e+02   1.7797e+01   6.8664e-02   8.6200e-05   2.7764e+02
20260817_01:00:00   9.4893e-01   1.7471e+02   1.6924e+01   6.6530e-05   0.0000e+00   2.7611e+02
20260817_02:00:00   8.8002e-01   1.6715e+02   1.5944e+01   8.3210e-06   3.3200e-06   2.7456e+02
20260817_03:00:00   8.0716e-01   1.5858e+02   1.4842e+01   0.0000e+00   0.0000e+00   2.7399e+02
20260817_04:00:00   7.5774e-01   1.5233e+02   1.4161e+01   0.0000e+00   0.0000e+00   2.7648e+02
20260817_05:00:00   7.2038e-01   1.4734e+02   1.3659e+01   0.0000e+00   8.7140e-06   2.7705e+02
20260817_06:00:00   6.8929e-01   1.4294e+02   1.3246e+01   0.0000e+00   4.0800e-04   2.7697e+02
20260817_07:00:00   6.6786e-01   1.3973e+02   1.2998e+01   0.0000e+00   5.2239e-04   2.8040e+02
20260817_08:00:00   6.5086e-01   1.3713e+02   1.2758e+01   0.0000e+00   2.5511e-04   2.8093e+02
20260817_09:00:00   6.2444e-01   1.3309e+02   1.2390e+01   0.0000e+00   3.3405e-05   2.8103e+02
20260817_10:00:00   6.0515e-01   1.3011e+02   1.2097e+01   0.0000e+00   1.1166e-04   2.7963e+02
20260817_11:00:00   5.8245e-01   1.2655e+02   1.1771e+01   0.0000e+00   2.5199e-04   2.7683e+02
20260817_12:00:00   5.7448e-01   1.2526e+02   1.1655e+01   0.0000e+00   1.0448e-04   2.7643e+02
20260817_13:00:00   5.8534e-01   1.2685e+02   1.1877e+01   0.0000e+00   8.3340e-06   2.7644e+02
20260817_14:00:00   5.8639e-01   1.2699e+02   1.1984e+01   0.0000e+00   2.0840e-06   2.7613e+02
20260817_15:00:00   5.9211e-01   1.2777e+02   1.2180e+01   0.0000e+00   1.5626e-06   2.7717e+02
20260817_16:00:00   6.1038e-01   1.3058e+02   1.2466e+01   0.0000e+00   2.6040e-07   2.7731e+02
20260817_17:00:00   6.5572e-01   1.3740e+02   1.3131e+01   0.0000e+00   2.8480e-04   2.7755e+02
20260817_18:00:00   7.1039e-01   1.4516e+02   1.3982e+01   0.0000e+00   1.8096e-03   2.7678e+02
20260817_19:00:00   7.7955e-01   1.5439e+02   1.5064e+01   0.0000e+00   1.8278e-03   2.7701e+02
20260817_20:00:00   8.7024e-01   1.6553e+02   1.6358e+01   3.5776e-03   1.3352e-04   2.7684e+02
20260817_21:00:00   1.0346e+00   1.8326e+02   1.7552e+01   3.5598e-02   0.0000e+00   2.7504e+02
20260817_22:00:00   1.2361e+00   2.0128e+02   1.8009e+01   1.0152e-01   0.0000e+00   2.7364e+02
20260817_23:00:00   1.2679e+00   2.0389e+02   1.8082e+01   1.1122e-01   0.0000e+00   2.7326e+02
20260818_00:00:00   1.2682e+00   2.0396e+02   1.7834e+01   1.1762e-01   0.0000e+00   2.7402e+02
20260818_01:00:00   8.7977e-01   1.6734e+02   1.6090e+01   8.1180e-03   0.0000e+00   2.7376e+02
20260818_02:00:00   8.7429e-01   1.6682e+02   1.5564e+01   1.8096e-02   0.0000e+00   2.7597e+02
20260818_03:00:00   7.6505e-01   1.5345e+02   1.4626e+01   0.0000e+00   0.0000e+00   2.7801e+02
20260818_04:00:00   6.7798e-01   1.4170e+02   1.3370e+01   0.0000e+00   0.0000e+00   2.7733e+02
20260818_05:00:00   6.1020e-01   1.3155e+02   1.2408e+01   0.0000e+00   4.9860e-04   2.7792e+02
20260818_06:00:00   6.1317e-01   1.3178e+02   1.2492e+01   0.0000e+00   1.7110e-03   2.8009e+02
20260818_07:00:00   6.3363e-01   1.3461e+02   1.2919e+01   0.0000e+00   1.0986e-03   2.8025e+02
20260818_08:00:00   7.4343e-01   1.4981e+02   1.4709e+01   0.0000e+00   1.4368e-05   2.7842e+02
20260818_09:00:00   8.1140e-01   1.5856e+02   1.5637e+01   0.0000e+00   0.0000e+00   2.8151e+02
20260818_10:00:00   8.4952e-01   1.6298e+02   1.6031e+01   0.0000e+00   0.0000e+00   2.8338e+02
20260818_11:00:00   8.5289e-01   1.6350e+02   1.6154e+01   1.9044e-04   0.0000e+00   2.8351e+02
20260818_12:00:00   8.7621e-01   1.6619e+02   1.6494e+01   0.0000e+00   2.6600e-05   2.8195e+02
20260818_13:00:00   8.1939e-01   1.5962e+02   1.5661e+01   0.0000e+00   1.4394e-04   2.8241e+02
20260818_14:00:00   8.1709e-01   1.5939e+02   1.5558e+01   0.0000e+00   3.4854e-05   2.8136e+02
20260818_15:00:00   8.3668e-01   1.6181e+02   1.5741e+01   0.0000e+00   0.0000e+00   2.7971e+02
20260818_16:00:00   8.1334e-01   1.5901e+02   1.5356e+01   0.0000e+00   0.0000e+00   2.8003e+02
20260818_17:00:00   8.1104e-01   1.5878e+02   1.5329e+01   0.0000e+00   0.0000e+00   2.8090e+02
20260818_18:00:00   8.3131e-01   1.6129e+02   1.5619e+01   0.0000e+00   0.0000e+00   2.8008e+02
20260818_19:00:00   8.8837e-01   1.6807e+02   1.6284e+01   3.1600e-03   0.0000e+00   2.8055e+02
20260818_20:00:00   1.0128e+00   1.8148e+02   1.6733e+01   3.9040e-02   0.0000e+00   2.8062e+02
20260818_21:00:00   1.5857e+00   2.2478e+02   1.7934e+01   2.3681e-01   5.4012e-04   2.8201e+02
20260818_22:00:00   2.4260e+00   2.5683e+02   1.8625e+01   5.5720e-01   1.2644e-04   2.8404e+02
20260818_23:00:00   2.2275e+00   2.5172e+02   1.8633e+01   4.7488e-01   9.1960e-05   2.8200e+02
20260819_00:00:00   1.0765e+00   1.8808e+02   1.6423e+01   6.2801e-02   0.0000e+00   2.8126e+02
20260819_01:00:00   7.8828e-01   1.5676e+02   1.4008e+01   8.0738e-03   0.0000e+00   2.7876e+02
20260819_02:00:00   6.3800e-01   1.3636e+02   1.1991e+01   0.0000e+00   0.0000e+00   2.7915e+02
20260819_03:00:00   6.0727e-01   1.3150e+02   1.1731e+01   0.0000e+00   0.0000e+00   2.8150e+02
20260819_04:00:00   6.5190e-01   1.3781e+02   1.2689e+01   0.0000e+00   0.0000e+00   2.8271e+02
20260819_05:00:00   6.9271e-01   1.4340e+02   1.3422e+01   0.0000e+00   0.0000e+00   2.8385e+02
20260819_06:00:00   7.0948e-01   1.4556e+02   1.3719e+01   0.0000e+00   0.0000e+00   2.8393e+02
20260819_07:00:00   6.8766e-01   1.4262e+02   1.3372e+01   0.0000e+00   1.5300e-06   2.8575e+02
20260819_08:00:00   6.9535e-01   1.4360e+02   1.3491e+01   0.0000e+00   0.0000e+00   2.8244e+02
20260819_09:00:00   6.9849e-01   1.4395e+02   1.3510e+01   0.0000e+00   1.1330e-05   2.8079e+02
20260819_10:00:00   6.9336e-01   1.4315e+02   1.3493e+01   0.0000e+00   5.2120e-05   2.8076e+02
20260819_11:00:00   7.2531e-01   1.4750e+02   1.4057e+01   0.0000e+00   1.5004e-04   2.8269e+02
20260819_12:00:00   7.6345e-01   1.5237e+02   1.4636e+01   0.0000e+00   5.1340e-05   2.8114e+02
20260819_13:00:00   7.6686e-01   1.5271e+02   1.4690e+01   0.0000e+00   0.0000e+00   2.8117e+02
20260819_14:00:00   7.4505e-01   1.4984e+02   1.4360e+01   0.0000e+00   0.0000e+00   2.8259e+02
20260819_15:00:00   7.2544e-01   1.4724e+02   1.4067e+01   0.0000e+00   0.0000e+00   2.8460e+02
20260819_16:00:00   7.3220e-01   1.4811e+02   1.4188e+01   0.0000e+00   0.0000e+00   2.8465e+02
20260819_17:00:00   7.6341e-01   1.5225e+02   1.4636e+01   0.0000e+00   0.0000e+00   2.8459e+02
20260819_18:00:00   8.0417e-01   1.5747e+02   1.5202e+01   0.0000e+00   0.0000e+00   2.8558e+02
20260819_19:00:00   8.7630e-01   1.6610e+02   1.5738e+01   1.3676e-02   0.0000e+00   2.8731e+02
20260819_20:00:00   1.0147e+00   1.8085e+02   1.6288e+01   5.3860e-02   0.0000e+00   2.8862e+02
20260819_21:00:00   1.0334e+00   1.8278e+02   1.6065e+01   6.3366e-02   4.5980e-05   2.8791e+02
20260819_22:00:00   9.6041e-01   1.7574e+02   1.5856e+01   3.5539e-02   6.3220e-05   2.8847e+02
20260819_23:00:00   9.8515e-01   1.7849e+02   1.5756e+01   4.5177e-02   6.3220e-05   2.9124e+02
20260820_00:00:00   9.7926e-01   1.7805e+02   1.5044e+01   5.6908e-02   2.8740e-05   2.9118e+02
20260820_01:00:00   8.4522e-01   1.6358e+02   1.3456e+01   3.7897e-02   0.0000e+00   2.9044e+02
20260820_02:00:00   1.0095e+00   1.8130e+02   1.4439e+01   7.5396e-02   0.0000e+00   2.9169e+02
20260820_03:00:00   6.7654e-01   1.4175e+02   1.2256e+01   5.0999e-04   0.0000e+00   2.9088e+02
20260820_04:00:00   5.3775e-01   1.2076e+02   1.0133e+01   0.0000e+00   1.3044e-03   2.9128e+02
20260820_05:00:00   5.3136e-01   1.1945e+02   1.0130e+01   0.0000e+00   4.5879e-03   2.9240e+02
20260820_06:00:00   4.7701e-01   1.1018e+02   9.3696e+00   0.0000e+00   3.6510e-02   2.9170e+02
20260820_07:00:00   4.4926e-01   1.0485e+02   9.2556e+00   0.0000e+00   1.5500e-02   2.9201e+02
20260820_08:00:00   5.3662e-01   1.1890e+02   1.1288e+01   0.0000e+00   1.9201e-02   2.9380e+02
20260820_09:00:00   6.5842e-01   1.3717e+02   1.3571e+01   0.0000e+00   3.1833e-03   2.9205e+02
20260820_10:00:00   6.3919e-01   1.3433e+02   1.3253e+01   0.0000e+00   2.1230e-03   2.9071e+02
20260820_11:00:00   6.2278e-01   1.3215e+02   1.2761e+01   0.0000e+00   5.6314e-03   2.9248e+02
20260820_12:00:00   5.8486e-01   1.2668e+02   1.1844e+01   0.0000e+00   6.4245e-03   2.9240e+02
20260820_13:00:00   5.3352e-01   1.1871e+02   1.0822e+01   0.0000e+00   2.2991e-03   2.9145e+02
20260820_14:00:00   5.3750e-01   1.1923e+02   1.0994e+01   0.0000e+00   5.0901e-04   2.9281e+02
20260820_15:00:00   5.7976e-01   1.2564e+02   1.1782e+01   0.0000e+00   8.6614e-05   2.9443e+02
20260820_16:00:00   6.3006e-01   1.3315e+02   1.2584e+01   0.0000e+00   6.8280e-05   2.9585e+02
20260820_17:00:00   7.0764e-01   1.4430e+02   1.3820e+01   0.0000e+00   8.8200e-05   2.9573e+02
20260820_18:00:00   7.7010e-01   1.5251e+02   1.4877e+01   0.0000e+00   7.3332e-04   2.9686e+02
20260820_19:00:00   9.2179e-01   1.7023e+02   1.6106e+01   3.1979e-02   3.7884e-03   2.9813e+02
20260820_20:00:00   1.0482e+00   1.8334e+02   1.6668e+01   6.4097e-02   4.0581e-03   2.9810e+02
20260820_21:00:00   9.6845e-01   1.7599e+02   1.6646e+01   2.4099e-02   4.6034e-03   2.9704e+02
20260820_22:00:00   1.0182e+00   1.8123e+02   1.7005e+01   3.4857e-02   2.5916e-03   2.9652e+02
20260820_23:00:00   1.0852e+00   1.8779e+02   1.7359e+01   5.3206e-02   4.7418e-04   2.9272e+02
20260821_00:00:00   9.7993e-01   1.7781e+02   1.6491e+01   2.8139e-02   2.8740e-05   2.8953e+02
20260821_01:00:00   8.4391e-01   1.6314e+02   1.5287e+01   0.0000e+00   0.0000e+00   2.8792e+02
20260821_02:00:00   8.1303e-01   1.5947e+02   1.4761e+01   0.0000e+00   0.0000e+00   2.8829e+02
20260821_03:00:00   8.1476e-01   1.5951e+02   1.4868e+01   0.0000e+00   0.0000e+00   2.8896e+02
20260821_04:00:00   7.1360e-01   1.4660e+02   1.3275e+01   0.0000e+00   0.0000e+00   2.8743e+02
20260821_05:00:00   6.9696e-01   1.4413e+02   1.3125e+01   0.0000e+00   8.5878e-04   2.8687e+02
20260821_06:00:00   6.4494e-01   1.3669e+02   1.2355e+01   0.0000e+00   2.4336e-03   2.8662e+02
20260821_07:00:00   6.6116e-01   1.3882e+02   1.2655e+01   0.0000e+00   2.3976e-03   2.8581e+02
20260821_08:00:00   6.7576e-01   1.4083e+02   1.2882e+01   0.0000e+00   4.2385e-03   2.8641e+02
20260821_09:00:00   6.8517e-01   1.4216e+02   1.3018e+01   0.0000e+00   6.9678e-03   2.8929e+02
20260821_10:00:00   7.1551e-01   1.4618e+02   1.3537e+01   0.0000e+00   1.0205e-02   2.8831e+02
20260821_11:00:00   7.1566e-01   1.4619e+02   1.3492e+01   0.0000e+00   4.2596e-02   2.8797e+02
20260821_12:00:00   7.3090e-01   1.4801e+02   1.3911e+01   0.0000e+00   3.6491e-02   2.8959e+02
20260821_13:00:00   6.9636e-01   1.4323e+02   1.3585e+01   0.0000e+00   2.5418e-02   2.9198e+02
20260821_14:00:00   7.1478e-01   1.4564e+02   1.3953e+01   0.0000e+00   7.9440e-03   2.9325e+02
20260821_15:00:00   7.8971e-01   1.5533e+02   1.5155e+01   0.0000e+00   1.9285e-02   2.9306e+02
20260821_16:00:00   7.8627e-01   1.5460e+02   1.5373e+01   0.0000e+00   1.6065e-02   2.8948e+02
20260821_17:00:00   7.9627e-01   1.5563e+02   1.5728e+01   0.0000e+00   1.1877e-02   2.9005e+02
20260821_18:00:00   8.7290e-01   1.6472e+02   1.7012e+01   3.1640e-05   3.4348e-02   2.8797e+02
20260821_21:00:00   1.6144e+00   2.2533e+02   2.0447e+01   2.0348e-01   1.3714e-03   2.8663e+02
20260822_00:00:00   1.4040e+00   2.1323e+02   1.9332e+01   1.3134e-01   4.1440e-05   2.8354e+02
20260822_03:00:00   9.0669e-01   1.6961e+02   1.6708e+01   0.0000e+00   0.0000e+00   2.8541e+02
20260822_06:00:00   7.7761e-01   1.5417e+02   1.4809e+01   0.0000e+00   0.0000e+00   2.9201e+02
20260822_09:00:00   7.5648e-01   1.5133e+02   1.4466e+01   0.0000e+00   0.0000e+00   2.8298e+02
20260822_12:00:00   6.8846e-01   1.4222e+02   1.3282e+01   0.0000e+00   0.0000e+00   2.8079e+02
20260822_15:00:00   6.5505e-01   1.3707e+02   1.3081e+01   0.0000e+00   4.3258e-04   2.8134e+02
20260822_18:00:00   8.1995e-01   1.5906e+02   1.5623e+01   0.0000e+00   0.0000e+00   2.8178e+02
20260822_21:00:00   2.4232e+00   2.5572e+02   1.9753e+01   5.4522e-01   5.6120e-04   2.8188e+02
20260823_00:00:00   1.2562e+00   2.0221e+02   1.8421e+01   1.0575e-01   5.7480e-05   2.8071e+02
20260823_03:00:00   8.9132e-01   1.6758e+02   1.6899e+01   0.0000e+00   0.0000e+00   2.8067e+02
20260823_06:00:00   7.6686e-01   1.5244e+02   1.4773e+01   0.0000e+00   2.1985e-04   2.7796e+02
20260823_09:00:00   7.5081e-01   1.5050e+02   1.4356e+01   0.0000e+00   0.0000e+00   2.8044e+02
20260823_12:00:00   8.1810e-01   1.5882e+02   1.5386e+01   0.0000e+00   0.0000e+00   2.8405e+02
20260823_15:00:00   8.7493e-01   1.6545e+02   1.6280e+01   0.0000e+00   5.2080e-07   2.8572e+02
20260823_18:00:00   1.1486e+00   1.9272e+02   1.8621e+01   4.9058e-02   7.5322e-05   2.8821e+02
20260823_21:00:00   3.1387e+00   2.6788e+02   2.2006e+01   7.9521e-01   1.3681e-01   2.8588e+02
20260824_00:00:00   1.3700e+00   2.0769e+02   2.1182e+01   9.8906e-02   1.0717e+00   2.8678e+02
20260824_03:00:00   9.3982e-01   1.7106e+02   1.8544e+01   0.0000e+00   1.2401e-01   2.8925e+02
20260824_06:00:00   8.8775e-01   1.6563e+02   1.7508e+01   0.0000e+00   2.5516e-03   2.8996e+02
20260824_09:00:00   9.0262e-01   1.6704e+02   1.7596e+01   1.6954e-03   6.9774e-03   2.8944e+02
20260824_12:00:00   8.7186e-01   1.6351e+02   1.7059e+01   0.0000e+00   1.1324e-02   2.9039e+02
20260824_15:00:00   9.5659e-01   1.7288e+02   1.8217e+01   0.0000e+00   3.1763e-04   2.8988e+02
20260824_18:00:00   1.0684e+00   1.8421e+02   1.9814e+01   0.0000e+00   1.3780e-03   2.8999e+02
20260824_21:00:00   1.2961e+00   2.0456e+02   2.0663e+01   5.5085e-02   9.6416e-03   2.9059e+02
20260825_00:00:00   1.8269e+00   2.3443e+02   2.0678e+01   2.9583e-01   1.5382e-01   2.8880e+02
20260825_03:00:00   9.6229e-01   1.7477e+02   1.7761e+01   0.0000e+00   4.7957e-04   2.8923e+02
20260825_06:00:00   8.7526e-01   1.6529e+02   1.6249e+01   0.0000e+00   2.3120e-06   2.9039e+02
20260825_09:00:00   8.1164e-01   1.5775e+02   1.5396e+01   0.0000e+00   1.8732e-04   2.9207e+02
20260825_12:00:00   8.3173e-01   1.5995e+02   1.5608e+01   0.0000e+00   0.0000e+00   2.9220e+02
20260825_15:00:00   8.4015e-01   1.6084e+02   1.5742e+01   0.0000e+00   0.0000e+00   2.9063e+02
20260825_18:00:00   9.9042e-01   1.7734e+02   1.8041e+01   1.4726e-03   0.0000e+00   2.9167e+02
20260825_21:00:00   1.8549e+00   2.3698e+02   1.9369e+01   3.1531e-01   3.0269e-03   2.9635e+02
20260826_00:00:00   1.2020e+00   1.9751e+02   2.0245e+01   2.9885e-02   6.2239e-02   2.9511e+02
20260826_03:00:00   7.9113e-01   1.5482e+02   1.5648e+01   0.0000e+00   3.6474e-05   2.9414e+02
20260826_06:00:00   7.8203e-01   1.5343e+02   1.5530e+01   0.0000e+00   3.0600e-06   2.9176e+02
20260826_09:00:00   8.6105e-01   1.6279e+02   1.6806e+01   0.0000e+00   2.8196e-04   2.8926e+02
20260826_12:00:00   8.5553e-01   1.6211e+02   1.6650e+01   0.0000e+00   4.6579e-04   2.8966e+02
20260826_15:00:00   8.6276e-01   1.6284e+02   1.6823e+01   0.0000e+00   1.3864e-03   2.8961e+02
20260826_18:00:00   9.2983e-01   1.7073e+02   1.7789e+01   0.0000e+00   4.0881e-03   2.8415e+02
20260826_21:00:00   1.1237e+00   1.9067e+02   1.9360e+01   3.0258e-02   3.1602e-03   2.8298e+02
20260827_00:00:00   1.5266e+00   2.2074e+02   2.0300e+01   1.6492e-01   8.0040e-04   2.8392e+02
20260827_03:00:00   8.2600e-01   1.5958e+02   1.6227e+01   0.0000e+00   1.9798e-04   2.8429e+02
20260827_06:00:00   8.8186e-01   1.6549e+02   1.7391e+01   0.0000e+00   0.0000e+00   2.8733e+02
20260827_09:00:00   8.5030e-01   1.6229e+02   1.6615e+01   0.0000e+00   0.0000e+00   2.8612e+02
20260827_12:00:00   7.8515e-01   1.5438e+02   1.5393e+01   0.0000e+00   1.4090e-04   2.8570e+02
20260827_15:00:00   8.7058e-01   1.6487e+02   1.6430e+01   0.0000e+00   9.4961e-04   2.8242e+02
20260827_18:00:00   1.0358e+00   1.8176e+02   1.9755e+01   0.0000e+00   7.2462e-02   2.8399e+02
20260827_21:00:00   1.7641e+00   2.3274e+02   2.2153e+01   2.2791e-01   4.6151e-04   2.8471e+02
20260828_00:00:00   1.2925e+00   2.0471e+02   2.2287e+01   3.0136e-02   5.1828e-03   2.8242e+02
20260828_03:00:00   1.0616e+00   1.8457e+02   2.0505e+01   0.0000e+00   2.3320e-02   2.8438e+02
20260828_06:00:00   9.3698e-01   1.7202e+02   1.8513e+01   0.0000e+00   1.5816e-02   2.8201e+02
20260828_09:00:00   8.7097e-01   1.6487e+02   1.7030e+01   0.0000e+00   5.7083e-03   2.8335e+02
20260828_12:00:00   7.6744e-01   1.5307e+02   1.4531e+01   0.0000e+00   0.0000e+00   2.8371e+02
20260828_15:00:00   6.6525e-01   1.3969e+02   1.2670e+01   0.0000e+00   2.0840e-06   2.8119e+02
20260828_18:00:00   8.5167e-01   1.6372e+02   1.5861e+01   0.0000e+00   0.0000e+00   2.8072e+02
20260828_21:00:00   1.2619e+00   2.0333e+02   1.9683e+01   5.8974e-02   7.0159e-05   2.7942e+02
20260829_00:00:00   1.2110e+00   1.9948e+02   2.0399e+01   2.7220e-02   1.7344e-03   2.7788e+02
20260829_03:00:00   9.7276e-01   1.7685e+02   1.8522e+01   0.0000e+00   8.3045e-03   2.7776e+02
20260829_06:00:00   8.3194e-01   1.6100e+02   1.6334e+01   0.0000e+00   3.0600e-06   2.8090e+02
20260829_09:00:00   7.4276e-01   1.5005e+02   1.4459e+01   0.0000e+00   0.0000e+00   2.8180e+02
20260829_12:00:00   8.2097e-01   1.5970e+02   1.5370e+01   0.0000e+00   0.0000e+00   2.8210e+02
20260829_15:00:00   7.2059e-01   1.4702e+02   1.3800e+01   0.0000e+00   0.0000e+00   2.8436e+02
20260829_18:00:00   7.5051e-01   1.5140e+02   1.3948e+01   0.0000e+00   0.0000e+00   2.8009e+02
20260829_21:00:00   1.2129e+00   1.9939e+02   1.9777e+01   4.1693e-02   0.0000e+00   2.7969e+02
20260830_00:00:00   2.8540e+00   2.6413e+02   2.2940e+01   6.8713e-01   1.0058e-01   2.7864e+02
20260830_03:00:00   9.8118e-01   1.7704e+02   1.8939e+01   0.0000e+00   1.9952e-01   2.7881e+02
20260830_06:00:00   9.8858e-01   1.7767e+02   1.8976e+01   0.0000e+00   5.4179e-03   2.8147e+02
20260830_09:00:00   9.6209e-01   1.7492e+02   1.8377e+01   0.0000e+00   1.9643e-04   2.7997e+02
20260830_12:00:00   9.4537e-01   1.7320e+02   1.7812e+01   0.0000e+00   0.0000e+00   2.7870e+02
20260830_15:00:00   8.7756e-01   1.6580e+02   1.6694e+01   0.0000e+00   0.0000e+00   2.8019e+02
20260830_18:00:00   9.8803e-01   1.7818e+02   1.7890e+01   9.3820e-03   1.5086e-04   2.7943e+02
20260830_21:00:00   5.7532e+00   2.8077e+02   2.6019e+01   1.8676e+00   2.9036e-01   2.7708e+02
20260831_00:00:00   1.2241e+00   1.9712e+02   1.8160e+01   1.3796e-01   4.1939e-01   2.7769e+02
20260831_03:00:00   7.8117e-01   1.5417e+02   1.5667e+01   0.0000e+00   2.6635e-02   2.7619e+02
20260831_06:00:00   7.7866e-01   1.5386e+02   1.5409e+01   0.0000e+00   3.0639e-04   2.7907e+02
20260831_09:00:00   6.2597e-01   1.3304e+02   1.2627e+01   0.0000e+00   0.0000e+00   2.7572e+02
20260831_12:00:00   5.3814e-01   1.1948e+02   1.0955e+01   0.0000e+00   0.0000e+00   2.7566e+02
20260831_15:00:00   4.4975e-01   1.0456e+02   9.3983e+00   0.0000e+00   0.0000e+00   2.7646e+02
20260831_18:00:00   4.7133e-01   1.0821e+02   9.8388e+00   0.0000e+00   0.0000e+00   2.7870e+02
20260831_21:00:00   5.5514e-01   1.2240e+02   1.1224e+01   0.0000e+00   0.0000e+00   2.8076e+02
20260901_00:00:00   6.3412e-01   1.3488e+02   1.2350e+01   5.7720e-04   0.0000e+00   2.7688e+02
20260901_03:00:00   4.6217e-01   1.0696e+02   9.7494e+00   0.0000e+00   5.9920e-05   2.7883e+02
20260901_06:00:00   4.3849e-01   1.0168e+02   9.7392e+00   0.0000e+00   5.7521e-04   2.7959e+02
20260901_09:00:00   4.7119e-01   1.0702e+02   1.0403e+01   0.0000e+00   1.3738e-03   2.7865e+02
20260901_12:00:00   5.1513e-01   1.1416e+02   1.1260e+01   0.0000e+00   6.0540e-05   2.7851e+02
20260901_15:00:00   5.3337e-01   1.1710e+02   1.1551e+01   0.0000e+00   3.8596e-03   2.8066e+02
20260901_18:00:00   5.6520e-01   1.2227e+02   1.2093e+01   0.0000e+00   3.1512e-02   2.8032e+02
