#            date       tau255        Tb[K]      pwv[mm] lwp[kg*m^-2] iwp[kg*m^-2]       o3[DU]
20260725_06:00:00   6.5799e-01   1.3948e+02   1.2678e+01   0.0000e+00   0.0000e+00   2.9020e+02
20260725_07:00:00   6.4340e-01   1.3721e+02   1.2546e+01   0.0000e+00   0.0000e+00   2.8666e+02
20260725_08:00:00   6.3519e-01   1.3588e+02   1.2417e+01   0.0000e+00   1.5626e-06   2.8687e+02
20260725_09:00:00   5.7959e-01   1.2742e+02   1.1517e+01   0.0000e+00   5.2080e-07   2.8707e+02
20260725_10:00:00   5.4569e-01   1.2186e+02   1.1038e+01   0.0000e+00   0.0000e+00   2.8667e+02
20260725_11:00:00   5.3814e-01   1.2048e+02   1.0966e+01   0.0000e+00   0.0000e+00   2.8893e+02
20260725_12:00:00   5.3432e-01   1.1977e+02   1.0861e+01   0.0000e+00   7.5940e-05   2.8826e+02
20260725_13:00:00   5.4606e-01   1.2172e+02   1.0950e+01   0.0000e+00   5.2220e-04   2.8661e+02
20260725_14:00:00   5.2238e-01   1.1762e+02   1.0739e+01   0.0000e+00   0.0000e+00   2.9024e+02
20260725_15:00:00   5.3617e-01   1.1928e+02   1.1369e+01   0.0000e+00   9.4612e-05   2.9223e+02
20260725_16:00:00   5.7650e-01   1.2510e+02   1.2460e+01   0.0000e+00   1.8614e-03   2.9016e+02
20260725_17:00:00   6.8307e-01   1.4090e+02   1.4393e+01   0.0000e+00   3.8923e-04   2.8971e+02
20260725_18:00:00   7.9663e-01   1.5626e+02   1.6159e+01   0.0000e+00   2.8740e-05   2.9186e+02
20260725_19:00:00   9.3391e-01   1.7226e+02   1.8410e+01   1.8678e-04   0.0000e+00   2.9297e+02
20260725_20:00:00   1.0611e+00   1.8536e+02   1.9548e+01   1.9928e-02   1.4368e-04   2.9334e+02
20260725_21:00:00   2.0969e+00   2.4593e+02   2.1147e+01   4.0724e-01   3.5394e-03   2.9114e+02
20260725_22:00:00   2.0615e+00   2.4496e+02   2.2203e+01   3.6595e-01   5.8029e-03   2.9024e+02
20260725_23:00:00   1.3344e+00   2.0794e+02   2.2865e+01   5.3840e-02   1.1416e-03   2.8890e+02
20260726_00:00:00   1.2352e+00   2.0035e+02   2.3176e+01   9.1614e-03   1.0710e-02   2.8778e+02
20260726_01:00:00   1.1533e+00   1.9368e+02   2.2101e+01   2.2960e-03   7.7979e-03   2.8835e+02
20260726_02:00:00   1.0637e+00   1.8578e+02   2.0667e+01   0.0000e+00   4.6296e-04   2.9086e+02
20260726_03:00:00   9.9333e-01   1.7901e+02   1.9402e+01   0.0000e+00   1.2714e-04   2.9112e+02
20260726_04:00:00   9.5740e-01   1.7533e+02   1.8837e+01   0.0000e+00   2.6040e-07   2.9286e+02
20260726_05:00:00   1.0026e+00   1.7969e+02   1.9664e+01   3.7913e-03   5.0072e-03   2.9420e+02
20260726_06:00:00   1.4508e+00   2.1521e+02   2.3007e+01   1.0216e-01   1.0800e-01   2.9154e+02
20260726_07:00:00   1.0428e+00   1.8293e+02   2.0642e+01   2.2020e-05   1.7094e-02   2.9399e+02
20260726_08:00:00   1.1933e+00   1.9629e+02   2.2228e+01   2.3938e-02   1.9185e-02   2.9233e+02
20260726_09:00:00   1.7215e+00   2.2995e+02   2.3017e+01   2.1774e-01   1.2647e-01   2.9301e+02
20260726_10:00:00   1.3988e+00   2.1166e+02   2.2058e+01   1.0383e-01   5.2306e-02   2.9364e+02
20260726_11:00:00   1.4275e+00   2.1336e+02   2.2006e+01   1.1420e-01   1.3962e-01   2.9294e+02
20260726_12:00:00   1.0602e+00   1.8525e+02   2.0094e+01   0.0000e+00   1.7794e-02   2.9717e+02
20260726_13:00:00   1.0278e+00   1.8234e+02   1.9407e+01   0.0000e+00   1.4851e-02   2.9704e+02
20260726_14:00:00   1.0907e+00   1.8797e+02   1.9995e+01   1.4710e-02   1.6470e-02   2.9578e+02
20260726_15:00:00   1.0500e+00   1.8456e+02   1.9677e+01   0.0000e+00   1.2890e-02   2.9855e+02
20260726_16:00:00   1.1212e+00   1.9100e+02   2.0393e+01   8.3844e-03   2.2464e-02   2.9818e+02
20260726_17:00:00   1.2183e+00   1.9871e+02   2.2146e+01   1.2990e-02   1.9856e-01   2.9674e+02
20260726_18:00:00   1.1581e+00   1.9437e+02   2.0289e+01   2.4766e-02   3.4445e-04   2.9284e+02
20260726_19:00:00   1.1362e+00   1.9254e+02   2.0456e+01   1.1465e-02   1.8028e-04   2.9236e+02
20260726_20:00:00   1.2317e+00   2.0068e+02   2.1018e+01   3.9365e-02   1.9049e-03   2.9123e+02
20260726_21:00:00   1.3769e+00   2.1174e+02   2.1062e+01   9.5639e-02   1.8884e-03   2.9057e+02
20260726_22:00:00   1.6661e+00   2.2934e+02   2.1566e+01   1.9600e-01   1.4286e-04   2.8873e+02
20260726_23:00:00   1.4403e+00   2.1624e+02   2.1531e+01   1.0426e-01   2.3180e-05   2.8967e+02
20260727_00:00:00   1.2045e+00   1.9884e+02   2.1168e+01   1.7935e-02   0.0000e+00   2.8841e+02
20260727_01:00:00   1.1472e+00   1.9415e+02   2.0600e+01   1.3556e-02   0.0000e+00   2.8782e+02
20260727_02:00:00   1.0560e+00   1.8577e+02   1.9870e+01   0.0000e+00   2.2971e-05   2.8884e+02
20260727_03:00:00   1.0127e+00   1.8142e+02   1.9465e+01   0.0000e+00   8.8098e-04   2.9198e+02
20260727_04:00:00   1.0268e+00   1.8261e+02   1.9796e+01   0.0000e+00   3.3420e-03   2.9561e+02
20260727_05:00:00   1.0545e+00   1.8513e+02   2.0263e+01   0.0000e+00   5.8920e-03   2.9264e+02
20260727_06:00:00   1.0621e+00   1.8579e+02   2.0346e+01   0.0000e+00   4.4788e-05   2.8875e+02
20260727_07:00:00   1.0716e+00   1.8658e+02   2.0471e+01   0.0000e+00   6.6886e-04   2.9084e+02
20260727_08:00:00   1.0825e+00   1.8753e+02   2.0590e+01   0.0000e+00   4.2162e-03   2.9161e+02
20260727_09:00:00   1.0756e+00   1.8680e+02   2.0473e+01   0.0000e+00   7.4427e-03   2.9327e+02
20260727_10:00:00   1.0737e+00   1.8658e+02   2.0415e+01   0.0000e+00   1.6398e-02   2.9411e+02
20260727_11:00:00   1.0685e+00   1.8600e+02   2.0365e+01   0.0000e+00   7.7711e-03   2.9448e+02
20260727_12:00:00   1.0709e+00   1.8620e+02   2.0333e+01   0.0000e+00   1.7457e-02   2.9222e+02
20260727_13:00:00   1.0516e+00   1.8430e+02   2.0187e+01   0.0000e+00   2.1291e-02   2.9224e+02
20260727_14:00:00   1.0557e+00   1.8461e+02   2.0323e+01   0.0000e+00   1.5763e-02   2.9269e+02
20260727_15:00:00   1.0599e+00   1.8495e+02   2.0437e+01   0.0000e+00   6.4563e-03   2.9261e+02
20260727_16:00:00   1.0687e+00   1.8577e+02   2.0559e+01   0.0000e+00   6.1043e-03   2.9045e+02
20260727_17:00:00   1.0935e+00   1.8817e+02   2.0876e+01   0.0000e+00   4.3690e-03   2.9166e+02
20260727_18:00:00   1.1479e+00   1.9311e+02   2.1394e+01   7.3560e-03   1.6099e-02   2.9235e+02
20260727_19:00:00   1.1799e+00   1.9574e+02   2.1622e+01   1.7248e-02   1.6773e-02   2.8992e+02
20260727_20:00:00   1.1714e+00   1.9516e+02   2.1196e+01   2.4184e-02   2.1247e-02   2.8910e+02
20260727_21:00:00   1.1211e+00   1.9100e+02   2.0363e+01   2.2600e-02   3.0182e-03   2.8965e+02
20260727_22:00:00   1.1222e+00   1.9121e+02   2.0027e+01   2.8279e-02   2.6389e-03   2.9210e+02
20260727_23:00:00   1.1909e+00   1.9738e+02   1.9622e+01   6.1660e-02   7.2817e-03   2.8948e+02
20260728_00:00:00   1.1053e+00   1.8990e+02   1.8934e+01   4.3565e-02   3.5018e-03   2.9004e+02
20260728_01:00:00   9.2437e-01   1.7175e+02   1.7869e+01   9.9140e-04   2.3080e-05   2.9338e+02
20260728_02:00:00   8.8395e-01   1.6724e+02   1.7340e+01   0.0000e+00   0.0000e+00   2.9666e+02
20260728_03:00:00   8.6001e-01   1.6436e+02   1.7021e+01   0.0000e+00   0.0000e+00   2.9615e+02
20260728_04:00:00   8.4451e-01   1.6267e+02   1.6670e+01   0.0000e+00   0.0000e+00   2.9817e+02
20260728_05:00:00   8.9446e-01   1.6823e+02   1.7450e+01   0.0000e+00   1.4460e-05   2.9263e+02
20260728_06:00:00   8.7768e-01   1.6640e+02   1.7119e+01   0.0000e+00   1.5626e-06   2.9492e+02
20260728_07:00:00   8.9621e-01   1.6836e+02   1.7414e+01   0.0000e+00   3.4283e-04   2.9473e+02
20260728_08:00:00   9.1651e-01   1.7045e+02   1.7718e+01   0.0000e+00   1.0067e-02   2.9388e+02
20260728_09:00:00   9.0366e-01   1.6884e+02   1.7602e+01   0.0000e+00   2.8914e-02   2.9055e+02
20260728_10:00:00   8.8198e-01   1.6667e+02   1.7027e+01   0.0000e+00   1.3522e-02   2.9095e+02
20260728_11:00:00   8.1873e-01   1.5924e+02   1.6173e+01   0.0000e+00   3.6451e-03   2.8897e+02
20260728_12:00:00   7.9683e-01   1.5673e+02   1.5655e+01   0.0000e+00   3.5296e-03   2.8839e+02
20260728_13:00:00   8.0248e-01   1.5744e+02   1.5634e+01   0.0000e+00   4.2883e-03   2.8658e+02
20260728_14:00:00   7.9595e-01   1.5653e+02   1.5635e+01   0.0000e+00   6.8360e-03   2.8548e+02
20260728_15:00:00   8.3952e-01   1.6170e+02   1.6322e+01   0.0000e+00   1.4666e-03   2.8809e+02
20260728_16:00:00   8.3049e-01   1.6066e+02   1.6133e+01   0.0000e+00   1.8949e-03   2.9124e+02
20260728_17:00:00   8.1837e-01   1.5915e+02   1.5970e+01   0.0000e+00   1.2856e-03   2.8945e+02
20260728_18:00:00   8.6434e-01   1.6444e+02   1.6735e+01   0.0000e+00   1.0644e-03   2.8906e+02
20260728_19:00:00   8.6649e-01   1.6473e+02   1.6844e+01   0.0000e+00   3.1734e-04   2.8876e+02
20260728_20:00:00   8.7674e-01   1.6599e+02   1.6862e+01   4.8140e-03   2.4460e-06   2.9034e+02
20260728_21:00:00   9.0584e-01   1.6927e+02   1.7374e+01   3.9220e-03   0.0000e+00   2.9053e+02
20260728_22:00:00   1.0037e+00   1.7965e+02   1.7852e+01   3.3353e-02   2.2868e-05   2.9026e+02
20260728_23:00:00   1.0314e+00   1.8237e+02   1.8317e+01   3.6360e-02   9.2800e-04   2.8859e+02
20260729_00:00:00   1.0521e+00   1.8436e+02   1.8648e+01   3.9200e-02   6.0430e-04   2.8789e+02
20260729_01:00:00   9.2068e-01   1.7087e+02   1.8107e+01   0.0000e+00   5.7078e-05   2.8734e+02
20260729_02:00:00   8.7251e-01   1.6561e+02   1.7234e+01   0.0000e+00   5.7480e-05   2.8929e+02
20260729_03:00:00   8.5252e-01   1.6323e+02   1.6959e+01   0.0000e+00   0.0000e+00   2.9145e+02
20260729_04:00:00   8.3940e-01   1.6148e+02   1.6891e+01   0.0000e+00   0.0000e+00   2.9106e+02
20260729_05:00:00   8.8287e-01   1.6623e+02   1.7739e+01   0.0000e+00   0.0000e+00   2.9162e+02
20260729_06:00:00   9.0601e-01   1.6863e+02   1.8143e+01   0.0000e+00   0.0000e+00   2.9391e+02
20260729_07:00:00   9.0154e-01   1.6819e+02   1.7916e+01   0.0000e+00   0.0000e+00   2.9554e+02
20260729_08:00:00   9.3051e-01   1.7127e+02   1.8293e+01   0.0000e+00   0.0000e+00   2.9146e+02
20260729_09:00:00   9.1965e-01   1.7019e+02   1.7979e+01   0.0000e+00   0.0000e+00   2.8690e+02
20260729_10:00:00   9.0702e-01   1.6895e+02   1.7651e+01   0.0000e+00   6.7260e-05   2.8582e+02
20260729_11:00:00   9.1006e-01   1.6930e+02   1.7532e+01   0.0000e+00   5.6580e-04   2.8845e+02
20260729_12:00:00   9.0405e-01   1.6866e+02   1.7322e+01   0.0000e+00   2.0080e-04   2.9149e+02
20260729_13:00:00   9.0108e-01   1.6834e+02   1.7213e+01   0.0000e+00   1.1938e-04   2.9107e+02
20260729_14:00:00   8.8683e-01   1.6684e+02   1.6947e+01   0.0000e+00   1.7522e-04   2.9014e+02
20260729_15:00:00   8.8008e-01   1.6616e+02   1.6799e+01   0.0000e+00   9.4057e-04   2.9111e+02
20260729_16:00:00   8.7557e-01   1.6572e+02   1.6661e+01   0.0000e+00   1.0908e-03   2.9121e+02
20260729_17:00:00   8.7511e-01   1.6578e+02   1.6654e+01   0.0000e+00   3.9106e-04   2.9087e+02
20260729_18:00:00   8.8183e-01   1.6662e+02   1.6759e+01   0.0000e+00   4.1440e-05   2.8889e+02
20260729_19:00:00   8.9085e-01   1.6772e+02   1.6643e+01   5.2160e-03   0.0000e+00   2.8991e+02
20260729_20:00:00   9.5116e-01   1.7450e+02   1.6421e+01   3.2840e-02   2.4460e-06   2.8779e+02
20260729_21:00:00   8.9351e-01   1.6841e+02   1.6148e+01   1.3506e-02   0.0000e+00   2.8820e+02
20260729_22:00:00   9.3213e-01   1.7281e+02   1.6060e+01   3.0020e-02   5.2080e-07   2.8746e+02
20260729_23:00:00   9.2913e-01   1.7263e+02   1.6006e+01   2.9500e-02   1.0418e-06   2.8608e+02
20260730_00:00:00   8.4358e-01   1.6308e+02   1.5688e+01   2.9460e-03   3.0720e-04   2.8732e+02
20260730_01:00:00   7.8350e-01   1.5580e+02   1.4862e+01   0.0000e+00   2.5663e-05   2.8822e+02
20260730_02:00:00   7.4938e-01   1.5151e+02   1.4333e+01   0.0000e+00   2.5939e-04   2.8894e+02
20260730_03:00:00   7.0457e-01   1.4546e+02   1.3732e+01   0.0000e+00   9.6720e-06   2.8728e+02
20260730_04:00:00   6.9280e-01   1.4368e+02   1.3765e+01   0.0000e+00   2.6040e-07   2.8699e+02
20260730_05:00:00   7.0322e-01   1.4490e+02   1.4082e+01   0.0000e+00   0.0000e+00   2.8656e+02
20260730_06:00:00   7.0945e-01   1.4566e+02   1.4206e+01   0.0000e+00   0.0000e+00   2.8827e+02
20260730_09:00:00   6.8932e-01   1.4274e+02   1.3793e+01   0.0000e+00   6.2393e-04   2.8949e+02
20260730_12:00:00   7.0592e-01   1.4475e+02   1.4102e+01   0.0000e+00   2.3185e-03   2.9020e+02
20260730_15:00:00   6.7879e-01   1.4108e+02   1.3688e+01   0.0000e+00   5.6770e-03   2.9069e+02
20260730_18:00:00   7.0999e-01   1.4542e+02   1.4257e+01   0.0000e+00   4.6395e-03   2.8983e+02
20260730_21:00:00   8.2373e-01   1.5922e+02   1.6858e+01   0.0000e+00   1.3357e-02   2.8991e+02
20260731_00:00:00   8.6183e-01   1.6402e+02   1.7505e+01   0.0000e+00   1.5342e-04   2.8841e+02
20260731_03:00:00   8.8214e-01   1.6672e+02   1.7707e+01   0.0000e+00   8.2550e-04   2.8866e+02
20260731_06:00:00   8.4689e-01   1.6289e+02   1.6867e+01   0.0000e+00   0.0000e+00   2.9228e+02
20260731_09:00:00   8.2540e-01   1.6026e+02   1.6210e+01   0.0000e+00   0.0000e+00   2.9299e+02
20260731_12:00:00   7.9038e-01   1.5601e+02   1.5489e+01   0.0000e+00   2.6963e-04   2.8918e+02
20260731_15:00:00   7.5623e-01   1.5159e+02   1.5111e+01   0.0000e+00   2.0443e-02   2.9115e+02
20260731_18:00:00   8.3768e-01   1.6110e+02   1.7080e+01   0.0000e+00   2.5727e-03   2.9256e+02
20260731_21:00:00   8.7428e-01   1.6579e+02   1.7580e+01   0.0000e+00   0.0000e+00   2.9249e+02
20260801_00:00:00   8.2102e-01   1.6011e+02   1.6493e+01   0.0000e+00   0.0000e+00   2.9107e+02
20260801_03:00:00   8.0581e-01   1.5796e+02   1.6474e+01   0.0000e+00   0.0000e+00   2.9157e+02
20260801_06:00:00   7.8753e-01   1.5574e+02   1.6173e+01   0.0000e+00   1.2636e-03   2.9221e+02
20260801_09:00:00   7.9892e-01   1.5697e+02   1.6215e+01   0.0000e+00   2.0319e-03   2.9030e+02
20260801_12:00:00   7.6110e-01   1.5219e+02   1.5596e+01   0.0000e+00   7.2342e-03   2.9170e+02
20260801_15:00:00   7.7036e-01   1.5317e+02   1.6008e+01   0.0000e+00   3.4660e-03   2.9461e+02
20260801_18:00:00   7.9914e-01   1.5707e+02   1.6377e+01   0.0000e+00   0.0000e+00   2.9284e+02
20260801_21:00:00   1.0143e+00   1.8100e+02   2.0211e+01   0.0000e+00   0.0000e+00   2.8963e+02
20260802_00:00:00   1.1055e+00   1.9043e+02   2.0910e+01   7.2260e-03   0.0000e+00   2.8818e+02
20260802_03:00:00   9.8086e-01   1.7841e+02   1.9144e+01   0.0000e+00   0.0000e+00   2.8572e+02
20260802_06:00:00   8.5701e-01   1.6461e+02   1.7033e+01   0.0000e+00   0.0000e+00   2.8907e+02
20260802_09:00:00   8.1205e-01   1.5921e+02   1.6038e+01   0.0000e+00   2.0840e-07   2.8685e+02
20260802_12:00:00   7.6181e-01   1.5286e+02   1.5111e+01   0.0000e+00   9.1780e-05   2.8873e+02
20260802_15:00:00   6.9441e-01   1.4417e+02   1.3863e+01   0.0000e+00   9.9219e-04   2.8865e+02
20260802_18:00:00   7.6226e-01   1.5339e+02   1.4990e+01   0.0000e+00   7.5904e-04   2.8917e+02
20260802_21:00:00   9.2895e-01   1.7360e+02   1.7513e+01   2.2120e-03   5.2420e-03   2.8539e+02
20260803_00:00:00   1.0321e+00   1.8453e+02   1.9324e+01   2.3700e-04   1.4605e-03   2.8528e+02
20260803_03:00:00   8.6627e-01   1.6551e+02   1.7925e+01   0.0000e+00   3.1501e-02   2.8413e+02
20260803_06:00:00   8.2044e-01   1.5983e+02   1.7183e+01   0.0000e+00   3.9070e-03   2.8447e+02
20260803_09:00:00   8.7075e-01   1.6602e+02   1.7432e+01   0.0000e+00   2.2348e-02   2.8429e+02
20260803_12:00:00   1.1881e+00   1.9618e+02   2.0361e+01   6.6639e-02   2.4709e-02   2.8353e+02
20260803_15:00:00   1.0028e+00   1.7933e+02   2.0218e+01   0.0000e+00   2.8904e-02   2.8237e+02
20260803_18:00:00   1.0738e+00   1.8731e+02   2.0417e+01   0.0000e+00   1.6254e-02   2.8230e+02
20260803_21:00:00   1.1467e+00   1.9435e+02   2.1455e+01   0.0000e+00   1.4321e-04   2.8128e+02
20260804_00:00:00   1.1539e+00   1.9522e+02   2.1579e+01   0.0000e+00   1.8866e-05   2.8343e+02
20260804_03:00:00   9.9895e-01   1.8092e+02   1.8938e+01   0.0000e+00   7.2047e-05   2.8288e+02
20260804_06:00:00   9.0199e-01   1.7034e+02   1.7463e+01   0.0000e+00   7.6731e-05   2.8376e+02
20260804_09:00:00   9.1656e-01   1.7125e+02   1.7890e+01   0.0000e+00   6.9720e-06   2.8527e+02
20260804_12:00:00   1.0538e+00   1.8418e+02   2.0268e+01   1.5016e-02   3.1549e-03   2.8278e+02
20260804_15:00:00   9.6986e-01   1.7563e+02   1.9235e+01   4.5152e-03   6.9491e-03   2.8499e+02
20260804_18:00:00   9.3996e-01   1.7355e+02   1.8388e+01   0.0000e+00   0.0000e+00   2.8162e+02
20260804_21:00:00   9.7047e-01   1.7744e+02   1.8555e+01   0.0000e+00   0.0000e+00   2.8203e+02
20260805_00:00:00   9.1939e-01   1.7225e+02   1.7457e+01   0.0000e+00   0.0000e+00   2.8042e+02
20260805_03:00:00   8.4657e-01   1.6378e+02   1.6504e+01   0.0000e+00   0.0000e+00   2.8400e+02
20260805_06:00:00   9.2088e-01   1.7127e+02   1.7946e+01   3.3680e-05   2.6041e-02   2.8832e+02
20260805_09:00:00   1.0080e+00   1.7913e+02   1.9941e+01   8.7920e-03   3.8640e-02   2.8466e+02
20260805_12:00:00   9.6928e-01   1.7650e+02   1.8307e+01   0.0000e+00   1.5366e-05   2.9006e+02
20260805_15:00:00   8.1115e-01   1.5916e+02   1.5277e+01   0.0000e+00   1.7948e-05   2.8985e+02
20260805_18:00:00   9.1668e-01   1.7125e+02   1.7058e+01   0.0000e+00   2.4460e-06   2.8974e+02
20260805_21:00:00   8.1677e-01   1.5983e+02   1.5361e+01   0.0000e+00   8.8820e-04   2.8669e+02
20260806_00:00:00   7.9278e-01   1.5718e+02   1.4738e+01   0.0000e+00   2.8740e-05   2.8985e+02
20260806_03:00:00   6.2836e-01   1.3455e+02   1.2297e+01   0.0000e+00   0.0000e+00   2.9099e+02
20260806_06:00:00   5.4114e-01   1.2077e+02   1.0915e+01   0.0000e+00   6.2900e-05   2.9290e+02
20260806_09:00:00   7.7153e-01   1.5269e+02   1.5311e+01   0.0000e+00   2.0686e-02   2.9003e+02
20260806_12:00:00   9.5875e-01   1.7392e+02   1.8558e+01   0.0000e+00   1.0406e-02   2.9357e+02
20260806_15:00:00   7.6546e-01   1.5234e+02   1.4999e+01   0.0000e+00   1.0642e-03   2.9563e+02
20260806_18:00:00   1.0110e+00   1.8029e+02   1.8981e+01   0.0000e+00   5.6520e-04   2.9228e+02
20260806_21:00:00   1.1519e+00   1.9367e+02   1.8625e+01   5.5353e-02   3.4477e-05   2.9386e+02
20260807_00:00:00   8.7645e-01   1.6674e+02   1.6077e+01   0.0000e+00   2.8740e-05   2.9114e+02
20260807_03:00:00   6.3881e-01   1.3608e+02   1.2242e+01   0.0000e+00   2.9660e-06   2.9126e+02
20260807_06:00:00   6.6856e-01   1.3957e+02   1.3244e+01   0.0000e+00   1.4363e-03   2.9347e+02
20260807_09:00:00   8.0189e-01   1.5676e+02   1.5611e+01   3.5940e-05   6.8825e-03   2.9272e+02
20260807_12:00:00   9.2134e-01   1.7006e+02   1.8058e+01   0.0000e+00   6.8437e-03   2.9282e+02
20260807_15:00:00   9.9123e-01   1.7791e+02   1.8875e+01   0.0000e+00   8.7331e-03   2.8951e+02
20260807_18:00:00   1.2952e+00   2.0493e+02   2.1660e+01   4.4831e-02   1.4368e-05   2.8892e+02
20260807_21:00:00   1.2633e+00   2.0246e+02   2.1499e+01   3.2034e-02   2.5804e-03   2.8386e+02
20260808_00:00:00   1.1413e+00   1.9296e+02   1.8929e+01   4.3012e-02   0.0000e+00   2.8498e+02
20260808_03:00:00   1.0074e+00   1.8076e+02   1.6467e+01   5.1250e-02   0.0000e+00   2.8339e+02
20260808_06:00:00   9.9211e-01   1.7765e+02   1.8764e+01   0.0000e+00   4.3100e-05   2.8787e+02
20260808_09:00:00   1.0382e+00   1.8194e+02   1.9927e+01   0.0000e+00   1.6110e-03   2.8460e+02
20260808_12:00:00   1.0132e+00   1.7924e+02   1.9320e+01   0.0000e+00   7.1840e-06   2.8975e+02
20260808_15:00:00   9.9540e-01   1.7732e+02   1.8935e+01   0.0000e+00   0.0000e+00   2.9088e+02
20260808_18:00:00   1.0449e+00   1.8182e+02   1.9869e+01   0.0000e+00   0.0000e+00   2.9091e+02
20260808_21:00:00   1.1248e+00   1.8975e+02   2.0253e+01   1.5919e-02   5.2277e-04   2.8758e+02
20260809_00:00:00   9.4632e-01   1.7277e+02   1.7983e+01   1.1275e-03   7.6970e-03   2.8772e+02
20260809_03:00:00   8.5394e-01   1.6202e+02   1.6969e+01   0.0000e+00   2.9974e-02   2.8608e+02
20260809_06:00:00   8.2599e-01   1.5858e+02   1.6592e+01   0.0000e+00   1.1763e-03   2.8784e+02
20260809_09:00:00   8.3431e-01   1.5937e+02   1.6689e+01   0.0000e+00   4.3100e-05   2.8753e+02
20260809_12:00:00   7.5377e-01   1.4983e+02   1.5064e+01   0.0000e+00   0.0000e+00   2.9173e+02
20260809_15:00:00   6.4565e-01   1.3545e+02   1.2959e+01   0.0000e+00   0.0000e+00   2.9310e+02
20260809_18:00:00   5.8253e-01   1.2668e+02   1.1414e+01   0.0000e+00   0.0000e+00   2.9149e+02
20260809_21:00:00   7.9376e-01   1.5591e+02   1.5138e+01   0.0000e+00   0.0000e+00   2.8800e+02
20260810_00:00:00   9.3410e-01   1.7224e+02   1.7702e+01   0.0000e+00   0.0000e+00   2.8876e+02
20260810_03:00:00   8.1962e-01   1.5956e+02   1.5752e+01   0.0000e+00   0.0000e+00   2.9120e+02
20260810_06:00:00   7.3131e-01   1.4839e+02   1.4145e+01   0.0000e+00   0.0000e+00   2.9067e+02
