#            date       tau255        Tb[K]      pwv[mm] lwp[kg*m^-2] iwp[kg*m^-2]       o3[DU]
20260923_12:00:00   3.9978e-01   9.4786e+01   7.5625e+00   0.0000e+00   0.0000e+00   2.8347e+02
20260923_13:00:00   3.9835e-01   9.4513e+01   7.5385e+00   0.0000e+00   0.0000e+00   2.8320e+02
20260923_14:00:00   4.0041e-01   9.4861e+01   7.5829e+00   0.0000e+00   0.0000e+00   2.8344e+02
20260923_15:00:00   3.8801e-01   9.2581e+01   7.3639e+00   0.0000e+00   0.0000e+00   2.8295e+02
20260923_16:00:00   3.6374e-01   8.8051e+01   6.9587e+00   0.0000e+00   0.0000e+00   2.8197e+02
20260923_17:00:00   3.5106e-01   8.5618e+01   6.7919e+00   0.0000e+00   0.0000e+00   2.8276e+02
20260923_18:00:00   3.5050e-01   8.5451e+01   6.8053e+00   0.0000e+00   0.0000e+00   2.8255e+02
20260923_19:00:00   3.5601e-01   8.6448e+01   6.9403e+00   0.0000e+00   0.0000e+00   2.8258e+02
20260923_20:00:00   3.7808e-01   9.0537e+01   7.3672e+00   0.0000e+00   0.0000e+00   2.8275e+02
20260923_21:00:00   3.9984e-01   9.4518e+01   7.7853e+00   0.0000e+00   0.0000e+00   2.8471e+02
20260923_22:00:00   4.1125e-01   9.6576e+01   8.0058e+00   0.0000e+00   0.0000e+00   2.8622e+02
20260923_23:00:00   4.1902e-01   9.7973e+01   8.1565e+00   0.0000e+00   0.0000e+00   2.8693e+02
20260924_00:00:00   4.0699e-01   9.5824e+01   7.9584e+00   0.0000e+00   0.0000e+00   2.8860e+02
20260924_01:00:00   3.8077e-01   9.0986e+01   7.5298e+00   0.0000e+00   0.0000e+00   2.8943e+02
20260924_02:00:00   3.4518e-01   8.4160e+01   6.9569e+00   0.0000e+00   0.0000e+00   2.8921e+02
20260924_03:00:00   2.9922e-01   7.4929e+01   6.1965e+00   0.0000e+00   0.0000e+00   2.8803e+02
20260924_04:00:00   3.0516e-01   7.5858e+01   6.3624e+00   0.0000e+00   0.0000e+00   2.8794e+02
20260924_05:00:00   3.2840e-01   8.0434e+01   6.8048e+00   0.0000e+00   0.0000e+00   2.8792e+02
20260924_06:00:00   3.5847e-01   8.6348e+01   7.3055e+00   0.0000e+00   0.0000e+00   2.8741e+02
20260924_07:00:00   3.7421e-01   8.9346e+01   7.5939e+00   0.0000e+00   0.0000e+00   2.8735e+02
20260924_08:00:00   3.8542e-01   9.1549e+01   7.7155e+00   0.0000e+00   0.0000e+00   2.8634e+02
20260924_09:00:00   3.7556e-01   8.9777e+01   7.4917e+00   0.0000e+00   0.0000e+00   2.8543e+02
20260924_10:00:00   3.6365e-01   8.7602e+01   7.2105e+00   0.0000e+00   0.0000e+00   2.8471e+02
20260924_11:00:00   3.6319e-01   8.7576e+01   7.1187e+00   0.0000e+00   0.0000e+00   2.8470e+02
20260924_12:00:00   3.6706e-01   8.8393e+01   7.0860e+00   0.0000e+00   0.0000e+00   2.8302e+02
20260924_13:00:00   3.4235e-01   8.3721e+01   6.6319e+00   0.0000e+00   0.0000e+00   2.8234e+02
20260924_14:00:00   3.2295e-01   7.9937e+01   6.2971e+00   0.0000e+00   0.0000e+00   2.8050e+02
20260924_15:00:00   3.0528e-01   7.6410e+01   6.0058e+00   0.0000e+00   0.0000e+00   2.7943e+02
20260924_16:00:00   3.0662e-01   7.6689e+01   6.0293e+00   0.0000e+00   0.0000e+00   2.7880e+02
20260924_17:00:00   3.2371e-01   8.0132e+01   6.3140e+00   0.0000e+00   0.0000e+00   2.8006e+02
20260924_18:00:00   3.6789e-01   8.8722e+01   7.0669e+00   0.0000e+00   0.0000e+00   2.8323e+02
20260924_19:00:00   4.3969e-01   1.0179e+02   8.2720e+00   0.0000e+00   0.0000e+00   2.8398e+02
20260924_20:00:00   5.2841e-01   1.1667e+02   9.4904e+00   5.6820e-03   1.5518e-04   2.8498e+02
20260924_21:00:00   9.3854e-01   1.6999e+02   1.1035e+01   1.3681e-01   1.5661e-03   2.8695e+02
20260924_22:00:00   1.7099e+00   2.2637e+02   1.2472e+01   4.2289e-01   1.2198e-02   2.8752e+02
20260924_23:00:00   1.5271e+00   2.1710e+02   1.2392e+01   3.4148e-01   4.8557e-03   2.8733e+02
20260925_00:00:00   9.7576e-01   1.7452e+02   1.1338e+01   1.3254e-01   8.6580e-05   2.8691e+02
20260925_01:00:00   6.0173e-01   1.2868e+02   9.9079e+00   1.5640e-02   0.0000e+00   2.8699e+02
20260925_02:00:00   6.8765e-01   1.4122e+02   9.2483e+00   6.5260e-02   0.0000e+00   2.8402e+02
20260925_03:00:00   5.2973e-01   1.1769e+02   8.7626e+00   1.4712e-02   0.0000e+00   2.8181e+02
20260925_04:00:00   4.2148e-01   9.9410e+01   7.5898e+00   0.0000e+00   0.0000e+00   2.8275e+02
20260925_05:00:00   3.4889e-01   8.5956e+01   6.3831e+00   0.0000e+00   0.0000e+00   2.8642e+02
20260925_06:00:00   3.3293e-01   8.2778e+01   6.1254e+00   0.0000e+00   0.0000e+00   2.8416e+02
20260925_07:00:00   3.2676e-01   8.1472e+01   6.0264e+00   0.0000e+00   0.0000e+00   2.8194e+02
20260925_08:00:00   3.1330e-01   7.8752e+01   5.7949e+00   0.0000e+00   0.0000e+00   2.8051e+02
20260925_09:00:00   2.8014e-01   7.1990e+01   5.2268e+00   0.0000e+00   0.0000e+00   2.7909e+02
20260925_10:00:00   2.3647e-01   6.2702e+01   4.4711e+00   0.0000e+00   0.0000e+00   2.7815e+02
20260925_11:00:00   1.9762e-01   5.4083e+01   3.7852e+00   0.0000e+00   0.0000e+00   2.7637e+02
20260925_12:00:00   1.7782e-01   4.9550e+01   3.4234e+00   0.0000e+00   0.0000e+00   2.7786e+02
20260925_13:00:00   1.6949e-01   4.7626e+01   3.2554e+00   0.0000e+00   0.0000e+00   2.7915e+02
20260925_14:00:00   1.5485e-01   4.4218e+01   2.9728e+00   0.0000e+00   0.0000e+00   2.7890e+02
20260925_15:00:00   1.4627e-01   4.2171e+01   2.8135e+00   0.0000e+00   0.0000e+00   2.7640e+02
20260925_16:00:00   1.3103e-01   3.8509e+01   2.5268e+00   0.0000e+00   0.0000e+00   2.7546e+02
20260925_17:00:00   1.6152e-01   4.5842e+01   3.0857e+00   0.0000e+00   0.0000e+00   2.7451e+02
20260925_18:00:00   2.2916e-01   6.1191e+01   4.3565e+00   0.0000e+00   0.0000e+00   2.7274e+02
20260925_19:00:00   2.7887e-01   7.1830e+01   5.2588e+00   0.0000e+00   0.0000e+00   2.7273e+02
20260925_20:00:00   3.5704e-01   8.7358e+01   6.7431e+00   0.0000e+00   0.0000e+00   2.7184e+02
20260925_21:00:00   4.4196e-01   1.0290e+02   8.2205e+00   0.0000e+00   0.0000e+00   2.6980e+02
20260925_22:00:00   5.1259e-01   1.1498e+02   9.3103e+00   3.7340e-04   2.2980e-05   2.6946e+02
20260925_23:00:00   5.2487e-01   1.1720e+02   9.3675e+00   1.3074e-03   5.1720e-05   2.7109e+02
20260926_00:00:00   5.2794e-01   1.1783e+02   9.3244e+00   0.0000e+00   0.0000e+00   2.7278e+02
20260926_01:00:00   4.9085e-01   1.1186e+02   8.5368e+00   0.0000e+00   0.0000e+00   2.7284e+02
20260926_02:00:00   4.6787e-01   1.0799e+02   8.2031e+00   0.0000e+00   0.0000e+00   2.7145e+02
20260926_03:00:00   4.2090e-01   9.9740e+01   7.4464e+00   0.0000e+00   0.0000e+00   2.7093e+02
20260926_04:00:00   4.2411e-01   1.0028e+02   7.4725e+00   0.0000e+00   0.0000e+00   2.6944e+02
20260926_05:00:00   3.9821e-01   9.5549e+01   7.0617e+00   0.0000e+00   0.0000e+00   2.6966e+02
20260926_06:00:00   3.5712e-01   8.7785e+01   6.4152e+00   0.0000e+00   0.0000e+00   2.7111e+02
20260926_07:00:00   3.4936e-01   8.6193e+01   6.2932e+00   0.0000e+00   0.0000e+00   2.7128e+02
20260926_08:00:00   2.6848e-01   6.9840e+01   4.9507e+00   0.0000e+00   0.0000e+00   2.7110e+02
20260926_09:00:00   1.7977e-01   5.0191e+01   3.4323e+00   0.0000e+00   1.5300e-06   2.6988e+02
20260926_10:00:00   1.3200e-01   3.8752e+01   2.5751e+00   0.0000e+00   0.0000e+00   2.6946e+02
20260926_11:00:00   1.2448e-01   3.6790e+01   2.4829e+00   0.0000e+00   5.3320e-04   2.6757e+02
20260926_12:00:00   1.6196e-01   4.5754e+01   3.2610e+00   0.0000e+00   2.8558e-04   2.6577e+02
20260926_13:00:00   2.2480e-01   5.9984e+01   4.4865e+00   0.0000e+00   1.0709e-03   2.6467e+02
20260926_14:00:00   2.6898e-01   6.9464e+01   5.3030e+00   0.0000e+00   1.1724e-03   2.6369e+02
20260926_15:00:00   3.1451e-01   7.8736e+01   6.1582e+00   0.0000e+00   1.7878e-03   2.6202e+02
20260926_16:00:00   3.4685e-01   8.4983e+01   6.7786e+00   0.0000e+00   3.3582e-03   2.6172e+02
20260926_17:00:00   3.5942e-01   8.7307e+01   7.1230e+00   0.0000e+00   4.6269e-03   2.6239e+02
20260926_18:00:00   3.9808e-01   9.4632e+01   7.7812e+00   0.0000e+00   1.1652e-04   2.6318e+02
20260926_19:00:00   4.5978e-01   1.0560e+02   8.8889e+00   0.0000e+00   3.0600e-06   2.6340e+02
20260926_20:00:00   5.3563e-01   1.1805e+02   1.0272e+01   0.0000e+00   0.0000e+00   2.6256e+02
20260926_21:00:00   5.8191e-01   1.2532e+02   1.1001e+01   1.0098e-04   1.3464e-05   2.6282e+02
20260926_22:00:00   5.9657e-01   1.2772e+02   1.1215e+01   1.1090e-03   1.4316e-05   2.6179e+02
20260926_23:00:00   6.6282e-01   1.3737e+02   1.2025e+01   6.9080e-03   3.5700e-05   2.6198e+02
20260927_00:00:00   7.0975e-01   1.4347e+02   1.3169e+01   6.4370e-03   1.0034e-03   2.6291e+02
20260927_01:00:00   7.1629e-01   1.4412e+02   1.3717e+01   5.8350e-04   4.9769e-03   2.6392e+02
20260927_02:00:00   6.6036e-01   1.3626e+02   1.3127e+01   1.0760e-05   9.3714e-03   2.6436e+02
20260927_03:00:00   6.7413e-01   1.3786e+02   1.3623e+01   0.0000e+00   6.6655e-03   2.6341e+02
20260927_04:00:00   7.7860e-01   1.5167e+02   1.5334e+01   0.0000e+00   2.4053e-02   2.6193e+02
20260927_05:00:00   8.5826e-01   1.6134e+02   1.6692e+01   0.0000e+00   6.6075e-02   2.6095e+02
20260927_06:00:00   9.4331e-01   1.7086e+02   1.8014e+01   2.7880e-04   2.1345e-02   2.6065e+02
20260927_07:00:00   1.1524e+00   1.9060e+02   1.9933e+01   3.6475e-02   4.0279e-02   2.6013e+02
20260927_08:00:00   1.4080e+00   2.1006e+02   2.0941e+01   1.1130e-01   9.3078e-02   2.5774e+02
20260927_09:00:00   1.8472e+00   2.3399e+02   2.1458e+01   2.7374e-01   4.3552e-01   2.5898e+02
20260927_10:00:00   1.4163e+00   2.1065e+02   2.1650e+01   9.0500e-02   4.5724e-01   2.5825e+02
20260927_11:00:00   2.4690e+00   2.5357e+02   2.1521e+01   5.3693e-01   2.0503e-01   2.5613e+02
20260927_12:00:00   2.0734e+00   2.4272e+02   2.1855e+01   3.5814e-01   1.9994e-01   2.5666e+02
20260927_13:00:00   2.3070e+00   2.4995e+02   2.2093e+01   4.4485e-01   1.3809e-01   2.5770e+02
20260927_14:00:00   1.6176e+00   2.2307e+02   2.2063e+01   1.5915e-01   3.1453e-01   2.5955e+02
20260927_15:00:00   1.2674e+00   2.0070e+02   2.1025e+01   4.2539e-02   1.1168e-02   2.5972e+02
20260927_16:00:00   1.2151e+00   1.9656e+02   2.0882e+01   1.9007e-02   4.2802e-04   2.5980e+02
20260927_17:00:00   1.2504e+00   1.9954e+02   2.0468e+01   4.1139e-02   5.1703e-04   2.5989e+02
20260927_18:00:00   1.1569e+00   1.9190e+02   2.0352e+01   7.1723e-03   3.7658e-04   2.6023e+02
20260927_19:00:00   1.3824e+00   2.0954e+02   2.0711e+01   8.4667e-02   8.0288e-04   2.6017e+02
20260927_20:00:00   1.7697e+00   2.3224e+02   2.1418e+01   2.2247e-01   2.4923e-03   2.5989e+02
20260927_21:00:00   1.8118e+00   2.3413e+02   2.1303e+01   2.4171e-01   3.6963e-03   2.6019e+02
20260927_22:00:00   1.8116e+00   2.3398e+02   2.1148e+01   2.4701e-01   7.2187e-03   2.6137e+02
20260927_23:00:00   1.5799e+00   2.2230e+02   2.0877e+01   1.5998e-01   1.6926e-03   2.6142e+02
20260928_00:00:00   1.2561e+00   2.0040e+02   2.0621e+01   3.9528e-02   8.6367e-05   2.6014e+02
20260928_01:00:00   1.1063e+00   1.8772e+02   2.0021e+01   0.0000e+00   1.2904e-04   2.5817e+02
20260928_02:00:00   1.0883e+00   1.8598e+02   1.9835e+01   1.2762e-05   4.0589e-03   2.5813e+02
20260928_03:00:00   1.0522e+00   1.8266e+02   1.9328e+01   0.0000e+00   5.3073e-03   2.5728e+02
20260928_04:00:00   1.0047e+00   1.7829e+02   1.8688e+01   0.0000e+00   1.5406e-04   2.5645e+02
20260928_05:00:00   1.1004e+00   1.8734e+02   1.9324e+01   1.9630e-02   1.0755e-03   2.5723e+02
20260928_06:00:00   1.3773e+00   2.0896e+02   1.9754e+01   1.2012e-01   6.9540e-03   2.5805e+02
20260928_07:00:00   1.6431e+00   2.2485e+02   2.0234e+01   2.1583e-01   4.8893e-02   2.5784e+02
20260928_08:00:00   1.1331e+00   1.9028e+02   2.0173e+01   5.2066e-03   1.4757e-03   2.5571e+02
20260928_09:00:00   1.1308e+00   1.9004e+02   2.0413e+01   1.5190e-04   1.3462e-02   2.5644e+02
20260928_10:00:00   1.1859e+00   1.9466e+02   2.0841e+01   1.0150e-02   1.5087e-01   2.5815e+02
20260928_11:00:00   1.9118e+00   2.3710e+02   2.1230e+01   2.9936e-01   1.4163e-01   2.5859e+02
20260928_12:00:00   2.1488e+00   2.4579e+02   2.0983e+01   4.0298e-01   1.2376e-01   2.5881e+02
20260928_15:00:00   1.7965e+00   2.3238e+02   2.1025e+01   2.5289e-01   4.0650e-02   2.6064e+02
20260928_18:00:00   1.9345e+00   2.3814e+02   2.0907e+01   3.1567e-01   1.2330e-01   2.6272e+02
20260928_21:00:00   1.2089e+00   1.9666e+02   2.0588e+01   2.2391e-02   2.4694e-03   2.6238e+02
20260929_00:00:00   1.8108e+00   2.3239e+02   1.9203e+01   3.1415e-01   7.1799e-02   2.6363e+02
20260929_03:00:00   9.4871e-01   1.7274e+02   1.7354e+01   5.1142e-04   7.3380e-04   2.6279e+02
20260929_06:00:00   8.2512e-01   1.5908e+02   1.4709e+01   2.5941e-03   1.6009e-03   2.6268e+02
20260929_09:00:00   6.0921e-01   1.3035e+02   1.1097e+01   0.0000e+00   8.4780e-04   2.6489e+02
20260929_12:00:00   4.4026e-01   1.0293e+02   8.0933e+00   0.0000e+00   2.9440e-04   2.6586e+02
20260929_15:00:00   2.2016e-01   5.9373e+01   4.2036e+00   0.0000e+00   0.0000e+00   2.6571e+02
20260929_18:00:00   2.5488e-01   6.6867e+01   4.4588e+00   4.9760e-03   0.0000e+00   2.6442e+02
20260929_21:00:00   3.6306e-01   8.8590e+01   6.3792e+00   3.7672e-03   0.0000e+00   2.6332e+02
20260930_00:00:00   3.2996e-01   8.2202e+01   5.6288e+00   7.1570e-03   0.0000e+00   2.6178e+02
20260930_03:00:00   2.8982e-01   7.4137e+01   4.7329e+00   1.0099e-02   0.0000e+00   2.6385e+02
20260930_06:00:00   2.0965e-01   5.6868e+01   3.9219e+00   5.7903e-04   0.0000e+00   2.6461e+02
20260930_09:00:00   1.9434e-01   5.3342e+01   3.7007e+00   7.3389e-04   0.0000e+00   2.6469e+02
20260930_12:00:00   1.9354e-01   5.3058e+01   3.8126e+00   0.0000e+00   0.0000e+00   2.6570e+02
20260930_15:00:00   1.9806e-01   5.3895e+01   4.1081e+00   0.0000e+00   0.0000e+00   2.6561e+02
20260930_18:00:00   2.0312e-01   5.5156e+01   4.1473e+00   0.0000e+00   0.0000e+00   2.6366e+02
20260930_21:00:00   2.5952e-01   6.7474e+01   5.1246e+00   0.0000e+00   0.0000e+00   2.6416e+02
20261001_00:00:00   2.7914e-01   7.1605e+01   5.4457e+00   0.0000e+00   6.6420e-06   2.6259e+02
20261001_03:00:00   1.8287e-01   5.0358e+01   3.9193e+00   0.0000e+00   6.5040e-04   2.6372e+02
20261001_06:00:00   1.9019e-01   5.1778e+01   4.1980e+00   0.0000e+00   6.3740e-04   2.6173e+02
20261001_09:00:00   1.9693e-01   5.3196e+01   4.3968e+00   0.0000e+00   0.0000e+00   2.6010e+02
20261001_12:00:00   1.9515e-01   5.2824e+01   4.3761e+00   0.0000e+00   0.0000e+00   2.6150e+02
20261001_15:00:00   2.3330e-01   6.1440e+01   5.1099e+00   0.0000e+00   0.0000e+00   2.6276e+02
20261001_18:00:00   2.5776e-01   6.6923e+01   5.4818e+00   0.0000e+00   0.0000e+00   2.6019e+02
20261001_21:00:00   3.1573e-01   7.9262e+01   6.3584e+00   0.0000e+00   0.0000e+00   2.5999e+02
20261002_00:00:00   3.3388e-01   8.3144e+01   6.4971e+00   0.0000e+00   0.0000e+00   2.6016e+02
20261002_03:00:00   1.9517e-01   5.3556e+01   4.1435e+00   0.0000e+00   0.0000e+00   2.5953e+02
20261002_06:00:00   1.7456e-01   4.8727e+01   3.7750e+00   0.0000e+00   0.0000e+00   2.5724e+02
20261002_09:00:00   1.9600e-01   5.3643e+01   4.2313e+00   0.0000e+00   0.0000e+00   2.5625e+02
20261002_12:00:00   2.4312e-01   6.3832e+01   5.2746e+00   0.0000e+00   0.0000e+00   2.5687e+02
20261002_15:00:00   2.7388e-01   7.0340e+01   5.8711e+00   0.0000e+00   0.0000e+00   2.5644e+02
20261002_18:00:00   3.4187e-01   8.4121e+01   7.1674e+00   0.0000e+00   0.0000e+00   2.5520e+02
20261002_21:00:00   5.3362e-01   1.1876e+02   1.0283e+01   0.0000e+00   0.0000e+00   2.5429e+02
20261003_00:00:00   5.5739e-01   1.2257e+02   1.0751e+01   0.0000e+00   0.0000e+00   2.5328e+02
20261003_03:00:00   4.0933e-01   9.7217e+01   8.5504e+00   0.0000e+00   0.0000e+00   2.5448e+02
20261003_06:00:00   3.2672e-01   8.0798e+01   7.3033e+00   0.0000e+00   0.0000e+00   2.5457e+02
20261003_09:00:00   3.0692e-01   7.6264e+01   7.0586e+00   0.0000e+00   0.0000e+00   2.5306e+02
20261003_12:00:00   2.8066e-01   7.0629e+01   6.5364e+00   0.0000e+00   0.0000e+00   2.5260e+02
20261003_15:00:00   3.0191e-01   7.5236e+01   6.9757e+00   0.0000e+00   0.0000e+00   2.5302e+02
20261003_18:00:00   3.5565e-01   8.6423e+01   7.9409e+00   0.0000e+00   0.0000e+00   2.5500e+02
20261003_21:00:00   5.3497e-01   1.1847e+02   1.1250e+01   0.0000e+00   0.0000e+00   2.5382e+02
20261004_00:00:00   5.5236e-01   1.2125e+02   1.1719e+01   0.0000e+00   0.0000e+00   2.5467e+02
20261004_03:00:00   4.7920e-01   1.0902e+02   1.0616e+01   0.0000e+00   0.0000e+00   2.5385e+02
20261004_06:00:00   4.1016e-01   9.6721e+01   9.2859e+00   0.0000e+00   0.0000e+00   2.5413e+02
20261004_09:00:00   3.4859e-01   8.5497e+01   7.8349e+00   0.0000e+00   0.0000e+00   2.5405e+02
20261004_12:00:00   2.9034e-01   7.3752e+01   6.6131e+00   0.0000e+00   0.0000e+00   2.5565e+02
20261004_15:00:00   2.5712e-01   6.6734e+01   5.9185e+00   0.0000e+00   0.0000e+00   2.5438e+02
20261004_18:00:00   2.7674e-01   7.1077e+01   6.2873e+00   0.0000e+00   0.0000e+00   2.5514e+02
20261004_21:00:00   3.4212e-01   8.4816e+01   7.4478e+00   0.0000e+00   0.0000e+00   2.5515e+02
20261005_00:00:00   3.5809e-01   8.7974e+01   7.8012e+00   0.0000e+00   0.0000e+00   2.5383e+02
20261005_03:00:00   2.8613e-01   7.3271e+01   6.5049e+00   0.0000e+00   0.0000e+00   2.5647e+02
20261005_06:00:00   2.4327e-01   6.4136e+01   5.5664e+00   0.0000e+00   0.0000e+00   2.5846e+02
20261005_09:00:00   2.4082e-01   6.3525e+01   5.5135e+00   0.0000e+00   0.0000e+00   2.5751e+02
20261005_12:00:00   2.0711e-01   5.6008e+01   4.7399e+00   0.0000e+00   0.0000e+00   2.5579e+02
20261005_15:00:00   1.9680e-01   5.3723e+01   4.4973e+00   0.0000e+00   0.0000e+00   2.5626e+02
20261005_18:00:00   2.0995e-01   5.6695e+01   4.7979e+00   0.0000e+00   0.0000e+00   2.5618e+02
20261005_21:00:00   3.1038e-01   7.8479e+01   6.7698e+00   0.0000e+00   0.0000e+00   2.5609e+02
20261006_00:00:00   3.6602e-01   8.9620e+01   7.7875e+00   0.0000e+00   0.0000e+00   2.5728e+02
20261006_03:00:00   3.2925e-01   8.2443e+01   7.1576e+00   0.0000e+00   0.0000e+00   2.5928e+02
20261006_06:00:00   2.9011e-01   7.4285e+01   6.4128e+00   0.0000e+00   0.0000e+00   2.5979e+02
20261006_09:00:00   2.4352e-01   6.4105e+01   5.5278e+00   0.0000e+00   0.0000e+00   2.6027e+02
20261006_12:00:00   2.3177e-01   6.1513e+01   5.2589e+00   0.0000e+00   0.0000e+00   2.6038e+02
20261006_15:00:00   2.2591e-01   6.0231e+01   5.1229e+00   0.0000e+00   0.0000e+00   2.6081e+02
20261006_18:00:00   2.4210e-01   6.3976e+01   5.4025e+00   0.0000e+00   0.0000e+00   2.6038e+02
20261006_21:00:00   3.4272e-01   8.5150e+01   7.1722e+00   0.0000e+00   0.0000e+00   2.5931e+02
20261007_00:00:00   3.5487e-01   8.7610e+01   7.3557e+00   0.0000e+00   0.0000e+00   2.5736e+02
20261007_03:00:00   2.7551e-01   7.1442e+01   5.9409e+00   0.0000e+00   0.0000e+00   2.6090e+02
20261007_06:00:00   2.3933e-01   6.3579e+01   5.2448e+00   0.0000e+00   0.0000e+00   2.6082e+02
20261007_09:00:00   1.9822e-01   5.4310e+01   4.3978e+00   0.0000e+00   0.0000e+00   2.6042e+02
20261007_12:00:00   2.0157e-01   5.4945e+01   4.4629e+00   0.0000e+00   0.0000e+00   2.6210e+02
20261007_15:00:00   1.8793e-01   5.1898e+01   4.1201e+00   0.0000e+00   0.0000e+00   2.6319e+02
20261007_18:00:00   1.8125e-01   5.0424e+01   3.9548e+00   0.0000e+00   0.0000e+00   2.6267e+02
20261007_21:00:00   2.7470e-01   7.1207e+01   5.8088e+00   0.0000e+00   0.0000e+00   2.6191e+02
20261008_00:00:00   2.9938e-01   7.6451e+01   6.2363e+00   0.0000e+00   0.0000e+00   2.6217e+02
20261008_03:00:00   2.6718e-01   6.9718e+01   5.5767e+00   0.0000e+00   0.0000e+00   2.6187e+02
20261008_06:00:00   2.1606e-01   5.8496e+01   4.5831e+00   0.0000e+00   0.0000e+00   2.6283e+02
20261008_09:00:00   2.2093e-01   5.9581e+01   4.6561e+00   0.0000e+00   0.0000e+00   2.6053e+02
20261008_12:00:00   2.7402e-01   7.0974e+01   5.6583e+00   0.0000e+00   0.0000e+00   2.6188e+02
20261008_15:00:00   2.9545e-01   7.5389e+01   6.0568e+00   0.0000e+00   0.0000e+00   2.6267e+02
20261008_18:00:00   3.7647e-01   9.1380e+01   7.4299e+00   0.0000e+00   0.0000e+00   2.6190e+02
20261008_21:00:00   5.1363e-01   1.1562e+02   9.5650e+00   0.0000e+00   0.0000e+00   2.6030e+02
20261009_00:00:00   5.4453e-01   1.2075e+02   9.8933e+00   0.0000e+00   0.0000e+00   2.5866e+02
20261009_03:00:00   4.2714e-01   1.0096e+02   8.0382e+00   0.0000e+00   0.0000e+00   2.5662e+02
20261009_06:00:00   3.5730e-01   8.7831e+01   6.9855e+00   0.0000e+00   0.0000e+00   2.5868e+02
20261009_09:00:00   3.2280e-01   8.1227e+01   6.2932e+00   0.0000e+00   0.0000e+00   2.5690e+02
20261009_12:00:00   3.4444e-01   8.5564e+01   6.4317e+00   0.0000e+00   1.2228e-05   2.5874e+02
