#            date       tau255        Tb[K]      pwv[mm] lwp[kg*m^-2] iwp[kg*m^-2]       o3[DU]
20260915_06:00:00   6.3061e-01   1.3364e+02   1.2649e+01   0.0000e+00   0.0000e+00   2.7553e+02
20260915_07:00:00   5.9365e-01   1.2799e+02   1.2048e+01   0.0000e+00   0.0000e+00   2.7820e+02
20260915_08:00:00   5.6566e-01   1.2357e+02   1.1588e+01   0.0000e+00   0.0000e+00   2.7752e+02
20260915_09:00:00   5.4697e-01   1.2053e+02   1.1278e+01   0.0000e+00   0.0000e+00   2.7883e+02
20260915_10:00:00   5.3917e-01   1.1921e+02   1.1126e+01   0.0000e+00   0.0000e+00   2.7958e+02
20260915_11:00:00   5.3450e-01   1.1844e+02   1.1038e+01   0.0000e+00   0.0000e+00   2.8094e+02
20260915_12:00:00   5.3502e-01   1.1847e+02   1.1055e+01   0.0000e+00   0.0000e+00   2.8118e+02
20260915_13:00:00   5.4887e-01   1.2062e+02   1.1270e+01   0.0000e+00   0.0000e+00   2.7978e+02
20260915_14:00:00   5.5937e-01   1.2228e+02   1.1426e+01   0.0000e+00   0.0000e+00   2.7715e+02
20260915_15:00:00   5.6695e-01   1.2344e+02   1.1543e+01   0.0000e+00   0.0000e+00   2.7310e+02
20260915_16:00:00   5.7066e-01   1.2394e+02   1.1611e+01   0.0000e+00   0.0000e+00   2.7452e+02
20260915_17:00:00   5.7468e-01   1.2447e+02   1.1695e+01   0.0000e+00   0.0000e+00   2.7526e+02
20260915_18:00:00   5.8165e-01   1.2553e+02   1.1788e+01   0.0000e+00   0.0000e+00   2.7913e+02
20260915_19:00:00   5.8400e-01   1.2599e+02   1.1752e+01   0.0000e+00   0.0000e+00   2.7790e+02
20260915_20:00:00   5.9396e-01   1.2757e+02   1.1862e+01   0.0000e+00   0.0000e+00   2.7571e+02
20260915_21:00:00   6.0831e-01   1.2978e+02   1.2060e+01   0.0000e+00   0.0000e+00   2.7563e+02
20260915_22:00:00   6.1293e-01   1.3050e+02   1.2130e+01   0.0000e+00   0.0000e+00   2.7264e+02
20260915_23:00:00   6.1758e-01   1.3122e+02   1.2229e+01   0.0000e+00   0.0000e+00   2.7204e+02
20260916_00:00:00   6.1666e-01   1.3113e+02   1.2261e+01   0.0000e+00   0.0000e+00   2.7123e+02
20260916_01:00:00   6.0605e-01   1.2952e+02   1.2193e+01   0.0000e+00   3.2400e-05   2.6569e+02
20260916_02:00:00   5.9750e-01   1.2812e+02   1.2184e+01   0.0000e+00   0.0000e+00   2.6043e+02
20260916_03:00:00   5.7499e-01   1.2442e+02   1.1954e+01   0.0000e+00   0.0000e+00   2.6094e+02
20260916_04:00:00   5.6050e-01   1.2204e+02   1.1760e+01   0.0000e+00   0.0000e+00   2.6740e+02
20260916_05:00:00   5.5754e-01   1.2149e+02   1.1711e+01   0.0000e+00   0.0000e+00   2.6912e+02
20260916_06:00:00   5.6216e-01   1.2206e+02   1.1794e+01   0.0000e+00   0.0000e+00   2.7313e+02
20260916_07:00:00   5.8046e-01   1.2473e+02   1.2114e+01   0.0000e+00   0.0000e+00   2.7209e+02
20260916_08:00:00   5.9703e-01   1.2711e+02   1.2429e+01   0.0000e+00   0.0000e+00   2.7383e+02
20260916_09:00:00   6.0196e-01   1.2777e+02   1.2485e+01   0.0000e+00   0.0000e+00   2.7330e+02
20260916_10:00:00   6.0740e-01   1.2851e+02   1.2565e+01   0.0000e+00   0.0000e+00   2.7285e+02
20260916_11:00:00   6.0898e-01   1.2872e+02   1.2579e+01   0.0000e+00   1.0824e-05   2.7428e+02
20260916_12:00:00   6.0967e-01   1.2882e+02   1.2596e+01   0.0000e+00   0.0000e+00   2.7527e+02
20260916_13:00:00   6.1840e-01   1.2996e+02   1.2835e+01   0.0000e+00   3.3460e-03   2.7657e+02
20260916_14:00:00   6.2136e-01   1.3041e+02   1.2856e+01   0.0000e+00   1.9092e-03   2.7513e+02
20260916_15:00:00   6.1013e-01   1.2891e+02   1.2580e+01   0.0000e+00   5.2080e-07   2.7159e+02
20260916_16:00:00   6.1508e-01   1.2955e+02   1.2678e+01   0.0000e+00   3.2060e-04   2.7189e+02
20260916_17:00:00   6.1808e-01   1.2997e+02   1.2748e+01   0.0000e+00   4.7665e-04   2.7431e+02
20260916_18:00:00   6.2780e-01   1.3139e+02   1.2895e+01   0.0000e+00   9.8354e-04   2.7475e+02
20260916_19:00:00   6.3761e-01   1.3275e+02   1.3068e+01   0.0000e+00   3.1853e-03   2.7691e+02
20260916_20:00:00   6.3914e-01   1.3302e+02   1.3045e+01   0.0000e+00   2.0009e-03   2.7841e+02
20260916_21:00:00   6.5241e-01   1.3494e+02   1.3239e+01   0.0000e+00   8.1181e-03   2.7809e+02
20260916_22:00:00   6.6240e-01   1.3636e+02   1.3417e+01   0.0000e+00   2.7802e-03   2.7977e+02
20260916_23:00:00   6.5478e-01   1.3539e+02   1.3257e+01   0.0000e+00   1.5589e-03   2.8081e+02
20260917_00:00:00   6.4006e-01   1.3337e+02   1.3000e+01   0.0000e+00   1.0064e-02   2.7918e+02
20260917_01:00:00   6.0806e-01   1.2886e+02   1.2419e+01   0.0000e+00   8.2120e-03   2.7848e+02
20260917_02:00:00   5.6657e-01   1.2255e+02   1.1733e+01   0.0000e+00   1.8226e-03   2.7736e+02
20260917_03:00:00   5.3606e-01   1.1766e+02   1.1200e+01   0.0000e+00   4.1564e-04   2.7590e+02
20260917_04:00:00   5.3562e-01   1.1741e+02   1.1198e+01   0.0000e+00   2.0336e-03   2.7705e+02
20260917_05:00:00   5.3084e-01   1.1655e+02   1.1098e+01   0.0000e+00   1.4082e-03   2.7704e+02
20260917_06:00:00   5.3221e-01   1.1660e+02   1.1120e+01   0.0000e+00   4.3758e-03   2.7530e+02
20260917_07:00:00   5.3149e-01   1.1636e+02   1.1115e+01   0.0000e+00   2.5076e-03   2.7401e+02
20260917_08:00:00   5.3391e-01   1.1663e+02   1.1171e+01   0.0000e+00   1.8994e-03   2.7323e+02
20260917_09:00:00   5.2372e-01   1.1500e+02   1.0955e+01   0.0000e+00   5.0722e-04   2.7401e+02
20260917_10:00:00   5.1001e-01   1.1284e+02   1.0680e+01   0.0000e+00   1.6842e-04   2.7131e+02
20260917_11:00:00   5.0290e-01   1.1173e+02   1.0523e+01   0.0000e+00   5.8284e-05   2.6924e+02
20260917_12:00:00   5.0448e-01   1.1201e+02   1.0519e+01   0.0000e+00   1.1358e-04   2.7022e+02
20260917_13:00:00   5.0296e-01   1.1187e+02   1.0444e+01   0.0000e+00   2.0840e-07   2.7005e+02
20260917_14:00:00   4.9494e-01   1.1070e+02   1.0242e+01   0.0000e+00   0.0000e+00   2.6900e+02
20260917_15:00:00   4.7538e-01   1.0763e+02   9.8128e+00   0.0000e+00   0.0000e+00   2.7127e+02
20260917_16:00:00   4.5818e-01   1.0483e+02   9.4361e+00   0.0000e+00   0.0000e+00   2.6908e+02
20260917_17:00:00   4.4335e-01   1.0235e+02   9.1383e+00   0.0000e+00   0.0000e+00   2.6828e+02
20260917_18:00:00   4.3104e-01   1.0019e+02   8.8866e+00   0.0000e+00   0.0000e+00   2.6768e+02
20260917_19:00:00   4.1924e-01   9.8136e+01   8.6528e+00   0.0000e+00   0.0000e+00   2.6907e+02
20260917_20:00:00   4.1612e-01   9.7621e+01   8.5730e+00   0.0000e+00   0.0000e+00   2.6984e+02
20260917_21:00:00   4.2132e-01   9.8616e+01   8.6483e+00   0.0000e+00   0.0000e+00   2.6985e+02
20260917_22:00:00   4.2846e-01   9.9972e+01   8.7576e+00   0.0000e+00   0.0000e+00   2.6912e+02
20260917_23:00:00   4.3213e-01   1.0070e+02   8.8125e+00   0.0000e+00   0.0000e+00   2.6853e+02
20260918_00:00:00   4.2895e-01   1.0019e+02   8.7559e+00   0.0000e+00   0.0000e+00   2.6769e+02
20260918_01:00:00   4.1267e-01   9.7382e+01   8.4453e+00   0.0000e+00   0.0000e+00   2.6813e+02
20260918_02:00:00   3.9751e-01   9.4729e+01   8.1555e+00   0.0000e+00   0.0000e+00   2.6849e+02
20260918_03:00:00   3.8354e-01   9.2214e+01   7.9153e+00   0.0000e+00   0.0000e+00   2.6917e+02
20260918_04:00:00   3.7510e-01   9.0655e+01   7.7453e+00   0.0000e+00   0.0000e+00   2.7014e+02
20260918_05:00:00   3.7263e-01   9.0202e+01   7.6792e+00   0.0000e+00   0.0000e+00   2.7156e+02
20260918_06:00:00   3.6771e-01   8.9276e+01   7.5734e+00   0.0000e+00   0.0000e+00   2.7071e+02
20260918_07:00:00   3.5680e-01   8.7182e+01   7.3605e+00   0.0000e+00   0.0000e+00   2.7035e+02
20260918_08:00:00   3.5149e-01   8.6148e+01   7.2517e+00   0.0000e+00   0.0000e+00   2.7118e+02
20260918_09:00:00   3.4919e-01   8.5661e+01   7.1983e+00   0.0000e+00   0.0000e+00   2.7056e+02
20260918_10:00:00   3.4677e-01   8.5165e+01   7.1484e+00   0.0000e+00   0.0000e+00   2.7075e+02
20260918_11:00:00   3.4305e-01   8.4410e+01   7.0782e+00   0.0000e+00   0.0000e+00   2.7113e+02
20260918_12:00:00   3.3960e-01   8.3722e+01   7.0106e+00   0.0000e+00   0.0000e+00   2.7201e+02
20260918_13:00:00   3.3399e-01   8.2629e+01   6.8903e+00   0.0000e+00   0.0000e+00   2.7043e+02
20260918_14:00:00   3.2554e-01   8.0997e+01   6.7125e+00   0.0000e+00   0.0000e+00   2.7222e+02
20260918_15:00:00   3.1845e-01   7.9573e+01   6.5783e+00   0.0000e+00   0.0000e+00   2.7340e+02
20260918_16:00:00   3.1350e-01   7.8581e+01   6.4797e+00   0.0000e+00   0.0000e+00   2.7273e+02
20260918_17:00:00   3.1079e-01   7.8064e+01   6.4243e+00   0.0000e+00   0.0000e+00   2.7447e+02
20260918_18:00:00   3.0470e-01   7.6821e+01   6.2988e+00   0.0000e+00   0.0000e+00   2.7560e+02
20260918_19:00:00   3.0113e-01   7.6135e+01   6.2091e+00   0.0000e+00   0.0000e+00   2.7418e+02
20260918_20:00:00   2.9821e-01   7.5576e+01   6.1238e+00   0.0000e+00   0.0000e+00   2.7469e+02
20260918_21:00:00   2.9303e-01   7.4557e+01   6.0141e+00   0.0000e+00   0.0000e+00   2.7315e+02
20260918_22:00:00   2.8525e-01   7.3015e+01   5.8493e+00   0.0000e+00   0.0000e+00   2.7148e+02
20260918_23:00:00   2.7453e-01   7.0813e+01   5.6291e+00   0.0000e+00   0.0000e+00   2.7074e+02
20260919_00:00:00   2.5434e-01   6.6541e+01   5.2354e+00   0.0000e+00   0.0000e+00   2.7084e+02
20260919_01:00:00   2.2857e-01   6.0968e+01   4.7286e+00   0.0000e+00   0.0000e+00   2.7154e+02
20260919_02:00:00   1.9230e-01   5.2799e+01   4.0314e+00   0.0000e+00   0.0000e+00   2.7081e+02
20260919_03:00:00   1.6576e-01   4.6482e+01   3.5769e+00   0.0000e+00   0.0000e+00   2.6991e+02
20260919_04:00:00   1.6602e-01   4.6469e+01   3.6231e+00   0.0000e+00   0.0000e+00   2.6861e+02
20260919_05:00:00   1.7095e-01   4.7605e+01   3.7374e+00   0.0000e+00   0.0000e+00   2.6838e+02
20260919_06:00:00   1.6904e-01   4.7187e+01   3.6888e+00   0.0000e+00   0.0000e+00   2.6984e+02
20260919_07:00:00   1.6786e-01   4.6865e+01   3.6736e+00   0.0000e+00   0.0000e+00   2.7050e+02
20260919_08:00:00   1.6997e-01   4.7251e+01   3.7377e+00   0.0000e+00   0.0000e+00   2.6927e+02
20260919_09:00:00   1.7126e-01   4.7489e+01   3.7707e+00   0.0000e+00   0.0000e+00   2.7058e+02
20260919_10:00:00   1.6909e-01   4.6973e+01   3.7198e+00   0.0000e+00   0.0000e+00   2.7081e+02
20260919_11:00:00   1.6429e-01   4.5872e+01   3.6082e+00   0.0000e+00   0.0000e+00   2.7169e+02
20260919_12:00:00   1.6091e-01   4.5078e+01   3.5327e+00   0.0000e+00   0.0000e+00   2.7167e+02
20260919_13:00:00   1.5547e-01   4.3832e+01   3.4050e+00   0.0000e+00   0.0000e+00   2.7054e+02
20260919_14:00:00   1.4982e-01   4.2529e+01   3.2763e+00   0.0000e+00   0.0000e+00   2.6925e+02
20260919_15:00:00   1.4886e-01   4.2320e+01   3.2470e+00   0.0000e+00   0.0000e+00   2.6816e+02
20260919_16:00:00   1.4818e-01   4.2186e+01   3.2235e+00   0.0000e+00   0.0000e+00   2.6783e+02
20260919_17:00:00   1.5088e-01   4.2892e+01   3.2612e+00   0.0000e+00   0.0000e+00   2.6679e+02
20260919_18:00:00   1.7049e-01   4.7621e+01   3.6289e+00   0.0000e+00   0.0000e+00   2.6634e+02
20260919_19:00:00   1.9552e-01   5.3467e+01   4.1070e+00   0.0000e+00   0.0000e+00   2.6545e+02
20260919_20:00:00   2.1631e-01   5.8224e+01   4.4906e+00   0.0000e+00   0.0000e+00   2.6469e+02
20260919_21:00:00   2.4939e-01   6.5513e+01   5.1179e+00   0.0000e+00   0.0000e+00   2.6367e+02
20260919_22:00:00   2.8176e-01   7.2373e+01   5.7260e+00   0.0000e+00   0.0000e+00   2.6256e+02
20260919_23:00:00   2.8934e-01   7.3970e+01   5.8619e+00   0.0000e+00   0.0000e+00   2.6304e+02
20260920_00:00:00   2.8546e-01   7.3158e+01   5.8022e+00   0.0000e+00   0.0000e+00   2.6440e+02
20260920_01:00:00   2.7816e-01   7.1591e+01   5.6963e+00   0.0000e+00   0.0000e+00   2.6535e+02
20260920_02:00:00   2.5566e-01   6.6819e+01   5.2850e+00   0.0000e+00   0.0000e+00   2.6432e+02
20260920_03:00:00   2.3888e-01   6.3208e+01   4.9807e+00   0.0000e+00   0.0000e+00   2.6409e+02
20260920_04:00:00   2.3886e-01   6.3146e+01   5.0001e+00   0.0000e+00   0.0000e+00   2.6394e+02
20260920_05:00:00   2.3172e-01   6.1568e+01   4.8764e+00   0.0000e+00   0.0000e+00   2.6326e+02
20260920_06:00:00   2.2503e-01   6.0085e+01   4.7521e+00   0.0000e+00   0.0000e+00   2.6300e+02
20260920_09:00:00   1.9793e-01   5.3889e+01   4.2672e+00   0.0000e+00   0.0000e+00   2.6196e+02
20260920_12:00:00   1.8290e-01   5.0268e+01   4.0155e+00   0.0000e+00   0.0000e+00   2.6258e+02
20260920_15:00:00   1.8936e-01   5.1249e+01   4.3299e+00   0.0000e+00   5.3954e-05   2.5881e+02
20260920_18:00:00   2.5393e-01   6.5544e+01   5.6673e+00   0.0000e+00   1.1616e-04   2.5578e+02
20260920_21:00:00   3.8833e-01   9.2392e+01   8.2774e+00   0.0000e+00   2.8109e-03   2.5795e+02
20260921_00:00:00   4.0143e-01   9.4869e+01   8.5245e+00   0.0000e+00   1.8344e-02   2.5831e+02
20260921_03:00:00   2.8133e-01   7.0599e+01   6.4583e+00   0.0000e+00   4.6146e-02   2.6057e+02
20260921_06:00:00   2.5568e-01   6.5367e+01   5.8821e+00   0.0000e+00   1.9466e-02   2.6510e+02
20260921_09:00:00   2.2137e-01   5.8252e+01   5.0162e+00   0.0000e+00   3.5520e-03   2.7198e+02
20260921_12:00:00   2.0912e-01   5.5967e+01   4.5604e+00   0.0000e+00   0.0000e+00   2.7303e+02
20260921_15:00:00   1.9539e-01   5.3010e+01   4.1794e+00   0.0000e+00   0.0000e+00   2.7308e+02
20260921_18:00:00   2.0586e-01   5.5385e+01   4.3483e+00   0.0000e+00   0.0000e+00   2.7202e+02
20260921_21:00:00   2.3768e-01   6.2572e+01   4.8828e+00   0.0000e+00   0.0000e+00   2.6979e+02
20260922_00:00:00   2.3529e-01   6.2193e+01   4.7721e+00   0.0000e+00   0.0000e+00   2.7185e+02
20260922_03:00:00   1.8376e-01   5.0828e+01   3.7091e+00   0.0000e+00   0.0000e+00   2.7587e+02
20260922_06:00:00   1.6355e-01   4.6062e+01   3.3350e+00   0.0000e+00   0.0000e+00   2.7781e+02
20260922_09:00:00   1.6481e-01   4.6193e+01   3.4043e+00   0.0000e+00   0.0000e+00   2.7766e+02
20260922_12:00:00   1.7482e-01   4.8393e+01   3.6190e+00   0.0000e+00   0.0000e+00   2.7490e+02
20260922_15:00:00   1.8871e-01   5.1558e+01   3.8839e+00   0.0000e+00   0.0000e+00   2.7696e+02
20260922_18:00:00   2.2665e-01   5.9999e+01   4.5998e+00   0.0000e+00   0.0000e+00   2.7810e+02
20260922_21:00:00   3.2092e-01   7.9743e+01   6.2755e+00   0.0000e+00   0.0000e+00   2.8254e+02
20260923_00:00:00   3.8299e-01   9.1767e+01   7.3797e+00   0.0000e+00   7.6540e-05   2.8388e+02
20260923_03:00:00   2.9682e-01   7.4247e+01   6.3443e+00   0.0000e+00   2.6841e-03   2.8233e+02
20260923_06:00:00   2.5743e-01   6.5533e+01   5.6880e+00   0.0000e+00   5.4772e-04   2.8551e+02
20260923_09:00:00   3.8134e-01   8.9740e+01   8.0084e+00   0.0000e+00   0.0000e+00   2.7797e+02
20260923_12:00:00   3.4154e-01   8.3001e+01   7.2056e+00   0.0000e+00   0.0000e+00   2.7728e+02
20260923_15:00:00   3.1455e-01   7.8079e+01   6.5616e+00   0.0000e+00   0.0000e+00   2.7835e+02
20260923_18:00:00   3.3046e-01   8.0922e+01   6.9143e+00   0.0000e+00   0.0000e+00   2.7481e+02
20260923_21:00:00   3.9916e-01   9.3624e+01   8.4029e+00   0.0000e+00   4.1884e-03   2.7080e+02
20260924_00:00:00   4.0802e-01   9.5873e+01   8.2080e+00   0.0000e+00   8.9483e-03   2.6976e+02
20260924_03:00:00   3.6771e-01   8.8275e+01   7.6792e+00   0.0000e+00   4.3578e-03   2.6886e+02
20260924_06:00:00   5.0886e-01   1.1339e+02   1.0069e+01   0.0000e+00   3.0340e-04   2.6727e+02
20260924_09:00:00   7.0975e-01   1.4378e+02   1.2512e+01   9.3982e-03   3.2579e-05   2.6743e+02
20260924_12:00:00   6.6054e-01   1.3685e+02   1.1302e+01   2.3054e-02   5.8698e-05   2.6820e+02
20260924_15:00:00   8.5184e-01   1.6135e+02   1.4395e+01   2.4113e-02   8.8423e-04   2.6832e+02
20260924_18:00:00   6.9882e-01   1.4311e+02   1.2475e+01   0.0000e+00   0.0000e+00   2.6578e+02
20260924_21:00:00   1.2966e+00   2.0354e+02   1.6779e+01   1.4285e-01   1.3220e-03   2.6574e+02
20260925_00:00:00   1.1674e+00   1.9333e+02   1.6314e+01   1.0342e-01   5.4340e-05   2.6424e+02
20260925_03:00:00   7.6970e-01   1.5224e+02   1.4023e+01   1.1006e-04   0.0000e+00   2.6525e+02
20260925_06:00:00   6.7490e-01   1.3972e+02   1.2163e+01   3.8439e-03   6.0080e-06   2.6211e+02
20260925_09:00:00   6.4747e-01   1.3583e+02   1.1612e+01   0.0000e+00   0.0000e+00   2.6035e+02
20260925_12:00:00   5.9511e-01   1.2823e+02   1.0594e+01   0.0000e+00   0.0000e+00   2.5815e+02
20260925_15:00:00   5.2200e-01   1.1673e+02   9.5536e+00   0.0000e+00   0.0000e+00   2.5930e+02
20260925_18:00:00   6.0702e-01   1.2990e+02   1.1014e+01   0.0000e+00   0.0000e+00   2.5855e+02
20260925_21:00:00   1.0254e+00   1.8046e+02   1.3617e+01   1.1480e-01   5.0334e-05   2.5806e+02
20260926_00:00:00   7.9012e-01   1.5470e+02   1.2772e+01   3.9102e-02   0.0000e+00   2.5800e+02
20260926_03:00:00   3.0315e-01   7.6128e+01   6.4332e+00   0.0000e+00   0.0000e+00   2.6268e+02
20260926_06:00:00   2.5934e-01   6.6835e+01   5.6570e+00   0.0000e+00   0.0000e+00   2.6460e+02
20260926_09:00:00   2.9002e-01   7.2823e+01   6.3707e+00   0.0000e+00   0.0000e+00   2.6222e+02
20260926_12:00:00   2.1108e-01   5.6327e+01   4.6229e+00   0.0000e+00   0.0000e+00   2.6396e+02
20260926_15:00:00   1.4482e-01   4.1491e+01   3.0770e+00   0.0000e+00   0.0000e+00   2.6614e+02
20260926_18:00:00   1.4454e-01   4.1504e+01   3.0294e+00   0.0000e+00   0.0000e+00   2.6924e+02
20260926_21:00:00   1.5879e-01   4.4935e+01   3.3245e+00   0.0000e+00   0.0000e+00   2.6908e+02
20260927_00:00:00   1.4082e-01   4.0715e+01   2.9564e+00   0.0000e+00   0.0000e+00   2.6800e+02
20260927_03:00:00   9.8575e-02   3.0371e+01   2.0386e+00   0.0000e+00   0.0000e+00   2.7088e+02
20260927_06:00:00   9.1654e-02   2.8551e+01   1.8987e+00   0.0000e+00   0.0000e+00   2.7095e+02
20260927_09:00:00   9.5127e-02   2.9384e+01   1.9817e+00   0.0000e+00   0.0000e+00   2.6995e+02
20260927_12:00:00   9.8522e-02   3.0165e+01   2.0776e+00   0.0000e+00   0.0000e+00   2.7123e+02
20260927_15:00:00   1.0205e-01   3.1064e+01   2.1542e+00   0.0000e+00   0.0000e+00   2.7070e+02
20260927_18:00:00   1.0696e-01   3.2462e+01   2.2187e+00   0.0000e+00   0.0000e+00   2.7342e+02
20260927_21:00:00   1.5622e-01   4.4508e+01   3.2640e+00   0.0000e+00   0.0000e+00   2.7334e+02
20260928_00:00:00   2.0242e-01   5.5257e+01   4.2120e+00   0.0000e+00   0.0000e+00   2.7232e+02
20260928_03:00:00   1.9676e-01   5.4137e+01   4.1101e+00   0.0000e+00   0.0000e+00   2.7072e+02
20260928_06:00:00   2.8289e-01   7.3128e+01   5.7122e+00   0.0000e+00   0.0000e+00   2.6916e+02
20260928_09:00:00   3.6330e-01   8.9295e+01   7.1157e+00   0.0000e+00   0.0000e+00   2.6913e+02
20260928_12:00:00   4.0256e-01   9.6676e+01   7.7737e+00   0.0000e+00   0.0000e+00   2.7065e+02
20260928_15:00:00   4.9684e-01   1.1315e+02   9.4961e+00   0.0000e+00   0.0000e+00   2.6828e+02
20260928_18:00:00   5.4595e-01   1.2124e+02   1.0331e+01   0.0000e+00   0.0000e+00   2.6761e+02
20260928_21:00:00   5.1864e-01   1.1674e+02   9.9016e+00   0.0000e+00   0.0000e+00   2.6851e+02
20260929_00:00:00   4.8028e-01   1.1042e+02   9.2294e+00   0.0000e+00   0.0000e+00   2.6737e+02
20260929_03:00:00   4.4975e-01   1.0527e+02   8.8844e+00   0.0000e+00   0.0000e+00   2.6907e+02
20260929_06:00:00   5.2988e-01   1.1823e+02   1.0876e+01   0.0000e+00   0.0000e+00   2.6809e+02
20260929_09:00:00   6.4138e-01   1.3512e+02   1.2933e+01   0.0000e+00   0.0000e+00   2.6861e+02
20260929_12:00:00   6.1653e-01   1.3140e+02   1.2469e+01   0.0000e+00   0.0000e+00   2.6725e+02
20260929_15:00:00   6.7704e-01   1.4029e+02   1.3387e+01   0.0000e+00   2.6960e-04   2.6688e+02
20260929_18:00:00   7.1148e-01   1.4487e+02   1.4124e+01   0.0000e+00   7.5780e-04   2.6585e+02
20260929_21:00:00   7.6324e-01   1.5142e+02   1.5197e+01   0.0000e+00   1.6814e-05   2.6763e+02
20260930_00:00:00   7.5301e-01   1.5018e+02   1.4934e+01   0.0000e+00   0.0000e+00   2.6853e+02
20260930_03:00:00   6.7142e-01   1.3932e+02   1.3733e+01   0.0000e+00   1.0254e-03   2.6860e+02
20260930_06:00:00   6.5149e-01   1.3664e+02   1.3314e+01   0.0000e+00   0.0000e+00   2.7104e+02
20260930_09:00:00   6.4668e-01   1.3581e+02   1.3239e+01   0.0000e+00   0.0000e+00   2.6923e+02
20260930_12:00:00   6.2957e-01   1.3336e+02   1.2766e+01   0.0000e+00   1.0524e-04   2.7036e+02
20260930_15:00:00   6.1147e-01   1.3070e+02   1.2387e+01   0.0000e+00   0.0000e+00   2.6998e+02
20260930_18:00:00   6.1531e-01   1.3136e+02   1.2362e+01   0.0000e+00   0.0000e+00   2.6942e+02
20260930_21:00:00   6.3025e-01   1.3365e+02   1.2524e+01   0.0000e+00   0.0000e+00   2.6734e+02
20261001_00:00:00   5.8869e-01   1.2767e+02   1.1744e+01   0.0000e+00   0.0000e+00   2.6796e+02
20261001_03:00:00   4.9092e-01   1.1216e+02   1.0040e+01   0.0000e+00   0.0000e+00   2.6631e+02
20261001_06:00:00   3.7563e-01   9.1268e+01   7.9968e+00   0.0000e+00   0.0000e+00   2.6563e+02
