#            date       tau255        Tb[K]      pwv[mm] lwp[kg*m^-2] iwp[kg*m^-2]       o3[DU]
20260905_06:00:00   8.5948e-01   1.6264e+02   1.6259e+01   0.0000e+00   2.4460e-06   2.7686e+02
20260905_07:00:00   8.7981e-01   1.6491e+02   1.6599e+01   0.0000e+00   1.8036e-04   2.7472e+02
20260905_08:00:00   9.0308e-01   1.6740e+02   1.7042e+01   0.0000e+00   1.0122e-03   2.7165e+02
20260905_09:00:00   9.6019e-01   1.7326e+02   1.8122e+01   0.0000e+00   2.0183e-03   2.7092e+02
20260905_10:00:00   1.0716e+00   1.8411e+02   1.9838e+01   1.3074e-03   9.0842e-04   2.7062e+02
20260905_11:00:00   1.1401e+00   1.9033e+02   2.0687e+01   7.4987e-03   1.2398e-03   2.7118e+02
20260905_12:00:00   1.1356e+00   1.8986e+02   2.0853e+01   3.1180e-03   2.7605e-03   2.7344e+02
20260905_13:00:00   1.1663e+00   1.9242e+02   2.1255e+01   4.7301e-03   6.1161e-03   2.7241e+02
20260905_14:00:00   1.2534e+00   1.9954e+02   2.1561e+01   3.3721e-02   4.4132e-03   2.7224e+02
20260905_15:00:00   1.1874e+00   1.9412e+02   2.1806e+01   4.3639e-03   1.9822e-02   2.6991e+02
20260905_16:00:00   1.1547e+00   1.9138e+02   2.1572e+01   0.0000e+00   3.1189e-02   2.7096e+02
20260905_17:00:00   1.1537e+00   1.9132e+02   2.1464e+01   0.0000e+00   1.1789e-01   2.7354e+02
20260905_18:00:00   1.1418e+00   1.9032e+02   2.1344e+01   0.0000e+00   7.3355e-02   2.7456e+02
20260905_19:00:00   1.1809e+00   1.9363e+02   2.1654e+01   6.3356e-03   5.0782e-02   2.7051e+02
20260905_20:00:00   1.2606e+00   2.0030e+02   2.1781e+01   3.5819e-02   1.8097e-02   2.7124e+02
20260905_21:00:00   1.3115e+00   2.0438e+02   2.1635e+01   5.9870e-02   1.1569e-02   2.7453e+02
20260905_22:00:00   1.3595e+00   2.0782e+02   2.1765e+01   7.7098e-02   1.4771e-02   2.7437e+02
20260905_23:00:00   1.4457e+00   2.1377e+02   2.1737e+01   1.1253e-01   1.7470e-02   2.7377e+02
20260906_00:00:00   1.2456e+00   1.9930e+02   2.1457e+01   4.1658e-02   2.2458e-02   2.7249e+02
20260906_01:00:00   1.0965e+00   1.8649e+02   2.0853e+01   8.1900e-04   2.9842e-02   2.7300e+02
20260906_02:00:00   1.0495e+00   1.8215e+02   2.0263e+01   0.0000e+00   3.3021e-02   2.7346e+02
20260906_03:00:00   1.0399e+00   1.8108e+02   2.0297e+01   0.0000e+00   4.5766e-02   2.7059e+02
20260906_04:00:00   1.0455e+00   1.8159e+02   2.0503e+01   0.0000e+00   2.0797e-02   2.6943e+02
20260906_05:00:00   1.0493e+00   1.8196e+02   2.0474e+01   0.0000e+00   2.2690e-03   2.7048e+02
20260906_06:00:00   1.0494e+00   1.8196e+02   2.0370e+01   0.0000e+00   2.4596e-03   2.7130e+02
20260906_07:00:00   1.0630e+00   1.8325e+02   2.0500e+01   0.0000e+00   1.1416e-03   2.7066e+02
20260906_08:00:00   1.0757e+00   1.8437e+02   2.0659e+01   0.0000e+00   5.4940e-04   2.7077e+02
20260906_09:00:00   1.0911e+00   1.8566e+02   2.0942e+01   0.0000e+00   2.7894e-03   2.7092e+02
20260906_10:00:00   1.0919e+00   1.8574e+02   2.0999e+01   0.0000e+00   1.0165e-02   2.7063e+02
20260906_11:00:00   1.1069e+00   1.8704e+02   2.1205e+01   0.0000e+00   2.4180e-02   2.7020e+02
20260906_12:00:00   1.1089e+00   1.8723e+02   2.1156e+01   0.0000e+00   1.5066e-02   2.6735e+02
20260906_13:00:00   1.0980e+00   1.8633e+02   2.0869e+01   0.0000e+00   2.4675e-03   2.6728e+02
20260906_14:00:00   1.0930e+00   1.8586e+02   2.0680e+01   0.0000e+00   1.9442e-03   2.6782e+02
20260906_15:00:00   1.0990e+00   1.8638e+02   2.0751e+01   0.0000e+00   1.6938e-03   2.7010e+02
20260906_16:00:00   1.0920e+00   1.8579e+02   2.0695e+01   0.0000e+00   1.6166e-03   2.7208e+02
20260906_17:00:00   1.0943e+00   1.8609e+02   2.0711e+01   3.3890e-05   4.9396e-04   2.7158e+02
20260906_18:00:00   1.1549e+00   1.9184e+02   2.0660e+01   2.3126e-02   1.1956e-03   2.7350e+02
20260906_19:00:00   1.4702e+00   2.1603e+02   2.0722e+01   1.4216e-01   1.3372e-03   2.7277e+02
20260906_20:00:00   1.8767e+00   2.3729e+02   2.1065e+01   2.9358e-01   1.6204e-03   2.7235e+02
20260906_21:00:00   2.1513e+00   2.4756e+02   2.1026e+01   4.0201e-01   2.4300e-03   2.7333e+02
20260906_22:00:00   1.8648e+00   2.3694e+02   2.0830e+01   2.9013e-01   6.3760e-04   2.7408e+02
20260906_23:00:00   1.9522e+00   2.4026e+02   2.0691e+01   3.2474e-01   2.1440e-05   2.7315e+02
20260907_00:00:00   2.4194e+00   2.5515e+02   2.0624e+01   5.0713e-01   3.0600e-06   2.7333e+02
20260907_01:00:00   2.5463e+00   2.5829e+02   2.0295e+01   5.6203e-01   1.4224e-05   2.7323e+02
20260907_02:00:00   1.9457e+00   2.3996e+02   1.9849e+01   3.3368e-01   1.4212e-05   2.7313e+02
20260907_03:00:00   1.4766e+00   2.1632e+02   1.9366e+01   1.5885e-01   0.0000e+00   2.7200e+02
20260907_04:00:00   1.0438e+00   1.8240e+02   1.8561e+01   9.4440e-03   0.0000e+00   2.7259e+02
20260907_05:00:00   1.0214e+00   1.8033e+02   1.8230e+01   1.1092e-02   0.0000e+00   2.7358e+02
20260907_06:00:00   9.5480e-01   1.7345e+02   1.7781e+01   0.0000e+00   0.0000e+00   2.7118e+02
20260907_07:00:00   9.0752e-01   1.6837e+02   1.7221e+01   0.0000e+00   0.0000e+00   2.7345e+02
20260907_08:00:00   9.1253e-01   1.6879e+02   1.7350e+01   0.0000e+00   0.0000e+00   2.7106e+02
20260907_09:00:00   9.0681e-01   1.6812e+02   1.7307e+01   0.0000e+00   0.0000e+00   2.6969e+02
20260907_10:00:00   9.1026e-01   1.6838e+02   1.7419e+01   0.0000e+00   0.0000e+00   2.7026e+02
20260907_11:00:00   9.4080e-01   1.7143e+02   1.8027e+01   0.0000e+00   4.1560e-04   2.7077e+02
20260907_12:00:00   9.4884e-01   1.7222e+02   1.8186e+01   0.0000e+00   5.9861e-04   2.7017e+02
20260907_13:00:00   9.6239e-01   1.7363e+02   1.8336e+01   0.0000e+00   0.0000e+00   2.7099e+02
20260907_14:00:00   9.6905e-01   1.7426e+02   1.8459e+01   0.0000e+00   0.0000e+00   2.7136e+02
20260907_15:00:00   9.7463e-01   1.7487e+02   1.8510e+01   0.0000e+00   0.0000e+00   2.7221e+02
20260907_16:00:00   9.6962e-01   1.7445e+02   1.8382e+01   0.0000e+00   0.0000e+00   2.7313e+02
20260907_17:00:00   9.9287e-01   1.7695e+02   1.8602e+01   0.0000e+00   0.0000e+00   2.7217e+02
20260907_18:00:00   1.1349e+00   1.9071e+02   1.9206e+01   3.6223e-02   0.0000e+00   2.7174e+02
20260907_19:00:00   2.0373e+00   2.4421e+02   2.0127e+01   3.6837e-01   0.0000e+00   2.7253e+02
20260907_20:00:00   2.9412e+00   2.6566e+02   2.1241e+01   7.0204e-01   3.7348e-05   2.7310e+02
20260907_21:00:00   2.7334e+00   2.6219e+02   2.1718e+01   6.0806e-01   4.5247e-04   2.7237e+02
20260907_22:00:00   2.2886e+00   2.5211e+02   2.1536e+01   4.3393e-01   1.1790e-03   2.7074e+02
20260907_23:00:00   1.7593e+00   2.3219e+02   2.1345e+01   2.2938e-01   1.2173e-03   2.7046e+02
20260908_00:00:00   1.2761e+00   2.0262e+02   2.0962e+01   4.7242e-02   3.9845e-04   2.7121e+02
20260908_01:00:00   1.2053e+00   1.9692e+02   2.0802e+01   2.3314e-02   1.4337e-03   2.7237e+02
20260908_02:00:00   1.1067e+00   1.8832e+02   2.0285e+01   4.6455e-03   2.7601e-04   2.7325e+02
20260908_03:00:00   1.0600e+00   1.8391e+02   1.9882e+01   0.0000e+00   2.6952e-04   2.7290e+02
20260908_04:00:00   1.0167e+00   1.7981e+02   1.9254e+01   0.0000e+00   1.0735e-04   2.7252e+02
20260908_05:00:00   1.0144e+00   1.7960e+02   1.9113e+01   0.0000e+00   1.0748e-04   2.7396e+02
20260908_06:00:00   1.0297e+00   1.8103e+02   1.9250e+01   0.0000e+00   4.2760e-05   2.7419e+02
20260908_07:00:00   1.0315e+00   1.8114e+02   1.9249e+01   0.0000e+00   2.1584e-04   2.7385e+02
20260908_08:00:00   1.0239e+00   1.8025e+02   1.9190e+01   0.0000e+00   4.1918e-03   2.7385e+02
20260908_09:00:00   1.0159e+00   1.7926e+02   1.9138e+01   4.0400e-04   5.1607e-03   2.7469e+02
20260908_10:00:00   1.0050e+00   1.7813e+02   1.8983e+01   0.0000e+00   6.5562e-04   2.7161e+02
20260908_11:00:00   1.0133e+00   1.7897e+02   1.9048e+01   0.0000e+00   9.5788e-04   2.7186e+02
20260908_12:00:00   1.0294e+00   1.8064e+02   1.9187e+01   0.0000e+00   5.2497e-04   2.7208e+02
20260908_13:00:00   1.0250e+00   1.8020e+02   1.9183e+01   0.0000e+00   1.5434e-05   2.7374e+02
20260908_14:00:00   1.0245e+00   1.8018e+02   1.9231e+01   0.0000e+00   8.4797e-05   2.7234e+02
20260908_15:00:00   1.0403e+00   1.8173e+02   1.9390e+01   0.0000e+00   5.6843e-04   2.7289e+02
20260908_16:00:00   1.0544e+00   1.8316e+02   1.9653e+01   0.0000e+00   3.0294e-04   2.7119e+02
20260908_17:00:00   1.0945e+00   1.8701e+02   2.0144e+01   0.0000e+00   0.0000e+00   2.7162e+02
20260908_18:00:00   1.2525e+00   2.0054e+02   2.1172e+01   3.3536e-02   0.0000e+00   2.7438e+02
20260908_19:00:00   1.7177e+00   2.2989e+02   2.1736e+01   2.0676e-01   1.1494e-05   2.7631e+02
20260908_20:00:00   1.6911e+00   2.2899e+02   2.1848e+01   1.9234e-01   1.0838e-03   2.7740e+02
20260908_21:00:00   1.7698e+00   2.3288e+02   2.1969e+01   2.2314e-01   2.3700e-04   2.7842e+02
20260908_22:00:00   1.4702e+00   2.1627e+02   2.1662e+01   1.1301e-01   4.1224e-04   2.7771e+02
20260908_23:00:00   1.3693e+00   2.0963e+02   2.1336e+01   7.9370e-02   7.1840e-06   2.7701e+02
20260909_00:00:00   1.2691e+00   2.0213e+02   2.1167e+01   4.3793e-02   1.3665e-04   2.7537e+02
20260909_01:00:00   1.2089e+00   1.9739e+02   2.0942e+01   2.5119e-02   1.4368e-05   2.7512e+02
20260909_02:00:00   1.1079e+00   1.8862e+02   2.0335e+01   1.1566e-03   0.0000e+00   2.7576e+02
20260909_03:00:00   1.0851e+00   1.8649e+02   2.0012e+01   0.0000e+00   0.0000e+00   2.7637e+02
20260909_04:00:00   1.0754e+00   1.8557e+02   1.9695e+01   4.9496e-03   1.9564e-06   2.7446e+02
20260909_05:00:00   1.3827e+00   2.1024e+02   2.0676e+01   1.0113e-01   2.9720e-05   2.7152e+02
20260909_06:00:00   1.3875e+00   2.1054e+02   2.1160e+01   8.7696e-02   1.1248e-04   2.7063e+02
20260909_07:00:00   1.1783e+00   1.9485e+02   2.1240e+01   4.6667e-03   5.8467e-05   2.6881e+02
20260909_08:00:00   1.2402e+00   1.9965e+02   2.2091e+01   1.5734e-02   4.6993e-04   2.6785e+02
20260909_09:00:00   1.4559e+00   2.1457e+02   2.3973e+01   6.3769e-02   1.7378e-02   2.6671e+02
20260909_10:00:00   1.3154e+00   2.0504e+02   2.3457e+01   2.0788e-02   7.1750e-02   2.6622e+02
20260909_11:00:00   1.2400e+00   1.9923e+02   2.3049e+01   0.0000e+00   3.8714e-03   2.6698e+02
20260909_12:00:00   1.2608e+00   2.0090e+02   2.3320e+01   0.0000e+00   2.3191e-03   2.7061e+02
20260909_13:00:00   1.2480e+00   1.9988e+02   2.3185e+01   6.0940e-05   4.1095e-03   2.7250e+02
20260909_14:00:00   1.1600e+00   1.9272e+02   2.1853e+01   0.0000e+00   1.4702e-03   2.7215e+02
20260909_15:00:00   1.0961e+00   1.8721e+02   2.0696e+01   0.0000e+00   3.4086e-04   2.7269e+02
20260909_16:00:00   1.0376e+00   1.8202e+02   1.9550e+01   0.0000e+00   1.2228e-06   2.7330e+02
20260909_17:00:00   9.6282e-01   1.7492e+02   1.7934e+01   0.0000e+00   1.9258e-05   2.7591e+02
20260909_18:00:00   9.6608e-01   1.7535e+02   1.7858e+01   0.0000e+00   1.1494e-04   2.7560e+02
20260909_19:00:00   1.0320e+00   1.8179e+02   1.9066e+01   1.4897e-04   9.6320e-05   2.7524e+02
20260909_20:00:00   1.1287e+00   1.9081e+02   2.0262e+01   1.2519e-02   6.9240e-05   2.7471e+02
20260909_21:00:00   1.1933e+00   1.9656e+02   2.0626e+01   2.8223e-02   2.4220e-04   2.7288e+02
20260909_22:00:00   1.1558e+00   1.9353e+02   2.0276e+01   1.8782e-02   3.8740e-04   2.7230e+02
20260909_23:00:00   1.2177e+00   1.9894e+02   2.0395e+01   3.7621e-02   6.0540e-05   2.7075e+02
20260910_00:00:00   1.1812e+00   1.9589e+02   2.0507e+01   2.3052e-02   5.9220e-04   2.7039e+02
20260910_01:00:00   1.0258e+00   1.8161e+02   1.8997e+01   5.1040e-04   7.1840e-05   2.7030e+02
20260910_02:00:00   8.5101e-01   1.6293e+02   1.6368e+01   0.0000e+00   0.0000e+00   2.7062e+02
20260910_03:00:00   8.0057e-01   1.5679e+02   1.5517e+01   0.0000e+00   8.9732e-05   2.7030e+02
20260910_04:00:00   7.9526e-01   1.5627e+02   1.5249e+01   0.0000e+00   0.0000e+00   2.6846e+02
20260910_05:00:00   8.1689e-01   1.5896e+02   1.5552e+01   0.0000e+00   0.0000e+00   2.6806e+02
20260910_06:00:00   8.1910e-01   1.5931e+02   1.5469e+01   0.0000e+00   0.0000e+00   2.6937e+02
20260910_09:00:00   8.7556e-01   1.6548e+02   1.6626e+01   0.0000e+00   2.2801e-02   2.7172e+02
20260910_12:00:00   8.1240e-01   1.5826e+02   1.5300e+01   0.0000e+00   5.6032e-04   2.7247e+02
20260910_15:00:00   8.0857e-01   1.5737e+02   1.5568e+01   0.0000e+00   1.4368e-05   2.6986e+02
20260910_18:00:00   8.3426e-01   1.6050e+02   1.6114e+01   0.0000e+00   0.0000e+00   2.7020e+02
20260910_21:00:00   1.4505e+00   2.1627e+02   1.8772e+01   1.6391e-01   0.0000e+00   2.6740e+02
20260911_00:00:00   1.1864e+00   1.9705e+02   1.8150e+01   6.8950e-02   0.0000e+00   2.6496e+02
20260911_03:00:00   7.6823e-01   1.5354e+02   1.4355e+01   0.0000e+00   0.0000e+00   2.6358e+02
20260911_06:00:00   6.5575e-01   1.3779e+02   1.2787e+01   0.0000e+00   0.0000e+00   2.6849e+02
20260911_09:00:00   6.7439e-01   1.4031e+02   1.2974e+01   0.0000e+00   1.0012e-03   2.6939e+02
20260911_12:00:00   6.7207e-01   1.3969e+02   1.2976e+01   0.0000e+00   3.0128e-04   2.6974e+02
20260911_15:00:00   7.0414e-01   1.4353e+02   1.4124e+01   0.0000e+00   6.7412e-04   2.6982e+02
20260911_18:00:00   8.6612e-01   1.6381e+02   1.6897e+01   0.0000e+00   4.8540e-05   2.7191e+02
20260911_21:00:00   4.2575e+00   2.7608e+02   2.4446e+01   1.2638e+00   1.9902e-01   2.6970e+02
20260912_00:00:00   8.5867e-01   1.6158e+02   1.7284e+01   0.0000e+00   4.3212e-01   2.6961e+02
20260912_03:00:00   6.9997e-01   1.4242e+02   1.4544e+01   0.0000e+00   2.6332e-02   2.6907e+02
20260912_06:00:00   6.4246e-01   1.3464e+02   1.3266e+01   0.0000e+00   1.7686e-04   2.6980e+02
20260912_09:00:00   6.1161e-01   1.3017e+02   1.2554e+01   0.0000e+00   0.0000e+00   2.7298e+02
20260912_12:00:00   6.0984e-01   1.2954e+02   1.2663e+01   0.0000e+00   0.0000e+00   2.7617e+02
20260912_15:00:00   5.9364e-01   1.2713e+02   1.2305e+01   0.0000e+00   1.4368e-05   2.7557e+02
20260912_18:00:00   5.4784e-01   1.2002e+02   1.1481e+01   0.0000e+00   4.7720e-05   2.7553e+02
20260912_21:00:00   4.5825e-01   1.0541e+02   9.5708e+00   0.0000e+00   0.0000e+00   2.7819e+02
20260913_00:00:00   4.4020e-01   1.0231e+02   9.4212e+00   0.0000e+00   0.0000e+00   2.7817e+02
20260913_03:00:00   3.2853e-01   8.1465e+01   7.2610e+00   0.0000e+00   0.0000e+00   2.7896e+02
20260913_06:00:00   1.3116e-01   3.8148e+01   2.9358e+00   0.0000e+00   0.0000e+00   2.8195e+02
20260913_09:00:00   8.4080e-02   2.6527e+01   1.7776e+00   0.0000e+00   0.0000e+00   2.7933e+02
20260913_12:00:00   9.9042e-02   3.0207e+01   2.1568e+00   0.0000e+00   0.0000e+00   2.8232e+02
20260913_15:00:00   8.0865e-02   2.5716e+01   1.6928e+00   0.0000e+00   0.0000e+00   2.8381e+02
20260913_18:00:00   8.3154e-02   2.6371e+01   1.7232e+00   0.0000e+00   0.0000e+00   2.8580e+02
20260913_21:00:00   1.6459e-01   4.6527e+01   3.3875e+00   0.0000e+00   0.0000e+00   2.8669e+02
20260914_00:00:00   1.9384e-01   5.3414e+01   3.9458e+00   0.0000e+00   0.0000e+00   2.8522e+02
20260914_03:00:00   1.3711e-01   4.0007e+01   2.8912e+00   0.0000e+00   0.0000e+00   2.8583e+02
20260914_06:00:00   1.3603e-01   3.9676e+01   2.8663e+00   0.0000e+00   2.9760e-05   2.8723e+02
20260914_09:00:00   1.4578e-01   4.1601e+01   3.2245e+00   0.0000e+00   0.0000e+00   2.8592e+02
20260914_12:00:00   1.5688e-01   4.3861e+01   3.5748e+00   0.0000e+00   0.0000e+00   2.8616e+02
20260914_15:00:00   1.6890e-01   4.6305e+01   3.9161e+00   0.0000e+00   0.0000e+00   2.8664e+02
20260914_18:00:00   1.9430e-01   5.2155e+01   4.4432e+00   0.0000e+00   0.0000e+00   2.8222e+02
20260914_21:00:00   3.0836e-01   7.7231e+01   6.4646e+00   0.0000e+00   0.0000e+00   2.8263e+02
20260915_00:00:00   3.4443e-01   8.4625e+01   7.0978e+00   0.0000e+00   0.0000e+00   2.8197e+02
20260915_03:00:00   2.6133e-01   6.7750e+01   5.6345e+00   0.0000e+00   0.0000e+00   2.8089e+02
20260915_06:00:00   1.9319e-01   5.2399e+01   4.3460e+00   0.0000e+00   0.0000e+00   2.8138e+02
20260915_09:00:00   1.7520e-01   4.8158e+01   3.9676e+00   0.0000e+00   0.0000e+00   2.7886e+02
20260915_12:00:00   2.1874e-01   5.8302e+01   4.8171e+00   0.0000e+00   0.0000e+00   2.7377e+02
20260915_15:00:00   2.4838e-01   6.4885e+01   5.3941e+00   0.0000e+00   0.0000e+00   2.7395e+02
20260915_18:00:00   2.6488e-01   6.8584e+01   5.6505e+00   0.0000e+00   0.0000e+00   2.7226e+02
20260915_21:00:00   3.2009e-01   8.0047e+01   6.7035e+00   0.0000e+00   8.0720e-05   2.7105e+02
20260916_00:00:00   3.1735e-01   7.9656e+01   6.6568e+00   0.0000e+00   2.6880e-03   2.7106e+02
20260916_03:00:00   2.7942e-01   7.1838e+01   6.0254e+00   0.0000e+00   0.0000e+00   2.7131e+02
20260916_06:00:00   2.6767e-01   6.9397e+01   5.7825e+00   0.0000e+00   2.6600e-05   2.7388e+02
20260916_09:00:00   3.4686e-01   8.5444e+01   7.3073e+00   0.0000e+00   1.9914e-03   2.7393e+02
20260916_12:00:00   3.5492e-01   8.7070e+01   7.4360e+00   0.0000e+00   2.6156e-04   2.7533e+02
20260916_15:00:00   3.4986e-01   8.6162e+01   7.2874e+00   0.0000e+00   1.1562e-03   2.7573e+02
20260916_18:00:00   3.5680e-01   8.7682e+01   7.3125e+00   0.0000e+00   8.1280e-04   2.7420e+02
20260916_21:00:00   4.5811e-01   1.0655e+02   9.0252e+00   0.0000e+00   4.3924e-04   2.7261e+02
20260917_00:00:00   5.0094e-01   1.1398e+02   9.7559e+00   0.0000e+00   8.0880e-05   2.7271e+02
20260917_03:00:00   3.9839e-01   9.5728e+01   8.1315e+00   0.0000e+00   0.0000e+00   2.7584e+02
20260917_06:00:00   4.2500e-01   1.0060e+02   8.7079e+00   0.0000e+00   0.0000e+00   2.7561e+02
20260917_09:00:00   6.3033e-01   1.3444e+02   1.1767e+01   0.0000e+00   0.0000e+00   2.7249e+02
20260917_12:00:00   6.1953e-01   1.3275e+02   1.1579e+01   0.0000e+00   0.0000e+00   2.7226e+02
20260917_15:00:00   6.1259e-01   1.3153e+02   1.1651e+01   0.0000e+00   0.0000e+00   2.7138e+02
20260917_18:00:00   7.3747e-01   1.4855e+02   1.4315e+01   0.0000e+00   0.0000e+00   2.7198e+02
20260917_21:00:00   9.6562e-01   1.7550e+02   1.6256e+01   4.0504e-02   0.0000e+00   2.7170e+02
20260918_00:00:00   9.0009e-01   1.6863e+02   1.5415e+01   3.2181e-02   0.0000e+00   2.7159e+02
20260918_03:00:00   5.8156e-01   1.2691e+02   1.1290e+01   0.0000e+00   0.0000e+00   2.7283e+02
20260918_06:00:00   4.5515e-01   1.0620e+02   9.1098e+00   0.0000e+00   0.0000e+00   2.7223e+02
20260918_09:00:00   4.5454e-01   1.0612e+02   8.9800e+00   0.0000e+00   0.0000e+00   2.7229e+02
20260918_12:00:00   4.4123e-01   1.0360e+02   8.8152e+00   0.0000e+00   0.0000e+00   2.7123e+02
20260918_15:00:00   4.4432e-01   1.0409e+02   8.8816e+00   0.0000e+00   0.0000e+00   2.7187e+02
20260918_18:00:00   4.9840e-01   1.1368e+02   9.5822e+00   0.0000e+00   0.0000e+00   2.7375e+02
20260918_21:00:00   7.3281e-01   1.4886e+02   1.2831e+01   1.3524e-02   0.0000e+00   2.7222e+02
20260919_00:00:00   8.0152e-01   1.5780e+02   1.3570e+01   1.9204e-02   0.0000e+00   2.7186e+02
20260919_03:00:00   5.6481e-01   1.2484e+02   1.0637e+01   0.0000e+00   0.0000e+00   2.7301e+02
20260919_06:00:00   4.5320e-01   1.0606e+02   8.8196e+00   0.0000e+00   0.0000e+00   2.7263e+02
20260919_09:00:00   3.5746e-01   8.8105e+01   7.2083e+00   0.0000e+00   0.0000e+00   2.7303e+02
20260919_12:00:00   2.9463e-01   7.5299e+01   6.1534e+00   0.0000e+00   0.0000e+00   2.7500e+02
20260919_15:00:00   2.8261e-01   7.2856e+01   5.8893e+00   0.0000e+00   0.0000e+00   2.7475e+02
20260919_18:00:00   3.2279e-01   8.1010e+01   6.6878e+00   0.0000e+00   0.0000e+00   2.7326e+02
20260919_21:00:00   4.5246e-01   1.0532e+02   9.1493e+00   0.0000e+00   0.0000e+00   2.7393e+02
20260920_00:00:00   4.8198e-01   1.1048e+02   9.6493e+00   0.0000e+00   0.0000e+00   2.7463e+02
20260920_03:00:00   3.4617e-01   8.5468e+01   7.3942e+00   0.0000e+00   0.0000e+00   2.7489e+02
20260920_06:00:00   3.7545e-01   9.0898e+01   8.1185e+00   0.0000e+00   0.0000e+00   2.7482e+02
20260920_09:00:00   4.0956e-01   9.7101e+01   8.7958e+00   0.0000e+00   0.0000e+00   2.7369e+02
20260920_12:00:00   4.4492e-01   1.0346e+02   9.4517e+00   0.0000e+00   0.0000e+00   2.7225e+02
20260920_15:00:00   5.3807e-01   1.1936e+02   1.1026e+01   0.0000e+00   0.0000e+00   2.7457e+02
20260920_18:00:00   5.5843e-01   1.2273e+02   1.1275e+01   0.0000e+00   0.0000e+00   2.7483e+02
20260920_21:00:00   6.7032e-01   1.3951e+02   1.3099e+01   0.0000e+00   0.0000e+00   2.7307e+02
20260921_00:00:00   6.1323e-01   1.3155e+02   1.2041e+01   0.0000e+00   0.0000e+00   2.7391e+02
20260921_03:00:00   6.0499e-01   1.3010e+02   1.2105e+01   0.0000e+00   0.0000e+00   2.7338e+02
20260921_06:00:00   6.6405e-01   1.3858e+02   1.3064e+01   0.0000e+00   0.0000e+00   2.7460e+02
