#            date       tau255        Tb[K]      pwv[mm] lwp[kg*m^-2] iwp[kg*m^-2]       o3[DU]
20261005_12:00:00   3.3380e-01   8.2943e+01   6.1270e+00   0.0000e+00   0.0000e+00   2.5270e+02
20261005_13:00:00   3.1555e-01   7.9269e+01   5.9159e+00   0.0000e+00   0.0000e+00   2.5233e+02
20261005_14:00:00   3.1114e-01   7.8288e+01   5.9405e+00   0.0000e+00   0.0000e+00   2.5256e+02
20261005_15:00:00   3.1274e-01   7.8542e+01   6.0680e+00   0.0000e+00   0.0000e+00   2.5255e+02
20261005_16:00:00   3.5193e-01   8.6101e+01   6.8685e+00   0.0000e+00   0.0000e+00   2.5408e+02
20261005_17:00:00   4.3441e-01   1.0128e+02   8.3179e+00   0.0000e+00   0.0000e+00   2.5498e+02
20261005_18:00:00   5.0183e-01   1.1280e+02   9.4323e+00   0.0000e+00   0.0000e+00   2.5812e+02
20261005_19:00:00   5.6453e-01   1.2294e+02   1.0423e+01   0.0000e+00   0.0000e+00   2.6118e+02
20261005_20:00:00   6.4397e-01   1.3474e+02   1.1454e+01   5.3880e-03   9.1960e-05   2.6254e+02
20261005_21:00:00   8.0255e-01   1.5554e+02   1.2293e+01   4.8759e-02   2.5605e-04   2.6209e+02
20261005_22:00:00   9.4443e-01   1.7153e+02   1.2622e+01   9.7810e-02   7.4561e-04   2.6161e+02
20261005_23:00:00   8.8428e-01   1.6515e+02   1.2494e+01   7.4844e-02   3.1477e-04   2.5886e+02
20261006_00:00:00   6.5909e-01   1.3717e+02   1.1757e+01   1.1494e-04   0.0000e+00   2.5858e+02
20261006_01:00:00   6.3001e-01   1.3305e+02   1.1330e+01   0.0000e+00   0.0000e+00   2.5904e+02
20261006_02:00:00   5.9199e-01   1.2750e+02   1.0860e+01   0.0000e+00   0.0000e+00   2.5924e+02
20261006_03:00:00   5.8377e-01   1.2627e+02   1.0837e+01   0.0000e+00   0.0000e+00   2.5826e+02
20261006_04:00:00   6.0550e-01   1.2951e+02   1.1325e+01   0.0000e+00   0.0000e+00   2.5704e+02
20261006_05:00:00   6.5311e-01   1.3624e+02   1.1796e+01   9.0940e-03   1.2460e-04   2.5703e+02
20261006_06:00:00   7.1857e-01   1.4502e+02   1.2144e+01   2.7620e-02   2.5200e-04   2.5733e+02
20261006_07:00:00   7.2977e-01   1.4648e+02   1.2302e+01   2.7420e-02   2.0807e-04   2.5806e+02
20261006_08:00:00   6.8365e-01   1.4052e+02   1.2208e+01   8.8080e-03   1.2069e-04   2.5833e+02
20261006_09:00:00   6.6180e-01   1.3756e+02   1.2114e+01   1.1494e-04   4.0221e-05   2.5606e+02
20261006_10:00:00   6.5390e-01   1.3645e+02   1.1878e+01   8.1900e-04   3.4480e-05   2.5453e+02
20261006_11:00:00   6.2861e-01   1.3284e+02   1.1453e+01   0.0000e+00   0.0000e+00   2.5479e+02
20261006_12:00:00   6.1437e-01   1.3075e+02   1.1223e+01   0.0000e+00   0.0000e+00   2.5628e+02
20261006_13:00:00   6.1635e-01   1.3102e+02   1.1294e+01   0.0000e+00   0.0000e+00   2.5645e+02
20261006_14:00:00   6.3291e-01   1.3343e+02   1.1621e+01   0.0000e+00   0.0000e+00   2.5537e+02
20261006_15:00:00   6.4913e-01   1.3575e+02   1.1880e+01   0.0000e+00   0.0000e+00   2.5407e+02
20261006_16:00:00   6.5513e-01   1.3668e+02   1.1954e+01   0.0000e+00   0.0000e+00   2.5337e+02
20261006_17:00:00   6.5862e-01   1.3720e+02   1.1977e+01   0.0000e+00   0.0000e+00   2.5193e+02
20261006_18:00:00   6.6394e-01   1.3799e+02   1.1989e+01   0.0000e+00   0.0000e+00   2.5067e+02
20261006_19:00:00   6.8655e-01   1.4120e+02   1.2305e+01   0.0000e+00   0.0000e+00   2.5173e+02
20261006_20:00:00   7.4742e-01   1.4936e+02   1.2709e+01   1.3622e-02   1.1494e-05   2.5335e+02
20261006_21:00:00   9.3426e-01   1.7124e+02   1.2836e+01   8.5040e-02   1.1494e-05   2.5466e+02
20261006_22:00:00   1.0229e+00   1.8028e+02   1.2818e+01   1.1965e-01   1.8466e-05   2.5471e+02
20261006_23:00:00   9.9962e-01   1.7806e+02   1.2667e+01   1.1216e-01   3.4480e-05   2.5596e+02
20261007_00:00:00   8.0588e-01   1.5682e+02   1.2268e+01   4.2794e-02   0.0000e+00   2.5599e+02
20261007_01:00:00   6.7039e-01   1.3933e+02   1.1462e+01   9.0380e-03   0.0000e+00   2.5578e+02
20261007_02:00:00   6.0496e-01   1.2995e+02   1.0812e+01   0.0000e+00   0.0000e+00   2.5595e+02
20261007_03:00:00   5.9354e-01   1.2824e+02   1.0709e+01   0.0000e+00   0.0000e+00   2.5646e+02
20261007_04:00:00   5.9582e-01   1.2858e+02   1.0785e+01   0.0000e+00   0.0000e+00   2.5763e+02
20261007_05:00:00   5.8225e-01   1.2653e+02   1.0563e+01   0.0000e+00   0.0000e+00   2.5883e+02
20261007_06:00:00   5.5933e-01   1.2304e+02   1.0182e+01   0.0000e+00   0.0000e+00   2.5985e+02
20261007_07:00:00   5.4466e-01   1.2072e+02   9.9659e+00   0.0000e+00   0.0000e+00   2.5935e+02
20261007_08:00:00   5.3142e-01   1.1859e+02   9.7726e+00   0.0000e+00   0.0000e+00   2.5839e+02
20261007_09:00:00   5.3299e-01   1.1878e+02   9.7998e+00   0.0000e+00   0.0000e+00   2.5764e+02
20261007_10:00:00   5.3459e-01   1.1898e+02   9.8220e+00   0.0000e+00   0.0000e+00   2.5578e+02
20261007_11:00:00   5.4363e-01   1.2037e+02   9.9338e+00   0.0000e+00   0.0000e+00   2.5501e+02
20261007_12:00:00   5.4500e-01   1.2056e+02   9.8987e+00   0.0000e+00   0.0000e+00   2.5512e+02
20261007_13:00:00   5.4301e-01   1.2023e+02   9.8291e+00   0.0000e+00   0.0000e+00   2.5542e+02
20261007_14:00:00   5.3708e-01   1.1927e+02   9.7063e+00   0.0000e+00   0.0000e+00   2.5496e+02
20261007_15:00:00   5.2034e-01   1.1663e+02   9.4255e+00   0.0000e+00   0.0000e+00   2.5501e+02
20261007_16:00:00   5.1180e-01   1.1525e+02   9.2735e+00   0.0000e+00   0.0000e+00   2.5551e+02
20261007_17:00:00   5.1576e-01   1.1593e+02   9.3221e+00   0.0000e+00   0.0000e+00   2.5676e+02
20261007_18:00:00   5.2748e-01   1.1784e+02   9.4716e+00   0.0000e+00   0.0000e+00   2.5711e+02
20261007_19:00:00   5.4479e-01   1.2071e+02   9.7344e+00   0.0000e+00   0.0000e+00   2.5676e+02
20261007_20:00:00   6.1287e-01   1.3111e+02   1.0432e+01   1.0876e-02   0.0000e+00   2.5656e+02
20261007_21:00:00   8.3540e-01   1.6045e+02   1.0918e+01   8.8395e-02   1.1494e-05   2.5531e+02
20261007_22:00:00   8.1062e-01   1.5756e+02   1.0962e+01   7.6704e-02   9.7820e-07   2.5491e+02
20261007_23:00:00   7.3286e-01   1.4784e+02   1.0694e+01   5.1283e-02   0.0000e+00   2.5599e+02
20261008_00:00:00   6.5244e-01   1.3692e+02   1.0100e+01   3.3222e-02   0.0000e+00   2.5692e+02
20261008_01:00:00   5.3065e-01   1.1858e+02   9.4070e+00   0.0000e+00   0.0000e+00   2.5544e+02
20261008_02:00:00   4.7382e-01   1.0922e+02   8.4738e+00   0.0000e+00   0.0000e+00   2.5439e+02
20261008_03:00:00   4.4215e-01   1.0374e+02   7.9876e+00   0.0000e+00   0.0000e+00   2.5472e+02
20261008_04:00:00   3.9849e-01   9.5862e+01   7.3116e+00   0.0000e+00   0.0000e+00   2.5539e+02
20261008_05:00:00   3.8295e-01   9.2936e+01   7.0934e+00   0.0000e+00   0.0000e+00   2.5622e+02
20261008_06:00:00   3.7770e-01   9.1880e+01   7.0443e+00   0.0000e+00   0.0000e+00   2.5608e+02
20261008_07:00:00   3.6659e-01   8.9715e+01   6.8876e+00   0.0000e+00   0.0000e+00   2.5457e+02
20261008_08:00:00   3.5411e-01   8.7301e+01   6.6728e+00   0.0000e+00   0.0000e+00   2.5319e+02
20261008_09:00:00   3.3846e-01   8.4226e+01   6.3826e+00   0.0000e+00   0.0000e+00   2.5254e+02
20261008_10:00:00   3.2263e-01   8.1049e+01   6.1195e+00   0.0000e+00   0.0000e+00   2.5289e+02
20261008_11:00:00   2.9887e-01   7.6217e+01   5.7093e+00   0.0000e+00   0.0000e+00   2.5397e+02
20261008_12:00:00   2.9266e-01   7.4917e+01   5.5805e+00   0.0000e+00   0.0000e+00   2.5390e+02
20261008_13:00:00   3.0026e-01   7.6450e+01   5.6940e+00   0.0000e+00   0.0000e+00   2.5576e+02
20261008_14:00:00   2.9513e-01   7.5413e+01   5.5835e+00   0.0000e+00   0.0000e+00   2.5906e+02
20261008_15:00:00   2.9237e-01   7.4845e+01   5.5288e+00   0.0000e+00   0.0000e+00   2.5934e+02
20261008_16:00:00   3.0264e-01   7.6944e+01   5.6836e+00   0.0000e+00   0.0000e+00   2.6010e+02
20261008_17:00:00   3.3409e-01   8.3244e+01   6.1931e+00   0.0000e+00   0.0000e+00   2.6279e+02
20261008_18:00:00   3.7119e-01   9.0423e+01   6.8316e+00   0.0000e+00   0.0000e+00   2.6309e+02
20261008_19:00:00   4.3205e-01   1.0152e+02   7.9721e+00   0.0000e+00   0.0000e+00   2.6185e+02
20261008_20:00:00   5.0393e-01   1.1378e+02   9.1315e+00   2.2860e-03   5.8580e-05   2.6186e+02
20261008_21:00:00   6.6107e-01   1.3754e+02   1.0251e+01   4.0015e-02   2.3016e-04   2.6060e+02
20261008_22:00:00   7.9480e-01   1.5490e+02   1.1127e+01   7.4480e-02   5.4704e-04   2.5973e+02
20261008_23:00:00   8.1139e-01   1.5700e+02   1.1025e+01   8.1720e-02   3.9184e-04   2.6076e+02
20261009_00:00:00   6.5944e-01   1.3744e+02   1.0381e+01   3.3124e-02   4.1460e-05   2.6036e+02
20261009_01:00:00   5.2143e-01   1.1674e+02   9.4243e+00   0.0000e+00   0.0000e+00   2.5972e+02
20261009_02:00:00   4.8458e-01   1.1063e+02   8.8364e+00   0.0000e+00   0.0000e+00   2.6031e+02
20261009_03:00:00   4.4979e-01   1.0468e+02   8.2291e+00   0.0000e+00   0.0000e+00   2.6187e+02
20261009_04:00:00   4.2833e-01   1.0090e+02   7.8530e+00   0.0000e+00   0.0000e+00   2.6331e+02
20261009_05:00:00   4.0870e-01   9.7338e+01   7.5294e+00   0.0000e+00   0.0000e+00   2.6449e+02
20261009_06:00:00   3.9905e-01   9.5526e+01   7.3901e+00   0.0000e+00   0.0000e+00   2.6539e+02
20261009_07:00:00   3.8047e-01   9.2021e+01   7.1058e+00   0.0000e+00   0.0000e+00   2.6411e+02
20261009_08:00:00   3.7936e-01   9.1703e+01   7.1227e+00   0.0000e+00   0.0000e+00   2.6137e+02
20261009_09:00:00   3.8099e-01   9.1953e+01   7.1699e+00   0.0000e+00   0.0000e+00   2.6018e+02
20261009_10:00:00   3.8700e-01   9.2980e+01   7.2937e+00   0.0000e+00   0.0000e+00   2.6063e+02
20261009_11:00:00   3.9543e-01   9.4470e+01   7.4383e+00   0.0000e+00   0.0000e+00   2.6191e+02
20261009_12:00:00   4.0526e-01   9.6209e+01   7.6056e+00   0.0000e+00   0.0000e+00   2.6334e+02
20261009_13:00:00   4.1672e-01   9.8218e+01   7.7968e+00   0.0000e+00   0.0000e+00   2.6297e+02
20261009_14:00:00   4.2731e-01   1.0006e+02   7.9731e+00   0.0000e+00   0.0000e+00   2.6035e+02
20261009_15:00:00   4.3414e-01   1.0127e+02   8.0673e+00   0.0000e+00   0.0000e+00   2.5892e+02
20261009_16:00:00   4.4387e-01   1.0295e+02   8.2312e+00   0.0000e+00   0.0000e+00   2.5955e+02
20261009_17:00:00   4.8317e-01   1.0956e+02   8.9642e+00   0.0000e+00   0.0000e+00   2.5863e+02
20261009_18:00:00   5.5445e-01   1.2101e+02   9.6767e+00   1.2888e-02   1.1494e-04   2.5914e+02
20261009_19:00:00   8.5011e-01   1.6037e+02   1.1080e+01   1.0466e-01   9.3615e-04   2.5883e+02
20261009_20:00:00   1.7313e+00   2.2704e+02   1.2219e+01   4.4791e-01   3.7453e-02   2.5915e+02
20261009_21:00:00   1.5578e+00   2.1815e+02   1.3081e+01   3.5110e-01   9.2162e-02   2.6003e+02
20261009_22:00:00   1.2490e+00   1.9760e+02   1.3174e+01   2.2135e-01   2.0670e-02   2.6025e+02
20261009_23:00:00   1.1449e+00   1.8925e+02   1.3275e+01   1.7730e-01   3.6115e-02   2.6067e+02
20261010_00:00:00   1.2804e+00   2.0003e+02   1.3412e+01   2.2947e-01   5.2619e-02   2.6107e+02
20261010_01:00:00   1.2546e+00   1.9802e+02   1.3318e+01   2.2073e-01   2.5158e-02   2.6113e+02
20261010_02:00:00   1.0406e+00   1.7987e+02   1.3196e+01   1.3403e-01   1.3768e-02   2.6158e+02
20261010_03:00:00   9.2290e-01   1.6807e+02   1.3019e+01   8.9915e-02   9.6519e-03   2.6241e+02
20261010_04:00:00   8.7511e-01   1.6273e+02   1.2756e+01   7.8035e-02   6.2580e-03   2.6416e+02
20261010_05:00:00   7.8143e-01   1.5172e+02   1.2284e+01   5.2398e-02   2.1799e-03   2.6454e+02
20261010_06:00:00   7.0820e-01   1.4229e+02   1.1943e+01   3.1664e-02   1.8130e-03   2.6480e+02
20261010_07:00:00   6.6972e-01   1.3705e+02   1.1638e+01   2.2864e-02   2.4765e-03   2.6414e+02
20261010_08:00:00   6.0155e-01   1.2738e+02   1.1195e+01   4.9142e-03   5.8181e-04   2.6386e+02
20261010_09:00:00   5.7904e-01   1.2395e+02   1.0953e+01   2.0336e-03   8.1690e-05   2.6422e+02
20261010_10:00:00   5.7190e-01   1.2275e+02   1.0893e+01   1.1996e-03   7.4720e-05   2.6364e+02
20261010_11:00:00   5.5495e-01   1.2010e+02   1.0654e+01   0.0000e+00   0.0000e+00   2.6321e+02
20261010_12:00:00   5.4447e-01   1.1849e+02   1.0452e+01   0.0000e+00   0.0000e+00   2.6358e+02
20261010_15:00:00   5.5471e-01   1.1989e+02   1.0680e+01   0.0000e+00   8.8260e-04   2.6657e+02
20261010_18:00:00   6.5424e-01   1.3416e+02   1.2469e+01   4.6260e-03   9.1405e-02   2.6926e+02
20261010_21:00:00   1.9839e+00   2.3704e+02   1.6581e+01   4.6234e-01   4.1119e-01   2.6860e+02
20261011_00:00:00   8.1016e-01   1.5415e+02   1.4564e+01   2.0855e-02   9.0378e-02   2.7051e+02
20261011_03:00:00   5.5329e-01   1.1890e+02   1.1102e+01   0.0000e+00   4.7408e-02   2.6628e+02
20261011_06:00:00   5.4612e-01   1.1720e+02   1.1202e+01   0.0000e+00   3.9104e-02   2.6490e+02
20261011_09:00:00   5.6027e-01   1.1918e+02   1.1490e+01   0.0000e+00   6.2727e-02   2.6492e+02
20261011_12:00:00   6.4749e-01   1.3190e+02   1.2821e+01   0.0000e+00   2.6366e-01   2.7047e+02
20261011_15:00:00   6.2213e-01   1.2794e+02   1.2369e+01   0.0000e+00   2.7175e-01   2.7222e+02
20261011_18:00:00   6.7428e-01   1.3533e+02   1.3042e+01   2.9218e-04   1.3571e-01   2.7567e+02
20261011_21:00:00   6.3325e-01   1.3047e+02   1.1575e+01   1.0638e-02   1.1772e-02   2.7671e+02
20261012_00:00:00   6.4360e-01   1.3284e+02   9.9267e+00   4.3192e-02   1.6985e-03   2.7735e+02
20261012_03:00:00   3.9266e-01   9.3104e+01   7.3044e+00   0.0000e+00   0.0000e+00   2.7256e+02
20261012_06:00:00   3.2354e-01   8.0123e+01   6.1964e+00   0.0000e+00   0.0000e+00   2.7098e+02
20261012_09:00:00   3.3901e-01   8.3178e+01   6.3713e+00   0.0000e+00   0.0000e+00   2.7132e+02
20261012_12:00:00   4.0924e-01   9.6349e+01   7.4838e+00   0.0000e+00   0.0000e+00   2.6848e+02
20261012_15:00:00   3.8430e-01   9.1933e+01   7.1570e+00   0.0000e+00   0.0000e+00   2.6858e+02
20261012_18:00:00   3.0699e-01   7.6970e+01   5.9672e+00   0.0000e+00   0.0000e+00   2.6724e+02
20261012_21:00:00   2.7369e-01   7.0180e+01   5.4966e+00   0.0000e+00   0.0000e+00   2.6368e+02
20261013_00:00:00   2.1684e-01   5.8220e+01   4.3804e+00   0.0000e+00   0.0000e+00   2.5960e+02
20261013_03:00:00   1.7565e-01   4.9005e+01   3.5057e+00   0.0000e+00   0.0000e+00   2.5674e+02
20261013_06:00:00   1.6135e-01   4.5637e+01   3.2561e+00   0.0000e+00   0.0000e+00   2.5387e+02
20261013_09:00:00   1.3062e-01   3.8264e+01   2.6551e+00   0.0000e+00   0.0000e+00   2.5112e+02
20261013_12:00:00   1.0574e-01   3.2095e+01   2.1544e+00   0.0000e+00   0.0000e+00   2.4882e+02
20261013_15:00:00   8.9364e-02   2.7944e+01   1.8165e+00   0.0000e+00   0.0000e+00   2.4908e+02
20261013_18:00:00   1.0796e-01   3.2679e+01   2.1602e+00   0.0000e+00   0.0000e+00   2.4585e+02
20261013_21:00:00   2.5327e-01   6.6222e+01   4.6474e+00   5.5370e-04   0.0000e+00   2.4621e+02
20261014_00:00:00   2.3934e-01   6.3372e+01   4.4774e+00   2.3231e-04   0.0000e+00   2.4558e+02
20261014_03:00:00   1.2450e-01   3.6831e+01   2.5442e+00   0.0000e+00   0.0000e+00   2.4732e+02
20261014_06:00:00   1.0311e-01   3.1465e+01   2.1272e+00   0.0000e+00   0.0000e+00   2.4934e+02
20261014_09:00:00   1.1005e-01   3.3206e+01   2.2548e+00   0.0000e+00   0.0000e+00   2.4736e+02
20261014_12:00:00   1.0130e-01   3.1002e+01   2.0668e+00   0.0000e+00   0.0000e+00   2.4671e+02
20261014_15:00:00   8.9824e-02   2.8139e+01   1.8009e+00   0.0000e+00   0.0000e+00   2.4815e+02
20261014_18:00:00   9.3353e-02   2.9093e+01   1.8480e+00   0.0000e+00   0.0000e+00   2.4857e+02
20261014_21:00:00   1.9345e-01   5.3200e+01   3.7183e+00   0.0000e+00   0.0000e+00   2.4658e+02
20261015_00:00:00   1.9197e-01   5.2906e+01   3.7521e+00   0.0000e+00   0.0000e+00   2.4843e+02
20261015_03:00:00   1.3250e-01   3.8912e+01   2.6843e+00   0.0000e+00   0.0000e+00   2.5107e+02
20261015_06:00:00   1.0399e-01   3.1775e+01   2.1231e+00   0.0000e+00   0.0000e+00   2.5386e+02
20261015_09:00:00   1.0185e-01   3.1159e+01   2.1006e+00   0.0000e+00   0.0000e+00   2.5441e+02
20261015_12:00:00   9.6139e-02   2.9707e+01   1.9777e+00   0.0000e+00   0.0000e+00   2.5537e+02
20261015_15:00:00   9.2503e-02   2.8792e+01   1.9004e+00   0.0000e+00   0.0000e+00   2.5611e+02
20261015_18:00:00   9.5153e-02   2.9459e+01   1.9609e+00   0.0000e+00   0.0000e+00   2.5836e+02
20261015_21:00:00   1.3447e-01   3.9221e+01   2.7889e+00   0.0000e+00   0.0000e+00   2.5673e+02
20261016_00:00:00   1.3049e-01   3.8278e+01   2.7180e+00   0.0000e+00   0.0000e+00   2.5774e+02
20261016_03:00:00   1.0246e-01   3.1334e+01   2.1280e+00   0.0000e+00   0.0000e+00   2.6139e+02
20261016_06:00:00   9.6116e-02   2.9673e+01   1.9955e+00   0.0000e+00   0.0000e+00   2.6431e+02
20261016_09:00:00   9.3448e-02   2.9006e+01   1.9287e+00   0.0000e+00   0.0000e+00   2.6610e+02
20261016_12:00:00   9.2940e-02   2.8878e+01   1.9201e+00   0.0000e+00   0.0000e+00   2.6527e+02
20261016_15:00:00   9.4850e-02   2.9279e+01   1.9799e+00   0.0000e+00   0.0000e+00   2.6411e+02
20261016_18:00:00   9.8985e-02   3.0238e+01   2.1020e+00   0.0000e+00   0.0000e+00   2.6557e+02
20261016_21:00:00   1.1779e-01   3.4918e+01   2.5243e+00   0.0000e+00   0.0000e+00   2.6759e+02
20261017_00:00:00   1.1667e-01   3.4754e+01   2.4858e+00   0.0000e+00   0.0000e+00   2.6824e+02
20261017_03:00:00   1.1251e-01   3.3618e+01   2.4294e+00   0.0000e+00   0.0000e+00   2.7110e+02
20261017_06:00:00   1.1397e-01   3.3917e+01   2.4742e+00   0.0000e+00   0.0000e+00   2.6980e+02
20261017_09:00:00   1.0998e-01   3.2929e+01   2.3764e+00   0.0000e+00   0.0000e+00   2.6993e+02
20261017_12:00:00   1.1565e-01   3.4161e+01   2.5524e+00   0.0000e+00   0.0000e+00   2.7061e+02
20261017_15:00:00   1.1774e-01   3.4701e+01   2.5898e+00   0.0000e+00   0.0000e+00   2.6969e+02
20261017_18:00:00   1.2678e-01   3.6833e+01   2.8057e+00   0.0000e+00   0.0000e+00   2.7061e+02
20261017_21:00:00   1.6243e-01   4.5170e+01   3.6365e+00   0.0000e+00   0.0000e+00   2.6744e+02
20261018_00:00:00   2.0495e-01   5.4834e+01   4.5883e+00   0.0000e+00   0.0000e+00   2.6526e+02
20261018_03:00:00   2.3760e-01   6.1460e+01   5.4413e+00   0.0000e+00   0.0000e+00   2.6664e+02
20261018_06:00:00   2.4209e-01   6.2286e+01   5.5253e+00   0.0000e+00   0.0000e+00   2.6705e+02
20261018_09:00:00   2.4147e-01   6.2331e+01   5.4396e+00   0.0000e+00   0.0000e+00   2.6743e+02
20261018_12:00:00   2.4180e-01   6.2413e+01   5.3960e+00   0.0000e+00   0.0000e+00   2.6942e+02
20261018_15:00:00   2.2492e-01   5.9069e+01   4.9342e+00   0.0000e+00   0.0000e+00   2.7025e+02
20261018_18:00:00   2.3341e-01   6.1004e+01   5.0538e+00   0.0000e+00   0.0000e+00   2.7018e+02
20261018_21:00:00   2.6436e-01   6.7632e+01   5.6177e+00   0.0000e+00   0.0000e+00   2.6876e+02
20261019_00:00:00   2.6768e-01   6.8518e+01   5.6085e+00   0.0000e+00   0.0000e+00   2.6793e+02
20261019_03:00:00   2.3153e-01   6.0898e+01   4.9211e+00   0.0000e+00   0.0000e+00   2.6911e+02
20261019_06:00:00   2.1980e-01   5.8305e+01   4.6763e+00   0.0000e+00   0.0000e+00   2.6823e+02
20261019_09:00:00   2.2123e-01   5.8641e+01   4.6300e+00   0.0000e+00   0.0000e+00   2.6767e+02
20261019_12:00:00   2.2841e-01   6.0216e+01   4.6923e+00   0.0000e+00   0.0000e+00   2.6855e+02
20261019_15:00:00   2.2798e-01   6.0117e+01   4.6667e+00   0.0000e+00   0.0000e+00   2.6811e+02
20261019_18:00:00   2.3878e-01   6.2430e+01   4.8486e+00   0.0000e+00   0.0000e+00   2.6590e+02
20261019_21:00:00   2.7892e-01   7.0859e+01   5.5275e+00   0.0000e+00   0.0000e+00   2.6430e+02
20261020_00:00:00   2.7640e-01   7.0435e+01   5.4588e+00   0.0000e+00   0.0000e+00   2.6349e+02
20261020_03:00:00   2.3593e-01   6.2072e+01   4.7092e+00   0.0000e+00   0.0000e+00   2.6267e+02
20261020_06:00:00   2.3417e-01   6.1757e+01   4.6753e+00   0.0000e+00   0.0000e+00   2.6417e+02
20261020_09:00:00   2.5864e-01   6.6987e+01   5.0840e+00   0.0000e+00   0.0000e+00   2.6294e+02
20261020_12:00:00   2.6390e-01   6.8059e+01   5.1338e+00   0.0000e+00   0.0000e+00   2.6227e+02
20261020_15:00:00   2.4544e-01   6.4175e+01   4.7742e+00   0.0000e+00   0.0000e+00   2.6240e+02
20261020_18:00:00   2.5691e-01   6.6654e+01   4.9241e+00   0.0000e+00   0.0000e+00   2.6196e+02
20261020_21:00:00   3.3235e-01   8.1996e+01   6.2778e+00   0.0000e+00   0.0000e+00   2.5940e+02
20261021_00:00:00   3.1363e-01   7.8378e+01   5.9927e+00   0.0000e+00   0.0000e+00   2.5585e+02
20261021_03:00:00   2.7770e-01   7.1158e+01   5.4131e+00   0.0000e+00   0.0000e+00   2.5438e+02
20261021_06:00:00   2.5890e-01   6.7250e+01   5.0874e+00   0.0000e+00   0.0000e+00   2.5534e+02
20261021_09:00:00   2.4463e-01   6.4155e+01   4.8267e+00   0.0000e+00   0.0000e+00   2.5652e+02
20261021_12:00:00   2.3861e-01   6.2662e+01   4.7870e+00   0.0000e+00   0.0000e+00   2.5400e+02
