#            date       tau255        Tb[K]      pwv[mm] lwp[kg*m^-2] iwp[kg*m^-2]       o3[DU]
20260829_00:00:00   1.3805e+00   2.1167e+02   1.9010e+01   1.3011e-01   1.1861e-01   2.7636e+02
20260829_01:00:00   8.4377e-01   1.6288e+02   1.5766e+01   0.0000e+00   1.6465e-03   2.7784e+02
20260829_02:00:00   7.8680e-01   1.5558e+02   1.5141e+01   0.0000e+00   0.0000e+00   2.7749e+02
20260829_03:00:00   7.3887e-01   1.4909e+02   1.4536e+01   0.0000e+00   0.0000e+00   2.7833e+02
20260829_04:00:00   7.1546e-01   1.4580e+02   1.4201e+01   0.0000e+00   0.0000e+00   2.8025e+02
20260829_05:00:00   7.1632e-01   1.4578e+02   1.4268e+01   0.0000e+00   0.0000e+00   2.8169e+02
20260829_06:00:00   7.2261e-01   1.4654e+02   1.4417e+01   0.0000e+00   0.0000e+00   2.8423e+02
20260829_07:00:00   7.4402e-01   1.4919e+02   1.4873e+01   0.0000e+00   0.0000e+00   2.8706e+02
20260829_08:00:00   7.5288e-01   1.5021e+02   1.5085e+01   0.0000e+00   0.0000e+00   2.8614e+02
20260829_09:00:00   7.5966e-01   1.5103e+02   1.5178e+01   0.0000e+00   0.0000e+00   2.8500e+02
20260829_10:00:00   7.7241e-01   1.5261e+02   1.5342e+01   0.0000e+00   0.0000e+00   2.8282e+02
20260829_11:00:00   7.7066e-01   1.5236e+02   1.5294e+01   0.0000e+00   0.0000e+00   2.8397e+02
20260829_12:00:00   7.7150e-01   1.5243e+02   1.5271e+01   0.0000e+00   0.0000e+00   2.8634e+02
20260829_13:00:00   7.6990e-01   1.5226e+02   1.5204e+01   0.0000e+00   0.0000e+00   2.8614e+02
20260829_14:00:00   7.7637e-01   1.5310e+02   1.5250e+01   0.0000e+00   0.0000e+00   2.8665e+02
20260829_15:00:00   7.7835e-01   1.5335e+02   1.5220e+01   0.0000e+00   0.0000e+00   2.8571e+02
20260829_16:00:00   7.6618e-01   1.5187e+02   1.5023e+01   0.0000e+00   0.0000e+00   2.8626e+02
20260829_17:00:00   7.6390e-01   1.5174e+02   1.4968e+01   0.0000e+00   0.0000e+00   2.8799e+02
20260829_18:00:00   7.9369e-01   1.5570e+02   1.5380e+01   0.0000e+00   0.0000e+00   2.8993e+02
20260829_19:00:00   8.4409e-01   1.6201e+02   1.6078e+01   0.0000e+00   0.0000e+00   2.8831e+02
20260829_20:00:00   1.0386e+00   1.8288e+02   1.7286e+01   4.5120e-02   6.3221e-05   2.8385e+02
20260829_21:00:00   1.9234e+00   2.3919e+02   1.8653e+01   3.7419e-01   1.0516e-03   2.8001e+02
20260829_22:00:00   1.9528e+00   2.4033e+02   1.9279e+01   3.6958e-01   4.2909e-03   2.7872e+02
20260829_23:00:00   1.5549e+00   2.2191e+02   1.8620e+01   2.1830e-01   7.2817e-03   2.8019e+02
20260830_00:00:00   1.1507e+00   1.9314e+02   1.7802e+01   7.6472e-02   7.9050e-04   2.8093e+02
20260830_01:00:00   9.0187e-01   1.6884e+02   1.6040e+01   2.4114e-02   2.5142e-05   2.7882e+02
20260830_02:00:00   7.4226e-01   1.4952e+02   1.4476e+01   8.3740e-04   1.9564e-06   2.7589e+02
20260830_03:00:00   6.9636e-01   1.4328e+02   1.3731e+01   8.9740e-04   0.0000e+00   2.7544e+02
20260830_04:00:00   6.7280e-01   1.3997e+02   1.3354e+01   3.9560e-04   1.0418e-06   2.7667e+02
20260830_05:00:00   6.3611e-01   1.3477e+02   1.2715e+01   0.0000e+00   0.0000e+00   2.7607e+02
20260830_06:00:00   6.4120e-01   1.3531e+02   1.2825e+01   0.0000e+00   0.0000e+00   2.7831e+02
20260830_07:00:00   6.6920e-01   1.3915e+02   1.3276e+01   0.0000e+00   0.0000e+00   2.7845e+02
20260830_08:00:00   7.0007e-01   1.4321e+02   1.3777e+01   0.0000e+00   0.0000e+00   2.7751e+02
20260830_09:00:00   7.0719e-01   1.4404e+02   1.3855e+01   0.0000e+00   0.0000e+00   2.7569e+02
20260830_10:00:00   7.1386e-01   1.4473e+02   1.3932e+01   0.0000e+00   0.0000e+00   2.7523e+02
20260830_11:00:00   7.0315e-01   1.4326e+02   1.3707e+01   0.0000e+00   0.0000e+00   2.7623e+02
20260830_12:00:00   6.9974e-01   1.4274e+02   1.3610e+01   0.0000e+00   0.0000e+00   2.7742e+02
20260830_13:00:00   6.6902e-01   1.3864e+02   1.3035e+01   0.0000e+00   0.0000e+00   2.8139e+02
20260830_14:00:00   6.4511e-01   1.3532e+02   1.2617e+01   0.0000e+00   0.0000e+00   2.8292e+02
20260830_15:00:00   6.4281e-01   1.3496e+02   1.2592e+01   0.0000e+00   0.0000e+00   2.8096e+02
20260830_16:00:00   6.4048e-01   1.3465e+02   1.2564e+01   0.0000e+00   0.0000e+00   2.8040e+02
20260830_17:00:00   6.5316e-01   1.3643e+02   1.2735e+01   0.0000e+00   0.0000e+00   2.8091e+02
20260830_18:00:00   6.8301e-01   1.4062e+02   1.3228e+01   0.0000e+00   0.0000e+00   2.7982e+02
20260830_19:00:00   7.2378e-01   1.4630e+02   1.3825e+01   0.0000e+00   0.0000e+00   2.8058e+02
20260830_20:00:00   7.9279e-01   1.5529e+02   1.4586e+01   6.3500e-03   1.7242e-05   2.7961e+02
20260830_21:00:00   9.4907e-01   1.7318e+02   1.5528e+01   4.3537e-02   9.4880e-05   2.7707e+02
20260830_22:00:00   1.3657e+00   2.0876e+02   1.6056e+01   2.0020e-01   4.5255e-04   2.7711e+02
20260830_23:00:00   1.6313e+00   2.2484e+02   1.6898e+01   2.9087e-01   9.1758e-03   2.7590e+02
20260831_00:00:00   1.2606e+00   2.0090e+02   1.7739e+01   1.1519e-01   2.2960e-01   2.7641e+02
20260831_01:00:00   8.7172e-01   1.6474e+02   1.5993e+01   1.2240e-05   3.1088e-04   2.7561e+02
20260831_02:00:00   7.6771e-01   1.5227e+02   1.4462e+01   0.0000e+00   1.2502e-06   2.7505e+02
20260831_03:00:00   7.0678e-01   1.4413e+02   1.3583e+01   0.0000e+00   0.0000e+00   2.7469e+02
20260831_04:00:00   6.9113e-01   1.4190e+02   1.3357e+01   0.0000e+00   0.0000e+00   2.7605e+02
20260831_05:00:00   6.8351e-01   1.4082e+02   1.3231e+01   0.0000e+00   0.0000e+00   2.7731e+02
20260831_06:00:00   6.7462e-01   1.3957e+02   1.3056e+01   0.0000e+00   0.0000e+00   2.7747e+02
20260831_07:00:00   6.9256e-01   1.4188e+02   1.3317e+01   0.0000e+00   0.0000e+00   2.7985e+02
20260831_08:00:00   7.0378e-01   1.4332e+02   1.3437e+01   0.0000e+00   0.0000e+00   2.8114e+02
20260831_09:00:00   7.1532e-01   1.4475e+02   1.3556e+01   0.0000e+00   0.0000e+00   2.8034e+02
20260831_10:00:00   7.0966e-01   1.4397e+02   1.3414e+01   0.0000e+00   0.0000e+00   2.8272e+02
20260831_11:00:00   7.0326e-01   1.4310e+02   1.3279e+01   0.0000e+00   0.0000e+00   2.8431e+02
20260831_12:00:00   7.1384e-01   1.4445e+02   1.3431e+01   0.0000e+00   0.0000e+00   2.8256e+02
20260831_13:00:00   7.1162e-01   1.4417e+02   1.3369e+01   0.0000e+00   0.0000e+00   2.8251e+02
20260831_14:00:00   6.9737e-01   1.4226e+02   1.3085e+01   0.0000e+00   0.0000e+00   2.8368e+02
20260831_15:00:00   6.8463e-01   1.4062e+02   1.2806e+01   0.0000e+00   0.0000e+00   2.8210e+02
20260831_16:00:00   6.8228e-01   1.4031e+02   1.2721e+01   0.0000e+00   0.0000e+00   2.7785e+02
20260831_17:00:00   6.8329e-01   1.4053e+02   1.2692e+01   0.0000e+00   0.0000e+00   2.7646e+02
20260831_18:00:00   6.8512e-01   1.4092e+02   1.2661e+01   0.0000e+00   0.0000e+00   2.7765e+02
20260831_19:00:00   7.1123e-01   1.4453e+02   1.2842e+01   3.7640e-03   1.1494e-05   2.7667e+02
20260831_20:00:00   7.6750e-01   1.5193e+02   1.3008e+01   1.9870e-02   2.2980e-05   2.7746e+02
20260831_21:00:00   8.1653e-01   1.5808e+02   1.3023e+01   3.7668e-02   1.7242e-05   2.7613e+02
20260831_22:00:00   7.9339e-01   1.5542e+02   1.3010e+01   2.7523e-02   0.0000e+00   2.7614e+02
20260831_23:00:00   9.7994e-01   1.7647e+02   1.3092e+01   1.0012e-01   1.7242e-05   2.7667e+02
20260901_00:00:00   1.0208e+00   1.8070e+02   1.3130e+01   1.1385e-01   5.7480e-06   2.7649e+02
20260901_01:00:00   7.3420e-01   1.4829e+02   1.2659e+01   7.9160e-03   0.0000e+00   2.7593e+02
20260901_02:00:00   6.8031e-01   1.4117e+02   1.2073e+01   3.2430e-04   0.0000e+00   2.7316e+02
20260901_03:00:00   6.3473e-01   1.3472e+02   1.1435e+01   0.0000e+00   0.0000e+00   2.7206e+02
20260901_04:00:00   5.9583e-01   1.2886e+02   1.1007e+01   0.0000e+00   0.0000e+00   2.7525e+02
20260901_05:00:00   5.8951e-01   1.2780e+02   1.0967e+01   0.0000e+00   0.0000e+00   2.7558e+02
20260901_06:00:00   5.9586e-01   1.2869e+02   1.1078e+01   0.0000e+00   0.0000e+00   2.7590e+02
20260901_07:00:00   6.1862e-01   1.3196e+02   1.1465e+01   0.0000e+00   0.0000e+00   2.7455e+02
20260901_08:00:00   6.1313e-01   1.3114e+02   1.1401e+01   0.0000e+00   0.0000e+00   2.7099e+02
20260901_09:00:00   6.3701e-01   1.3454e+02   1.1783e+01   0.0000e+00   0.0000e+00   2.6973e+02
20260901_10:00:00   6.6369e-01   1.3827e+02   1.2203e+01   0.0000e+00   0.0000e+00   2.7142e+02
20260901_11:00:00   6.6478e-01   1.3836e+02   1.2288e+01   0.0000e+00   0.0000e+00   2.7193e+02
20260901_12:00:00   6.5881e-01   1.3751e+02   1.2190e+01   0.0000e+00   0.0000e+00   2.7039e+02
20260901_13:00:00   6.5191e-01   1.3657e+02   1.2036e+01   0.0000e+00   0.0000e+00   2.6933e+02
20260901_14:00:00   6.4125e-01   1.3506e+02   1.1869e+01   0.0000e+00   0.0000e+00   2.7003e+02
20260901_15:00:00   6.3349e-01   1.3398e+02   1.1773e+01   0.0000e+00   0.0000e+00   2.7058e+02
20260901_16:00:00   6.4225e-01   1.3526e+02   1.1917e+01   0.0000e+00   0.0000e+00   2.6988e+02
20260901_17:00:00   6.5282e-01   1.3686e+02   1.2078e+01   0.0000e+00   0.0000e+00   2.6974e+02
20260901_18:00:00   6.7911e-01   1.4061e+02   1.2502e+01   0.0000e+00   0.0000e+00   2.6857e+02
20260901_19:00:00   7.3609e-01   1.4817e+02   1.3549e+01   0.0000e+00   0.0000e+00   2.6678e+02
20260901_20:00:00   8.0357e-01   1.5660e+02   1.4557e+01   5.1658e-03   0.0000e+00   2.6705e+02
20260901_21:00:00   8.6905e-01   1.6428e+02   1.5253e+01   1.5568e-02   0.0000e+00   2.6727e+02
20260901_22:00:00   8.8269e-01   1.6588e+02   1.5536e+01   1.5074e-02   1.8362e-05   2.6763e+02
20260901_23:00:00   9.4102e-01   1.7225e+02   1.5436e+01   4.0797e-02   0.0000e+00   2.6802e+02
20260902_00:00:00   9.7067e-01   1.7547e+02   1.5149e+01   6.0145e-02   0.0000e+00   2.6842e+02
20260902_01:00:00   8.1361e-01   1.5804e+02   1.4975e+01   2.8380e-03   0.0000e+00   2.6892e+02
20260902_02:00:00   7.6843e-01   1.5251e+02   1.4387e+01   0.0000e+00   0.0000e+00   2.6848e+02
20260902_03:00:00   7.3202e-01   1.4784e+02   1.3806e+01   0.0000e+00   0.0000e+00   2.6981e+02
20260902_04:00:00   7.2198e-01   1.4653e+02   1.3710e+01   0.0000e+00   7.3440e-06   2.7028e+02
20260902_05:00:00   7.2080e-01   1.4634e+02   1.3667e+01   0.0000e+00   0.0000e+00   2.6995e+02
20260902_06:00:00   7.5587e-01   1.5083e+02   1.4164e+01   0.0000e+00   0.0000e+00   2.6994e+02
20260902_07:00:00   7.6555e-01   1.5198e+02   1.4365e+01   0.0000e+00   0.0000e+00   2.6841e+02
20260902_08:00:00   7.6894e-01   1.5230e+02   1.4453e+01   0.0000e+00   0.0000e+00   2.6910e+02
20260902_09:00:00   7.5901e-01   1.5098e+02   1.4332e+01   0.0000e+00   0.0000e+00   2.7050e+02
20260902_10:00:00   7.3823e-01   1.4823e+02   1.4035e+01   0.0000e+00   0.0000e+00   2.7055e+02
20260902_11:00:00   7.0891e-01   1.4434e+02   1.3608e+01   0.0000e+00   2.7060e-04   2.7206e+02
20260902_12:00:00   6.9329e-01   1.4205e+02   1.3511e+01   0.0000e+00   3.2940e-03   2.7249e+02
20260902_13:00:00   6.9185e-01   1.4173e+02   1.3585e+01   0.0000e+00   1.7595e-03   2.7261e+02
20260902_14:00:00   7.0130e-01   1.4308e+02   1.3674e+01   0.0000e+00   3.1660e-05   2.7302e+02
20260902_15:00:00   6.9071e-01   1.4162e+02   1.3545e+01   0.0000e+00   8.2480e-05   2.7273e+02
20260902_16:00:00   6.7335e-01   1.3920e+02   1.3363e+01   0.0000e+00   1.2096e-04   2.7320e+02
20260902_17:00:00   7.0148e-01   1.4312e+02   1.3789e+01   0.0000e+00   0.0000e+00   2.7162e+02
20260902_18:00:00   7.5263e-01   1.4998e+02   1.4529e+01   0.0000e+00   0.0000e+00   2.7018e+02
20260902_19:00:00   8.2782e-01   1.5959e+02   1.5343e+01   5.4820e-03   0.0000e+00   2.6836e+02
20260902_20:00:00   1.1300e+00   1.9109e+02   1.6406e+01   9.5034e-02   0.0000e+00   2.6747e+02
20260902_21:00:00   1.7550e+00   2.3222e+02   1.7461e+01   3.1943e-01   0.0000e+00   2.6762e+02
20260902_22:00:00   1.4554e+00   2.1569e+02   1.7407e+01   2.0181e-01   0.0000e+00   2.6975e+02
20260902_23:00:00   1.0027e+00   1.7907e+02   1.6630e+01   4.3780e-02   0.0000e+00   2.6946e+02
20260903_00:00:00   8.7664e-01   1.6540e+02   1.6165e+01   6.8094e-03   0.0000e+00   2.6942e+02
20260903_03:00:00   7.3834e-01   1.4814e+02   1.4843e+01   0.0000e+00   0.0000e+00   2.7218e+02
20260903_06:00:00   7.6324e-01   1.5085e+02   1.5651e+01   0.0000e+00   1.2338e-05   2.7103e+02
20260903_09:00:00   8.2445e-01   1.5809e+02   1.6709e+01   0.0000e+00   2.7744e-04   2.6969e+02
20260903_12:00:00   8.2470e-01   1.5797e+02   1.6698e+01   0.0000e+00   5.1520e-06   2.6936e+02
20260903_15:00:00   7.8891e-01   1.5369e+02   1.6077e+01   0.0000e+00   4.9752e-04   2.7108e+02
20260903_18:00:00   8.7667e-01   1.6437e+02   1.7355e+01   0.0000e+00   4.2097e-03   2.6901e+02
20260903_21:00:00   1.4234e+00   2.1364e+02   1.9028e+01   1.6592e-01   1.7500e-03   2.6977e+02
20260904_00:00:00   1.1152e+00   1.9014e+02   1.7546e+01   7.1347e-02   1.0438e-03   2.7305e+02
20260904_03:00:00   7.8894e-01   1.5521e+02   1.5455e+01   0.0000e+00   2.0179e-04   2.7205e+02
20260904_06:00:00   7.8022e-01   1.5389e+02   1.5482e+01   0.0000e+00   4.4639e-04   2.7183e+02
20260904_09:00:00   8.1797e-01   1.5813e+02   1.6107e+01   0.0000e+00   0.0000e+00   2.6977e+02
20260904_12:00:00   8.0539e-01   1.5648e+02   1.5917e+01   0.0000e+00   1.0113e-04   2.7001e+02
20260904_15:00:00   7.2665e-01   1.4666e+02   1.4447e+01   0.0000e+00   0.0000e+00   2.7162e+02
20260904_18:00:00   7.6305e-01   1.5145e+02   1.4952e+01   0.0000e+00   0.0000e+00   2.7245e+02
20260904_21:00:00   8.8238e-01   1.6631e+02   1.6186e+01   7.0160e-03   0.0000e+00   2.7241e+02
20260905_00:00:00   1.0264e+00   1.8193e+02   1.7217e+01   3.3937e-02   0.0000e+00   2.7063e+02
20260905_03:00:00   8.9223e-01   1.6779e+02   1.6783e+01   0.0000e+00   0.0000e+00   2.7039e+02
20260905_06:00:00   9.2847e-01   1.7134e+02   1.7554e+01   0.0000e+00   0.0000e+00   2.7399e+02
20260905_09:00:00   8.7976e-01   1.6558e+02   1.7066e+01   0.0000e+00   0.0000e+00   2.7020e+02
20260905_12:00:00   8.2225e-01   1.5845e+02   1.6399e+01   0.0000e+00   0.0000e+00   2.6956e+02
20260905_15:00:00   7.4077e-01   1.4856e+02   1.4819e+01   0.0000e+00   0.0000e+00   2.7205e+02
20260905_18:00:00   8.9164e-01   1.6662e+02   1.7474e+01   0.0000e+00   0.0000e+00   2.7134e+02
20260905_21:00:00   1.3550e+00   2.0865e+02   2.0754e+01   9.8480e-02   0.0000e+00   2.7002e+02
20260906_00:00:00   1.1010e+00   1.8880e+02   1.8905e+01   2.7438e-02   0.0000e+00   2.7303e+02
20260906_03:00:00   9.0204e-01   1.6856e+02   1.6766e+01   0.0000e+00   0.0000e+00   2.7423e+02
20260906_06:00:00   7.7382e-01   1.5344e+02   1.4517e+01   0.0000e+00   4.0080e-06   2.7709e+02
20260906_09:00:00   8.0558e-01   1.5666e+02   1.5471e+01   0.0000e+00   2.1710e-02   2.7246e+02
20260906_12:00:00   9.6819e-01   1.7431e+02   1.8727e+01   0.0000e+00   1.1874e-03   2.7232e+02
20260906_15:00:00   1.0507e+00   1.8247e+02   1.9766e+01   0.0000e+00   2.7188e-05   2.7368e+02
20260906_18:00:00   1.1522e+00   1.9186e+02   2.0868e+01   4.8642e-03   4.5108e-05   2.7074e+02
20260906_21:00:00   1.1437e+00   1.9123e+02   2.0649e+01   5.2256e-03   4.0220e-05   2.7213e+02
20260907_00:00:00   1.3018e+00   2.0403e+02   2.2054e+01   3.7859e-02   3.3765e-03   2.7424e+02
20260907_03:00:00   1.4443e+00   2.1341e+02   2.2355e+01   9.3883e-02   3.5320e-02   2.7224e+02
20260907_06:00:00   3.3764e+00   2.6975e+02   2.4478e+01   8.1780e-01   9.7005e-03   2.7295e+02
20260907_09:00:00   2.6756e+00   2.5902e+02   2.5471e+01   5.2420e-01   7.3169e-02   2.7221e+02
20260907_12:00:00   1.3559e+00   2.0754e+02   2.4867e+01   1.7795e-03   6.1007e-03   2.7071e+02
20260907_15:00:00   1.5482e+00   2.2076e+02   2.4099e+01   8.7310e-02   1.9255e-03   2.6862e+02
20260907_18:00:00   1.3435e+00   2.0681e+02   2.4197e+01   1.0837e-02   6.3234e-05   2.7185e+02
20260907_21:00:00   1.3606e+00   2.0878e+02   2.2526e+01   5.5879e-02   1.3950e-05   2.7134e+02
20260908_00:00:00   1.2650e+00   2.0251e+02   2.0163e+01   6.8590e-02   3.7104e-03   2.7081e+02
20260908_03:00:00   7.5482e-01   1.5082e+02   1.4569e+01   0.0000e+00   2.8675e-02   2.7241e+02
20260908_06:00:00   5.9355e-01   1.2818e+02   1.1809e+01   0.0000e+00   2.1454e-01   2.6946e+02
20260908_09:00:00   6.2005e-01   1.3285e+02   1.1504e+01   0.0000e+00   4.5585e-02   2.6921e+02
20260908_12:00:00   4.7340e-01   1.0967e+02   8.9059e+00   0.0000e+00   4.6406e-03   2.6944e+02
20260908_15:00:00   4.5608e-01   1.0684e+02   8.2193e+00   5.3450e-03   1.6273e-02   2.7174e+02
20260908_18:00:00   4.3977e-01   1.0400e+02   7.8904e+00   3.7570e-03   6.4790e-03   2.7223e+02
20260908_21:00:00   4.3666e-01   1.0351e+02   7.8794e+00   5.8285e-04   5.6798e-03   2.7557e+02
20260909_00:00:00   4.1590e-01   9.9706e+01   7.5180e+00   8.0231e-04   3.9118e-03   2.7487e+02
20260909_03:00:00   2.4722e-01   6.5702e+01   4.9979e+00   0.0000e+00   3.3922e-03   2.7681e+02
20260909_06:00:00   2.6577e-01   6.9355e+01   5.5079e+00   0.0000e+00   1.6107e-03   2.7668e+02
20260909_09:00:00   2.4460e-01   6.4472e+01   5.2830e+00   0.0000e+00   7.4241e-04   2.7438e+02
20260909_12:00:00   2.4850e-01   6.5104e+01   5.4009e+00   0.0000e+00   1.2847e-04   2.7514e+02
20260909_15:00:00   2.2130e-01   5.9209e+01   4.8220e+00   0.0000e+00   8.1248e-04   2.7711e+02
20260909_18:00:00   2.5804e-01   6.6933e+01   5.6100e+00   0.0000e+00   1.2872e-02   2.7831e+02
20260909_21:00:00   4.2711e-01   1.0031e+02   8.2654e+00   6.9805e-03   5.4659e-03   2.7669e+02
20260910_00:00:00   4.8384e-01   1.1047e+02   8.3846e+00   2.9655e-02   2.2705e-03   2.7820e+02
20260910_03:00:00   2.6384e-01   6.7188e+01   6.3360e+00   0.0000e+00   2.8440e-04   2.7540e+02
20260910_06:00:00   3.0192e-01   7.5075e+01   7.0935e+00   0.0000e+00   1.5540e-05   2.7648e+02
20260910_09:00:00   2.8575e-01   7.1598e+01   6.7401e+00   0.0000e+00   0.0000e+00   2.7775e+02
20260910_12:00:00   1.3240e-01   3.8324e+01   3.0249e+00   0.0000e+00   0.0000e+00   2.8282e+02
20260910_15:00:00   1.4017e-01   4.0628e+01   3.0244e+00   0.0000e+00   0.0000e+00   2.8486e+02
20260910_18:00:00   1.5655e-01   4.4889e+01   3.1727e+00   0.0000e+00   0.0000e+00   2.8530e+02
20260910_21:00:00   1.5661e-01   4.4912e+01   3.1146e+00   0.0000e+00   0.0000e+00   2.8861e+02
20260911_00:00:00   1.7385e-01   4.9082e+01   3.4190e+00   0.0000e+00   0.0000e+00   2.8377e+02
20260911_03:00:00   1.2876e-01   3.8320e+01   2.6334e+00   0.0000e+00   0.0000e+00   2.8501e+02
20260911_06:00:00   1.3211e-01   3.9110e+01   2.7176e+00   0.0000e+00   0.0000e+00   2.8364e+02
20260911_09:00:00   1.2408e-01   3.7112e+01   2.5537e+00   0.0000e+00   0.0000e+00   2.8507e+02
20260911_12:00:00   1.1958e-01   3.5963e+01   2.4748e+00   0.0000e+00   0.0000e+00   2.8390e+02
20260911_15:00:00   1.1865e-01   3.5731e+01   2.4599e+00   0.0000e+00   0.0000e+00   2.8062e+02
20260911_18:00:00   1.3642e-01   4.0107e+01   2.8093e+00   0.0000e+00   0.0000e+00   2.8046e+02
20260911_21:00:00   2.1436e-01   5.8499e+01   4.1988e+00   0.0000e+00   0.0000e+00   2.7805e+02
20260912_00:00:00   2.1953e-01   5.9660e+01   4.3021e+00   0.0000e+00   0.0000e+00   2.7692e+02
20260912_03:00:00   1.6036e-01   4.5981e+01   3.2775e+00   0.0000e+00   0.0000e+00   2.7829e+02
20260912_06:00:00   1.2502e-01   3.7371e+01   2.5498e+00   0.0000e+00   0.0000e+00   2.8052e+02
20260912_09:00:00   1.0311e-01   3.1863e+01   2.0824e+00   0.0000e+00   0.0000e+00   2.7880e+02
20260912_12:00:00   9.6939e-02   3.0268e+01   1.9424e+00   0.0000e+00   0.0000e+00   2.7848e+02
20260912_15:00:00   1.0935e-01   3.3410e+01   2.2050e+00   0.0000e+00   0.0000e+00   2.7591e+02
20260912_18:00:00   1.8157e-01   5.0947e+01   3.5837e+00   0.0000e+00   0.0000e+00   2.7767e+02
20260912_21:00:00   3.4180e-01   8.5257e+01   6.3931e+00   0.0000e+00   0.0000e+00   2.7549e+02
20260913_00:00:00   4.0359e-01   9.7163e+01   7.3860e+00   0.0000e+00   0.0000e+00   2.7450e+02
20260913_03:00:00   3.7488e-01   9.1877e+01   7.0886e+00   0.0000e+00   0.0000e+00   2.7577e+02
20260913_06:00:00   4.9921e-01   1.1407e+02   9.1325e+00   0.0000e+00   0.0000e+00   2.7690e+02
20260913_09:00:00   5.6117e-01   1.2416e+02   1.0019e+01   0.0000e+00   0.0000e+00   2.7559e+02
20260913_12:00:00   6.6639e-01   1.3964e+02   1.2024e+01   0.0000e+00   0.0000e+00   2.7574e+02
20260913_15:00:00   8.3228e-01   1.6117e+02   1.4625e+01   0.0000e+00   0.0000e+00   2.7518e+02
20260913_18:00:00   9.8713e-01   1.7831e+02   1.6106e+01   2.4531e-02   0.0000e+00   2.7344e+02
20260913_21:00:00   1.5757e+00   2.2436e+02   1.8262e+01   2.0089e-01   0.0000e+00   2.7569e+02
20260914_00:00:00   1.7300e+00   2.3296e+02   1.9678e+01   2.3124e-01   0.0000e+00   2.7282e+02
