#            date       tau255        Tb[K]      pwv[mm] lwp[kg*m^-2] iwp[kg*m^-2]       o3[DU]
20260812_06:00:00   8.7506e-01   1.6454e+02   1.6282e+01   0.0000e+00   2.0542e-05   2.9886e+02
20260812_07:00:00   8.3921e-01   1.6045e+02   1.5666e+01   0.0000e+00   0.0000e+00   2.9982e+02
20260812_08:00:00   8.0903e-01   1.5689e+02   1.5176e+01   0.0000e+00   0.0000e+00   3.0081e+02
20260812_09:00:00   8.0558e-01   1.5645e+02   1.5025e+01   0.0000e+00   0.0000e+00   3.0037e+02
20260812_10:00:00   8.2768e-01   1.5902e+02   1.5235e+01   0.0000e+00   0.0000e+00   2.9849e+02
20260812_11:00:00   8.2691e-01   1.5887e+02   1.5171e+01   0.0000e+00   0.0000e+00   2.9556e+02
20260812_12:00:00   8.1099e-01   1.5692e+02   1.4926e+01   0.0000e+00   0.0000e+00   2.9273e+02
20260812_13:00:00   7.8179e-01   1.5335e+02   1.4540e+01   0.0000e+00   0.0000e+00   2.8958e+02
20260812_14:00:00   7.7295e-01   1.5226e+02   1.4410e+01   0.0000e+00   1.8882e-05   2.8942e+02
20260812_15:00:00   7.7665e-01   1.5272e+02   1.4438e+01   0.0000e+00   3.0600e-06   2.8945e+02
20260812_16:00:00   7.7422e-01   1.5247e+02   1.4395e+01   0.0000e+00   3.6720e-05   2.8828e+02
20260812_17:00:00   8.0403e-01   1.5620e+02   1.4792e+01   0.0000e+00   0.0000e+00   2.8871e+02
20260812_18:00:00   8.5978e-01   1.6303e+02   1.5240e+01   9.0940e-03   0.0000e+00   2.9051e+02
20260812_19:00:00   1.4056e+00   2.1215e+02   1.6417e+01   1.9426e-01   1.1494e-05   2.9190e+02
20260812_20:00:00   3.5088e+00   2.7085e+02   1.9415e+01   9.9597e-01   5.8173e-03   2.9006e+02
20260812_21:00:00   3.4473e+00   2.6916e+02   2.2863e+01   9.6122e-01   6.9741e-01   2.8718e+02
20260812_22:00:00   1.6431e+00   2.2477e+02   2.0638e+01   2.0570e-01   8.3265e-01   2.8836e+02
20260812_23:00:00   1.2718e+00   2.0065e+02   1.7665e+01   1.4407e-01   4.1395e-02   2.8762e+02
20260813_00:00:00   1.0301e+00   1.7999e+02   1.6969e+01   5.7845e-02   4.8427e-02   2.8644e+02
20260813_01:00:00   8.9475e-01   1.6629e+02   1.6093e+01   2.1434e-02   1.3252e-02   2.8728e+02
20260813_02:00:00   7.6078e-01   1.5058e+02   1.4685e+01   0.0000e+00   5.6163e-03   2.8882e+02
20260813_03:00:00   7.1988e-01   1.4530e+02   1.4025e+01   0.0000e+00   9.2992e-03   2.8959e+02
20260813_04:00:00   7.0343e-01   1.4307e+02   1.3827e+01   0.0000e+00   4.2354e-03   2.9153e+02
20260813_05:00:00   7.0402e-01   1.4309e+02   1.3811e+01   0.0000e+00   6.9975e-04   2.9184e+02
20260813_06:00:00   6.9654e-01   1.4200e+02   1.3681e+01   0.0000e+00   4.3800e-03   2.9162e+02
20260813_07:00:00   6.8489e-01   1.4040e+02   1.3431e+01   0.0000e+00   1.2480e-04   2.9331e+02
20260813_08:00:00   6.7132e-01   1.3842e+02   1.3118e+01   0.0000e+00   1.5734e-03   2.9267e+02
20260813_09:00:00   6.4369e-01   1.3438e+02   1.2749e+01   0.0000e+00   1.1562e-03   2.9079e+02
20260813_10:00:00   6.5685e-01   1.3594e+02   1.3083e+01   0.0000e+00   1.6813e-03   2.8802e+02
20260813_11:00:00   6.3158e-01   1.3218e+02   1.2773e+01   0.0000e+00   4.4795e-03   2.8788e+02
20260813_12:00:00   6.2434e-01   1.3099e+02   1.2735e+01   0.0000e+00   5.8275e-03   2.8680e+02
20260813_13:00:00   6.1769e-01   1.2998e+02   1.2624e+01   0.0000e+00   5.6798e-03   2.8619e+02
20260813_14:00:00   6.0115e-01   1.2759e+02   1.2345e+01   0.0000e+00   2.1572e-03   2.8739e+02
20260813_15:00:00   6.3043e-01   1.3182e+02   1.2841e+01   0.0000e+00   2.1300e-04   2.8683e+02
20260813_16:00:00   6.2833e-01   1.3141e+02   1.2831e+01   0.0000e+00   1.1907e-03   2.8601e+02
20260813_17:00:00   5.9281e-01   1.2616e+02   1.2322e+01   0.0000e+00   1.9286e-02   2.8680e+02
20260813_18:00:00   6.5158e-01   1.3483e+02   1.3174e+01   0.0000e+00   3.1089e-02   2.8872e+02
20260813_19:00:00   6.6806e-01   1.3743e+02   1.3309e+01   0.0000e+00   2.8687e-03   2.8821e+02
20260813_20:00:00   7.1473e-01   1.4370e+02   1.4191e+01   0.0000e+00   4.4531e-03   2.8549e+02
20260813_21:00:00   7.6425e-01   1.5024e+02   1.4913e+01   9.1240e-04   3.6939e-02   2.8400e+02
20260813_22:00:00   7.9243e-01   1.5407e+02   1.4916e+01   7.6780e-03   3.4128e-02   2.8566e+02
20260813_23:00:00   9.3422e-01   1.7068e+02   1.5137e+01   5.4599e-02   1.9781e-02   2.8620e+02
20260814_00:00:00   1.2322e+00   1.9865e+02   1.5595e+01   1.5951e-01   8.1355e-02   2.8583e+02
20260814_01:00:00   9.5672e-01   1.7318e+02   1.5686e+01   4.7134e-02   1.8314e-01   2.8547e+02
20260814_02:00:00   8.0543e-01   1.5577e+02   1.5281e+01   2.4940e-04   4.3398e-03   2.8578e+02
20260814_03:00:00   7.2000e-01   1.4484e+02   1.3987e+01   0.0000e+00   5.8773e-04   2.8622e+02
20260814_04:00:00   6.3921e-01   1.3341e+02   1.2885e+01   0.0000e+00   1.0461e-03   2.8692e+02
20260814_05:00:00   6.1014e-01   1.2895e+02   1.2501e+01   0.0000e+00   3.2589e-03   2.8885e+02
20260814_06:00:00   5.8802e-01   1.2544e+02   1.2189e+01   0.0000e+00   2.8539e-02   2.8809e+02
20260814_07:00:00   5.9153e-01   1.2593e+02   1.2246e+01   0.0000e+00   3.8891e-03   2.8637e+02
20260814_08:00:00   5.8061e-01   1.2423e+02   1.2054e+01   0.0000e+00   4.6325e-03   2.8596e+02
20260814_09:00:00   5.6965e-01   1.2264e+02   1.1753e+01   0.0000e+00   4.7514e-03   2.8446e+02
20260814_10:00:00   6.1016e-01   1.2851e+02   1.2523e+01   0.0000e+00   3.8765e-03   2.8207e+02
20260814_11:00:00   6.3663e-01   1.3211e+02   1.3062e+01   0.0000e+00   1.8152e-02   2.7992e+02
20260814_12:00:00   6.6509e-01   1.3592e+02   1.3613e+01   0.0000e+00   4.5519e-02   2.7937e+02
20260814_13:00:00   6.8400e-01   1.3830e+02   1.4042e+01   0.0000e+00   7.4413e-02   2.8337e+02
20260814_14:00:00   6.7800e-01   1.3744e+02   1.3939e+01   0.0000e+00   1.2330e-01   2.8601e+02
20260814_15:00:00   6.7893e-01   1.3758e+02   1.3959e+01   0.0000e+00   9.7322e-02   2.8692e+02
20260814_16:00:00   6.9843e-01   1.4015e+02   1.4326e+01   0.0000e+00   8.5059e-02   2.8734e+02
20260814_17:00:00   7.1445e-01   1.4235e+02   1.4573e+01   0.0000e+00   8.0235e-02   2.8781e+02
20260814_18:00:00   7.5407e-01   1.4790e+02   1.5135e+01   0.0000e+00   8.6249e-03   2.8729e+02
20260814_19:00:00   7.9603e-01   1.5341e+02   1.5726e+01   0.0000e+00   7.2472e-03   2.8852e+02
20260814_20:00:00   8.7953e-01   1.6355e+02   1.6726e+01   6.2940e-03   2.6874e-02   2.8648e+02
20260814_21:00:00   1.0050e+00   1.7737e+02   1.7527e+01   3.3247e-02   1.0658e-02   2.8687e+02
20260814_22:00:00   1.3734e+00   2.0876e+02   1.8298e+01   1.5957e-01   1.0169e-02   2.8657e+02
20260814_23:00:00   1.3323e+00   2.0573e+02   1.8261e+01   1.4038e-01   7.3932e-03   2.8808e+02
20260815_00:00:00   1.0441e+00   1.8172e+02   1.7380e+01   4.2208e-02   7.6943e-03   2.8734e+02
20260815_01:00:00   9.4739e-01   1.7193e+02   1.6737e+01   1.9432e-02   6.9434e-03   2.8296e+02
20260815_02:00:00   8.5452e-01   1.6157e+02   1.6092e+01   0.0000e+00   3.3639e-04   2.8247e+02
20260815_03:00:00   8.1079e-01   1.5646e+02   1.5368e+01   0.0000e+00   2.7476e-05   2.8411e+02
20260815_04:00:00   8.0732e-01   1.5608e+02   1.5245e+01   4.5980e-04   5.1977e-05   2.8490e+02
20260815_05:00:00   8.0237e-01   1.5561e+02   1.5006e+01   1.5804e-04   6.2062e-04   2.8478e+02
20260815_06:00:00   7.7649e-01   1.5248e+02   1.4503e+01   0.0000e+00   8.9080e-04   2.8471e+02
20260815_07:00:00   7.5836e-01   1.5019e+02   1.4111e+01   0.0000e+00   6.5500e-04   2.8543e+02
20260815_08:00:00   7.4202e-01   1.4806e+02   1.3803e+01   0.0000e+00   1.4108e-03   2.8593e+02
20260815_09:00:00   7.2117e-01   1.4524e+02   1.3461e+01   0.0000e+00   6.5950e-04   2.8530e+02
20260815_10:00:00   6.7531e-01   1.3894e+02   1.2758e+01   0.0000e+00   1.8814e-03   2.8504e+02
20260815_11:00:00   6.5610e-01   1.3620e+02   1.2443e+01   0.0000e+00   4.6716e-04   2.8350e+02
20260815_12:00:00   6.4581e-01   1.3468e+02   1.2278e+01   0.0000e+00   1.3297e-03   2.8488e+02
20260815_13:00:00   6.4901e-01   1.3500e+02   1.2501e+01   0.0000e+00   1.1542e-03   2.8707e+02
20260815_14:00:00   6.6504e-01   1.3692e+02   1.3075e+01   0.0000e+00   2.6127e-03   2.8693e+02
20260815_15:00:00   7.1125e-01   1.4296e+02   1.4005e+01   0.0000e+00   1.3546e-03   2.8718e+02
20260815_16:00:00   8.4011e-01   1.5892e+02   1.5890e+01   7.0150e-03   1.0712e-04   2.8665e+02
20260815_17:00:00   9.3644e-01   1.6973e+02   1.7895e+01   2.4460e-06   1.0111e-03   2.8517e+02
20260815_18:00:00   9.6106e-01   1.7224e+02   1.8528e+01   5.1000e-04   3.6807e-02   2.8581e+02
20260815_19:00:00   1.0250e+00   1.7868e+02   1.9404e+01   2.5944e-03   1.6305e-01   2.8564e+02
20260815_20:00:00   1.3865e+00   2.0863e+02   2.1097e+01   1.0337e-01   1.9695e-01   2.8422e+02
20260815_21:00:00   2.0936e+00   2.4384e+02   2.1951e+01   3.6480e-01   2.4859e-01   2.8228e+02
20260815_22:00:00   2.3353e+00   2.5100e+02   2.2472e+01   4.4421e-01   6.9071e-01   2.8079e+02
20260815_23:00:00   1.3588e+00   2.0646e+02   2.2156e+01   5.9819e-02   5.8017e-01   2.8131e+02
20260816_00:00:00   1.1888e+00   1.9352e+02   2.1668e+01   1.0420e-02   3.3173e-01   2.8112e+02
20260816_01:00:00   1.1120e+00   1.8703e+02   2.0880e+01   6.3830e-03   1.3039e-01   2.7993e+02
20260816_02:00:00   9.6183e-01   1.7262e+02   1.8738e+01   6.3347e-04   2.4947e-03   2.8249e+02
20260816_03:00:00   9.3334e-01   1.6974e+02   1.8217e+01   0.0000e+00   1.8921e-03   2.8230e+02
20260816_04:00:00   8.8347e-01   1.6472e+02   1.7158e+01   0.0000e+00   2.3314e-03   2.8465e+02
20260816_05:00:00   8.1429e-01   1.5696e+02   1.5738e+01   0.0000e+00   1.0598e-03   2.8459e+02
20260816_06:00:00   9.1005e-01   1.6748e+02   1.7786e+01   0.0000e+00   5.4788e-04   2.8282e+02
20260816_07:00:00   9.4560e-01   1.7094e+02   1.8498e+01   0.0000e+00   1.3188e-02   2.8251e+02
20260816_08:00:00   9.8124e-01   1.7433e+02   1.9130e+01   6.5820e-05   1.1437e-02   2.8345e+02
20260816_09:00:00   9.8109e-01   1.7428e+02   1.9105e+01   0.0000e+00   1.3738e-02   2.8197e+02
20260816_10:00:00   9.3661e-01   1.6974e+02   1.8328e+01   0.0000e+00   1.9490e-03   2.8154e+02
20260816_11:00:00   8.4418e-01   1.5976e+02   1.6625e+01   0.0000e+00   3.6989e-03   2.8276e+02
20260816_12:00:00   8.3794e-01   1.5908e+02   1.6546e+01   0.0000e+00   3.2916e-03   2.8306e+02
20260816_13:00:00   9.2086e-01   1.6841e+02   1.7932e+01   0.0000e+00   7.6605e-03   2.8253e+02
20260816_14:00:00   9.9342e-01   1.7609e+02   1.9115e+01   0.0000e+00   1.8864e-02   2.8199e+02
20260816_15:00:00   9.8655e-01   1.7551e+02   1.9050e+01   0.0000e+00   1.0218e-01   2.8088e+02
20260816_16:00:00   9.9521e-01   1.7646e+02   1.9163e+01   3.4860e-06   1.1699e-01   2.8143e+02
20260816_17:00:00   1.0107e+00   1.7807e+02   1.9404e+01   0.0000e+00   1.4801e-01   2.8157e+02
20260816_18:00:00   1.0033e+00   1.7724e+02   1.9340e+01   0.0000e+00   2.3487e-01   2.8070e+02
20260816_19:00:00   9.7156e-01   1.7397e+02   1.8944e+01   0.0000e+00   1.9438e-01   2.8041e+02
20260816_20:00:00   9.5560e-01   1.7241e+02   1.8654e+01   0.0000e+00   1.1054e-01   2.7947e+02
20260816_21:00:00   9.6770e-01   1.7388e+02   1.8822e+01   0.0000e+00   8.8786e-02   2.7973e+02
20260816_22:00:00   9.7346e-01   1.7457e+02   1.8971e+01   0.0000e+00   4.7463e-02   2.8205e+02
20260816_23:00:00   9.5989e-01   1.7338e+02   1.8687e+01   0.0000e+00   1.0330e-02   2.8281e+02
20260817_00:00:00   9.3420e-01   1.7092e+02   1.8179e+01   0.0000e+00   1.1213e-02   2.8236e+02
20260817_01:00:00   8.7276e-01   1.6430e+02   1.7214e+01   0.0000e+00   2.4131e-03   2.8149e+02
20260817_02:00:00   8.1686e-01   1.5783e+02   1.6315e+01   0.0000e+00   1.2276e-04   2.8306e+02
20260817_03:00:00   7.9058e-01   1.5477e+02   1.5849e+01   0.0000e+00   0.0000e+00   2.8296e+02
20260817_04:00:00   7.6534e-01   1.5166e+02   1.5384e+01   0.0000e+00   5.8140e-05   2.8526e+02
20260817_05:00:00   7.4551e-01   1.4921e+02   1.4950e+01   0.0000e+00   0.0000e+00   2.8565e+02
20260817_06:00:00   7.6686e-01   1.5181e+02   1.5237e+01   0.0000e+00   0.0000e+00   2.8463e+02
20260817_09:00:00   6.9631e-01   1.4237e+02   1.3973e+01   0.0000e+00   0.0000e+00   2.8244e+02
20260817_12:00:00   5.7937e-01   1.2534e+02   1.1869e+01   0.0000e+00   0.0000e+00   2.8596e+02
20260817_15:00:00   5.7416e-01   1.2473e+02   1.1630e+01   0.0000e+00   0.0000e+00   2.8398e+02
20260817_18:00:00   7.9747e-01   1.5593e+02   1.5119e+01   0.0000e+00   0.0000e+00   2.7969e+02
20260817_21:00:00   1.3274e+00   2.0694e+02   1.7233e+01   1.5406e-01   9.1940e-05   2.7826e+02
20260818_00:00:00   1.0429e+00   1.8353e+02   1.7191e+01   4.0238e-02   5.6280e-05   2.7963e+02
20260818_03:00:00   8.4940e-01   1.6291e+02   1.6052e+01   0.0000e+00   0.0000e+00   2.8132e+02
20260818_06:00:00   8.6790e-01   1.6487e+02   1.6372e+01   0.0000e+00   0.0000e+00   2.8231e+02
20260818_09:00:00   9.9964e-01   1.7897e+02   1.7851e+01   6.9185e-03   0.0000e+00   2.8027e+02
20260818_12:00:00   8.8094e-01   1.6612e+02   1.6466e+01   0.0000e+00   0.0000e+00   2.8022e+02
20260818_15:00:00   8.8778e-01   1.6694e+02   1.6420e+01   0.0000e+00   0.0000e+00   2.8415e+02
20260818_18:00:00   9.6647e-01   1.7566e+02   1.7483e+01   1.2212e-04   0.0000e+00   2.8403e+02
20260818_21:00:00   1.2812e+00   2.0397e+02   1.8918e+01   8.8099e-02   0.0000e+00   2.8550e+02
20260819_00:00:00   1.3144e+00   2.0686e+02   1.8666e+01   1.0842e-01   0.0000e+00   2.8433e+02
20260819_03:00:00   8.7140e-01   1.6546e+02   1.6532e+01   0.0000e+00   0.0000e+00   2.8613e+02
20260819_06:00:00   6.8537e-01   1.4162e+02   1.3636e+01   0.0000e+00   0.0000e+00   2.9170e+02
20260819_09:00:00   6.6224e-01   1.3850e+02   1.2861e+01   0.0000e+00   0.0000e+00   2.9112e+02
20260819_12:00:00   6.5122e-01   1.3695e+02   1.2455e+01   0.0000e+00   0.0000e+00   2.8925e+02
20260819_15:00:00   6.7492e-01   1.4035e+02   1.2622e+01   0.0000e+00   0.0000e+00   2.9220e+02
20260819_18:00:00   7.9458e-01   1.5624e+02   1.4424e+01   0.0000e+00   0.0000e+00   2.9184e+02
20260819_21:00:00   2.0956e+00   2.4599e+02   1.8265e+01   4.2997e-01   8.1239e-04   2.8937e+02
20260820_00:00:00   9.2662e-01   1.7179e+02   1.5879e+01   1.4719e-02   0.0000e+00   2.8932e+02
20260820_03:00:00   6.9294e-01   1.4306e+02   1.2903e+01   0.0000e+00   0.0000e+00   2.9321e+02
20260820_06:00:00   7.4650e-01   1.4968e+02   1.3954e+01   0.0000e+00   8.3334e-03   2.9894e+02
20260820_09:00:00   7.0652e-01   1.4429e+02   1.3123e+01   0.0000e+00   8.2852e-03   2.9441e+02
20260820_12:00:00   6.7195e-01   1.3906e+02   1.2879e+01   0.0000e+00   1.2001e-02   2.9348e+02
20260820_15:00:00   6.3149e-01   1.3299e+02   1.2515e+01   0.0000e+00   2.6003e-02   2.9178e+02
20260820_18:00:00   6.5581e-01   1.3642e+02   1.3026e+01   0.0000e+00   1.5420e-02   2.9098e+02
20260820_21:00:00   7.8492e-01   1.5384e+02   1.4735e+01   5.5746e-03   4.5968e-02   2.9116e+02
20260821_00:00:00   7.8910e-01   1.5468e+02   1.5009e+01   2.1560e-05   1.2284e-02   2.8878e+02
20260821_03:00:00   6.6784e-01   1.3866e+02   1.3168e+01   0.0000e+00   1.1892e-02   2.8846e+02
20260821_06:00:00   6.1577e-01   1.3071e+02   1.2415e+01   0.0000e+00   4.8239e-03   2.8840e+02
20260821_09:00:00   5.9824e-01   1.2791e+02   1.2133e+01   0.0000e+00   7.2479e-04   2.8577e+02
20260821_12:00:00   5.3572e-01   1.1832e+02   1.0949e+01   0.0000e+00   1.1434e-03   2.8611e+02
20260821_15:00:00   5.1218e-01   1.1467e+02   1.0399e+01   0.0000e+00   1.7058e-04   2.9221e+02
20260821_18:00:00   5.8121e-01   1.2575e+02   1.1525e+01   0.0000e+00   9.4680e-04   2.8967e+02
20260821_21:00:00   7.1890e-01   1.4580e+02   1.3707e+01   2.7300e-04   4.0122e-03   2.9063e+02
20260822_00:00:00   7.4653e-01   1.4993e+02   1.3823e+01   2.1915e-03   0.0000e+00   2.9061e+02
20260822_03:00:00   5.6845e-01   1.2462e+02   1.1260e+01   0.0000e+00   0.0000e+00   2.9128e+02
20260822_06:00:00   5.0063e-01   1.1304e+02   1.0352e+01   0.0000e+00   0.0000e+00   2.9319e+02
20260822_09:00:00   4.7804e-01   1.0915e+02   9.8872e+00   0.0000e+00   0.0000e+00   2.9220e+02
20260822_12:00:00   4.3762e-01   1.0224e+02   9.1140e+00   0.0000e+00   0.0000e+00   2.9232e+02
20260822_15:00:00   4.3465e-01   1.0185e+02   8.9624e+00   0.0000e+00   1.7899e-03   2.9147e+02
20260822_18:00:00   4.8666e-01   1.1106e+02   9.7632e+00   0.0000e+00   3.0394e-03   2.9272e+02
20260822_21:00:00   5.9861e-01   1.2923e+02   1.1503e+01   0.0000e+00   1.6407e-03   2.8980e+02
20260823_00:00:00   6.4025e-01   1.3566e+02   1.2110e+01   0.0000e+00   1.7678e-04   2.8941e+02
20260823_03:00:00   5.0687e-01   1.1510e+02   9.9805e+00   0.0000e+00   2.4460e-06   2.9058e+02
20260823_06:00:00   4.8737e-01   1.1163e+02   9.6929e+00   0.0000e+00   2.2337e-03   2.8965e+02
20260823_09:00:00   4.9349e-01   1.1243e+02   9.8019e+00   0.0000e+00   9.0440e-05   2.8790e+02
20260823_12:00:00   4.1406e-01   9.8394e+01   8.4752e+00   0.0000e+00   1.2289e-04   2.8626e+02
20260823_15:00:00   3.8750e-01   9.3336e+01   8.0510e+00   0.0000e+00   3.0920e-04   2.8542e+02
20260823_18:00:00   4.3415e-01   1.0202e+02   8.8218e+00   0.0000e+00   3.0759e-03   2.8646e+02
20260823_21:00:00   6.2436e-01   1.3324e+02   1.1891e+01   0.0000e+00   1.1628e-04   2.8460e+02
20260824_00:00:00   7.2855e-01   1.4781e+02   1.2677e+01   2.3280e-02   0.0000e+00   2.8412e+02
20260824_03:00:00   5.0020e-01   1.1395e+02   9.8560e+00   0.0000e+00   0.0000e+00   2.8805e+02
20260824_06:00:00   3.8291e-01   9.2526e+01   8.0771e+00   0.0000e+00   0.0000e+00   2.8668e+02
20260824_09:00:00   3.8629e-01   9.2414e+01   8.3280e+00   0.0000e+00   0.0000e+00   2.8502e+02
20260824_12:00:00   5.3933e-01   1.1879e+02   1.1243e+01   0.0000e+00   0.0000e+00   2.8602e+02
20260824_15:00:00   7.5045e-01   1.4941e+02   1.4860e+01   0.0000e+00   0.0000e+00   2.8461e+02
20260824_18:00:00   8.7576e-01   1.6477e+02   1.6804e+01   0.0000e+00   0.0000e+00   2.8403e+02
20260824_21:00:00   1.0813e+00   1.8628e+02   1.8649e+01   3.5196e-02   5.7480e-06   2.8294e+02
20260825_00:00:00   9.8076e-01   1.7675e+02   1.7777e+01   1.7500e-02   3.1260e-06   2.8236e+02
20260825_03:00:00   9.0576e-01   1.6861e+02   1.7640e+01   0.0000e+00   5.3380e-04   2.8201e+02
20260825_06:00:00   9.6079e-01   1.7403e+02   1.8691e+01   0.0000e+00   6.6660e-05   2.8373e+02
20260825_09:00:00   9.4670e-01   1.7242e+02   1.8505e+01   0.0000e+00   1.6277e-03   2.8398e+02
20260825_12:00:00   9.0378e-01   1.6756e+02   1.7849e+01   0.0000e+00   2.2277e-03   2.8292e+02
20260825_15:00:00   9.4696e-01   1.7236e+02   1.8311e+01   0.0000e+00   3.9060e-06   2.8436e+02
20260825_18:00:00   1.0487e+00   1.8311e+02   1.9531e+01   4.3607e-03   7.4924e-04   2.8409e+02
20260825_21:00:00   1.2004e+00   1.9689e+02   1.9709e+01   6.3254e-02   3.5094e-02   2.8140e+02
20260826_00:00:00   1.1957e+00   1.9664e+02   2.0557e+01   4.2901e-02   1.4460e-03   2.8143e+02
20260826_03:00:00   1.0430e+00   1.8279e+02   2.0012e+01   0.0000e+00   6.0338e-04   2.8030e+02
20260826_06:00:00   9.8748e-01   1.7709e+02   1.9041e+01   0.0000e+00   0.0000e+00   2.7853e+02
20260826_09:00:00   9.4317e-01   1.7246e+02   1.8122e+01   0.0000e+00   0.0000e+00   2.8248e+02
20260826_12:00:00   8.2508e-01   1.5903e+02   1.6225e+01   0.0000e+00   0.0000e+00   2.8497e+02
20260826_15:00:00   8.7493e-01   1.6505e+02   1.6837e+01   0.0000e+00   5.7960e-05   2.8566e+02
20260826_18:00:00   1.1480e+00   1.9236e+02   2.0605e+01   8.2901e-03   8.1343e-05   2.8483e+02
20260826_21:00:00   1.0765e+00   1.8640e+02   1.9316e+01   6.2932e-03   1.6110e-04   2.8382e+02
20260827_00:00:00   8.9342e-01   1.6789e+02   1.6544e+01   0.0000e+00   0.0000e+00   2.8371e+02
20260827_03:00:00   7.9373e-01   1.5574e+02   1.4786e+01   0.0000e+00   2.6040e-07   2.8215e+02
20260827_06:00:00   8.8633e-01   1.6681e+02   1.6253e+01   7.8140e-06   9.0101e-04   2.8302e+02
20260827_09:00:00   1.1584e+00   1.9240e+02   2.1030e+01   9.4199e-03   2.6528e-02   2.8253e+02
20260827_12:00:00   1.1786e+00   1.9376e+02   2.1687e+01   4.8934e-03   6.2014e-03   2.8208e+02
20260827_15:00:00   1.1495e+00   1.9147e+02   2.1322e+01   7.2638e-04   1.6628e-03   2.8335e+02
20260827_18:00:00   1.4861e+00   2.1608e+02   2.1735e+01   1.2530e-01   2.2015e-03   2.8325e+02
20260827_21:00:00   1.3018e+00   2.0433e+02   2.2359e+01   2.9582e-02   9.9661e-05   2.8437e+02
20260828_00:00:00   1.2195e+00   1.9835e+02   2.1740e+01   1.2432e-02   2.2980e-05   2.8381e+02
20260828_03:00:00   1.2772e+00   2.0223e+02   2.1717e+01   5.0736e-02   5.2895e-02   2.8500e+02
20260828_06:00:00   1.0129e+00   1.7931e+02   1.9479e+01   0.0000e+00   8.3150e-05   2.8397e+02
