#            date       tau255        Tb[K]      pwv[mm] lwp[kg*m^-2] iwp[kg*m^-2]       o3[DU]
20260913_06:00:00   9.5407e-01   1.7385e+02   1.8386e+01   0.0000e+00   5.6380e-05   2.7443e+02
20260913_07:00:00   9.4774e-01   1.7311e+02   1.8145e+01   1.2644e-03   0.0000e+00   2.7601e+02
20260913_08:00:00   9.4981e-01   1.7332e+02   1.8127e+01   0.0000e+00   1.5804e-04   2.7731e+02
20260913_09:00:00   9.5389e-01   1.7373e+02   1.8087e+01   0.0000e+00   8.4060e-05   2.7889e+02
20260913_10:00:00   9.5825e-01   1.7415e+02   1.8082e+01   0.0000e+00   8.1620e-05   2.8069e+02
20260913_11:00:00   9.3095e-01   1.7120e+02   1.7676e+01   0.0000e+00   1.0806e-03   2.8193e+02
20260913_12:00:00   9.2236e-01   1.7023e+02   1.7588e+01   0.0000e+00   2.4660e-03   2.8221e+02
20260913_13:00:00   9.1628e-01   1.6955e+02   1.7558e+01   0.0000e+00   1.1720e-03   2.8163e+02
20260913_14:00:00   9.1431e-01   1.6932e+02   1.7562e+01   0.0000e+00   1.0661e-03   2.8135e+02
20260913_15:00:00   9.2636e-01   1.7061e+02   1.7781e+01   0.0000e+00   2.5445e-03   2.7981e+02
20260913_16:00:00   9.3365e-01   1.7140e+02   1.7856e+01   0.0000e+00   2.6434e-04   2.7992e+02
20260913_17:00:00   9.5775e-01   1.7406e+02   1.8139e+01   0.0000e+00   0.0000e+00   2.8046e+02
20260913_18:00:00   9.9662e-01   1.7824e+02   1.8618e+01   1.6908e-05   2.1560e-04   2.8024e+02
20260913_19:00:00   1.0772e+00   1.8627e+02   1.9324e+01   1.3165e-02   1.7124e-03   2.7985e+02
20260913_20:00:00   1.3572e+00   2.0965e+02   2.0172e+01   1.0059e-01   2.9867e-03   2.7829e+02
20260913_21:00:00   1.6310e+00   2.2671e+02   2.0889e+01   1.9273e-01   3.1972e-03   2.7728e+02
20260913_22:00:00   1.3712e+00   2.1043e+02   2.0930e+01   9.4008e-02   7.1073e-03   2.7492e+02
20260913_23:00:00   1.2508e+00   2.0137e+02   2.0430e+01   5.7141e-02   7.5602e-03   2.7365e+02
20260914_00:00:00   1.1811e+00   1.9570e+02   1.9656e+01   4.9226e-02   3.7854e-04   2.7386e+02
20260914_01:00:00   1.0363e+00   1.8255e+02   1.8682e+01   1.9484e-02   3.1260e-06   2.7739e+02
20260914_02:00:00   9.0960e-01   1.6936e+02   1.7572e+01   0.0000e+00   1.5500e-04   2.7806e+02
20260914_03:00:00   8.4372e-01   1.6179e+02   1.6604e+01   0.0000e+00   0.0000e+00   2.7863e+02
20260914_04:00:00   7.9253e-01   1.5554e+02   1.5844e+01   0.0000e+00   0.0000e+00   2.8016e+02
20260914_05:00:00   7.7200e-01   1.5294e+02   1.5517e+01   0.0000e+00   2.4460e-06   2.8204e+02
20260914_06:00:00   8.0641e-01   1.5711e+02   1.5994e+01   0.0000e+00   5.2320e-06   2.8146e+02
20260914_07:00:00   8.1540e-01   1.5818e+02   1.6032e+01   0.0000e+00   1.2228e-06   2.8447e+02
20260914_08:00:00   8.0417e-01   1.5670e+02   1.5811e+01   0.0000e+00   0.0000e+00   2.8608e+02
20260914_09:00:00   7.5649e-01   1.5063e+02   1.5041e+01   0.0000e+00   0.0000e+00   2.8662e+02
20260914_10:00:00   7.0352e-01   1.4345e+02   1.4218e+01   0.0000e+00   0.0000e+00   2.8866e+02
20260914_11:00:00   6.6475e-01   1.3800e+02   1.3580e+01   0.0000e+00   0.0000e+00   2.8784e+02
20260914_12:00:00   6.2127e-01   1.3171e+02   1.2851e+01   0.0000e+00   0.0000e+00   2.8654e+02
20260914_13:00:00   5.9911e-01   1.2838e+02   1.2453e+01   0.0000e+00   0.0000e+00   2.8614e+02
20260914_14:00:00   5.8557e-01   1.2633e+02   1.2186e+01   0.0000e+00   0.0000e+00   2.8583e+02
20260914_15:00:00   5.8311e-01   1.2594e+02   1.2129e+01   0.0000e+00   0.0000e+00   2.8282e+02
20260914_16:00:00   5.7501e-01   1.2464e+02   1.2002e+01   0.0000e+00   0.0000e+00   2.8168e+02
20260914_17:00:00   5.6749e-01   1.2347e+02   1.1915e+01   0.0000e+00   0.0000e+00   2.8189e+02
20260914_18:00:00   5.8796e-01   1.2671e+02   1.2185e+01   0.0000e+00   0.0000e+00   2.8137e+02
20260914_19:00:00   6.0112e-01   1.2877e+02   1.2400e+01   0.0000e+00   0.0000e+00   2.8076e+02
20260914_20:00:00   6.3057e-01   1.3320e+02   1.2842e+01   0.0000e+00   0.0000e+00   2.7959e+02
20260914_21:00:00   6.5605e-01   1.3698e+02   1.3230e+01   0.0000e+00   0.0000e+00   2.7912e+02
20260914_22:00:00   6.9492e-01   1.4252e+02   1.3801e+01   1.5260e-03   2.0083e-05   2.7729e+02
20260914_23:00:00   7.1955e-01   1.4598e+02   1.4166e+01   1.2062e-03   3.5559e-04   2.7730e+02
20260915_00:00:00   7.1278e-01   1.4513e+02   1.4085e+01   0.0000e+00   7.3600e-04   2.8021e+02
20260915_01:00:00   6.9593e-01   1.4295e+02   1.3780e+01   0.0000e+00   2.8401e-04   2.8072e+02
20260915_02:00:00   6.5234e-01   1.3687e+02   1.3089e+01   0.0000e+00   4.0040e-04   2.8087e+02
20260915_03:00:00   5.9139e-01   1.2771e+02   1.2194e+01   0.0000e+00   5.9900e-06   2.8199e+02
20260915_04:00:00   5.5718e-01   1.2221e+02   1.1707e+01   0.0000e+00   0.0000e+00   2.8136e+02
20260915_05:00:00   5.4258e-01   1.1985e+02   1.1447e+01   0.0000e+00   0.0000e+00   2.7880e+02
20260915_06:00:00   5.3071e-01   1.1794e+02   1.1171e+01   0.0000e+00   0.0000e+00   2.7993e+02
20260915_07:00:00   5.3249e-01   1.1820e+02   1.1120e+01   0.0000e+00   0.0000e+00   2.7764e+02
20260915_08:00:00   5.3936e-01   1.1925e+02   1.1196e+01   0.0000e+00   0.0000e+00   2.7723e+02
20260915_09:00:00   5.2933e-01   1.1767e+02   1.0978e+01   0.0000e+00   0.0000e+00   2.7833e+02
20260915_10:00:00   5.2559e-01   1.1699e+02   1.0894e+01   0.0000e+00   0.0000e+00   2.7820e+02
20260915_11:00:00   5.2050e-01   1.1610e+02   1.0818e+01   0.0000e+00   0.0000e+00   2.7738e+02
20260915_12:00:00   5.2533e-01   1.1687e+02   1.0903e+01   0.0000e+00   0.0000e+00   2.7648e+02
20260915_13:00:00   5.2882e-01   1.1743e+02   1.0958e+01   0.0000e+00   0.0000e+00   2.7755e+02
20260915_14:00:00   5.4070e-01   1.1933e+02   1.1140e+01   0.0000e+00   0.0000e+00   2.8156e+02
20260915_15:00:00   5.5548e-01   1.2167e+02   1.1367e+01   0.0000e+00   0.0000e+00   2.8171e+02
20260915_16:00:00   5.6176e-01   1.2263e+02   1.1449e+01   0.0000e+00   0.0000e+00   2.8231e+02
20260915_17:00:00   5.5647e-01   1.2182e+02   1.1338e+01   0.0000e+00   0.0000e+00   2.8346e+02
20260915_18:00:00   5.4675e-01   1.2035e+02   1.1157e+01   0.0000e+00   0.0000e+00   2.8297e+02
20260915_19:00:00   5.4267e-01   1.1972e+02   1.1049e+01   0.0000e+00   0.0000e+00   2.8070e+02
20260915_20:00:00   5.4783e-01   1.2056e+02   1.1083e+01   0.0000e+00   0.0000e+00   2.7725e+02
20260915_21:00:00   5.5724e-01   1.2209e+02   1.1221e+01   0.0000e+00   0.0000e+00   2.7550e+02
20260915_22:00:00   5.6265e-01   1.2300e+02   1.1322e+01   0.0000e+00   0.0000e+00   2.7379e+02
20260915_23:00:00   5.6682e-01   1.2367e+02   1.1406e+01   0.0000e+00   0.0000e+00   2.7334e+02
20260916_00:00:00   5.7541e-01   1.2498e+02   1.1588e+01   0.0000e+00   0.0000e+00   2.7513e+02
20260916_01:00:00   5.6155e-01   1.2288e+02   1.1431e+01   0.0000e+00   0.0000e+00   2.7546e+02
20260916_02:00:00   5.3377e-01   1.1852e+02   1.0996e+01   0.0000e+00   0.0000e+00   2.7520e+02
20260916_03:00:00   5.0762e-01   1.1424e+02   1.0557e+01   0.0000e+00   0.0000e+00   2.7655e+02
20260916_04:00:00   4.9045e-01   1.1135e+02   1.0261e+01   0.0000e+00   0.0000e+00   2.7605e+02
20260916_05:00:00   4.9505e-01   1.1208e+02   1.0300e+01   0.0000e+00   0.0000e+00   2.7570e+02
20260916_06:00:00   5.1021e-01   1.1449e+02   1.0603e+01   0.0000e+00   0.0000e+00   2.7731e+02
20260916_07:00:00   5.4654e-01   1.2011e+02   1.1306e+01   0.0000e+00   0.0000e+00   2.7717e+02
20260916_08:00:00   5.7163e-01   1.2386e+02   1.1817e+01   0.0000e+00   0.0000e+00   2.7693e+02
20260916_09:00:00   5.9185e-01   1.2672e+02   1.2238e+01   0.0000e+00   0.0000e+00   2.7859e+02
20260916_10:00:00   6.0615e-01   1.2872e+02   1.2516e+01   0.0000e+00   0.0000e+00   2.8100e+02
20260916_11:00:00   6.1012e-01   1.2927e+02   1.2609e+01   0.0000e+00   0.0000e+00   2.8059e+02
20260916_12:00:00   6.0656e-01   1.2878e+02   1.2555e+01   0.0000e+00   2.5860e-04   2.8015e+02
20260916_13:00:00   5.9771e-01   1.2747e+02   1.2365e+01   0.0000e+00   3.4560e-04   2.8055e+02
20260916_14:00:00   5.7995e-01   1.2490e+02   1.2005e+01   0.0000e+00   5.1040e-04   2.7923e+02
20260916_15:00:00   5.8183e-01   1.2517e+02   1.2035e+01   0.0000e+00   7.9200e-04   2.7810e+02
20260916_16:00:00   6.3321e-01   1.3252e+02   1.3052e+01   0.0000e+00   3.2143e-03   2.7575e+02
20260916_17:00:00   6.8285e-01   1.3929e+02   1.3978e+01   0.0000e+00   1.1570e-02   2.7766e+02
20260916_18:00:00   7.1325e-01   1.4322e+02   1.4533e+01   0.0000e+00   9.0959e-03   2.7666e+02
20260916_19:00:00   7.4129e-01   1.4676e+02   1.5110e+01   0.0000e+00   1.1375e-02   2.7739e+02
20260916_20:00:00   7.6820e-01   1.5013e+02   1.5579e+01   0.0000e+00   4.4415e-02   2.7644e+02
20260916_21:00:00   7.7755e-01   1.5131e+02   1.5744e+01   0.0000e+00   3.6149e-02   2.7538e+02
20260916_22:00:00   7.8836e-01   1.5256e+02   1.5958e+01   0.0000e+00   1.0951e-01   2.7756e+02
20260916_23:00:00   7.8945e-01   1.5262e+02   1.6017e+01   0.0000e+00   1.5404e-01   2.7930e+02
20260917_00:00:00   7.7235e-01   1.5052e+02   1.5725e+01   0.0000e+00   1.3420e-01   2.7928e+02
20260917_01:00:00   7.5941e-01   1.4894e+02   1.5501e+01   0.0000e+00   1.4750e-01   2.7863e+02
20260917_02:00:00   7.4991e-01   1.4777e+02   1.5328e+01   0.0000e+00   1.9503e-01   2.7744e+02
20260917_03:00:00   7.4723e-01   1.4757e+02   1.5224e+01   0.0000e+00   5.2877e-02   2.7635e+02
20260917_04:00:00   7.4621e-01   1.4749e+02   1.5136e+01   0.0000e+00   7.3282e-02   2.7683e+02
20260917_05:00:00   7.4897e-01   1.4801e+02   1.5019e+01   0.0000e+00   3.5228e-02   2.7784e+02
20260917_06:00:00   7.5437e-01   1.4872e+02   1.5048e+01   0.0000e+00   1.4267e-02   2.7585e+02
20260917_07:00:00   7.5432e-01   1.4877e+02   1.4948e+01   0.0000e+00   1.8007e-03   2.7274e+02
20260917_08:00:00   7.4938e-01   1.4805e+02   1.4895e+01   0.0000e+00   1.3131e-02   2.7073e+02
20260917_09:00:00   7.3339e-01   1.4611e+02   1.4449e+01   0.0000e+00   8.9894e-04   2.7009e+02
20260917_10:00:00   7.1657e-01   1.4397e+02   1.4084e+01   0.0000e+00   1.7782e-03   2.7029e+02
20260917_11:00:00   6.9946e-01   1.4173e+02   1.3729e+01   0.0000e+00   1.4408e-03   2.7034e+02
20260917_12:00:00   6.8976e-01   1.4042e+02   1.3496e+01   0.0000e+00   3.1639e-03   2.6535e+02
20260917_13:00:00   6.6774e-01   1.3745e+02   1.3078e+01   0.0000e+00   1.5486e-03   2.6467e+02
20260917_14:00:00   6.4007e-01   1.3359e+02   1.2565e+01   0.0000e+00   4.5780e-04   2.6521e+02
20260917_15:00:00   6.1925e-01   1.3065e+02   1.2162e+01   0.0000e+00   1.3544e-04   2.6538e+02
20260917_16:00:00   6.0781e-01   1.2904e+02   1.1916e+01   0.0000e+00   1.5738e-05   2.6766e+02
20260917_17:00:00   6.0765e-01   1.2904e+02   1.1941e+01   0.0000e+00   0.0000e+00   2.6772e+02
20260917_18:00:00   6.1181e-01   1.2970e+02   1.1972e+01   0.0000e+00   0.0000e+00   2.6885e+02
20260917_19:00:00   6.2624e-01   1.3196e+02   1.2135e+01   0.0000e+00   0.0000e+00   2.6942e+02
20260917_20:00:00   6.3245e-01   1.3292e+02   1.2218e+01   0.0000e+00   0.0000e+00   2.6910e+02
20260917_21:00:00   6.5270e-01   1.3590e+02   1.2581e+01   0.0000e+00   0.0000e+00   2.6934e+02
20260917_22:00:00   6.6761e-01   1.3805e+02   1.2795e+01   0.0000e+00   0.0000e+00   2.6858e+02
20260917_23:00:00   6.6381e-01   1.3761e+02   1.2694e+01   0.0000e+00   0.0000e+00   2.6790e+02
20260918_00:00:00   6.4423e-01   1.3489e+02   1.2374e+01   0.0000e+00   0.0000e+00   2.6784e+02
20260918_01:00:00   6.1475e-01   1.3073e+02   1.1875e+01   0.0000e+00   0.0000e+00   2.6740e+02
20260918_02:00:00   5.7004e-01   1.2403e+02   1.1127e+01   0.0000e+00   0.0000e+00   2.6451e+02
20260918_03:00:00   5.4165e-01   1.1975e+02   1.0628e+01   0.0000e+00   0.0000e+00   2.6337e+02
20260918_04:00:00   5.2853e-01   1.1767e+02   1.0381e+01   0.0000e+00   0.0000e+00   2.6520e+02
20260918_05:00:00   5.2146e-01   1.1649e+02   1.0249e+01   0.0000e+00   0.0000e+00   2.6749e+02
20260918_06:00:00   5.0229e-01   1.1340e+02   9.8685e+00   0.0000e+00   0.0000e+00   2.6719e+02
20260918_09:00:00   4.4994e-01   1.0443e+02   8.9075e+00   0.0000e+00   0.0000e+00   2.6688e+02
20260918_12:00:00   4.0110e-01   9.5650e+01   8.0207e+00   0.0000e+00   0.0000e+00   2.6799e+02
20260918_15:00:00   3.6493e-01   8.8940e+01   7.3273e+00   0.0000e+00   0.0000e+00   2.7149e+02
20260918_18:00:00   3.5642e-01   8.7411e+01   7.1114e+00   0.0000e+00   0.0000e+00   2.7046e+02
20260918_21:00:00   3.8319e-01   9.2666e+01   7.5211e+00   0.0000e+00   0.0000e+00   2.7175e+02
20260919_00:00:00   3.8243e-01   9.2703e+01   7.4367e+00   0.0000e+00   0.0000e+00   2.6954e+02
20260919_03:00:00   2.9407e-01   7.5410e+01   5.8707e+00   0.0000e+00   0.0000e+00   2.7002e+02
20260919_06:00:00   2.4921e-01   6.5839e+01   5.1067e+00   0.0000e+00   0.0000e+00   2.6959e+02
20260919_09:00:00   2.4673e-01   6.5049e+01   5.1629e+00   0.0000e+00   0.0000e+00   2.6801e+02
20260919_12:00:00   2.5187e-01   6.6059e+01   5.2565e+00   0.0000e+00   0.0000e+00   2.6745e+02
20260919_15:00:00   2.2148e-01   5.9369e+01   4.6860e+00   0.0000e+00   0.0000e+00   2.6850e+02
20260919_18:00:00   2.2475e-01   5.9848e+01   4.8417e+00   0.0000e+00   0.0000e+00   2.6700e+02
20260919_21:00:00   2.7435e-01   7.0713e+01   5.7797e+00   0.0000e+00   0.0000e+00   2.6414e+02
20260920_00:00:00   2.9494e-01   7.5017e+01   6.1970e+00   0.0000e+00   0.0000e+00   2.6343e+02
20260920_03:00:00   2.7087e-01   6.9666e+01   5.9228e+00   0.0000e+00   0.0000e+00   2.6358e+02
20260920_06:00:00   2.3424e-01   6.1729e+01   5.2251e+00   0.0000e+00   0.0000e+00   2.6666e+02
20260920_09:00:00   2.3034e-01   6.0704e+01   5.1834e+00   0.0000e+00   0.0000e+00   2.6454e+02
20260920_12:00:00   2.2392e-01   5.9304e+01   5.0121e+00   0.0000e+00   0.0000e+00   2.6066e+02
20260920_15:00:00   2.1023e-01   5.6298e+01   4.6948e+00   0.0000e+00   0.0000e+00   2.6182e+02
20260920_18:00:00   2.2820e-01   6.0465e+01   4.9781e+00   0.0000e+00   0.0000e+00   2.6051e+02
20260920_21:00:00   2.9616e-01   7.5167e+01   6.1980e+00   0.0000e+00   0.0000e+00   2.5963e+02
20260921_00:00:00   3.4066e-01   8.4203e+01   7.0135e+00   0.0000e+00   0.0000e+00   2.6126e+02
20260921_03:00:00   2.7500e-01   7.0982e+01   5.5962e+00   0.0000e+00   0.0000e+00   2.5999e+02
20260921_06:00:00   2.4257e-01   6.2852e+01   5.4989e+00   0.0000e+00   0.0000e+00   2.6057e+02
20260921_09:00:00   2.5067e-01   6.4498e+01   5.6596e+00   0.0000e+00   0.0000e+00   2.6217e+02
20260921_12:00:00   3.0843e-01   7.6051e+01   6.9088e+00   0.0000e+00   1.5881e-03   2.6180e+02
20260921_15:00:00   4.7395e-01   1.0737e+02   9.3394e+00   0.0000e+00   4.7800e-04   2.7095e+02
20260921_18:00:00   3.1257e-01   7.8232e+01   6.1559e+00   0.0000e+00   0.0000e+00   2.7355e+02
20260921_21:00:00   2.3980e-01   6.3102e+01   4.7666e+00   0.0000e+00   0.0000e+00   2.7527e+02
20260922_00:00:00   2.2087e-01   5.9000e+01   4.3942e+00   0.0000e+00   0.0000e+00   2.7148e+02
20260922_03:00:00   1.4386e-01   4.1379e+01   2.8647e+00   0.0000e+00   0.0000e+00   2.7451e+02
20260922_06:00:00   1.0113e-01   3.0786e+01   2.0393e+00   0.0000e+00   0.0000e+00   2.7598e+02
20260922_09:00:00   8.8583e-02   2.7526e+01   1.7702e+00   0.0000e+00   0.0000e+00   2.7898e+02
20260922_12:00:00   7.8521e-02   2.4940e+01   1.5382e+00   0.0000e+00   0.0000e+00   2.7947e+02
20260922_15:00:00   7.5383e-02   2.4146e+01   1.4593e+00   0.0000e+00   0.0000e+00   2.8291e+02
20260922_18:00:00   9.2537e-02   2.8586e+01   1.8036e+00   0.0000e+00   0.0000e+00   2.8351e+02
20260922_21:00:00   1.3592e-01   3.9362e+01   2.6285e+00   0.0000e+00   0.0000e+00   2.8179e+02
20260923_00:00:00   1.6613e-01   4.6596e+01   3.1620e+00   0.0000e+00   0.0000e+00   2.7998e+02
20260923_03:00:00   9.8069e-02   3.0087e+01   1.9026e+00   0.0000e+00   0.0000e+00   2.8272e+02
20260923_06:00:00   8.3394e-02   2.6230e+01   1.6496e+00   0.0000e+00   0.0000e+00   2.8279e+02
20260923_09:00:00   9.4179e-02   2.8778e+01   1.9250e+00   0.0000e+00   0.0000e+00   2.7879e+02
20260923_12:00:00   1.1788e-01   3.4192e+01   2.5489e+00   0.0000e+00   0.0000e+00   2.7949e+02
20260923_15:00:00   1.2206e-01   3.5013e+01   2.6707e+00   0.0000e+00   7.2380e-04   2.8058e+02
20260923_18:00:00   1.2717e-01   3.6292e+01   2.7714e+00   0.0000e+00   2.1520e-05   2.8176e+02
20260923_21:00:00   1.8101e-01   4.9071e+01   3.8792e+00   0.0000e+00   0.0000e+00   2.8199e+02
20260924_00:00:00   2.1724e-01   5.7396e+01   4.5572e+00   0.0000e+00   2.0837e-06   2.8615e+02
20260924_03:00:00   1.6332e-01   4.5013e+01   3.5560e+00   0.0000e+00   1.1763e-04   2.8786e+02
20260924_06:00:00   1.4225e-01   4.0102e+01   3.1106e+00   0.0000e+00   0.0000e+00   2.8588e+02
20260924_09:00:00   1.3436e-01   3.8416e+01   2.8746e+00   0.0000e+00   0.0000e+00   2.8376e+02
20260924_12:00:00   1.2684e-01   3.6795e+01   2.6573e+00   0.0000e+00   0.0000e+00   2.8030e+02
20260924_15:00:00   1.2201e-01   3.5638e+01   2.5562e+00   0.0000e+00   0.0000e+00   2.8122e+02
20260924_18:00:00   1.4072e-01   4.0315e+01   2.8998e+00   0.0000e+00   0.0000e+00   2.8068e+02
20260924_21:00:00   2.2944e-01   6.0817e+01   4.5580e+00   0.0000e+00   0.0000e+00   2.8189e+02
20260925_00:00:00   2.4504e-01   6.4352e+01   4.8121e+00   0.0000e+00   0.0000e+00   2.8003e+02
20260925_03:00:00   1.8187e-01   5.0413e+01   3.6544e+00   0.0000e+00   0.0000e+00   2.7935e+02
20260925_06:00:00   1.4267e-01   4.1042e+01   2.9600e+00   0.0000e+00   0.0000e+00   2.7973e+02
20260925_09:00:00   1.4252e-01   4.0961e+01   2.9451e+00   0.0000e+00   0.0000e+00   2.7498e+02
20260925_12:00:00   1.5467e-01   4.3800e+01   3.1956e+00   0.0000e+00   0.0000e+00   2.7385e+02
20260925_15:00:00   1.5711e-01   4.4325e+01   3.2637e+00   0.0000e+00   0.0000e+00   2.7164e+02
20260925_18:00:00   1.9034e-01   5.2154e+01   3.8545e+00   0.0000e+00   0.0000e+00   2.6826e+02
20260925_21:00:00   2.7278e-01   6.9710e+01   5.6450e+00   0.0000e+00   0.0000e+00   2.6718e+02
20260926_00:00:00   3.2565e-01   7.9840e+01   6.9804e+00   0.0000e+00   1.7486e-04   2.6677e+02
20260926_03:00:00   2.5472e-01   6.4926e+01   5.7547e+00   0.0000e+00   4.5406e-04   2.6887e+02
20260926_06:00:00   2.6222e-01   6.5845e+01   6.0580e+00   0.0000e+00   7.2939e-03   2.7260e+02
20260926_09:00:00   3.3529e-01   7.9936e+01   7.6378e+00   0.0000e+00   9.4718e-02   2.7282e+02
20260926_12:00:00   3.6696e-01   8.5736e+01   8.2693e+00   0.0000e+00   1.1232e-01   2.7108e+02
20260926_15:00:00   3.8968e-01   8.9800e+01   8.5879e+00   0.0000e+00   2.2639e-01   2.7419e+02
20260926_18:00:00   5.3918e-01   1.1491e+02   1.1290e+01   0.0000e+00   3.7432e-01   2.8073e+02
20260926_21:00:00   4.0946e-01   9.3727e+01   8.8230e+00   0.0000e+00   1.4572e-01   2.8021e+02
20260927_00:00:00   2.5377e-01   6.4693e+01   5.3975e+00   0.0000e+00   1.2194e-02   2.8356e+02
20260927_03:00:00   2.0560e-01   5.4152e+01   4.4681e+00   0.0000e+00   0.0000e+00   2.8985e+02
20260927_06:00:00   2.0811e-01   5.4412e+01   4.5378e+00   0.0000e+00   1.1752e-05   2.9517e+02
20260927_09:00:00   2.0189e-01   5.3134e+01   4.3441e+00   0.0000e+00   0.0000e+00   2.8852e+02
20260927_12:00:00   1.7802e-01   4.8044e+01   3.7617e+00   0.0000e+00   0.0000e+00   2.9344e+02
20260927_15:00:00   1.4921e-01   4.1667e+01   3.1317e+00   0.0000e+00   0.0000e+00   2.9912e+02
20260927_18:00:00   1.7630e-01   4.7730e+01   3.8095e+00   0.0000e+00   0.0000e+00   2.9581e+02
20260927_21:00:00   2.0651e-01   5.4625e+01   4.4499e+00   0.0000e+00   0.0000e+00   2.8816e+02
20260928_00:00:00   2.2972e-01   5.9815e+01   4.9938e+00   0.0000e+00   0.0000e+00   2.8396e+02
20260928_03:00:00   2.3080e-01   6.0139e+01   5.0444e+00   0.0000e+00   0.0000e+00   2.8274e+02
20260928_06:00:00   2.2289e-01   5.8435e+01   4.8449e+00   0.0000e+00   0.0000e+00   2.8361e+02
20260928_09:00:00   2.0628e-01   5.4592e+01   4.4795e+00   0.0000e+00   0.0000e+00   2.8544e+02
20260928_12:00:00   1.3378e-01   3.8074e+01   2.8647e+00   0.0000e+00   0.0000e+00   2.8397e+02
20260928_15:00:00   1.1721e-01   3.4355e+01   2.3256e+00   0.0000e+00   0.0000e+00   2.8753e+02
20260928_18:00:00   1.4119e-01   4.0166e+01   2.7603e+00   0.0000e+00   0.0000e+00   2.8650e+02
20260928_21:00:00   2.1537e-01   5.6996e+01   4.1293e+00   0.0000e+00   0.0000e+00   2.8206e+02
20260929_00:00:00   2.6405e-01   6.7604e+01   4.9982e+00   0.0000e+00   0.0000e+00   2.7789e+02
20260929_03:00:00   2.1008e-01   5.6274e+01   4.1656e+00   0.0000e+00   0.0000e+00   2.7943e+02
20260929_06:00:00   1.9814e-01   5.3510e+01   3.9477e+00   0.0000e+00   0.0000e+00   2.7747e+02
