#            date       tau255        Tb[K]      pwv[mm] lwp[kg*m^-2] iwp[kg*m^-2]       o3[DU]
20260810_00:00:00   8.5666e-01   1.6398e+02   1.5205e+01   1.3949e-02   0.0000e+00   3.0055e+02
20260810_01:00:00   7.2259e-01   1.4747e+02   1.3404e+01   0.0000e+00   0.0000e+00   3.0108e+02
20260810_02:00:00   6.7058e-01   1.4051e+02   1.2414e+01   0.0000e+00   0.0000e+00   3.0137e+02
20260810_03:00:00   6.8158e-01   1.4202e+02   1.2477e+01   0.0000e+00   0.0000e+00   3.0205e+02
20260810_04:00:00   5.1129e-01   1.1617e+02   9.6896e+00   0.0000e+00   0.0000e+00   3.0268e+02
20260810_05:00:00   4.2165e-01   1.0034e+02   8.3080e+00   0.0000e+00   8.1380e-05   3.0281e+02
20260810_06:00:00   4.9751e-01   1.1344e+02   9.5992e+00   0.0000e+00   8.0626e-03   3.0242e+02
20260810_07:00:00   4.3328e-01   1.0241e+02   8.4864e+00   0.0000e+00   1.0935e-02   3.0226e+02
20260810_08:00:00   4.9214e-01   1.1178e+02   1.0090e+01   0.0000e+00   5.2213e-03   3.0179e+02
20260810_09:00:00   6.6821e-01   1.3802e+02   1.3324e+01   1.9136e-03   7.6338e-03   3.0227e+02
20260810_10:00:00   7.2288e-01   1.4552e+02   1.3887e+01   8.3400e-03   1.4348e-03   3.0328e+02
20260810_11:00:00   7.2498e-01   1.4607e+02   1.3870e+01   5.9920e-03   6.7558e-04   3.0274e+02
20260810_12:00:00   6.8407e-01   1.4074e+02   1.3371e+01   0.0000e+00   1.6736e-04   3.0196e+02
20260810_13:00:00   6.9030e-01   1.4156e+02   1.3489e+01   0.0000e+00   0.0000e+00   3.0433e+02
20260810_14:00:00   6.7145e-01   1.3906e+02   1.3068e+01   0.0000e+00   0.0000e+00   3.0551e+02
20260810_15:00:00   6.8857e-01   1.4145e+02   1.3381e+01   0.0000e+00   0.0000e+00   3.0678e+02
20260810_16:00:00   7.0332e-01   1.4356e+02   1.3617e+01   0.0000e+00   0.0000e+00   3.0987e+02
20260810_17:00:00   7.6002e-01   1.5114e+02   1.4410e+01   0.0000e+00   0.0000e+00   3.0823e+02
20260810_18:00:00   8.4151e-01   1.6115e+02   1.5387e+01   6.5080e-03   9.7700e-05   3.0434e+02
20260810_19:00:00   1.0800e+00   1.8603e+02   1.6116e+01   8.4720e-02   6.2762e-04   3.0223e+02
20260810_20:00:00   1.0706e+00   1.8517e+02   1.6545e+01   6.8143e-02   1.5648e-03   3.0344e+02
20260810_21:00:00   1.4752e+00   2.1622e+02   1.7111e+01   2.1938e-01   1.3644e-03   3.0336e+02
20260810_22:00:00   1.8781e+00   2.3684e+02   1.7703e+01   3.7030e-01   1.8589e-03   3.0175e+02
20260810_23:00:00   1.0545e+00   1.8405e+02   1.7052e+01   4.6114e-02   1.1494e-05   3.0250e+02
20260811_00:00:00   9.5005e-01   1.7374e+02   1.6332e+01   2.2880e-02   1.1494e-05   3.0636e+02
20260811_01:00:00   8.8126e-01   1.6633e+02   1.5950e+01   5.3740e-03   0.0000e+00   3.0641e+02
20260811_02:00:00   8.7402e-01   1.6544e+02   1.6110e+01   0.0000e+00   0.0000e+00   3.0435e+02
20260811_03:00:00   8.7719e-01   1.6552e+02   1.6357e+01   0.0000e+00   0.0000e+00   3.0286e+02
20260811_04:00:00   8.4663e-01   1.6185e+02   1.6042e+01   0.0000e+00   0.0000e+00   3.0258e+02
20260811_05:00:00   8.6448e-01   1.6377e+02   1.6305e+01   0.0000e+00   7.7182e-04   3.0160e+02
20260811_06:00:00   8.3770e-01   1.6060e+02   1.5939e+01   0.0000e+00   1.2532e-02   2.9809e+02
20260811_07:00:00   8.4158e-01   1.6103e+02   1.5932e+01   0.0000e+00   7.7260e-03   2.9909e+02
20260811_08:00:00   8.7732e-01   1.6484e+02   1.6682e+01   0.0000e+00   1.0940e-02   2.9641e+02
20260811_09:00:00   8.8860e-01   1.6582e+02   1.7012e+01   0.0000e+00   1.9510e-03   2.9353e+02
20260811_10:00:00   8.8432e-01   1.6524e+02   1.6992e+01   0.0000e+00   2.2677e-04   2.9382e+02
20260811_11:00:00   8.9681e-01   1.6657e+02   1.7081e+01   0.0000e+00   3.5583e-05   2.9714e+02
20260811_12:00:00   8.8053e-01   1.6487e+02   1.6657e+01   0.0000e+00   3.2417e-04   2.9737e+02
20260811_13:00:00   8.7947e-01   1.6476e+02   1.6549e+01   0.0000e+00   1.5626e-06   2.9702e+02
20260811_14:00:00   8.3972e-01   1.6027e+02   1.5951e+01   0.0000e+00   0.0000e+00   2.9495e+02
20260811_15:00:00   8.2096e-01   1.5812e+02   1.5613e+01   0.0000e+00   0.0000e+00   2.9587e+02
20260811_16:00:00   8.1474e-01   1.5742e+02   1.5461e+01   0.0000e+00   0.0000e+00   2.9867e+02
20260811_17:00:00   8.4578e-01   1.6129e+02   1.5843e+01   0.0000e+00   0.0000e+00   2.9683e+02
20260811_18:00:00   8.9817e-01   1.6755e+02   1.6304e+01   4.1961e-03   0.0000e+00   2.9595e+02
20260811_19:00:00   1.3658e+00   2.0960e+02   1.7168e+01   1.6486e-01   0.0000e+00   2.9575e+02
20260811_20:00:00   2.4055e+00   2.5517e+02   1.8296e+01   5.5533e-01   3.1600e-04   2.9866e+02
20260811_21:00:00   2.0501e+00   2.4455e+02   1.8582e+01   4.0383e-01   1.8472e-04   2.9772e+02
20260811_22:00:00   1.2318e+00   1.9993e+02   1.7595e+01   9.7698e-02   9.2628e-05   3.0033e+02
20260811_23:00:00   1.2379e+00   2.0052e+02   1.6808e+01   1.1691e-01   0.0000e+00   2.9884e+02
20260812_00:00:00   1.5505e+00   2.2229e+02   1.7048e+01   2.3433e-01   0.0000e+00   2.9888e+02
20260812_01:00:00   9.1248e-01   1.6958e+02   1.6699e+01   6.5711e-03   9.0760e-04   2.9854e+02
20260812_02:00:00   8.5066e-01   1.6252e+02   1.6013e+01   0.0000e+00   5.0482e-04   2.9616e+02
20260812_03:00:00   8.0553e-01   1.5710e+02   1.5321e+01   0.0000e+00   3.7320e-05   2.9482e+02
20260812_04:00:00   7.8065e-01   1.5397e+02   1.4906e+01   0.0000e+00   0.0000e+00   2.9662e+02
20260812_05:00:00   7.6799e-01   1.5236e+02   1.4619e+01   0.0000e+00   0.0000e+00   2.9768e+02
20260812_06:00:00   8.0545e-01   1.5684e+02   1.5211e+01   5.8920e-05   8.9520e-06   2.9881e+02
20260812_07:00:00   8.2731e-01   1.5931e+02   1.5599e+01   0.0000e+00   0.0000e+00   2.9895e+02
20260812_08:00:00   8.5817e-01   1.6275e+02   1.6040e+01   0.0000e+00   4.0400e-05   2.9878e+02
20260812_09:00:00   8.4713e-01   1.6143e+02   1.5846e+01   0.0000e+00   0.0000e+00   2.9725e+02
20260812_10:00:00   8.5007e-01   1.6169e+02   1.5849e+01   0.0000e+00   0.0000e+00   2.9872e+02
20260812_11:00:00   8.3349e-01   1.5958e+02   1.5661e+01   1.6224e-03   9.2220e-05   2.9658e+02
20260812_12:00:00   8.2626e-01   1.5866e+02   1.5609e+01   0.0000e+00   0.0000e+00   2.9533e+02
20260812_13:00:00   7.8878e-01   1.5416e+02   1.4983e+01   0.0000e+00   0.0000e+00   2.9682e+02
20260812_14:00:00   7.6835e-01   1.5176e+02   1.4616e+01   0.0000e+00   0.0000e+00   2.9699e+02
20260812_15:00:00   7.7419e-01   1.5257e+02   1.4586e+01   0.0000e+00   0.0000e+00   2.9592e+02
20260812_16:00:00   7.6472e-01   1.5141e+02   1.4434e+01   0.0000e+00   1.5300e-06   2.9500e+02
20260812_17:00:00   7.9558e-01   1.5543e+02   1.4773e+01   0.0000e+00   1.5300e-05   2.9334e+02
20260812_18:00:00   9.1184e-01   1.6930e+02   1.5529e+01   2.2380e-02   3.7240e-05   2.9031e+02
20260812_19:00:00   1.2979e+00   2.0461e+02   1.6275e+01   1.5532e-01   4.4920e-05   2.8838e+02
20260812_20:00:00   2.7729e+00   2.6265e+02   1.8222e+01   7.0389e-01   4.5060e-04   2.8592e+02
20260812_21:00:00   3.1505e+00   2.6703e+02   2.0535e+01   8.2825e-01   1.5081e-02   2.8562e+02
20260812_22:00:00   2.7730e+00   2.6085e+02   2.1108e+01   6.6451e-01   2.1195e-01   2.8691e+02
20260812_23:00:00   2.3304e+00   2.5102e+02   2.0683e+01   4.9208e-01   1.4974e-01   2.9026e+02
20260813_00:00:00   1.5701e+00   2.2120e+02   1.8622e+01   2.2775e-01   4.3737e-02   2.9080e+02
20260813_01:00:00   9.1625e-01   1.6958e+02   1.6359e+01   1.5715e-02   5.9630e-04   2.8903e+02
20260813_02:00:00   7.7540e-01   1.5332e+02   1.4595e+01   0.0000e+00   2.1544e-03   2.8567e+02
20260813_03:00:00   7.0019e-01   1.4357e+02   1.3277e+01   0.0000e+00   2.2600e-03   2.8512e+02
20260813_04:00:00   6.4727e-01   1.3606e+02   1.2453e+01   0.0000e+00   7.4139e-04   2.8551e+02
20260813_05:00:00   6.0493e-01   1.2980e+02   1.1782e+01   0.0000e+00   2.7580e-05   2.8436e+02
20260813_06:00:00   5.9950e-01   1.2876e+02   1.1766e+01   0.0000e+00   5.7480e-05   2.8413e+02
20260813_07:00:00   6.4282e-01   1.3478e+02   1.2661e+01   0.0000e+00   2.2123e-03   2.8282e+02
20260813_08:00:00   6.2738e-01   1.3225e+02   1.2602e+01   0.0000e+00   6.1499e-03   2.8307e+02
20260813_09:00:00   6.0596e-01   1.2888e+02   1.2373e+01   0.0000e+00   1.1354e-04   2.8330e+02
20260813_10:00:00   6.0196e-01   1.2820e+02   1.2298e+01   0.0000e+00   1.4368e-05   2.8310e+02
20260813_11:00:00   5.9156e-01   1.2650e+02   1.2194e+01   0.0000e+00   1.7178e-03   2.8297e+02
20260813_12:00:00   5.8284e-01   1.2498e+02   1.2147e+01   0.0000e+00   1.2417e-02   2.8196e+02
20260813_13:00:00   6.0125e-01   1.2773e+02   1.2445e+01   0.0000e+00   1.7910e-02   2.8259e+02
20260813_14:00:00   6.1769e-01   1.3009e+02   1.2751e+01   0.0000e+00   8.2230e-03   2.8362e+02
20260813_15:00:00   6.0826e-01   1.2854e+02   1.2737e+01   0.0000e+00   2.3256e-02   2.8343e+02
20260813_16:00:00   6.2350e-01   1.3076e+02   1.2992e+01   0.0000e+00   2.4648e-02   2.8346e+02
20260813_17:00:00   6.4516e-01   1.3398e+02   1.3269e+01   0.0000e+00   1.9626e-03   2.8405e+02
20260813_18:00:00   6.4775e-01   1.3449e+02   1.3262e+01   0.0000e+00   3.7739e-03   2.8428e+02
20260813_19:00:00   6.7014e-01   1.3779e+02   1.3553e+01   0.0000e+00   2.1047e-04   2.8514e+02
20260813_20:00:00   7.1204e-01   1.4376e+02   1.4117e+01   0.0000e+00   2.5695e-04   2.8430e+02
20260813_21:00:00   8.4030e-01   1.6013e+02   1.5167e+01   2.1638e-02   1.0780e-03   2.8380e+02
20260813_22:00:00   9.8189e-01   1.7582e+02   1.5208e+01   7.7397e-02   5.0018e-04   2.8379e+02
20260813_23:00:00   9.0902e-01   1.6822e+02   1.5234e+01   4.2339e-02   2.0012e-02   2.8352e+02
20260814_00:00:00   8.9146e-01   1.6655e+02   1.4986e+01   3.7801e-02   2.3415e-02   2.8237e+02
20260814_01:00:00   8.1228e-01   1.5729e+02   1.4504e+01   1.8354e-02   1.5386e-02   2.8269e+02
20260814_02:00:00   7.1211e-01   1.4454e+02   1.3522e+01   5.3190e-04   6.7938e-03   2.8332e+02
20260814_03:00:00   6.4887e-01   1.3558e+02   1.2583e+01   0.0000e+00   6.4177e-02   2.8402e+02
20260814_04:00:00   5.6208e-01   1.2227e+02   1.1339e+01   0.0000e+00   2.7134e-01   2.8371e+02
20260814_05:00:00   5.0938e-01   1.1358e+02   1.0426e+01   0.0000e+00   3.8863e-01   2.8336e+02
20260814_06:00:00   4.9068e-01   1.1032e+02   1.0327e+01   0.0000e+00   1.1605e-01   2.8362e+02
20260814_07:00:00   4.6278e-01   1.0573e+02   9.8005e+00   0.0000e+00   5.4683e-03   2.8352e+02
20260814_08:00:00   4.6138e-01   1.0526e+02   9.8478e+00   0.0000e+00   1.9130e-02   2.8343e+02
20260814_09:00:00   4.7449e-01   1.0738e+02   1.0107e+01   0.0000e+00   5.0650e-02   2.8353e+02
20260814_10:00:00   4.7651e-01   1.0773e+02   1.0135e+01   0.0000e+00   2.8554e-02   2.8371e+02
20260814_11:00:00   5.0006e-01   1.1172e+02   1.0507e+01   0.0000e+00   2.1944e-02   2.8338e+02
20260814_12:00:00   5.3542e-01   1.1737e+02   1.1145e+01   0.0000e+00   5.3949e-02   2.8453e+02
20260814_13:00:00   5.7438e-01   1.2341e+02   1.1855e+01   0.0000e+00   3.4814e-02   2.8456e+02
20260814_14:00:00   5.8606e-01   1.2506e+02   1.2162e+01   0.0000e+00   6.9906e-02   2.8504e+02
20260814_15:00:00   6.3933e-01   1.3262e+02   1.3126e+01   0.0000e+00   2.8590e-01   2.8508e+02
20260814_16:00:00   6.1405e-01   1.2890e+02   1.2847e+01   0.0000e+00   1.0493e-01   2.8651e+02
20260814_17:00:00   5.8884e-01   1.2543e+02   1.2307e+01   0.0000e+00   2.9550e-02   2.8757e+02
20260814_18:00:00   6.2874e-01   1.3174e+02   1.2786e+01   0.0000e+00   1.7933e-02   2.8747e+02
20260814_19:00:00   7.0660e-01   1.4268e+02   1.4017e+01   0.0000e+00   1.0921e-01   2.8759e+02
20260814_20:00:00   7.4616e-01   1.4816e+02   1.4518e+01   1.4152e-03   3.7575e-02   2.8712e+02
20260814_21:00:00   8.4348e-01   1.6031e+02   1.5070e+01   2.3460e-02   3.6481e-02   2.8656e+02
20260814_22:00:00   9.6774e-01   1.7419e+02   1.5741e+01   5.4047e-02   4.2494e-03   2.8698e+02
20260814_23:00:00   1.4152e+00   2.1172e+02   1.6306e+01   2.1926e-01   7.0858e-03   2.8763e+02
20260815_00:00:00   1.6965e+00   2.2828e+02   1.7040e+01   3.1416e-01   5.1405e-03   2.8602e+02
20260815_03:00:00   6.8248e-01   1.3991e+02   1.3576e+01   0.0000e+00   9.0266e-02   2.8436e+02
20260815_06:00:00   7.0677e-01   1.4289e+02   1.4211e+01   0.0000e+00   7.2793e-02   2.8445e+02
20260815_09:00:00   7.6511e-01   1.5001e+02   1.5174e+01   1.5948e-03   1.2630e-03   2.7986e+02
20260815_12:00:00   7.3886e-01   1.4654e+02   1.4819e+01   0.0000e+00   5.5430e-03   2.8038e+02
20260815_15:00:00   7.9791e-01   1.5381e+02   1.5897e+01   0.0000e+00   6.8701e-02   2.8732e+02
20260815_18:00:00   8.6987e-01   1.6265e+02   1.7033e+01   0.0000e+00   1.5479e-02   2.8435e+02
20260815_21:00:00   1.1840e+00   1.9376e+02   1.9823e+01   5.5752e-02   9.3031e-03   2.8026e+02
20260816_00:00:00   1.5151e+00   2.1791e+02   2.0500e+01   1.6847e-01   9.9412e-03   2.7782e+02
20260816_03:00:00   9.4067e-01   1.7055e+02   1.8465e+01   8.6200e-05   7.3439e-03   2.7912e+02
20260816_06:00:00   1.1647e+00   1.9197e+02   2.0269e+01   4.2418e-02   1.1247e-02   2.7954e+02
20260816_09:00:00   9.7609e-01   1.7403e+02   1.8706e+01   5.9621e-03   2.3746e-03   2.7687e+02
20260816_12:00:00   9.0110e-01   1.6589e+02   1.7807e+01   0.0000e+00   1.0453e-02   2.8031e+02
20260816_15:00:00   9.1685e-01   1.6787e+02   1.7939e+01   1.1420e-03   1.9599e-03   2.7818e+02
20260816_18:00:00   9.2208e-01   1.6915e+02   1.7657e+01   0.0000e+00   1.3708e-03   2.8079e+02
20260816_21:00:00   9.8625e-01   1.7642e+02   1.7644e+01   1.9310e-02   2.0492e-03   2.8057e+02
20260817_00:00:00   9.1175e-01   1.6930e+02   1.5959e+01   9.9748e-03   0.0000e+00   2.7911e+02
20260817_03:00:00   8.3814e-01   1.6133e+02   1.5137e+01   0.0000e+00   0.0000e+00   2.7982e+02
20260817_06:00:00   7.8497e-01   1.5449e+02   1.5020e+01   0.0000e+00   3.7298e-05   2.7793e+02
20260817_09:00:00   5.8266e-01   1.2620e+02   1.1607e+01   0.0000e+00   7.3360e-06   2.7879e+02
20260817_12:00:00   4.2251e-01   9.9828e+01   8.4493e+00   0.0000e+00   0.0000e+00   2.8186e+02
20260817_15:00:00   3.2057e-01   8.0446e+01   6.4217e+00   0.0000e+00   0.0000e+00   2.8407e+02
20260817_18:00:00   3.2972e-01   8.2368e+01   6.4338e+00   0.0000e+00   0.0000e+00   2.8232e+02
20260817_21:00:00   6.0002e-01   1.2972e+02   1.0817e+01   1.6348e-03   0.0000e+00   2.7967e+02
20260818_00:00:00   6.9885e-01   1.4428e+02   1.1575e+01   1.9461e-02   0.0000e+00   2.7961e+02
20260818_03:00:00   4.9147e-01   1.1267e+02   9.1508e+00   0.0000e+00   0.0000e+00   2.8055e+02
20260818_06:00:00   4.5687e-01   1.0639e+02   8.7800e+00   0.0000e+00   0.0000e+00   2.8340e+02
20260818_09:00:00   3.5132e-01   8.6490e+01   7.0902e+00   0.0000e+00   0.0000e+00   2.8481e+02
20260818_12:00:00   2.6516e-01   6.7942e+01   5.9111e+00   0.0000e+00   0.0000e+00   2.8637e+02
20260818_15:00:00   2.3312e-01   6.0726e+01   5.3309e+00   0.0000e+00   4.3621e-04   2.9142e+02
20260818_18:00:00   2.7361e-01   7.0377e+01   5.7876e+00   0.0000e+00   8.8560e-06   2.9841e+02
20260818_21:00:00   4.1018e-01   9.8007e+01   7.9696e+00   0.0000e+00   0.0000e+00   2.9696e+02
20260819_00:00:00   4.5335e-01   1.0593e+02   8.6198e+00   0.0000e+00   0.0000e+00   2.9842e+02
20260819_03:00:00   3.1331e-01   7.9563e+01   6.1519e+00   0.0000e+00   0.0000e+00   2.9999e+02
20260819_06:00:00   2.3463e-01   6.2758e+01   4.7641e+00   0.0000e+00   0.0000e+00   2.9955e+02
20260819_09:00:00   2.0852e-01   5.6662e+01   4.3688e+00   0.0000e+00   0.0000e+00   2.9679e+02
20260819_12:00:00   1.4891e-01   4.2526e+01   3.2804e+00   0.0000e+00   0.0000e+00   2.9453e+02
20260819_15:00:00   3.8297e-01   9.2650e+01   7.5702e+00   0.0000e+00   0.0000e+00   2.9268e+02
20260819_18:00:00   5.0081e-01   1.1361e+02   9.5811e+00   0.0000e+00   0.0000e+00   2.9157e+02
20260819_21:00:00   5.3661e-01   1.1954e+02   1.0191e+01   0.0000e+00   0.0000e+00   2.9202e+02
20260820_00:00:00   6.1395e-01   1.3178e+02   1.1306e+01   0.0000e+00   0.0000e+00   2.9510e+02
20260820_03:00:00   5.0964e-01   1.1552e+02   9.8554e+00   0.0000e+00   0.0000e+00   2.9506e+02
20260820_06:00:00   5.4662e-01   1.2086e+02   1.0607e+01   0.0000e+00   0.0000e+00   2.9499e+02
20260820_09:00:00   5.1845e-01   1.1577e+02   1.0533e+01   0.0000e+00   9.4743e-03   2.9632e+02
20260820_12:00:00   5.9182e-01   1.2674e+02   1.2048e+01   0.0000e+00   1.9714e-03   2.9324e+02
20260820_15:00:00   5.3870e-01   1.1854e+02   1.1049e+01   0.0000e+00   0.0000e+00   2.9350e+02
20260820_18:00:00   5.9729e-01   1.2795e+02   1.1836e+01   0.0000e+00   0.0000e+00   2.8959e+02
20260820_21:00:00   1.0489e+00   1.8312e+02   1.5119e+01   8.9280e-02   3.4480e-05   2.8895e+02
20260821_00:00:00   8.6757e-01   1.6472e+02   1.4030e+01   3.3605e-02   7.1040e-05   2.8658e+02
20260821_03:00:00   6.8307e-01   1.4135e+02   1.2553e+01   0.0000e+00   5.1564e-04   2.8594e+02
20260821_06:00:00   5.3621e-01   1.1927e+02   1.0366e+01   0.0000e+00   2.1603e-03   2.8777e+02
20260821_09:00:00   5.9545e-01   1.2797e+02   1.1705e+01   0.0000e+00   0.0000e+00   2.8408e+02
20260821_12:00:00   6.6466e-01   1.3735e+02   1.3295e+01   0.0000e+00   0.0000e+00   2.8609e+02
20260821_15:00:00   7.8914e-01   1.5366e+02   1.5574e+01   0.0000e+00   0.0000e+00   2.8998e+02
20260821_18:00:00   9.3904e-01   1.7143e+02   1.7788e+01   0.0000e+00   0.0000e+00   2.8765e+02
20260821_21:00:00   2.4862e+00   2.5678e+02   2.1272e+01   5.2730e-01   5.6471e-04   2.8712e+02
20260822_00:00:00   1.1525e+00   1.9268e+02   2.0733e+01   1.1525e-02   6.7987e-04   2.8656e+02
20260822_03:00:00   1.0208e+00   1.8051e+02   1.9308e+01   0.0000e+00   3.1659e-04   2.8854e+02
20260822_06:00:00   9.6657e-01   1.7496e+02   1.8374e+01   0.0000e+00   2.0840e-07   2.9355e+02
20260822_09:00:00   9.6662e-01   1.7477e+02   1.8377e+01   0.0000e+00   2.0840e-07   2.9084e+02
20260822_12:00:00   9.3055e-01   1.7081e+02   1.7844e+01   0.0000e+00   4.6884e-06   2.9108e+02
20260822_15:00:00   8.8633e-01   1.6583e+02   1.7207e+01   0.0000e+00   2.1386e-04   2.9203e+02
20260822_18:00:00   9.3944e-01   1.7199e+02   1.7900e+01   0.0000e+00   6.9948e-04   2.8916e+02
20260822_21:00:00   2.3217e+00   2.5295e+02   2.1631e+01   4.6186e-01   5.7287e-03   2.8666e+02
20260823_00:00:00   1.4992e+00   2.1901e+02   2.0949e+01   1.4097e-01   1.5622e-01   2.8515e+02
20260823_03:00:00   9.2936e-01   1.7096e+02   1.8201e+01   0.0000e+00   1.5360e-01   2.8491e+02
20260823_06:00:00   9.1321e-01   1.6844e+02   1.8159e+01   0.0000e+00   1.3262e-01   2.8652e+02
20260823_09:00:00   8.3285e-01   1.5973e+02   1.6536e+01   0.0000e+00   6.7138e-03   2.8730e+02
20260823_12:00:00   8.0314e-01   1.5627e+02   1.5757e+01   0.0000e+00   9.9263e-05   2.8552e+02
20260823_15:00:00   7.9038e-01   1.5508e+02   1.5323e+01   0.0000e+00   0.0000e+00   2.8643e+02
20260823_18:00:00   8.5848e-01   1.6379e+02   1.6083e+01   1.4368e-05   0.0000e+00   2.8530e+02
20260823_21:00:00   3.9799e+00   2.7374e+02   2.2845e+01   1.1903e+00   4.8665e-01   2.8468e+02
20260824_00:00:00   8.9470e-01   1.6714e+02   1.7314e+01   0.0000e+00   2.1686e-01   2.8364e+02
20260824_03:00:00   6.1922e-01   1.3148e+02   1.2985e+01   0.0000e+00   4.4745e-04   2.8337e+02
20260824_06:00:00   7.5148e-01   1.5024e+02   1.4865e+01   0.0000e+00   0.0000e+00   2.8093e+02
20260824_09:00:00   7.4677e-01   1.4970e+02   1.4607e+01   0.0000e+00   0.0000e+00   2.8008e+02
20260824_12:00:00   7.3595e-01   1.4838e+02   1.4289e+01   0.0000e+00   0.0000e+00   2.8406e+02
20260824_15:00:00   6.6900e-01   1.3951e+02   1.3160e+01   0.0000e+00   0.0000e+00   2.8510e+02
20260824_18:00:00   7.5553e-01   1.5152e+02   1.4311e+01   0.0000e+00   0.0000e+00   2.8388e+02
20260824_21:00:00   2.1200e+00   2.4690e+02   1.8996e+01   4.3440e-01   7.4267e-04   2.8307e+02
20260825_00:00:00   1.2929e+00   2.0576e+02   1.8499e+01   9.9390e-02   3.3991e-03   2.7901e+02
20260825_03:00:00   8.3686e-01   1.6165e+02   1.6030e+01   0.0000e+00   2.2964e-02   2.8053e+02
20260825_06:00:00   8.2355e-01   1.5984e+02   1.5814e+01   0.0000e+00   4.3620e-03   2.7922e+02
20260825_09:00:00   8.2740e-01   1.5995e+02   1.5854e+01   0.0000e+00   1.6636e-03   2.7931e+02
20260825_12:00:00   7.4706e-01   1.4969e+02   1.4804e+01   0.0000e+00   3.4705e-03   2.7953e+02
20260825_15:00:00   6.4806e-01   1.3605e+02   1.3105e+01   0.0000e+00   5.0759e-04   2.8152e+02
20260825_18:00:00   7.6731e-01   1.5251e+02   1.4861e+01   0.0000e+00   1.9004e-04   2.8082e+02
20260825_21:00:00   1.9752e+00   2.4201e+02   1.9652e+01   3.6590e-01   2.0622e-04   2.7982e+02
20260826_00:00:00   1.4774e+00   2.1816e+02   1.9729e+01   1.5633e-01   1.0826e-03   2.7716e+02
