#            date       tau255        Tb[K]      pwv[mm] lwp[kg*m^-2] iwp[kg*m^-2]       o3[DU]
20260818_00:00:00   4.0775e-01   9.3002e+01   8.3767e+00   8.1031e-03   6.9030e-05   2.7806e+02
20260818_01:00:00   3.9683e-01   9.0960e+01   8.5085e+00   2.8780e-04   2.7127e-05   2.7631e+02
20260818_02:00:00   3.7647e-01   8.7350e+01   8.1885e+00   0.0000e+00   4.2740e-05   2.7637e+02
20260818_03:00:00   3.5466e-01   8.3448e+01   7.7796e+00   0.0000e+00   7.1240e-06   2.7671e+02
20260818_04:00:00   3.3946e-01   8.0639e+01   7.5006e+00   0.0000e+00   0.0000e+00   2.7915e+02
20260818_05:00:00   3.2812e-01   7.8437e+01   7.2905e+00   0.0000e+00   0.0000e+00   2.8135e+02
20260818_06:00:00   3.1517e-01   7.5910e+01   7.0320e+00   0.0000e+00   0.0000e+00   2.8088e+02
20260818_07:00:00   2.9402e-01   7.1786e+01   6.6204e+00   0.0000e+00   0.0000e+00   2.7654e+02
20260818_08:00:00   2.8649e-01   7.0240e+01   6.5097e+00   0.0000e+00   0.0000e+00   2.7846e+02
20260818_09:00:00   2.8959e-01   7.0818e+01   6.5980e+00   0.0000e+00   0.0000e+00   2.8359e+02
20260818_10:00:00   2.9691e-01   7.2205e+01   6.7574e+00   0.0000e+00   0.0000e+00   2.8276e+02
20260818_11:00:00   2.9316e-01   7.1472e+01   6.6604e+00   0.0000e+00   1.0392e-06   2.8047e+02
20260818_12:00:00   2.8238e-01   6.9307e+01   6.4540e+00   0.0000e+00   5.7702e-04   2.8441e+02
20260818_13:00:00   2.7290e-01   6.7339e+01   6.3041e+00   0.0000e+00   1.4997e-03   2.8827e+02
20260818_14:00:00   2.6478e-01   6.5687e+01   6.1488e+00   0.0000e+00   1.8860e-03   2.8746e+02
20260818_15:00:00   2.5158e-01   6.3019e+01   5.8626e+00   0.0000e+00   4.0072e-05   2.8954e+02
20260818_16:00:00   2.4355e-01   6.1350e+01   5.6944e+00   0.0000e+00   8.4520e-07   2.9039e+02
20260818_17:00:00   2.7217e-01   6.7243e+01   6.2327e+00   0.0000e+00   0.0000e+00   2.9139e+02
20260818_18:00:00   3.1235e-01   7.5221e+01   6.9445e+00   0.0000e+00   0.0000e+00   2.8865e+02
20260818_19:00:00   3.4826e-01   8.2065e+01   7.3778e+00   4.9350e-03   9.0220e-05   2.8692e+02
20260818_20:00:00   3.8429e-01   8.8740e+01   7.5982e+00   1.5534e-02   3.8230e-04   2.8852e+02
20260818_21:00:00   3.9879e-01   9.1470e+01   7.5391e+00   2.1938e-02   1.3310e-03   2.8682e+02
20260818_22:00:00   3.4803e-01   8.2204e+01   7.2745e+00   5.9120e-03   2.0671e-03   2.8608e+02
20260818_23:00:00   3.4034e-01   8.0817e+01   7.1846e+00   4.5360e-03   4.8034e-03   2.8541e+02
20260819_00:00:00   3.2775e-01   7.8352e+01   7.2182e+00   0.0000e+00   7.6070e-03   2.8507e+02
20260819_01:00:00   3.1470e-01   7.5908e+01   6.9651e+00   0.0000e+00   7.2850e-03   2.8494e+02
20260819_02:00:00   3.1286e-01   7.5535e+01   6.9608e+00   0.0000e+00   5.8220e-03   2.8474e+02
20260819_03:00:00   3.2023e-01   7.6993e+01   7.0682e+00   0.0000e+00   2.2642e-03   2.8431e+02
20260819_04:00:00   3.3240e-01   7.9318e+01   7.2942e+00   0.0000e+00   2.2320e-03   2.8644e+02
20260819_05:00:00   3.5532e-01   8.3552e+01   7.7031e+00   0.0000e+00   1.9029e-03   2.8717e+02
20260819_06:00:00   3.5352e-01   8.3188e+01   7.7431e+00   0.0000e+00   1.3181e-03   2.8979e+02
20260819_07:00:00   3.5778e-01   8.3978e+01   7.8169e+00   0.0000e+00   5.2598e-05   2.8858e+02
20260819_08:00:00   3.5505e-01   8.3432e+01   7.7710e+00   0.0000e+00   1.0454e-04   2.8659e+02
20260819_09:00:00   3.4978e-01   8.2411e+01   7.6751e+00   0.0000e+00   8.0317e-04   2.8385e+02
20260819_10:00:00   3.4548e-01   8.1564e+01   7.6311e+00   0.0000e+00   3.9820e-04   2.8199e+02
20260819_11:00:00   3.4898e-01   8.2161e+01   7.7180e+00   0.0000e+00   1.4888e-04   2.7957e+02
20260819_12:00:00   3.5036e-01   8.2417e+01   7.7612e+00   0.0000e+00   2.9085e-03   2.8155e+02
20260819_13:00:00   3.8361e-01   8.8430e+01   8.3584e+00   0.0000e+00   5.5496e-03   2.8532e+02
20260819_14:00:00   4.1514e-01   9.3967e+01   8.9596e+00   3.7662e-04   1.2802e-02   2.8826e+02
20260819_15:00:00   6.5828e-01   1.3201e+02   9.5682e+00   8.8410e-02   2.6178e-02   2.9040e+02
20260819_16:00:00   4.8392e-01   1.0545e+02   1.0025e+01   5.8290e-03   3.9814e-02   2.9017e+02
20260819_17:00:00   4.6006e-01   1.0155e+02   9.9065e+00   0.0000e+00   3.4974e-02   2.8921e+02
20260819_18:00:00   4.6491e-01   1.0240e+02   9.9889e+00   7.7425e-04   2.4411e-02   2.8781e+02
20260819_19:00:00   5.0484e-01   1.0908e+02   1.0144e+01   1.3636e-02   1.6326e-02   2.8660e+02
20260819_20:00:00   4.9062e-01   1.0673e+02   1.0129e+01   8.4960e-03   1.0565e-02   2.8429e+02
20260819_21:00:00   5.2085e-01   1.1154e+02   1.0146e+01   2.1921e-02   2.4790e-02   2.8443e+02
20260819_22:00:00   5.0047e-01   1.0842e+02   9.8445e+00   1.9908e-02   1.9090e-02   2.8305e+02
20260819_23:00:00   4.3879e-01   9.8404e+01   9.1720e+00   8.3110e-03   8.1263e-04   2.8275e+02
20260820_00:00:00   4.0784e-01   9.2935e+01   8.8844e+00   2.3430e-03   2.0647e-02   2.8492e+02
20260820_01:00:00   3.9970e-01   9.1252e+01   8.9600e+00   0.0000e+00   4.2183e-02   2.8461e+02
20260820_02:00:00   3.8219e-01   8.8116e+01   8.6708e+00   0.0000e+00   1.5532e-02   2.8403e+02
20260820_03:00:00   3.6089e-01   8.4283e+01   8.2902e+00   0.0000e+00   5.8118e-03   2.8449e+02
20260820_04:00:00   3.4292e-01   8.0914e+01   7.9660e+00   0.0000e+00   7.5111e-04   2.8351e+02
20260820_05:00:00   3.2964e-01   7.8280e+01   7.7507e+00   0.0000e+00   4.0069e-03   2.8281e+02
20260820_06:00:00   3.1130e-01   7.4753e+01   7.3386e+00   0.0000e+00   3.8829e-03   2.8352e+02
20260820_07:00:00   2.9898e-01   7.2349e+01   7.0750e+00   0.0000e+00   3.0526e-04   2.8319e+02
20260820_08:00:00   2.8920e-01   7.0463e+01   6.8752e+00   0.0000e+00   1.4620e-03   2.8328e+02
20260820_09:00:00   2.7837e-01   6.8392e+01   6.6579e+00   0.0000e+00   2.4847e-02   2.8318e+02
20260820_10:00:00   2.7606e-01   6.7924e+01   6.6142e+00   0.0000e+00   8.1278e-02   2.8324e+02
20260820_11:00:00   2.8198e-01   6.9045e+01   6.7329e+00   0.0000e+00   1.2308e-01   2.8470e+02
20260820_12:00:00   2.9082e-01   7.0846e+01   6.9251e+00   0.0000e+00   4.9965e-02   2.8219e+02
20260820_13:00:00   3.0105e-01   7.2900e+01   7.0950e+00   0.0000e+00   2.4984e-02   2.8370e+02
20260820_14:00:00   3.2196e-01   7.6895e+01   7.4814e+00   0.0000e+00   1.4848e-02   2.8374e+02
20260820_15:00:00   3.3565e-01   7.9586e+01   7.7528e+00   0.0000e+00   1.3512e-02   2.8209e+02
20260820_16:00:00   3.5740e-01   8.3783e+01   8.1019e+00   0.0000e+00   3.8895e-03   2.8219e+02
20260820_17:00:00   4.0083e-01   9.1797e+01   8.4582e+00   8.6310e-03   8.0120e-04   2.8207e+02
20260820_18:00:00   4.5607e-01   1.0144e+02   8.7507e+00   2.3433e-02   5.9826e-05   2.7996e+02
20260820_19:00:00   5.0963e-01   1.1049e+02   8.4896e+00   5.1520e-02   9.7400e-05   2.7804e+02
20260820_20:00:00   4.6001e-01   1.0228e+02   8.3566e+00   3.4140e-02   3.9148e-05   2.7672e+02
20260820_21:00:00   4.0556e-01   9.2797e+01   8.1815e+00   1.5786e-02   3.7756e-06   2.7629e+02
20260820_22:00:00   3.6364e-01   8.5123e+01   8.1252e+00   2.1180e-04   1.1488e-05   2.7674e+02
20260820_23:00:00   3.6356e-01   8.5061e+01   8.1372e+00   9.6780e-04   4.0900e-05   2.7711e+02
20260821_00:00:00   3.6789e-01   8.5811e+01   8.2193e+00   1.7857e-03   1.6870e-04   2.7680e+02
20260821_01:00:00   3.6500e-01   8.5257e+01   8.2703e+00   0.0000e+00   1.6690e-04   2.7753e+02
20260821_02:00:00   3.7161e-01   8.6482e+01   8.3887e+00   0.0000e+00   6.8140e-05   2.7789e+02
20260821_03:00:00   3.7825e-01   8.7656e+01   8.5337e+00   0.0000e+00   3.3420e-05   2.7545e+02
20260821_04:00:00   3.7289e-01   8.6634e+01   8.4563e+00   0.0000e+00   0.0000e+00   2.7432e+02
20260821_05:00:00   3.6521e-01   8.5191e+01   8.3257e+00   0.0000e+00   5.7680e-06   2.7504e+02
20260821_06:00:00   3.5344e-01   8.3003e+01   8.1232e+00   0.0000e+00   0.0000e+00   2.7646e+02
20260821_07:00:00   3.4159e-01   8.0797e+01   7.9047e+00   0.0000e+00   0.0000e+00   2.7532e+02
20260821_08:00:00   3.3029e-01   7.8675e+01   7.6801e+00   0.0000e+00   0.0000e+00   2.7607e+02
20260821_09:00:00   3.2061e-01   7.6844e+01   7.4927e+00   0.0000e+00   7.4200e-06   2.7673e+02
20260821_10:00:00   3.0980e-01   7.4755e+01   7.3150e+00   0.0000e+00   7.0600e-05   2.7610e+02
20260821_11:00:00   3.0067e-01   7.2951e+01   7.1389e+00   0.0000e+00   5.5480e-05   2.7600e+02
20260821_12:00:00   2.9677e-01   7.2127e+01   7.0478e+00   0.0000e+00   4.1680e-05   2.7751e+02
20260821_13:00:00   2.9659e-01   7.2088e+01   7.0068e+00   0.0000e+00   1.9186e-04   2.7616e+02
20260821_14:00:00   3.0184e-01   7.3059e+01   7.1133e+00   0.0000e+00   2.7360e-04   2.7486e+02
20260821_15:00:00   2.9344e-01   7.1443e+01   6.9118e+00   0.0000e+00   7.3160e-04   2.7507e+02
20260821_16:00:00   2.8413e-01   6.9614e+01   6.7280e+00   0.0000e+00   1.0482e-03   2.7608e+02
20260821_17:00:00   2.8479e-01   6.9731e+01   6.7274e+00   0.0000e+00   4.3968e-04   2.7572e+02
20260821_18:00:00   3.1063e-01   7.4773e+01   7.0931e+00   2.8350e-03   1.4660e-04   2.7581e+02
20260821_19:00:00   4.8043e-01   1.0558e+02   7.4417e+00   6.5270e-02   2.8544e-04   2.7683e+02
20260821_20:00:00   6.9724e-01   1.3799e+02   8.1616e+00   1.3914e-01   6.0714e-04   2.7310e+02
20260821_21:00:00   9.5091e-01   1.6768e+02   8.6723e+00   2.3656e-01   5.8522e-03   2.7105e+02
20260821_22:00:00   7.9793e-01   1.5041e+02   8.9148e+00   1.6793e-01   1.4622e-02   2.7076e+02
20260821_23:00:00   4.8420e-01   1.0625e+02   8.3878e+00   4.6818e-02   1.7512e-03   2.7243e+02
20260822_00:00:00   3.4601e-01   8.1863e+01   7.8417e+00   9.7120e-04   4.8558e-05   2.7428e+02
20260822_01:00:00   3.1253e-01   7.5434e+01   7.2669e+00   0.0000e+00   3.3800e-06   2.7595e+02
20260822_02:00:00   2.9082e-01   7.1094e+01   6.8643e+00   0.0000e+00   0.0000e+00   2.7684e+02
20260822_03:00:00   2.9284e-01   7.1474e+01   6.9034e+00   0.0000e+00   3.3800e-06   2.7763e+02
20260822_04:00:00   2.7817e-01   6.8596e+01   6.5948e+00   0.0000e+00   0.0000e+00   2.7981e+02
20260822_05:00:00   2.5790e-01   6.4507e+01   6.1538e+00   0.0000e+00   0.0000e+00   2.7937e+02
20260822_06:00:00   2.3995e-01   6.0737e+01   5.7956e+00   0.0000e+00   0.0000e+00   2.7967e+02
20260822_07:00:00   2.2792e-01   5.8236e+01   5.5058e+00   0.0000e+00   7.7000e-06   2.8018e+02
20260822_08:00:00   2.1999e-01   5.6581e+01   5.3427e+00   0.0000e+00   7.3400e-05   2.8233e+02
20260822_09:00:00   2.2256e-01   5.7042e+01   5.3935e+00   0.0000e+00   4.4660e-05   2.8402e+02
20260822_10:00:00   2.1928e-01   5.6350e+01   5.3166e+00   0.0000e+00   2.0400e-04   2.8277e+02
20260822_11:00:00   2.1352e-01   5.5105e+01   5.1918e+00   0.0000e+00   3.7774e-04   2.8240e+02
20260822_12:00:00   2.0819e-01   5.3823e+01   5.1044e+00   0.0000e+00   1.7841e-03   2.8262e+02
20260822_13:00:00   2.0553e-01   5.3192e+01   5.0682e+00   0.0000e+00   1.5062e-03   2.8360e+02
20260822_14:00:00   2.1451e-01   5.5154e+01   5.2569e+00   0.0000e+00   3.1886e-04   2.8538e+02
20260822_15:00:00   2.2154e-01   5.6705e+01   5.3766e+00   0.0000e+00   1.8146e-04   2.8463e+02
20260822_16:00:00   2.1986e-01   5.6435e+01   5.3020e+00   0.0000e+00   6.1480e-05   2.8366e+02
20260822_17:00:00   2.1604e-01   5.5637e+01   5.2068e+00   0.0000e+00   2.3620e-05   2.8414e+02
20260822_18:00:00   2.2161e-01   5.6832e+01   5.3031e+00   0.0000e+00   7.0200e-05   2.8265e+02
20260822_19:00:00   2.4314e-01   6.1419e+01   5.5292e+00   3.9120e-03   4.5436e-04   2.8074e+02
20260822_20:00:00   5.5777e-01   1.1850e+02   5.6323e+00   1.3130e-01   7.6981e-04   2.7921e+02
20260822_21:00:00   5.7018e-01   1.2046e+02   5.7860e+00   1.3258e-01   1.2261e-03   2.7955e+02
20260822_22:00:00   5.1244e-01   1.1139e+02   6.1924e+00   1.0042e-01   1.6950e-03   2.8188e+02
20260822_23:00:00   3.3604e-01   8.0309e+01   6.0526e+00   3.0360e-02   1.6838e-03   2.8550e+02
20260823_00:00:00   3.2559e-01   7.8320e+01   5.9294e+00   2.8992e-02   1.3809e-03   2.8699e+02
20260823_03:00:00   2.3271e-01   5.9311e+01   5.5579e+00   0.0000e+00   2.8299e-03   2.8007e+02
20260823_06:00:00   2.3964e-01   6.0774e+01   5.6281e+00   0.0000e+00   7.5858e-04   2.8487e+02
20260823_09:00:00   2.2963e-01   5.8777e+01   5.3250e+00   0.0000e+00   7.5460e-06   2.8473e+02
20260823_12:00:00   2.2996e-01   5.8739e+01   5.3822e+00   0.0000e+00   1.3958e-04   2.8650e+02
20260823_15:00:00   3.0737e-01   7.4282e+01   6.9480e+00   0.0000e+00   9.6167e-04   2.9036e+02
20260823_18:00:00   5.4992e-01   1.1645e+02   9.1927e+00   5.1410e-02   1.3582e-03   2.9109e+02
20260823_21:00:00   4.7099e-01   1.0334e+02   9.8069e+00   9.0660e-03   3.1743e-02   2.8618e+02
20260824_00:00:00   4.6060e-01   1.0153e+02   9.8394e+00   5.0740e-03   8.4824e-03   2.8615e+02
20260824_03:00:00   4.1127e-01   9.3132e+01   9.1309e+00   0.0000e+00   1.5693e-02   2.8615e+02
20260824_06:00:00   3.4483e-01   8.1033e+01   7.9192e+00   0.0000e+00   9.7098e-03   2.9082e+02
20260824_09:00:00   3.2182e-01   7.6634e+01   7.3792e+00   0.0000e+00   1.6479e-03   2.8673e+02
20260824_12:00:00   2.9350e-01   7.1098e+01   6.8600e+00   0.0000e+00   3.5412e-03   2.8831e+02
20260824_15:00:00   2.9202e-01   7.0696e+01   6.8504e+00   0.0000e+00   8.3481e-03   2.8868e+02
20260824_18:00:00   4.1288e-01   9.3590e+01   7.9775e+00   2.2103e-02   5.9503e-04   2.8706e+02
20260824_21:00:00   4.6781e-01   1.0268e+02   8.2868e+00   4.2565e-02   5.1284e-02   2.8461e+02
20260825_00:00:00   3.9839e-01   9.0649e+01   8.8950e+00   0.0000e+00   7.4219e-02   2.8482e+02
20260825_03:00:00   4.3773e-01   9.7469e+01   9.6396e+00   0.0000e+00   1.5999e-02   2.8086e+02
20260825_06:00:00   4.0317e-01   9.1589e+01   8.9473e+00   0.0000e+00   2.6582e-02   2.8520e+02
20260825_09:00:00   3.6584e-01   8.4901e+01   8.2096e+00   0.0000e+00   5.1602e-02   2.8254e+02
20260825_12:00:00   3.0818e-01   7.4175e+01   7.1279e+00   0.0000e+00   3.1460e-03   2.8510e+02
20260825_15:00:00   2.8138e-01   6.9110e+01   6.5633e+00   0.0000e+00   1.2514e-04   2.8498e+02
20260825_18:00:00   3.1067e-01   7.5013e+01   6.9260e+00   1.8354e-03   3.2605e-05   2.8367e+02
20260825_21:00:00   6.3598e-01   1.2951e+02   8.0731e+00   1.1390e-01   8.0416e-04   2.8196e+02
20260826_00:00:00   4.6548e-01   1.0298e+02   8.3546e+00   3.5361e-02   4.4584e-03   2.7589e+02
20260826_03:00:00   3.6911e-01   8.6159e+01   7.2124e+00   2.1648e-02   1.6906e-04   2.7783e+02
20260826_06:00:00   2.7335e-01   6.7585e+01   6.3568e+00   0.0000e+00   1.2678e-06   2.7523e+02
20260826_09:00:00   2.7732e-01   6.8469e+01   6.4138e+00   0.0000e+00   1.1878e-06   2.7371e+02
20260826_12:00:00   2.7098e-01   6.7262e+01   6.3302e+00   0.0000e+00   5.8960e-04   2.7574e+02
20260826_15:00:00   3.0816e-01   7.4558e+01   6.9988e+00   0.0000e+00   0.0000e+00   2.7787e+02
20260826_18:00:00   3.1195e-01   7.5164e+01   7.1052e+00   8.8100e-05   7.5460e-06   2.7616e+02
20260826_21:00:00   5.1651e-01   1.1157e+02   7.3179e+00   8.0760e-02   5.3910e-04   2.7331e+02
20260827_00:00:00   3.4860e-01   8.2222e+01   7.2078e+00   1.4302e-02   1.5552e-05   2.7470e+02
20260827_03:00:00   2.9355e-01   7.1567e+01   6.8221e+00   0.0000e+00   0.0000e+00   2.7767e+02
20260827_06:00:00   2.6999e-01   6.6756e+01   6.3717e+00   0.0000e+00   0.0000e+00   2.7975e+02
20260827_09:00:00   2.5057e-01   6.2887e+01   5.9279e+00   0.0000e+00   6.9160e-05   2.7874e+02
20260827_12:00:00   2.5218e-01   6.3279e+01   5.9154e+00   0.0000e+00   3.3318e-04   2.7648e+02
20260827_15:00:00   2.3694e-01   6.0123e+01   5.5334e+00   0.0000e+00   8.4740e-06   2.7845e+02
20260827_18:00:00   2.5088e-01   6.3158e+01   5.7344e+00   0.0000e+00   4.2260e-07   2.8038e+02
20260827_21:00:00   4.1980e-01   9.5868e+01   5.9850e+00   6.2023e-02   1.6499e-03   2.7512e+02
20260828_00:00:00   2.4122e-01   6.1331e+01   5.5281e+00   0.0000e+00   0.0000e+00   2.7708e+02
20260828_03:00:00   2.0782e-01   5.4137e+01   4.8533e+00   0.0000e+00   5.3020e-06   2.7584e+02
20260828_06:00:00   1.8572e-01   4.9513e+01   4.3207e+00   0.0000e+00   3.3800e-06   2.7705e+02
20260828_09:00:00   1.9140e-01   5.0811e+01   4.3546e+00   0.0000e+00   4.2260e-07   2.7613e+02
20260828_12:00:00   1.6182e-01   4.4318e+01   3.7298e+00   0.0000e+00   0.0000e+00   2.7781e+02
20260828_15:00:00   1.6596e-01   4.5167e+01   3.8673e+00   0.0000e+00   0.0000e+00   2.7980e+02
20260828_18:00:00   2.2060e-01   5.7187e+01   4.8816e+00   0.0000e+00   1.1888e-05   2.7961e+02
20260828_21:00:00   1.2568e+00   1.9403e+02   7.6076e+00   3.8727e-01   1.6755e-01   2.7819e+02
20260829_00:00:00   3.0881e-01   7.4784e+01   6.9212e+00   0.0000e+00   1.2621e-03   2.7688e+02
20260829_03:00:00   2.5700e-01   6.4651e+01   5.7414e+00   0.0000e+00   1.4410e-03   2.7977e+02
20260829_06:00:00   2.0192e-01   5.3058e+01   4.6464e+00   0.0000e+00   3.9759e-03   2.7918e+02
20260829_09:00:00   1.7120e-01   4.6288e+01   3.9856e+00   0.0000e+00   6.8647e-03   2.7710e+02
20260829_12:00:00   1.5425e-01   4.2547e+01   3.6077e+00   0.0000e+00   1.5103e-03   2.7721e+02
20260829_15:00:00   1.6372e-01   4.4735e+01   3.7842e+00   0.0000e+00   2.6886e-04   2.7821e+02
20260829_18:00:00   2.3572e-01   6.0180e+01   5.3065e+00   0.0000e+00   5.6077e-04   2.7775e+02
20260829_21:00:00   1.0515e+00   1.7690e+02   8.4037e+00   2.8271e-01   1.2651e-01   2.7715e+02
20260830_00:00:00   6.1653e-01   1.2683e+02   8.1580e+00   1.0045e-01   1.8675e-02   2.7699e+02
20260830_03:00:00   5.5354e-01   1.1743e+02   8.6186e+00   6.5379e-02   6.0952e-03   2.7442e+02
20260830_06:00:00   4.6595e-01   1.0248e+02   9.8336e+00   5.7380e-03   4.7103e-02   2.7674e+02
20260830_09:00:00   3.4556e-01   8.1368e+01   7.8421e+00   0.0000e+00   9.5602e-02   2.7878e+02
20260830_12:00:00   2.1467e-01   5.5725e+01   4.8871e+00   0.0000e+00   1.2089e-02   2.8030e+02
20260830_15:00:00   1.8847e-01   5.0303e+01   4.1724e+00   0.0000e+00   9.5531e-03   2.8479e+02
20260830_18:00:00   3.2651e-01   7.8176e+01   6.8744e+00   7.9540e-03   1.5863e-02   2.8498e+02
20260830_21:00:00   5.8233e-01   1.2153e+02   8.8803e+00   6.6916e-02   8.1597e-02   2.8244e+02
20260831_00:00:00   9.8794e-01   1.7173e+02   9.4416e+00   2.2286e-01   1.1680e-01   2.8183e+02
20260831_03:00:00   3.5519e-01   8.3913e+01   7.1395e+00   7.5934e-03   1.4737e-01   2.7901e+02
20260831_06:00:00   2.5603e-01   6.4670e+01   5.6227e+00   0.0000e+00   3.2051e-02   2.7756e+02
20260831_09:00:00   1.6983e-01   4.6324e+01   3.7572e+00   0.0000e+00   9.1047e-04   2.7510e+02
20260831_12:00:00   1.2510e-01   3.6072e+01   2.7878e+00   0.0000e+00   0.0000e+00   2.7685e+02
20260831_15:00:00   1.1953e-01   3.4810e+01   2.6046e+00   0.0000e+00   0.0000e+00   2.7899e+02
20260831_18:00:00   3.0941e-01   7.5736e+01   3.3518e+00   6.2850e-02   2.2975e-04   2.7943e+02
20260831_21:00:00   1.1024e+00   1.8246e+02   6.4044e+00   3.3105e-01   4.3722e-02   2.7717e+02
20260901_00:00:00   2.8270e-01   6.9970e+01   6.1986e+00   3.1513e-04   7.5557e-05   2.7497e+02
20260901_03:00:00   3.0075e-01   7.3564e+01   6.4990e+00   0.0000e+00   3.0311e-04   2.7651e+02
20260901_06:00:00   4.0046e-01   9.2523e+01   6.1632e+00   4.3608e-02   9.9479e-04   2.7765e+02
20260901_09:00:00   9.0288e-01   1.6328e+02   5.1690e+00   2.7350e-01   3.0300e-04   2.7784e+02
20260901_12:00:00   1.6904e-01   4.5983e+01   3.5767e+00   3.2000e-03   2.1952e-06   2.7928e+02
20260901_15:00:00   1.5780e-01   4.3342e+01   3.5568e+00   0.0000e+00   0.0000e+00   2.8261e+02
20260901_18:00:00   8.8337e-01   1.6111e+02   5.0253e+00   2.7240e-01   6.9860e-04   2.8322e+02
20260901_21:00:00   7.8638e-01   1.4889e+02   7.9094e+00   1.7598e-01   2.4581e-02   2.8250e+02
20260902_00:00:00   3.4219e-01   8.1252e+01   7.3740e+00   2.7748e-03   2.4000e-04   2.8369e+02
20260902_03:00:00   3.3674e-01   8.0043e+01   7.3975e+00   3.2469e-04   9.2636e-04   2.8195e+02
20260902_06:00:00   3.2546e-01   7.7923e+01   6.9409e+00   4.9710e-03   6.1075e-05   2.8424e+02
20260902_09:00:00   4.0071e-01   9.1972e+01   6.6079e+00   4.1150e-02   3.6200e-05   2.8352e+02
20260902_12:00:00   3.1408e-01   7.5684e+01   6.3638e+00   1.2005e-02   7.4713e-04   2.8319e+02
20260902_15:00:00   2.7775e-01   6.8346e+01   6.2349e+00   2.5450e-05   3.3053e-03   2.8254e+02
20260902_18:00:00   4.9616e-01   1.0800e+02   7.4061e+00   6.4340e-02   6.2376e-04   2.8236e+02
20260902_21:00:00   5.9565e-01   1.2289e+02   9.6675e+00   5.7747e-02   6.4616e-02   2.8227e+02
20260903_00:00:00   6.1321e-01   1.2523e+02   9.8637e+00   6.5622e-02   2.1301e-02   2.8042e+02
