#            date       tau255        Tb[K]      pwv[mm] lwp[kg*m^-2] iwp[kg*m^-2]       o3[DU]
20260827_12:00:00   3.1107e-01   7.4762e+01   7.3214e+00   0.0000e+00   1.8974e-03   2.7876e+02
20260827_13:00:00   2.9561e-01   7.1746e+01   7.0106e+00   0.0000e+00   4.0125e-03   2.7926e+02
20260827_14:00:00   2.6219e-01   6.5114e+01   6.3381e+00   0.0000e+00   5.0315e-03   2.8031e+02
20260827_15:00:00   2.4132e-01   6.0868e+01   5.8980e+00   0.0000e+00   4.7931e-03   2.8005e+02
20260827_16:00:00   2.4968e-01   6.2600e+01   6.0619e+00   0.0000e+00   3.0596e-03   2.7970e+02
20260827_17:00:00   2.6693e-01   6.6144e+01   6.3932e+00   1.9860e-05   3.2516e-03   2.8153e+02
20260827_18:00:00   3.1092e-01   7.4970e+01   6.7902e+00   8.0570e-03   3.4455e-03   2.7890e+02
20260827_19:00:00   4.3075e-01   9.7207e+01   7.2556e+00   4.7830e-02   8.3958e-04   2.7536e+02
20260827_20:00:00   6.2672e-01   1.2840e+02   7.8674e+00   1.1574e-01   1.2890e-03   2.7366e+02
20260827_21:00:00   7.1030e-01   1.3987e+02   8.3429e+00   1.4095e-01   6.1430e-03   2.7486e+02
20260827_22:00:00   5.5939e-01   1.1819e+02   8.6868e+00   7.1890e-02   6.8573e-03   2.7545e+02
20260827_23:00:00   4.5386e-01   1.0092e+02   8.9510e+00   2.2630e-02   6.4080e-03   2.7578e+02
20260828_00:00:00   4.3169e-01   9.7001e+01   9.1680e+00   9.0600e-03   5.6068e-03   2.7758e+02
20260828_01:00:00   4.2860e-01   9.6370e+01   9.5004e+00   0.0000e+00   1.2013e-03   2.7926e+02
20260828_02:00:00   4.2104e-01   9.5080e+01   9.3803e+00   0.0000e+00   1.4243e-03   2.7859e+02
20260828_03:00:00   4.2385e-01   9.5575e+01   9.4140e+00   0.0000e+00   1.0902e-04   2.7618e+02
20260828_04:00:00   4.0635e-01   9.2545e+01   9.1141e+00   0.0000e+00   1.7073e-04   2.7674e+02
20260828_05:00:00   3.7986e-01   8.7819e+01   8.6748e+00   0.0000e+00   3.0731e-05   2.7665e+02
20260828_06:00:00   3.6567e-01   8.5215e+01   8.4317e+00   0.0000e+00   6.3386e-04   2.7927e+02
20260828_07:00:00   3.6012e-01   8.4114e+01   8.3272e+00   0.0000e+00   1.1109e-02   2.8143e+02
20260828_08:00:00   3.5416e-01   8.2979e+01   8.1903e+00   0.0000e+00   1.9520e-02   2.8292e+02
20260828_09:00:00   3.4847e-01   8.1914e+01   8.0752e+00   0.0000e+00   2.2278e-03   2.8396e+02
20260828_10:00:00   3.3996e-01   8.0252e+01   7.9503e+00   0.0000e+00   8.6620e-03   2.8395e+02
20260828_11:00:00   3.3656e-01   7.9508e+01   7.9255e+00   0.0000e+00   2.1123e-02   2.8308e+02
20260828_12:00:00   3.4328e-01   8.0716e+01   8.0488e+00   0.0000e+00   2.2297e-02   2.8282e+02
20260828_13:00:00   3.4223e-01   8.0556e+01   8.0066e+00   0.0000e+00   5.0732e-03   2.8535e+02
20260828_14:00:00   3.3965e-01   8.0232e+01   7.9250e+00   0.0000e+00   1.0148e-04   2.8711e+02
20260828_15:00:00   3.4044e-01   8.0459e+01   7.9256e+00   0.0000e+00   6.3661e-04   2.8375e+02
20260828_16:00:00   3.3940e-01   8.0310e+01   7.8935e+00   0.0000e+00   2.0014e-03   2.8055e+02
20260828_17:00:00   3.3697e-01   7.9998e+01   7.7637e+00   7.4280e-05   1.2384e-03   2.7973e+02
20260828_18:00:00   3.6275e-01   8.4914e+01   7.9535e+00   4.9637e-03   1.2987e-03   2.8011e+02
20260828_19:00:00   4.9428e-01   1.0805e+02   8.3278e+00   5.1130e-02   1.7372e-03   2.7950e+02
20260828_20:00:00   6.0225e-01   1.2487e+02   8.6210e+00   9.0110e-02   6.3301e-04   2.7955e+02
20260828_21:00:00   5.6586e-01   1.1918e+02   9.2197e+00   6.3120e-02   1.2187e-03   2.7903e+02
20260828_22:00:00   5.5641e-01   1.1758e+02   9.6016e+00   5.1066e-02   1.1126e-03   2.7962e+02
20260828_23:00:00   5.8680e-01   1.2199e+02   9.8229e+00   5.9490e-02   2.6561e-03   2.8170e+02
20260829_00:00:00   5.2267e-01   1.1205e+02   9.8577e+00   3.2227e-02   3.3955e-03   2.7884e+02
20260829_01:00:00   4.7589e-01   1.0441e+02   9.7341e+00   1.6216e-02   4.0364e-03   2.7880e+02
20260829_02:00:00   4.3245e-01   9.6932e+01   9.6688e+00   8.8389e-04   6.6543e-03   2.8180e+02
20260829_03:00:00   4.2167e-01   9.5111e+01   9.4721e+00   0.0000e+00   1.3614e-03   2.8374e+02
20260829_04:00:00   4.1245e-01   9.3545e+01   9.3008e+00   5.5000e-06   2.2161e-04   2.8497e+02
20260829_05:00:00   4.1221e-01   9.3462e+01   9.2833e+00   0.0000e+00   2.4569e-05   2.8359e+02
20260829_06:00:00   4.1451e-01   9.3835e+01   9.2950e+00   0.0000e+00   2.2877e-05   2.8094e+02
20260829_07:00:00   4.0839e-01   9.2733e+01   9.1506e+00   0.0000e+00   6.3080e-05   2.8216e+02
20260829_08:00:00   3.9923e-01   9.1090e+01   8.9829e+00   1.9748e-06   2.2099e-04   2.8171e+02
20260829_09:00:00   3.9146e-01   8.9657e+01   8.8555e+00   6.6730e-05   8.5140e-05   2.8130e+02
20260829_10:00:00   3.8582e-01   8.8570e+01   8.7696e+00   0.0000e+00   9.7150e-04   2.7863e+02
20260829_11:00:00   3.7933e-01   8.7353e+01   8.6594e+00   0.0000e+00   2.3065e-03   2.7702e+02
20260829_12:00:00   3.7943e-01   8.7294e+01   8.6566e+00   0.0000e+00   2.3735e-02   2.7735e+02
20260829_13:00:00   3.8436e-01   8.8115e+01   8.7718e+00   0.0000e+00   6.6958e-02   2.7805e+02
20260829_14:00:00   3.9749e-01   9.0461e+01   8.9901e+00   0.0000e+00   7.2732e-02   2.7741e+02
20260829_15:00:00   4.1573e-01   9.3635e+01   9.3183e+00   0.0000e+00   7.9438e-02   2.7866e+02
20260829_16:00:00   4.2975e-01   9.6050e+01   9.6106e+00   0.0000e+00   1.3022e-02   2.8008e+02
20260829_17:00:00   4.2652e-01   9.5530e+01   9.5209e+00   3.0290e-04   9.7746e-03   2.8113e+02
20260829_18:00:00   4.3551e-01   9.7076e+01   9.5697e+00   2.3320e-03   4.6393e-02   2.8001e+02
20260829_19:00:00   4.5851e-01   1.0101e+02   9.6177e+00   9.9090e-03   1.1997e-01   2.7782e+02
20260829_20:00:00   4.7332e-01   1.0351e+02   9.5664e+00   1.8254e-02   8.7441e-02   2.7808e+02
20260829_21:00:00   5.0131e-01   1.0812e+02   9.5508e+00   3.0611e-02   8.8700e-02   2.7588e+02
20260829_22:00:00   5.1061e-01   1.0931e+02   9.5051e+00   3.7927e-02   7.0780e-02   2.7706e+02
20260829_23:00:00   4.1348e-01   9.3175e+01   9.2845e+00   1.4806e-05   7.9448e-02   2.7747e+02
20260830_00:00:00   4.2881e-01   9.5760e+01   9.4895e+00   0.0000e+00   1.9453e-01   2.7721e+02
20260830_01:00:00   4.1806e-01   9.3888e+01   9.3476e+00   0.0000e+00   1.0244e-01   2.7895e+02
20260830_02:00:00   4.0572e-01   9.1765e+01   9.1342e+00   0.0000e+00   1.2970e-01   2.8145e+02
20260830_03:00:00   3.9292e-01   8.9565e+01   8.8979e+00   0.0000e+00   1.6810e-02   2.7949e+02
20260830_04:00:00   3.7308e-01   8.6022e+01   8.5441e+00   0.0000e+00   1.0040e-02   2.7667e+02
20260830_05:00:00   3.6284e-01   8.4044e+01   8.2927e+00   6.8300e-06   8.3012e-03   2.7991e+02
20260830_06:00:00   3.4556e-01   8.0779e+01   7.9468e+00   0.0000e+00   9.4395e-03   2.7811e+02
20260830_07:00:00   3.3601e-01   7.8888e+01   7.7435e+00   0.0000e+00   2.0375e-02   2.7748e+02
20260830_08:00:00   3.0924e-01   7.3998e+01   7.1263e+00   0.0000e+00   4.9945e-02   2.7467e+02
20260830_09:00:00   2.8584e-01   6.9655e+01   6.6125e+00   0.0000e+00   4.2749e-02   2.7769e+02
20260830_10:00:00   2.7940e-01   6.8430e+01   6.4122e+00   0.0000e+00   4.6986e-02   2.7979e+02
20260830_11:00:00   2.8190e-01   6.8929e+01   6.4827e+00   0.0000e+00   2.1045e-02   2.7997e+02
20260830_12:00:00   3.0109e-01   7.2635e+01   6.8839e+00   0.0000e+00   1.5041e-02   2.7882e+02
20260830_13:00:00   3.2010e-01   7.6317e+01   7.2165e+00   0.0000e+00   1.6940e-02   2.7807e+02
20260830_14:00:00   3.2604e-01   7.7486e+01   7.3179e+00   0.0000e+00   1.2133e-02   2.7866e+02
20260830_15:00:00   3.2187e-01   7.6768e+01   7.2310e+00   0.0000e+00   7.7119e-03   2.8118e+02
20260830_16:00:00   3.1975e-01   7.6320e+01   7.2181e+00   0.0000e+00   8.1853e-03   2.8145e+02
20260830_17:00:00   3.2949e-01   7.8190e+01   7.3779e+00   0.0000e+00   7.9486e-03   2.8028e+02
20260830_18:00:00   3.4131e-01   8.0346e+01   7.6228e+00   0.0000e+00   5.0266e-02   2.7934e+02
20260830_19:00:00   4.7481e-01   1.0412e+02   7.9703e+00   4.7770e-02   2.7704e-02   2.7874e+02
20260830_20:00:00   6.9635e-01   1.3739e+02   8.0539e+00   1.3810e-01   6.0697e-03   2.7995e+02
20260830_21:00:00   7.1155e-01   1.3916e+02   8.1033e+00   1.4503e-01   1.4135e-02   2.7902e+02
20260830_22:00:00   5.1433e-01   1.1070e+02   8.0622e+00   6.1618e-02   7.1912e-03   2.7709e+02
20260830_23:00:00   4.3423e-01   9.7457e+01   7.8328e+00   3.2395e-02   4.1793e-03   2.7520e+02
20260831_00:00:00   3.5026e-01   8.2314e+01   7.5155e+00   3.7970e-03   6.5570e-04   2.7413e+02
20260831_01:00:00   3.3686e-01   7.9906e+01   7.3767e+00   0.0000e+00   4.6900e-04   2.7332e+02
20260831_02:00:00   3.4488e-01   8.1449e+01   7.4946e+00   1.0210e-04   2.2180e-06   2.7395e+02
20260831_03:00:00   3.4728e-01   8.1833e+01   7.5909e+00   7.6290e-05   4.8121e-04   2.7458e+02
20260831_04:00:00   3.5085e-01   8.2415e+01   7.6703e+00   0.0000e+00   1.9635e-03   2.7285e+02
20260831_05:00:00   3.5122e-01   8.2438e+01   7.7367e+00   0.0000e+00   2.0965e-03   2.7251e+02
20260831_06:00:00   3.5563e-01   8.3139e+01   7.8272e+00   0.0000e+00   1.1618e-03   2.7457e+02
20260831_07:00:00   3.6268e-01   8.4343e+01   8.0033e+00   0.0000e+00   2.6591e-03   2.7491e+02
20260831_08:00:00   3.6276e-01   8.4377e+01   8.0087e+00   0.0000e+00   1.6194e-03   2.7569e+02
20260831_09:00:00   3.6456e-01   8.4691e+01   8.0518e+00   0.0000e+00   1.4392e-03   2.7515e+02
20260831_10:00:00   3.6503e-01   8.4759e+01   8.0904e+00   0.0000e+00   2.3149e-03   2.7595e+02
20260831_11:00:00   3.6475e-01   8.4711e+01   8.0729e+00   0.0000e+00   1.3056e-03   2.7676e+02
20260831_12:00:00   3.5739e-01   8.3395e+01   7.9033e+00   0.0000e+00   1.8968e-03   2.7667e+02
20260831_13:00:00   3.5267e-01   8.2463e+01   7.8482e+00   0.0000e+00   3.7577e-03   2.7782e+02
20260831_14:00:00   3.4775e-01   8.1511e+01   7.8116e+00   0.0000e+00   4.8827e-03   2.7900e+02
20260831_15:00:00   3.5906e-01   8.3601e+01   8.0242e+00   0.0000e+00   9.2137e-04   2.8225e+02
20260831_16:00:00   3.7620e-01   8.6766e+01   8.3253e+00   0.0000e+00   1.2830e-03   2.8353e+02
20260831_17:00:00   3.7008e-01   8.5691e+01   8.1445e+00   1.7000e-03   2.1676e-03   2.8177e+02
20260831_18:00:00   5.1808e-01   1.1121e+02   8.2780e+00   6.0190e-02   5.4762e-03   2.8178e+02
20260831_19:00:00   5.9829e-01   1.2340e+02   8.6146e+00   8.7007e-02   8.5039e-03   2.8090e+02
20260831_20:00:00   4.6080e-01   1.0148e+02   8.4359e+00   3.5412e-02   6.1277e-03   2.7934e+02
20260831_21:00:00   3.7970e-01   8.7381e+01   8.4769e+00   2.4926e-04   3.4327e-03   2.7709e+02
20260831_22:00:00   3.8722e-01   8.8781e+01   8.6248e+00   5.5710e-06   7.0612e-03   2.7540e+02
20260831_23:00:00   3.8951e-01   8.9158e+01   8.7070e+00   0.0000e+00   1.9727e-02   2.7514e+02
20260901_00:00:00   3.9780e-01   9.0603e+01   8.8610e+00   3.1780e-04   9.6284e-02   2.7481e+02
20260901_01:00:00   4.1224e-01   9.3037e+01   9.1608e+00   0.0000e+00   1.8449e-01   2.7580e+02
20260901_02:00:00   4.2952e-01   9.6086e+01   9.4520e+00   2.0520e-04   6.2059e-02   2.7703e+02
20260901_03:00:00   4.4136e-01   9.8250e+01   9.4982e+00   3.5120e-03   1.5223e-02   2.7955e+02
20260901_04:00:00   4.5794e-01   1.0100e+02   9.8629e+00   1.3360e-03   1.3243e-02   2.8154e+02
20260901_05:00:00   4.7577e-01   1.0393e+02   1.0223e+01   1.6744e-05   2.1705e-02   2.7966e+02
20260901_06:00:00   4.8739e-01   1.0591e+02   1.0150e+01   5.5790e-03   5.4656e-03   2.7842e+02
20260901_07:00:00   5.9096e-01   1.2221e+02   1.0191e+01   4.7511e-02   6.4630e-03   2.7661e+02
20260901_08:00:00   5.2584e-01   1.1211e+02   1.0251e+01   1.9405e-02   4.0383e-02   2.7643e+02
20260901_09:00:00   5.6729e-01   1.1869e+02   1.0194e+01   3.8077e-02   1.3548e-02   2.7732e+02
20260901_10:00:00   5.0117e-01   1.0825e+02   1.0134e+01   1.2184e-02   6.0429e-03   2.7670e+02
20260901_11:00:00   5.0844e-01   1.0948e+02   9.9797e+00   1.8681e-02   8.2650e-03   2.7853e+02
20260901_12:00:00   5.2448e-01   1.1199e+02   1.0026e+01   2.4248e-02   1.4011e-02   2.7835e+02
20260901_15:00:00   8.1944e-01   1.5272e+02   1.0309e+01   1.4066e-01   9.0565e-03   2.8229e+02
20260901_18:00:00   8.1713e-01   1.5262e+02   1.0502e+01   1.3516e-01   1.8097e-02   2.8044e+02
20260901_21:00:00   8.9743e-01   1.6102e+02   1.1312e+01   1.4923e-01   5.2739e-01   2.7375e+02
20260902_00:00:00   4.9898e-01   1.0773e+02   1.0541e+01   2.9060e-04   2.1897e-01   2.7348e+02
20260902_03:00:00   4.5259e-01   1.0018e+02   9.8363e+00   0.0000e+00   3.3541e-02   2.7447e+02
20260902_06:00:00   4.7844e-01   1.0424e+02   1.0240e+01   2.6317e-03   6.2829e-02   2.7629e+02
20260902_09:00:00   4.4944e-01   9.9292e+01   9.8521e+00   0.0000e+00   1.1741e-01   2.7512e+02
20260902_12:00:00   4.6449e-01   1.0200e+02   1.0115e+01   0.0000e+00   1.3113e-01   2.7454e+02
20260902_15:00:00   4.6434e-01   1.0210e+02   1.0047e+01   1.4246e-05   9.4188e-03   2.7763e+02
20260902_18:00:00   4.3339e-01   9.6989e+01   9.0515e+00   9.5650e-03   1.3603e-03   2.7501e+02
20260902_21:00:00   4.3517e-01   9.7372e+01   9.4348e+00   1.4169e-03   9.2589e-04   2.7508e+02
20260903_00:00:00   4.3431e-01   9.7194e+01   9.5330e+00   0.0000e+00   4.2852e-03   2.7270e+02
20260903_03:00:00   4.1359e-01   9.3495e+01   9.1923e+00   1.3371e-05   5.4927e-02   2.7404e+02
20260903_06:00:00   4.0692e-01   9.2142e+01   9.1565e+00   3.2060e-05   5.8688e-02   2.7431e+02
20260903_09:00:00   4.4084e-01   9.8287e+01   9.6060e+00   0.0000e+00   1.4865e-03   2.7612e+02
20260903_12:00:00   4.2864e-01   9.6107e+01   9.4813e+00   0.0000e+00   4.4521e-03   2.7519e+02
20260903_15:00:00   4.5951e-01   1.0125e+02   9.9837e+00   0.0000e+00   1.1659e-02   2.7950e+02
20260903_18:00:00   5.3481e-01   1.1356e+02   1.0416e+01   2.0390e-02   7.3740e-02   2.7687e+02
20260903_21:00:00   4.5638e-01   1.0064e+02   1.0002e+01   2.0920e-06   2.0299e-01   2.7593e+02
20260904_00:00:00   4.6603e-01   1.0233e+02   1.0237e+01   0.0000e+00   5.0021e-02   2.7439e+02
20260904_03:00:00   5.3422e-01   1.1305e+02   1.0501e+01   2.3741e-02   8.5440e-02   2.7479e+02
20260904_06:00:00   4.9662e-01   1.0727e+02   1.0697e+01   0.0000e+00   1.2531e-01   2.7301e+02
20260904_09:00:00   4.1500e-01   9.3551e+01   9.3617e+00   0.0000e+00   3.2734e-02   2.7334e+02
20260904_12:00:00   3.6507e-01   8.4645e+01   8.4309e+00   0.0000e+00   1.2301e-02   2.7356e+02
20260904_15:00:00   3.6097e-01   8.4068e+01   8.2807e+00   0.0000e+00   1.0924e-03   2.7403e+02
20260904_18:00:00   4.2173e-01   9.5043e+01   9.1847e+00   4.0150e-03   6.5526e-03   2.7595e+02
20260904_21:00:00   6.4226e-01   1.2996e+02   9.4469e+00   9.1570e-02   1.3289e-02   2.7209e+02
20260905_00:00:00   4.2272e-01   9.5429e+01   9.3731e+00   0.0000e+00   4.5018e-04   2.7321e+02
20260905_03:00:00   4.0787e-01   9.2946e+01   9.1483e+00   0.0000e+00   3.6495e-03   2.7423e+02
20260905_06:00:00   4.2304e-01   9.5411e+01   9.4951e+00   0.0000e+00   3.0032e-02   2.7235e+02
20260905_09:00:00   4.1937e-01   9.4742e+01   9.3888e+00   0.0000e+00   5.0820e-03   2.7270e+02
20260905_12:00:00   4.2533e-01   9.5681e+01   9.5764e+00   0.0000e+00   1.1854e-02   2.7175e+02
20260905_15:00:00   3.7851e-01   8.7530e+01   8.6248e+00   0.0000e+00   1.5436e-04   2.7151e+02
20260905_18:00:00   4.6269e-01   1.0267e+02   8.7935e+00   2.9430e-02   2.0640e-04   2.7290e+02
20260905_21:00:00   1.0628e+00   1.7824e+02   9.6597e+00   2.6461e-01   5.3069e-02   2.6884e+02
20260906_00:00:00   4.4257e-01   9.8959e+01   9.7457e+00   6.2580e-04   8.1215e-02   2.7048e+02
20260906_03:00:00   3.6986e-01   8.6461e+01   8.3778e+00   0.0000e+00   1.5958e-02   2.7492e+02
20260906_06:00:00   2.9925e-01   7.2950e+01   7.0041e+00   0.0000e+00   1.4984e-04   2.7557e+02
20260906_09:00:00   2.9142e-01   7.1334e+01   6.7894e+00   0.0000e+00   3.5661e-05   2.7346e+02
20260906_12:00:00   2.7613e-01   6.8275e+01   6.4307e+00   0.0000e+00   5.9380e-07   2.7280e+02
20260906_15:00:00   2.1755e-01   5.6230e+01   5.2030e+00   0.0000e+00   0.0000e+00   2.7416e+02
20260906_18:00:00   2.7034e-01   6.7457e+01   5.9709e+00   2.2960e-03   5.0120e-05   2.7609e+02
20260906_21:00:00   9.9002e-01   1.7193e+02   7.4441e+00   2.7371e-01   2.2196e-02   2.7318e+02
20260907_00:00:00   5.2810e-01   1.1329e+02   7.8466e+00   7.4569e-02   2.8721e-02   2.7207e+02
20260907_03:00:00   3.1563e-01   7.6170e+01   7.0268e+00   4.9270e-03   3.3679e-04   2.7561e+02
20260907_06:00:00   2.6332e-01   6.5679e+01   6.2471e+00   0.0000e+00   1.0053e-03   2.7499e+02
20260907_09:00:00   2.7132e-01   6.7137e+01   6.3960e+00   0.0000e+00   0.0000e+00   2.7511e+02
20260907_12:00:00   2.7562e-01   6.8001e+01   6.4949e+00   0.0000e+00   1.3624e-03   2.7538e+02
20260907_15:00:00   2.8133e-01   6.9046e+01   6.6267e+00   0.0000e+00   2.8492e-03   2.7547e+02
20260907_18:00:00   2.9466e-01   7.1748e+01   6.4969e+00   6.5240e-03   1.8131e-03   2.7710e+02
20260907_21:00:00   1.0031e+00   1.7257e+02   7.7833e+00   2.7849e-01   4.7717e-02   2.7605e+02
20260908_00:00:00   3.0743e-01   7.4092e+01   7.2259e+00   0.0000e+00   1.5673e-02   2.7473e+02
20260908_03:00:00   3.2587e-01   7.7714e+01   7.5171e+00   4.6840e-04   9.0645e-04   2.7614e+02
20260908_06:00:00   3.2573e-01   7.7415e+01   7.5924e+00   0.0000e+00   1.3320e-02   2.7744e+02
20260908_09:00:00   3.2285e-01   7.6804e+01   7.4962e+00   0.0000e+00   4.0216e-03   2.7542e+02
20260908_12:00:00   3.4124e-01   8.0266e+01   7.8288e+00   0.0000e+00   1.4565e-03   2.7502e+02
20260908_15:00:00   3.4693e-01   8.1013e+01   7.9448e+00   0.0000e+00   4.9306e-02   2.7531e+02
20260908_18:00:00   3.4877e-01   8.1335e+01   7.9964e+00   0.0000e+00   1.2573e-01   2.8009e+02
20260908_21:00:00   8.7328e-01   1.5827e+02   9.0276e+00   1.9902e-01   7.7058e-02   2.7438e+02
20260909_00:00:00   4.1885e-01   9.4121e+01   9.3323e+00   0.0000e+00   2.2874e-02   2.7156e+02
20260909_03:00:00   4.5842e-01   1.0092e+02   1.0016e+01   0.0000e+00   5.8173e-02   2.7168e+02
20260909_06:00:00   3.5951e-01   8.3526e+01   8.2497e+00   0.0000e+00   1.1314e-01   2.7080e+02
20260909_09:00:00   4.3666e-01   9.7355e+01   9.6217e+00   0.0000e+00   1.4982e-02   2.6952e+02
20260909_12:00:00   4.0786e-01   9.2326e+01   9.1150e+00   0.0000e+00   4.0976e-03   2.6906e+02
20260909_15:00:00   4.4471e-01   9.8764e+01   9.7579e+00   0.0000e+00   6.7265e-03   2.6955e+02
20260909_18:00:00   4.8801e-01   1.0601e+02   1.0280e+01   6.4033e-03   1.5524e-02   2.7124e+02
20260909_21:00:00   6.3109e-01   1.2793e+02   1.0745e+01   5.5940e-02   1.3080e-02   2.7081e+02
20260910_00:00:00   2.8553e+00   2.5660e+02   1.1348e+01   9.8391e-01   6.7333e-02   2.6856e+02
20260910_03:00:00   4.8517e-01   1.0601e+02   1.0036e+01   8.2250e-03   7.5899e-03   2.6923e+02
20260910_06:00:00   4.6889e-01   1.0329e+02   1.0087e+01   2.0572e-03   1.4034e-03   2.7052e+02
20260910_09:00:00   3.8634e-01   8.8928e+01   8.7587e+00   0.0000e+00   1.8300e-03   2.6971e+02
20260910_12:00:00   4.2355e-01   9.5437e+01   9.4504e+00   0.0000e+00   4.5363e-03   2.6982e+02
20260910_15:00:00   4.4056e-01   9.8558e+01   9.6277e+00   3.1460e-05   1.0593e-02   2.7273e+02
20260910_18:00:00   6.4045e-01   1.3021e+02   1.0102e+01   7.0188e-02   1.6364e-03   2.7077e+02
20260910_21:00:00   5.3831e-01   1.1498e+02   9.3590e+00   4.6718e-02   1.3593e-03   2.7229e+02
20260911_00:00:00   4.0009e-01   9.1698e+01   8.9510e+00   6.0803e-05   1.0642e-03   2.7168e+02
20260911_03:00:00   3.4248e-01   8.1303e+01   7.8845e+00   0.0000e+00   1.8483e-02   2.7063e+02
20260911_06:00:00   3.4918e-01   8.2698e+01   7.9442e+00   2.2040e-05   2.8123e-02   2.7565e+02
20260911_09:00:00   3.8798e-01   8.9837e+01   8.5703e+00   6.7920e-04   1.0157e-02   2.7085e+02
20260911_12:00:00   4.7252e-01   1.0441e+02   9.1751e+00   2.3209e-02   1.2626e-02   2.6963e+02
20260911_15:00:00   2.5013e+00   2.5053e+02   1.2083e+01   8.0427e-01   2.1714e-01   2.7034e+02
20260911_18:00:00   6.7750e-01   1.3525e+02   1.0492e+01   8.2280e-02   7.3264e-03   2.6695e+02
20260911_21:00:00   4.2889e-01   9.6921e+01   9.5181e+00   4.6670e-04   5.3600e-05   2.6621e+02
20260912_00:00:00   4.9420e-01   1.0787e+02   9.9830e+00   1.6486e-02   6.6165e-05   2.6638e+02
20260912_03:00:00   4.7315e-01   1.0451e+02   1.0111e+01   1.7356e-03   3.6991e-04   2.6719e+02
20260912_06:00:00   4.2854e-01   9.7125e+01   9.1901e+00   3.5072e-05   3.6667e-03   2.6532e+02
20260912_09:00:00   5.1396e-01   1.1147e+02   8.7933e+00   4.2907e-02   4.0698e-04   2.6546e+02
20260912_12:00:00   5.2710e-01   1.1363e+02   8.0298e+00   6.4342e-02   4.4270e-04   2.6622e+02
