#            date       tau255        Tb[K]      pwv[mm] lwp[kg*m^-2] iwp[kg*m^-2]       o3[DU]
20260811_06:00:00   3.2454e-01   7.7461e+01   7.4148e+00   0.0000e+00   4.7075e-03   2.9154e+02
20260811_07:00:00   3.0441e-01   7.3659e+01   6.9692e+00   0.0000e+00   1.5730e-03   2.9036e+02
20260811_08:00:00   2.8718e-01   7.0365e+01   6.5308e+00   0.0000e+00   2.9700e-07   2.9023e+02
20260811_09:00:00   2.7434e-01   6.7826e+01   6.2146e+00   0.0000e+00   1.2514e-05   2.8991e+02
20260811_10:00:00   2.6627e-01   6.6144e+01   6.0704e+00   0.0000e+00   3.5471e-04   2.8916e+02
20260811_11:00:00   2.6112e-01   6.5085e+01   5.9725e+00   0.0000e+00   1.1157e-03   2.9219e+02
20260811_12:00:00   2.5916e-01   6.4708e+01   5.9297e+00   0.0000e+00   1.3865e-03   2.9115e+02
20260811_13:00:00   2.6857e-01   6.6705e+01   6.0588e+00   0.0000e+00   3.1080e-04   2.9526e+02
20260811_14:00:00   2.8076e-01   6.9243e+01   6.2593e+00   0.0000e+00   4.1480e-04   2.9575e+02
20260811_15:00:00   2.8795e-01   7.0692e+01   6.4000e+00   0.0000e+00   1.1982e-04   2.9406e+02
20260811_16:00:00   2.9891e-01   7.2847e+01   6.6214e+00   0.0000e+00   2.8500e-05   2.9296e+02
20260811_17:00:00   3.0983e-01   7.4895e+01   6.8518e+00   2.0820e-04   3.1462e-04   2.9217e+02
20260811_18:00:00   3.3320e-01   7.9310e+01   6.9981e+00   8.1041e-03   1.6415e-04   2.9066e+02
20260811_19:00:00   4.1957e-01   9.5138e+01   7.0654e+00   4.3720e-02   1.7084e-04   2.9061e+02
20260811_20:00:00   4.8467e-01   1.0628e+02   7.0202e+00   7.2270e-02   1.2571e-04   2.8833e+02
20260811_21:00:00   4.2628e-01   9.6376e+01   6.8114e+00   5.2583e-02   4.3981e-05   2.8789e+02
20260811_22:00:00   3.9737e-01   9.1256e+01   6.5599e+00   4.6600e-02   4.9236e-05   2.8626e+02
20260811_23:00:00   2.7071e-01   6.6841e+01   6.2884e+00   1.0123e-04   1.4848e-07   2.8621e+02
20260812_00:00:00   2.7434e-01   6.7546e+01   6.3421e+00   1.1470e-03   4.2820e-04   2.9005e+02
20260812_01:00:00   2.8647e-01   6.9919e+01   6.6443e+00   1.9670e-04   2.1460e-04   2.9090e+02
20260812_02:00:00   2.7874e-01   6.8422e+01   6.4783e+00   0.0000e+00   0.0000e+00   2.9136e+02
20260812_03:00:00   2.5989e-01   6.4661e+01   6.0721e+00   0.0000e+00   0.0000e+00   2.9455e+02
20260812_04:00:00   2.4219e-01   6.1052e+01   5.7184e+00   0.0000e+00   0.0000e+00   2.9401e+02
20260812_05:00:00   2.2679e-01   5.7910e+01   5.3844e+00   0.0000e+00   0.0000e+00   2.9363e+02
20260812_06:00:00   2.2001e-01   5.6510e+01   5.2142e+00   0.0000e+00   1.4848e-07   2.9269e+02
20260812_07:00:00   2.1483e-01   5.5422e+01   5.0908e+00   0.0000e+00   0.0000e+00   2.9442e+02
20260812_08:00:00   2.1429e-01   5.5296e+01   5.0761e+00   0.0000e+00   2.7140e-04   2.9394e+02
20260812_09:00:00   2.1572e-01   5.5567e+01   5.0809e+00   0.0000e+00   5.5900e-05   2.9244e+02
20260812_10:00:00   2.1143e-01   5.4656e+01   4.9810e+00   0.0000e+00   0.0000e+00   2.9329e+02
20260812_11:00:00   2.0600e-01   5.3496e+01   4.8668e+00   0.0000e+00   0.0000e+00   2.9183e+02
20260812_12:00:00   2.1484e-01   5.5367e+01   5.0355e+00   0.0000e+00   0.0000e+00   2.9019e+02
20260812_13:00:00   2.2880e-01   5.8249e+01   5.3369e+00   0.0000e+00   0.0000e+00   2.9223e+02
20260812_14:00:00   2.5012e-01   6.2690e+01   5.7758e+00   0.0000e+00   0.0000e+00   2.9320e+02
20260812_15:00:00   2.6755e-01   6.6280e+01   6.1186e+00   0.0000e+00   0.0000e+00   2.9401e+02
20260812_16:00:00   2.6984e-01   6.6820e+01   6.1292e+00   0.0000e+00   0.0000e+00   2.9401e+02
20260812_17:00:00   2.9547e-01   7.2001e+01   6.3877e+00   4.9470e-03   0.0000e+00   2.9352e+02
20260812_18:00:00   3.9975e-01   9.1607e+01   7.2817e+00   2.9133e-02   6.0742e-04   2.9208e+02
20260812_19:00:00   5.2602e-01   1.1274e+02   8.1560e+00   6.2900e-02   1.4185e-03   2.9324e+02
20260812_20:00:00   5.9634e-01   1.2334e+02   8.7961e+00   7.9093e-02   2.2206e-03   2.9506e+02
20260812_21:00:00   6.9622e-01   1.3709e+02   9.3489e+00   1.1051e-01   1.4337e-02   2.9397e+02
20260812_22:00:00   7.6539e-01   1.4607e+02   9.6773e+00   1.3143e-01   1.0294e-01   2.9245e+02
20260812_23:00:00   8.0152e-01   1.5056e+02   9.6222e+00   1.4766e-01   1.3726e-01   2.8871e+02
20260813_00:00:00   4.7110e-01   1.0335e+02   9.5073e+00   1.1276e-02   1.1765e-01   2.8873e+02
20260813_01:00:00   4.2744e-01   9.6045e+01   9.1736e+00   6.9439e-04   3.9758e-02   2.8888e+02
20260813_02:00:00   4.0576e-01   9.2382e+01   8.8138e+00   1.6476e-07   5.2743e-04   2.8968e+02
20260813_03:00:00   3.8981e-01   8.9616e+01   8.5032e+00   0.0000e+00   2.6644e-05   2.8895e+02
20260813_04:00:00   3.7686e-01   8.7251e+01   8.3001e+00   0.0000e+00   3.1080e-04   2.8901e+02
20260813_05:00:00   3.6470e-01   8.5093e+01   7.9975e+00   0.0000e+00   2.9698e-07   2.8980e+02
20260813_06:00:00   3.7177e-01   8.6348e+01   8.0682e+00   0.0000e+00   0.0000e+00   2.8879e+02
20260813_07:00:00   3.6439e-01   8.5029e+01   7.9304e+00   1.6359e-05   5.6980e-06   2.8851e+02
20260813_08:00:00   3.7254e-01   8.6425e+01   8.0729e+00   0.0000e+00   4.2745e-04   2.8944e+02
20260813_09:00:00   3.6211e-01   8.4548e+01   7.9233e+00   0.0000e+00   0.0000e+00   2.8868e+02
20260813_10:00:00   3.6112e-01   8.4381e+01   7.8963e+00   0.0000e+00   0.0000e+00   2.8832e+02
20260813_11:00:00   3.5875e-01   8.3971e+01   7.8381e+00   0.0000e+00   5.9380e-07   2.8922e+02
20260813_12:00:00   3.4879e-01   8.2163e+01   7.6482e+00   0.0000e+00   9.4440e-05   2.8642e+02
20260813_13:00:00   3.4281e-01   8.1073e+01   7.5050e+00   0.0000e+00   1.1920e-03   2.8648e+02
20260813_14:00:00   3.4129e-01   8.0800e+01   7.4232e+00   0.0000e+00   1.5144e-03   2.8799e+02
20260813_15:00:00   3.3523e-01   7.9744e+01   7.2919e+00   0.0000e+00   9.2280e-05   2.8656e+02
20260813_16:00:00   3.3067e-01   7.8960e+01   7.1992e+00   2.3930e-04   1.4324e-04   2.8534e+02
20260813_17:00:00   3.6999e-01   8.6422e+01   7.4141e+00   1.2450e-02   6.6885e-04   2.8541e+02
20260813_18:00:00   7.2502e-01   1.4178e+02   8.0130e+00   1.4671e-01   1.8166e-03   2.8472e+02
20260813_19:00:00   1.1644e+00   1.8748e+02   8.6719e+00   3.1915e-01   9.4184e-03   2.8380e+02
20260813_20:00:00   1.0735e+00   1.7909e+02   9.3434e+00   2.6867e-01   1.0733e-01   2.8285e+02
20260813_21:00:00   9.6474e-01   1.6804e+02   9.8674e+00   2.1375e-01   3.5978e-01   2.8504e+02
20260813_22:00:00   6.5361e-01   1.3145e+02   1.0016e+01   7.1520e-02   5.4373e-01   2.8642e+02
20260813_23:00:00   5.4925e-01   1.1605e+02   9.8462e+00   3.6902e-02   1.7559e-01   2.8743e+02
20260814_00:00:00   4.4992e-01   1.0028e+02   9.1456e+00   1.2752e-02   1.8709e-02   2.8907e+02
20260814_01:00:00   4.2153e-01   9.5558e+01   9.0859e+00   3.8720e-04   1.1278e-02   2.9015e+02
20260814_02:00:00   4.2730e-01   9.6605e+01   9.1736e+00   6.5564e-06   6.0612e-04   2.9054e+02
20260814_03:00:00   5.5912e-01   1.1763e+02   9.9293e+00   3.7105e-02   1.9008e-02   2.9014e+02
20260814_04:00:00   4.5981e-01   1.0182e+02   9.5816e+00   4.2062e-03   4.7977e-02   2.8875e+02
20260814_05:00:00   4.3901e-01   9.8319e+01   9.1298e+00   6.3115e-03   7.3482e-02   2.8711e+02
20260814_06:00:00   3.8969e-01   8.9655e+01   8.5504e+00   0.0000e+00   9.8725e-02   2.8517e+02
20260814_07:00:00   3.6877e-01   8.5872e+01   8.2152e+00   0.0000e+00   6.2275e-02   2.8492e+02
20260814_08:00:00   3.6702e-01   8.5583e+01   8.1968e+00   0.0000e+00   5.5526e-02   2.8458e+02
20260814_09:00:00   3.8579e-01   8.9031e+01   8.5043e+00   0.0000e+00   3.1165e-02   2.8522e+02
20260814_10:00:00   4.0235e-01   9.1983e+01   8.7871e+00   0.0000e+00   7.6619e-03   2.8700e+02
20260814_11:00:00   4.0812e-01   9.2974e+01   8.9444e+00   0.0000e+00   5.9676e-03   2.8660e+02
20260814_12:00:00   4.0923e-01   9.3178e+01   8.9392e+00   0.0000e+00   1.2786e-03   2.8495e+02
20260814_13:00:00   4.0900e-01   9.3105e+01   8.9200e+00   0.0000e+00   2.6966e-04   2.8558e+02
20260814_14:00:00   4.1888e-01   9.4767e+01   9.0812e+00   0.0000e+00   4.9334e-04   2.8476e+02
20260814_15:00:00   4.2468e-01   9.5774e+01   9.1876e+00   0.0000e+00   4.4940e-03   2.8210e+02
20260814_16:00:00   4.2800e-01   9.6312e+01   9.2846e+00   0.0000e+00   1.1069e-03   2.8082e+02
20260814_17:00:00   4.1874e-01   9.4719e+01   9.1507e+00   0.0000e+00   1.6605e-03   2.7939e+02
20260814_18:00:00   4.2518e-01   9.5886e+01   9.0490e+00   6.6660e-03   1.6354e-03   2.7788e+02
20260814_19:00:00   4.4705e-01   9.9702e+01   8.8933e+00   1.9692e-02   1.3164e-03   2.7788e+02
20260814_20:00:00   4.4280e-01   9.8955e+01   8.9179e+00   1.7853e-02   2.8549e-03   2.7811e+02
20260814_21:00:00   4.1838e-01   9.4604e+01   9.1963e+00   1.9570e-03   8.0367e-03   2.7889e+02
20260814_22:00:00   4.1746e-01   9.4465e+01   9.2749e+00   3.5220e-04   3.0525e-03   2.8046e+02
20260814_23:00:00   4.0406e-01   9.2181e+01   9.0384e+00   7.6600e-06   1.4241e-03   2.8117e+02
20260815_00:00:00   3.8867e-01   8.9452e+01   8.7682e+00   2.0000e-06   2.5838e-03   2.8017e+02
20260815_01:00:00   3.4233e-01   8.1066e+01   7.8487e+00   0.0000e+00   5.9594e-04   2.7798e+02
20260815_02:00:00   3.1116e-01   7.5180e+01   7.1890e+00   0.0000e+00   2.5357e-06   2.7710e+02
20260815_03:00:00   2.9232e-01   7.1528e+01   6.8039e+00   0.0000e+00   7.5466e-06   2.7770e+02
20260815_04:00:00   3.0014e-01   7.3012e+01   6.9747e+00   0.0000e+00   4.0723e-04   2.7857e+02
20260815_05:00:00   3.1107e-01   7.5128e+01   7.2104e+00   0.0000e+00   7.0759e-04   2.7694e+02
20260815_06:00:00   3.1109e-01   7.5185e+01   7.1885e+00   0.0000e+00   1.0804e-05   2.7535e+02
20260815_07:00:00   3.0229e-01   7.3457e+01   7.0150e+00   0.0000e+00   0.0000e+00   2.7560e+02
20260815_08:00:00   2.8226e-01   6.9580e+01   6.5790e+00   0.0000e+00   0.0000e+00   2.7821e+02
20260815_09:00:00   2.6595e-01   6.6323e+01   6.2447e+00   0.0000e+00   0.0000e+00   2.7837e+02
20260815_10:00:00   2.5157e-01   6.3518e+01   5.8904e+00   0.0000e+00   0.0000e+00   2.7860e+02
20260815_11:00:00   2.4914e-01   6.3119e+01   5.7773e+00   0.0000e+00   0.0000e+00   2.7895e+02
20260815_12:00:00   2.5136e-01   6.3584e+01   5.7826e+00   0.0000e+00   0.0000e+00   2.8009e+02
20260815_13:00:00   2.6834e-01   6.7028e+01   6.0917e+00   0.0000e+00   0.0000e+00   2.7797e+02
20260815_14:00:00   3.1477e-01   7.6167e+01   6.9720e+00   0.0000e+00   0.0000e+00   2.7725e+02
20260815_15:00:00   3.3346e-01   7.9686e+01   7.3794e+00   0.0000e+00   0.0000e+00   2.7698e+02
20260815_16:00:00   3.2755e-01   7.8452e+01   7.3423e+00   0.0000e+00   0.0000e+00   2.7920e+02
20260815_17:00:00   3.2845e-01   7.8570e+01   7.3671e+00   0.0000e+00   0.0000e+00   2.8158e+02
20260815_18:00:00   3.3240e-01   7.9316e+01   7.4381e+00   3.5520e-05   0.0000e+00   2.8083e+02
20260815_19:00:00   3.5376e-01   8.3353e+01   7.6082e+00   5.5650e-03   0.0000e+00   2.7945e+02
20260815_20:00:00   4.0982e-01   9.3628e+01   7.7960e+00   2.5198e-02   1.9373e-04   2.7719e+02
20260815_21:00:00   7.1072e-01   1.4011e+02   8.2305e+00   1.3976e-01   1.8633e-03   2.7554e+02
20260815_22:00:00   5.9515e-01   1.2383e+02   8.5604e+00   8.5270e-02   4.5922e-03   2.7568e+02
20260815_23:00:00   3.8896e-01   8.9673e+01   8.5484e+00   1.4950e-03   8.0704e-03   2.7470e+02
20260816_00:00:00   3.8507e-01   8.8896e+01   8.6317e+00   1.6486e-05   1.6172e-02   2.7453e+02
20260816_01:00:00   4.0093e-01   9.1613e+01   9.0250e+00   0.0000e+00   1.3773e-02   2.7626e+02
20260816_02:00:00   4.4214e-01   9.8655e+01   9.7932e+00   2.7710e-06   1.4543e-02   2.7668e+02
20260816_03:00:00   4.4795e-01   9.9707e+01   9.8543e+00   0.0000e+00   2.0746e-03   2.7757e+02
20260816_04:00:00   4.2683e-01   9.6036e+01   9.4340e+00   0.0000e+00   3.0453e-04   2.7737e+02
20260816_05:00:00   3.9187e-01   9.0003e+01   8.7453e+00   0.0000e+00   0.0000e+00   2.7616e+02
20260816_06:00:00   3.5507e-01   8.3410e+01   8.0145e+00   0.0000e+00   0.0000e+00   2.7330e+02
20260816_09:00:00   2.7505e-01   6.8136e+01   6.3820e+00   0.0000e+00   4.9720e-05   2.7576e+02
20260816_12:00:00   2.8069e-01   6.9211e+01   6.4624e+00   0.0000e+00   6.4715e-04   2.7877e+02
20260816_15:00:00   2.7686e-01   6.8354e+01   6.3568e+00   0.0000e+00   8.2735e-04   2.8053e+02
20260816_18:00:00   3.8664e-01   8.9300e+01   7.9867e+00   1.1010e-02   2.1730e-06   2.7969e+02
20260816_21:00:00   6.1532e-01   1.2584e+02   8.9445e+00   9.0393e-02   4.1511e-03   2.8029e+02
20260817_00:00:00   3.9859e-01   9.0997e+01   8.8939e+00   1.0380e-05   8.9499e-04   2.8175e+02
20260817_03:00:00   2.9702e-01   7.2050e+01   6.9546e+00   0.0000e+00   6.9680e-05   2.7868e+02
20260817_06:00:00   2.1804e-01   5.6022e+01   5.2863e+00   0.0000e+00   1.7674e-03   2.8030e+02
20260817_09:00:00   1.8067e-01   4.8048e+01   4.3950e+00   0.0000e+00   3.1381e-03   2.8005e+02
20260817_12:00:00   1.5758e-01   4.2944e+01   3.8473e+00   0.0000e+00   2.1339e-03   2.8138e+02
20260817_15:00:00   2.0885e-01   5.4295e+01   4.9048e+00   0.0000e+00   3.4340e-05   2.8028e+02
20260817_18:00:00   2.5544e-01   6.4055e+01   5.8312e+00   0.0000e+00   2.5839e-05   2.8133e+02
20260817_21:00:00   7.4143e-01   1.4324e+02   7.8305e+00   1.6384e-01   3.6367e-03   2.7743e+02
20260818_00:00:00   4.3768e-01   9.8413e+01   7.2464e+00   4.7932e-02   1.6084e-03   2.7626e+02
20260818_03:00:00   2.4437e-01   6.1718e+01   5.7399e+00   0.0000e+00   8.5490e-04   2.8057e+02
20260818_06:00:00   1.9321e-01   5.0843e+01   4.6539e+00   0.0000e+00   4.8133e-05   2.8014e+02
20260818_09:00:00   1.9461e-01   5.1180e+01   4.6331e+00   0.0000e+00   0.0000e+00   2.8208e+02
20260818_12:00:00   1.8518e-01   4.9157e+01   4.4137e+00   0.0000e+00   0.0000e+00   2.8338e+02
20260818_15:00:00   1.9432e-01   5.1146e+01   4.6287e+00   0.0000e+00   0.0000e+00   2.8503e+02
20260818_18:00:00   2.8425e-01   6.9835e+01   6.4620e+00   0.0000e+00   0.0000e+00   2.8246e+02
20260818_21:00:00   5.6911e-01   1.1984e+02   7.2969e+00   1.0128e-01   7.5560e-04   2.7895e+02
20260819_00:00:00   2.3736e-01   6.0427e+01   5.2074e+00   5.9550e-03   4.4430e-06   2.7717e+02
20260819_03:00:00   1.7009e-01   4.5965e+01   4.0386e+00   0.0000e+00   2.3500e-04   2.7896e+02
20260819_06:00:00   1.5700e-01   4.3087e+01   3.6688e+00   0.0000e+00   3.3800e-07   2.7761e+02
20260819_09:00:00   1.4640e-01   4.0658e+01   3.4603e+00   0.0000e+00   0.0000e+00   2.7993e+02
20260819_12:00:00   1.1516e-01   3.3399e+01   2.7083e+00   0.0000e+00   6.6590e-04   2.8056e+02
20260819_15:00:00   1.9139e-01   5.0587e+01   4.5075e+00   0.0000e+00   3.4340e-05   2.8218e+02
20260819_18:00:00   1.9759e-01   5.1957e+01   4.6069e+00   0.0000e+00   0.0000e+00   2.8195e+02
20260819_21:00:00   3.2803e-01   7.9118e+01   4.2935e+00   5.7320e-02   3.5785e-04   2.8024e+02
20260820_00:00:00   2.1424e-01   5.5895e+01   3.8546e+00   1.9963e-02   9.4900e-05   2.8013e+02
20260820_03:00:00   1.4057e-01   3.9441e+01   3.2653e+00   0.0000e+00   0.0000e+00   2.8306e+02
20260820_06:00:00   1.1852e-01   3.4290e+01   2.7689e+00   0.0000e+00   0.0000e+00   2.8247e+02
20260820_09:00:00   1.1245e-01   3.2838e+01   2.6231e+00   0.0000e+00   0.0000e+00   2.8202e+02
20260820_12:00:00   1.0302e-01   3.0569e+01   2.4190e+00   0.0000e+00   0.0000e+00   2.8264e+02
20260820_15:00:00   1.2906e-01   3.6496e+01   3.1066e+00   0.0000e+00   0.0000e+00   2.8646e+02
20260820_18:00:00   1.6918e-01   4.5669e+01   4.0190e+00   0.0000e+00   0.0000e+00   2.8594e+02
20260820_21:00:00   4.1308e-01   9.4457e+01   5.8151e+00   6.4740e-02   6.5290e-04   2.8284e+02
20260821_00:00:00   2.4604e-01   6.2213e+01   5.6387e+00   2.3310e-04   0.0000e+00   2.8338e+02
20260821_03:00:00   2.2835e-01   5.8400e+01   5.3256e+00   0.0000e+00   0.0000e+00   2.8629e+02
20260821_06:00:00   2.3977e-01   6.0739e+01   5.5857e+00   0.0000e+00   0.0000e+00   2.8434e+02
20260821_09:00:00   2.3640e-01   6.0053e+01   5.3157e+00   3.0820e-03   2.1750e-06   2.8266e+02
20260821_12:00:00   2.0849e-01   5.4102e+01   4.8803e+00   3.5610e-04   0.0000e+00   2.8243e+02
20260821_15:00:00   2.1247e-01   5.4878e+01   5.0000e+00   0.0000e+00   0.0000e+00   2.8526e+02
20260821_18:00:00   2.8391e-01   6.9912e+01   5.7105e+00   1.2993e-02   1.0677e-04   2.8497e+02
20260821_21:00:00   9.1165e-01   1.6213e+02   8.6661e+00   2.2187e-01   3.0321e-01   2.8065e+02
20260822_00:00:00   4.4975e-01   1.0034e+02   8.3944e+00   2.5673e-02   3.7948e-02   2.8460e+02
20260822_03:00:00   3.5229e-01   8.3331e+01   7.0205e+00   1.1115e-02   1.1677e-04   2.8479e+02
20260822_06:00:00   8.4216e-01   1.5645e+02   6.8600e+00   2.1925e-01   4.9640e-04   2.8351e+02
20260822_09:00:00   2.9317e-01   7.1860e+01   5.9013e+00   1.2584e-02   1.3449e-05   2.8354e+02
20260822_12:00:00   2.1701e-01   5.5971e+01   5.1231e+00   0.0000e+00   1.5416e-02   2.8793e+02
20260822_15:00:00   2.1964e-01   5.6415e+01   5.2287e+00   0.0000e+00   1.2003e-02   2.8624e+02
20260822_18:00:00   4.6970e-01   1.0402e+02   6.6830e+00   7.2806e-02   1.2208e-03   2.8391e+02
20260822_21:00:00   9.8839e-01   1.7093e+02   8.5794e+00   2.5421e-01   1.2273e-01   2.8160e+02
20260823_00:00:00   4.7554e-01   1.0467e+02   8.6403e+00   3.5055e-02   7.4828e-02   2.8347e+02
20260823_03:00:00   3.1009e-01   7.5260e+01   6.9182e+00   2.5516e-03   1.4112e-05   2.8269e+02
20260823_06:00:00   2.5223e-01   6.3693e+01   5.8439e+00   0.0000e+00   1.1628e-03   2.8058e+02
20260823_09:00:00   2.5467e-01   6.4068e+01   5.9266e+00   0.0000e+00   1.5080e-03   2.8064e+02
20260823_12:00:00   2.7086e-01   6.7335e+01   6.2210e+00   0.0000e+00   6.6177e-05   2.8317e+02
20260823_15:00:00   2.8837e-01   7.0969e+01   6.4738e+00   0.0000e+00   1.4134e-03   2.8502e+02
20260823_18:00:00   1.2651e+00   1.9628e+02   9.2943e+00   3.3965e-01   3.4600e-02   2.8224e+02
20260823_21:00:00   5.0617e-01   1.0934e+02   1.0424e+01   4.0237e-03   1.4984e-01   2.8180e+02
20260824_00:00:00   4.0083e-01   9.1826e+01   8.7947e+00   0.0000e+00   2.2930e-04   2.8147e+02
20260824_03:00:00   3.9862e-01   9.1372e+01   8.7832e+00   0.0000e+00   9.4800e-05   2.8234e+02
20260824_06:00:00   3.9670e-01   9.0837e+01   8.8096e+00   0.0000e+00   7.9455e-04   2.8269e+02
20260824_09:00:00   3.8882e-01   8.9459e+01   8.5578e+00   0.0000e+00   3.1476e-03   2.8548e+02
20260824_12:00:00   3.9124e-01   8.9559e+01   8.7113e+00   0.0000e+00   1.0504e-02   2.8411e+02
20260824_15:00:00   4.4324e-01   9.8477e+01   9.6569e+00   0.0000e+00   1.9727e-03   2.8866e+02
20260824_18:00:00   5.1028e-01   1.0975e+02   9.1443e+00   4.0310e-02   3.5864e-03   2.8529e+02
20260824_21:00:00   6.3063e-01   1.2809e+02   9.5422e+00   8.1640e-02   2.5738e-03   2.8271e+02
20260825_00:00:00   4.7011e-01   1.0296e+02   9.8304e+00   8.5926e-03   4.0842e-02   2.8367e+02
20260825_03:00:00   4.1887e-01   9.4394e+01   9.2501e+00   0.0000e+00   4.5231e-03   2.8611e+02
20260825_06:00:00   3.8028e-01   8.7598e+01   8.4116e+00   0.0000e+00   2.3751e-03   2.8911e+02
20260825_09:00:00   5.1146e-01   1.0972e+02   8.9749e+00   4.0990e-02   2.1090e-03   2.8679e+02
20260825_12:00:00   3.9764e-01   9.0425e+01   8.6061e+00   0.0000e+00   2.7536e-03   2.8743e+02
20260825_15:00:00   3.3437e-01   7.9171e+01   7.3427e+00   0.0000e+00   0.0000e+00   2.8647e+02
20260825_18:00:00   4.2406e-01   9.5711e+01   6.7555e+00   4.9730e-02   2.5870e-04   2.8543e+02
20260825_21:00:00   4.5333e-01   1.0066e+02   6.8538e+00   6.2503e-02   1.2839e-02   2.8273e+02
20260826_00:00:00   3.1864e-01   7.5922e+01   7.3434e+00   1.1871e-04   5.0536e-04   2.7963e+02
20260826_03:00:00   3.0172e-01   7.2830e+01   6.9698e+00   0.0000e+00   5.0060e-06   2.8031e+02
20260826_06:00:00   2.6453e-01   6.5632e+01   6.1177e+00   0.0000e+00   1.4134e-05   2.8002e+02
20260826_09:00:00   2.9670e-01   7.1956e+01   6.8134e+00   0.0000e+00   2.9827e-04   2.7735e+02
20260826_12:00:00   3.2330e-01   7.7093e+01   7.3817e+00   0.0000e+00   9.3950e-04   2.8085e+02
20260826_15:00:00   3.4801e-01   8.1725e+01   7.8775e+00   0.0000e+00   1.3887e-04   2.7817e+02
20260826_18:00:00   5.7444e-01   1.2029e+02   8.4582e+00   7.6420e-02   1.2152e-04   2.7960e+02
20260826_21:00:00   1.2364e+00   1.9302e+02   9.5047e+00   3.3243e-01   9.0454e-02   2.7766e+02
20260827_00:00:00   6.3437e-01   1.2891e+02   9.2132e+00   8.4270e-02   1.1933e-02   2.7739e+02
20260827_03:00:00   4.1636e-01   9.4550e+01   8.7605e+00   3.8810e-03   2.6520e-04   2.7699e+02
20260827_06:00:00   3.9967e-01   9.1600e+01   8.4627e+00   4.7170e-03   2.5140e-05   2.7943e+02
