#            date       tau255        Tb[K]      pwv[mm] lwp[kg*m^-2] iwp[kg*m^-2]       o3[DU]
20260730_00:00:00   2.8002e-01   6.9317e+01   6.4099e+00   1.6018e-04   6.8553e-04   2.9258e+02
20260730_01:00:00   2.8564e-01   7.0348e+01   6.5248e+00   7.3080e-04   1.5664e-04   2.9062e+02
20260730_02:00:00   3.0377e-01   7.3817e+01   6.8836e+00   0.0000e+00   3.0306e-05   2.9038e+02
20260730_03:00:00   3.0861e-01   7.4786e+01   7.0254e+00   0.0000e+00   1.5884e-05   2.9115e+02
20260730_04:00:00   2.8775e-01   7.0819e+01   6.5901e+00   0.0000e+00   3.6580e-05   2.8918e+02
20260730_05:00:00   2.6057e-01   6.5387e+01   5.9903e+00   0.0000e+00   1.0160e-05   2.9054e+02
20260730_06:00:00   2.3019e-01   5.9136e+01   5.2897e+00   0.0000e+00   2.1220e-06   2.9128e+02
20260730_07:00:00   2.0435e-01   5.3688e+01   4.7378e+00   0.0000e+00   0.0000e+00   2.8969e+02
20260730_08:00:00   1.9225e-01   5.1086e+01   4.4480e+00   0.0000e+00   0.0000e+00   2.8516e+02
20260730_09:00:00   1.8107e-01   4.8672e+01   4.1894e+00   0.0000e+00   0.0000e+00   2.8931e+02
20260730_10:00:00   1.7077e-01   4.6402e+01   3.9602e+00   0.0000e+00   9.7180e-05   2.8895e+02
20260730_11:00:00   1.6764e-01   4.5652e+01   3.9022e+00   0.0000e+00   2.5820e-06   2.8933e+02
20260730_12:00:00   1.6516e-01   4.5023e+01   3.8650e+00   0.0000e+00   0.0000e+00   2.9190e+02
20260730_13:00:00   1.6181e-01   4.4235e+01   3.8081e+00   0.0000e+00   0.0000e+00   2.9272e+02
20260730_14:00:00   1.6363e-01   4.4655e+01   3.8402e+00   0.0000e+00   0.0000e+00   2.9340e+02
20260730_15:00:00   1.6226e-01   4.4319e+01   3.8136e+00   0.0000e+00   0.0000e+00   2.9225e+02
20260730_16:00:00   1.5551e-01   4.2782e+01   3.6641e+00   0.0000e+00   0.0000e+00   2.9360e+02
20260730_17:00:00   1.5837e-01   4.3422e+01   3.7283e+00   0.0000e+00   0.0000e+00   2.9460e+02
20260730_18:00:00   1.8082e-01   4.8444e+01   4.2074e+00   0.0000e+00   0.0000e+00   2.9660e+02
20260730_19:00:00   2.1171e-01   5.5199e+01   4.8308e+00   0.0000e+00   0.0000e+00   2.9519e+02
20260730_20:00:00   2.4185e-01   6.1559e+01   5.3786e+00   1.9657e-03   1.2036e-04   2.9334e+02
20260730_21:00:00   3.2264e-01   7.7852e+01   5.8514e+00   2.6480e-02   2.1812e-04   2.8955e+02
20260730_22:00:00   5.2035e-01   1.1273e+02   6.2490e+00   9.9530e-02   7.5140e-04   2.8821e+02
20260730_23:00:00   3.5659e-01   8.4366e+01   6.1370e+00   3.3820e-02   7.0866e-04   2.8923e+02
20260731_00:00:00   2.8452e-01   7.0389e+01   5.6510e+00   1.4772e-02   9.5180e-05   2.9060e+02
20260731_01:00:00   2.3842e-01   6.0821e+01   5.5090e+00   0.0000e+00   2.9840e-05   2.9127e+02
20260731_02:00:00   2.5977e-01   6.5032e+01   6.0350e+00   0.0000e+00   2.0920e-05   2.8774e+02
20260731_03:00:00   2.7942e-01   6.8972e+01   6.4269e+00   0.0000e+00   0.0000e+00   2.8819e+02
20260731_04:00:00   2.7698e-01   6.8481e+01   6.3618e+00   0.0000e+00   0.0000e+00   2.8775e+02
20260731_05:00:00   2.7049e-01   6.7185e+01   6.1903e+00   0.0000e+00   0.0000e+00   2.8838e+02
20260731_06:00:00   2.6871e-01   6.6908e+01   6.0671e+00   0.0000e+00   0.0000e+00   2.8831e+02
20260731_07:00:00   2.5430e-01   6.4065e+01   5.7110e+00   0.0000e+00   0.0000e+00   2.9052e+02
20260731_08:00:00   2.4196e-01   6.1487e+01   5.4819e+00   0.0000e+00   0.0000e+00   2.9087e+02
20260731_09:00:00   2.3781e-01   6.0637e+01   5.3838e+00   0.0000e+00   4.2260e-07   2.8965e+02
20260731_10:00:00   2.3284e-01   5.9602e+01   5.2905e+00   0.0000e+00   8.8020e-05   2.8985e+02
20260731_11:00:00   2.2689e-01   5.8372e+01   5.1511e+00   0.0000e+00   1.1420e-06   2.8879e+02
20260731_12:00:00   2.2787e-01   5.8599e+01   5.1370e+00   0.0000e+00   4.7740e-05   2.8869e+02
20260731_13:00:00   2.5995e-01   6.5079e+01   5.8547e+00   0.0000e+00   0.0000e+00   2.8933e+02
20260731_14:00:00   2.8036e-01   6.9182e+01   6.2754e+00   0.0000e+00   0.0000e+00   2.9090e+02
20260731_15:00:00   3.0361e-01   7.3697e+01   6.7454e+00   0.0000e+00   0.0000e+00   2.9324e+02
20260731_16:00:00   3.2360e-01   7.7516e+01   7.1251e+00   0.0000e+00   0.0000e+00   2.9237e+02
20260731_17:00:00   3.6217e-01   8.4628e+01   7.7632e+00   2.9260e-03   0.0000e+00   2.9643e+02
20260731_18:00:00   4.6384e-01   1.0253e+02   8.4379e+00   3.1790e-02   8.5240e-05   2.9786e+02
20260731_19:00:00   6.6951e-01   1.3398e+02   8.9051e+00   1.0752e-01   1.0952e-03   2.9548e+02
20260731_20:00:00   8.9443e-01   1.6165e+02   9.2931e+00   1.9405e-01   9.5361e-03   2.9477e+02
20260731_21:00:00   8.5175e-01   1.5676e+02   9.5428e+00   1.7176e-01   2.8868e-02   2.9413e+02
20260731_22:00:00   5.2271e-01   1.1212e+02   9.3154e+00   3.9685e-02   5.2207e-03   2.9282e+02
20260731_23:00:00   4.6418e-01   1.0255e+02   9.1456e+00   1.9081e-02   1.2310e-03   2.8934e+02
20260801_00:00:00   4.0005e-01   9.1496e+01   8.7989e+00   1.9510e-06   1.1522e-04   2.8861e+02
20260801_01:00:00   4.0232e-01   9.1814e+01   8.8459e+00   0.0000e+00   1.3655e-04   2.8741e+02
20260801_02:00:00   4.0801e-01   9.2761e+01   8.9349e+00   0.0000e+00   4.5852e-05   2.8680e+02
20260801_03:00:00   3.9511e-01   9.0519e+01   8.7246e+00   0.0000e+00   3.2297e-05   2.8726e+02
20260801_04:00:00   3.9866e-01   9.1059e+01   8.8134e+00   0.0000e+00   5.5859e-04   2.8700e+02
20260801_05:00:00   4.1454e-01   9.3764e+01   9.0673e+00   0.0000e+00   5.3035e-04   2.8831e+02
20260801_06:00:00   4.1286e-01   9.3408e+01   9.0436e+00   0.0000e+00   1.0326e-03   2.8713e+02
20260801_07:00:00   3.9228e-01   8.9812e+01   8.7308e+00   0.0000e+00   3.5112e-03   2.8618e+02
20260801_08:00:00   3.6721e-01   8.5199e+01   8.2951e+00   0.0000e+00   1.5734e-02   2.8420e+02
20260801_09:00:00   3.3412e-01   7.9039e+01   7.6847e+00   0.0000e+00   1.3985e-02   2.8336e+02
20260801_10:00:00   3.1683e-01   7.5664e+01   7.3665e+00   0.0000e+00   5.2566e-03   2.8220e+02
20260801_11:00:00   2.9897e-01   7.2199e+01   6.9992e+00   0.0000e+00   3.0288e-03   2.8036e+02
20260801_12:00:00   2.9490e-01   7.1314e+01   6.9060e+00   0.0000e+00   4.4423e-03   2.8051e+02
20260801_13:00:00   2.9535e-01   7.1287e+01   6.9224e+00   0.0000e+00   1.8049e-02   2.8050e+02
20260801_14:00:00   2.8931e-01   7.0057e+01   6.7957e+00   0.0000e+00   2.0463e-02   2.8049e+02
20260801_15:00:00   2.6529e-01   6.5389e+01   6.2965e+00   0.0000e+00   7.6356e-04   2.7967e+02
20260801_16:00:00   2.5406e-01   6.3186e+01   6.0570e+00   0.0000e+00   6.7416e-04   2.8057e+02
20260801_17:00:00   2.6890e-01   6.6316e+01   6.3520e+00   0.0000e+00   5.4956e-04   2.7882e+02
20260801_18:00:00   3.0091e-01   7.2831e+01   6.9220e+00   6.0950e-04   6.4306e-05   2.8031e+02
20260801_19:00:00   3.7512e-01   8.7048e+01   7.6497e+00   1.5219e-02   2.4207e-03   2.8254e+02
20260801_20:00:00   3.3196e-01   7.8934e+01   7.5035e+00   8.7279e-04   2.9386e-03   2.8558e+02
20260801_21:00:00   3.1909e-01   7.6455e+01   7.2888e+00   1.1030e-03   3.0557e-03   2.8671e+02
20260801_22:00:00   3.4150e-01   8.0966e+01   7.2375e+00   1.0779e-02   4.4704e-03   2.8598e+02
20260801_23:00:00   4.5502e-01   1.0097e+02   7.5669e+00   5.1330e-02   1.4800e-02   2.8574e+02
20260802_00:00:00   2.9112e-01   7.1249e+01   6.7436e+00   5.2008e-05   1.4862e-02   2.8531e+02
20260802_01:00:00   3.1432e-01   7.5627e+01   7.1988e+00   4.4540e-07   1.4442e-02   2.8396e+02
20260802_02:00:00   2.9630e-01   7.2085e+01   6.8364e+00   0.0000e+00   1.1803e-02   2.8324e+02
20260802_03:00:00   2.7191e-01   6.7268e+01   6.3466e+00   0.0000e+00   1.9096e-03   2.8478e+02
20260802_04:00:00   2.6167e-01   6.5189e+01   6.1514e+00   0.0000e+00   4.0861e-04   2.8679e+02
20260802_05:00:00   2.5877e-01   6.4588e+01   6.0817e+00   0.0000e+00   1.0628e-04   2.8582e+02
20260802_06:00:00   2.5639e-01   6.4071e+01   6.0137e+00   0.0000e+00   7.2582e-04   2.8261e+02
20260802_07:00:00   2.5166e-01   6.3106e+01   5.8901e+00   0.0000e+00   9.4040e-04   2.7978e+02
20260802_08:00:00   2.4472e-01   6.1663e+01   5.7153e+00   0.0000e+00   1.7672e-03   2.7949e+02
20260802_09:00:00   2.3384e-01   5.9453e+01   5.4784e+00   0.0000e+00   1.6938e-03   2.8099e+02
20260802_10:00:00   2.2811e-01   5.8230e+01   5.3634e+00   0.0000e+00   2.0147e-03   2.8112e+02
20260802_11:00:00   2.2858e-01   5.8289e+01   5.4074e+00   0.0000e+00   1.9375e-03   2.7995e+02
20260802_12:00:00   2.3089e-01   5.8748e+01   5.4551e+00   0.0000e+00   4.3866e-04   2.8070e+02
20260802_13:00:00   2.3057e-01   5.8695e+01   5.4323e+00   0.0000e+00   5.4734e-04   2.8151e+02
20260802_14:00:00   2.2909e-01   5.8406e+01   5.3929e+00   0.0000e+00   9.7911e-04   2.8198e+02
20260802_15:00:00   2.2663e-01   5.7901e+01   5.3509e+00   0.0000e+00   1.2095e-03   2.8194e+02
20260802_16:00:00   2.2755e-01   5.8125e+01   5.3719e+00   0.0000e+00   4.8270e-04   2.8177e+02
20260802_17:00:00   2.3156e-01   5.8983e+01   5.4516e+00   0.0000e+00   6.0818e-04   2.8166e+02
20260802_18:00:00   2.4796e-01   6.2425e+01   5.7700e+00   0.0000e+00   7.0845e-04   2.8031e+02
20260802_19:00:00   2.6492e-01   6.5947e+01   6.0863e+00   0.0000e+00   5.1651e-04   2.7916e+02
20260802_20:00:00   2.7986e-01   6.9073e+01   6.3288e+00   3.1620e-05   1.3447e-04   2.7879e+02
20260802_21:00:00   4.6162e-01   1.0276e+02   6.5869e+00   6.9290e-02   5.4130e-03   2.7948e+02
20260802_22:00:00   5.0263e-01   1.0950e+02   7.1292e+00   7.4914e-02   2.8976e-02   2.7976e+02
20260802_23:00:00   3.4206e-01   8.1259e+01   6.9946e+00   1.1901e-02   1.1399e-03   2.8057e+02
20260803_00:00:00   2.8875e-01   7.0804e+01   6.5715e+00   0.0000e+00   1.2297e-04   2.7945e+02
20260803_01:00:00   2.7240e-01   6.7542e+01   6.2525e+00   0.0000e+00   8.2260e-05   2.7920e+02
20260803_02:00:00   2.5110e-01   6.3204e+01   5.8223e+00   0.0000e+00   2.3994e-05   2.8045e+02
20260803_03:00:00   2.3826e-01   6.0520e+01   5.5644e+00   0.0000e+00   1.6402e-04   2.8014e+02
20260803_04:00:00   2.2168e-01   5.6965e+01   5.2700e+00   0.0000e+00   2.7259e-03   2.7888e+02
20260803_05:00:00   2.2251e-01   5.7036e+01   5.3268e+00   0.0000e+00   4.1044e-03   2.7879e+02
20260803_06:00:00   2.1637e-01   5.5720e+01   5.2038e+00   0.0000e+00   8.8822e-03   2.7936e+02
20260803_07:00:00   2.1469e-01   5.5357e+01   5.1687e+00   0.0000e+00   7.5910e-03   2.7869e+02
20260803_08:00:00   2.1516e-01   5.5451e+01   5.1642e+00   0.0000e+00   2.8284e-03   2.7755e+02
20260803_09:00:00   2.1562e-01   5.5540e+01   5.1677e+00   0.0000e+00   1.2422e-03   2.7981e+02
20260803_10:00:00   2.1509e-01   5.5429e+01   5.1619e+00   0.0000e+00   5.8320e-04   2.8021e+02
20260803_11:00:00   2.1185e-01   5.4731e+01   5.1022e+00   0.0000e+00   2.9014e-03   2.7894e+02
20260803_12:00:00   2.1842e-01   5.6044e+01   5.2518e+00   0.0000e+00   3.6503e-03   2.8047e+02
20260803_13:00:00   2.2183e-01   5.6698e+01   5.3309e+00   0.0000e+00   4.3042e-03   2.8017e+02
20260803_14:00:00   2.2011e-01   5.6325e+01   5.2941e+00   0.0000e+00   4.4848e-03   2.7988e+02
20260803_15:00:00   2.1517e-01   5.5331e+01   5.1729e+00   0.0000e+00   5.1540e-03   2.7867e+02
20260803_16:00:00   2.1480e-01   5.5271e+01   5.1344e+00   0.0000e+00   2.1840e-03   2.7728e+02
20260803_17:00:00   2.1281e-01   5.4867e+01   5.0838e+00   0.0000e+00   3.3013e-04   2.7659e+02
20260803_18:00:00   2.3158e-01   5.8884e+01   5.4250e+00   0.0000e+00   2.2190e-03   2.7880e+02
20260803_19:00:00   2.6962e-01   6.6790e+01   5.9133e+00   5.1129e-03   3.4524e-03   2.7903e+02
20260803_20:00:00   4.6683e-01   1.0332e+02   6.3154e+00   7.9603e-02   2.3389e-02   2.7673e+02
20260803_21:00:00   6.3389e-01   1.2891e+02   6.6851e+00   1.4287e-01   4.9285e-02   2.7726e+02
20260803_22:00:00   3.4377e-01   8.1207e+01   6.4210e+00   2.7881e-02   3.3317e-03   2.7945e+02
20260803_23:00:00   2.8107e-01   6.9220e+01   5.8951e+00   1.2122e-02   5.2636e-03   2.8015e+02
20260804_00:00:00   2.3887e-01   6.0583e+01   5.6258e+00   6.0053e-05   6.4223e-04   2.8284e+02
20260804_03:00:00   2.0422e-01   5.3247e+01   4.8672e+00   0.0000e+00   1.0799e-03   2.8075e+02
20260804_06:00:00   1.6775e-01   4.5178e+01   4.0887e+00   0.0000e+00   3.5259e-03   2.7948e+02
20260804_09:00:00   1.5671e-01   4.2680e+01   3.8186e+00   0.0000e+00   1.0783e-03   2.7838e+02
20260804_12:00:00   1.6352e-01   4.4080e+01   4.0006e+00   0.0000e+00   1.0255e-02   2.7988e+02
20260804_15:00:00   1.6644e-01   4.4690e+01   4.0709e+00   0.0000e+00   2.0509e-02   2.8157e+02
20260804_18:00:00   2.0865e-01   5.4156e+01   4.8634e+00   0.0000e+00   1.7622e-03   2.8263e+02
20260804_21:00:00   1.0838e+00   1.8049e+02   6.7212e+00   3.2887e-01   6.7985e-02   2.8042e+02
20260805_00:00:00   2.7429e-01   6.7921e+01   6.0781e+00   3.7616e-03   9.8657e-04   2.8235e+02
20260805_03:00:00   2.2404e-01   5.7686e+01   5.1565e+00   1.9828e-05   3.1160e-05   2.8239e+02
20260805_06:00:00   2.6850e-01   6.6691e+01   6.1279e+00   1.2033e-03   1.2185e-03   2.8447e+02
20260805_09:00:00   2.5898e-01   6.4532e+01   6.1054e+00   0.0000e+00   2.3545e-03   2.8584e+02
20260805_12:00:00   2.3221e-01   5.9107e+01   5.5132e+00   0.0000e+00   5.5707e-04   2.8920e+02
20260805_15:00:00   3.2282e-01   7.7144e+01   7.2887e+00   0.0000e+00   1.8520e-04   2.9019e+02
20260805_18:00:00   4.2287e-01   9.5901e+01   6.3135e+00   6.1200e-02   2.3716e-03   2.8767e+02
20260805_21:00:00   5.6521e-01   1.1897e+02   8.2406e+00   8.0130e-02   8.1711e-03   2.8388e+02
20260806_00:00:00   3.7045e-01   8.6277e+01   7.8880e+00   7.0210e-03   3.4122e-05   2.8324e+02
20260806_03:00:00   3.8579e-01   8.8670e+01   8.7052e+00   3.4101e-05   3.5460e-03   2.8126e+02
20260806_06:00:00   4.3217e-01   9.7031e+01   9.4083e+00   1.6348e-04   3.7431e-04   2.8094e+02
20260806_09:00:00   3.3217e-01   7.9318e+01   7.4176e+00   0.0000e+00   1.7514e-05   2.8122e+02
20260806_12:00:00   1.2178e+00   1.9130e+02   1.0578e+01   3.0471e-01   2.0147e-01   2.8131e+02
20260806_15:00:00   6.4244e-01   1.2968e+02   1.0885e+01   5.2580e-02   2.1014e-01   2.8253e+02
20260806_18:00:00   5.1881e-01   1.1136e+02   1.0484e+01   1.1642e-02   1.9327e-03   2.8165e+02
20260806_21:00:00   5.0352e-01   1.0878e+02   1.0823e+01   5.1310e-05   4.7211e-03   2.7786e+02
20260807_00:00:00   4.9962e-01   1.0810e+02   1.0848e+01   0.0000e+00   2.7997e-02   2.7884e+02
20260807_03:00:00   4.1987e-01   9.4892e+01   9.2215e+00   4.8282e-04   1.7025e-03   2.8110e+02
20260807_06:00:00   3.0665e-01   7.4380e+01   6.9461e+00   0.0000e+00   1.3150e-04   2.8163e+02
20260807_09:00:00   2.4489e-01   6.2154e+01   5.5797e+00   0.0000e+00   1.2908e-04   2.8381e+02
20260807_12:00:00   2.5804e-01   6.4776e+01   5.8876e+00   0.0000e+00   0.0000e+00   2.8251e+02
20260807_15:00:00   3.1748e-01   7.6404e+01   7.1080e+00   0.0000e+00   1.8520e-04   2.8358e+02
20260807_18:00:00   4.7152e-01   1.0385e+02   8.8563e+00   2.8313e-02   1.6040e-02   2.8454e+02
20260807_21:00:00   6.5700e-01   1.3226e+02   8.7957e+00   1.0870e-01   6.7256e-03   2.8239e+02
20260808_00:00:00   3.7240e-01   8.6740e+01   8.2721e+00   1.0510e-04   4.6458e-03   2.8290e+02
20260808_03:00:00   3.4687e-01   8.2095e+01   7.6689e+00   1.6660e-03   9.5220e-05   2.8201e+02
20260808_06:00:00   2.7748e-01   6.8630e+01   6.2995e+00   0.0000e+00   1.1420e-06   2.8183e+02
20260808_09:00:00   2.6297e-01   6.5672e+01   6.0042e+00   0.0000e+00   1.0308e-05   2.7813e+02
20260808_12:00:00   2.9880e-01   7.2724e+01   6.6876e+00   0.0000e+00   5.7100e-07   2.8268e+02
20260808_15:00:00   2.7439e-01   6.7846e+01   6.2339e+00   0.0000e+00   0.0000e+00   2.8213e+02
20260808_18:00:00   2.2642e-01   5.7978e+01   5.2877e+00   0.0000e+00   0.0000e+00   2.8114e+02
20260808_21:00:00   5.4494e-01   1.1626e+02   6.0015e+00   1.1776e-01   1.7287e-03   2.7864e+02
20260809_00:00:00   2.0432e-01   5.3396e+01   4.8336e+00   0.0000e+00   6.7600e-04   2.7994e+02
20260809_03:00:00   1.7852e-01   4.7742e+01   4.2694e+00   0.0000e+00   1.5514e-05   2.8147e+02
20260809_06:00:00   2.1627e-01   5.6098e+01   4.9903e+00   0.0000e+00   4.2260e-07   2.7928e+02
20260809_09:00:00   2.5098e-01   6.3454e+01   5.6202e+00   0.0000e+00   4.5440e-05   2.7810e+02
20260809_12:00:00   1.1030e+00   1.8255e+02   8.3199e+00   2.9222e-01   1.4701e-01   2.7883e+02
20260809_15:00:00   1.1082e+00   1.8272e+02   8.9739e+00   2.8143e-01   1.4144e-01   2.7811e+02
20260809_18:00:00   5.3923e-01   1.1513e+02   9.4089e+00   3.5805e-02   3.5947e-03   2.7792e+02
20260809_21:00:00   6.0389e-01   1.2531e+02   9.1195e+00   6.9855e-02   1.3291e-04   2.7981e+02
20260810_00:00:00   5.1597e-01   1.1199e+02   8.8074e+00   3.8767e-02   2.4835e-04   2.7783e+02
20260810_03:00:00   4.7828e-01   1.0539e+02   9.7297e+00   2.9411e-03   2.1685e-02   2.8074e+02
20260810_06:00:00   9.3083e-01   1.6596e+02   1.0359e+01   1.7993e-01   1.9386e-02   2.8129e+02
20260810_09:00:00   2.1303e+00   2.3986e+02   1.0908e+01   6.7281e-01   1.9796e-01   2.8193e+02
20260810_12:00:00   5.1174e-01   1.1014e+02   9.8094e+00   2.3122e-02   1.2646e-02   2.8077e+02
20260810_15:00:00   2.3200e-01   5.8850e+01   5.5410e+00   0.0000e+00   1.7167e-04   2.8020e+02
20260810_18:00:00   1.2493e-01   3.5553e+01   3.0388e+00   0.0000e+00   2.8920e-05   2.7897e+02
20260810_21:00:00   1.2671e-01   3.5919e+01   3.0702e+00   0.0000e+00   2.1300e-04   2.7555e+02
20260811_00:00:00   9.2879e-02   2.8009e+01   2.2172e+00   0.0000e+00   2.3372e-03   2.7506e+02
20260811_03:00:00   9.0461e-02   2.7375e+01   2.1749e+00   0.0000e+00   1.3964e-04   2.7878e+02
20260811_06:00:00   1.1154e-01   3.2374e+01   2.7114e+00   0.0000e+00   1.7254e-04   2.7880e+02
20260811_09:00:00   1.1697e-01   3.3760e+01   2.7553e+00   0.0000e+00   3.9640e-05   2.7669e+02
20260811_12:00:00   1.8961e-01   5.0084e+01   4.4109e+00   0.0000e+00   5.4500e-06   2.7870e+02
20260811_15:00:00   3.0388e-01   7.3348e+01   6.8377e+00   0.0000e+00   6.0879e-06   2.7875e+02
20260811_18:00:00   2.2716e-01   5.8159e+01   5.1160e+00   1.0843e-03   0.0000e+00   2.8056e+02
20260811_21:00:00   2.1626e-01   5.6096e+01   3.9658e+00   1.7298e-02   1.6865e-04   2.8002e+02
20260812_00:00:00   1.6953e-01   4.5642e+01   3.9750e+00   0.0000e+00   0.0000e+00   2.7842e+02
20260812_03:00:00   1.4250e-01   3.9440e+01   3.3917e+00   0.0000e+00   4.2260e-07   2.7884e+02
20260812_06:00:00   1.3537e-01   3.7711e+01   3.2558e+00   0.0000e+00   4.2098e-03   2.7715e+02
20260812_09:00:00   2.1141e-01   5.4476e+01   5.0367e+00   0.0000e+00   3.4969e-03   2.7717e+02
20260812_12:00:00   4.1893e-01   9.4030e+01   9.0378e+00   0.0000e+00   1.9285e-01   2.7415e+02
20260812_15:00:00   3.5385e-01   8.2579e+01   7.8907e+00   0.0000e+00   1.2015e-02   2.7635e+02
20260812_18:00:00   3.4455e-01   8.0874e+01   7.5745e+00   4.4010e-03   9.5455e-03   2.7683e+02
20260812_21:00:00   3.5658e-01   8.3324e+01   7.3924e+00   1.2725e-02   2.6223e-03   2.7571e+02
20260813_00:00:00   3.4605e-01   8.1316e+01   7.8280e+00   0.0000e+00   9.1723e-04   2.7395e+02
20260813_03:00:00   3.5495e-01   8.2819e+01   8.0916e+00   0.0000e+00   5.1040e-03   2.7480e+02
20260813_06:00:00   3.7210e-01   8.6115e+01   8.2712e+00   4.7100e-05   1.0260e-03   2.7877e+02
20260813_09:00:00   3.8873e-01   8.9319e+01   8.4729e+00   0.0000e+00   2.8861e-05   2.7743e+02
20260813_12:00:00   3.3918e-01   7.9894e+01   7.6464e+00   0.0000e+00   3.2806e-03   2.7664e+02
20260813_15:00:00   3.0272e-01   7.2916e+01   6.9779e+00   0.0000e+00   1.0738e-03   2.7653e+02
20260813_18:00:00   3.1244e-01   7.4911e+01   7.1409e+00   0.0000e+00   1.1414e-04   2.7467e+02
20260813_21:00:00   2.7874e-01   6.8388e+01   6.4169e+00   0.0000e+00   3.5980e-04   2.7692e+02
20260814_00:00:00   2.2654e-01   5.7844e+01   5.3665e+00   0.0000e+00   1.4940e-03   2.7714e+02
20260814_03:00:00   1.8542e-01   4.9088e+01   4.4617e+00   0.0000e+00   1.4162e-06   2.7839e+02
20260814_06:00:00   1.4731e-01   4.0601e+01   3.5836e+00   0.0000e+00   4.5760e-04   2.7620e+02
20260814_09:00:00   1.3377e-01   3.7500e+01   3.2736e+00   0.0000e+00   1.6654e-03   2.7667e+02
20260814_12:00:00   1.1834e-01   3.3919e+01   2.8676e+00   0.0000e+00   6.3351e-03   2.7534e+02
20260814_15:00:00   1.1504e-01   3.3209e+01   2.7470e+00   0.0000e+00   6.2335e-03   2.7634e+02
20260814_18:00:00   2.5838e-01   6.4423e+01   5.9945e+00   0.0000e+00   3.1967e-03   2.7656e+02
20260814_21:00:00   3.7976e-01   8.8162e+01   6.4236e+00   3.9610e-02   3.2684e-03   2.7677e+02
20260815_00:00:00   2.3252e-01   5.9356e+01   5.3980e+00   0.0000e+00   9.4920e-04   2.7890e+02
