#            date       tau255        Tb[K]      pwv[mm] lwp[kg*m^-2] iwp[kg*m^-2]       o3[DU]
20261001_12:00:00   1.8566e-01   4.9669e+01   4.4174e+00   0.0000e+00   3.3127e-02   2.5775e+02
20261001_13:00:00   1.8765e-01   5.0027e+01   4.5238e+00   0.0000e+00   3.1934e-02   2.6013e+02
20261001_14:00:00   1.8635e-01   4.9693e+01   4.5413e+00   0.0000e+00   1.8258e-02   2.6254e+02
20261001_15:00:00   1.9375e-01   5.1327e+01   4.6909e+00   0.0000e+00   1.9220e-02   2.6429e+02
20261001_16:00:00   2.0650e-01   5.3968e+01   5.0130e+00   0.0000e+00   4.2275e-02   2.6437e+02
20261001_17:00:00   2.1972e-01   5.6767e+01   5.3166e+00   2.1580e-05   5.1616e-02   2.6328e+02
20261001_18:00:00   2.5993e-01   6.5176e+01   6.0796e+00   1.9980e-03   2.7658e-02   2.6211e+02
20261001_19:00:00   2.9876e-01   7.2920e+01   6.9542e+00   9.5170e-04   2.1429e-02   2.6245e+02
20261001_20:00:00   3.3944e-01   8.0784e+01   7.5660e+00   5.2675e-03   1.1463e-02   2.6324e+02
20261001_21:00:00   3.6161e-01   8.4937e+01   8.0183e+00   3.3881e-03   4.3228e-02   2.6537e+02
20261001_22:00:00   3.6838e-01   8.6192e+01   8.1200e+00   3.5380e-03   1.2456e-01   2.6386e+02
20261001_23:00:00   3.6157e-01   8.5016e+01   8.0233e+00   2.2429e-03   1.2044e-01   2.6096e+02
20261002_00:00:00   4.0493e-01   9.2967e+01   8.4763e+00   1.0035e-02   1.1025e-01   2.5985e+02
20261002_01:00:00   4.2766e-01   9.6883e+01   9.1764e+00   4.2010e-03   1.3282e-01   2.5956e+02
20261002_02:00:00   4.5725e-01   1.0199e+02   9.5268e+00   7.2081e-03   1.2982e-01   2.6095e+02
20261002_03:00:00   4.8374e-01   1.0639e+02   9.5856e+00   1.5664e-02   8.4638e-02   2.6334e+02
20261002_04:00:00   7.6634e-01   1.4669e+02   9.9518e+00   1.2774e-01   3.7474e-02   2.6514e+02
20261002_05:00:00   1.0370e+00   1.7619e+02   1.0090e+01   2.3766e-01   7.1461e-02   2.6480e+02
20261002_06:00:00   8.2111e-01   1.5321e+02   1.0348e+01   1.4138e-01   1.0072e-01   2.6285e+02
20261002_07:00:00   5.8166e-01   1.2165e+02   9.9843e+00   4.7855e-02   4.6339e-02   2.5961e+02
20261002_08:00:00   4.8083e-01   1.0586e+02   9.5913e+00   1.3423e-02   3.5553e-02   2.5695e+02
20261002_09:00:00   4.6445e-01   1.0309e+02   9.6334e+00   5.3030e-03   3.5835e-02   2.5589e+02
20261002_10:00:00   4.3812e-01   9.8616e+01   9.4269e+00   2.3038e-04   2.9459e-02   2.5437e+02
20261002_11:00:00   4.1527e-01   9.4708e+01   9.0244e+00   9.7950e-05   2.2294e-02   2.5577e+02
20261002_12:00:00   4.0251e-01   9.2389e+01   8.8594e+00   2.8330e-05   2.3706e-02   2.5699e+02
20261002_13:00:00   4.1350e-01   9.4292e+01   8.9772e+00   1.9500e-03   8.0511e-03   2.5796e+02
20261002_14:00:00   3.9509e-01   9.1075e+01   8.6259e+00   6.0070e-04   1.9843e-03   2.5913e+02
20261002_15:00:00   3.8076e-01   8.8585e+01   8.3228e+00   3.2730e-04   7.8275e-05   2.5905e+02
20261002_16:00:00   3.7940e-01   8.8419e+01   8.2688e+00   1.4051e-04   1.3391e-07   2.6019e+02
20261002_17:00:00   3.9458e-01   9.1195e+01   8.3669e+00   6.1813e-03   0.0000e+00   2.6327e+02
20261002_18:00:00   4.3476e-01   9.8115e+01   9.1058e+00   8.9820e-03   4.9801e-05   2.6451e+02
20261002_19:00:00   4.8911e-01   1.0715e+02   9.8492e+00   1.6398e-02   5.9637e-04   2.6380e+02
20261002_20:00:00   4.8751e-01   1.0675e+02   1.0133e+01   9.5170e-03   8.3406e-04   2.6270e+02
20261002_21:00:00   4.8682e-01   1.0650e+02   1.0415e+01   3.4213e-03   7.1157e-04   2.6131e+02
20261002_22:00:00   4.8564e-01   1.0629e+02   1.0517e+01   9.6210e-04   5.8129e-04   2.5991e+02
20261002_23:00:00   4.7591e-01   1.0475e+02   1.0179e+01   4.5882e-03   1.8795e-04   2.5772e+02
20261003_00:00:00   4.5521e-01   1.0134e+02   9.9731e+00   9.8956e-04   4.5763e-05   2.5891e+02
20261003_01:00:00   4.5548e-01   1.0134e+02   9.9940e+00   1.2795e-03   1.2704e-05   2.5969e+02
20261003_02:00:00   4.6100e-01   1.0230e+02   9.9679e+00   4.3600e-03   3.8414e-04   2.6170e+02
20261003_03:00:00   4.4046e-01   9.8734e+01   9.7892e+00   2.1070e-04   4.1402e-05   2.6233e+02
20261003_04:00:00   4.1978e-01   9.5169e+01   9.3829e+00   2.5360e-05   1.0160e-05   2.6175e+02
20261003_05:00:00   4.0111e-01   9.1824e+01   9.0110e+00   5.4320e-07   2.7636e-04   2.6052e+02
20261003_06:00:00   3.5987e-01   8.4392e+01   8.2117e+00   0.0000e+00   7.9624e-04   2.6259e+02
20261003_07:00:00   3.3135e-01   7.8898e+01   7.7250e+00   0.0000e+00   1.5414e-03   2.6451e+02
20261003_08:00:00   3.1255e-01   7.5238e+01   7.3434e+00   0.0000e+00   2.1360e-03   2.6416e+02
20261003_09:00:00   3.0476e-01   7.3750e+01   7.1744e+00   8.8330e-07   3.2559e-03   2.6089e+02
20261003_10:00:00   3.1294e-01   7.5286e+01   7.4032e+00   0.0000e+00   3.8799e-03   2.6104e+02
20261003_11:00:00   3.2157e-01   7.6953e+01   7.6034e+00   0.0000e+00   3.1341e-03   2.6210e+02
20261003_12:00:00   3.3408e-01   7.9297e+01   7.8770e+00   8.8540e-07   1.7142e-03   2.6363e+02
20261003_13:00:00   3.3820e-01   8.0158e+01   7.9357e+00   0.0000e+00   1.5440e-03   2.6372e+02
20261003_14:00:00   3.4136e-01   8.0849e+01   7.9576e+00   0.0000e+00   9.2810e-04   2.6661e+02
20261003_15:00:00   3.5030e-01   8.2496e+01   8.1108e+00   0.0000e+00   1.9550e-04   2.6913e+02
20261003_16:00:00   3.5456e-01   8.3299e+01   8.1883e+00   0.0000e+00   6.0082e-05   2.6982e+02
20261003_17:00:00   3.6887e-01   8.5903e+01   8.3467e+00   2.1560e-03   1.0346e-05   2.7048e+02
20261003_18:00:00   4.2066e-01   9.5261e+01   8.6120e+00   1.7170e-02   1.0048e-05   2.6929e+02
20261003_19:00:00   5.9267e-01   1.2332e+02   8.8353e+00   8.2850e-02   5.8368e-05   2.6709e+02
20261003_20:00:00   9.3162e-01   1.6625e+02   9.2807e+00   2.1124e-01   1.8846e-04   2.6626e+02
20261003_21:00:00   1.4811e+00   2.1089e+02   9.9879e+00   4.2601e-01   1.1406e-03   2.6550e+02
20261003_22:00:00   1.1747e+00   1.8883e+02   1.0021e+01   2.9828e-01   1.8393e-03   2.6650e+02
20261003_23:00:00   7.5079e-01   1.4512e+02   9.9729e+00   1.2121e-01   9.6050e-05   2.6811e+02
20261004_00:00:00   7.6937e-01   1.4746e+02   9.9401e+00   1.3041e-01   1.8283e-04   2.6931e+02
20261004_01:00:00   4.9037e-01   1.0711e+02   9.7569e+00   2.0724e-02   2.1032e-04   2.6987e+02
20261004_02:00:00   4.5204e-01   1.0062e+02   9.7468e+00   6.9340e-03   2.5810e-05   2.6969e+02
20261004_03:00:00   4.6488e-01   1.0266e+02   9.9462e+00   8.2620e-03   1.4833e-03   2.6862e+02
20261004_04:00:00   5.2294e-01   1.1212e+02   1.0167e+01   2.7940e-02   3.4164e-03   2.7017e+02
20261004_05:00:00   6.8932e-01   1.3672e+02   1.0154e+01   9.6880e-02   6.8581e-03   2.7211e+02
20261004_06:00:00   6.0456e-01   1.2467e+02   1.0061e+01   6.4040e-02   4.7658e-03   2.7127e+02
20261004_07:00:00   6.4032e-01   1.2994e+02   9.8816e+00   8.1720e-02   7.8894e-04   2.7057e+02
20261004_08:00:00   6.3101e-01   1.2868e+02   9.7946e+00   7.9260e-02   5.2449e-04   2.6915e+02
20261004_09:00:00   6.0746e-01   1.2530e+02   9.6142e+00   7.3170e-02   2.0743e-04   2.6791e+02
20261004_10:00:00   6.0214e-01   1.2458e+02   9.4533e+00   7.4520e-02   1.0563e-04   2.6787e+02
20261004_11:00:00   5.6372e-01   1.1882e+02   9.3737e+00   6.0190e-02   5.9796e-05   2.6784e+02
20261004_12:00:00   5.1912e-01   1.1183e+02   9.3227e+00   4.2510e-02   6.7618e-05   2.6794e+02
20261004_13:00:00   4.9819e-01   1.0847e+02   9.2634e+00   3.4470e-02   6.4420e-05   2.7023e+02
20261004_14:00:00   4.7658e-01   1.0487e+02   9.2285e+00   2.5600e-02   5.7670e-05   2.7225e+02
20261004_15:00:00   4.3590e-01   9.8016e+01   9.0867e+00   1.1204e-02   5.7450e-05   2.7276e+02
20261004_16:00:00   3.9996e-01   9.1716e+01   8.9324e+00   0.0000e+00   0.0000e+00   2.7139e+02
20261004_17:00:00   3.9793e-01   9.1437e+01   8.8819e+00   0.0000e+00   0.0000e+00   2.7088e+02
20261004_18:00:00   5.0689e-01   1.1025e+02   9.1109e+00   3.8590e-02   0.0000e+00   2.7119e+02
20261004_19:00:00   5.9745e-01   1.2429e+02   9.5319e+00   6.6352e-02   5.1430e-05   2.6805e+02
20261004_20:00:00   7.8480e-01   1.4964e+02   9.9946e+00   1.3388e-01   1.0382e-04   2.6768e+02
20261004_21:00:00   7.0845e-01   1.3988e+02   1.0020e+01   1.0149e-01   2.3950e-05   2.6753e+02
20261004_22:00:00   5.7751e-01   1.2129e+02   1.0019e+01   4.7480e-02   1.8792e-05   2.6681e+02
20261004_23:00:00   5.6268e-01   1.1907e+02   1.0213e+01   3.5953e-02   5.1463e-05   2.6777e+02
20261005_00:00:00   5.8577e-01   1.2267e+02   1.0240e+01   4.4082e-02   3.4142e-05   2.6719e+02
20261005_01:00:00   5.4033e-01   1.1561e+02   1.0271e+01   2.4341e-02   1.0514e-04   2.6642e+02
20261005_02:00:00   5.3757e-01   1.1513e+02   1.0460e+01   1.8553e-02   1.4893e-04   2.6674e+02
20261005_03:00:00   4.9528e-01   1.0824e+02   1.0461e+01   1.6275e-03   3.2347e-05   2.6749e+02
20261005_04:00:00   4.8719e-01   1.0691e+02   1.0396e+01   7.1000e-05   8.0756e-06   2.6826e+02
20261005_05:00:00   4.7562e-01   1.0511e+02   1.0104e+01   1.5114e-03   8.1707e-06   2.6767e+02
20261005_06:00:00   4.7180e-01   1.0453e+02   1.0009e+01   1.5480e-03   2.0020e-06   2.6616e+02
20261005_07:00:00   4.7606e-01   1.0518e+02   1.0103e+01   1.3537e-03   3.2698e-06   2.6524e+02
20261005_08:00:00   4.8089e-01   1.0594e+02   1.0187e+01   1.9354e-03   2.0020e-06   2.6473e+02
20261005_09:00:00   5.1092e-01   1.1082e+02   1.0391e+01   9.1631e-03   9.2020e-06   2.6455e+02
20261005_10:00:00   5.1549e-01   1.1161e+02   1.0355e+01   1.1915e-02   8.1300e-05   2.6325e+02
20261005_11:00:00   4.9390e-01   1.0805e+02   1.0416e+01   2.1395e-03   5.0938e-05   2.6280e+02
20261005_12:00:00   4.7803e-01   1.0549e+02   1.0250e+01   0.0000e+00   0.0000e+00   2.6380e+02
20261005_13:00:00   4.7753e-01   1.0543e+02   1.0237e+01   0.0000e+00   0.0000e+00   2.6539e+02
20261005_14:00:00   4.7948e-01   1.0578e+02   1.0234e+01   6.7250e-05   0.0000e+00   2.6747e+02
20261005_15:00:00   5.0736e-01   1.1030e+02   1.0457e+01   5.3184e-03   1.3757e-04   2.6806e+02
20261005_16:00:00   5.0844e-01   1.1055e+02   1.0542e+01   5.3370e-03   5.1601e-03   2.6872e+02
20261005_17:00:00   5.2916e-01   1.1369e+02   1.1095e+01   2.0984e-03   3.1646e-02   2.6938e+02
20261005_18:00:00   5.5041e-01   1.1693e+02   1.1449e+01   3.0754e-03   3.9680e-02   2.6773e+02
20261005_19:00:00   5.9692e-01   1.2417e+02   1.1498e+01   1.9498e-02   6.1926e-02   2.6531e+02
20261005_20:00:00   7.5614e-01   1.4632e+02   1.1455e+01   8.4834e-02   4.7468e-02   2.6429e+02
20261005_21:00:00   8.2826e-01   1.5536e+02   1.1431e+01   1.1533e-01   6.7707e-03   2.6388e+02
20261005_22:00:00   1.4644e+00   2.1135e+02   1.1620e+01   3.6863e-01   1.6819e-02   2.6459e+02
20261005_23:00:00   2.1944e+00   2.4337e+02   1.1881e+01   6.7092e-01   9.8703e-02   2.6460e+02
20261006_00:00:00   1.8406e+00   2.2923e+02   1.2055e+01   5.3420e-01   2.3805e-01   2.6415e+02
20261006_01:00:00   1.7733e+00   2.2716e+02   1.2152e+01   4.9054e-01   3.7207e-01   2.6436e+02
20261006_02:00:00   3.0427e+00   2.6042e+02   1.2438e+01   1.0244e+00   3.9415e-01   2.6411e+02
20261006_03:00:00   2.2882e+00   2.4536e+02   1.2338e+01   7.0944e-01   3.5397e-01   2.6488e+02
20261006_04:00:00   1.3259e+00   2.0093e+02   1.1783e+01   3.1649e-01   2.2899e-01   2.6582e+02
20261006_05:00:00   8.3389e-01   1.5541e+02   1.1388e+01   1.2039e-01   1.9420e-01   2.6460e+02
20261006_06:00:00   5.5567e-01   1.1780e+02   1.1037e+01   1.4456e-02   7.4022e-02   2.6274e+02
20261006_07:00:00   4.9593e-01   1.0843e+02   1.0598e+01   8.8940e-04   1.4546e-02   2.5986e+02
20261006_08:00:00   4.7946e-01   1.0581e+02   1.0337e+01   1.0381e-03   1.6337e-03   2.5798e+02
20261006_09:00:00   4.7109e-01   1.0470e+02   9.7859e+00   8.6190e-03   1.0204e-03   2.5690e+02
20261006_10:00:00   5.1468e-01   1.1192e+02   9.8199e+00   2.4337e-02   3.7181e-04   2.5755e+02
20261006_11:00:00   1.0016e+00   1.7409e+02   1.0326e+01   2.0970e-01   7.8004e-05   2.5769e+02
20261006_12:00:00   6.5787e-01   1.3327e+02   1.0262e+01   7.3200e-02   2.3393e-05   2.5810e+02
20261006_15:00:00   4.9850e-01   1.0887e+02   1.0388e+01   5.6650e-03   3.0830e-03   2.6027e+02
20261006_18:00:00   2.1389e+00   2.4130e+02   1.1518e+01   6.6081e-01   5.7604e-02   2.5954e+02
20261006_21:00:00   5.3479e-01   1.1452e+02   1.1333e+01   5.9490e-03   1.8677e-01   2.5643e+02
20261007_00:00:00   7.0727e-01   1.3911e+02   1.2397e+01   5.3829e-02   1.2903e-01   2.5571e+02
20261007_03:00:00   6.7182e-01   1.3417e+02   1.2632e+01   3.5612e-02   3.7495e-02   2.5662e+02
20261007_06:00:00   5.2748e-01   1.1301e+02   1.1546e+01   1.2605e-04   1.1491e-02   2.5544e+02
20261007_09:00:00   5.1272e-01   1.1090e+02   1.1085e+01   0.0000e+00   4.6947e-02   2.5413e+02
20261007_12:00:00   5.2901e-01   1.1333e+02   1.1561e+01   2.9560e-04   9.8814e-03   2.5672e+02
20261007_15:00:00   5.3748e-01   1.1492e+02   1.1527e+01   2.1624e-03   8.3739e-03   2.5706e+02
20261007_18:00:00   8.4755e-01   1.5721e+02   1.1971e+01   1.1862e-01   3.5806e-03   2.5890e+02
20261007_21:00:00   5.9196e-01   1.2301e+02   1.1939e+01   1.9719e-02   8.8438e-02   2.6012e+02
20261008_00:00:00   8.6691e-01   1.5853e+02   1.3670e+01   8.8207e-02   7.2346e-01   2.5886e+02
20261008_03:00:00   6.0215e-01   1.2431e+02   1.3068e+01   1.7039e-07   2.3003e-01   2.6104e+02
20261008_06:00:00   1.5344e+00   2.1481e+02   1.3656e+01   3.6363e-01   5.3586e-01   2.5995e+02
20261008_09:00:00   2.1007e+00   2.4089e+02   1.3569e+01   5.9753e-01   2.2113e-01   2.5598e+02
20261008_12:00:00   1.1234e+00   1.8472e+02   1.3676e+01   1.9659e-01   4.3216e-01   2.5569e+02
20261008_15:00:00   2.7211e+00   2.5587e+02   1.3901e+01   8.4857e-01   6.3285e-01   2.6157e+02
20261008_18:00:00   1.9060e+00   2.3334e+02   1.3850e+01   5.1327e-01   4.0911e-01   2.6507e+02
20261008_21:00:00   2.0140e+00   2.3697e+02   1.3932e+01   5.5742e-01   5.8511e-01   2.6197e+02
20261009_00:00:00   2.6427e+00   2.5442e+02   1.3631e+01   8.2582e-01   2.0096e-01   2.5849e+02
20261009_03:00:00   1.6232e+00   2.1970e+02   1.3472e+01   4.0931e-01   6.4299e-02   2.6009e+02
20261009_06:00:00   1.6229e+00   2.2000e+02   1.3432e+01   4.0814e-01   5.1326e-02   2.6070e+02
20261009_09:00:00   1.7814e+00   2.2772e+02   1.2867e+01   4.8691e-01   9.9430e-03   2.5898e+02
20261009_12:00:00   1.0524e+00   1.7828e+02   1.3059e+01   1.8352e-01   8.4485e-02   2.6211e+02
20261009_15:00:00   7.5347e-01   1.4563e+02   1.2415e+01   7.1912e-02   1.1277e-02   2.6365e+02
20261009_18:00:00   2.0456e+00   2.3819e+02   1.2873e+01   5.9550e-01   5.7083e-03   2.6093e+02
20261009_21:00:00   7.0124e-01   1.3859e+02   1.2718e+01   4.5853e-02   3.0324e-02   2.6056e+02
20261010_00:00:00   2.9811e+00   2.5989e+02   1.2151e+01   9.9870e-01   4.0714e-02   2.5854e+02
20261010_03:00:00   1.7753e+00   2.2751e+02   1.1947e+01   5.0067e-01   1.6942e-02   2.6191e+02
20261010_06:00:00   5.3777e-01   1.1499e+02   1.1013e+01   1.0387e-02   7.6345e-04   2.6313e+02
20261010_09:00:00   8.7354e-01   1.5934e+02   1.0910e+01   1.5094e-01   8.5261e-03   2.6382e+02
20261010_12:00:00   9.4367e-01   1.6727e+02   1.0593e+01   1.8545e-01   3.8105e-03   2.6388e+02
20261010_15:00:00   6.3537e-01   1.2972e+02   1.0200e+01   6.6871e-02   3.3314e-03   2.6650e+02
20261010_18:00:00   5.8052e-01   1.2188e+02   1.0406e+01   3.8357e-02   3.7489e-03   2.6401e+02
20261010_21:00:00   7.0184e-01   1.3908e+02   1.1098e+01   7.3612e-02   1.7806e-03   2.6059e+02
20261011_00:00:00   9.3483e-01   1.6703e+02   1.1380e+01   1.6462e-01   1.1597e-03   2.6039e+02
20261011_03:00:00   6.7807e-01   1.3564e+02   1.1631e+01   5.5316e-02   1.2197e-02   2.6152e+02
20261011_06:00:00   7.0465e-01   1.3922e+02   1.1371e+01   7.2412e-02   1.2276e-02   2.6222e+02
20261011_09:00:00   6.1109e-01   1.2625e+02   1.0463e+01   5.1801e-02   2.2862e-04   2.6105e+02
20261011_12:00:00   4.5720e-01   1.0173e+02   1.0173e+01   0.0000e+00   2.8066e-04   2.6052e+02
20261011_15:00:00   4.4740e-01   1.0020e+02   9.9676e+00   0.0000e+00   2.8540e-04   2.6196e+02
20261011_18:00:00   4.1232e-01   9.4602e+01   8.8062e+00   8.0590e-03   2.2900e-04   2.6213e+02
20261011_21:00:00   3.6940e-01   8.6925e+01   8.2429e+00   0.0000e+00   8.2275e-05   2.6167e+02
20261012_00:00:00   4.0474e-01   9.3178e+01   9.0155e+00   0.0000e+00   7.4276e-04   2.6548e+02
20261012_03:00:00   4.6291e-01   1.0288e+02   1.0343e+01   0.0000e+00   5.7310e-03   2.6546e+02
20261012_06:00:00   4.9533e-01   1.0797e+02   1.0938e+01   0.0000e+00   3.0388e-03   2.6387e+02
20261012_09:00:00   4.7606e-01   1.0505e+02   1.0377e+01   0.0000e+00   4.3475e-03   2.6433e+02
20261012_12:00:00   4.0262e-01   9.2556e+01   9.0260e+00   0.0000e+00   5.3602e-03   2.6355e+02
20261012_15:00:00   4.2182e-01   9.5952e+01   9.4638e+00   0.0000e+00   2.7307e-03   2.6517e+02
20261012_18:00:00   4.8180e-01   1.0635e+02   9.7636e+00   1.8560e-02   1.2836e-02   2.6309e+02
20261012_21:00:00   6.3413e-01   1.3033e+02   9.8610e+00   7.4560e-02   5.4493e-03   2.6099e+02
20261013_00:00:00   4.8434e-01   1.0702e+02   9.7859e+00   1.4315e-02   1.4890e-03   2.5968e+02
20261013_03:00:00   4.4902e-01   1.0082e+02   9.8177e+00   5.4270e-04   6.1146e-04   2.6212e+02
20261013_06:00:00   4.1822e-01   9.5756e+01   8.7634e+00   6.2780e-03   1.1638e-03   2.6244e+02
20261013_09:00:00   3.6688e-01   8.6434e+01   7.9411e+00   2.1606e-03   3.9747e-03   2.6266e+02
20261013_12:00:00   3.4106e-01   8.1570e+01   7.5904e+00   0.0000e+00   2.7780e-03   2.6343e+02
20261013_15:00:00   3.3299e-01   7.9950e+01   7.5242e+00   0.0000e+00   1.7240e-02   2.6429e+02
20261013_18:00:00   3.5586e-01   8.4432e+01   7.5395e+00   8.5540e-03   6.4114e-03   2.6479e+02
20261013_21:00:00   4.9987e-01   1.0950e+02   8.6259e+00   4.8500e-02   3.0996e-03   2.6363e+02
20261014_00:00:00   3.5615e-01   8.3955e+01   8.1897e+00   0.0000e+00   9.7130e-04   2.6280e+02
20261014_03:00:00   3.0432e-01   7.4141e+01   7.1018e+00   0.0000e+00   3.6830e-04   2.6547e+02
20261014_06:00:00   3.7285e-01   8.6812e+01   8.5426e+00   0.0000e+00   2.2480e-04   2.6645e+02
20261014_09:00:00   4.3820e-01   9.8314e+01   9.7454e+00   0.0000e+00   3.4020e-04   2.6471e+02
20261014_12:00:00   4.4001e-01   9.8781e+01   9.5706e+00   2.1077e-03   5.4061e-05   2.6486e+02
20261014_15:00:00   4.5235e-01   1.0092e+02   9.8756e+00   4.2760e-04   1.0251e-04   2.6668e+02
20261014_18:00:00   5.0264e-01   1.0956e+02   9.7757e+00   2.0404e-02   2.2860e-04   2.6557e+02
20261014_21:00:00   9.9237e-01   1.7246e+02   1.0017e+01   2.2044e-01   1.2891e-03   2.6664e+02
20261015_00:00:00   7.0980e-01   1.3987e+02   1.0178e+01   1.0133e-01   7.7995e-04   2.6781e+02
20261015_03:00:00   1.1099e+00   1.8409e+02   9.9044e+00   2.6606e-01   4.0296e-03   2.7018e+02
20261015_06:00:00   4.1897e-01   9.5276e+01   9.0990e+00   1.8950e-06   7.4411e-02   2.6820e+02
20261015_09:00:00   4.1238e-01   9.3982e+01   9.0745e+00   0.0000e+00   7.3497e-02   2.6646e+02
20261015_12:00:00   4.2419e-01   9.5768e+01   9.3984e+00   0.0000e+00   1.0026e-01   2.6908e+02
20261015_15:00:00   4.3255e-01   9.7174e+01   9.5887e+00   0.0000e+00   6.3798e-02   2.6711e+02
20261015_18:00:00   4.9708e-01   1.0801e+02   1.0150e+01   1.4990e-02   2.8168e-02   2.6801e+02
20261015_21:00:00   6.4447e-01   1.3084e+02   1.0301e+01   7.1840e-02   1.5998e-02   2.6476e+02
20261016_00:00:00   5.6241e-01   1.1826e+02   1.0783e+01   2.7130e-02   3.3250e-01   2.6659e+02
20261016_03:00:00   5.2353e-01   1.1224e+02   1.0638e+01   1.4953e-02   5.4129e-02   2.6829e+02
20261016_06:00:00   5.2703e-01   1.1328e+02   9.6549e+00   3.2468e-02   3.1017e-03   2.6678e+02
20261016_09:00:00   5.8510e-01   1.2206e+02   9.6352e+00   5.4926e-02   3.3827e-03   2.6441e+02
20261016_12:00:00   4.4550e-01   9.9731e+01   9.3805e+00   9.9210e-04   4.6824e-04   2.6898e+02
20261016_15:00:00   4.1955e-01   9.5372e+01   8.9172e+00   1.0343e-03   8.7384e-05   2.7150e+02
20261016_18:00:00   4.4838e-01   1.0063e+02   8.9654e+00   1.2800e-02   3.9722e-04   2.6894e+02
20261016_21:00:00   4.3191e-01   9.7553e+01   9.4028e+00   6.5967e-04   1.0560e-02   2.6387e+02
20261017_00:00:00   3.9084e-01   9.0482e+01   8.5782e+00   0.0000e+00   9.3443e-03   2.6314e+02
20261017_03:00:00   3.7499e-01   8.7570e+01   8.2771e+00   0.0000e+00   5.3021e-03   2.6233e+02
20261017_06:00:00   3.6103e-01   8.4985e+01   7.9331e+00   0.0000e+00   1.2352e-04   2.6297e+02
20261017_09:00:00   3.4492e-01   8.1948e+01   7.5696e+00   0.0000e+00   6.3087e-05   2.6189e+02
20261017_12:00:00   3.6041e-01   8.4671e+01   7.9592e+00   0.0000e+00   2.1112e-04   2.6530e+02
