#            date       tau255        Tb[K]      pwv[mm] lwp[kg*m^-2] iwp[kg*m^-2]       o3[DU]
20260815_00:00:00   2.8779e-01   7.0522e+01   6.6813e+00   0.0000e+00   1.2651e-01   2.8105e+02
20260815_01:00:00   2.9091e-01   7.1183e+01   6.7984e+00   2.0290e-06   3.7939e-02   2.7957e+02
20260815_02:00:00   3.1029e-01   7.5000e+01   7.1695e+00   0.0000e+00   1.9841e-02   2.7916e+02
20260815_03:00:00   2.9702e-01   7.2523e+01   6.8731e+00   0.0000e+00   1.9624e-02   2.8038e+02
20260815_04:00:00   2.9112e-01   7.1369e+01   6.7242e+00   0.0000e+00   1.0338e-03   2.7745e+02
20260815_05:00:00   2.8754e-01   7.0619e+01   6.6729e+00   0.0000e+00   1.6584e-03   2.7649e+02
20260815_06:00:00   2.8542e-01   7.0140e+01   6.6797e+00   0.0000e+00   4.1905e-03   2.7951e+02
20260815_07:00:00   2.8239e-01   6.9483e+01   6.6250e+00   0.0000e+00   2.0783e-03   2.8255e+02
20260815_08:00:00   2.6563e-01   6.6109e+01   6.2842e+00   0.0000e+00   1.0146e-03   2.8249e+02
20260815_09:00:00   2.5294e-01   6.3558e+01   5.9715e+00   0.0000e+00   5.0038e-04   2.8050e+02
20260815_10:00:00   2.4536e-01   6.2074e+01   5.7488e+00   0.0000e+00   5.1740e-06   2.7878e+02
20260815_11:00:00   2.3242e-01   5.9449e+01   5.4267e+00   0.0000e+00   9.3480e-06   2.7839e+02
20260815_12:00:00   2.2558e-01   5.8062e+01   5.2588e+00   0.0000e+00   1.2996e-05   2.7917e+02
20260815_13:00:00   2.2745e-01   5.8464e+01   5.2916e+00   0.0000e+00   8.1580e-06   2.7982e+02
20260815_14:00:00   2.4138e-01   6.1382e+01   5.5836e+00   0.0000e+00   0.0000e+00   2.8044e+02
20260815_15:00:00   2.5943e-01   6.5132e+01   5.9619e+00   0.0000e+00   0.0000e+00   2.7932e+02
20260815_16:00:00   2.8573e-01   7.0414e+01   6.5135e+00   0.0000e+00   0.0000e+00   2.7973e+02
20260815_17:00:00   3.1929e-01   7.6916e+01   7.1874e+00   0.0000e+00   0.0000e+00   2.8006e+02
20260815_18:00:00   3.5788e-01   8.4084e+01   7.9655e+00   0.0000e+00   0.0000e+00   2.7710e+02
20260815_19:00:00   3.7017e-01   8.6236e+01   8.2522e+00   2.3760e-05   0.0000e+00   2.7785e+02
20260815_20:00:00   3.7302e-01   8.6759e+01   8.2027e+00   2.1620e-03   2.1730e-06   2.7819e+02
20260815_21:00:00   4.4253e-01   9.9243e+01   8.1588e+00   3.2140e-02   5.0130e-05   2.8040e+02
20260815_22:00:00   4.6498e-01   1.0288e+02   8.6085e+00   3.3070e-02   5.7092e-04   2.7934e+02
20260815_23:00:00   4.6751e-01   1.0309e+02   9.2174e+00   2.2380e-02   6.5902e-03   2.7858e+02
20260816_00:00:00   3.9403e-01   9.0341e+01   8.8293e+00   8.9620e-05   4.0262e-03   2.8042e+02
20260816_01:00:00   3.4153e-01   8.0955e+01   7.7528e+00   0.0000e+00   0.0000e+00   2.8061e+02
20260816_02:00:00   2.9210e-01   7.1602e+01   6.6910e+00   0.0000e+00   0.0000e+00   2.7979e+02
20260816_03:00:00   2.4858e-01   6.2878e+01   5.7826e+00   0.0000e+00   0.0000e+00   2.8234e+02
20260816_04:00:00   2.0703e-01   5.4170e+01   4.8605e+00   0.0000e+00   3.4920e-05   2.8621e+02
20260816_05:00:00   1.8526e-01   4.9465e+01   4.3459e+00   0.0000e+00   1.4480e-04   2.8483e+02
20260816_06:00:00   1.9368e-01   5.1310e+01   4.5034e+00   0.0000e+00   2.9760e-04   2.8319e+02
20260816_07:00:00   2.0765e-01   5.4356e+01   4.8001e+00   0.0000e+00   2.1780e-04   2.8137e+02
20260816_08:00:00   2.0757e-01   5.4277e+01   4.8232e+00   0.0000e+00   6.4060e-05   2.8372e+02
20260816_09:00:00   1.9875e-01   5.2337e+01   4.6448e+00   0.0000e+00   2.4440e-04   2.8383e+02
20260816_10:00:00   2.0337e-01   5.3307e+01   4.7295e+00   0.0000e+00   1.6760e-04   2.8328e+02
20260816_11:00:00   2.2783e-01   5.8574e+01   5.1965e+00   0.0000e+00   2.0240e-05   2.8467e+02
20260816_12:00:00   2.5239e-01   6.3685e+01   5.6716e+00   0.0000e+00   1.4848e-07   2.8387e+02
20260816_13:00:00   2.7091e-01   6.7374e+01   6.0739e+00   0.0000e+00   1.2874e-05   2.8403e+02
20260816_14:00:00   3.0147e-01   7.3306e+01   6.7736e+00   0.0000e+00   8.1580e-06   2.8630e+02
20260816_15:00:00   3.2595e-01   7.7980e+01   7.3135e+00   0.0000e+00   0.0000e+00   2.8320e+02
20260816_16:00:00   3.5967e-01   8.4181e+01   8.0087e+00   9.9510e-05   0.0000e+00   2.8130e+02
20260816_17:00:00   4.3679e-01   9.7873e+01   8.8293e+00   1.5400e-02   8.4622e-04   2.7912e+02
20260816_18:00:00   4.4588e-01   9.9312e+01   9.0542e+00   1.5275e-02   7.6524e-03   2.7824e+02
20260816_19:00:00   6.1986e-01   1.2690e+02   8.9907e+00   8.8950e-02   7.2988e-03   2.7753e+02
20260816_20:00:00   7.1370e-01   1.3946e+02   8.8120e+00   1.3415e-01   9.0591e-03   2.7737e+02
20260816_21:00:00   4.8011e-01   1.0500e+02   8.6523e+00   4.0019e-02   9.7612e-03   2.7537e+02
20260816_22:00:00   4.3762e-01   9.7962e+01   8.5027e+00   2.5633e-02   1.5939e-02   2.7449e+02
20260816_23:00:00   3.8047e-01   8.7765e+01   8.1622e+00   9.8960e-03   8.9380e-03   2.7708e+02
20260817_00:00:00   3.3576e-01   7.9456e+01   7.7290e+00   6.9900e-04   1.9763e-03   2.8015e+02
20260817_01:00:00   3.0586e-01   7.3767e+01   7.1533e+00   1.5670e-04   5.5571e-05   2.8194e+02
20260817_02:00:00   2.6635e-01   6.5983e+01   6.3300e+00   0.0000e+00   0.0000e+00   2.8281e+02
20260817_03:00:00   2.3706e-01   5.9957e+01   5.6895e+00   0.0000e+00   0.0000e+00   2.8282e+02
20260817_04:00:00   2.1396e-01   5.5138e+01   5.1675e+00   0.0000e+00   0.0000e+00   2.8192e+02
20260817_05:00:00   2.0923e-01   5.4185e+01   5.0455e+00   0.0000e+00   0.0000e+00   2.8371e+02
20260817_06:00:00   2.1727e-01   5.5912e+01   5.1766e+00   0.0000e+00   0.0000e+00   2.8220e+02
20260817_07:00:00   2.2181e-01   5.6888e+01   5.2511e+00   0.0000e+00   0.0000e+00   2.8149e+02
20260817_08:00:00   2.2384e-01   5.7363e+01   5.2832e+00   0.0000e+00   0.0000e+00   2.7820e+02
20260817_09:00:00   2.3341e-01   5.9381e+01   5.4660e+00   0.0000e+00   0.0000e+00   2.7830e+02
20260817_10:00:00   2.4200e-01   6.1163e+01   5.6444e+00   0.0000e+00   5.4940e-06   2.7870e+02
20260817_11:00:00   2.5103e-01   6.3012e+01   5.8248e+00   0.0000e+00   1.6598e-04   2.7825e+02
20260817_12:00:00   2.5000e-01   6.2849e+01   5.8006e+00   0.0000e+00   3.1827e-04   2.7746e+02
20260817_13:00:00   2.6691e-01   6.6256e+01   6.1456e+00   0.0000e+00   5.0700e-06   2.8001e+02
20260817_14:00:00   3.0064e-01   7.2821e+01   6.8527e+00   0.0000e+00   0.0000e+00   2.7990e+02
20260817_15:00:00   3.0622e-01   7.3835e+01   6.9809e+00   0.0000e+00   0.0000e+00   2.8119e+02
20260817_16:00:00   2.8812e-01   7.0211e+01   6.6636e+00   0.0000e+00   0.0000e+00   2.8214e+02
20260817_17:00:00   2.6429e-01   6.5460e+01   6.0946e+00   1.4740e-03   0.0000e+00   2.8211e+02
20260817_18:00:00   2.6612e-01   6.5982e+01   5.6427e+00   1.0540e-02   0.0000e+00   2.8247e+02
20260817_19:00:00   2.6335e-01   6.5440e+01   5.5506e+00   1.0118e-02   2.2010e-06   2.8282e+02
20260817_20:00:00   3.4764e-01   8.2095e+01   5.6565e+00   4.2660e-02   1.6865e-04   2.8155e+02
20260817_21:00:00   4.7984e-01   1.0547e+02   6.2476e+00   8.4420e-02   1.0636e-04   2.8091e+02
20260817_22:00:00   3.4529e-01   8.1622e+01   6.4762e+00   2.2704e-02   3.3290e-05   2.7928e+02
20260817_23:00:00   3.2903e-01   7.8484e+01   6.7469e+00   9.8790e-03   1.9329e-05   2.7992e+02
20260818_00:00:00   3.2964e-01   7.8607e+01   6.7376e+00   1.1420e-02   1.1105e-05   2.8075e+02
20260818_01:00:00   2.8612e-01   7.0065e+01   6.3746e+00   2.8800e-03   0.0000e+00   2.8228e+02
20260818_02:00:00   2.5941e-01   6.4574e+01   6.0116e+00   3.2180e-04   0.0000e+00   2.8313e+02
20260818_03:00:00   2.3203e-01   5.8873e+01   5.5036e+00   0.0000e+00   0.0000e+00   2.8336e+02
20260818_04:00:00   2.4101e-01   6.0768e+01   5.6862e+00   0.0000e+00   0.0000e+00   2.8182e+02
20260818_05:00:00   2.6290e-01   6.5349e+01   6.1021e+00   0.0000e+00   0.0000e+00   2.8421e+02
20260818_06:00:00   2.8361e-01   6.9527e+01   6.4870e+00   0.0000e+00   0.0000e+00   2.8648e+02
20260818_07:00:00   2.8819e-01   7.0513e+01   6.5378e+00   0.0000e+00   0.0000e+00   2.8492e+02
20260818_08:00:00   2.7940e-01   6.8822e+01   6.3422e+00   0.0000e+00   0.0000e+00   2.8231e+02
20260818_09:00:00   2.6981e-01   6.6921e+01   6.1478e+00   0.0000e+00   0.0000e+00   2.8156e+02
20260818_10:00:00   2.7760e-01   6.8483e+01   6.2668e+00   0.0000e+00   0.0000e+00   2.8142e+02
20260818_11:00:00   2.9322e-01   7.1613e+01   6.5475e+00   0.0000e+00   0.0000e+00   2.8164e+02
20260818_12:00:00   3.1160e-01   7.5197e+01   6.8776e+00   0.0000e+00   0.0000e+00   2.8100e+02
20260818_13:00:00   3.1597e-01   7.6115e+01   6.9425e+00   0.0000e+00   0.0000e+00   2.8141e+02
20260818_14:00:00   3.2976e-01   7.8797e+01   7.1718e+00   0.0000e+00   0.0000e+00   2.8228e+02
20260818_15:00:00   3.3661e-01   8.0136e+01   7.2727e+00   0.0000e+00   0.0000e+00   2.8263e+02
20260818_16:00:00   3.3661e-01   8.0183e+01   7.2227e+00   1.6163e-04   0.0000e+00   2.8136e+02
20260818_17:00:00   3.4849e-01   8.2447e+01   7.2571e+00   5.1205e-03   0.0000e+00   2.8166e+02
20260818_18:00:00   3.9469e-01   9.1063e+01   7.2806e+00   2.4340e-02   2.5020e-05   2.8186e+02
20260818_19:00:00   4.0427e-01   9.2683e+01   7.3324e+00   2.8388e-02   1.6152e-04   2.8157e+02
20260818_20:00:00   4.1163e-01   9.4015e+01   7.1607e+00   3.6320e-02   3.0527e-04   2.8096e+02
20260818_21:00:00   3.2005e-01   7.7011e+01   6.8976e+00   4.7800e-03   1.4094e-04   2.8051e+02
20260818_22:00:00   3.0466e-01   7.4061e+01   6.8028e+00   1.8620e-04   1.9252e-05   2.8006e+02
20260818_23:00:00   3.1966e-01   7.7023e+01   7.0035e+00   1.6840e-03   2.3380e-04   2.8095e+02
20260819_00:00:00   3.2826e-01   7.8741e+01   7.1896e+00   1.9720e-06   3.6780e-05   2.8132e+02
20260819_01:00:00   3.3346e-01   7.9782e+01   7.2259e+00   0.0000e+00   7.4860e-05   2.8020e+02
20260819_02:00:00   3.1319e-01   7.5921e+01   6.8629e+00   0.0000e+00   5.0920e-05   2.7772e+02
20260819_03:00:00   2.9944e-01   7.3242e+01   6.6367e+00   0.0000e+00   0.0000e+00   2.7764e+02
20260819_04:00:00   3.0560e-01   7.4467e+01   6.7382e+00   0.0000e+00   4.2260e-07   2.7908e+02
20260819_05:00:00   3.1631e-01   7.6589e+01   6.9094e+00   0.0000e+00   2.5360e-06   2.8100e+02
20260819_06:00:00   3.1576e-01   7.6501e+01   6.9072e+00   0.0000e+00   8.4520e-07   2.8051e+02
20260819_07:00:00   3.2334e-01   7.7904e+01   7.0984e+00   0.0000e+00   2.8469e-06   2.7970e+02
20260819_08:00:00   3.3716e-01   8.0540e+01   7.3363e+00   0.0000e+00   1.1420e-06   2.8013e+02
20260819_09:00:00   3.5021e-01   8.2994e+01   7.5527e+00   0.0000e+00   4.6443e-06   2.7863e+02
20260819_10:00:00   3.6372e-01   8.5457e+01   7.7379e+00   9.1057e-05   6.6893e-05   2.7940e+02
20260819_11:00:00   3.8257e-01   8.8874e+01   7.9075e+00   3.6238e-03   1.9156e-04   2.7893e+02
20260819_12:00:00   3.8377e-01   8.9113e+01   8.0454e+00   1.4690e-03   8.9770e-05   2.7818e+02
20260819_13:00:00   3.8151e-01   8.8702e+01   8.1395e+00   0.0000e+00   7.5818e-05   2.8013e+02
20260819_14:00:00   3.9616e-01   9.1320e+01   8.4248e+00   5.1520e-04   1.1703e-04   2.7894e+02
20260819_15:00:00   4.1902e-01   9.5375e+01   8.8923e+00   4.1313e-04   1.0442e-04   2.7773e+02
20260819_16:00:00   4.3876e-01   9.8703e+01   9.3994e+00   0.0000e+00   3.7765e-04   2.7749e+02
20260819_17:00:00   5.1264e-01   1.1069e+02   1.0354e+01   1.1771e-02   6.4542e-02   2.7751e+02
20260819_18:00:00   5.4228e-01   1.1525e+02   1.0742e+01   1.5742e-02   1.6506e-01   2.7790e+02
20260819_19:00:00   5.1449e-01   1.1096e+02   1.0613e+01   7.7450e-03   5.4883e-02   2.7698e+02
20260819_20:00:00   5.1772e-01   1.1151e+02   1.0702e+01   6.7440e-03   8.6084e-03   2.7717e+02
20260819_21:00:00   5.3679e-01   1.1439e+02   1.1110e+01   5.7780e-03   8.0343e-02   2.7560e+02
20260819_22:00:00   5.7423e-01   1.2004e+02   1.1406e+01   1.4463e-02   1.9027e-01   2.7503e+02
20260819_23:00:00   5.3225e-01   1.1368e+02   1.1112e+01   4.5250e-03   6.4663e-02   2.7518e+02
20260820_00:00:00   5.1958e-01   1.1173e+02   1.0853e+01   6.1460e-03   2.5244e-03   2.7562e+02
20260820_03:00:00   4.5536e-01   1.0126e+02   9.9935e+00   1.4848e-06   3.1787e-03   2.7856e+02
20260820_06:00:00   3.7547e-01   8.7258e+01   8.6142e+00   0.0000e+00   5.6260e-03   2.7611e+02
20260820_09:00:00   3.4310e-01   8.1341e+01   8.0218e+00   0.0000e+00   1.3542e-02   2.7723e+02
20260820_12:00:00   3.7428e-01   8.7162e+01   8.5030e+00   0.0000e+00   4.8057e-02   2.7814e+02
20260820_15:00:00   3.9739e-01   9.1473e+01   8.8271e+00   0.0000e+00   2.0497e-02   2.7727e+02
20260820_18:00:00   4.0292e-01   9.2682e+01   8.4109e+00   1.0630e-02   9.9381e-04   2.7715e+02
20260820_21:00:00   3.8486e-01   8.9417e+01   7.7920e+00   1.7397e-02   3.6884e-04   2.7295e+02
20260821_00:00:00   2.9876e-01   7.3015e+01   7.0052e+00   0.0000e+00   1.2532e-03   2.7287e+02
20260821_03:00:00   2.9287e-01   7.1765e+01   6.8562e+00   0.0000e+00   2.9715e-04   2.7478e+02
20260821_06:00:00   2.2066e-01   5.7100e+01   5.2886e+00   0.0000e+00   6.8468e-04   2.7586e+02
20260821_09:00:00   2.2375e-01   5.7891e+01   5.3144e+00   0.0000e+00   4.6162e-04   2.7681e+02
20260821_12:00:00   2.2229e-01   5.7718e+01   5.1737e+00   7.1850e-04   5.0698e-05   2.7765e+02
20260821_15:00:00   4.1149e-01   9.4898e+01   6.4811e+00   4.7925e-02   1.4018e-04   2.7632e+02
20260821_18:00:00   3.6750e-01   8.6599e+01   7.0578e+00   1.5622e-02   2.9086e-04   2.7766e+02
20260821_21:00:00   2.7126e-01   6.7963e+01   5.9811e+00   1.0360e-03   1.7263e-04   2.7504e+02
20260822_00:00:00   2.6820e-01   6.7233e+01   5.9256e+00   1.5775e-03   1.7320e-05   2.7771e+02
20260822_03:00:00   2.2120e-01   5.7390e+01   5.1042e+00   0.0000e+00   1.1024e-05   2.8254e+02
20260822_06:00:00   2.2135e-01   5.7309e+01   5.1239e+00   0.0000e+00   1.7084e-04   2.7951e+02
20260822_09:00:00   2.6604e-01   6.6632e+01   6.0462e+00   0.0000e+00   1.1435e-04   2.8416e+02
20260822_12:00:00   4.1525e-01   9.4335e+01   8.9516e+00   8.4520e-07   2.1982e-04   2.8340e+02
20260822_15:00:00   4.9022e-01   1.0670e+02   1.0210e+01   4.9214e-03   7.8834e-04   2.8457e+02
20260822_18:00:00   4.6732e-01   1.0265e+02   9.9318e+00   4.9112e-03   2.9585e-02   2.8022e+02
20260822_21:00:00   4.1934e-01   9.4523e+01   9.1829e+00   5.0550e-03   1.7861e-02   2.7969e+02
20260823_00:00:00   3.8141e-01   8.7753e+01   8.7065e+00   0.0000e+00   2.1136e-02   2.8176e+02
20260823_03:00:00   2.8293e-01   6.9295e+01   6.7206e+00   0.0000e+00   1.8093e-02   2.8328e+02
20260823_06:00:00   2.3002e-01   5.8465e+01   5.5659e+00   0.0000e+00   1.2522e-02   2.8812e+02
20260823_09:00:00   2.8756e-01   7.0181e+01   6.6197e+00   0.0000e+00   2.4322e-02   2.8519e+02
20260823_12:00:00   3.7449e-01   8.6650e+01   8.1846e+00   1.2190e-03   4.3788e-03   2.8233e+02
20260823_15:00:00   2.9922e-01   7.2523e+01   6.7968e+00   0.0000e+00   3.9042e-03   2.8528e+02
20260823_18:00:00   2.9531e-01   7.1837e+01   6.6341e+00   2.2620e-03   8.3951e-03   2.8554e+02
20260823_21:00:00   3.5237e-01   8.2817e+01   7.0185e+00   1.8754e-02   3.3976e-02   2.8427e+02
20260824_00:00:00   5.0847e-01   1.0970e+02   8.1072e+00   6.1200e-02   1.1965e-02   2.8430e+02
20260824_03:00:00   4.1119e-01   9.3232e+01   8.1523e+00   1.8597e-02   9.4898e-03   2.8755e+02
20260824_06:00:00   3.6869e-01   8.5573e+01   7.9639e+00   4.5460e-03   9.9434e-02   2.8749e+02
20260824_09:00:00   4.5313e-01   1.0012e+02   8.8872e+00   1.8861e-02   1.3332e-02   2.8616e+02
20260824_12:00:00   4.8486e-01   1.0544e+02   9.1514e+00   2.6783e-02   4.8032e-02   2.8572e+02
20260824_15:00:00   5.8839e-01   1.2181e+02   9.1741e+00   6.9852e-02   1.3079e-02   2.8924e+02
20260824_18:00:00   4.3640e-01   9.7487e+01   9.1762e+00   9.2426e-03   9.9417e-03   2.8787e+02
20260824_21:00:00   4.4008e-01   9.8047e+01   9.5854e+00   2.7783e-03   2.7968e-03   2.8565e+02
20260825_00:00:00   4.8471e-01   1.0565e+02   9.9910e+00   1.1800e-02   7.3674e-03   2.8455e+02
20260825_03:00:00   4.5096e-01   9.9956e+01   9.8991e+00   6.2740e-04   1.9706e-02   2.8566e+02
20260825_06:00:00   4.5558e-01   1.0089e+02   9.7670e+00   3.3250e-03   2.2382e-03   2.8693e+02
20260825_09:00:00   4.3449e-01   9.7256e+01   9.6065e+00   7.2880e-05   7.2198e-03   2.8675e+02
20260825_12:00:00   4.2317e-01   9.5316e+01   9.4482e+00   0.0000e+00   6.6627e-03   2.8562e+02
20260825_15:00:00   4.5971e-01   1.0160e+02   9.6111e+00   9.9200e-03   2.6413e-02   2.8639e+02
20260825_18:00:00   5.2922e-01   1.1301e+02   1.0043e+01   2.7564e-02   9.4467e-04   2.8400e+02
20260825_21:00:00   5.2169e-01   1.1194e+02   1.0584e+01   1.1182e-02   1.3312e-02   2.8170e+02
20260826_00:00:00   8.2616e-01   1.5328e+02   1.1210e+01   1.2901e-01   3.0539e-02   2.8464e+02
20260826_03:00:00   1.0738e+00   1.7918e+02   1.1230e+01   2.3173e-01   2.8075e-02   2.8497e+02
20260826_06:00:00   1.2009e+00   1.9050e+02   1.1273e+01   2.8026e-01   5.7787e-02   2.8108e+02
20260826_09:00:00   1.2210e+00   1.9202e+02   1.1221e+01   2.9181e-01   1.2541e-02   2.7849e+02
20260826_12:00:00   5.5903e-01   1.1730e+02   1.1063e+01   1.8844e-02   8.9132e-02   2.8059e+02
20260826_15:00:00   4.9282e-01   1.0674e+02   1.0704e+01   0.0000e+00   2.1845e-02   2.7851e+02
20260826_18:00:00   7.8996e-01   1.4939e+02   1.0932e+01   1.1683e-01   1.8596e-02   2.7883e+02
20260826_21:00:00   1.8159e+00   2.2745e+02   1.1538e+01   5.3692e-01   1.1911e-01   2.7639e+02
20260827_00:00:00   1.4900e+00   2.1047e+02   1.1660e+01   3.9334e-01   3.8288e-01   2.7534e+02
20260827_03:00:00   6.7192e-01   1.3368e+02   1.1409e+01   5.6667e-02   1.2176e-01   2.7691e+02
20260827_06:00:00   5.5544e-01   1.1658e+02   1.1387e+01   1.0016e-02   1.3322e-01   2.7356e+02
20260827_09:00:00   7.5224e-01   1.4445e+02   1.1162e+01   9.6765e-02   9.5917e-02   2.7505e+02
20260827_12:00:00   1.2833e+00   1.9671e+02   1.1254e+01   3.1470e-01   1.3750e-01   2.7457e+02
20260827_15:00:00   1.1949e+00   1.8989e+02   1.1274e+01   2.7651e-01   1.4260e-01   2.7673e+02
20260827_18:00:00   6.6641e-01   1.3275e+02   1.1645e+01   4.5367e-02   5.4419e-01   2.7614e+02
20260827_21:00:00   8.9491e-01   1.6123e+02   1.1730e+01   1.3912e-01   4.3608e-01   2.7379e+02
20260828_00:00:00   5.4668e-01   1.1521e+02   1.1594e+01   2.2294e-03   2.2038e-01   2.7524e+02
20260828_03:00:00   5.8882e-01   1.2162e+02   1.1771e+01   1.2996e-02   3.5357e-01   2.7697e+02
20260828_06:00:00   5.1668e-01   1.1052e+02   1.1229e+01   0.0000e+00   1.1471e-01   2.7642e+02
20260828_09:00:00   5.2651e-01   1.1195e+02   1.1280e+01   0.0000e+00   2.7701e-01   2.7633e+02
20260828_12:00:00   5.5346e-01   1.1623e+02   1.1398e+01   5.6650e-03   3.4148e-01   2.7397e+02
20260828_15:00:00   6.8365e-01   1.3531e+02   1.1464e+01   5.4901e-02   4.7484e-01   2.7733e+02
20260828_18:00:00   5.1545e-01   1.1034e+02   1.1053e+01   4.5901e-05   2.8000e-01   2.7776e+02
20260828_21:00:00   5.0551e-01   1.0885e+02   1.1012e+01   0.0000e+00   1.9599e-01   2.7657e+02
20260829_00:00:00   4.7361e-01   1.0378e+02   1.0452e+01   1.8870e-06   2.6696e-03   2.7463e+02
20260829_03:00:00   4.4829e-01   9.9680e+01   1.0010e+01   0.0000e+00   1.6074e-02   2.7404e+02
20260829_06:00:00   4.6934e-01   1.0320e+02   1.0344e+01   0.0000e+00   8.2129e-03   2.7609e+02
20260829_09:00:00   4.4929e-01   1.0001e+02   9.9234e+00   0.0000e+00   2.9274e-03   2.7536e+02
20260829_12:00:00   4.4197e-01   9.8732e+01   9.7538e+00   0.0000e+00   3.4775e-03   2.7625e+02
20260829_15:00:00   4.7257e-01   1.0376e+02   1.0274e+01   0.0000e+00   5.8499e-03   2.7482e+02
20260829_18:00:00   8.3824e-01   1.5505e+02   1.0912e+01   1.3646e-01   1.6211e-02   2.7331e+02
20260829_21:00:00   7.4756e-01   1.4393e+02   1.0742e+01   1.0680e-01   4.5493e-02   2.7555e+02
20260830_00:00:00   5.7183e-01   1.1981e+02   1.0750e+01   2.8940e-02   1.4547e-02   2.7422e+02
20260830_03:00:00   5.8537e-01   1.2189e+02   1.0864e+01   3.1730e-02   6.1150e-04   2.7655e+02
20260830_06:00:00   5.5041e-01   1.1663e+02   1.0437e+01   2.3465e-02   4.1282e-03   2.7497e+02
20260830_09:00:00   5.1526e-01   1.1142e+02   8.9642e+00   3.7138e-02   7.2154e-03   2.7714e+02
20260830_12:00:00   4.6826e-01   1.0360e+02   8.9328e+00   1.6959e-02   5.4615e-03   2.7539e+02
20260830_15:00:00   4.5982e-01   1.0204e+02   9.3597e+00   6.1120e-03   2.1463e-03   2.7644e+02
20260830_18:00:00   7.3784e-01   1.4346e+02   9.6961e+00   1.1441e-01   5.9638e-04   2.7461e+02
20260830_21:00:00   4.8019e-01   1.0554e+02   9.4538e+00   1.5694e-02   7.3043e-04   2.7739e+02
20260831_00:00:00   5.1607e-01   1.1129e+02   9.3211e+00   3.7575e-02   1.3835e-03   2.7580e+02
