#            date       tau255        Tb[K]      pwv[mm] lwp[kg*m^-2] iwp[kg*m^-2]       o3[DU]
20261005_00:00:00   1.4533e+00   2.0918e+02   1.1692e+01   3.7228e-01   2.7517e-01   2.6503e+02
20261005_01:00:00   1.6867e+00   2.2233e+02   1.1515e+01   4.7556e-01   1.5642e-01   2.6470e+02
20261005_02:00:00   1.4746e+00   2.1028e+02   1.1297e+01   3.9314e-01   9.6323e-02   2.6495e+02
20261005_03:00:00   1.3146e+00   1.9956e+02   1.1037e+01   3.3156e-01   7.3483e-02   2.6700e+02
20261005_04:00:00   8.7661e-01   1.5998e+02   1.0685e+01   1.5684e-01   3.7759e-02   2.6820e+02
20261005_05:00:00   5.5955e-01   1.1834e+02   1.0037e+01   4.0820e-02   4.1434e-04   2.6843e+02
20261005_06:00:00   7.0985e-01   1.4006e+02   9.4718e+00   1.1382e-01   8.0069e-05   2.7014e+02
20261005_07:00:00   7.4056e-01   1.4414e+02   9.1576e+00   1.3186e-01   9.4078e-05   2.7283e+02
20261005_08:00:00   5.9427e-01   1.2388e+02   8.7182e+00   8.0960e-02   1.6060e-04   2.7109e+02
20261005_09:00:00   4.8134e-01   1.0620e+02   8.3214e+00   4.2530e-02   2.0152e-04   2.6954e+02
20261005_10:00:00   3.5755e-01   8.4389e+01   7.9065e+00   0.0000e+00   4.0544e-04   2.6954e+02
20261005_11:00:00   3.3774e-01   8.0813e+01   7.5230e+00   0.0000e+00   2.4604e-03   2.6806e+02
20261005_12:00:00   3.3488e-01   8.0288e+01   7.4515e+00   0.0000e+00   2.3482e-03   2.7077e+02
20261005_13:00:00   3.5640e-01   8.4210e+01   7.8557e+00   0.0000e+00   2.3013e-03   2.7097e+02
20261005_14:00:00   3.8056e-01   8.8586e+01   8.3501e+00   0.0000e+00   6.2730e-04   2.6904e+02
20261005_15:00:00   3.9828e-01   9.1775e+01   8.7870e+00   0.0000e+00   3.0880e-04   2.6814e+02
20261005_16:00:00   4.1103e-01   9.4002e+01   9.0494e+00   0.0000e+00   3.1889e-04   2.6625e+02
20261005_17:00:00   4.5229e-01   1.0100e+02   9.6404e+00   3.1970e-03   1.5349e-03   2.6543e+02
20261005_18:00:00   5.4048e-01   1.1557e+02   1.0049e+01   3.1128e-02   2.4452e-03   2.6370e+02
20261005_19:00:00   1.0156e+00   1.7537e+02   1.0611e+01   2.1453e-01   5.0774e-03   2.6001e+02
20261005_20:00:00   1.5578e+00   2.1657e+02   1.1097e+01   4.2650e-01   2.4062e-02   2.5888e+02
20261005_21:00:00   1.3983e+00   2.0648e+02   1.1476e+01   3.5439e-01   1.4495e-02   2.5995e+02
20261005_22:00:00   1.5818e+00   2.1773e+02   1.1596e+01   4.2755e-01   6.1156e-03   2.6148e+02
20261005_23:00:00   1.4875e+00   2.1220e+02   1.1656e+01   3.8688e-01   7.8239e-03   2.6530e+02
20261006_00:00:00   9.8130e-01   1.7171e+02   1.1427e+01   1.8279e-01   6.8062e-03   2.6697e+02
20261006_01:00:00   6.6254e-01   1.3343e+02   1.1421e+01   5.3360e-02   8.5159e-03   2.6768e+02
20261006_02:00:00   5.9521e-01   1.2363e+02   1.1565e+01   2.2526e-02   7.5266e-03   2.6657e+02
20261006_03:00:00   5.3799e-01   1.1491e+02   1.1383e+01   3.7534e-03   9.2754e-03   2.6605e+02
20261006_04:00:00   5.2803e-01   1.1338e+02   1.1393e+01   1.7746e-04   1.2436e-02   2.6648e+02
20261006_05:00:00   5.2972e-01   1.1360e+02   1.1421e+01   3.2231e-05   1.2284e-02   2.6617e+02
20261006_06:00:00   5.2616e-01   1.1303e+02   1.1337e+01   0.0000e+00   1.2314e-02   2.6435e+02
20261006_07:00:00   5.2065e-01   1.1220e+02   1.1209e+01   0.0000e+00   1.0489e-02   2.6471e+02
20261006_08:00:00   5.0358e-01   1.0956e+02   1.0864e+01   0.0000e+00   9.4181e-03   2.6595e+02
20261006_09:00:00   4.9899e-01   1.0883e+02   1.0766e+01   0.0000e+00   4.2265e-03   2.6797e+02
20261006_10:00:00   5.2086e-01   1.1237e+02   1.0726e+01   7.7170e-03   8.7118e-04   2.6811e+02
20261006_11:00:00   6.1301e-01   1.2637e+02   1.0965e+01   3.9950e-02   4.0673e-04   2.6684e+02
20261006_12:00:00   6.8821e-01   1.3705e+02   1.0845e+01   7.3900e-02   1.9457e-04   2.6638e+02
20261006_13:00:00   6.3215e-01   1.2929e+02   1.0639e+01   5.5550e-02   8.5447e-05   2.6571e+02
20261006_14:00:00   5.6980e-01   1.2014e+02   1.0457e+01   3.3280e-02   5.3675e-05   2.6461e+02
20261006_15:00:00   4.8271e-01   1.0642e+02   1.0075e+01   5.0450e-03   1.9168e-05   2.6322e+02
20261006_16:00:00   4.9006e-01   1.0760e+02   1.0274e+01   2.3533e-03   7.0473e-05   2.6437e+02
20261006_17:00:00   6.8582e-01   1.3716e+02   1.0532e+01   7.5579e-02   6.0143e-04   2.6511e+02
20261006_18:00:00   1.5553e+00   2.1673e+02   1.0924e+01   4.2261e-01   1.9220e-03   2.6569e+02
20261006_19:00:00   2.4422e+00   2.5036e+02   1.1445e+01   7.8100e-01   7.9191e-03   2.6551e+02
20261006_20:00:00   2.9313e+00   2.5943e+02   1.1814e+01   9.8486e-01   7.3638e-02   2.6478e+02
20261006_21:00:00   2.4727e+00   2.5065e+02   1.2029e+01   7.9266e-01   2.2162e-01   2.6532e+02
20261006_22:00:00   1.7949e+00   2.2797e+02   1.2117e+01   5.0914e-01   4.8698e-01   2.6508e+02
20261006_23:00:00   1.2328e+00   1.9415e+02   1.1990e+01   2.6982e-01   6.1936e-01   2.6259e+02
20261007_00:00:00   9.9975e-01   1.7342e+02   1.1640e+01   1.8473e-01   1.5465e-01   2.6058e+02
20261007_01:00:00   7.3260e-01   1.4302e+02   1.1175e+01   8.5964e-02   5.7360e-02   2.6028e+02
20261007_02:00:00   5.5596e-01   1.1799e+02   1.0873e+01   2.0007e-02   8.9376e-03   2.6041e+02
20261007_03:00:00   5.1769e-01   1.1198e+02   1.0776e+01   5.5490e-03   1.0775e-03   2.5869e+02
20261007_04:00:00   5.1068e-01   1.1084e+02   1.0742e+01   1.8485e-03   2.5704e-04   2.6028e+02
20261007_05:00:00   4.7850e-01   1.0580e+02   1.0247e+01   0.0000e+00   1.2230e-04   2.6066e+02
20261007_06:00:00   5.0396e-01   1.0974e+02   1.0622e+01   0.0000e+00   1.1047e-03   2.6251e+02
20261007_07:00:00   4.6605e-01   1.0372e+02   9.9268e+00   0.0000e+00   1.1645e-03   2.6257e+02
20261007_08:00:00   4.5492e-01   1.0189e+02   9.6334e+00   0.0000e+00   1.8646e-03   2.6197e+02
20261007_09:00:00   4.4942e-01   1.0093e+02   9.5044e+00   1.5230e-06   3.9026e-03   2.6235e+02
20261007_10:00:00   4.5362e-01   1.0153e+02   9.5965e+00   1.4480e-05   3.4595e-03   2.6323e+02
20261007_11:00:00   4.4806e-01   1.0055e+02   9.5310e+00   0.0000e+00   1.1240e-03   2.6357e+02
20261007_12:00:00   4.4431e-01   9.9888e+01   9.4807e+00   0.0000e+00   5.6730e-04   2.6264e+02
20261007_13:00:00   4.2588e-01   9.6828e+01   9.1879e+00   0.0000e+00   6.9517e-05   2.6299e+02
20261007_14:00:00   4.1779e-01   9.5446e+01   9.0285e+00   0.0000e+00   1.2334e-04   2.6373e+02
20261007_15:00:00   4.0878e-01   9.3896e+01   8.8122e+00   0.0000e+00   7.9740e-04   2.6361e+02
20261007_16:00:00   4.0090e-01   9.2472e+01   8.7112e+00   0.0000e+00   2.4265e-03   2.6310e+02
20261007_17:00:00   4.5293e-01   1.0185e+02   8.6414e+00   2.3880e-02   5.8508e-03   2.6318e+02
20261007_18:00:00   8.3732e-01   1.5686e+02   9.2092e+00   1.6698e-01   1.0920e-02   2.6333e+02
20261007_19:00:00   1.5651e+00   2.1760e+02   9.4093e+00   4.5840e-01   1.0521e-02   2.6194e+02
20261007_20:00:00   1.4597e+00   2.1105e+02   9.4623e+00   4.1494e-01   8.7633e-03   2.5881e+02
20261007_21:00:00   8.6298e-01   1.5956e+02   9.3597e+00   1.7205e-01   6.5234e-03   2.5675e+02
20261007_22:00:00   8.7681e-01   1.6126e+02   9.3648e+00   1.7737e-01   6.1552e-03   2.5710e+02
20261007_23:00:00   1.2455e+00   1.9618e+02   9.5517e+00   3.2293e-01   6.0535e-03   2.5687e+02
20261008_00:00:00   1.3221e+00   2.0151e+02   9.9805e+00   3.4841e-01   5.8412e-03   2.5857e+02
20261008_01:00:00   1.2402e+00   1.9484e+02   1.0051e+01   3.1746e-01   1.3469e-02   2.6067e+02
20261008_02:00:00   7.4225e-01   1.4460e+02   9.6580e+00   1.1850e-01   6.9705e-03   2.6161e+02
20261008_03:00:00   1.7016e+00   2.2432e+02   1.0379e+01   4.9698e-01   1.5016e-02   2.6261e+02
20261008_04:00:00   2.0355e+00   2.3761e+02   1.0675e+01   6.3793e-01   3.6764e-02   2.6268e+02
20261008_05:00:00   1.5394e+00   2.1415e+02   1.0477e+01   4.3927e-01   8.8770e-02   2.6430e+02
20261008_06:00:00   9.1922e-01   1.6450e+02   1.0271e+01   1.8352e-01   1.1038e-01   2.6508e+02
20261008_07:00:00   5.9618e-01   1.2422e+02   9.9395e+00   5.4328e-02   3.4537e-02   2.6609e+02
20261008_08:00:00   5.1046e-01   1.1119e+02   9.2401e+00   3.5119e-02   8.8996e-03   2.6585e+02
20261008_09:00:00   6.5201e-01   1.3246e+02   9.1302e+00   9.4063e-02   1.0682e-02   2.6556e+02
20261008_10:00:00   7.2936e-01   1.4277e+02   9.2833e+00   1.2426e-01   1.8796e-02   2.6491e+02
20261008_11:00:00   6.7707e-01   1.3589e+02   9.0322e+00   1.0762e-01   8.3179e-02   2.6324e+02
20261008_12:00:00   5.5993e-01   1.1884e+02   8.7027e+00   6.6865e-02   1.2892e-01   2.6242e+02
20261008_13:00:00   5.2034e-01   1.1262e+02   8.6564e+00   5.2001e-02   8.2699e-02   2.6256e+02
20261008_14:00:00   4.1995e-01   9.5652e+01   8.5878e+00   1.3588e-02   1.2695e-02   2.6274e+02
20261008_15:00:00   3.8871e-01   9.0012e+01   8.5472e+00   2.6650e-03   2.5783e-03   2.6419e+02
20261008_16:00:00   4.0444e-01   9.2755e+01   8.9590e+00   1.3050e-03   2.7601e-03   2.6399e+02
20261008_17:00:00   4.9489e-01   1.0806e+02   1.0093e+01   1.5650e-02   5.5363e-04   2.6460e+02
20261008_18:00:00   7.3138e-01   1.4268e+02   1.0951e+01   9.3410e-02   6.5356e-04   2.6574e+02
20261008_19:00:00   7.1794e-01   1.4081e+02   1.1437e+01   7.6984e-02   6.5326e-04   2.6531e+02
20261008_20:00:00   6.5453e-01   1.3195e+02   1.1738e+01   4.5526e-02   2.8489e-03   2.6505e+02
20261008_21:00:00   7.3460e-01   1.4266e+02   1.2253e+01   6.8060e-02   1.6542e-02   2.6324e+02
20261008_22:00:00   9.5903e-01   1.6886e+02   1.2589e+01   1.5253e-01   7.7853e-02   2.6311e+02
20261008_23:00:00   1.8778e+00   2.3231e+02   1.2907e+01   5.2025e-01   1.1928e-01   2.6346e+02
20261009_00:00:00   2.5524e+00   2.5241e+02   1.3004e+01   8.0240e-01   1.9804e-01   2.6403e+02
20261009_01:00:00   2.3304e+00   2.4639e+02   1.3037e+01   7.2243e-01   4.0482e-01   2.6426e+02
20261009_02:00:00   1.6775e+00   2.2152e+02   1.2822e+01   4.4907e-01   6.7213e-01   2.6596e+02
20261009_03:00:00   1.3682e+00   2.0328e+02   1.2737e+01   3.1570e-01   5.5769e-01   2.6649e+02
20261009_04:00:00   1.5090e+00   2.1226e+02   1.2453e+01   3.8680e-01   1.5013e-01   2.6683e+02
20261009_05:00:00   1.4901e+00   2.1106e+02   1.2448e+01   3.7963e-01   1.3820e-01   2.6667e+02
20261009_06:00:00   1.7424e+00   2.2521e+02   1.2368e+01   4.8104e-01   9.2776e-02   2.6578e+02
20261009_07:00:00   1.8986e+00   2.3211e+02   1.1947e+01   5.5504e-01   6.7598e-02   2.6573e+02
20261009_08:00:00   1.3602e+00   2.0330e+02   1.1750e+01   3.3448e-01   2.4989e-02   2.6557e+02
20261009_09:00:00   1.0737e+00   1.8006e+02   1.1673e+01   2.1779e-01   2.8277e-02   2.6481e+02
20261009_10:00:00   1.1865e+00   1.9000e+02   1.1606e+01   2.6575e-01   1.9993e-02   2.6383e+02
20261009_11:00:00   1.0013e+00   1.7320e+02   1.1568e+01   1.9005e-01   9.7419e-03   2.6354e+02
20261009_12:00:00   8.3589e-01   1.5547e+02   1.1314e+01   1.2714e-01   3.7856e-03   2.6422e+02
20261009_13:00:00   7.2194e-01   1.4126e+02   1.1151e+01   8.3067e-02   4.9583e-03   2.6456e+02
20261009_14:00:00   5.9535e-01   1.2358e+02   1.1100e+01   3.3070e-02   1.6359e-02   2.6551e+02
20261009_15:00:00   5.5131e-01   1.1679e+02   1.1260e+01   1.3241e-02   3.1900e-02   2.6677e+02
20261009_16:00:00   5.5639e-01   1.1745e+02   1.1579e+01   8.6750e-03   9.9959e-03   2.6712e+02
20261009_17:00:00   5.7472e-01   1.2032e+02   1.1694e+01   1.2006e-02   8.0074e-04   2.6653e+02
20261009_18:00:00   6.4294e-01   1.3050e+02   1.1615e+01   4.0134e-02   2.3111e-03   2.6651e+02
20261009_19:00:00   6.3009e-01   1.2872e+02   1.1582e+01   3.6044e-02   2.1362e-03   2.6435e+02
20261009_20:00:00   6.1897e-01   1.2701e+02   1.1819e+01   2.6870e-02   2.9582e-03   2.6202e+02
20261009_21:00:00   5.4681e-01   1.1621e+02   1.1683e+01   1.4815e-03   1.1862e-03   2.6161e+02
20261009_22:00:00   5.4002e-01   1.1520e+02   1.1592e+01   1.7856e-03   1.1851e-03   2.6126e+02
20261009_23:00:00   5.2402e-01   1.1279e+02   1.1326e+01   4.5050e-06   1.4809e-03   2.5931e+02
20261010_00:00:00   5.9562e-01   1.2372e+02   1.1549e+01   2.1681e-02   3.6210e-03   2.5845e+02
20261010_03:00:00   5.6341e-01   1.1874e+02   1.1379e+01   1.2643e-02   9.8100e-02   2.6161e+02
20261010_06:00:00   1.4134e+00   2.0717e+02   1.2156e+01   3.4612e-01   2.2414e-01   2.6261e+02
20261010_09:00:00   1.0187e+00   1.7493e+02   1.2418e+01   1.7928e-01   3.1145e-02   2.6180e+02
20261010_12:00:00   8.1937e-01   1.5330e+02   1.2058e+01   1.0552e-01   4.4481e-02   2.6152e+02
20261010_15:00:00   8.7830e-01   1.6017e+02   1.1585e+01   1.3980e-01   3.2695e-03   2.6524e+02
20261010_18:00:00   5.3063e-01   1.1386e+02   1.1254e+01   3.3240e-03   1.2868e-05   2.6121e+02
20261010_21:00:00   5.4557e-01   1.1613e+02   1.1703e+01   8.4270e-04   6.3117e-04   2.5797e+02
20261011_00:00:00   9.8252e-01   1.7172e+02   1.2638e+01   1.5682e-01   6.8748e-03   2.5808e+02
20261011_03:00:00   1.7606e+00   2.2644e+02   1.2719e+01   4.7660e-01   4.3267e-01   2.6071e+02
20261011_06:00:00   1.5490e+00   2.1573e+02   1.2171e+01   4.0062e-01   1.0980e-01   2.5977e+02
20261011_09:00:00   6.4781e-01   1.3074e+02   1.2446e+01   2.6668e-02   1.6520e-01   2.5773e+02
20261011_12:00:00   5.6983e-01   1.1945e+02   1.2220e+01   5.6493e-04   5.3745e-02   2.5585e+02
20261011_15:00:00   5.4477e-01   1.1575e+02   1.1854e+01   0.0000e+00   6.4655e-03   2.6009e+02
20261011_18:00:00   5.7563e-01   1.2077e+02   1.1724e+01   1.4800e-02   6.9402e-03   2.6075e+02
20261011_21:00:00   6.1785e-01   1.2674e+02   1.2435e+01   1.6140e-02   2.5923e-01   2.5688e+02
20261012_00:00:00   5.1893e-01   1.1205e+02   1.1216e+01   8.1640e-06   9.2721e-03   2.5633e+02
20261012_03:00:00   5.2426e-01   1.1292e+02   1.0969e+01   3.3658e-03   2.5999e-03   2.5799e+02
20261012_06:00:00   6.2427e-01   1.2806e+02   1.0760e+01   4.7286e-02   1.2278e-02   2.5697e+02
20261012_09:00:00   4.5140e-01   1.0110e+02   9.5975e+00   5.4131e-04   1.8204e-05   2.5386e+02
20261012_12:00:00   3.9514e-01   9.1500e+01   8.3365e+00   1.9037e-03   0.0000e+00   2.5429e+02
20261012_15:00:00   3.6822e-01   8.6641e+01   7.7149e+00   7.0460e-03   2.2360e-06   2.5890e+02
20261012_18:00:00   3.9206e-01   9.0612e+01   8.6323e+00   0.0000e+00   3.6500e-04   2.6050e+02
20261012_21:00:00   4.0487e-01   9.2780e+01   9.0707e+00   0.0000e+00   3.5142e-04   2.5775e+02
20261013_00:00:00   3.6633e-01   8.5882e+01   8.3122e+00   2.2520e-04   4.0214e-03   2.5886e+02
20261013_03:00:00   3.0946e-01   7.5177e+01   7.1193e+00   0.0000e+00   8.5175e-05   2.5861e+02
20261013_06:00:00   3.2491e-01   7.8272e+01   7.2980e+00   0.0000e+00   1.5202e-05   2.5961e+02
20261013_09:00:00   4.2821e-01   9.6946e+01   9.1658e+00   3.3724e-04   1.4095e-04   2.5846e+02
20261013_12:00:00   4.3358e-01   9.7653e+01   9.4523e+00   0.0000e+00   3.5036e-05   2.6057e+02
20261013_15:00:00   3.2174e-01   7.7427e+01   7.3335e+00   0.0000e+00   6.7610e-08   2.6443e+02
20261013_18:00:00   3.3619e-01   8.0109e+01   7.7258e+00   0.0000e+00   0.0000e+00   2.6276e+02
20261013_21:00:00   4.0374e-01   9.2695e+01   8.9313e+00   0.0000e+00   3.2660e-06   2.6073e+02
20261014_00:00:00   4.0623e-01   9.3393e+01   8.7821e+00   0.0000e+00   1.4848e-07   2.6170e+02
20261014_03:00:00   3.6948e-01   8.7015e+01   7.7998e+00   0.0000e+00   9.0963e-06   2.6414e+02
20261014_06:00:00   3.1186e-01   7.6340e+01   6.4725e+00   0.0000e+00   1.1878e-07   2.6445e+02
20261014_09:00:00   3.3707e-01   8.0660e+01   7.2848e+00   0.0000e+00   3.1183e-05   2.6489e+02
20261014_12:00:00   3.2898e-01   7.8701e+01   7.3763e+00   0.0000e+00   2.9062e-05   2.6668e+02
20261014_15:00:00   3.1011e-01   7.5024e+01   7.0825e+00   0.0000e+00   0.0000e+00   2.6913e+02
20261014_18:00:00   3.6090e-01   8.4819e+01   7.9389e+00   1.1880e-04   0.0000e+00   2.6908e+02
20261014_21:00:00   3.6052e-01   8.4634e+01   8.0436e+00   1.1260e-07   0.0000e+00   2.6864e+02
20261015_00:00:00   2.6338e-01   6.5814e+01   6.1772e+00   0.0000e+00   1.4607e-05   2.6805e+02
20261015_03:00:00   2.7593e-01   6.8044e+01   6.5404e+00   0.0000e+00   1.5886e-05   2.6619e+02
20261015_06:00:00   2.5532e-01   6.3642e+01   6.1957e+00   0.0000e+00   1.7338e-03   2.6606e+02
20261015_09:00:00   2.7990e-01   6.9082e+01   6.4820e+00   0.0000e+00   5.8661e-05   2.6486e+02
20261015_12:00:00   3.7738e-01   8.7914e+01   8.1690e+00   0.0000e+00   6.5158e-04   2.6760e+02
20261015_15:00:00   4.2749e-01   9.6628e+01   9.3933e+00   0.0000e+00   2.2663e-02   2.6643e+02
20261015_18:00:00   4.8903e-01   1.0692e+02   1.0085e+01   1.4050e-02   1.7868e-02   2.6514e+02
20261015_21:00:00   4.8033e-01   1.0601e+02   9.0556e+00   2.9199e-02   6.1206e-03   2.6114e+02
20261016_00:00:00   2.6181e-01   6.5849e+01   6.0773e+00   0.0000e+00   2.6625e-05   2.6054e+02
20261016_03:00:00   1.9057e-01   5.0932e+01   4.4207e+00   0.0000e+00   1.0809e-05   2.6427e+02
20261016_06:00:00   1.5416e-01   4.2688e+01   3.6437e+00   0.0000e+00   1.3543e-04   2.6911e+02
20261016_09:00:00   2.0426e-01   5.3639e+01   4.8138e+00   0.0000e+00   1.2817e-04   2.6900e+02
20261016_12:00:00   2.0057e-01   5.2838e+01   4.7269e+00   0.0000e+00   0.0000e+00   2.6903e+02
20261016_15:00:00   2.8392e-01   7.0084e+01   6.5036e+00   0.0000e+00   2.0305e-04   2.6704e+02
20261016_18:00:00   4.9889e-01   1.0809e+02   1.0326e+01   7.6555e-03   1.8877e-01   2.6473e+02
20261016_21:00:00   5.5746e-01   1.1691e+02   1.1227e+01   9.5910e-03   4.6444e-01   2.6252e+02
20261017_00:00:00   4.7128e-01   1.0352e+02   1.0313e+01   0.0000e+00   7.0639e-02   2.6108e+02
20261017_03:00:00   4.4154e-01   9.8547e+01   9.7872e+00   0.0000e+00   9.4519e-02   2.6201e+02
20261017_06:00:00   3.8549e-01   8.8692e+01   8.7014e+00   0.0000e+00   9.1095e-02   2.6150e+02
20261017_09:00:00   4.1063e-01   9.3064e+01   9.1652e+00   0.0000e+00   3.8022e-02   2.6020e+02
20261017_12:00:00   3.8728e-01   8.9063e+01   8.6657e+00   0.0000e+00   1.6709e-03   2.6085e+02
20261017_15:00:00   3.9134e-01   8.9954e+01   8.6778e+00   0.0000e+00   4.0052e-03   2.6484e+02
20261017_18:00:00   4.7963e-01   1.0502e+02   9.5173e+00   1.8424e-02   4.5972e-03   2.6381e+02
20261017_21:00:00   6.4106e-01   1.2994e+02   9.2535e+00   9.0369e-02   5.0366e-03   2.6003e+02
20261018_00:00:00   4.0597e-01   9.2264e+01   8.9002e+00   3.9593e-03   1.5225e-02   2.6142e+02
20261018_03:00:00   4.2084e-01   9.4752e+01   9.3813e+00   0.0000e+00   9.5668e-02   2.6239e+02
20261018_06:00:00   5.0283e-01   1.0808e+02   1.0650e+01   0.0000e+00   4.7694e-01   2.6322e+02
20261018_09:00:00   4.6688e-01   1.0274e+02   1.0069e+01   0.0000e+00   1.9163e-02   2.6138e+02
20261018_12:00:00   1.0176e+00   1.7396e+02   1.0350e+01   2.1674e-01   2.9188e-01   2.6087e+02
20261018_15:00:00   1.0512e+00   1.7762e+02   1.0258e+01   2.3639e-01   2.9120e-02   2.6150e+02
20261018_18:00:00   5.8955e-01   1.2252e+02   9.8170e+00   5.4526e-02   6.4404e-03   2.6216e+02
20261018_21:00:00   5.6564e-01   1.1927e+02   9.3688e+00   5.2544e-02   8.9380e-05   2.5913e+02
20261019_00:00:00   1.8185e+00   2.2839e+02   9.6745e+00   5.6637e-01   1.8628e-03   2.5935e+02
20261019_03:00:00   5.3903e-01   1.1509e+02   8.9122e+00   5.2028e-02   2.3327e-04   2.5889e+02
20261019_06:00:00   7.4159e-01   1.4373e+02   8.5464e+00   1.4390e-01   5.6932e-04   2.6053e+02
20261019_09:00:00   5.2612e-01   1.1286e+02   8.2839e+00   6.2550e-02   1.1890e-03   2.5781e+02
20261019_12:00:00   7.6248e-01   1.4612e+02   8.4381e+00   1.5742e-01   3.5354e-04   2.5915e+02
20261019_15:00:00   3.5102e-01   8.2565e+01   7.8957e+00   2.3083e-04   1.9252e-05   2.6071e+02
20261019_18:00:00   4.6589e-01   1.0331e+02   8.1082e+00   4.0900e-02   0.0000e+00   2.6177e+02
20261019_21:00:00   5.1172e-01   1.1088e+02   8.6461e+00   4.7831e-02   5.1840e-05   2.5835e+02
20261020_00:00:00   5.3455e-01   1.1456e+02   8.7218e+00   5.4900e-02   5.9236e-05   2.5940e+02
20261020_03:00:00   4.9704e-01   1.0852e+02   8.8363e+00   3.6533e-02   6.1560e-06   2.6040e+02
20261020_06:00:00   5.9670e-01   1.2387e+02   8.8445e+00   7.5861e-02   3.8880e-04   2.6062e+02
20261020_09:00:00   4.0053e-01   9.1663e+01   8.5379e+00   3.1500e-03   4.5589e-05   2.5853e+02
20261020_12:00:00   5.1656e-01   1.1156e+02   8.4323e+00   5.2686e-02   3.5535e-04   2.6032e+02
20261020_15:00:00   4.2228e-01   9.5737e+01   8.3516e+00   1.6061e-02   4.4400e-05   2.6262e+02
20261020_18:00:00   4.4331e-01   9.9665e+01   8.2186e+00   2.9047e-02   1.3747e-04   2.6696e+02
20261020_21:00:00   8.1867e-01   1.5395e+02   8.6789e+00   1.7252e-01   1.3968e-04   2.6461e+02
20261021_00:00:00   5.3290e-01   1.1436e+02   8.8900e+00   5.0040e-02   1.4407e-04   2.6378e+02
