#            date       tau255        Tb[K]      pwv[mm] lwp[kg*m^-2] iwp[kg*m^-2]       o3[DU]
20260801_00:00:00   3.2021e-01   7.6932e+01   7.1637e+00   0.0000e+00   2.5334e-03   2.9381e+02
20260801_01:00:00   2.8496e-01   7.0167e+01   6.4706e+00   0.0000e+00   0.0000e+00   2.9461e+02
20260801_02:00:00   3.4869e-01   8.2120e+01   7.6666e+00   0.0000e+00   1.6511e-04   2.9426e+02
20260801_03:00:00   3.3663e-01   7.9919e+01   7.4784e+00   0.0000e+00   1.7798e-04   2.9498e+02
20260801_04:00:00   3.4955e-01   8.2350e+01   7.7827e+00   0.0000e+00   1.8081e-04   2.9440e+02
20260801_05:00:00   4.1746e-01   9.4164e+01   9.0087e+00   0.0000e+00   2.2174e-02   2.9229e+02
20260801_06:00:00   4.0270e-01   9.1632e+01   8.8419e+00   0.0000e+00   3.1671e-02   2.9370e+02
20260801_07:00:00   3.8820e-01   8.9214e+01   8.5287e+00   0.0000e+00   9.6977e-04   2.9297e+02
20260801_08:00:00   3.7493e-01   8.6905e+01   8.2358e+00   0.0000e+00   8.0516e-05   2.9111e+02
20260801_09:00:00   3.7723e-01   8.7250e+01   8.2941e+00   0.0000e+00   8.6324e-04   2.9314e+02
20260801_10:00:00   3.7167e-01   8.6179e+01   8.1736e+00   0.0000e+00   1.2095e-03   2.8920e+02
20260801_11:00:00   3.4135e-01   8.0613e+01   7.6269e+00   0.0000e+00   1.0142e-04   2.8682e+02
20260801_12:00:00   3.2911e-01   7.8212e+01   7.4314e+00   0.0000e+00   1.4247e-04   2.8621e+02
20260801_13:00:00   3.2294e-01   7.7069e+01   7.3063e+00   0.0000e+00   9.3488e-04   2.8798e+02
20260801_14:00:00   3.3088e-01   7.8555e+01   7.4412e+00   0.0000e+00   6.1760e-04   2.8792e+02
20260801_15:00:00   3.3988e-01   8.0315e+01   7.6093e+00   0.0000e+00   2.0660e-04   2.9184e+02
20260801_16:00:00   3.3315e-01   7.9033e+01   7.5113e+00   0.0000e+00   3.7040e-04   2.9559e+02
20260801_17:00:00   3.2093e-01   7.6688e+01   7.3011e+00   0.0000e+00   1.9276e-04   2.9367e+02
20260801_18:00:00   3.5039e-01   8.2360e+01   7.6114e+00   5.0010e-03   3.5317e-04   2.9187e+02
20260801_19:00:00   4.8369e-01   1.0620e+02   7.5345e+00   6.1820e-02   3.1893e-04   2.9013e+02
20260801_20:00:00   3.8412e-01   8.8835e+01   7.3849e+00   2.3655e-02   1.3905e-04   2.9129e+02
20260801_21:00:00   2.9508e-01   7.1900e+01   6.7701e+00   2.6474e-06   0.0000e+00   2.9094e+02
20260801_22:00:00   2.6310e-01   6.5564e+01   6.1498e+00   0.0000e+00   1.3434e-05   2.9111e+02
20260801_23:00:00   2.8758e-01   7.0615e+01   6.0340e+00   1.1493e-02   1.6167e-05   2.9045e+02
20260802_00:00:00   2.3927e-01   6.0648e+01   5.6235e+00   0.0000e+00   2.8758e-05   2.8889e+02
20260802_01:00:00   2.2554e-01   5.7784e+01   5.3585e+00   0.0000e+00   1.7124e-05   2.8835e+02
20260802_02:00:00   2.2285e-01   5.7151e+01   5.2660e+00   0.0000e+00   7.6945e-06   2.8979e+02
20260802_03:00:00   2.1389e-01   5.5260e+01   5.0513e+00   0.0000e+00   0.0000e+00   2.8960e+02
20260802_04:00:00   2.0875e-01   5.4194e+01   4.9414e+00   0.0000e+00   9.7520e-05   2.8887e+02
20260802_05:00:00   2.0283e-01   5.2996e+01   4.8002e+00   0.0000e+00   3.9745e-06   2.8697e+02
20260802_06:00:00   2.0138e-01   5.2719e+01   4.7521e+00   0.0000e+00   0.0000e+00   2.8451e+02
20260802_07:00:00   2.0498e-01   5.3453e+01   4.8342e+00   0.0000e+00   0.0000e+00   2.8319e+02
20260802_08:00:00   2.0418e-01   5.3309e+01   4.8031e+00   0.0000e+00   0.0000e+00   2.8293e+02
20260802_09:00:00   2.0172e-01   5.2812e+01   4.7388e+00   0.0000e+00   0.0000e+00   2.8313e+02
20260802_10:00:00   1.9803e-01   5.2022e+01   4.6749e+00   0.0000e+00   0.0000e+00   2.8413e+02
20260802_11:00:00   1.9417e-01   5.1158e+01   4.6102e+00   0.0000e+00   0.0000e+00   2.8461e+02
20260802_12:00:00   1.9424e-01   5.1120e+01   4.6184e+00   0.0000e+00   0.0000e+00   2.8411e+02
20260802_13:00:00   1.9210e-01   5.0639e+01   4.5649e+00   0.0000e+00   0.0000e+00   2.8447e+02
20260802_14:00:00   1.9175e-01   5.0592e+01   4.5336e+00   0.0000e+00   0.0000e+00   2.8245e+02
20260802_15:00:00   1.9354e-01   5.1013e+01   4.5629e+00   0.0000e+00   0.0000e+00   2.8262e+02
20260802_16:00:00   1.9682e-01   5.1712e+01   4.6345e+00   0.0000e+00   0.0000e+00   2.8384e+02
20260802_17:00:00   2.0029e-01   5.2451e+01   4.7023e+00   0.0000e+00   1.5210e-04   2.8402e+02
20260802_18:00:00   2.1525e-01   5.5722e+01   4.9841e+00   0.0000e+00   1.1552e-04   2.8321e+02
20260802_19:00:00   2.3596e-01   6.0117e+01   5.3745e+00   0.0000e+00   1.9975e-04   2.8208e+02
20260802_20:00:00   2.7491e-01   6.8185e+01   5.7228e+00   8.6710e-03   2.3558e-03   2.8098e+02
20260802_21:00:00   4.8043e-01   1.0598e+02   6.1195e+00   8.5890e-02   2.9055e-02   2.7883e+02
20260802_22:00:00   5.0210e-01   1.0949e+02   6.5461e+00   8.6418e-02   2.7097e-02   2.7926e+02
20260802_23:00:00   3.5777e-01   8.4189e+01   6.5922e+00   2.6586e-02   1.2775e-02   2.7836e+02
20260803_00:00:00   2.8607e-01   7.0190e+01   6.4249e+00   1.5692e-03   3.4434e-03   2.8114e+02
20260803_01:00:00   2.6665e-01   6.6236e+01   6.1162e+00   5.4740e-04   1.4931e-03   2.8048e+02
20260803_02:00:00   2.4426e-01   6.1648e+01   5.6940e+00   0.0000e+00   6.4558e-04   2.7979e+02
20260803_03:00:00   2.1954e-01   5.6532e+01   5.1563e+00   0.0000e+00   2.8500e-05   2.7863e+02
20260803_04:00:00   2.0045e-01   5.2521e+01   4.7275e+00   0.0000e+00   0.0000e+00   2.8027e+02
20260803_05:00:00   1.8705e-01   4.9690e+01   4.4127e+00   0.0000e+00   0.0000e+00   2.8059e+02
20260803_06:00:00   1.8348e-01   4.8914e+01   4.3249e+00   0.0000e+00   9.4600e-06   2.8047e+02
20260803_07:00:00   1.8344e-01   4.8888e+01   4.3179e+00   0.0000e+00   1.3574e-05   2.8149e+02
20260803_08:00:00   1.8485e-01   4.9173e+01   4.3539e+00   0.0000e+00   1.5610e-05   2.8215e+02
20260803_09:00:00   1.8724e-01   4.9664e+01   4.4086e+00   0.0000e+00   0.0000e+00   2.8167e+02
20260803_10:00:00   1.8915e-01   5.0049e+01   4.4540e+00   0.0000e+00   0.0000e+00   2.8318e+02
20260803_11:00:00   1.9196e-01   5.0627e+01   4.5153e+00   0.0000e+00   0.0000e+00   2.8335e+02
20260803_12:00:00   1.9153e-01   5.0493e+01   4.5310e+00   0.0000e+00   0.0000e+00   2.8423e+02
20260803_13:00:00   1.9323e-01   5.0826e+01   4.5789e+00   0.0000e+00   0.0000e+00   2.8514e+02
20260803_14:00:00   1.9960e-01   5.2175e+01   4.7036e+00   0.0000e+00   0.0000e+00   2.8404e+02
20260803_15:00:00   2.0106e-01   5.2520e+01   4.7219e+00   0.0000e+00   0.0000e+00   2.8406e+02
20260803_16:00:00   2.0676e-01   5.3757e+01   4.8184e+00   0.0000e+00   0.0000e+00   2.8312e+02
20260803_17:00:00   2.0989e-01   5.4462e+01   4.8705e+00   0.0000e+00   0.0000e+00   2.8453e+02
20260803_18:00:00   2.2454e-01   5.7616e+01   5.1355e+00   0.0000e+00   0.0000e+00   2.8515e+02
20260803_19:00:00   2.5350e-01   6.3714e+01   5.5853e+00   1.7625e-03   1.7098e-04   2.8461e+02
20260803_20:00:00   4.0808e-01   9.3424e+01   5.8676e+00   5.9963e-02   1.0535e-02   2.8450e+02
20260803_21:00:00   5.5234e-01   1.1728e+02   6.5503e+00   1.0506e-01   4.9218e-02   2.8292e+02
20260803_22:00:00   6.0911e-01   1.2562e+02   6.8146e+00   1.2465e-01   5.2901e-02   2.8160e+02
20260803_23:00:00   3.2154e-01   7.7211e+01   6.7367e+00   6.0670e-03   3.7470e-02   2.8278e+02
20260804_00:00:00   2.7680e-01   6.8460e+01   6.1840e+00   3.3150e-07   3.5170e-04   2.8371e+02
20260804_01:00:00   2.4546e-01   6.2165e+01   5.5510e+00   0.0000e+00   7.2802e-05   2.8574e+02
20260804_02:00:00   2.3161e-01   5.9273e+01   5.2584e+00   0.0000e+00   5.5660e-05   2.8571e+02
20260804_03:00:00   2.0085e-01   5.2807e+01   4.5964e+00   0.0000e+00   0.0000e+00   2.8371e+02
20260804_04:00:00   1.9427e-01   5.1348e+01   4.4532e+00   0.0000e+00   0.0000e+00   2.8420e+02
20260804_05:00:00   1.9041e-01   5.0498e+01   4.3699e+00   0.0000e+00   0.0000e+00   2.8550e+02
20260804_06:00:00   1.8724e-01   4.9813e+01   4.2962e+00   0.0000e+00   0.0000e+00   2.8522e+02
20260804_07:00:00   1.8488e-01   4.9265e+01   4.2488e+00   0.0000e+00   0.0000e+00   2.8662e+02
20260804_08:00:00   1.8584e-01   4.9410e+01   4.2909e+00   0.0000e+00   0.0000e+00   2.8545e+02
20260804_09:00:00   1.8595e-01   4.9394e+01   4.2991e+00   0.0000e+00   0.0000e+00   2.8348e+02
20260804_10:00:00   1.7720e-01   4.7538e+01   4.0877e+00   0.0000e+00   0.0000e+00   2.8348e+02
20260804_11:00:00   1.7278e-01   4.6602e+01   3.9676e+00   0.0000e+00   0.0000e+00   2.8341e+02
20260804_12:00:00   1.6714e-01   4.5338e+01   3.8627e+00   0.0000e+00   0.0000e+00   2.8093e+02
20260804_13:00:00   1.7212e-01   4.6409e+01   3.9794e+00   0.0000e+00   0.0000e+00   2.8252e+02
20260804_14:00:00   1.8211e-01   4.8579e+01   4.1861e+00   0.0000e+00   0.0000e+00   2.8499e+02
20260804_15:00:00   1.9477e-01   5.1284e+01   4.4584e+00   0.0000e+00   0.0000e+00   2.8693e+02
20260804_16:00:00   2.0104e-01   5.2663e+01   4.5611e+00   0.0000e+00   0.0000e+00   2.8629e+02
20260804_17:00:00   2.1656e-01   5.6032e+01   4.8106e+00   0.0000e+00   0.0000e+00   2.8777e+02
20260804_18:00:00   2.4148e-01   6.1264e+01   5.2363e+00   4.7020e-04   3.3287e-04   2.8860e+02
20260804_19:00:00   2.9844e-01   7.2836e+01   5.6953e+00   1.3304e-02   1.0609e-02   2.8819e+02
20260804_20:00:00   5.5949e-01   1.1817e+02   6.1983e+00   1.1172e-01   7.2351e-02   2.8963e+02
20260804_21:00:00   7.5485e-01   1.4494e+02   6.6074e+00   1.8707e-01   1.2725e-01   2.8930e+02
20260804_22:00:00   2.9474e-01   7.2017e+01   6.3266e+00   2.8370e-04   1.8624e-02   2.8861e+02
20260804_23:00:00   2.5104e-01   6.3299e+01   5.5338e+00   3.3260e-07   2.8343e-05   2.8737e+02
20260805_00:00:00   2.2258e-01   5.7375e+01   5.0055e+00   0.0000e+00   8.6320e-05   2.8867e+02
20260805_01:00:00   2.1022e-01   5.4759e+01   4.7311e+00   0.0000e+00   0.0000e+00   2.8972e+02
20260805_02:00:00   1.9658e-01   5.1866e+01   4.4243e+00   0.0000e+00   0.0000e+00   2.8778e+02
20260805_03:00:00   1.9307e-01   5.1041e+01   4.3990e+00   0.0000e+00   1.6902e-06   2.8775e+02
20260805_04:00:00   1.9033e-01   5.0442e+01   4.3492e+00   0.0000e+00   0.0000e+00   2.8734e+02
20260805_05:00:00   1.8246e-01   4.8656e+01   4.2072e+00   0.0000e+00   7.9685e-05   2.8807e+02
20260805_06:00:00   1.8530e-01   4.9077e+01   4.3611e+00   0.0000e+00   2.4404e-03   2.8590e+02
20260805_07:00:00   1.9863e-01   5.1814e+01   4.7155e+00   0.0000e+00   1.8412e-03   2.8330e+02
20260805_08:00:00   2.2040e-01   5.6316e+01   5.2465e+00   0.0000e+00   1.1330e-02   2.8312e+02
20260805_09:00:00   2.4704e-01   6.1724e+01   5.8913e+00   0.0000e+00   2.4329e-02   2.8412e+02
20260805_10:00:00   2.7622e-01   6.7474e+01   6.5414e+00   0.0000e+00   1.5793e-02   2.8229e+02
20260805_11:00:00   2.8420e-01   6.8982e+01   6.7086e+00   0.0000e+00   1.4949e-02   2.8253e+02
20260805_12:00:00   2.8523e-01   6.9169e+01   6.7459e+00   0.0000e+00   2.0445e-02   2.8344e+02
20260805_13:00:00   2.9725e-01   7.1519e+01   6.9834e+00   0.0000e+00   2.0623e-02   2.8235e+02
20260805_14:00:00   3.3269e-01   7.8379e+01   7.6384e+00   0.0000e+00   6.2000e-03   2.8440e+02
20260805_15:00:00   3.3522e-01   7.9050e+01   7.6169e+00   0.0000e+00   1.4361e-03   2.8394e+02
20260805_16:00:00   3.1910e-01   7.6061e+01   7.3017e+00   0.0000e+00   4.8825e-04   2.8233e+02
20260805_17:00:00   3.4027e-01   7.9952e+01   7.5911e+00   3.7650e-03   6.1593e-03   2.8098e+02
20260805_18:00:00   4.4809e-01   9.9474e+01   7.7737e+00   4.4654e-02   1.5151e-02   2.8207e+02
20260805_19:00:00   7.3215e-01   1.4213e+02   7.8550e+00   1.6128e-01   2.3189e-02   2.8368e+02
20260805_20:00:00   6.8959e-01   1.3617e+02   8.1692e+00   1.3852e-01   3.1706e-02   2.8217e+02
20260805_21:00:00   7.8715e-01   1.4881e+02   8.4359e+00   1.7349e-01   1.7688e-02   2.8209e+02
20260805_22:00:00   6.4390e-01   1.2988e+02   8.5988e+00   1.1017e-01   2.7631e-02   2.8014e+02
20260805_23:00:00   4.1391e-01   9.3740e+01   8.4709e+00   1.4943e-02   1.7053e-02   2.8002e+02
20260806_00:00:00   3.5948e-01   8.3852e+01   8.2092e+00   0.0000e+00   1.2490e-02   2.8191e+02
20260806_03:00:00   3.2689e-01   7.7610e+01   7.6452e+00   0.0000e+00   2.1764e-02   2.8271e+02
20260806_06:00:00   4.9040e-01   1.0612e+02   1.0589e+01   9.2960e-06   2.0428e-01   2.8460e+02
20260806_09:00:00   4.9040e-01   1.0622e+02   1.0571e+01   2.7255e-05   8.8971e-02   2.8058e+02
20260806_12:00:00   5.2794e-01   1.1210e+02   1.0939e+01   1.4329e-03   6.1069e-01   2.8059e+02
20260806_15:00:00   4.9723e-01   1.0753e+02   1.0538e+01   1.0620e-04   1.2705e-01   2.8077e+02
20260806_18:00:00   4.7070e-01   1.0357e+02   9.5303e+00   1.3375e-02   3.1258e-04   2.8348e+02
20260806_21:00:00   4.7765e-01   1.0444e+02   1.0393e+01   9.7080e-07   6.2190e-03   2.8150e+02
20260807_00:00:00   4.3096e-01   9.6531e+01   9.6371e+00   1.9370e-06   9.1451e-03   2.7907e+02
20260807_03:00:00   3.8236e-01   8.8235e+01   8.6984e+00   0.0000e+00   1.4670e-05   2.8278e+02
20260807_06:00:00   3.5173e-01   8.2592e+01   8.0730e+00   0.0000e+00   6.1736e-04   2.8314e+02
20260807_09:00:00   3.3702e-01   8.0171e+01   7.5545e+00   0.0000e+00   0.0000e+00   2.7941e+02
20260807_12:00:00   3.4155e-01   8.1041e+01   7.6086e+00   0.0000e+00   0.0000e+00   2.8285e+02
20260807_15:00:00   3.9563e-01   9.0873e+01   8.6260e+00   0.0000e+00   0.0000e+00   2.8694e+02
20260807_18:00:00   5.1623e-01   1.1128e+02   9.1565e+00   3.9284e-02   1.7607e-05   2.8413e+02
20260807_21:00:00   6.1677e-01   1.2668e+02   9.5687e+00   7.2620e-02   1.6809e-04   2.8137e+02
20260808_00:00:00   3.9843e-01   9.1308e+01   8.8627e+00   5.5760e-06   3.3242e-04   2.8121e+02
20260808_03:00:00   2.9311e-01   7.1557e+01   6.8249e+00   0.0000e+00   0.0000e+00   2.8538e+02
20260808_06:00:00   2.3146e-01   5.9095e+01   5.5160e+00   0.0000e+00   1.0012e-05   2.8609e+02
20260808_09:00:00   2.5839e-01   6.4606e+01   6.0159e+00   0.0000e+00   2.9700e-07   2.8279e+02
20260808_12:00:00   2.9992e-01   7.2993e+01   6.7928e+00   0.0000e+00   0.0000e+00   2.8411e+02
20260808_15:00:00   2.6632e-01   6.6399e+01   6.1410e+00   0.0000e+00   8.8280e-05   2.8430e+02
20260808_18:00:00   2.5946e-01   6.4953e+01   5.8477e+00   3.7310e-03   1.2700e-05   2.7973e+02
20260808_21:00:00   2.8804e-01   7.1105e+01   5.4785e+00   2.0851e-02   8.1230e-06   2.8017e+02
20260809_00:00:00   4.5657e-01   1.0259e+02   5.8474e+00   7.9149e-02   4.0900e-06   2.7947e+02
20260809_03:00:00   3.3655e-01   8.0727e+01   6.4300e+00   1.6369e-02   5.1540e-06   2.8263e+02
20260809_06:00:00   1.6862e+00   2.2149e+02   8.6879e+00   5.3971e-01   1.0834e-01   2.8391e+02
20260809_09:00:00   1.2109e+00   1.9110e+02   1.0168e+01   3.0108e-01   3.4745e-01   2.8085e+02
20260809_12:00:00   1.9891e+00   2.3521e+02   1.0070e+01   6.2880e-01   1.2402e-01   2.8184e+02
20260809_15:00:00   4.5668e-01   1.0131e+02   9.8608e+00   0.0000e+00   9.7315e-03   2.7906e+02
20260809_18:00:00   4.2539e-01   9.6140e+01   9.0432e+00   5.7990e-03   1.6215e-03   2.8149e+02
20260809_21:00:00   4.3207e-01   9.7176e+01   9.4952e+00   1.9020e-06   2.5377e-03   2.8117e+02
20260810_00:00:00   4.6907e-01   1.0319e+02   1.0232e+01   1.1224e-05   1.5211e-02   2.8122e+02
20260810_03:00:00   4.9179e-01   1.0694e+02   1.0451e+01   2.0602e-03   1.5212e-02   2.8209e+02
20260810_06:00:00   7.8446e-01   1.4853e+02   1.0763e+01   1.1454e-01   2.0047e-01   2.8211e+02
20260810_09:00:00   1.4031e+00   2.0498e+02   1.1162e+01   3.6491e-01   3.5722e-01   2.8206e+02
20260810_12:00:00   4.6190e-01   1.0119e+02   9.9398e+00   0.0000e+00   4.2874e-01   2.8283e+02
20260810_15:00:00   2.8653e-01   6.9033e+01   6.7561e+00   0.0000e+00   2.1176e-01   2.8469e+02
20260810_18:00:00   2.4134e-01   6.0009e+01   5.9168e+00   0.0000e+00   5.5824e-02   2.8515e+02
20260810_21:00:00   2.3292e-01   5.8382e+01   5.7336e+00   0.0000e+00   7.2208e-02   2.8165e+02
20260811_00:00:00   2.3933e-01   5.9649e+01   5.8785e+00   0.0000e+00   2.0446e-01   2.8130e+02
20260811_03:00:00   2.4446e-01   6.0849e+01   6.0099e+00   0.0000e+00   1.5793e-02   2.8228e+02
20260811_06:00:00   2.3056e-01   5.7955e+01   5.6782e+00   0.0000e+00   7.7534e-03   2.8018e+02
20260811_09:00:00   2.1342e-01   5.4573e+01   5.2987e+00   0.0000e+00   8.8754e-03   2.8022e+02
20260811_12:00:00   2.6690e-01   6.5597e+01   6.4248e+00   0.0000e+00   2.0314e-02   2.8161e+02
20260811_15:00:00   2.8167e-01   6.8521e+01   6.6903e+00   0.0000e+00   4.6499e-02   2.8488e+02
20260811_18:00:00   3.4327e-01   8.0310e+01   7.8062e+00   1.2710e-03   1.5002e-01   2.8227e+02
20260811_21:00:00   2.9715e-01   7.1431e+01   6.7104e+00   3.5870e-03   3.0032e-01   2.8291e+02
20260812_00:00:00   3.0128e-01   7.2406e+01   7.0623e+00   0.0000e+00   1.4947e-01   2.8137e+02
20260812_03:00:00   3.8088e-01   8.7516e+01   8.6207e+00   0.0000e+00   3.9749e-02   2.8262e+02
20260812_06:00:00   4.0240e-01   9.1441e+01   8.9561e+00   0.0000e+00   1.7233e-02   2.8135e+02
20260812_09:00:00   4.5934e-01   1.0108e+02   9.8144e+00   7.1240e-06   1.3574e-01   2.7960e+02
20260812_12:00:00   8.4425e-01   1.5524e+02   1.0564e+01   1.4155e-01   4.3799e-01   2.8028e+02
20260812_15:00:00   4.1839e-01   9.4060e+01   9.2396e+00   0.0000e+00   6.0273e-02   2.7979e+02
20260812_18:00:00   3.3335e-01   7.8941e+01   7.2635e+00   5.7250e-03   1.3782e-02   2.7781e+02
20260812_21:00:00   2.7118e-01   6.7150e+01   6.1396e+00   1.1820e-03   6.7403e-03   2.7776e+02
20260813_00:00:00   2.8439e-01   6.9925e+01   6.3210e+00   4.2990e-03   3.2123e-03   2.7608e+02
20260813_03:00:00   2.3581e-01   6.0050e+01   5.5718e+00   0.0000e+00   1.3576e-03   2.7901e+02
20260813_06:00:00   3.0995e-01   7.5202e+01   6.8498e+00   2.2840e-05   2.5986e-04   2.7600e+02
20260813_09:00:00   3.7405e-01   8.6994e+01   8.1781e+00   9.8972e-04   1.3228e-02   2.7531e+02
20260813_12:00:00   3.9868e-01   9.1295e+01   8.6959e+00   1.0393e-03   1.1976e-02   2.7484e+02
20260813_15:00:00   3.5965e-01   8.4253e+01   7.9025e+00   3.5131e-03   2.7023e-03   2.7704e+02
20260813_18:00:00   6.4924e-01   1.3125e+02   9.0265e+00   9.5110e-02   6.8711e-03   2.7777e+02
20260813_21:00:00   1.0618e+00   1.7857e+02   1.0202e+01   2.4264e-01   5.6062e-02   2.7421e+02
20260814_00:00:00   7.7256e-01   1.4748e+02   9.2207e+00   1.4364e-01   5.2487e-02   2.7137e+02
20260814_03:00:00   4.5650e-01   1.0117e+02   9.5986e+00   3.1445e-03   2.7178e-02   2.7398e+02
20260814_06:00:00   3.8095e-01   8.8210e+01   8.3140e+00   0.0000e+00   1.4355e-02   2.7360e+02
20260814_09:00:00   3.8368e-01   8.8699e+01   8.2958e+00   5.6270e-05   2.3398e-03   2.7567e+02
20260814_12:00:00   5.4618e-01   1.1579e+02   9.2863e+00   4.7438e-02   7.7586e-03   2.7481e+02
20260814_15:00:00   4.2391e-01   9.5398e+01   9.2282e+00   0.0000e+00   3.6810e-03   2.7768e+02
20260814_18:00:00   4.1285e-01   9.3454e+01   9.0313e+00   7.0054e-04   2.4148e-02   2.7602e+02
20260814_21:00:00   4.3728e-01   9.7773e+01   9.4017e+00   1.7240e-03   7.5275e-03   2.7196e+02
20260815_00:00:00   3.2841e-01   7.8254e+01   7.4268e+00   0.0000e+00   5.4382e-04   2.7597e+02
20260815_03:00:00   2.9735e-01   7.2104e+01   6.8544e+00   0.0000e+00   2.3048e-03   2.7753e+02
20260815_06:00:00   2.8083e-01   6.8986e+01   6.4140e+00   0.0000e+00   9.6140e-05   2.7669e+02
20260815_09:00:00   2.6494e-01   6.5863e+01   6.0610e+00   0.0000e+00   3.2900e-04   2.7471e+02
20260815_12:00:00   2.6164e-01   6.5046e+01   6.0265e+00   0.0000e+00   1.4832e-04   2.7646e+02
20260815_15:00:00   2.6192e-01   6.5193e+01   5.9551e+00   0.0000e+00   0.0000e+00   2.7719e+02
20260815_18:00:00   3.6846e-01   8.6221e+01   6.3992e+00   3.0123e-02   6.7900e-05   2.7927e+02
20260815_21:00:00   1.3509e+00   2.0119e+02   9.7828e+00   3.6908e-01   4.4396e-01   2.7508e+02
20260816_00:00:00   4.1875e-01   9.4702e+01   8.7716e+00   3.7163e-03   3.0687e-02   2.7617e+02
20260816_03:00:00   3.8388e-01   8.8555e+01   8.1957e+00   0.0000e+00   4.5200e-05   2.7731e+02
20260816_06:00:00   3.5775e-01   8.3855e+01   7.6317e+00   0.0000e+00   4.7544e-04   2.7517e+02
20260816_09:00:00   3.0047e-01   7.3128e+01   6.4949e+00   0.0000e+00   3.9820e-05   2.7188e+02
20260816_12:00:00   2.7837e-01   6.8697e+01   6.1850e+00   0.0000e+00   0.0000e+00   2.7258e+02
20260816_15:00:00   2.8184e-01   6.9295e+01   6.2910e+00   0.0000e+00   5.2760e-05   2.7613e+02
20260816_18:00:00   3.7131e-01   8.6510e+01   7.1634e+00   1.5430e-02   1.6219e-04   2.7543e+02
20260816_21:00:00   4.5924e-01   1.0197e+02   7.3730e+00   4.8731e-02   2.1331e-02   2.7561e+02
20260817_00:00:00   3.1782e-01   7.6446e+01   6.9565e+00   0.0000e+00   8.5650e-05   2.7615e+02
