#            date       tau255        Tb[K]      pwv[mm] lwp[kg*m^-2] iwp[kg*m^-2]       o3[DU]
20260818_00:00:00   4.9322e-01   1.0808e+02   1.0877e+01   0.0000e+00   7.6069e-03   2.6246e+02
20260818_01:00:00   4.9721e-01   1.0873e+02   1.0957e+01   0.0000e+00   1.3178e-02   2.6181e+02
20260818_02:00:00   5.0049e-01   1.0925e+02   1.1005e+01   0.0000e+00   7.8767e-03   2.6636e+02
20260818_03:00:00   5.2617e-01   1.1335e+02   1.1447e+01   0.0000e+00   4.6693e-03   2.7023e+02
20260818_04:00:00   5.6789e-01   1.1976e+02   1.2223e+01   0.0000e+00   2.2144e-02   2.7268e+02
20260818_05:00:00   6.0464e-01   1.2531e+02   1.2804e+01   0.0000e+00   8.0637e-02   2.7264e+02
20260818_06:00:00   6.2283e-01   1.2790e+02   1.3104e+01   1.1524e-04   1.0587e-01   2.7152e+02
20260818_07:00:00   6.0838e-01   1.2590e+02   1.2853e+01   0.0000e+00   4.3498e-02   2.7269e+02
20260818_08:00:00   5.6682e-01   1.1984e+02   1.2080e+01   0.0000e+00   1.8798e-02   2.7330e+02
20260818_09:00:00   5.2885e-01   1.1398e+02   1.1464e+01   0.0000e+00   5.2254e-03   2.7451e+02
20260818_10:00:00   4.9628e-01   1.0885e+02   1.0851e+01   0.0000e+00   8.7590e-04   2.7537e+02
20260818_11:00:00   4.7271e-01   1.0512e+02   1.0323e+01   0.0000e+00   2.3218e-05   2.7646e+02
20260818_12:00:00   4.7308e-01   1.0518e+02   1.0269e+01   0.0000e+00   1.3623e-05   2.7589e+02
20260818_13:00:00   4.6373e-01   1.0358e+02   1.0103e+01   0.0000e+00   0.0000e+00   2.7395e+02
20260818_14:00:00   4.7614e-01   1.0553e+02   1.0368e+01   0.0000e+00   6.5040e-06   2.7209e+02
20260818_15:00:00   4.8806e-01   1.0747e+02   1.0562e+01   0.0000e+00   0.0000e+00   2.7142e+02
20260818_16:00:00   4.9666e-01   1.0885e+02   1.0708e+01   0.0000e+00   6.5560e-06   2.7581e+02
20260818_17:00:00   4.9492e-01   1.0858e+02   1.0676e+01   0.0000e+00   2.2980e-05   2.7882e+02
20260818_18:00:00   4.9155e-01   1.0799e+02   1.0658e+01   0.0000e+00   7.2200e-06   2.7788e+02
20260818_19:00:00   4.7827e-01   1.0587e+02   1.0424e+01   0.0000e+00   1.0488e-05   2.7752e+02
20260818_20:00:00   4.6379e-01   1.0345e+02   1.0185e+01   0.0000e+00   2.8480e-04   2.7346e+02
20260818_21:00:00   4.5183e-01   1.0145e+02   9.9733e+00   0.0000e+00   3.7615e-04   2.6888e+02
20260818_22:00:00   4.4545e-01   1.0040e+02   9.8400e+00   0.0000e+00   8.0160e-04   2.7119e+02
20260818_23:00:00   4.4943e-01   1.0115e+02   9.8931e+00   0.0000e+00   6.4107e-04   2.6965e+02
20260819_00:00:00   4.5753e-01   1.0259e+02   9.9611e+00   7.0280e-04   7.9780e-04   2.6858e+02
20260819_01:00:00   4.5636e-01   1.0234e+02   9.9785e+00   0.0000e+00   3.8883e-04   2.7184e+02
20260819_02:00:00   4.5707e-01   1.0247e+02   9.9790e+00   2.4240e-04   2.2386e-04   2.7237e+02
20260819_03:00:00   4.6707e-01   1.0406e+02   1.0133e+01   1.8291e-03   5.6860e-04   2.7245e+02
20260819_04:00:00   4.6379e-01   1.0350e+02   1.0157e+01   2.7070e-04   3.8882e-04   2.7612e+02
20260819_05:00:00   4.5755e-01   1.0244e+02   1.0049e+01   5.5210e-05   1.1158e-03   2.7607e+02
20260819_06:00:00   4.5465e-01   1.0196e+02   1.0026e+01   0.0000e+00   6.6519e-04   2.7412e+02
20260819_07:00:00   4.5736e-01   1.0240e+02   1.0118e+01   0.0000e+00   7.4960e-04   2.7341e+02
20260819_08:00:00   4.5760e-01   1.0246e+02   1.0110e+01   0.0000e+00   3.0722e-03   2.7218e+02
20260819_09:00:00   4.5931e-01   1.0274e+02   1.0137e+01   0.0000e+00   4.5039e-03   2.7734e+02
20260819_10:00:00   4.4804e-01   1.0083e+02   9.9221e+00   0.0000e+00   4.4019e-03   2.7770e+02
20260819_11:00:00   4.2211e-01   9.6309e+01   9.4609e+00   0.0000e+00   3.4200e-03   2.7770e+02
20260819_12:00:00   3.8113e-01   8.8880e+01   8.7055e+00   0.0000e+00   2.2484e-03   2.7669e+02
20260819_13:00:00   3.3678e-01   8.0453e+01   7.8616e+00   0.0000e+00   2.5936e-03   2.7498e+02
20260819_14:00:00   3.0081e-01   7.3313e+01   7.1468e+00   0.0000e+00   2.7536e-03   2.7364e+02
20260819_15:00:00   2.7664e-01   6.8430e+01   6.6230e+00   0.0000e+00   3.6314e-03   2.7425e+02
20260819_16:00:00   2.7842e-01   6.8783e+01   6.6677e+00   0.0000e+00   4.7254e-03   2.7470e+02
20260819_17:00:00   2.9698e-01   7.2497e+01   7.0656e+00   0.0000e+00   3.1081e-03   2.7375e+02
20260819_18:00:00   3.1153e-01   7.5292e+01   7.4126e+00   0.0000e+00   1.1348e-02   2.7723e+02
20260819_19:00:00   3.2842e-01   7.8453e+01   7.7917e+00   0.0000e+00   3.3084e-02   2.8013e+02
20260819_20:00:00   3.4021e-01   8.0665e+01   8.0037e+00   0.0000e+00   1.0427e-01   2.7840e+02
20260819_21:00:00   3.3899e-01   8.0573e+01   7.9898e+00   0.0000e+00   5.5643e-03   2.7866e+02
20260819_22:00:00   3.2877e-01   7.8755e+01   7.7332e+00   0.0000e+00   2.2211e-03   2.7666e+02
20260819_23:00:00   3.2323e-01   7.7691e+01   7.6188e+00   0.0000e+00   8.3316e-04   2.7571e+02
20260820_00:00:00   3.2609e-01   7.8210e+01   7.6838e+00   0.0000e+00   7.9929e-04   2.7475e+02
20260820_01:00:00   3.3603e-01   8.0076e+01   7.8963e+00   0.0000e+00   5.6977e-03   2.7489e+02
20260820_02:00:00   3.5643e-01   8.3814e+01   8.3482e+00   0.0000e+00   2.3898e-02   2.7575e+02
20260820_03:00:00   3.6913e-01   8.6107e+01   8.6346e+00   0.0000e+00   2.1227e-02   2.7675e+02
20260820_04:00:00   3.6180e-01   8.4853e+01   8.4467e+00   0.0000e+00   1.5380e-02   2.7766e+02
20260820_05:00:00   3.4676e-01   8.2181e+01   8.1048e+00   0.0000e+00   1.8434e-02   2.7721e+02
20260820_06:00:00   3.3317e-01   7.9683e+01   7.8056e+00   0.0000e+00   1.0499e-02   2.7607e+02
20260820_07:00:00   3.3060e-01   7.9158e+01   7.7599e+00   0.0000e+00   1.9530e-02   2.7743e+02
20260820_08:00:00   3.3151e-01   7.9327e+01   7.7664e+00   0.0000e+00   3.5015e-02   2.7693e+02
20260820_09:00:00   3.2779e-01   7.8503e+01   7.6910e+00   0.0000e+00   6.0109e-02   2.7811e+02
20260820_10:00:00   3.1051e-01   7.5146e+01   7.3191e+00   0.0000e+00   3.6845e-02   2.7787e+02
20260820_11:00:00   2.8897e-01   7.0910e+01   6.8394e+00   0.0000e+00   4.1145e-02   2.7852e+02
20260820_12:00:00   2.8100e-01   6.9296e+01   6.6718e+00   0.0000e+00   2.3505e-02   2.7851e+02
20260820_13:00:00   2.6947e-01   6.6988e+01   6.4063e+00   0.0000e+00   3.2951e-02   2.7799e+02
20260820_14:00:00   2.4992e-01   6.3047e+01   5.9563e+00   0.0000e+00   1.6190e-02   2.7938e+02
20260820_15:00:00   2.3276e-01   5.9486e+01   5.5580e+00   0.0000e+00   3.5979e-03   2.8090e+02
20260820_16:00:00   2.0854e-01   5.4422e+01   4.9717e+00   0.0000e+00   2.3005e-03   2.8146e+02
20260820_17:00:00   1.8858e-01   5.0190e+01   4.4696e+00   0.0000e+00   1.6154e-03   2.8225e+02
20260820_18:00:00   1.7364e-01   4.6932e+01   4.1048e+00   0.0000e+00   2.4521e-04   2.8093e+02
20260820_19:00:00   1.6194e-01   4.4367e+01   3.8089e+00   0.0000e+00   6.1000e-05   2.8198e+02
20260820_20:00:00   1.5199e-01   4.2184e+01   3.5590e+00   0.0000e+00   0.0000e+00   2.8142e+02
20260820_21:00:00   1.4927e-01   4.1620e+01   3.4807e+00   0.0000e+00   0.0000e+00   2.8083e+02
20260820_22:00:00   1.5535e-01   4.3124e+01   3.5762e+00   0.0000e+00   0.0000e+00   2.7911e+02
20260820_23:00:00   1.6131e-01   4.4557e+01   3.6895e+00   0.0000e+00   0.0000e+00   2.7783e+02
20260821_00:00:00   1.9172e-01   5.1484e+01   4.3136e+00   0.0000e+00   0.0000e+00   2.7600e+02
20260821_01:00:00   2.0020e-01   5.3381e+01   4.4672e+00   6.7490e-04   0.0000e+00   2.7482e+02
20260821_02:00:00   2.6208e-01   6.6902e+01   4.5338e+00   2.3030e-02   0.0000e+00   2.7408e+02
20260821_03:00:00   2.5772e-01   6.5980e+01   4.6143e+00   1.8970e-02   0.0000e+00   2.7354e+02
20260821_04:00:00   2.0762e-01   5.5081e+01   4.4275e+00   3.4900e-03   0.0000e+00   2.7300e+02
20260821_05:00:00   2.0364e-01   5.4140e+01   4.4969e+00   8.4910e-04   0.0000e+00   2.7273e+02
20260821_06:00:00   2.0433e-01   5.4287e+01   4.5552e+00   0.0000e+00   0.0000e+00   2.7380e+02
20260821_07:00:00   2.0759e-01   5.4990e+01   4.6265e+00   0.0000e+00   0.0000e+00   2.7580e+02
20260821_08:00:00   2.1013e-01   5.5538e+01   4.6711e+00   0.0000e+00   0.0000e+00   2.7620e+02
20260821_09:00:00   2.1309e-01   5.6167e+01   4.7220e+00   0.0000e+00   0.0000e+00   2.7672e+02
20260821_10:00:00   2.1728e-01   5.7029e+01   4.8074e+00   0.0000e+00   0.0000e+00   2.7709e+02
20260821_11:00:00   2.1035e-01   5.5520e+01   4.6779e+00   0.0000e+00   0.0000e+00   2.7826e+02
20260821_12:00:00   2.0488e-01   5.4308e+01   4.5588e+00   0.0000e+00   0.0000e+00   2.7646e+02
20260821_13:00:00   2.0287e-01   5.3839e+01   4.5417e+00   0.0000e+00   1.3110e-05   2.7503e+02
20260821_14:00:00   2.0216e-01   5.3641e+01   4.5336e+00   0.0000e+00   3.5280e-05   2.7562e+02
20260821_15:00:00   1.9882e-01   5.2895e+01   4.4746e+00   0.0000e+00   9.2600e-06   2.7596e+02
20260821_16:00:00   1.9798e-01   5.2684e+01   4.4714e+00   0.0000e+00   7.1420e-05   2.7618e+02
20260821_17:00:00   1.9685e-01   5.2423e+01   4.4555e+00   0.0000e+00   3.2600e-05   2.7699e+02
20260821_18:00:00   1.9994e-01   5.3074e+01   4.5338e+00   0.0000e+00   3.3500e-05   2.7855e+02
20260821_19:00:00   2.0120e-01   5.3355e+01   4.5610e+00   0.0000e+00   1.0460e-04   2.7822e+02
20260821_20:00:00   2.0269e-01   5.3686e+01   4.5784e+00   0.0000e+00   1.0446e-04   2.7885e+02
20260821_21:00:00   2.0244e-01   5.3670e+01   4.5581e+00   0.0000e+00   2.0400e-05   2.7836e+02
20260821_22:00:00   2.0669e-01   5.4573e+01   4.6552e+00   0.0000e+00   4.6980e-05   2.7775e+02
20260821_23:00:00   2.1973e-01   5.7323e+01   4.9553e+00   9.6270e-06   2.9420e-05   2.7737e+02
20260822_00:00:00   2.2728e-01   5.8890e+01   5.1537e+00   0.0000e+00   5.4080e-06   2.7747e+02
20260822_01:00:00   2.4308e-01   6.2164e+01   5.5112e+00   6.7760e-05   4.7860e-05   2.7895e+02
20260822_02:00:00   2.5558e-01   6.4697e+01   5.7838e+00   8.8080e-05   1.3318e-04   2.7801e+02
20260822_03:00:00   2.6463e-01   6.6492e+01   6.0134e+00   2.5220e-05   7.5160e-05   2.7712e+02
20260822_04:00:00   2.5636e-01   6.4821e+01   5.8513e+00   0.0000e+00   3.0340e-05   2.7683e+02
20260822_05:00:00   2.5704e-01   6.4982e+01   5.8199e+00   0.0000e+00   0.0000e+00   2.7761e+02
20260822_06:00:00   2.6933e-01   6.7533e+01   6.0149e+00   0.0000e+00   0.0000e+00   2.7768e+02
20260822_07:00:00   2.8655e-01   7.1056e+01   6.2987e+00   0.0000e+00   0.0000e+00   2.7777e+02
20260822_08:00:00   2.9725e-01   7.3205e+01   6.4650e+00   0.0000e+00   0.0000e+00   2.7923e+02
20260822_09:00:00   3.0550e-01   7.4825e+01   6.5958e+00   0.0000e+00   0.0000e+00   2.7967e+02
20260822_10:00:00   3.1115e-01   7.5945e+01   6.6800e+00   0.0000e+00   0.0000e+00   2.7906e+02
20260822_11:00:00   3.1198e-01   7.6113e+01   6.7010e+00   0.0000e+00   6.5560e-06   2.7954e+02
20260822_12:00:00   3.1690e-01   7.7018e+01   6.7974e+00   0.0000e+00   8.0640e-06   2.7861e+02
20260822_13:00:00   3.1732e-01   7.7087e+01   6.8038e+00   0.0000e+00   1.4440e-05   2.7738e+02
20260822_14:00:00   3.1186e-01   7.6039e+01   6.6976e+00   0.0000e+00   0.0000e+00   2.7546e+02
20260822_15:00:00   3.0658e-01   7.4986e+01   6.5972e+00   0.0000e+00   0.0000e+00   2.7385e+02
20260822_16:00:00   2.9867e-01   7.3434e+01   6.4445e+00   0.0000e+00   0.0000e+00   2.7567e+02
20260822_17:00:00   2.9488e-01   7.2672e+01   6.3912e+00   0.0000e+00   0.0000e+00   2.7620e+02
20260822_18:00:00   2.9209e-01   7.2173e+01   6.3486e+00   0.0000e+00   0.0000e+00   2.7792e+02
20260822_19:00:00   2.9799e-01   7.3347e+01   6.4649e+00   0.0000e+00   0.0000e+00   2.7747e+02
20260822_20:00:00   3.0188e-01   7.4160e+01   6.5260e+00   0.0000e+00   0.0000e+00   2.7851e+02
20260822_21:00:00   2.9914e-01   7.3681e+01   6.4490e+00   0.0000e+00   0.0000e+00   2.8023e+02
20260822_22:00:00   2.9413e-01   7.2757e+01   6.3164e+00   0.0000e+00   0.0000e+00   2.7969e+02
20260822_23:00:00   2.9857e-01   7.3668e+01   6.3640e+00   0.0000e+00   0.0000e+00   2.8071e+02
20260823_00:00:00   2.9187e-01   7.2381e+01   6.2370e+00   0.0000e+00   0.0000e+00   2.7879e+02
20260823_03:00:00   2.9158e-01   7.2302e+01   6.2769e+00   0.0000e+00   0.0000e+00   2.7534e+02
20260823_06:00:00   2.7197e-01   6.8287e+01   5.9246e+00   0.0000e+00   0.0000e+00   2.7541e+02
20260823_09:00:00   2.6053e-01   6.5896e+01   5.7462e+00   0.0000e+00   0.0000e+00   2.7858e+02
20260823_12:00:00   2.6759e-01   6.7137e+01   5.9198e+00   0.0000e+00   0.0000e+00   2.8162e+02
20260823_15:00:00   2.4354e-01   6.2135e+01   5.5125e+00   0.0000e+00   0.0000e+00   2.8215e+02
20260823_18:00:00   2.3052e-01   5.9376e+01   5.2391e+00   0.0000e+00   0.0000e+00   2.8626e+02
20260823_21:00:00   2.0363e-01   5.3749e+01   4.6652e+00   0.0000e+00   0.0000e+00   2.8475e+02
20260824_00:00:00   2.2394e-01   5.8075e+01   5.0928e+00   7.1020e-05   1.2907e-04   2.8263e+02
20260824_03:00:00   2.6110e-01   6.5656e+01   5.9481e+00   0.0000e+00   0.0000e+00   2.7874e+02
20260824_06:00:00   2.7573e-01   6.8764e+01   6.2085e+00   0.0000e+00   0.0000e+00   2.7673e+02
20260824_09:00:00   3.0092e-01   7.3947e+01   6.5934e+00   0.0000e+00   7.2147e-04   2.7774e+02
20260824_12:00:00   5.3775e-01   1.1524e+02   1.0337e+01   1.5899e-02   1.8933e-01   2.7370e+02
20260824_15:00:00   2.0879e+00   2.4175e+02   1.2934e+01   5.8489e-01   8.8416e-02   2.7296e+02
20260824_18:00:00   9.0013e-01   1.6320e+02   1.2725e+01   1.1815e-01   8.1326e-02   2.7511e+02
20260824_21:00:00   1.7419e+00   2.2714e+02   1.3880e+01   4.3260e-01   8.1222e-02   2.7678e+02
20260825_00:00:00   2.5168e+00   2.5279e+02   1.4715e+01   7.3022e-01   5.1276e-01   2.7451e+02
20260825_03:00:00   1.9680e+00   2.3710e+02   1.4293e+01   5.1019e-01   5.7130e-01   2.7301e+02
20260825_06:00:00   6.0747e-01   1.2536e+02   1.2751e+01   2.5035e-03   4.0472e-02   2.7616e+02
20260825_09:00:00   5.8942e-01   1.2278e+02   1.2332e+01   3.9340e-05   3.9636e-02   2.7680e+02
20260825_12:00:00   6.0418e-01   1.2492e+02   1.2117e+01   7.5516e-03   2.6321e-02   2.7879e+02
20260825_15:00:00   6.5535e-01   1.3247e+02   1.1837e+01   3.4050e-02   2.0851e-02   2.7683e+02
20260825_18:00:00   7.2095e-01   1.4139e+02   1.2043e+01   5.4326e-02   2.5409e-02   2.7949e+02
20260825_21:00:00   5.8663e-01   1.2250e+02   1.1948e+01   3.7794e-03   9.4315e-04   2.7632e+02
20260826_00:00:00   5.4836e-01   1.1671e+02   1.1538e+01   0.0000e+00   5.7800e-04   2.7512e+02
20260826_03:00:00   6.4678e-01   1.3130e+02   1.2277e+01   2.2697e-02   5.6627e-03   2.7565e+02
20260826_06:00:00   1.1799e+00   1.8997e+02   1.2967e+01   2.2609e-01   6.5860e-02   2.7827e+02
20260826_09:00:00   6.4698e-01   1.3116e+02   1.2140e+01   2.4925e-02   2.6990e-02   2.7921e+02
20260826_12:00:00   5.5794e-01   1.1828e+02   1.1500e+01   4.9824e-04   4.3685e-04   2.7589e+02
20260826_15:00:00   5.2095e-01   1.1264e+02   1.0818e+01   0.0000e+00   1.9287e-03   2.7663e+02
20260826_18:00:00   5.0857e-01   1.1081e+02   1.0405e+01   3.1830e-03   2.4365e-04   2.8171e+02
20260826_21:00:00   5.3870e-01   1.1560e+02   1.0497e+01   1.4684e-02   3.4260e-04   2.8280e+02
20260827_00:00:00   1.2156e+00   1.9367e+02   1.2011e+01   2.5729e-01   2.2037e-03   2.7883e+02
20260827_03:00:00   2.3807e+00   2.4933e+02   1.3151e+01   7.1104e-01   1.4248e-01   2.8031e+02
20260827_06:00:00   8.9569e-01   1.6260e+02   1.2503e+01   1.1745e-01   9.2263e-02   2.8018e+02
20260827_09:00:00   6.1726e-01   1.2755e+02   1.1060e+01   3.5235e-02   2.6529e-04   2.8152e+02
20260827_12:00:00   4.9093e-01   1.0779e+02   1.0403e+01   0.0000e+00   4.4618e-05   2.7821e+02
20260827_15:00:00   4.7279e-01   1.0479e+02   1.0074e+01   1.1870e-04   4.6100e-05   2.7922e+02
20260827_18:00:00   4.5705e-01   1.0222e+02   9.7780e+00   1.0720e-04   1.0748e-04   2.7965e+02
20260827_21:00:00   4.6151e-01   1.0307e+02   9.8276e+00   5.2440e-05   3.2840e-05   2.8035e+02
20260828_00:00:00   5.2942e-01   1.1451e+02   9.8399e+00   2.7697e-02   2.3299e-03   2.7683e+02
20260828_03:00:00   4.2298e-01   9.6695e+01   9.0857e+00   1.7970e-04   6.5452e-03   2.7674e+02
20260828_06:00:00   3.9136e-01   9.1328e+01   8.3411e+00   0.0000e+00   2.7620e-03   2.7776e+02
20260828_09:00:00   3.6636e-01   8.6677e+01   7.9374e+00   0.0000e+00   6.3220e-04   2.7880e+02
20260828_12:00:00   3.7013e-01   8.7224e+01   8.1164e+00   0.0000e+00   0.0000e+00   2.7710e+02
20260828_15:00:00   3.2537e-01   7.9018e+01   7.1833e+00   0.0000e+00   6.4300e-05   2.7678e+02
20260828_18:00:00   3.2203e-01   7.8458e+01   7.0471e+00   0.0000e+00   4.5298e-03   2.7478e+02
20260828_21:00:00   3.0913e-01   7.6103e+01   6.7753e+00   4.7750e-06   2.5663e-03   2.7590e+02
20260829_00:00:00   3.0629e-01   7.5604e+01   6.7148e+00   6.5610e-05   3.3834e-03   2.7337e+02
20260829_03:00:00   3.0963e-01   7.6203e+01   6.8010e+00   0.0000e+00   1.5968e-02   2.7220e+02
20260829_06:00:00   2.9544e-01   7.3411e+01   6.5742e+00   0.0000e+00   4.1574e-03   2.7433e+02
20260829_09:00:00   2.8970e-01   7.2295e+01   6.4350e+00   0.0000e+00   3.4817e-04   2.7567e+02
20260829_12:00:00   2.6695e-01   6.7673e+01   6.0071e+00   0.0000e+00   7.7141e-04   2.7714e+02
20260829_15:00:00   2.5346e-01   6.4855e+01   5.7338e+00   0.0000e+00   1.5453e-03   2.7630e+02
20260829_18:00:00   2.4788e-01   6.3710e+01   5.6079e+00   0.0000e+00   2.9043e-03   2.7644e+02
20260829_21:00:00   2.4379e-01   6.2882e+01   5.5447e+00   0.0000e+00   1.2948e-02   2.7818e+02
20260830_00:00:00   2.5449e-01   6.4967e+01   5.8008e+00   0.0000e+00   4.1799e-02   2.7475e+02
20260830_03:00:00   2.6699e-01   6.7420e+01   6.1838e+00   3.0060e-04   2.4072e-02   2.7181e+02
20260830_06:00:00   2.6956e-01   6.8096e+01   6.1685e+00   0.0000e+00   5.5315e-03   2.7157e+02
20260830_09:00:00   2.6161e-01   6.6512e+01   5.9763e+00   0.0000e+00   1.7356e-03   2.7043e+02
20260830_12:00:00   2.3550e-01   6.0954e+01   5.4545e+00   0.0000e+00   2.5720e-03   2.7108e+02
20260830_15:00:00   2.1481e-01   5.6422e+01   5.0400e+00   0.0000e+00   3.1258e-03   2.6834e+02
20260830_18:00:00   2.0928e-01   5.5289e+01   4.8521e+00   0.0000e+00   5.1680e-04   2.6993e+02
20260830_21:00:00   1.8957e-01   5.0888e+01   4.4743e+00   0.0000e+00   7.7116e-04   2.7017e+02
20260831_00:00:00   1.7817e-01   4.8399e+01   4.2077e+00   0.0000e+00   5.4080e-05   2.6947e+02
20260831_03:00:00   1.8806e-01   5.0567e+01   4.4359e+00   0.0000e+00   0.0000e+00   2.6808e+02
20260831_06:00:00   1.8186e-01   4.9222e+01   4.2863e+00   0.0000e+00   0.0000e+00   2.6981e+02
20260831_09:00:00   1.7409e-01   4.7513e+01   4.0851e+00   0.0000e+00   0.0000e+00   2.6962e+02
20260831_12:00:00   1.6584e-01   4.5647e+01   3.8849e+00   0.0000e+00   0.0000e+00   2.7051e+02
20260831_15:00:00   1.6217e-01   4.4803e+01   3.7993e+00   0.0000e+00   0.0000e+00   2.6845e+02
20260831_18:00:00   1.7015e-01   4.6629e+01   3.9619e+00   0.0000e+00   0.0000e+00   2.7101e+02
20260831_21:00:00   1.6973e-01   4.6545e+01   3.9663e+00   0.0000e+00   0.0000e+00   2.7223e+02
20260901_00:00:00   1.7738e-01   4.8307e+01   4.1240e+00   0.0000e+00   0.0000e+00   2.7058e+02
20260901_03:00:00   1.8060e-01   4.9020e+01   4.1965e+00   0.0000e+00   0.0000e+00   2.7038e+02
20260901_06:00:00   1.6253e-01   4.4945e+01   3.7852e+00   0.0000e+00   0.0000e+00   2.6886e+02
20260901_09:00:00   1.6933e-01   4.6424e+01   3.9321e+00   0.0000e+00   0.0000e+00   2.7264e+02
20260901_12:00:00   1.6812e-01   4.6068e+01   3.9279e+00   0.0000e+00   1.2981e-04   2.7387e+02
20260901_15:00:00   1.6351e-01   4.5004e+01   3.8378e+00   0.0000e+00   2.4400e-04   2.7405e+02
20260901_18:00:00   1.7908e-01   4.8281e+01   4.2659e+00   0.0000e+00   1.8893e-03   2.7480e+02
20260901_21:00:00   1.7582e-01   4.7452e+01   4.2557e+00   0.0000e+00   7.2555e-03   2.7571e+02
20260902_00:00:00   1.8078e-01   4.8590e+01   4.3575e+00   0.0000e+00   3.1731e-03   2.7366e+02
20260902_03:00:00   1.8450e-01   4.9399e+01   4.4165e+00   7.9690e-04   2.8621e-03   2.7370e+02
20260902_06:00:00   1.6838e-01   4.6020e+01   3.9877e+00   0.0000e+00   1.6331e-03   2.7384e+02
20260902_09:00:00   1.7445e-01   4.7365e+01   4.1302e+00   0.0000e+00   2.7613e-03   2.7544e+02
20260902_12:00:00   1.7860e-01   4.8179e+01   4.2499e+00   0.0000e+00   3.2754e-03   2.7571e+02
20260902_15:00:00   1.7904e-01   4.8231e+01   4.2714e+00   0.0000e+00   1.6100e-03   2.7580e+02
20260902_18:00:00   1.7858e-01   4.8121e+01   4.2516e+00   0.0000e+00   2.4981e-03   2.7723e+02
20260902_21:00:00   1.4655e-01   4.0845e+01   3.5169e+00   0.0000e+00   5.9572e-03   2.7761e+02
20260903_00:00:00   1.9670e-01   5.2687e+01   3.2518e+00   2.2800e-02   1.1740e-03   2.7867e+02
