#            date       tau255        Tb[K]      pwv[mm] lwp[kg*m^-2] iwp[kg*m^-2]       o3[DU]
20260807_12:00:00   1.0886e-01   3.2146e+01   2.5984e+00   0.0000e+00   0.0000e+00   2.7039e+02
20260807_13:00:00   1.0816e-01   3.1947e+01   2.5948e+00   0.0000e+00   1.8178e-03   2.6985e+02
20260807_14:00:00   1.1188e-01   3.2816e+01   2.6990e+00   0.0000e+00   2.6917e-03   2.6864e+02
20260807_15:00:00   1.1531e-01   3.3620e+01   2.7872e+00   0.0000e+00   1.8254e-03   2.7133e+02
20260807_16:00:00   1.1769e-01   3.4182e+01   2.8450e+00   0.0000e+00   2.4946e-04   2.7084e+02
20260807_17:00:00   1.2219e-01   3.5245e+01   2.9547e+00   0.0000e+00   3.5641e-04   2.7333e+02
20260807_18:00:00   1.2477e-01   3.5875e+01   3.0120e+00   0.0000e+00   3.3656e-04   2.7118e+02
20260807_19:00:00   1.2459e-01   3.5871e+01   2.9921e+00   0.0000e+00   1.6378e-04   2.7384e+02
20260807_20:00:00   1.2433e-01   3.5834e+01   2.9735e+00   0.0000e+00   1.0129e-04   2.7239e+02
20260807_21:00:00   1.2715e-01   3.6494e+01   3.0450e+00   0.0000e+00   3.8348e-04   2.7445e+02
20260807_22:00:00   1.3013e-01   3.7198e+01   3.1123e+00   0.0000e+00   1.7045e-03   2.7403e+02
20260807_23:00:00   1.3529e-01   3.8397e+01   3.2354e+00   0.0000e+00   1.8031e-03   2.7437e+02
20260808_00:00:00   1.4069e-01   3.9639e+01   3.3705e+00   0.0000e+00   8.8169e-04   2.7488e+02
20260808_01:00:00   1.3606e-01   3.8549e+01   3.2661e+00   0.0000e+00   1.8218e-03   2.7346e+02
20260808_02:00:00   1.3055e-01   3.7257e+01   3.1367e+00   0.0000e+00   5.4690e-03   2.7196e+02
20260808_03:00:00   1.2546e-01   3.6056e+01   3.0179e+00   0.0000e+00   1.3365e-02   2.7475e+02
20260808_04:00:00   1.2155e-01   3.5127e+01   2.9274e+00   0.0000e+00   9.3180e-03   2.7369e+02
20260808_05:00:00   1.1821e-01   3.4358e+01   2.8457e+00   0.0000e+00   6.0933e-03   2.7346e+02
20260808_06:00:00   1.1580e-01   3.3766e+01   2.7892e+00   0.0000e+00   9.8730e-03   2.7273e+02
20260808_07:00:00   1.1549e-01   3.3666e+01   2.7864e+00   0.0000e+00   7.1669e-03   2.7121e+02
20260808_08:00:00   1.1399e-01   3.3291e+01   2.7569e+00   0.0000e+00   4.6287e-03   2.7094e+02
20260808_09:00:00   1.1273e-01   3.3012e+01   2.7220e+00   0.0000e+00   3.5635e-04   2.7057e+02
20260808_10:00:00   1.0926e-01   3.2239e+01   2.6146e+00   0.0000e+00   0.0000e+00   2.6769e+02
20260808_11:00:00   1.0678e-01   3.1669e+01   2.5396e+00   0.0000e+00   3.1880e-05   2.6897e+02
20260808_12:00:00   1.0676e-01   3.1653e+01   2.5380e+00   0.0000e+00   1.4850e-04   2.6978e+02
20260808_13:00:00   1.0636e-01   3.1541e+01   2.5356e+00   0.0000e+00   3.3300e-04   2.7180e+02
20260808_14:00:00   1.0703e-01   3.1673e+01   2.5573e+00   0.0000e+00   7.9579e-04   2.7158e+02
20260808_15:00:00   1.0494e-01   3.1214e+01   2.4892e+00   0.0000e+00   3.3415e-04   2.7156e+02
20260808_16:00:00   1.0288e-01   3.0719e+01   2.4368e+00   0.0000e+00   2.2924e-05   2.7083e+02
20260808_17:00:00   1.0232e-01   3.0574e+01   2.4264e+00   0.0000e+00   0.0000e+00   2.7181e+02
20260808_18:00:00   1.0059e-01   3.0192e+01   2.3724e+00   0.0000e+00   0.0000e+00   2.7249e+02
20260808_19:00:00   1.0207e-01   3.0574e+01   2.3974e+00   0.0000e+00   0.0000e+00   2.7327e+02
20260808_20:00:00   1.0552e-01   3.1420e+01   2.4759e+00   0.0000e+00   0.0000e+00   2.7466e+02
20260808_21:00:00   1.1003e-01   3.2498e+01   2.5890e+00   0.0000e+00   3.1624e-05   2.7348e+02
20260808_22:00:00   1.1162e-01   3.2869e+01   2.6358e+00   0.0000e+00   3.8983e-04   2.7206e+02
20260808_23:00:00   1.0926e-01   3.2307e+01   2.5831e+00   0.0000e+00   2.9906e-04   2.7415e+02
20260809_00:00:00   1.0789e-01   3.1985e+01   2.5508e+00   0.0000e+00   7.1400e-05   2.7458e+02
20260809_01:00:00   1.0594e-01   3.1524e+01   2.5060e+00   0.0000e+00   9.8340e-05   2.7589e+02
20260809_02:00:00   1.0279e-01   3.0770e+01   2.4261e+00   0.0000e+00   3.5760e-04   2.7504e+02
20260809_03:00:00   9.8958e-02   2.9859e+01   2.3236e+00   0.0000e+00   3.9100e-04   2.7392e+02
20260809_04:00:00   9.4776e-02   2.8839e+01   2.2220e+00   0.0000e+00   7.6320e-04   2.7464e+02
20260809_05:00:00   9.5984e-02   2.9120e+01   2.2564e+00   0.0000e+00   1.0998e-03   2.7230e+02
20260809_06:00:00   1.0357e-01   3.0976e+01   2.4450e+00   0.0000e+00   1.3908e-03   2.7263e+02
20260809_07:00:00   1.0611e-01   3.1615e+01   2.4912e+00   0.0000e+00   9.2340e-04   2.7158e+02
20260809_08:00:00   1.0724e-01   3.1927e+01   2.4990e+00   0.0000e+00   7.6340e-04   2.6943e+02
20260809_09:00:00   1.1346e-01   3.3483e+01   2.6227e+00   0.0000e+00   7.0380e-04   2.7138e+02
20260809_10:00:00   1.2866e-01   3.7188e+01   2.9369e+00   0.0000e+00   1.0082e-03   2.7295e+02
20260809_11:00:00   1.5679e-01   4.3834e+01   3.5075e+00   4.8310e-06   1.3042e-03   2.7173e+02
20260809_12:00:00   1.8477e-01   5.0213e+01   4.0390e+00   0.0000e+00   1.6456e-03   2.7463e+02
20260809_13:00:00   1.9667e-01   5.2849e+01   4.2561e+00   0.0000e+00   1.5376e-03   2.7259e+02
20260809_14:00:00   2.0361e-01   5.4375e+01   4.3771e+00   0.0000e+00   1.3966e-03   2.7191e+02
20260809_15:00:00   2.1314e-01   5.6465e+01   4.5416e+00   0.0000e+00   1.5688e-03   2.7412e+02
20260809_16:00:00   2.2723e-01   5.9474e+01   4.7916e+00   0.0000e+00   2.1398e-03   2.7522e+02
20260809_17:00:00   2.3617e-01   6.1379e+01   4.9558e+00   0.0000e+00   1.9082e-03   2.7781e+02
20260809_18:00:00   2.3275e-01   6.0664e+01   4.8951e+00   0.0000e+00   1.3588e-03   2.7648e+02
20260809_19:00:00   2.2557e-01   5.9166e+01   4.7449e+00   0.0000e+00   8.3787e-04   2.7791e+02
20260809_20:00:00   2.2746e-01   5.9620e+01   4.7677e+00   0.0000e+00   5.2040e-04   2.7765e+02
20260809_21:00:00   2.4826e-01   6.4044e+01   5.1892e+00   0.0000e+00   3.4310e-04   2.7959e+02
20260809_22:00:00   2.6862e-01   6.8234e+01   5.5867e+00   5.3770e-04   2.8106e-04   2.7699e+02
20260809_23:00:00   2.6654e-01   6.7799e+01   5.4771e+00   2.2992e-03   2.6141e-04   2.7679e+02
20260810_00:00:00   2.6798e-01   6.8126e+01   5.3181e+00   6.1630e-03   1.9174e-04   2.7680e+02
20260810_01:00:00   2.4793e-01   6.3903e+01   5.0467e+00   4.8650e-03   1.1674e-04   2.7751e+02
20260810_02:00:00   2.0101e-01   5.3772e+01   4.3817e+00   0.0000e+00   4.7024e-05   2.7608e+02
20260810_03:00:00   1.7358e-01   4.7644e+01   3.8190e+00   0.0000e+00   1.3299e-05   2.7649e+02
20260810_04:00:00   1.5522e-01   4.3431e+01   3.4428e+00   0.0000e+00   1.3618e-05   2.7639e+02
20260810_05:00:00   1.4267e-01   4.0504e+01   3.1688e+00   0.0000e+00   2.1680e-05   2.7687e+02
20260810_06:00:00   1.2947e-01   3.7411e+01   2.8728e+00   0.0000e+00   9.5800e-06   2.7845e+02
20260810_07:00:00   1.1632e-01   3.4270e+01   2.5740e+00   0.0000e+00   2.0340e-06   2.7951e+02
20260810_08:00:00   1.0701e-01   3.2015e+01   2.3618e+00   0.0000e+00   2.7400e-07   2.7949e+02
20260810_09:00:00   1.0014e-01   3.0345e+01   2.1976e+00   0.0000e+00   0.0000e+00   2.7760e+02
20260810_10:00:00   9.7688e-02   2.9727e+01   2.1366e+00   0.0000e+00   0.0000e+00   2.7739e+02
20260810_11:00:00   9.6858e-02   2.9510e+01   2.1164e+00   0.0000e+00   0.0000e+00   2.7820e+02
20260810_12:00:00   9.6129e-02   2.9323e+01   2.0998e+00   0.0000e+00   0.0000e+00   2.7866e+02
20260810_13:00:00   9.4878e-02   2.9008e+01   2.0744e+00   0.0000e+00   0.0000e+00   2.7900e+02
20260810_14:00:00   9.4607e-02   2.8933e+01   2.0664e+00   0.0000e+00   0.0000e+00   2.7757e+02
20260810_15:00:00   9.4671e-02   2.8956e+01   2.0645e+00   0.0000e+00   0.0000e+00   2.7835e+02
20260810_16:00:00   9.6574e-02   2.9422e+01   2.1059e+00   0.0000e+00   0.0000e+00   2.7733e+02
20260810_17:00:00   1.0122e-01   3.0542e+01   2.2141e+00   0.0000e+00   0.0000e+00   2.7646e+02
20260810_18:00:00   1.0456e-01   3.1340e+01   2.2910e+00   0.0000e+00   0.0000e+00   2.7588e+02
20260810_19:00:00   1.0802e-01   3.2194e+01   2.3599e+00   0.0000e+00   0.0000e+00   2.7466e+02
20260810_20:00:00   1.1284e-01   3.3369e+01   2.4571e+00   0.0000e+00   0.0000e+00   2.7571e+02
20260810_21:00:00   1.1601e-01   3.4129e+01   2.5291e+00   0.0000e+00   0.0000e+00   2.7581e+02
20260810_22:00:00   1.2103e-01   3.5319e+01   2.6410e+00   7.7620e-06   0.0000e+00   2.7726e+02
20260810_23:00:00   1.2900e-01   3.7217e+01   2.7536e+00   1.1503e-03   0.0000e+00   2.7915e+02
20260811_00:00:00   1.3146e-01   3.7821e+01   2.7394e+00   2.5970e-03   0.0000e+00   2.7752e+02
20260811_01:00:00   1.3403e-01   3.8425e+01   2.8187e+00   2.5003e-03   6.6680e-06   2.7600e+02
20260811_02:00:00   1.2614e-01   3.6545e+01   2.7927e+00   0.0000e+00   0.0000e+00   2.7609e+02
20260811_03:00:00   1.1588e-01   3.4094e+01   2.5659e+00   0.0000e+00   0.0000e+00   2.7524e+02
20260811_04:00:00   1.1144e-01   3.3016e+01   2.4733e+00   0.0000e+00   0.0000e+00   2.7393e+02
20260811_05:00:00   1.1068e-01   3.2811e+01   2.4571e+00   0.0000e+00   0.0000e+00   2.7251e+02
20260811_06:00:00   1.0780e-01   3.2077e+01   2.4107e+00   0.0000e+00   0.0000e+00   2.7222e+02
20260811_07:00:00   1.0813e-01   3.2132e+01   2.4292e+00   0.0000e+00   0.0000e+00   2.7339e+02
20260811_08:00:00   1.0355e-01   3.1012e+01   2.3432e+00   0.0000e+00   1.3110e-05   2.7536e+02
20260811_09:00:00   9.5307e-02   2.8991e+01   2.1608e+00   0.0000e+00   2.4540e-05   2.7595e+02
20260811_10:00:00   8.9639e-02   2.7586e+01   2.0330e+00   0.0000e+00   9.9240e-06   2.7594e+02
20260811_11:00:00   8.7821e-02   2.7142e+01   1.9853e+00   0.0000e+00   1.9846e-05   2.7621e+02
20260811_12:00:00   8.4921e-02   2.6416e+01   1.9194e+00   0.0000e+00   0.0000e+00   2.7650e+02
20260811_13:00:00   8.4380e-02   2.6268e+01   1.9115e+00   0.0000e+00   0.0000e+00   2.7667e+02
20260811_14:00:00   8.3581e-02   2.6052e+01   1.8995e+00   0.0000e+00   9.3920e-05   2.7479e+02
20260811_15:00:00   8.1193e-02   2.5448e+01   1.8511e+00   0.0000e+00   1.8128e-05   2.7368e+02
20260811_16:00:00   7.6300e-02   2.4215e+01   1.7403e+00   0.0000e+00   1.0862e-05   2.7502e+02
20260811_17:00:00   7.0227e-02   2.2689e+01   1.5936e+00   0.0000e+00   0.0000e+00   2.7760e+02
20260811_18:00:00   6.6114e-02   2.1635e+01   1.4943e+00   0.0000e+00   6.5560e-06   2.7518e+02
20260811_19:00:00   6.4332e-02   2.1157e+01   1.4530e+00   0.0000e+00   1.3642e-04   2.7516e+02
20260811_20:00:00   6.3317e-02   2.0885e+01   1.4298e+00   0.0000e+00   2.1939e-03   2.7476e+02
20260811_21:00:00   6.3741e-02   2.0983e+01   1.4429e+00   0.0000e+00   4.1042e-03   2.7626e+02
20260811_22:00:00   6.4495e-02   2.1186e+01   1.4607e+00   0.0000e+00   3.3035e-03   2.7771e+02
20260811_23:00:00   6.7580e-02   2.2002e+01   1.5256e+00   0.0000e+00   2.9740e-03   2.7669e+02
20260812_00:00:00   6.8813e-02   2.2325e+01   1.5502e+00   0.0000e+00   4.1317e-03   2.7633e+02
20260812_01:00:00   7.4641e-02   2.3879e+01   1.6645e+00   0.0000e+00   3.9041e-03   2.7631e+02
20260812_02:00:00   7.1192e-02   2.3033e+01   1.5771e+00   0.0000e+00   1.5490e-03   2.7602e+02
20260812_03:00:00   6.5894e-02   2.1707e+01   1.4456e+00   0.0000e+00   2.4065e-04   2.7433e+02
20260812_04:00:00   6.2651e-02   2.0889e+01   1.3629e+00   0.0000e+00   2.2703e-03   2.7562e+02
20260812_05:00:00   6.1189e-02   2.0517e+01   1.3250e+00   0.0000e+00   2.8566e-03   2.7569e+02
20260812_06:00:00   6.0347e-02   2.0307e+01   1.3005e+00   0.0000e+00   6.6469e-04   2.7674e+02
20260812_07:00:00   6.0080e-02   2.0238e+01   1.2930e+00   0.0000e+00   1.2372e-03   2.7861e+02
20260812_08:00:00   6.0565e-02   2.0361e+01   1.2999e+00   0.0000e+00   2.0660e-03   2.8041e+02
20260812_09:00:00   6.0584e-02   2.0351e+01   1.3054e+00   0.0000e+00   9.8409e-04   2.8183e+02
20260812_10:00:00   6.0794e-02   2.0392e+01   1.3179e+00   0.0000e+00   8.8504e-04   2.8158e+02
20260812_11:00:00   6.0320e-02   2.0262e+01   1.3098e+00   0.0000e+00   1.3343e-03   2.8159e+02
20260812_12:00:00   5.8911e-02   1.9902e+01   1.2742e+00   0.0000e+00   6.0748e-04   2.8128e+02
20260812_15:00:00   5.0158e-02   1.7667e+01   1.0408e+00   0.0000e+00   2.9540e-04   2.8119e+02
20260812_18:00:00   4.9462e-02   1.7504e+01   1.0248e+00   0.0000e+00   1.9442e-05   2.8025e+02
20260812_21:00:00   5.0889e-02   1.7841e+01   1.0718e+00   0.0000e+00   3.7318e-05   2.8489e+02
20260813_00:00:00   5.8890e-02   1.9991e+01   1.2489e+00   0.0000e+00   0.0000e+00   2.8302e+02
20260813_03:00:00   5.9258e-02   2.0115e+01   1.2526e+00   0.0000e+00   0.0000e+00   2.8247e+02
20260813_06:00:00   6.1250e-02   2.0607e+01   1.3065e+00   0.0000e+00   2.0743e-04   2.8245e+02
20260813_09:00:00   6.8281e-02   2.2418e+01   1.4572e+00   0.0000e+00   1.6422e-03   2.8264e+02
20260813_12:00:00   7.5267e-02   2.4167e+01   1.6214e+00   0.0000e+00   3.4877e-03   2.8110e+02
20260813_15:00:00   8.1649e-02   2.5774e+01   1.7587e+00   0.0000e+00   1.1240e-03   2.7943e+02
20260813_18:00:00   8.4726e-02   2.6575e+01   1.8191e+00   0.0000e+00   1.0958e-06   2.7740e+02
20260813_21:00:00   9.3424e-02   2.8725e+01   2.0325e+00   0.0000e+00   0.0000e+00   2.7846e+02
20260814_00:00:00   1.1489e-01   3.3955e+01   2.5251e+00   0.0000e+00   6.0240e-05   2.7805e+02
20260814_03:00:00   1.1875e-01   3.4914e+01   2.6481e+00   0.0000e+00   3.7258e-05   2.7479e+02
20260814_06:00:00   1.2553e-01   3.6518e+01   2.7982e+00   0.0000e+00   3.9340e-05   2.7664e+02
20260814_09:00:00   1.2229e-01   3.5679e+01   2.7075e+00   0.0000e+00   0.0000e+00   2.7823e+02
20260814_12:00:00   1.0766e-01   3.2132e+01   2.3733e+00   0.0000e+00   0.0000e+00   2.7912e+02
20260814_15:00:00   1.0037e-01   3.0371e+01   2.2031e+00   0.0000e+00   0.0000e+00   2.7918e+02
20260814_18:00:00   1.1005e-01   3.2731e+01   2.4238e+00   0.0000e+00   0.0000e+00   2.8156e+02
20260814_21:00:00   1.1316e-01   3.3481e+01   2.4793e+00   0.0000e+00   0.0000e+00   2.8415e+02
20260815_00:00:00   1.2375e-01   3.6011e+01   2.6781e+00   0.0000e+00   0.0000e+00   2.8120e+02
20260815_03:00:00   1.3959e-01   3.9767e+01   3.0584e+00   0.0000e+00   0.0000e+00   2.7972e+02
20260815_06:00:00   1.3864e-01   3.9503e+01   3.0901e+00   0.0000e+00   0.0000e+00   2.8161e+02
20260815_09:00:00   1.3064e-01   3.7519e+01   2.9608e+00   0.0000e+00   0.0000e+00   2.8258e+02
20260815_12:00:00   1.1907e-01   3.4704e+01   2.7247e+00   0.0000e+00   0.0000e+00   2.7734e+02
20260815_15:00:00   1.1656e-01   3.4052e+01   2.6889e+00   0.0000e+00   0.0000e+00   2.7900e+02
20260815_18:00:00   1.0473e-01   3.1155e+01   2.4393e+00   0.0000e+00   0.0000e+00   2.7846e+02
20260815_21:00:00   1.0249e-01   3.0631e+01   2.3863e+00   0.0000e+00   0.0000e+00   2.8157e+02
20260816_00:00:00   1.0788e-01   3.2030e+01   2.4859e+00   4.1160e-04   0.0000e+00   2.8046e+02
20260816_03:00:00   9.7519e-02   2.9492e+01   2.2673e+00   0.0000e+00   0.0000e+00   2.7900e+02
20260816_06:00:00   8.5631e-02   2.6547e+01   1.9802e+00   0.0000e+00   0.0000e+00   2.8096e+02
20260816_09:00:00   8.0599e-02   2.5291e+01   1.8469e+00   0.0000e+00   0.0000e+00   2.8309e+02
20260816_12:00:00   7.4159e-02   2.3707e+01   1.6785e+00   0.0000e+00   0.0000e+00   2.7907e+02
20260816_15:00:00   7.2130e-02   2.3197e+01   1.6334e+00   0.0000e+00   0.0000e+00   2.7695e+02
20260816_18:00:00   7.3965e-02   2.3686e+01   1.6733e+00   0.0000e+00   0.0000e+00   2.7827e+02
20260816_21:00:00   7.3398e-02   2.3571e+01   1.6586e+00   0.0000e+00   0.0000e+00   2.7927e+02
20260817_00:00:00   7.7980e-02   2.4774e+01   1.7300e+00   6.0200e-04   0.0000e+00   2.7481e+02
20260817_03:00:00   7.4850e-02   2.4015e+01   1.6857e+00   0.0000e+00   0.0000e+00   2.7400e+02
20260817_06:00:00   7.0843e-02   2.3019e+01   1.5789e+00   0.0000e+00   0.0000e+00   2.7697e+02
20260817_09:00:00   7.0220e-02   2.2870e+01   1.5559e+00   0.0000e+00   0.0000e+00   2.7626e+02
20260817_12:00:00   6.7257e-02   2.2113e+01   1.4823e+00   0.0000e+00   0.0000e+00   2.7758e+02
20260817_15:00:00   6.5673e-02   2.1702e+01   1.4397e+00   0.0000e+00   0.0000e+00   2.7892e+02
20260817_18:00:00   6.4113e-02   2.1316e+01   1.3975e+00   0.0000e+00   0.0000e+00   2.7859e+02
20260817_21:00:00   6.4172e-02   2.1334e+01   1.3999e+00   0.0000e+00   0.0000e+00   2.8020e+02
20260818_00:00:00   7.7029e-02   2.4708e+01   1.5296e+00   2.5170e-03   0.0000e+00   2.7974e+02
20260818_03:00:00   6.6265e-02   2.1937e+01   1.4293e+00   3.5370e-05   0.0000e+00   2.7577e+02
20260818_06:00:00   6.1817e-02   2.0806e+01   1.3216e+00   0.0000e+00   0.0000e+00   2.7482e+02
20260818_09:00:00   6.5113e-02   2.1670e+01   1.3935e+00   0.0000e+00   0.0000e+00   2.7754e+02
20260818_12:00:00   6.0561e-02   2.0459e+01   1.2873e+00   0.0000e+00   0.0000e+00   2.7601e+02
20260818_15:00:00   5.9518e-02   2.0184e+01   1.2592e+00   0.0000e+00   0.0000e+00   2.7679e+02
20260818_18:00:00   6.0995e-02   2.0559e+01   1.2919e+00   0.0000e+00   0.0000e+00   2.7511e+02
20260818_21:00:00   6.2875e-02   2.1062e+01   1.3322e+00   0.0000e+00   0.0000e+00   2.7507e+02
20260819_00:00:00   7.1409e-02   2.3280e+01   1.5200e+00   0.0000e+00   0.0000e+00   2.7486e+02
20260819_03:00:00   8.4606e-02   2.6646e+01   1.8177e+00   3.6400e-05   0.0000e+00   2.7373e+02
20260819_06:00:00   7.5134e-02   2.4241e+01   1.5802e+00   4.0950e-04   0.0000e+00   2.7630e+02
20260819_09:00:00   6.7047e-02   2.2137e+01   1.4179e+00   0.0000e+00   0.0000e+00   2.7952e+02
20260819_12:00:00   7.0588e-02   2.3018e+01   1.4943e+00   0.0000e+00   0.0000e+00   2.7933e+02
20260819_15:00:00   6.5198e-02   2.1617e+01   1.3731e+00   0.0000e+00   0.0000e+00   2.7927e+02
20260819_18:00:00   6.0037e-02   2.0259e+01   1.2564e+00   0.0000e+00   0.0000e+00   2.8041e+02
20260819_21:00:00   6.4198e-02   2.1319e+01   1.3574e+00   0.0000e+00   0.0000e+00   2.8123e+02
20260820_00:00:00   1.0937e-01   3.2672e+01   2.2027e+00   2.9820e-03   0.0000e+00   2.8112e+02
20260820_03:00:00   1.8683e-01   5.0638e+01   3.8827e+00   3.9920e-03   0.0000e+00   2.7985e+02
20260820_06:00:00   1.3345e-01   3.8388e+01   2.6839e+00   4.2750e-03   0.0000e+00   2.8083e+02
20260820_09:00:00   1.0442e-01   3.1283e+01   2.2615e+00   5.6570e-04   0.0000e+00   2.8158e+02
20260820_12:00:00   1.1156e-01   3.2855e+01   2.4916e+00   5.8600e-05   0.0000e+00   2.8047e+02
20260820_15:00:00   1.3807e-01   3.8912e+01   3.1597e+00   0.0000e+00   0.0000e+00   2.7845e+02
20260820_18:00:00   1.4132e-01   3.9658e+01   3.2271e+00   0.0000e+00   0.0000e+00   2.8408e+02
20260820_21:00:00   1.7057e-01   4.6377e+01   3.8466e+00   1.0530e-04   0.0000e+00   2.8682e+02
20260821_00:00:00   3.3273e-01   7.9840e+01   7.1040e+00   2.8000e-04   0.0000e+00   2.8576e+02
20260821_03:00:00   3.2829e-01   7.9322e+01   6.3557e+00   1.0681e-02   0.0000e+00   2.8430e+02
20260821_06:00:00   2.9236e-01   7.2123e+01   6.1901e+00   9.5280e-05   9.2870e-06   2.8330e+02
20260821_09:00:00   2.8063e-01   6.9802e+01   5.8674e+00   0.0000e+00   0.0000e+00   2.8469e+02
20260821_12:00:00   2.5092e-01   6.3657e+01   5.3075e+00   0.0000e+00   0.0000e+00   2.8550e+02
20260821_15:00:00   2.3994e-01   6.1321e+01   5.1517e+00   0.0000e+00   0.0000e+00   2.8581e+02
20260821_18:00:00   2.4448e-01   6.2292e+01   5.2044e+00   0.0000e+00   0.0000e+00   2.8706e+02
20260821_21:00:00   2.7306e-01   6.8122e+01   5.7931e+00   0.0000e+00   0.0000e+00   2.8662e+02
20260822_00:00:00   3.3881e-01   8.0934e+01   7.0209e+00   0.0000e+00   1.0196e-05   2.8452e+02
20260822_03:00:00   4.1070e-01   9.4128e+01   7.8892e+00   9.2800e-03   1.6495e-03   2.8211e+02
20260822_06:00:00   4.1511e-01   9.4933e+01   7.3478e+00   2.1270e-02   4.1105e-03   2.8358e+02
20260822_09:00:00   3.6717e-01   8.6329e+01   6.8216e+00   1.2271e-02   1.3149e-04   2.8516e+02
20260822_12:00:00   2.8769e-01   7.1016e+01   5.9429e+00   0.0000e+00   0.0000e+00   2.8328e+02
20260822_15:00:00   2.6197e-01   6.5759e+01   5.5191e+00   0.0000e+00   0.0000e+00   2.8356e+02
20260822_18:00:00   2.5648e-01   6.4595e+01   5.4230e+00   0.0000e+00   0.0000e+00   2.8746e+02
20260822_21:00:00   3.0419e-01   7.3985e+01   6.3902e+00   0.0000e+00   0.0000e+00   2.8744e+02
20260823_00:00:00   2.9408e-01   7.2111e+01   6.2668e+00   0.0000e+00   0.0000e+00   2.8618e+02
20260823_03:00:00   2.7972e-01   6.9468e+01   5.9096e+00   0.0000e+00   1.4180e-06   2.8565e+02
20260823_06:00:00   2.7830e-01   6.9129e+01   5.8693e+00   0.0000e+00   0.0000e+00   2.8642e+02
20260823_09:00:00   2.5566e-01   6.4494e+01   5.4255e+00   0.0000e+00   0.0000e+00   2.8962e+02
20260823_12:00:00   2.5674e-01   6.4627e+01   5.4979e+00   0.0000e+00   0.0000e+00   2.8880e+02
