#            date       tau255        Tb[K]      pwv[mm] lwp[kg*m^-2] iwp[kg*m^-2]       o3[DU]
20260927_18:00:00   2.2197e-01   5.8297e+01   5.1274e+00   0.0000e+00   8.5400e-05   2.5633e+02
20260927_19:00:00   2.2632e-01   5.9318e+01   5.1329e+00   0.0000e+00   7.3620e-05   2.5585e+02
20260927_20:00:00   2.2634e-01   5.9401e+01   5.0444e+00   0.0000e+00   3.7040e-05   2.5576e+02
20260927_21:00:00   2.3417e-01   6.1113e+01   5.1008e+00   0.0000e+00   1.8098e-05   2.5550e+02
20260927_22:00:00   2.4153e-01   6.2699e+01   5.1849e+00   0.0000e+00   9.5020e-05   2.5565e+02
20260927_23:00:00   2.3625e-01   6.1603e+01   5.0403e+00   0.0000e+00   9.0460e-05   2.5554e+02
20260928_00:00:00   2.2225e-01   5.8601e+01   4.7554e+00   0.0000e+00   3.2800e-05   2.5274e+02
20260928_01:00:00   1.9350e-01   5.2311e+01   4.2068e+00   0.0000e+00   2.6800e-05   2.5427e+02
20260928_02:00:00   1.6405e-01   4.5630e+01   3.6487e+00   0.0000e+00   0.0000e+00   2.5424e+02
20260928_03:00:00   1.3781e-01   3.9468e+01   3.1303e+00   0.0000e+00   0.0000e+00   2.5388e+02
20260928_04:00:00   1.1095e-01   3.2982e+01   2.5489e+00   0.0000e+00   0.0000e+00   2.5555e+02
20260928_05:00:00   9.0494e-02   2.7915e+01   2.0786e+00   0.0000e+00   0.0000e+00   2.5629e+02
20260928_06:00:00   7.5832e-02   2.4223e+01   1.7252e+00   0.0000e+00   0.0000e+00   2.5887e+02
20260928_07:00:00   7.1414e-02   2.3092e+01   1.6173e+00   0.0000e+00   0.0000e+00   2.6165e+02
20260928_08:00:00   7.2460e-02   2.3353e+01   1.6427e+00   0.0000e+00   0.0000e+00   2.6202e+02
20260928_09:00:00   7.1776e-02   2.3166e+01   1.6238e+00   0.0000e+00   0.0000e+00   2.6047e+02
20260928_10:00:00   6.6674e-02   2.1851e+01   1.5010e+00   0.0000e+00   0.0000e+00   2.6003e+02
20260928_11:00:00   6.1201e-02   2.0421e+01   1.3694e+00   0.0000e+00   0.0000e+00   2.5793e+02
20260928_12:00:00   5.8034e-02   1.9578e+01   1.2943e+00   0.0000e+00   0.0000e+00   2.5665e+02
20260928_13:00:00   5.6351e-02   1.9134e+01   1.2538e+00   0.0000e+00   0.0000e+00   2.5535e+02
20260928_14:00:00   5.5442e-02   1.8900e+01   1.2308e+00   0.0000e+00   4.1950e-06   2.5388e+02
20260928_15:00:00   5.5979e-02   1.9029e+01   1.2468e+00   0.0000e+00   1.0627e-06   2.5300e+02
20260928_16:00:00   5.6871e-02   1.9253e+01   1.2724e+00   0.0000e+00   3.8467e-05   2.4976e+02
20260928_17:00:00   5.7257e-02   1.9340e+01   1.2851e+00   0.0000e+00   6.9505e-05   2.4831e+02
20260928_18:00:00   5.7470e-02   1.9400e+01   1.2901e+00   0.0000e+00   5.8856e-05   2.5049e+02
20260928_19:00:00   5.7057e-02   1.9312e+01   1.2743e+00   0.0000e+00   4.0304e-05   2.5417e+02
20260928_20:00:00   5.6941e-02   1.9303e+01   1.2643e+00   0.0000e+00   1.8064e-05   2.5745e+02
20260928_21:00:00   5.6369e-02   1.9175e+01   1.2435e+00   0.0000e+00   1.7299e-06   2.5965e+02
20260928_22:00:00   5.5693e-02   1.9007e+01   1.2228e+00   0.0000e+00   3.0760e-05   2.5959e+02
20260928_23:00:00   5.5711e-02   1.9017e+01   1.2200e+00   0.0000e+00   5.5000e-05   2.6002e+02
20260929_00:00:00   5.5679e-02   1.9016e+01   1.2176e+00   0.0000e+00   4.2580e-05   2.6011e+02
20260929_01:00:00   5.6705e-02   1.9296e+01   1.2308e+00   1.4030e-04   2.6620e-05   2.6083e+02
20260929_02:00:00   6.5553e-02   2.1618e+01   1.2916e+00   2.6040e-03   3.7572e-05   2.6010e+02
20260929_03:00:00   6.3114e-02   2.0976e+01   1.3376e+00   8.8460e-04   4.0680e-05   2.6038e+02
20260929_04:00:00   6.1126e-02   2.0459e+01   1.3415e+00   0.0000e+00   6.7720e-05   2.6007e+02
20260929_05:00:00   6.3922e-02   2.1199e+01   1.3676e+00   5.5980e-04   5.3600e-05   2.5971e+02
20260929_06:00:00   7.3127e-02   2.3596e+01   1.3880e+00   3.8040e-03   6.9360e-05   2.5885e+02
20260929_07:00:00   6.2571e-02   2.0838e+01   1.3716e+00   0.0000e+00   7.8020e-05   2.5730e+02
20260929_08:00:00   6.3827e-02   2.1133e+01   1.4066e+00   0.0000e+00   7.6400e-05   2.5726e+02
20260929_09:00:00   6.4309e-02   2.1231e+01   1.4243e+00   0.0000e+00   1.6320e-04   2.5851e+02
20260929_10:00:00   6.6068e-02   2.1660e+01   1.4726e+00   0.0000e+00   1.7262e-04   2.5858e+02
20260929_11:00:00   6.7368e-02   2.1971e+01   1.5086e+00   0.0000e+00   1.5380e-04   2.6005e+02
20260929_12:00:00   6.8091e-02   2.2129e+01   1.5345e+00   0.0000e+00   3.8040e-05   2.5947e+02
20260929_13:00:00   6.7611e-02   2.1976e+01   1.5355e+00   0.0000e+00   1.8762e-06   2.5834e+02
20260929_14:00:00   7.0791e-02   2.2722e+01   1.6362e+00   0.0000e+00   0.0000e+00   2.5791e+02
20260929_15:00:00   7.2257e-02   2.3085e+01   1.6787e+00   0.0000e+00   0.0000e+00   2.5649e+02
20260929_16:00:00   7.3484e-02   2.3406e+01   1.7079e+00   0.0000e+00   0.0000e+00   2.5508e+02
20260929_17:00:00   7.4957e-02   2.3748e+01   1.7584e+00   0.0000e+00   0.0000e+00   2.5552e+02
20260929_18:00:00   7.9403e-02   2.4816e+01   1.8901e+00   0.0000e+00   0.0000e+00   2.5799e+02
20260929_19:00:00   8.7926e-02   2.6901e+01   2.1150e+00   0.0000e+00   0.0000e+00   2.5979e+02
20260929_20:00:00   1.0201e-01   3.0299e+01   2.4883e+00   0.0000e+00   0.0000e+00   2.5983e+02
20260929_21:00:00   1.1856e-01   3.4300e+01   2.8988e+00   0.0000e+00   0.0000e+00   2.5772e+02
20260929_22:00:00   1.4824e-01   4.1321e+01   3.5817e+00   0.0000e+00   0.0000e+00   2.5576e+02
20260929_23:00:00   1.8183e-01   4.9005e+01   4.3322e+00   0.0000e+00   0.0000e+00   2.5373e+02
20260930_00:00:00   2.3703e-01   6.1117e+01   5.3738e+00   1.9200e-03   0.0000e+00   2.5219e+02
20260930_01:00:00   3.4246e-01   8.2482e+01   6.7917e+00   1.4640e-02   0.0000e+00   2.5066e+02
20260930_02:00:00   4.0289e-01   9.3694e+01   7.9918e+00   1.0290e-02   0.0000e+00   2.5068e+02
20260930_03:00:00   5.0431e-01   1.1120e+02   8.6197e+00   3.4850e-02   0.0000e+00   2.5143e+02
20260930_04:00:00   4.3644e-01   9.9581e+01   8.8958e+00   6.4580e-04   0.0000e+00   2.5255e+02
20260930_05:00:00   4.5383e-01   1.0249e+02   9.2379e+00   2.7180e-03   0.0000e+00   2.5295e+02
20260930_06:00:00   4.5934e-01   1.0330e+02   9.5031e+00   2.4440e-03   0.0000e+00   2.5359e+02
20260930_07:00:00   4.6100e-01   1.0338e+02   9.7133e+00   1.3649e-03   0.0000e+00   2.5409e+02
20260930_08:00:00   4.3445e-01   9.8888e+01   9.2021e+00   8.9090e-04   0.0000e+00   2.5568e+02
20260930_09:00:00   4.0942e-01   9.4544e+01   8.7335e+00   5.8010e-04   0.0000e+00   2.5739e+02
20260930_10:00:00   3.8128e-01   8.9447e+01   8.2561e+00   3.0720e-05   0.0000e+00   2.5887e+02
20260930_11:00:00   3.7284e-01   8.7915e+01   8.0911e+00   0.0000e+00   0.0000e+00   2.6076e+02
20260930_12:00:00   3.7549e-01   8.8417e+01   8.0896e+00   0.0000e+00   0.0000e+00   2.6220e+02
20260930_13:00:00   3.7442e-01   8.8205e+01   8.0637e+00   0.0000e+00   0.0000e+00   2.6321e+02
20260930_14:00:00   3.8075e-01   8.9361e+01   8.1968e+00   0.0000e+00   0.0000e+00   2.6232e+02
20260930_15:00:00   3.8447e-01   9.0091e+01   8.1879e+00   0.0000e+00   0.0000e+00   2.6098e+02
20260930_16:00:00   3.7254e-01   8.7998e+01   7.9066e+00   0.0000e+00   0.0000e+00   2.5982e+02
20260930_17:00:00   3.5919e-01   8.5513e+01   7.6957e+00   0.0000e+00   0.0000e+00   2.5956e+02
20260930_18:00:00   3.5494e-01   8.4644e+01   7.6936e+00   0.0000e+00   0.0000e+00   2.6031e+02
20260930_19:00:00   3.6126e-01   8.5807e+01   7.8336e+00   0.0000e+00   0.0000e+00   2.6127e+02
20260930_20:00:00   3.5771e-01   8.5229e+01   7.7202e+00   0.0000e+00   0.0000e+00   2.6179e+02
20260930_21:00:00   3.4649e-01   8.3201e+01   7.4740e+00   0.0000e+00   0.0000e+00   2.6205e+02
20260930_22:00:00   3.4999e-01   8.3854e+01   7.4658e+00   1.0710e-03   0.0000e+00   2.6312e+02
20260930_23:00:00   3.5708e-01   8.5206e+01   7.5763e+00   1.3300e-03   0.0000e+00   2.6336e+02
20261001_00:00:00   4.0426e-01   9.3927e+01   8.0102e+00   1.0570e-02   0.0000e+00   2.6185e+02
20261001_01:00:00   4.9118e-01   1.0910e+02   8.1999e+00   4.0243e-02   0.0000e+00   2.6002e+02
20261001_02:00:00   4.7932e-01   1.0713e+02   8.0153e+00   3.8881e-02   0.0000e+00   2.6122e+02
20261001_03:00:00   3.6997e-01   8.7569e+01   7.7929e+00   1.5410e-03   2.7040e-06   2.6162e+02
20261001_04:00:00   3.6348e-01   8.6323e+01   7.6346e+00   3.9932e-03   0.0000e+00   2.6215e+02
20261001_05:00:00   3.4845e-01   8.3407e+01   7.5176e+00   1.1507e-03   0.0000e+00   2.6098e+02
20261001_06:00:00   3.3724e-01   8.1308e+01   7.3696e+00   1.4720e-06   0.0000e+00   2.6041e+02
20261001_07:00:00   3.2511e-01   7.9047e+01   7.1008e+00   0.0000e+00   0.0000e+00   2.6152e+02
20261001_08:00:00   3.1001e-01   7.6164e+01   6.7465e+00   0.0000e+00   0.0000e+00   2.6174e+02
20261001_09:00:00   2.8709e-01   7.1671e+01   6.2344e+00   0.0000e+00   0.0000e+00   2.6125e+02
20261001_10:00:00   2.6822e-01   6.7823e+01   5.8599e+00   0.0000e+00   0.0000e+00   2.6083e+02
20261001_11:00:00   2.5434e-01   6.4913e+01   5.6071e+00   0.0000e+00   0.0000e+00   2.6015e+02
20261001_12:00:00   2.4489e-01   6.2904e+01   5.4553e+00   0.0000e+00   0.0000e+00   2.5916e+02
20261001_13:00:00   2.4137e-01   6.2113e+01   5.4295e+00   0.0000e+00   0.0000e+00   2.5822e+02
20261001_14:00:00   2.3230e-01   6.0141e+01   5.2839e+00   0.0000e+00   0.0000e+00   2.5774e+02
20261001_15:00:00   2.2679e-01   5.8904e+01   5.1834e+00   0.0000e+00   0.0000e+00   2.5738e+02
20261001_16:00:00   2.2335e-01   5.8133e+01   5.1387e+00   0.0000e+00   0.0000e+00   2.5709e+02
20261001_17:00:00   2.2651e-01   5.8803e+01   5.2151e+00   0.0000e+00   0.0000e+00   2.5773e+02
20261001_18:00:00   2.3176e-01   5.9920e+01   5.3265e+00   0.0000e+00   0.0000e+00   2.5773e+02
20261001_19:00:00   2.3263e-01   6.0082e+01   5.3687e+00   0.0000e+00   2.1250e-07   2.5706e+02
20261001_20:00:00   2.3512e-01   6.0583e+01   5.4484e+00   0.0000e+00   4.1950e-06   2.5888e+02
20261001_21:00:00   2.3329e-01   6.0223e+01   5.4097e+00   0.0000e+00   8.8160e-06   2.6152e+02
20261001_22:00:00   2.3346e-01   6.0276e+01   5.4085e+00   0.0000e+00   3.2630e-06   2.6194e+02
20261001_23:00:00   2.4679e-01   6.3089e+01   5.5537e+00   2.9600e-03   0.0000e+00   2.6216e+02
20261002_00:00:00   2.5176e-01   6.4163e+01   5.6061e+00   3.9330e-03   0.0000e+00   2.5985e+02
20261002_01:00:00   2.4469e-01   6.2647e+01   5.6614e+00   0.0000e+00   0.0000e+00   2.5861e+02
20261002_02:00:00   2.4565e-01   6.2923e+01   5.6161e+00   0.0000e+00   3.2630e-06   2.5956e+02
20261002_03:00:00   2.3528e-01   6.0910e+01   5.2892e+00   0.0000e+00   0.0000e+00   2.5726e+02
20261002_04:00:00   2.3984e-01   6.1966e+01   5.2998e+00   0.0000e+00   0.0000e+00   2.5627e+02
20261002_05:00:00   2.5054e-01   6.4251e+01   5.4671e+00   0.0000e+00   0.0000e+00   2.5595e+02
20261002_06:00:00   2.6250e-01   6.6733e+01   5.6999e+00   0.0000e+00   0.0000e+00   2.5367e+02
20261002_07:00:00   2.7317e-01   6.8857e+01   5.9507e+00   0.0000e+00   0.0000e+00   2.5481e+02
20261002_08:00:00   2.7210e-01   6.8622e+01   5.9575e+00   0.0000e+00   0.0000e+00   2.5629e+02
20261002_09:00:00   2.6605e-01   6.7400e+01   5.8138e+00   0.0000e+00   0.0000e+00   2.5666e+02
20261002_10:00:00   2.5621e-01   6.5373e+01   5.6097e+00   0.0000e+00   0.0000e+00   2.5658e+02
20261002_11:00:00   2.4264e-01   6.2522e+01   5.3452e+00   0.0000e+00   0.0000e+00   2.5777e+02
20261002_12:00:00   2.3476e-01   6.0832e+01   5.2010e+00   0.0000e+00   0.0000e+00   2.5901e+02
20261002_13:00:00   2.3844e-01   6.1481e+01   5.3564e+00   0.0000e+00   0.0000e+00   2.5947e+02
20261002_14:00:00   2.3665e-01   6.1061e+01   5.3758e+00   0.0000e+00   0.0000e+00   2.5971e+02
20261002_15:00:00   2.2226e-01   5.8095e+01   5.0307e+00   0.0000e+00   0.0000e+00   2.5892e+02
20261002_16:00:00   2.0452e-01   5.4364e+01   4.5844e+00   0.0000e+00   0.0000e+00   2.5813e+02
20261002_17:00:00   1.9564e-01   5.2470e+01   4.3499e+00   0.0000e+00   0.0000e+00   2.5790e+02
20261002_18:00:00   1.8927e-01   5.1102e+01   4.2129e+00   0.0000e+00   0.0000e+00   2.5850e+02
20261002_21:00:00   1.7393e-01   4.7679e+01   3.9236e+00   0.0000e+00   0.0000e+00   2.5518e+02
20261003_00:00:00   1.6078e-01   4.4654e+01   3.6463e+00   0.0000e+00   0.0000e+00   2.5685e+02
20261003_03:00:00   1.4639e-01   4.1393e+01   3.2706e+00   7.3140e-05   0.0000e+00   2.6005e+02
20261003_06:00:00   1.7125e-01   4.7014e+01   3.8707e+00   0.0000e+00   0.0000e+00   2.6041e+02
20261003_09:00:00   1.7418e-01   4.7620e+01   3.9812e+00   0.0000e+00   0.0000e+00   2.5930e+02
20261003_12:00:00   1.4168e-01   4.0325e+01   3.1142e+00   0.0000e+00   0.0000e+00   2.5926e+02
20261003_15:00:00   1.2017e-01   3.5200e+01   2.6522e+00   0.0000e+00   0.0000e+00   2.6048e+02
20261003_18:00:00   1.0769e-01   3.2221e+01   2.3764e+00   0.0000e+00   0.0000e+00   2.6117e+02
20261003_21:00:00   1.1330e-01   3.3469e+01   2.5762e+00   0.0000e+00   0.0000e+00   2.6016e+02
20261004_00:00:00   1.2585e-01   3.6511e+01   2.6733e+00   3.5670e-03   0.0000e+00   2.5892e+02
20261004_03:00:00   1.1769e-01   3.4416e+01   2.7744e+00   2.3130e-05   0.0000e+00   2.5579e+02
20261004_06:00:00   1.4253e-01   4.0063e+01   3.4617e+00   0.0000e+00   0.0000e+00   2.5637e+02
20261004_09:00:00   1.5301e-01   4.2489e+01   3.6979e+00   0.0000e+00   0.0000e+00   2.5527e+02
20261004_12:00:00   1.4519e-01   4.0762e+01   3.4505e+00   0.0000e+00   0.0000e+00   2.5441e+02
20261004_15:00:00   1.3226e-01   3.7932e+01   3.0476e+00   0.0000e+00   0.0000e+00   2.5482e+02
20261004_18:00:00   1.3302e-01   3.8144e+01   3.0255e+00   0.0000e+00   0.0000e+00   2.5472e+02
20261004_21:00:00   1.3720e-01   3.9171e+01   3.0886e+00   0.0000e+00   0.0000e+00   2.5418e+02
20261005_00:00:00   1.3621e-01   3.8992e+01   3.0196e+00   0.0000e+00   0.0000e+00   2.5517e+02
20261005_03:00:00   1.3128e-01   3.7919e+01   2.8499e+00   0.0000e+00   0.0000e+00   2.5735e+02
20261005_06:00:00   1.2602e-01   3.6654e+01   2.7280e+00   0.0000e+00   1.1552e-06   2.6054e+02
20261005_09:00:00   1.8679e-01   5.0260e+01   4.2722e+00   0.0000e+00   0.0000e+00   2.6146e+02
20261005_12:00:00   2.5663e-01   6.4879e+01   5.9036e+00   0.0000e+00   0.0000e+00   2.6011e+02
20261005_15:00:00   2.9012e-01   7.1513e+01   6.6590e+00   0.0000e+00   0.0000e+00   2.6068e+02
20261005_18:00:00   2.4887e-01   6.3650e+01   5.5090e+00   0.0000e+00   0.0000e+00   2.6125e+02
20261005_21:00:00   2.5187e-01   6.4410e+01   5.4581e+00   0.0000e+00   0.0000e+00   2.6112e+02
20261006_00:00:00   3.1644e-01   7.7341e+01   6.7282e+00   5.7620e-06   0.0000e+00   2.5828e+02
20261006_03:00:00   3.2955e-01   7.9980e+01   6.8788e+00   2.5960e-04   0.0000e+00   2.5726e+02
20261006_06:00:00   3.1344e-01   7.6922e+01   6.5245e+00   0.0000e+00   0.0000e+00   2.5895e+02
20261006_09:00:00   2.9503e-01   7.3341e+01   6.0872e+00   0.0000e+00   0.0000e+00   2.6120e+02
20261006_12:00:00   2.3687e-01   6.1485e+01   4.8956e+00   0.0000e+00   0.0000e+00   2.6229e+02
20261006_15:00:00   2.1059e-01   5.5855e+01   4.3468e+00   0.0000e+00   0.0000e+00   2.6266e+02
20261006_18:00:00   1.8301e-01   4.9802e+01   3.8051e+00   0.0000e+00   0.0000e+00   2.6312e+02
20261006_21:00:00   1.4867e-01   4.1941e+01   3.1562e+00   0.0000e+00   0.0000e+00   2.6524e+02
20261007_00:00:00   1.7853e-01   4.8651e+01   3.7583e+00   5.6820e-04   0.0000e+00   2.6498e+02
20261007_03:00:00   1.7158e-01   4.7013e+01   3.7658e+00   0.0000e+00   0.0000e+00   2.6118e+02
20261007_06:00:00   2.1470e-01   5.6584e+01   4.6283e+00   0.0000e+00   0.0000e+00   2.6308e+02
20261007_09:00:00   2.2323e-01   5.8535e+01   4.6121e+00   0.0000e+00   0.0000e+00   2.6164e+02
20261007_12:00:00   1.8535e-01   5.0270e+01   3.8519e+00   0.0000e+00   0.0000e+00   2.6281e+02
20261007_15:00:00   1.7094e-01   4.6937e+01   3.5514e+00   0.0000e+00   0.0000e+00   2.6355e+02
20261007_18:00:00   1.3180e-01   3.7936e+01   2.7831e+00   0.0000e+00   0.0000e+00   2.6453e+02
20261007_21:00:00   1.0296e-01   3.0994e+01   2.2102e+00   0.0000e+00   0.0000e+00   2.6529e+02
20261008_00:00:00   1.3152e-01   3.7903e+01   2.4182e+00   7.4720e-03   0.0000e+00   2.6450e+02
20261008_03:00:00   1.1839e-01   3.4710e+01   2.5113e+00   3.5940e-04   0.0000e+00   2.6265e+02
20261008_06:00:00   1.0298e-01   3.0978e+01   2.2168e+00   2.9560e-07   0.0000e+00   2.6329e+02
20261008_09:00:00   8.3410e-02   2.6126e+01   1.7889e+00   0.0000e+00   0.0000e+00   2.6281e+02
20261008_12:00:00   7.7161e-02   2.4466e+01   1.6751e+00   0.0000e+00   0.0000e+00   2.6333e+02
20261008_15:00:00   6.7290e-02   2.1965e+01   1.4416e+00   0.0000e+00   0.0000e+00   2.6275e+02
20261008_18:00:00   6.2506e-02   2.0758e+01   1.3237e+00   0.0000e+00   0.0000e+00   2.6436e+02
20261008_21:00:00   6.1378e-02   2.0513e+01   1.2857e+00   0.0000e+00   0.0000e+00   2.6585e+02
20261009_00:00:00   9.0967e-02   2.7937e+01   1.9899e+00   2.2120e-04   0.0000e+00   2.6088e+02
20261009_03:00:00   1.5066e-01   4.2288e+01   3.1890e+00   1.1880e-03   0.0000e+00   2.6451e+02
20261009_06:00:00   1.2355e-01   3.5847e+01   2.5463e+00   3.6160e-03   0.0000e+00   2.6348e+02
20261009_09:00:00   1.1179e-01   3.2832e+01   2.5404e+00   0.0000e+00   6.8260e-05   2.5988e+02
20261009_12:00:00   1.2087e-01   3.4866e+01   2.7763e+00   0.0000e+00   3.3241e-04   2.5934e+02
20261009_15:00:00   1.1567e-01   3.3771e+01   2.5931e+00   0.0000e+00   1.1048e-04   2.5987e+02
20261009_18:00:00   1.0749e-01   3.1838e+01   2.4034e+00   0.0000e+00   0.0000e+00   2.6097e+02
20261009_21:00:00   1.0696e-01   3.1749e+01   2.3809e+00   0.0000e+00   0.0000e+00   2.6206e+02
20261010_00:00:00   1.1572e-01   3.3948e+01   2.4204e+00   2.1680e-03   0.0000e+00   2.5933e+02
20261010_03:00:00   1.5593e-01   4.3391e+01   3.3732e+00   6.2170e-04   0.0000e+00   2.5641e+02
20261010_06:00:00   1.5581e-01   4.3453e+01   3.0534e+00   6.0120e-03   0.0000e+00   2.5763e+02
20261010_09:00:00   1.3838e-01   3.9287e+01   3.0424e+00   0.0000e+00   0.0000e+00   2.5842e+02
20261010_12:00:00   1.3515e-01   3.8411e+01   3.0288e+00   0.0000e+00   0.0000e+00   2.5919e+02
20261010_15:00:00   1.3695e-01   3.8689e+01   3.1409e+00   0.0000e+00   0.0000e+00   2.5877e+02
20261010_18:00:00   1.3843e-01   3.9084e+01   3.1694e+00   0.0000e+00   0.0000e+00   2.5919e+02
20261010_21:00:00   1.3521e-01   3.8413e+01   3.0867e+00   0.0000e+00   0.0000e+00   2.5918e+02
20261011_00:00:00   1.6370e-01   4.5105e+01   3.5908e+00   1.3410e-03   0.0000e+00   2.5830e+02
20261011_03:00:00   2.1903e-01   5.7585e+01   4.1026e+00   1.1955e-02   0.0000e+00   2.5867e+02
20261011_06:00:00   2.2597e-01   5.9057e+01   4.0850e+00   1.4902e-02   0.0000e+00   2.6177e+02
20261011_09:00:00   1.5257e-01   4.2383e+01   3.4976e+00   0.0000e+00   0.0000e+00   2.6411e+02
20261011_12:00:00   1.6612e-01   4.5238e+01   3.9073e+00   0.0000e+00   0.0000e+00   2.6279e+02
20261011_15:00:00   1.8024e-01   4.8391e+01   4.2494e+00   0.0000e+00   0.0000e+00   2.6234e+02
20261011_18:00:00   1.8832e-01   5.0311e+01   4.3674e+00   0.0000e+00   0.0000e+00   2.6421e+02
20261011_21:00:00   1.7135e-01   4.6707e+01   3.9228e+00   0.0000e+00   0.0000e+00   2.6693e+02
20261012_00:00:00   1.5788e-01   4.3724e+01   3.5979e+00   0.0000e+00   0.0000e+00   2.6360e+02
20261012_03:00:00   1.6357e-01   4.5065e+01   3.7093e+00   0.0000e+00   0.0000e+00   2.6478e+02
20261012_06:00:00   1.6887e-01   4.6225e+01   3.8297e+00   0.0000e+00   0.0000e+00   2.6468e+02
20261012_09:00:00   1.8307e-01   4.9266e+01   4.1936e+00   0.0000e+00   0.0000e+00   2.6811e+02
20261012_12:00:00   2.0164e-01   5.3294e+01   4.5901e+00   0.0000e+00   0.0000e+00   2.6782e+02
20261012_15:00:00   2.1018e-01   5.5095e+01   4.7733e+00   0.0000e+00   0.0000e+00   2.6849e+02
20261012_18:00:00   1.9690e-01   5.2218e+01   4.5012e+00   0.0000e+00   0.0000e+00   2.6845e+02
20261012_21:00:00   1.7728e-01   4.7888e+01   4.0793e+00   0.0000e+00   0.0000e+00   2.7016e+02
20261013_00:00:00   1.9557e-01   5.1804e+01   4.5436e+00   0.0000e+00   0.0000e+00   2.6977e+02
20261013_03:00:00   2.1158e-01   5.5166e+01   4.9333e+00   0.0000e+00   0.0000e+00   2.7106e+02
20261013_06:00:00   2.3983e-01   6.1112e+01   5.5170e+00   0.0000e+00   0.0000e+00   2.7248e+02
20261013_09:00:00   2.9418e-01   7.2070e+01   6.5979e+00   0.0000e+00   0.0000e+00   2.6999e+02
20261013_12:00:00   3.0115e-01   7.3329e+01   6.7178e+00   0.0000e+00   0.0000e+00   2.7009e+02
20261013_15:00:00   3.0994e-01   7.4957e+01   6.8593e+00   0.0000e+00   0.0000e+00   2.6815e+02
20261013_18:00:00   3.5805e-01   8.4017e+01   7.7658e+00   0.0000e+00   0.0000e+00   2.6693e+02
