#            date       tau255        Tb[K]      pwv[mm] lwp[kg*m^-2] iwp[kg*m^-2]       o3[DU]
20260730_12:00:00   1.0156e-01   3.0015e+01   2.4456e+00   0.0000e+00   0.0000e+00   2.7739e+02
20260730_13:00:00   1.0023e-01   2.9748e+01   2.3920e+00   0.0000e+00   0.0000e+00   2.7764e+02
20260730_14:00:00   1.0422e-01   3.0736e+01   2.4758e+00   0.0000e+00   0.0000e+00   2.7816e+02
20260730_15:00:00   1.1290e-01   3.2857e+01   2.6612e+00   0.0000e+00   0.0000e+00   2.7925e+02
20260730_16:00:00   1.1354e-01   3.3006e+01   2.6771e+00   0.0000e+00   0.0000e+00   2.8064e+02
20260730_17:00:00   1.1327e-01   3.2945e+01   2.6698e+00   0.0000e+00   0.0000e+00   2.8088e+02
20260730_18:00:00   1.1386e-01   3.3070e+01   2.6878e+00   0.0000e+00   0.0000e+00   2.8182e+02
20260730_19:00:00   1.1393e-01   3.3125e+01   2.6747e+00   0.0000e+00   0.0000e+00   2.8728e+02
20260730_20:00:00   1.1406e-01   3.3169e+01   2.6721e+00   0.0000e+00   0.0000e+00   2.8424e+02
20260730_21:00:00   1.1448e-01   3.3286e+01   2.6678e+00   0.0000e+00   0.0000e+00   2.8386e+02
20260730_22:00:00   1.1469e-01   3.3343e+01   2.6672e+00   0.0000e+00   0.0000e+00   2.8580e+02
20260730_23:00:00   1.1816e-01   3.4190e+01   2.7294e+00   0.0000e+00   0.0000e+00   2.8150e+02
20260731_00:00:00   1.2463e-01   3.5722e+01   2.8641e+00   0.0000e+00   0.0000e+00   2.7859e+02
20260731_01:00:00   1.3210e-01   3.7430e+01   3.0434e+00   0.0000e+00   0.0000e+00   2.7525e+02
20260731_02:00:00   1.3592e-01   3.8283e+01   3.1497e+00   0.0000e+00   0.0000e+00   2.7494e+02
20260731_03:00:00   1.4405e-01   4.0191e+01   3.3239e+00   0.0000e+00   0.0000e+00   2.7363e+02
20260731_04:00:00   1.4164e-01   3.9691e+01   3.2592e+00   0.0000e+00   0.0000e+00   2.7720e+02
20260731_05:00:00   1.4298e-01   4.0028e+01   3.2879e+00   0.0000e+00   0.0000e+00   2.7806e+02
20260731_06:00:00   1.4592e-01   4.0699e+01   3.3539e+00   0.0000e+00   0.0000e+00   2.7829e+02
20260731_07:00:00   1.4986e-01   4.1604e+01   3.4397e+00   0.0000e+00   0.0000e+00   2.7723e+02
20260731_08:00:00   1.5075e-01   4.1766e+01   3.4728e+00   0.0000e+00   0.0000e+00   2.7733e+02
20260731_09:00:00   1.5115e-01   4.1819e+01   3.4891e+00   0.0000e+00   0.0000e+00   2.7613e+02
20260731_10:00:00   1.4879e-01   4.1255e+01   3.4425e+00   0.0000e+00   0.0000e+00   2.7603e+02
20260731_11:00:00   1.5131e-01   4.1795e+01   3.5067e+00   0.0000e+00   0.0000e+00   2.7616e+02
20260731_12:00:00   1.5278e-01   4.2110e+01   3.5441e+00   0.0000e+00   0.0000e+00   2.7741e+02
20260731_13:00:00   1.5228e-01   4.2012e+01   3.5259e+00   0.0000e+00   0.0000e+00   2.7454e+02
20260731_14:00:00   1.5306e-01   4.2173e+01   3.5473e+00   0.0000e+00   0.0000e+00   2.7687e+02
20260731_15:00:00   1.5068e-01   4.1666e+01   3.4883e+00   0.0000e+00   0.0000e+00   2.7530e+02
20260731_16:00:00   1.4723e-01   4.0926e+01   3.3990e+00   0.0000e+00   0.0000e+00   2.7661e+02
20260731_17:00:00   1.4941e-01   4.1421e+01   3.4642e+00   0.0000e+00   0.0000e+00   2.7672e+02
20260731_18:00:00   1.5153e-01   4.1874e+01   3.5351e+00   0.0000e+00   0.0000e+00   2.7958e+02
20260731_19:00:00   1.5384e-01   4.2457e+01   3.5819e+00   0.0000e+00   0.0000e+00   2.8067e+02
20260731_20:00:00   1.5203e-01   4.2063e+01   3.5347e+00   0.0000e+00   0.0000e+00   2.8035e+02
20260731_21:00:00   1.4902e-01   4.1342e+01   3.4867e+00   0.0000e+00   0.0000e+00   2.7858e+02
20260731_22:00:00   1.4619e-01   4.0644e+01   3.4467e+00   0.0000e+00   0.0000e+00   2.7949e+02
20260731_23:00:00   1.4602e-01   4.0650e+01   3.4273e+00   0.0000e+00   0.0000e+00   2.7958e+02
20260801_00:00:00   1.3636e-01   3.8402e+01   3.2189e+00   0.0000e+00   0.0000e+00   2.7780e+02
20260801_01:00:00   1.2898e-01   3.6640e+01   3.0666e+00   0.0000e+00   1.6222e-05   2.7775e+02
20260801_02:00:00   1.1990e-01   3.4483e+01   2.8677e+00   0.0000e+00   4.4280e-05   2.8024e+02
20260801_03:00:00   1.1105e-01   3.2388e+01   2.6667e+00   0.0000e+00   1.7806e-05   2.8024e+02
20260801_04:00:00   1.0695e-01   3.1376e+01   2.5861e+00   0.0000e+00   5.7680e-04   2.8002e+02
20260801_05:00:00   9.9453e-02   2.9590e+01   2.3993e+00   0.0000e+00   0.0000e+00   2.8133e+02
20260801_06:00:00   9.3071e-02   2.8084e+01   2.2200e+00   0.0000e+00   0.0000e+00   2.8396e+02
20260801_07:00:00   9.2429e-02   2.7926e+01   2.2045e+00   0.0000e+00   0.0000e+00   2.8300e+02
20260801_08:00:00   9.5003e-02   2.8583e+01   2.2600e+00   0.0000e+00   0.0000e+00   2.8336e+02
20260801_09:00:00   1.0230e-01   3.0360e+01   2.4417e+00   0.0000e+00   0.0000e+00   2.8283e+02
20260801_10:00:00   1.0659e-01   3.1364e+01   2.5541e+00   0.0000e+00   5.1040e-04   2.8268e+02
20260801_11:00:00   1.0545e-01   3.1042e+01   2.5421e+00   0.0000e+00   1.8218e-03   2.8310e+02
20260801_12:00:00   1.0335e-01   3.0496e+01   2.5039e+00   0.0000e+00   2.5300e-03   2.8571e+02
20260801_13:00:00   1.0484e-01   3.0751e+01   2.5623e+00   0.0000e+00   6.1495e-03   2.8534e+02
20260801_14:00:00   1.0744e-01   3.1321e+01   2.6439e+00   0.0000e+00   3.2058e-03   2.8466e+02
20260801_15:00:00   1.0929e-01   3.1758e+01   2.6943e+00   0.0000e+00   1.6865e-03   2.8346e+02
20260801_16:00:00   1.1259e-01   3.2506e+01   2.7843e+00   0.0000e+00   2.3337e-03   2.8469e+02
20260801_17:00:00   1.1455e-01   3.2989e+01   2.8272e+00   0.0000e+00   4.0576e-04   2.8602e+02
20260801_18:00:00   1.1548e-01   3.3242e+01   2.8441e+00   0.0000e+00   1.3570e-04   2.8488e+02
20260801_19:00:00   1.1466e-01   3.3094e+01   2.8134e+00   0.0000e+00   3.9860e-06   2.8543e+02
20260801_20:00:00   1.1582e-01   3.3352e+01   2.8478e+00   0.0000e+00   2.9180e-04   2.8771e+02
20260801_21:00:00   1.1693e-01   3.3605e+01   2.8801e+00   0.0000e+00   2.0240e-04   2.8843e+02
20260801_22:00:00   1.1441e-01   3.3071e+01   2.7982e+00   0.0000e+00   0.0000e+00   2.8666e+02
20260801_23:00:00   1.1449e-01   3.3112e+01   2.7920e+00   5.6500e-05   0.0000e+00   2.8556e+02
20260802_00:00:00   1.1555e-01   3.3390e+01   2.8203e+00   2.1700e-05   0.0000e+00   2.8475e+02
20260802_01:00:00   1.1665e-01   3.3652e+01   2.8504e+00   0.0000e+00   0.0000e+00   2.8355e+02
20260802_02:00:00   1.1953e-01   3.4317e+01   2.9255e+00   0.0000e+00   0.0000e+00   2.8115e+02
20260802_03:00:00   1.2214e-01   3.4931e+01   3.0002e+00   0.0000e+00   3.2440e-05   2.8146e+02
20260802_04:00:00   1.2335e-01   3.5189e+01   3.0374e+00   0.0000e+00   1.5620e-03   2.8163e+02
20260802_05:00:00   1.2260e-01   3.5051e+01   3.0048e+00   0.0000e+00   6.1818e-05   2.8450e+02
20260802_06:00:00   1.2591e-01   3.5789e+01   3.1004e+00   0.0000e+00   8.6320e-04   2.8471e+02
20260802_07:00:00   1.2746e-01   3.6126e+01   3.1453e+00   0.0000e+00   1.5396e-03   2.8358e+02
20260802_08:00:00   1.3175e-01   3.7082e+01   3.2582e+00   0.0000e+00   2.3043e-03   2.8474e+02
20260802_09:00:00   1.3693e-01   3.8244e+01   3.3954e+00   0.0000e+00   3.4626e-03   2.8406e+02
20260802_10:00:00   1.3793e-01   3.8475e+01   3.4177e+00   0.0000e+00   4.0820e-03   2.8445e+02
20260802_11:00:00   1.3822e-01   3.8509e+01   3.4350e+00   0.0000e+00   8.9408e-04   2.8154e+02
20260802_12:00:00   1.3551e-01   3.7883e+01   3.3668e+00   0.0000e+00   5.4080e-06   2.8233e+02
20260802_13:00:00   1.3132e-01   3.6950e+01   3.2567e+00   0.0000e+00   2.5002e-04   2.8132e+02
20260802_14:00:00   1.2938e-01   3.6508e+01   3.2020e+00   0.0000e+00   2.4479e-04   2.8068e+02
20260802_15:00:00   1.3161e-01   3.6977e+01   3.2693e+00   0.0000e+00   3.7277e-04   2.7965e+02
20260802_16:00:00   1.3512e-01   3.7736e+01   3.3637e+00   0.0000e+00   9.7020e-04   2.7884e+02
20260802_17:00:00   1.3900e-01   3.8632e+01   3.4472e+00   0.0000e+00   2.7894e-05   2.7854e+02
20260802_18:00:00   1.4872e-01   4.0746e+01   3.6850e+00   0.0000e+00   5.3130e-06   2.8322e+02
20260802_19:00:00   1.4913e-01   4.0883e+01   3.6875e+00   0.0000e+00   0.0000e+00   2.8231e+02
20260802_20:00:00   1.5165e-01   4.1472e+01   3.7449e+00   0.0000e+00   0.0000e+00   2.8141e+02
20260802_21:00:00   1.5117e-01   4.1376e+01   3.7347e+00   0.0000e+00   0.0000e+00   2.8162e+02
20260802_22:00:00   1.5447e-01   4.2138e+01   3.8228e+00   0.0000e+00   0.0000e+00   2.8003e+02
20260802_23:00:00   1.5671e-01   4.2643e+01   3.8826e+00   0.0000e+00   0.0000e+00   2.7868e+02
20260803_00:00:00   1.5741e-01   4.2832e+01   3.9017e+00   0.0000e+00   0.0000e+00   2.7761e+02
20260803_01:00:00   1.5991e-01   4.3422e+01   3.9604e+00   0.0000e+00   0.0000e+00   2.7657e+02
20260803_02:00:00   1.6300e-01   4.4158e+01   4.0361e+00   0.0000e+00   0.0000e+00   2.7597e+02
20260803_03:00:00   1.6129e-01   4.3871e+01   3.9807e+00   0.0000e+00   0.0000e+00   2.7506e+02
20260803_04:00:00   1.5833e-01   4.3220e+01   3.9141e+00   0.0000e+00   0.0000e+00   2.7571e+02
20260803_05:00:00   1.5415e-01   4.2326e+01   3.8086e+00   0.0000e+00   0.0000e+00   2.7491e+02
20260803_06:00:00   1.5200e-01   4.1836e+01   3.7529e+00   0.0000e+00   0.0000e+00   2.7619e+02
20260803_07:00:00   1.5031e-01   4.1448e+01   3.7104e+00   0.0000e+00   0.0000e+00   2.7693e+02
20260803_08:00:00   1.4806e-01   4.0959e+01   3.6434e+00   0.0000e+00   0.0000e+00   2.7654e+02
20260803_09:00:00   1.4667e-01   4.0648e+01   3.6056e+00   0.0000e+00   0.0000e+00   2.7498e+02
20260803_10:00:00   1.4691e-01   4.0700e+01   3.6249e+00   0.0000e+00   0.0000e+00   2.7504e+02
20260803_11:00:00   1.4673e-01   4.0629e+01   3.6291e+00   0.0000e+00   1.7358e-04   2.7544e+02
20260803_12:00:00   1.4889e-01   4.1038e+01   3.6988e+00   0.0000e+00   1.8345e-03   2.7679e+02
20260803_13:00:00   1.5058e-01   4.1369e+01   3.7531e+00   0.0000e+00   1.7131e-03   2.7641e+02
20260803_14:00:00   1.5003e-01   4.1268e+01   3.7300e+00   0.0000e+00   5.4160e-04   2.7542e+02
20260803_15:00:00   1.4990e-01   4.1251e+01   3.7197e+00   0.0000e+00   8.5432e-05   2.7810e+02
20260803_16:00:00   1.5187e-01   4.1663e+01   3.7672e+00   0.0000e+00   1.0622e-04   2.7730e+02
20260803_17:00:00   1.5333e-01   4.1976e+01   3.7947e+00   0.0000e+00   0.0000e+00   2.7617e+02
20260803_18:00:00   1.5420e-01   4.2189e+01   3.8060e+00   0.0000e+00   1.7766e-04   2.7518e+02
20260803_19:00:00   1.5452e-01   4.2270e+01   3.8124e+00   0.0000e+00   0.0000e+00   2.7511e+02
20260803_20:00:00   1.5610e-01   4.2600e+01   3.8456e+00   0.0000e+00   0.0000e+00   2.7804e+02
20260803_21:00:00   1.5474e-01   4.2320e+01   3.8031e+00   0.0000e+00   0.0000e+00   2.7868e+02
20260803_22:00:00   1.5379e-01   4.2137e+01   3.7830e+00   0.0000e+00   0.0000e+00   2.7698e+02
20260803_23:00:00   1.5723e-01   4.2927e+01   3.8650e+00   0.0000e+00   0.0000e+00   2.7653e+02
20260804_00:00:00   1.6071e-01   4.3684e+01   3.9532e+00   0.0000e+00   0.0000e+00   2.7616e+02
20260804_01:00:00   1.6204e-01   4.3975e+01   3.9895e+00   8.5050e-05   0.0000e+00   2.7650e+02
20260804_02:00:00   1.5991e-01   4.3569e+01   3.9364e+00   0.0000e+00   0.0000e+00   2.7528e+02
20260804_03:00:00   1.6045e-01   4.3705e+01   3.9480e+00   0.0000e+00   0.0000e+00   2.7656e+02
20260804_04:00:00   1.6032e-01   4.3726e+01   3.9312e+00   0.0000e+00   0.0000e+00   2.7601e+02
20260804_05:00:00   1.5992e-01   4.3702e+01   3.9103e+00   0.0000e+00   0.0000e+00   2.7616e+02
20260804_06:00:00   1.6395e-01   4.4608e+01   4.0177e+00   0.0000e+00   0.0000e+00   2.7818e+02
20260804_07:00:00   1.7061e-01   4.6009e+01   4.2096e+00   0.0000e+00   0.0000e+00   2.7806e+02
20260804_08:00:00   1.7511e-01   4.7000e+01   4.3226e+00   7.5320e-06   2.1648e-04   2.7813e+02
20260804_09:00:00   1.8019e-01   4.8115e+01   4.4460e+00   0.0000e+00   1.3688e-03   2.7868e+02
20260804_10:00:00   1.8450e-01   4.9055e+01   4.5491e+00   0.0000e+00   7.3670e-03   2.7888e+02
20260804_11:00:00   1.8452e-01   4.9117e+01   4.5313e+00   0.0000e+00   1.1067e-03   2.7877e+02
20260804_12:00:00   1.8362e-01   4.8997e+01   4.4790e+00   0.0000e+00   1.6672e-05   2.7927e+02
20260804_15:00:00   1.8316e-01   4.8843e+01   4.4648e+00   0.0000e+00   1.1708e-03   2.7628e+02
20260804_18:00:00   1.7474e-01   4.6851e+01   4.2896e+00   0.0000e+00   1.4296e-03   2.7859e+02
20260804_21:00:00   1.7235e-01   4.6244e+01   4.2367e+00   0.0000e+00   7.2700e-05   2.8059e+02
20260805_00:00:00   2.5040e-01   6.3356e+01   5.0095e+00   1.6797e-02   2.4232e-02   2.8145e+02
20260805_03:00:00   5.2573e-01   1.1428e+02   7.8521e+00   6.6820e-02   3.6796e-02   2.7653e+02
20260805_06:00:00   2.3623e+00   2.4961e+02   9.6304e+00   7.7050e-01   6.6103e-03   2.7636e+02
20260805_09:00:00   9.2159e-01   1.6719e+02   7.3401e+00   2.3300e-01   1.9928e-02   2.7472e+02
20260805_12:00:00   2.0483e-01   5.3657e+01   4.8017e+00   0.0000e+00   6.1615e-02   2.7298e+02
20260805_15:00:00   1.6214e-01   4.4039e+01   3.8747e+00   0.0000e+00   8.0140e-02   2.7207e+02
20260805_18:00:00   1.3408e-01   3.7585e+01   3.2434e+00   0.0000e+00   5.2176e-02   2.7607e+02
20260805_21:00:00   1.2559e-01   3.5635e+01   2.9622e+00   0.0000e+00   1.6970e-01   2.7458e+02
20260806_00:00:00   1.5574e-01   4.2713e+01   3.5758e+00   2.2590e-03   7.3440e-02   2.7156e+02
20260806_03:00:00   1.6827e-01   4.5428e+01   3.9632e+00   4.8220e-04   1.7307e-01   2.7148e+02
20260806_06:00:00   2.1712e-01   5.5913e+01   5.1439e+00   0.0000e+00   1.8701e-01   2.7431e+02
20260806_09:00:00   2.2162e-01   5.6850e+01   5.2952e+00   0.0000e+00   1.2870e-01   2.7687e+02
20260806_12:00:00   2.3294e-01   5.9118e+01   5.5965e+00   0.0000e+00   5.7310e-02   2.7602e+02
20260806_15:00:00   2.5649e-01   6.3741e+01   6.1971e+00   0.0000e+00   3.6219e-02   2.7731e+02
20260806_18:00:00   3.0296e-01   7.2982e+01   7.2037e+00   0.0000e+00   3.6057e-02   2.7756e+02
20260806_21:00:00   3.7371e-01   8.6609e+01   8.6057e+00   0.0000e+00   2.2391e-02   2.7847e+02
20260807_00:00:00   4.5459e-01   1.0102e+02   9.9890e+00   2.1038e-03   2.8519e-02   2.7527e+02
20260807_03:00:00   4.0824e-01   9.2860e+01   9.3228e+00   0.0000e+00   1.5305e-02   2.7356e+02
20260807_06:00:00   4.5251e-01   1.0051e+02   1.0094e+01   0.0000e+00   6.4477e-02   2.7356e+02
20260807_09:00:00   4.4500e-01   9.9274e+01   9.9765e+00   0.0000e+00   4.4098e-03   2.7340e+02
20260807_12:00:00   4.2063e-01   9.5165e+01   9.4578e+00   0.0000e+00   4.4557e-04   2.7365e+02
20260807_15:00:00   4.2598e-01   9.6016e+01   9.5889e+00   0.0000e+00   4.5705e-03   2.7242e+02
20260807_18:00:00   4.1334e-01   9.3971e+01   9.3372e+00   0.0000e+00   2.7781e-03   2.7821e+02
20260807_21:00:00   4.1993e-01   9.5128e+01   9.5472e+00   0.0000e+00   1.0067e-02   2.7825e+02
20260808_00:00:00   4.3100e-01   9.6955e+01   9.8118e+00   0.0000e+00   5.2354e-02   2.7499e+02
20260808_03:00:00   4.5115e-01   1.0028e+02   1.0156e+01   0.0000e+00   1.7781e-01   2.7599e+02
20260808_06:00:00   4.4464e-01   9.9170e+01   1.0049e+01   0.0000e+00   1.2923e-01   2.7520e+02
20260808_09:00:00   4.4261e-01   9.8792e+01   1.0032e+01   0.0000e+00   3.7004e-02   2.7722e+02
20260808_12:00:00   4.0963e-01   9.3038e+01   9.3591e+00   0.0000e+00   5.0336e-02   2.7555e+02
20260808_15:00:00   3.9578e-01   9.0406e+01   8.9971e+00   0.0000e+00   2.2925e-01   2.7530e+02
20260808_18:00:00   3.7787e-01   8.7324e+01   8.6892e+00   0.0000e+00   5.0990e-02   2.7820e+02
20260808_21:00:00   3.7918e-01   8.7478e+01   8.7907e+00   0.0000e+00   3.1705e-02   2.7934e+02
20260809_00:00:00   3.9540e-01   9.0359e+01   9.1157e+00   0.0000e+00   7.5077e-02   2.7853e+02
20260809_03:00:00   3.9556e-01   9.0590e+01   9.1276e+00   0.0000e+00   1.1400e-02   2.7723e+02
20260809_06:00:00   3.6938e-01   8.5830e+01   8.6037e+00   0.0000e+00   5.7029e-03   2.7727e+02
20260809_09:00:00   3.1864e-01   7.6062e+01   7.6053e+00   0.0000e+00   1.0750e-02   2.8104e+02
20260809_12:00:00   2.7600e-01   6.7745e+01   6.6784e+00   0.0000e+00   8.7024e-03   2.8120e+02
20260809_15:00:00   2.5430e-01   6.3384e+01   6.1452e+00   0.0000e+00   1.0597e-02   2.8114e+02
20260809_18:00:00   2.4381e-01   6.1221e+01   5.8951e+00   0.0000e+00   1.5631e-03   2.8443e+02
20260809_21:00:00   2.3838e-01   6.0273e+01   5.7343e+00   0.0000e+00   3.2840e-03   2.8582e+02
20260810_00:00:00   2.4434e-01   6.1694e+01   5.8360e+00   0.0000e+00   4.3412e-03   2.8545e+02
20260810_03:00:00   2.5254e-01   6.3448e+01   6.0003e+00   2.4450e-05   1.2728e-03   2.8349e+02
20260810_06:00:00   2.3600e-01   6.0021e+01   5.6560e+00   0.0000e+00   2.7845e-04   2.8294e+02
20260810_09:00:00   2.3180e-01   5.9158e+01   5.5767e+00   0.0000e+00   4.0010e-03   2.8326e+02
20260810_12:00:00   2.5638e-01   6.4317e+01   6.0609e+00   0.0000e+00   6.2405e-03   2.8320e+02
20260810_15:00:00   2.9318e-01   7.1676e+01   6.8159e+00   0.0000e+00   4.4681e-04   2.8341e+02
20260810_18:00:00   3.0850e-01   7.4828e+01   7.0780e+00   0.0000e+00   4.8376e-03   2.8375e+02
20260810_21:00:00   3.3741e-01   8.0494e+01   7.5786e+00   0.0000e+00   2.0690e-03   2.8762e+02
20260811_00:00:00   4.6319e-01   1.0307e+02   9.2891e+00   1.5223e-02   6.6959e-04   2.8510e+02
20260811_03:00:00   1.3972e+00   2.0553e+02   1.1416e+01   3.5641e-01   1.8542e-01   2.8262e+02
20260811_06:00:00   5.3980e-01   1.1509e+02   1.1083e+01   5.9125e-03   1.5152e-02   2.8300e+02
20260811_09:00:00   4.7377e-01   1.0444e+02   1.0250e+01   0.0000e+00   2.9844e-03   2.8655e+02
20260811_12:00:00   4.4395e-01   9.9291e+01   9.7490e+00   0.0000e+00   3.1783e-02   2.8396e+02
20260811_15:00:00   4.2637e-01   9.6086e+01   9.4769e+00   0.0000e+00   2.8448e-02   2.8262e+02
20260811_18:00:00   4.2838e-01   9.6400e+01   9.5259e+00   0.0000e+00   1.5679e-02   2.8262e+02
20260811_21:00:00   4.2447e-01   9.5834e+01   9.4267e+00   0.0000e+00   1.3843e-03   2.8328e+02
20260812_00:00:00   4.8615e-01   1.0615e+02   1.0645e+01   1.6930e-05   2.2895e-02   2.8290e+02
20260812_03:00:00   4.9228e-01   1.0729e+02   1.0700e+01   6.9850e-05   7.2490e-03   2.8023e+02
20260812_06:00:00   4.7436e-01   1.0428e+02   1.0407e+01   3.6380e-04   1.1007e-03   2.8007e+02
20260812_09:00:00   4.6779e-01   1.0327e+02   1.0302e+01   0.0000e+00   5.3358e-04   2.8129e+02
20260812_12:00:00   4.7371e-01   1.0418e+02   1.0378e+01   0.0000e+00   1.0333e-03   2.8181e+02
20260812_15:00:00   4.7162e-01   1.0378e+02   1.0241e+01   0.0000e+00   2.2453e-03   2.8277e+02
20260812_18:00:00   4.6561e-01   1.0286e+02   1.0110e+01   0.0000e+00   3.2618e-03   2.8284e+02
20260812_21:00:00   4.4491e-01   9.9583e+01   9.7653e+00   0.0000e+00   1.5842e-03   2.8354e+02
20260813_00:00:00   4.9767e-01   1.0845e+02   1.0599e+01   2.4690e-03   2.1478e-04   2.8316e+02
20260813_03:00:00   5.1574e-01   1.1150e+02   1.0926e+01   0.0000e+00   1.0340e-04   2.8194e+02
20260813_06:00:00   4.7752e-01   1.0545e+02   1.0270e+01   0.0000e+00   1.6432e-05   2.8373e+02
20260813_09:00:00   4.7378e-01   1.0479e+02   1.0263e+01   0.0000e+00   3.0080e-05   2.8402e+02
20260813_12:00:00   4.6717e-01   1.0341e+02   1.0140e+01   0.0000e+00   2.1620e-06   2.8490e+02
20260813_15:00:00   4.5395e-01   1.0105e+02   1.0011e+01   0.0000e+00   7.6755e-04   2.8449e+02
20260813_18:00:00   4.6454e-01   1.0268e+02   1.0308e+01   0.0000e+00   7.7735e-03   2.8411e+02
20260813_21:00:00   4.3609e-01   9.8139e+01   9.7854e+00   0.0000e+00   9.1947e-04   2.8247e+02
20260814_00:00:00   4.2588e-01   9.6393e+01   9.6066e+00   0.0000e+00   6.5767e-02   2.8098e+02
20260814_03:00:00   4.3134e-01   9.7328e+01   9.7856e+00   0.0000e+00   7.9879e-03   2.8019e+02
20260814_06:00:00   4.2891e-01   9.6987e+01   9.7600e+00   0.0000e+00   3.0660e-03   2.8125e+02
20260814_09:00:00   4.1693e-01   9.4836e+01   9.4124e+00   0.0000e+00   0.0000e+00   2.8243e+02
20260814_12:00:00   4.0841e-01   9.3417e+01   9.2082e+00   0.0000e+00   2.1620e-05   2.8091e+02
20260814_15:00:00   4.0332e-01   9.2645e+01   9.0822e+00   0.0000e+00   2.0842e-03   2.7895e+02
20260814_18:00:00   3.9634e-01   9.1477e+01   8.9187e+00   0.0000e+00   8.0910e-05   2.7903e+02
20260814_21:00:00   3.7930e-01   8.8433e+01   8.6239e+00   0.0000e+00   5.6775e-03   2.7707e+02
20260815_00:00:00   3.7755e-01   8.8323e+01   8.5655e+00   1.5480e-04   2.7400e-07   2.7529e+02
20260815_03:00:00   3.9732e-01   9.2007e+01   8.9305e+00   0.0000e+00   3.7980e-04   2.7538e+02
20260815_06:00:00   4.0061e-01   9.2571e+01   8.9936e+00   0.0000e+00   3.7080e-04   2.7744e+02
20260815_09:00:00   3.7547e-01   8.8040e+01   8.5015e+00   0.0000e+00   2.2500e-04   2.7807e+02
20260815_12:00:00   3.5518e-01   8.4321e+01   8.0755e+00   0.0000e+00   2.0700e-03   2.7713e+02
