#            date       tau255        Tb[K]      pwv[mm] lwp[kg*m^-2] iwp[kg*m^-2]       o3[DU]
20260729_00:00:00   8.7212e-02   2.6922e+01   2.0006e+00   2.6820e-04   2.6680e-04   2.6479e+02
20260729_01:00:00   1.1509e-01   3.3910e+01   2.4172e+00   3.6840e-03   2.9440e-04   2.6529e+02
20260729_02:00:00   1.2285e-01   3.5799e+01   2.7116e+00   1.7030e-03   2.9540e-04   2.6680e+02
20260729_03:00:00   1.2013e-01   3.5086e+01   2.7811e+00   0.0000e+00   2.4380e-04   2.6914e+02
20260729_04:00:00   1.0775e-01   3.2056e+01   2.5113e+00   0.0000e+00   1.0396e-04   2.7077e+02
20260729_05:00:00   8.4807e-02   2.6334e+01   1.9725e+00   0.0000e+00   3.8020e-05   2.7130e+02
20260729_06:00:00   7.3344e-02   2.3439e+01   1.6894e+00   0.0000e+00   6.3080e-06   2.6940e+02
20260729_07:00:00   6.9659e-02   2.2498e+01   1.5969e+00   0.0000e+00   0.0000e+00   2.6828e+02
20260729_08:00:00   6.9952e-02   2.2535e+01   1.6127e+00   0.0000e+00   0.0000e+00   2.7114e+02
20260729_09:00:00   7.0837e-02   2.2738e+01   1.6420e+00   0.0000e+00   0.0000e+00   2.7346e+02
20260729_10:00:00   7.2467e-02   2.3101e+01   1.6974e+00   0.0000e+00   0.0000e+00   2.7601e+02
20260729_11:00:00   7.3364e-02   2.3305e+01   1.7244e+00   0.0000e+00   0.0000e+00   2.7846e+02
20260729_12:00:00   7.3193e-02   2.3249e+01   1.7188e+00   0.0000e+00   0.0000e+00   2.7776e+02
20260729_13:00:00   7.3923e-02   2.3437e+01   1.7345e+00   0.0000e+00   0.0000e+00   2.7713e+02
20260729_14:00:00   7.6539e-02   2.4053e+01   1.8128e+00   0.0000e+00   0.0000e+00   2.7802e+02
20260729_15:00:00   7.9295e-02   2.4721e+01   1.8879e+00   0.0000e+00   0.0000e+00   2.7713e+02
20260729_16:00:00   8.3089e-02   2.5635e+01   1.9893e+00   0.0000e+00   0.0000e+00   2.7625e+02
20260729_17:00:00   8.6357e-02   2.6452e+01   2.0701e+00   0.0000e+00   0.0000e+00   2.7233e+02
20260729_18:00:00   9.0356e-02   2.7404e+01   2.1737e+00   0.0000e+00   0.0000e+00   2.7242e+02
20260729_19:00:00   9.3442e-02   2.8171e+01   2.2483e+00   0.0000e+00   0.0000e+00   2.7112e+02
20260729_20:00:00   9.5247e-02   2.8648e+01   2.2809e+00   0.0000e+00   0.0000e+00   2.7487e+02
20260729_21:00:00   1.0145e-01   3.0174e+01   2.4324e+00   0.0000e+00   0.0000e+00   2.7410e+02
20260729_22:00:00   1.1945e-01   3.4517e+01   2.8593e+00   0.0000e+00   0.0000e+00   2.7367e+02
20260729_23:00:00   1.4172e-01   3.9830e+01   3.3218e+00   5.1590e-04   0.0000e+00   2.7243e+02
20260730_00:00:00   1.7028e-01   4.6467e+01   3.8251e+00   2.4880e-03   0.0000e+00   2.7277e+02
20260730_01:00:00   2.3031e-01   5.9727e+01   4.6147e+00   1.2463e-02   0.0000e+00   2.7242e+02
20260730_02:00:00   2.2734e-01   5.9009e+01   5.0747e+00   1.5850e-03   0.0000e+00   2.7052e+02
20260730_03:00:00   2.5290e-01   6.4399e+01   5.4715e+00   3.3200e-03   0.0000e+00   2.7140e+02
20260730_04:00:00   2.4077e-01   6.1828e+01   5.3750e+00   7.0790e-04   0.0000e+00   2.7234e+02
20260730_05:00:00   2.2260e-01   5.7956e+01   5.0471e+00   0.0000e+00   0.0000e+00   2.7425e+02
20260730_06:00:00   2.0039e-01   5.3110e+01   4.6058e+00   0.0000e+00   0.0000e+00   2.7606e+02
20260730_07:00:00   1.8359e-01   4.9363e+01   4.2482e+00   0.0000e+00   0.0000e+00   2.7747e+02
20260730_08:00:00   1.6159e-01   4.4357e+01   3.7789e+00   0.0000e+00   0.0000e+00   2.7690e+02
20260730_09:00:00   1.4494e-01   4.0512e+01   3.4040e+00   0.0000e+00   0.0000e+00   2.7787e+02
20260730_10:00:00   1.3293e-01   3.7697e+01   3.1236e+00   0.0000e+00   0.0000e+00   2.7959e+02
20260730_11:00:00   1.2786e-01   3.6492e+01   2.9973e+00   0.0000e+00   0.0000e+00   2.8003e+02
20260730_12:00:00   1.2443e-01   3.5684e+01   2.9108e+00   0.0000e+00   0.0000e+00   2.7943e+02
20260730_13:00:00   1.2617e-01   3.6071e+01   2.9501e+00   0.0000e+00   0.0000e+00   2.7917e+02
20260730_14:00:00   1.3056e-01   3.7095e+01   3.0463e+00   0.0000e+00   0.0000e+00   2.7923e+02
20260730_15:00:00   1.3480e-01   3.8047e+01   3.1517e+00   0.0000e+00   0.0000e+00   2.7900e+02
20260730_16:00:00   1.3080e-01   3.7092e+01   3.0717e+00   0.0000e+00   0.0000e+00   2.8079e+02
20260730_17:00:00   1.2711e-01   3.6243e+01   2.9809e+00   0.0000e+00   0.0000e+00   2.8294e+02
20260730_18:00:00   1.2733e-01   3.6285e+01   2.9916e+00   0.0000e+00   0.0000e+00   2.8256e+02
20260730_19:00:00   1.3101e-01   3.7124e+01   3.0835e+00   0.0000e+00   0.0000e+00   2.8592e+02
20260730_20:00:00   1.3736e-01   3.8606e+01   3.2278e+00   0.0000e+00   0.0000e+00   2.8295e+02
20260730_21:00:00   1.4091e-01   3.9439e+01   3.3057e+00   0.0000e+00   0.0000e+00   2.7813e+02
20260730_22:00:00   1.4853e-01   4.1207e+01   3.4639e+00   0.0000e+00   0.0000e+00   2.7575e+02
20260730_23:00:00   1.5785e-01   4.3345e+01   3.6644e+00   0.0000e+00   0.0000e+00   2.7642e+02
20260731_00:00:00   1.6733e-01   4.5468e+01   3.8718e+00   0.0000e+00   0.0000e+00   2.7633e+02
20260731_01:00:00   1.7821e-01   4.7828e+01   4.1392e+00   0.0000e+00   0.0000e+00   2.7568e+02
20260731_02:00:00   1.9102e-01   5.0592e+01   4.4610e+00   0.0000e+00   0.0000e+00   2.7557e+02
20260731_03:00:00   1.8825e-01   4.9944e+01   4.4202e+00   0.0000e+00   0.0000e+00   2.7860e+02
20260731_04:00:00   1.8031e-01   4.8217e+01   4.2449e+00   0.0000e+00   0.0000e+00   2.7782e+02
20260731_05:00:00   1.7442e-01   4.6968e+01   4.1074e+00   0.0000e+00   0.0000e+00   2.7709e+02
20260731_06:00:00   1.7340e-01   4.6736e+01   4.0945e+00   0.0000e+00   0.0000e+00   2.7601e+02
20260731_07:00:00   1.7298e-01   4.6589e+01   4.1021e+00   0.0000e+00   0.0000e+00   2.7688e+02
20260731_08:00:00   1.7542e-01   4.7114e+01   4.1472e+00   0.0000e+00   0.0000e+00   2.7742e+02
20260731_09:00:00   1.7417e-01   4.6877e+01   4.0750e+00   0.0000e+00   0.0000e+00   2.7760e+02
20260731_10:00:00   1.7075e-01   4.6051e+01   4.0223e+00   0.0000e+00   0.0000e+00   2.7801e+02
20260731_11:00:00   1.7033e-01   4.5933e+01   4.0245e+00   0.0000e+00   0.0000e+00   2.7503e+02
20260731_12:00:00   1.7397e-01   4.6732e+01   4.0990e+00   0.0000e+00   0.0000e+00   2.7850e+02
20260731_13:00:00   1.7624e-01   4.7193e+01   4.1520e+00   0.0000e+00   0.0000e+00   2.7891e+02
20260731_14:00:00   1.7465e-01   4.6831e+01   4.1085e+00   0.0000e+00   0.0000e+00   2.7872e+02
20260731_15:00:00   1.7193e-01   4.6246e+01   4.0322e+00   0.0000e+00   0.0000e+00   2.8022e+02
20260731_16:00:00   1.7132e-01   4.6117e+01   4.0074e+00   0.0000e+00   0.0000e+00   2.8025e+02
20260731_17:00:00   1.6792e-01   4.5350e+01   3.9452e+00   0.0000e+00   0.0000e+00   2.8014e+02
20260731_18:00:00   1.6596e-01   4.4890e+01   3.9196e+00   0.0000e+00   0.0000e+00   2.7896e+02
20260731_19:00:00   1.6399e-01   4.4415e+01   3.8951e+00   0.0000e+00   0.0000e+00   2.8163e+02
20260731_20:00:00   1.6239e-01   4.4030e+01   3.8770e+00   0.0000e+00   0.0000e+00   2.8167e+02
20260731_21:00:00   1.5960e-01   4.3458e+01   3.8043e+00   0.0000e+00   0.0000e+00   2.8209e+02
20260731_22:00:00   1.6287e-01   4.4284e+01   3.8436e+00   0.0000e+00   0.0000e+00   2.8177e+02
20260731_23:00:00   1.6075e-01   4.3816e+01   3.7960e+00   0.0000e+00   0.0000e+00   2.8377e+02
20260801_00:00:00   1.5951e-01   4.3523e+01   3.7758e+00   0.0000e+00   0.0000e+00   2.8221e+02
20260801_01:00:00   1.5569e-01   4.2647e+01   3.7015e+00   0.0000e+00   0.0000e+00   2.8235e+02
20260801_02:00:00   1.4875e-01   4.1035e+01   3.5682e+00   0.0000e+00   0.0000e+00   2.8216e+02
20260801_03:00:00   1.4676e-01   4.0591e+01   3.5293e+00   0.0000e+00   0.0000e+00   2.8280e+02
20260801_04:00:00   1.3915e-01   3.8844e+01   3.3644e+00   0.0000e+00   0.0000e+00   2.8262e+02
20260801_05:00:00   1.3535e-01   3.7954e+01   3.2809e+00   0.0000e+00   0.0000e+00   2.8310e+02
20260801_06:00:00   1.3082e-01   3.6866e+01   3.1882e+00   0.0000e+00   0.0000e+00   2.8508e+02
20260801_07:00:00   1.2421e-01   3.5300e+01   3.0327e+00   0.0000e+00   0.0000e+00   2.8621e+02
20260801_08:00:00   1.2184e-01   3.4715e+01   2.9807e+00   0.0000e+00   0.0000e+00   2.8599e+02
20260801_09:00:00   1.1971e-01   3.4190e+01   2.9371e+00   0.0000e+00   0.0000e+00   2.8693e+02
20260801_10:00:00   1.1645e-01   3.3419e+01   2.8581e+00   0.0000e+00   0.0000e+00   2.8527e+02
20260801_11:00:00   1.1475e-01   3.3011e+01   2.8195e+00   0.0000e+00   0.0000e+00   2.8363e+02
20260801_12:00:00   1.1566e-01   3.3194e+01   2.8507e+00   0.0000e+00   0.0000e+00   2.8257e+02
20260801_13:00:00   1.1898e-01   3.3942e+01   2.9443e+00   0.0000e+00   0.0000e+00   2.8319e+02
20260801_14:00:00   1.2220e-01   3.4664e+01   3.0371e+00   0.0000e+00   2.3920e-05   2.8321e+02
20260801_15:00:00   1.2315e-01   3.4904e+01   3.0571e+00   0.0000e+00   0.0000e+00   2.8576e+02
20260801_16:00:00   1.2515e-01   3.5396e+01   3.0949e+00   0.0000e+00   0.0000e+00   2.8706e+02
20260801_17:00:00   1.2596e-01   3.5633e+01   3.1035e+00   0.0000e+00   0.0000e+00   2.8728e+02
20260801_18:00:00   1.2820e-01   3.6128e+01   3.1685e+00   0.0000e+00   0.0000e+00   2.8770e+02
20260801_19:00:00   1.2976e-01   3.6494e+01   3.2066e+00   0.0000e+00   0.0000e+00   2.8491e+02
20260801_20:00:00   1.3164e-01   3.6928e+01   3.2560e+00   0.0000e+00   0.0000e+00   2.8527e+02
20260801_21:00:00   1.3143e-01   3.6888e+01   3.2478e+00   0.0000e+00   0.0000e+00   2.8784e+02
20260801_22:00:00   1.3791e-01   3.8384e+01   3.3268e+00   1.4670e-03   0.0000e+00   2.8671e+02
20260801_23:00:00   1.4023e-01   3.8787e+01   3.4927e+00   1.2320e-05   1.9666e-05   2.8808e+02
20260802_00:00:00   1.4533e-01   3.9890e+01   3.6267e+00   0.0000e+00   3.2580e-03   2.8781e+02
20260802_01:00:00   1.4756e-01   4.0389e+01   3.6893e+00   0.0000e+00   1.2509e-03   2.8613e+02
20260802_02:00:00   1.4407e-01   3.9681e+01   3.5970e+00   0.0000e+00   7.0304e-05   2.8380e+02
20260802_03:00:00   1.4992e-01   4.0977e+01   3.7400e+00   0.0000e+00   8.7060e-05   2.8307e+02
20260802_04:00:00   1.5310e-01   4.1713e+01   3.8192e+00   0.0000e+00   9.1920e-05   2.8467e+02
20260802_05:00:00   1.5772e-01   4.2741e+01   3.9369e+00   0.0000e+00   1.1356e-04   2.8514e+02
20260802_06:00:00   1.5974e-01   4.3199e+01   3.9822e+00   0.0000e+00   1.0796e-04   2.8617e+02
20260802_07:00:00   1.5954e-01   4.3206e+01   3.9670e+00   0.0000e+00   2.4660e-06   2.8559e+02
20260802_08:00:00   1.5717e-01   4.2770e+01   3.8934e+00   0.0000e+00   0.0000e+00   2.8553e+02
20260802_09:00:00   1.5608e-01   4.2589e+01   3.8554e+00   0.0000e+00   0.0000e+00   2.8342e+02
20260802_10:00:00   1.5745e-01   4.2916e+01   3.8690e+00   0.0000e+00   0.0000e+00   2.8354e+02
20260802_11:00:00   1.5775e-01   4.3017e+01   3.8654e+00   0.0000e+00   0.0000e+00   2.8297e+02
20260802_12:00:00   1.5809e-01   4.3118e+01   3.8613e+00   0.0000e+00   0.0000e+00   2.8318e+02
20260802_13:00:00   1.6127e-01   4.3822e+01   3.9394e+00   0.0000e+00   0.0000e+00   2.8129e+02
20260802_14:00:00   1.5928e-01   4.3403e+01   3.8850e+00   0.0000e+00   0.0000e+00   2.7725e+02
20260802_15:00:00   1.6197e-01   4.3990e+01   3.9503e+00   0.0000e+00   0.0000e+00   2.7734e+02
20260802_16:00:00   1.6417e-01   4.4458e+01   4.0155e+00   0.0000e+00   0.0000e+00   2.7956e+02
20260802_17:00:00   1.6346e-01   4.4297e+01   4.0003e+00   0.0000e+00   0.0000e+00   2.8072e+02
20260802_18:00:00   1.6367e-01   4.4308e+01   4.0119e+00   0.0000e+00   0.0000e+00   2.8214e+02
20260802_19:00:00   1.6719e-01   4.5007e+01   4.1157e+00   0.0000e+00   0.0000e+00   2.8282e+02
20260802_20:00:00   1.7167e-01   4.5931e+01   4.2471e+00   0.0000e+00   0.0000e+00   2.8303e+02
20260802_21:00:00   1.7562e-01   4.6831e+01   4.3349e+00   0.0000e+00   0.0000e+00   2.8444e+02
20260802_22:00:00   1.7740e-01   4.7341e+01   4.3421e+00   0.0000e+00   0.0000e+00   2.8639e+02
20260802_23:00:00   1.7858e-01   4.7689e+01   4.3573e+00   0.0000e+00   0.0000e+00   2.8560e+02
20260803_00:00:00   1.7832e-01   4.7721e+01   4.3359e+00   0.0000e+00   0.0000e+00   2.8379e+02
20260803_03:00:00   1.8648e-01   4.9484e+01   4.5662e+00   0.0000e+00   0.0000e+00   2.8094e+02
20260803_06:00:00   1.7780e-01   4.7607e+01   4.3523e+00   0.0000e+00   5.4080e-06   2.7973e+02
20260803_09:00:00   1.8342e-01   4.8685e+01   4.5215e+00   0.0000e+00   1.8896e-04   2.7851e+02
20260803_12:00:00   1.8224e-01   4.8393e+01   4.4931e+00   0.0000e+00   5.5000e-04   2.7771e+02
20260803_15:00:00   1.9425e-01   5.0921e+01   4.7914e+00   0.0000e+00   6.8080e-06   2.7256e+02
20260803_18:00:00   1.9402e-01   5.0887e+01   4.7833e+00   0.0000e+00   0.0000e+00   2.7576e+02
20260803_21:00:00   1.8574e-01   4.9079e+01   4.6052e+00   0.0000e+00   8.5967e-05   2.7787e+02
20260804_00:00:00   1.9380e-01   5.0878e+01   4.7759e+00   0.0000e+00   9.7118e-05   2.7648e+02
20260804_03:00:00   1.9481e-01   5.1054e+01   4.8431e+00   0.0000e+00   2.5040e-04   2.7666e+02
20260804_06:00:00   1.9382e-01   5.0873e+01   4.8058e+00   0.0000e+00   1.3518e-05   2.7911e+02
20260804_09:00:00   2.0452e-01   5.3020e+01   5.1010e+00   0.0000e+00   5.5542e-04   2.7837e+02
20260804_12:00:00   2.0014e-01   5.1970e+01   5.0026e+00   0.0000e+00   6.0780e-03   2.7676e+02
20260804_15:00:00   1.9827e-01   5.1560e+01   4.9240e+00   0.0000e+00   2.4152e-02   2.7718e+02
20260804_18:00:00   1.9885e-01   5.1652e+01   4.9191e+00   0.0000e+00   1.9139e-02   2.7795e+02
20260804_21:00:00   2.2454e-01   5.6743e+01   5.4010e+00   0.0000e+00   3.0916e-01   2.8389e+02
20260805_00:00:00   2.2538e-01   5.7102e+01   5.5266e+00   0.0000e+00   1.1959e-01   2.8155e+02
20260805_03:00:00   2.1436e-01   5.4804e+01   5.3063e+00   0.0000e+00   3.5157e-02   2.7937e+02
20260805_06:00:00   2.5093e-01   6.2175e+01   6.0566e+00   0.0000e+00   1.7362e-01   2.8030e+02
20260805_09:00:00   2.6271e-01   6.4928e+01   6.2839e+00   0.0000e+00   9.6331e-02   2.8238e+02
20260805_12:00:00   2.3870e-01   5.9968e+01   5.7387e+00   0.0000e+00   2.7060e-02   2.8352e+02
20260805_15:00:00   2.8146e-01   6.8523e+01   6.6542e+00   0.0000e+00   4.4855e-02   2.8190e+02
20260805_18:00:00   2.9463e-01   7.1018e+01   6.8790e+00   0.0000e+00   1.0182e-01   2.8552e+02
20260805_21:00:00   2.5839e-01   6.3993e+01   6.0977e+00   0.0000e+00   1.5625e-02   2.8922e+02
20260806_00:00:00   4.4920e-01   9.9526e+01   9.6770e+00   1.4800e-03   1.6105e-01   2.8456e+02
20260806_03:00:00   4.5991e-01   1.0159e+02   9.8403e+00   3.5400e-04   6.6521e-02   2.8218e+02
20260806_06:00:00   4.1000e-01   9.3142e+01   8.9555e+00   0.0000e+00   5.7378e-03   2.8638e+02
20260806_09:00:00   3.7677e-01   8.7713e+01   7.9871e+00   0.0000e+00   5.1799e-05   2.8979e+02
20260806_12:00:00   3.8604e-01   8.9183e+01   8.1141e+00   4.3920e-04   2.2210e-03   2.9229e+02
20260806_15:00:00   3.9093e-01   9.0193e+01   8.0961e+00   0.0000e+00   6.7648e-03   2.9458e+02
20260806_18:00:00   3.7113e-01   8.6925e+01   7.6965e+00   0.0000e+00   2.0300e-05   2.8916e+02
20260806_21:00:00   3.9694e-01   9.1562e+01   8.1904e+00   0.0000e+00   1.5629e-04   2.9118e+02
20260807_00:00:00   4.1948e-01   9.5381e+01   8.8480e+00   5.0860e-06   2.9128e-03   2.8561e+02
20260807_03:00:00   4.2381e-01   9.5982e+01   9.0593e+00   0.0000e+00   1.7393e-02   2.8269e+02
20260807_06:00:00   3.8946e-01   8.9890e+01   8.4520e+00   0.0000e+00   2.0609e-02   2.8360e+02
20260807_09:00:00   3.3795e-01   8.0660e+01   7.3598e+00   0.0000e+00   3.6323e-03   2.8301e+02
20260807_12:00:00   3.4002e-01   8.0765e+01   7.5163e+00   0.0000e+00   7.3442e-03   2.8007e+02
20260807_15:00:00   3.4188e-01   8.0973e+01   7.6260e+00   0.0000e+00   6.3640e-03   2.8066e+02
20260807_18:00:00   3.3798e-01   8.0141e+01   7.6085e+00   0.0000e+00   6.0579e-03   2.8072e+02
20260807_21:00:00   3.1494e-01   7.5842e+01   7.1939e+00   0.0000e+00   3.4244e-03   2.8278e+02
20260808_00:00:00   2.7598e-01   6.8316e+01   6.3854e+00   0.0000e+00   1.2075e-02   2.8097e+02
20260808_03:00:00   2.7169e-01   6.7195e+01   6.4485e+00   0.0000e+00   4.4294e-02   2.7841e+02
20260808_06:00:00   2.9044e-01   7.0713e+01   6.9325e+00   0.0000e+00   4.7802e-03   2.7876e+02
20260808_09:00:00   2.7807e-01   6.8138e+01   6.7236e+00   0.0000e+00   9.1615e-04   2.7851e+02
20260808_12:00:00   3.2108e-01   7.6228e+01   7.6859e+00   0.0000e+00   1.0358e-01   2.7837e+02
20260808_15:00:00   3.4803e-01   8.1341e+01   8.1930e+00   0.0000e+00   1.2542e-01   2.7446e+02
20260808_18:00:00   3.2141e-01   7.6257e+01   7.6383e+00   0.0000e+00   2.0528e-01   2.7440e+02
20260808_21:00:00   3.0770e-01   7.3614e+01   7.4502e+00   0.0000e+00   8.9520e-02   2.7857e+02
20260809_00:00:00   3.4495e-01   8.0806e+01   8.1666e+00   0.0000e+00   2.2710e-01   2.7542e+02
20260809_03:00:00   3.7359e-01   8.6298e+01   8.8594e+00   0.0000e+00   5.6283e-02   2.7520e+02
20260809_06:00:00   3.4251e-01   8.0920e+01   8.1279e+00   0.0000e+00   1.1783e-02   2.7561e+02
20260809_09:00:00   2.8861e-01   7.0502e+01   6.9980e+00   0.0000e+00   1.0610e-03   2.7388e+02
20260809_12:00:00   3.2770e-01   7.8029e+01   7.8805e+00   0.0000e+00   5.0588e-03   2.7398e+02
20260809_15:00:00   3.2076e-01   7.7032e+01   7.6617e+00   0.0000e+00   1.4626e-03   2.7181e+02
20260809_18:00:00   3.3522e-01   8.0150e+01   7.9309e+00   0.0000e+00   2.4314e-03   2.7363e+02
20260809_21:00:00   4.0030e-01   9.2324e+01   9.2404e+00   0.0000e+00   1.8640e-03   2.7335e+02
20260810_00:00:00   4.7637e-01   1.0556e+02   1.0580e+01   5.3210e-04   3.1088e-02   2.7411e+02
20260810_03:00:00   5.4996e-01   1.1730e+02   1.1764e+01   1.2004e-03   1.6140e-02   2.7504e+02
20260810_06:00:00   5.6848e-01   1.2012e+02   1.2172e+01   6.5560e-06   5.8484e-02   2.7673e+02
20260810_09:00:00   5.5282e-01   1.1769e+02   1.1960e+01   0.0000e+00   3.8000e-02   2.7876e+02
20260810_12:00:00   5.4333e-01   1.1617e+02   1.1832e+01   0.0000e+00   3.9008e-03   2.7887e+02
20260810_15:00:00   5.1216e-01   1.1130e+02   1.1261e+01   0.0000e+00   4.3646e-03   2.7981e+02
20260810_18:00:00   4.8654e-01   1.0736e+02   1.0558e+01   2.9510e-03   2.7260e-04   2.7862e+02
20260810_21:00:00   4.5494e-01   1.0211e+02   1.0068e+01   1.2370e-05   0.0000e+00   2.7963e+02
20260811_00:00:00   5.2023e-01   1.1312e+02   1.0297e+01   1.9289e-02   0.0000e+00   2.7855e+02
20260811_03:00:00   7.0739e-01   1.4059e+02   1.0618e+01   8.8855e-02   1.5742e-04   2.7896e+02
20260811_06:00:00   8.4750e-01   1.5780e+02   1.0152e+01   1.6017e-01   1.7093e-01   2.8154e+02
20260811_09:00:00   3.0631e-01   7.4290e+01   7.3569e+00   1.1500e-03   1.0938e-03   2.8071e+02
20260811_12:00:00   3.1051e-01   7.4952e+01   7.3297e+00   3.7050e-03   2.6434e-04   2.8024e+02
20260811_15:00:00   3.0726e-01   7.4387e+01   7.4074e+00   1.6090e-05   1.7768e-05   2.7602e+02
20260811_18:00:00   3.3720e-01   8.0059e+01   8.0669e+00   0.0000e+00   1.0492e-03   2.7740e+02
20260811_21:00:00   3.6804e-01   8.6071e+01   8.6127e+00   2.6360e-05   2.5417e-05   2.7853e+02
20260812_00:00:00   4.7558e-01   1.0517e+02   1.0457e+01   4.0898e-03   1.7630e-04   2.7861e+02
20260812_03:00:00   5.9284e-01   1.2364e+02   1.2504e+01   2.5400e-03   9.8987e-05   2.7879e+02
20260812_06:00:00   6.1968e-01   1.2756e+02   1.2888e+01   3.4930e-03   9.8117e-05   2.7967e+02
20260812_09:00:00   6.0980e-01   1.2634e+02   1.2723e+01   1.4525e-03   1.7544e-04   2.8036e+02
20260812_12:00:00   6.0984e-01   1.2629e+02   1.2719e+01   8.2943e-04   2.3999e-04   2.7843e+02
20260812_15:00:00   6.3430e-01   1.2963e+02   1.3113e+01   1.8577e-03   3.0562e-04   2.7961e+02
20260812_18:00:00   6.1294e-01   1.2676e+02   1.2757e+01   1.6948e-03   2.5500e-05   2.8185e+02
20260812_21:00:00   5.8207e-01   1.2230e+02   1.2350e+01   1.0396e-06   6.0140e-05   2.8409e+02
20260813_00:00:00   6.1867e-01   1.2795e+02   1.2416e+01   1.2290e-02   4.2540e-05   2.8148e+02
20260813_03:00:00   8.1905e-01   1.5487e+02   1.2364e+01   9.3270e-02   1.3110e-05   2.7863e+02
20260813_06:00:00   6.1677e-01   1.2742e+02   1.2321e+01   1.3702e-02   2.2453e-04   2.7970e+02
20260813_09:00:00   5.3856e-01   1.1553e+02   1.1528e+01   1.9167e-03   8.2818e-04   2.8117e+02
20260813_12:00:00   5.1865e-01   1.1207e+02   1.1352e+01   3.3430e-04   8.8410e-03   2.8099e+02
20260813_15:00:00   4.9526e-01   1.0820e+02   1.0912e+01   0.0000e+00   9.3406e-03   2.8098e+02
20260813_18:00:00   4.8336e-01   1.0629e+02   1.0677e+01   0.0000e+00   1.1571e-02   2.8337e+02
20260813_21:00:00   4.6533e-01   1.0331e+02   1.0420e+01   0.0000e+00   6.8208e-03   2.8010e+02
20260814_00:00:00   4.5453e-01   1.0146e+02   1.0277e+01   0.0000e+00   7.1197e-03   2.7989e+02
