#            date       tau255        Tb[K]      pwv[mm] lwp[kg*m^-2] iwp[kg*m^-2]       o3[DU]
20260921_06:00:00   3.9396e-01   9.0852e+01   9.0955e+00   0.0000e+00   9.1586e-02   2.5370e+02
20260921_07:00:00   3.9805e-01   9.1573e+01   9.2008e+00   0.0000e+00   6.8431e-02   2.5433e+02
20260921_08:00:00   3.9345e-01   9.0792e+01   9.1423e+00   0.0000e+00   1.2178e-02   2.5263e+02
20260921_09:00:00   3.8488e-01   8.9284e+01   8.9548e+00   0.0000e+00   6.5738e-04   2.5218e+02
20260921_10:00:00   3.8511e-01   8.9313e+01   8.9669e+00   0.0000e+00   1.6025e-03   2.5353e+02
20260921_11:00:00   3.8298e-01   8.8938e+01   8.9387e+00   0.0000e+00   1.5760e-03   2.5442e+02
20260921_12:00:00   3.7357e-01   8.7293e+01   8.7100e+00   0.0000e+00   1.4001e-03   2.5694e+02
20260921_13:00:00   3.6796e-01   8.6207e+01   8.6211e+00   0.0000e+00   1.2348e-03   2.6081e+02
20260921_14:00:00   3.6042e-01   8.4811e+01   8.4662e+00   0.0000e+00   2.3224e-03   2.6011e+02
20260921_15:00:00   3.5594e-01   8.3960e+01   8.3703e+00   0.0000e+00   2.6575e-03   2.5617e+02
20260921_16:00:00   3.5790e-01   8.4215e+01   8.4446e+00   0.0000e+00   1.4704e-03   2.5535e+02
20260921_17:00:00   3.5240e-01   8.3154e+01   8.3478e+00   0.0000e+00   3.2549e-03   2.5371e+02
20260921_18:00:00   3.4860e-01   8.2395e+01   8.2862e+00   0.0000e+00   4.0599e-03   2.5353e+02
20260921_19:00:00   3.4606e-01   8.1877e+01   8.2361e+00   0.0000e+00   2.1653e-03   2.5586e+02
20260921_20:00:00   3.3777e-01   8.0361e+01   8.0382e+00   0.0000e+00   3.1412e-03   2.5756e+02
20260921_21:00:00   3.3488e-01   7.9844e+01   7.9581e+00   0.0000e+00   1.6726e-03   2.5744e+02
20260921_22:00:00   3.3208e-01   7.9325e+01   7.8908e+00   0.0000e+00   7.1045e-04   2.5729e+02
20260921_23:00:00   3.3595e-01   8.0077e+01   7.9706e+00   0.0000e+00   2.9960e-04   2.5614e+02
20260922_00:00:00   3.3712e-01   8.0330e+01   7.9855e+00   0.0000e+00   4.1520e-04   2.5636e+02
20260922_01:00:00   3.3734e-01   8.0432e+01   7.9961e+00   0.0000e+00   6.6331e-04   2.5616e+02
20260922_02:00:00   3.4791e-01   8.2518e+01   8.1897e+00   1.6500e-04   3.0615e-03   2.5654e+02
20260922_03:00:00   3.5261e-01   8.3444e+01   8.2356e+00   9.4900e-04   3.1442e-03   2.5716e+02
20260922_04:00:00   3.7281e-01   8.7282e+01   8.3571e+00   6.4730e-03   6.1582e-03   2.5663e+02
20260922_05:00:00   3.5429e-01   8.3679e+01   8.2337e+00   1.2864e-03   4.0576e-02   2.5747e+02
20260922_06:00:00   3.4768e-01   8.2359e+01   8.1930e+00   0.0000e+00   4.8510e-02   2.5687e+02
20260922_07:00:00   3.4978e-01   8.2815e+01   8.2548e+00   1.3180e-04   2.6553e-02   2.5670e+02
20260922_08:00:00   3.5494e-01   8.3897e+01   8.3535e+00   5.4430e-05   4.8478e-03   2.5721e+02
20260922_09:00:00   3.5846e-01   8.4652e+01   8.3801e+00   0.0000e+00   3.8231e-03   2.5653e+02
20260922_10:00:00   3.6538e-01   8.5984e+01   8.4977e+00   0.0000e+00   7.5477e-03   2.5685e+02
20260922_11:00:00   3.6635e-01   8.6236e+01   8.4798e+00   0.0000e+00   7.5884e-03   2.5669e+02
20260922_12:00:00   3.6052e-01   8.5181e+01   8.3609e+00   0.0000e+00   1.2416e-02   2.5689e+02
20260922_13:00:00   3.5542e-01   8.4194e+01   8.2569e+00   0.0000e+00   8.1401e-03   2.5504e+02
20260922_14:00:00   3.5213e-01   8.3544e+01   8.2247e+00   0.0000e+00   6.7102e-03   2.5348e+02
20260922_15:00:00   3.5657e-01   8.4349e+01   8.3279e+00   0.0000e+00   6.8939e-03   2.5186e+02
20260922_16:00:00   3.5182e-01   8.3441e+01   8.2587e+00   0.0000e+00   9.7819e-04   2.5181e+02
20260922_17:00:00   3.4157e-01   8.1519e+01   8.0176e+00   0.0000e+00   2.3822e-04   2.5462e+02
20260922_18:00:00   3.3293e-01   8.0000e+01   7.7862e+00   0.0000e+00   1.0674e-04   2.5547e+02
20260922_19:00:00   3.2405e-01   7.8259e+01   7.6229e+00   0.0000e+00   9.5100e-07   2.5662e+02
20260922_20:00:00   3.1072e-01   7.5676e+01   7.3605e+00   0.0000e+00   3.2941e-05   2.5816e+02
20260922_21:00:00   2.9182e-01   7.1970e+01   6.9637e+00   0.0000e+00   2.1851e-04   2.5668e+02
20260922_22:00:00   2.7790e-01   6.9133e+01   6.6546e+00   3.5000e-05   2.3620e-04   2.5769e+02
20260922_23:00:00   2.7500e-01   6.8600e+01   6.4708e+00   2.2120e-03   2.9559e-04   2.5773e+02
20260923_00:00:00   2.6689e-01   6.6930e+01   6.2863e+00   2.4030e-03   6.8920e-05   2.5796e+02
20260923_01:00:00   2.5172e-01   6.3708e+01   6.0670e+00   8.6380e-04   5.3467e-04   2.5881e+02
20260923_02:00:00   2.3721e-01   6.0643e+01   5.8032e+00   0.0000e+00   4.7061e-04   2.5837e+02
20260923_03:00:00   2.2583e-01   5.8204e+01   5.5627e+00   0.0000e+00   5.1524e-04   2.5840e+02
20260923_04:00:00   2.1553e-01   5.6050e+01   5.3167e+00   0.0000e+00   1.6662e-03   2.5966e+02
20260923_05:00:00   2.1011e-01   5.4960e+01   5.1497e+00   0.0000e+00   3.2338e-03   2.6174e+02
20260923_06:00:00   2.0137e-01   5.3107e+01   4.9141e+00   0.0000e+00   1.4912e-02   2.6304e+02
20260923_07:00:00   1.9121e-01   5.0872e+01   4.6802e+00   0.0000e+00   1.0744e-02   2.6316e+02
20260923_08:00:00   1.8437e-01   4.9357e+01   4.5324e+00   0.0000e+00   4.1782e-03   2.6251e+02
20260923_09:00:00   1.8160e-01   4.8732e+01   4.4653e+00   0.0000e+00   9.0160e-03   2.6280e+02
20260923_10:00:00   1.8346e-01   4.9156e+01   4.4896e+00   0.0000e+00   2.9821e-02   2.6157e+02
20260923_11:00:00   1.8922e-01   5.0493e+01   4.6003e+00   0.0000e+00   1.4790e-02   2.6153e+02
20260923_12:00:00   1.9780e-01   5.2452e+01   4.7722e+00   0.0000e+00   7.5093e-03   2.6016e+02
20260923_13:00:00   2.1466e-01   5.6204e+01   5.0963e+00   0.0000e+00   4.9388e-03   2.5946e+02
20260923_14:00:00   2.4160e-01   6.2025e+01   5.6119e+00   2.0320e-05   9.5983e-03   2.5874e+02
20260923_15:00:00   2.7125e-01   6.8229e+01   6.1879e+00   0.0000e+00   1.0901e-02   2.5861e+02
20260923_16:00:00   3.1350e-01   7.6717e+01   7.0070e+00   7.6700e-06   6.0881e-03   2.5914e+02
20260923_17:00:00   3.7339e-01   8.8106e+01   8.1732e+00   0.0000e+00   5.1140e-03   2.6027e+02
20260923_18:00:00   4.4312e-01   1.0053e+02   9.4624e+00   6.5530e-05   9.5359e-04   2.6023e+02
20260923_19:00:00   4.9708e-01   1.0957e+02   1.0418e+01   5.1510e-05   8.5490e-04   2.6049e+02
20260923_20:00:00   5.3939e-01   1.1625e+02   1.1164e+01   4.8560e-05   1.6800e-03   2.5824e+02
20260923_21:00:00   5.6636e-01   1.2040e+02   1.1590e+01   4.2230e-04   3.5572e-04   2.5702e+02
20260923_22:00:00   5.7313e-01   1.2150e+02   1.1550e+01   3.6136e-03   1.6622e-04   2.5721e+02
20260923_23:00:00   5.8398e-01   1.2316e+02   1.1623e+01   6.9312e-03   2.5457e-04   2.5584e+02
20260924_00:00:00   7.3656e-01   1.4482e+02   1.1697e+01   6.7264e-02   1.7588e-03   2.5492e+02
20260924_01:00:00   9.4537e-01   1.6967e+02   1.1738e+01   1.4912e-01   5.7327e-03   2.5422e+02
20260924_02:00:00   7.8679e-01   1.5094e+02   1.1471e+01   9.3400e-02   7.2903e-03   2.5396e+02
20260924_03:00:00   6.1446e-01   1.2772e+02   1.1244e+01   2.9023e-02   1.0450e-02   2.5360e+02
20260924_04:00:00   5.3686e-01   1.1583e+02   1.1107e+01   3.1861e-03   1.0767e-02   2.5571e+02
20260924_05:00:00   5.4588e-01   1.1723e+02   1.1226e+01   3.7441e-03   3.6633e-03   2.5646e+02
20260924_06:00:00   5.8095e-01   1.2267e+02   1.1483e+01   1.0016e-02   1.1688e-02   2.5661e+02
20260924_07:00:00   6.5110e-01   1.3278e+02   1.1838e+01   2.9852e-02   1.9190e-02   2.5790e+02
20260924_08:00:00   8.5321e-01   1.5844e+02   1.2412e+01   1.0015e-01   5.0960e-02   2.5923e+02
20260924_09:00:00   1.2786e+00   1.9802e+02   1.2841e+01   2.6777e-01   1.4252e-01   2.5913e+02
20260924_10:00:00   9.3223e-01   1.6695e+02   1.2762e+01   1.2793e-01   5.1646e-02   2.5966e+02
20260924_11:00:00   5.8667e-01   1.2302e+02   1.2126e+01   2.8124e-03   1.4455e-02   2.5969e+02
20260924_12:00:00   5.4724e-01   1.1695e+02   1.1584e+01   1.3110e-05   2.0820e-02   2.6106e+02
20260924_13:00:00   5.2800e-01   1.1394e+02   1.1292e+01   0.0000e+00   1.0005e-02   2.6237e+02
20260924_14:00:00   5.0693e-01   1.1065e+02   1.0907e+01   0.0000e+00   2.7172e-03   2.6277e+02
20260924_15:00:00   4.9732e-01   1.0912e+02   1.0715e+01   9.6418e-05   3.6809e-03   2.6158e+02
20260924_16:00:00   4.8694e-01   1.0747e+02   1.0442e+01   2.0140e-05   4.6212e-03   2.6062e+02
20260924_17:00:00   4.7754e-01   1.0600e+02   1.0144e+01   1.3867e-03   5.1216e-03   2.6060e+02
20260924_18:00:00   4.5146e-01   1.0179e+02   9.5887e+00   1.3183e-03   5.0826e-04   2.6092e+02
20260924_19:00:00   4.8841e-01   1.0808e+02   9.6027e+00   1.4351e-02   4.9263e-03   2.6170e+02
20260924_20:00:00   6.1801e-01   1.2842e+02   9.6337e+00   6.4959e-02   1.3009e-02   2.6061e+02
20260924_21:00:00   6.5078e-01   1.3323e+02   9.7262e+00   7.6105e-02   8.5964e-03   2.6071e+02
20260924_22:00:00   1.6999e+00   2.2582e+02   1.0896e+01   4.7293e-01   4.1731e-02   2.6140e+02
20260924_23:00:00   2.1126e+00   2.4243e+02   1.1618e+01   6.2978e-01   1.0712e-01   2.6104e+02
20260925_00:00:00   1.2402e+00   1.9485e+02   1.1497e+01   2.8448e-01   8.4139e-02   2.6040e+02
20260925_01:00:00   1.1310e+00   1.8527e+02   1.1353e+01   2.4468e-01   7.4718e-02   2.6008e+02
20260925_02:00:00   9.7424e-01   1.7082e+02   1.0861e+01   1.8885e-01   1.5552e-01   2.5894e+02
20260925_03:00:00   6.0399e-01   1.2590e+02   1.0873e+01   3.0810e-02   1.1264e-01   2.5799e+02
20260925_04:00:00   5.7676e-01   1.2213e+02   1.0509e+01   2.5120e-02   1.3259e-01   2.5772e+02
20260925_05:00:00   8.2831e-01   1.5646e+02   1.0268e+01   1.3077e-01   1.9077e-01   2.5633e+02
20260925_06:00:00   6.4490e-01   1.3228e+02   1.0278e+01   5.9126e-02   1.3947e-01   2.5752e+02
20260925_07:00:00   4.9159e-01   1.0839e+02   1.0286e+01   2.3094e-03   2.0084e-01   2.5719e+02
20260925_08:00:00   5.1633e-01   1.1228e+02   1.0521e+01   7.5277e-03   2.7802e-01   2.5630e+02
20260925_09:00:00   5.4156e-01   1.1639e+02   1.0537e+01   1.8188e-02   1.2643e-01   2.5609e+02
20260925_10:00:00   5.1826e-01   1.1256e+02   1.0577e+01   7.1649e-03   1.6914e-01   2.5704e+02
20260925_11:00:00   4.9224e-01   1.0843e+02   1.0221e+01   2.2374e-03   1.7072e-01   2.5763e+02
20260925_12:00:00   5.0217e-01   1.1009e+02   1.0201e+01   5.3735e-03   2.0158e-01   2.5769e+02
20260925_13:00:00   5.1746e-01   1.1251e+02   1.0357e+01   1.0717e-02   1.4407e-01   2.5679e+02
20260925_14:00:00   5.4245e-01   1.1638e+02   1.0615e+01   1.5678e-02   2.1830e-01   2.5860e+02
20260925_15:00:00   5.3767e-01   1.1560e+02   1.0603e+01   1.3367e-02   3.3134e-01   2.6097e+02
20260925_16:00:00   5.1531e-01   1.1214e+02   1.0393e+01   9.3510e-03   2.1764e-01   2.6081e+02
20260925_17:00:00   5.0984e-01   1.1134e+02   1.0341e+01   8.0459e-03   1.3145e-01   2.6038e+02
20260925_18:00:00   5.0070e-01   1.0993e+02   1.0362e+01   5.3210e-03   3.7470e-02   2.6204e+02
20260925_19:00:00   4.9837e-01   1.0950e+02   1.0586e+01   1.1130e-03   2.5048e-02   2.6135e+02
20260925_20:00:00   5.0776e-01   1.1099e+02   1.0889e+01   3.5327e-05   2.4146e-02   2.6126e+02
20260925_21:00:00   5.3702e-01   1.1564e+02   1.1310e+01   3.5063e-03   3.2667e-02   2.6296e+02
20260925_22:00:00   6.3308e-01   1.3003e+02   1.2154e+01   2.4571e-02   6.8113e-02   2.6293e+02
20260925_23:00:00   7.0137e-01   1.3926e+02   1.3095e+01   3.1992e-02   2.4203e-01   2.6232e+02
20260926_00:00:00   9.8081e-01   1.7234e+02   1.3939e+01   1.2419e-01   2.9076e-01   2.6194e+02
20260926_01:00:00   7.9361e-01   1.5112e+02   1.4029e+01   4.7389e-02   1.8908e-01   2.6111e+02
20260926_02:00:00   9.2347e-01   1.6622e+02   1.4291e+01   9.4145e-02   1.2868e-01   2.6180e+02
20260926_03:00:00   1.1699e+00   1.8999e+02   1.5016e+01   1.7565e-01   1.9520e-01   2.6378e+02
20260926_04:00:00   1.1887e+00   1.9183e+02   1.5345e+01   1.7460e-01   1.4958e-01   2.6706e+02
20260926_05:00:00   1.3691e+00   2.0602e+02   1.5127e+01   2.5244e-01   7.6788e-02   2.6827e+02
20260926_06:00:00   1.0219e+00   1.7671e+02   1.4887e+01   1.1883e-01   5.3004e-02   2.6830e+02
20260926_09:00:00   9.9847e-01   1.7443e+02   1.4932e+01   1.0945e-01   6.4420e-02   2.6429e+02
20260926_12:00:00   7.3630e-01   1.4380e+02   1.4359e+01   1.8030e-02   6.5122e-03   2.6365e+02
20260926_15:00:00   6.4651e-01   1.3157e+02   1.3508e+01   8.8170e-04   6.7675e-04   2.5962e+02
20260926_18:00:00   6.0219e-01   1.2520e+02   1.2750e+01   6.4710e-05   4.8317e-04   2.6254e+02
20260926_21:00:00   4.4286e-01   9.9465e+01   1.0019e+01   0.0000e+00   5.4543e-04   2.6161e+02
20260927_00:00:00   3.9483e-01   9.0997e+01   9.1076e+00   0.0000e+00   0.0000e+00   2.6590e+02
20260927_03:00:00   3.6440e-01   8.5566e+01   8.5337e+00   0.0000e+00   0.0000e+00   2.6160e+02
20260927_06:00:00   3.5549e-01   8.4150e+01   8.2769e+00   0.0000e+00   0.0000e+00   2.6292e+02
20260927_09:00:00   2.8883e-01   7.1246e+01   6.8980e+00   0.0000e+00   0.0000e+00   2.6492e+02
20260927_12:00:00   2.1954e-01   5.6735e+01   5.4253e+00   0.0000e+00   0.0000e+00   2.6281e+02
20260927_15:00:00   2.1342e-01   5.5445e+01   5.2819e+00   0.0000e+00   0.0000e+00   2.6641e+02
20260927_18:00:00   1.4291e-01   4.0063e+01   3.5243e+00   0.0000e+00   0.0000e+00   2.6510e+02
20260927_21:00:00   8.6894e-02   2.6733e+01   2.0752e+00   0.0000e+00   0.0000e+00   2.6525e+02
20260928_00:00:00   6.4912e-02   2.1368e+01   1.4588e+00   0.0000e+00   0.0000e+00   2.6673e+02
20260928_03:00:00   6.1470e-02   2.0602e+01   1.3400e+00   0.0000e+00   0.0000e+00   2.6878e+02
20260928_06:00:00   5.9621e-02   2.0158e+01   1.2809e+00   0.0000e+00   0.0000e+00   2.6999e+02
20260928_09:00:00   7.3149e-02   2.3624e+01   1.6112e+00   0.0000e+00   0.0000e+00   2.7117e+02
20260928_12:00:00   7.5883e-02   2.4320e+01   1.6740e+00   0.0000e+00   0.0000e+00   2.6856e+02
20260928_15:00:00   7.2346e-02   2.3436e+01   1.5723e+00   0.0000e+00   0.0000e+00   2.6937e+02
20260928_18:00:00   6.5311e-02   2.1648e+01   1.4052e+00   0.0000e+00   7.2100e-05   2.7124e+02
20260928_21:00:00   7.1466e-02   2.3251e+01   1.5485e+00   0.0000e+00   2.3280e-04   2.7176e+02
20260929_00:00:00   9.1270e-02   2.8318e+01   1.5857e+00   6.9272e-03   5.2440e-05   2.7186e+02
20260929_03:00:00   7.4299e-02   2.3918e+01   1.6136e+00   1.3500e-04   9.2240e-03   2.6993e+02
20260929_06:00:00   6.8283e-02   2.2357e+01   1.4926e+00   0.0000e+00   4.3140e-03   2.6695e+02
20260929_09:00:00   6.5495e-02   2.1622e+01   1.4309e+00   0.0000e+00   4.3341e-03   2.6745e+02
20260929_12:00:00   7.2035e-02   2.3322e+01   1.5712e+00   0.0000e+00   2.0181e-04   2.6439e+02
20260929_15:00:00   7.7282e-02   2.4575e+01   1.7345e+00   0.0000e+00   8.6109e-04   2.6168e+02
20260929_18:00:00   8.3343e-02   2.6091e+01   1.8898e+00   0.0000e+00   4.0536e-03   2.6265e+02
20260929_21:00:00   9.2101e-02   2.8319e+01   2.0863e+00   0.0000e+00   5.8819e-04   2.6273e+02
20260930_00:00:00   1.1307e-01   3.3359e+01   2.5453e+00   1.3870e-03   7.9936e-04   2.6233e+02
20260930_03:00:00   1.5090e-01   4.1846e+01   3.4510e+00   4.4450e-03   1.8221e-03   2.6296e+02
20260930_06:00:00   1.2866e-01   3.6638e+01   3.1730e+00   0.0000e+00   5.9124e-04   2.6624e+02
20260930_09:00:00   1.7500e-01   4.6774e+01   4.4009e+00   0.0000e+00   2.2303e-03   2.6694e+02
20260930_12:00:00   1.6072e-01   4.3666e+01   4.0391e+00   0.0000e+00   4.0082e-03   2.6475e+02
20260930_15:00:00   1.2578e-01   3.5932e+01   3.1194e+00   0.0000e+00   1.0712e-03   2.6456e+02
20260930_18:00:00   9.6129e-02   2.9011e+01   2.3118e+00   0.0000e+00   2.1876e-03   2.6466e+02
20260930_21:00:00   8.3330e-02   2.5943e+01   1.9642e+00   0.0000e+00   8.9749e-04   2.6667e+02
20261001_00:00:00   8.2378e-02   2.5735e+01   1.9294e+00   0.0000e+00   2.8525e-03   2.6421e+02
20261001_03:00:00   7.9402e-02   2.4981e+01   1.8673e+00   0.0000e+00   2.2561e-03   2.6242e+02
20261001_06:00:00   7.5529e-02   2.4045e+01   1.7593e+00   0.0000e+00   5.9440e-06   2.6173e+02
20261001_09:00:00   7.7756e-02   2.4570e+01   1.8242e+00   0.0000e+00   0.0000e+00   2.6246e+02
20261001_12:00:00   8.9111e-02   2.7254e+01   2.1491e+00   0.0000e+00   9.2681e-04   2.6271e+02
20261001_15:00:00   9.8417e-02   2.9553e+01   2.3737e+00   0.0000e+00   1.2149e-03   2.6169e+02
20261001_18:00:00   1.0630e-01   3.1505e+01   2.5478e+00   0.0000e+00   7.2543e-04   2.5974e+02
20261001_21:00:00   1.1645e-01   3.3879e+01   2.8355e+00   0.0000e+00   9.8082e-05   2.6248e+02
20261002_00:00:00   1.2879e-01   3.6761e+01   3.1180e+00   7.0820e-04   2.5120e-03   2.6144e+02
20261002_03:00:00   1.4697e-01   4.0982e+01   3.6186e+00   0.0000e+00   4.5347e-03   2.6228e+02
20261002_06:00:00   2.6141e-01   6.6204e+01   5.9700e+00   1.7850e-03   2.5001e-02   2.6348e+02
20261002_09:00:00   3.8161e-01   8.9491e+01   8.4885e+00   0.0000e+00   7.8168e-03   2.6503e+02
20261002_12:00:00   4.3100e-01   9.7981e+01   9.5693e+00   0.0000e+00   2.3414e-02   2.6251e+02
20261002_15:00:00   4.7547e-01   1.0524e+02   1.0453e+01   0.0000e+00   2.7538e-02   2.5971e+02
20261002_18:00:00   5.8251e-01   1.2193e+02   1.2127e+01   6.8990e-03   2.3606e-01   2.5954e+02
20261002_21:00:00   5.6647e-01   1.1911e+02   1.2290e+01   0.0000e+00   4.4321e-01   2.5903e+02
20261003_00:00:00   5.5776e-01   1.1737e+02   1.2112e+01   1.2328e-05   4.8803e-01   2.5893e+02
20261003_03:00:00   5.6370e-01   1.1844e+02   1.2343e+01   0.0000e+00   3.3664e-01   2.5930e+02
20261003_06:00:00   5.1012e-01   1.1038e+02   1.1289e+01   2.9150e-05   5.4229e-02   2.5967e+02
20261003_09:00:00   5.4623e-01   1.1645e+02   1.1477e+01   4.8752e-04   4.0412e-02   2.5768e+02
20261003_12:00:00   4.9904e-01   1.0933e+02   1.0297e+01   7.6524e-05   2.7897e-03   2.5891e+02
20261003_15:00:00   4.6865e-01   1.0438e+02   9.5314e+00   1.2590e-03   6.0502e-03   2.5958e+02
20261003_18:00:00   3.9995e-01   9.2711e+01   8.2504e+00   0.0000e+00   5.4953e-04   2.6157e+02
20261003_21:00:00   3.3186e-01   8.0117e+01   7.0715e+00   1.4874e-04   2.4784e-04   2.6273e+02
20261004_00:00:00   3.4299e-01   8.2368e+01   7.1920e+00   0.0000e+00   3.1670e-03   2.6156e+02
20261004_03:00:00   3.2632e-01   7.9447e+01   6.7838e+00   9.0230e-05   1.6661e-03   2.5955e+02
20261004_06:00:00   3.0767e-01   7.5966e+01   6.3208e+00   3.6480e-04   1.5466e-03   2.6041e+02
20261004_09:00:00   2.7523e-01   6.9548e+01   5.7241e+00   0.0000e+00   1.4336e-04   2.5973e+02
20261004_12:00:00   2.3623e-01   6.1478e+01   4.9416e+00   0.0000e+00   0.0000e+00   2.6010e+02
20261004_15:00:00   1.9455e-01   5.2448e+01   4.1118e+00   0.0000e+00   0.0000e+00   2.6139e+02
20261004_18:00:00   1.5350e-01   4.3187e+01   3.2852e+00   0.0000e+00   0.0000e+00   2.6387e+02
20261004_21:00:00   1.1041e-01   3.2994e+01   2.3651e+00   0.0000e+00   0.0000e+00   2.6334e+02
20261005_00:00:00   7.7722e-02   2.4890e+01   1.6254e+00   2.8450e-04   0.0000e+00   2.6034e+02
20261005_03:00:00   7.8220e-02   2.4967e+01   1.6899e+00   9.2020e-05   0.0000e+00   2.5884e+02
20261005_06:00:00   8.8729e-02   2.7530e+01   1.9785e+00   0.0000e+00   0.0000e+00   2.5843e+02
20261005_09:00:00   9.8916e-02   3.0022e+01   2.2337e+00   0.0000e+00   0.0000e+00   2.5974e+02
20261005_12:00:00   1.0606e-01   3.1742e+01   2.4081e+00   0.0000e+00   0.0000e+00   2.5789e+02
20261005_15:00:00   1.1196e-01   3.3122e+01   2.5673e+00   0.0000e+00   0.0000e+00   2.5749e+02
20261005_18:00:00   1.1219e-01   3.3209e+01   2.5623e+00   0.0000e+00   0.0000e+00   2.5748e+02
20261005_21:00:00   1.0620e-01   3.1805e+01   2.4170e+00   0.0000e+00   0.0000e+00   2.5884e+02
20261006_00:00:00   1.1470e-01   3.3795e+01   2.6596e+00   2.9400e-06   0.0000e+00   2.5859e+02
20261006_03:00:00   1.2514e-01   3.6331e+01   2.7882e+00   2.0020e-03   0.0000e+00   2.5760e+02
20261006_06:00:00   1.3122e-01   3.7765e+01   3.0158e+00   3.8780e-04   0.0000e+00   2.5874e+02
20261006_09:00:00   1.4660e-01   4.1375e+01   3.3822e+00   0.0000e+00   0.0000e+00   2.5968e+02
20261006_12:00:00   1.7874e-01   4.8714e+01   3.8813e+00   3.5810e-03   0.0000e+00   2.5942e+02
20261006_15:00:00   1.8430e-01   4.9900e+01   4.1801e+00   0.0000e+00   0.0000e+00   2.6092e+02
20261006_18:00:00   1.9365e-01   5.1990e+01   4.3693e+00   0.0000e+00   0.0000e+00   2.5967e+02
20261006_21:00:00   2.0119e-01   5.3628e+01   4.5348e+00   0.0000e+00   0.0000e+00   2.6130e+02
20261007_00:00:00   2.3652e-01   6.1247e+01   5.1345e+00   1.7250e-03   0.0000e+00   2.6035e+02
20261007_03:00:00   3.1015e-01   7.6236e+01   6.5002e+00   3.3410e-03   0.0000e+00   2.6019e+02
20261007_06:00:00   2.7239e-01   6.8652e+01   5.9410e+00   0.0000e+00   0.0000e+00   2.6169e+02
