#            date       tau255        Tb[K]      pwv[mm] lwp[kg*m^-2] iwp[kg*m^-2]       o3[DU]
20260807_06:00:00   1.0264e-01   3.0588e+01   2.4430e+00   0.0000e+00   4.6939e-03   2.6834e+02
20260807_07:00:00   9.9890e-02   2.9952e+01   2.3658e+00   0.0000e+00   1.7486e-03   2.6418e+02
20260807_08:00:00   9.8868e-02   2.9710e+01   2.3380e+00   0.0000e+00   3.1204e-03   2.6689e+02
20260807_09:00:00   1.0223e-01   3.0511e+01   2.4331e+00   0.0000e+00   2.5043e-03   2.7040e+02
20260807_10:00:00   1.0617e-01   3.1476e+01   2.5297e+00   0.0000e+00   2.9561e-03   2.7111e+02
20260807_11:00:00   1.0871e-01   3.2140e+01   2.5861e+00   0.0000e+00   6.3840e-04   2.7220e+02
20260807_12:00:00   1.0947e-01   3.2323e+01   2.6085e+00   0.0000e+00   0.0000e+00   2.7250e+02
20260807_13:00:00   1.0839e-01   3.2040e+01   2.5959e+00   0.0000e+00   1.0626e-03   2.7198e+02
20260807_14:00:00   1.1248e-01   3.3008e+01   2.7077e+00   0.0000e+00   2.8239e-03   2.7045e+02
20260807_15:00:00   1.1493e-01   3.3599e+01   2.7683e+00   0.0000e+00   4.5800e-03   2.7258e+02
20260807_16:00:00   1.1604e-01   3.3879e+01   2.7887e+00   0.0000e+00   2.0955e-03   2.7291e+02
20260807_17:00:00   1.2011e-01   3.4861e+01   2.8824e+00   0.0000e+00   7.5973e-04   2.7371e+02
20260807_18:00:00   1.2249e-01   3.5448e+01   2.9318e+00   0.0000e+00   2.2436e-04   2.7066e+02
20260807_19:00:00   1.2484e-01   3.6005e+01   2.9874e+00   0.0000e+00   3.1003e-04   2.7333e+02
20260807_20:00:00   1.2713e-01   3.6568e+01   3.0289e+00   0.0000e+00   1.8592e-04   2.7251e+02
20260807_21:00:00   1.3233e-01   3.7784e+01   3.1510e+00   0.0000e+00   9.8800e-05   2.7366e+02
20260807_22:00:00   1.3670e-01   3.8810e+01   3.2503e+00   0.0000e+00   3.6525e-04   2.7295e+02
20260807_23:00:00   1.4265e-01   4.0166e+01   3.3943e+00   0.0000e+00   8.6765e-04   2.7608e+02
20260808_00:00:00   1.4781e-01   4.1323e+01   3.5258e+00   0.0000e+00   1.4918e-03   2.7409e+02
20260808_01:00:00   1.4220e-01   4.0026e+01   3.3981e+00   0.0000e+00   1.2708e-03   2.7312e+02
20260808_02:00:00   1.3757e-01   3.8960e+01   3.2860e+00   0.0000e+00   3.0952e-03   2.7235e+02
20260808_03:00:00   1.3212e-01   3.7654e+01   3.1624e+00   0.0000e+00   1.1779e-02   2.7315e+02
20260808_04:00:00   1.2683e-01   3.6395e+01   3.0466e+00   0.0000e+00   1.5543e-02   2.7479e+02
20260808_05:00:00   1.2194e-01   3.5227e+01   2.9386e+00   0.0000e+00   1.0575e-02   2.7380e+02
20260808_06:00:00   1.1561e-01   3.3736e+01   2.7896e+00   0.0000e+00   1.0933e-02   2.7578e+02
20260808_07:00:00   1.1263e-01   3.2996e+01   2.7233e+00   0.0000e+00   1.2801e-02   2.7176e+02
20260808_08:00:00   1.0990e-01   3.2324e+01   2.6599e+00   0.0000e+00   1.4494e-02   2.7030e+02
20260808_09:00:00   1.0898e-01   3.2104e+01   2.6332e+00   0.0000e+00   1.2551e-02   2.6737e+02
20260808_10:00:00   1.0731e-01   3.1731e+01   2.5841e+00   0.0000e+00   5.6713e-03   2.7015e+02
20260808_11:00:00   1.0510e-01   3.1226e+01   2.5184e+00   0.0000e+00   2.1558e-03   2.7018e+02
20260808_12:00:00   1.0622e-01   3.1454e+01   2.5540e+00   0.0000e+00   2.2568e-03   2.7077e+02
20260808_13:00:00   1.0625e-01   3.1403e+01   2.5669e+00   0.0000e+00   5.0807e-03   2.7103e+02
20260808_14:00:00   1.0471e-01   3.1019e+01   2.5348e+00   0.0000e+00   3.5117e-03   2.7074e+02
20260808_15:00:00   1.0374e-01   3.0800e+01   2.5060e+00   0.0000e+00   1.6200e-03   2.7365e+02
20260808_16:00:00   1.0425e-01   3.0947e+01   2.5084e+00   0.0000e+00   1.1370e-03   2.7260e+02
20260808_17:00:00   1.0740e-01   3.1720e+01   2.5796e+00   0.0000e+00   1.3328e-03   2.7479e+02
20260808_18:00:00   1.1116e-01   3.2630e+01   2.6686e+00   0.0000e+00   1.0822e-03   2.7535e+02
20260808_19:00:00   1.1622e-01   3.3836e+01   2.7941e+00   0.0000e+00   9.2940e-04   2.7539e+02
20260808_20:00:00   1.1941e-01   3.4586e+01   2.8736e+00   0.0000e+00   2.4036e-03   2.7544e+02
20260808_21:00:00   1.1867e-01   3.4419e+01   2.8503e+00   0.0000e+00   6.1620e-03   2.7456e+02
20260808_22:00:00   1.1652e-01   3.3932e+01   2.7833e+00   0.0000e+00   1.4070e-02   2.7248e+02
20260808_23:00:00   1.1254e-01   3.3016e+01   2.6718e+00   0.0000e+00   2.0486e-02   2.7393e+02
20260809_00:00:00   1.0962e-01   3.2358e+01   2.5930e+00   0.0000e+00   1.7830e-02   2.7501e+02
20260809_01:00:00   1.0855e-01   3.2130e+01   2.5634e+00   0.0000e+00   9.4510e-03   2.7471e+02
20260809_02:00:00   1.0600e-01   3.1546e+01   2.4951e+00   0.0000e+00   4.3423e-03   2.7536e+02
20260809_03:00:00   1.0013e-01   3.0172e+01   2.3360e+00   0.0000e+00   1.9353e-03   2.7456e+02
20260809_04:00:00   1.0050e-01   3.0294e+01   2.3413e+00   0.0000e+00   1.2632e-03   2.7227e+02
20260809_05:00:00   1.0772e-01   3.2073e+01   2.5128e+00   0.0000e+00   9.2380e-04   2.7311e+02
20260809_06:00:00   1.0874e-01   3.2344e+01   2.5201e+00   0.0000e+00   9.1560e-04   2.7198e+02
20260809_07:00:00   1.0924e-01   3.2484e+01   2.5197e+00   0.0000e+00   1.1004e-03   2.7260e+02
20260809_08:00:00   1.2265e-01   3.5741e+01   2.8016e+00   0.0000e+00   1.3151e-03   2.7379e+02
20260809_09:00:00   1.3972e-01   3.9846e+01   3.1431e+00   0.0000e+00   9.1816e-04   2.7456e+02
20260809_10:00:00   1.5387e-01   4.3182e+01   3.4061e+00   0.0000e+00   5.0698e-04   2.7773e+02
20260809_11:00:00   1.6954e-01   4.6804e+01   3.7092e+00   0.0000e+00   2.4340e-04   2.7431e+02
20260809_12:00:00   1.7711e-01   4.8532e+01   3.8562e+00   0.0000e+00   8.8960e-05   2.7213e+02
20260809_13:00:00   1.8407e-01   5.0079e+01   3.9805e+00   0.0000e+00   1.5140e-04   2.7256e+02
20260809_14:00:00   1.9819e-01   5.3211e+01   4.2652e+00   0.0000e+00   8.3400e-04   2.7495e+02
20260809_15:00:00   2.2991e-01   6.0093e+01   4.8871e+00   0.0000e+00   1.1598e-03   2.7730e+02
20260809_16:00:00   2.4749e-01   6.3827e+01   5.2199e+00   0.0000e+00   1.8480e-03   2.7542e+02
20260809_17:00:00   2.5582e-01   6.5550e+01   5.3983e+00   0.0000e+00   2.2356e-03   2.7405e+02
20260809_18:00:00   2.6456e-01   6.7375e+01   5.5873e+00   0.0000e+00   1.8767e-03   2.7662e+02
20260809_19:00:00   2.7110e-01   6.8710e+01   5.7242e+00   0.0000e+00   1.8734e-03   2.7773e+02
20260809_20:00:00   2.8051e-01   7.0635e+01   5.9002e+00   0.0000e+00   2.4617e-03   2.7778e+02
20260809_21:00:00   3.0272e-01   7.5067e+01   6.2730e+00   0.0000e+00   2.2919e-03   2.7923e+02
20260809_22:00:00   3.2672e-01   7.9751e+01   6.6530e+00   5.2410e-04   2.2335e-03   2.7801e+02
20260809_23:00:00   3.4564e-01   8.3372e+01   6.9978e+00   8.8190e-04   2.0503e-03   2.7675e+02
20260810_00:00:00   3.3983e-01   8.2287e+01   6.9154e+00   4.5910e-04   2.0157e-03   2.7762e+02
20260810_01:00:00   3.3407e-01   8.1185e+01   6.8026e+00   9.9360e-04   1.9286e-03   2.7599e+02
20260810_02:00:00   3.1879e-01   7.8207e+01   6.5507e+00   5.7750e-04   1.9505e-03   2.7458e+02
20260810_03:00:00   2.9530e-01   7.3555e+01   6.1636e+00   1.5350e-06   1.7408e-03   2.7521e+02
20260810_04:00:00   2.5920e-01   6.6229e+01   5.5118e+00   0.0000e+00   1.8699e-03   2.7461e+02
20260810_05:00:00   2.2428e-01   5.8872e+01   4.8500e+00   0.0000e+00   1.7808e-03   2.7631e+02
20260810_06:00:00   2.0350e-01   5.4337e+01   4.4384e+00   0.0000e+00   2.5798e-03   2.7877e+02
20260810_07:00:00   1.8927e-01   5.1197e+01   4.1474e+00   0.0000e+00   2.7677e-03   2.8075e+02
20260810_08:00:00   1.8217e-01   4.9598e+01   3.9952e+00   0.0000e+00   3.2356e-03   2.7894e+02
20260810_09:00:00   1.7779e-01   4.8593e+01   3.9128e+00   0.0000e+00   3.4319e-03   2.7757e+02
20260810_10:00:00   1.7930e-01   4.8911e+01   3.9319e+00   0.0000e+00   3.2507e-03   2.7623e+02
20260810_11:00:00   1.7673e-01   4.8333e+01   3.8795e+00   0.0000e+00   2.3921e-03   2.7592e+02
20260810_12:00:00   1.7697e-01   4.8385e+01   3.8899e+00   0.0000e+00   2.3798e-03   2.7587e+02
20260810_13:00:00   1.7592e-01   4.8161e+01   3.8659e+00   0.0000e+00   2.3197e-03   2.7659e+02
20260810_14:00:00   1.8221e-01   4.9551e+01   4.0059e+00   0.0000e+00   2.6900e-03   2.7666e+02
20260810_15:00:00   1.8846e-01   5.0946e+01   4.1413e+00   0.0000e+00   3.0414e-03   2.7609e+02
20260810_16:00:00   1.9013e-01   5.1309e+01   4.1780e+00   0.0000e+00   3.0283e-03   2.7727e+02
20260810_17:00:00   1.8666e-01   5.0547e+01   4.0877e+00   0.0000e+00   2.9903e-03   2.7539e+02
20260810_18:00:00   1.8482e-01   5.0141e+01   4.0302e+00   0.0000e+00   1.9150e-03   2.7478e+02
20260810_19:00:00   1.7969e-01   4.9003e+01   3.9054e+00   0.0000e+00   1.1320e-03   2.7475e+02
20260810_20:00:00   1.7077e-01   4.7008e+01   3.6982e+00   0.0000e+00   3.1460e-04   2.7475e+02
20260810_21:00:00   1.6188e-01   4.5010e+01   3.4877e+00   6.2970e-06   1.0158e-04   2.7688e+02
20260810_22:00:00   1.5584e-01   4.3652e+01   3.3373e+00   2.7410e-04   4.3080e-05   2.7779e+02
20260810_23:00:00   1.6006e-01   4.4644e+01   3.3349e+00   1.4760e-03   1.0180e-05   2.8005e+02
20260811_00:00:00   1.6735e-01   4.6324e+01   3.5073e+00   8.6055e-04   9.7840e-06   2.7960e+02
20260811_01:00:00   1.7566e-01   4.8217e+01   3.6646e+00   1.4892e-03   1.0958e-06   2.7866e+02
20260811_02:00:00   1.7432e-01   4.7911e+01   3.6581e+00   1.2845e-03   5.7160e-06   2.7772e+02
20260811_03:00:00   1.7813e-01   4.8766e+01   3.6696e+00   2.7440e-03   2.7400e-06   2.7603e+02
20260811_04:00:00   1.8639e-01   5.0584e+01   3.7225e+00   5.1238e-03   7.1040e-06   2.7501e+02
20260811_05:00:00   1.6957e-01   4.6748e+01   3.6469e+00   0.0000e+00   5.2440e-06   2.7586e+02
20260811_06:00:00   1.4486e-01   4.1038e+01   3.1602e+00   0.0000e+00   0.0000e+00   2.7555e+02
20260811_07:00:00   1.2758e-01   3.6940e+01   2.8061e+00   0.0000e+00   0.0000e+00   2.7627e+02
20260811_08:00:00   1.1545e-01   3.4022e+01   2.5480e+00   0.0000e+00   0.0000e+00   2.7584e+02
20260811_09:00:00   1.0541e-01   3.1568e+01   2.3371e+00   0.0000e+00   0.0000e+00   2.7598e+02
20260811_10:00:00   9.6766e-02   2.9418e+01   2.1576e+00   0.0000e+00   0.0000e+00   2.7568e+02
20260811_11:00:00   9.1552e-02   2.8091e+01   2.0581e+00   0.0000e+00   0.0000e+00   2.7636e+02
20260811_12:00:00   8.4341e-02   2.6264e+01   1.9122e+00   0.0000e+00   0.0000e+00   2.7547e+02
20260811_13:00:00   8.1578e-02   2.5549e+01   1.8605e+00   0.0000e+00   0.0000e+00   2.7267e+02
20260811_14:00:00   7.9444e-02   2.5000e+01   1.8178e+00   0.0000e+00   0.0000e+00   2.7309e+02
20260811_15:00:00   7.6410e-02   2.4232e+01   1.7497e+00   0.0000e+00   0.0000e+00   2.7300e+02
20260811_16:00:00   7.4527e-02   2.3762e+01   1.7059e+00   0.0000e+00   0.0000e+00   2.7287e+02
20260811_17:00:00   7.3115e-02   2.3399e+01   1.6749e+00   0.0000e+00   0.0000e+00   2.7457e+02
20260811_18:00:00   7.1880e-02   2.3085e+01   1.6451e+00   0.0000e+00   7.8840e-06   2.7503e+02
20260811_19:00:00   7.0538e-02   2.2748e+01   1.6066e+00   0.0000e+00   6.5560e-06   2.7532e+02
20260811_20:00:00   6.8854e-02   2.2332e+01   1.5601e+00   0.0000e+00   0.0000e+00   2.7442e+02
20260811_21:00:00   6.8480e-02   2.2240e+01   1.5507e+00   0.0000e+00   1.4996e-05   2.7456e+02
20260811_22:00:00   6.9673e-02   2.2562e+01   1.5756e+00   0.0000e+00   4.5800e-06   2.7271e+02
20260811_23:00:00   7.2869e-02   2.3387e+01   1.6509e+00   1.3800e-05   4.4020e-05   2.7291e+02
20260812_00:00:00   7.6564e-02   2.4312e+01   1.7447e+00   0.0000e+00   9.7440e-04   2.7405e+02
20260812_01:00:00   7.9279e-02   2.4969e+01   1.8151e+00   0.0000e+00   5.4106e-03   2.7473e+02
20260812_02:00:00   7.9065e-02   2.4910e+01   1.8120e+00   0.0000e+00   6.4001e-03   2.7637e+02
20260812_03:00:00   7.6980e-02   2.4401e+01   1.7582e+00   0.0000e+00   3.3056e-03   2.7525e+02
20260812_04:00:00   6.8981e-02   2.2397e+01   1.5616e+00   0.0000e+00   1.9996e-03   2.7224e+02
20260812_05:00:00   6.2001e-02   2.0634e+01   1.3831e+00   0.0000e+00   1.2426e-03   2.7449e+02
20260812_06:00:00   5.7911e-02   1.9615e+01   1.2697e+00   0.0000e+00   4.4360e-05   2.7577e+02
20260812_09:00:00   5.2553e-02   1.8308e+01   1.1020e+00   0.0000e+00   3.9860e-06   2.8265e+02
20260812_12:00:00   5.1450e-02   1.8030e+01   1.0648e+00   0.0000e+00   2.8960e-03   2.8240e+02
20260812_15:00:00   5.1240e-02   1.7961e+01   1.0640e+00   0.0000e+00   3.7139e-03   2.8094e+02
20260812_18:00:00   4.4433e-02   1.6196e+01   8.8629e-01   0.0000e+00   1.9264e-04   2.8493e+02
20260812_21:00:00   4.4766e-02   1.6269e+01   9.0402e-01   0.0000e+00   7.9360e-05   2.8337e+02
20260813_00:00:00   5.1583e-02   1.8065e+01   1.0859e+00   0.0000e+00   1.2739e-03   2.8342e+02
20260813_03:00:00   5.5434e-02   1.9045e+01   1.1963e+00   0.0000e+00   0.0000e+00   2.8016e+02
20260813_06:00:00   5.8947e-02   1.9972e+01   1.2847e+00   0.0000e+00   0.0000e+00   2.8406e+02
20260813_09:00:00   7.4907e-02   2.4074e+01   1.6688e+00   0.0000e+00   0.0000e+00   2.8237e+02
20260813_12:00:00   9.1148e-02   2.8144e+01   2.0463e+00   0.0000e+00   0.0000e+00   2.7962e+02
20260813_15:00:00   9.3897e-02   2.8823e+01   2.1068e+00   0.0000e+00   2.8620e-04   2.7695e+02
20260813_18:00:00   1.0174e-01   3.0736e+01   2.3123e+00   0.0000e+00   2.1140e-04   2.7741e+02
20260813_21:00:00   1.0720e-01   3.2063e+01   2.4265e+00   0.0000e+00   3.0282e-03   2.7822e+02
20260814_00:00:00   1.3180e-01   3.7946e+01   2.9747e+00   0.0000e+00   1.0116e-04   2.7673e+02
20260814_03:00:00   1.1889e-01   3.4893e+01   2.6790e+00   0.0000e+00   2.2340e-03   2.7468e+02
20260814_06:00:00   1.1121e-01   3.3073e+01   2.4994e+00   0.0000e+00   3.2020e-03   2.7598e+02
20260814_09:00:00   1.1837e-01   3.4729e+01   2.6557e+00   0.0000e+00   6.9203e-04   2.8038e+02
20260814_12:00:00   1.0265e-01   3.0922e+01   2.2987e+00   0.0000e+00   1.3344e-03   2.7736e+02
20260814_15:00:00   9.9622e-02   3.0197e+01   2.2332e+00   0.0000e+00   8.8020e-04   2.7464e+02
20260814_18:00:00   1.0753e-01   3.2136e+01   2.4175e+00   0.0000e+00   6.7380e-04   2.7906e+02
20260814_21:00:00   1.1157e-01   3.3106e+01   2.5124e+00   0.0000e+00   9.7540e-05   2.8242e+02
20260815_00:00:00   1.3987e-01   3.9823e+01   3.1147e+00   0.0000e+00   4.9300e-06   2.7788e+02
20260815_03:00:00   1.1905e-01   3.4910e+01   2.7087e+00   0.0000e+00   0.0000e+00   2.7395e+02
20260815_06:00:00   1.1183e-01   3.3197e+01   2.5343e+00   0.0000e+00   0.0000e+00   2.7762e+02
20260815_09:00:00   1.1169e-01   3.3185e+01   2.5147e+00   0.0000e+00   0.0000e+00   2.7993e+02
20260815_12:00:00   1.1374e-01   3.3651e+01   2.5600e+00   0.0000e+00   0.0000e+00   2.7870e+02
20260815_15:00:00   1.0879e-01   3.2471e+01   2.4265e+00   0.0000e+00   0.0000e+00   2.7454e+02
20260815_18:00:00   1.0586e-01   3.1792e+01   2.3617e+00   0.0000e+00   0.0000e+00   2.7658e+02
20260815_21:00:00   9.6400e-02   2.9490e+01   2.1514e+00   0.0000e+00   0.0000e+00   2.7832e+02
20260816_00:00:00   1.0490e-01   3.1597e+01   2.3302e+00   0.0000e+00   0.0000e+00   2.7676e+02
20260816_03:00:00   9.6019e-02   2.9405e+01   2.1591e+00   0.0000e+00   0.0000e+00   2.7533e+02
20260816_06:00:00   8.7385e-02   2.7267e+01   1.9628e+00   0.0000e+00   0.0000e+00   2.7743e+02
20260816_09:00:00   8.4148e-02   2.6459e+01   1.8894e+00   0.0000e+00   4.3260e-05   2.7839e+02
20260816_12:00:00   8.6534e-02   2.7033e+01   1.9508e+00   0.0000e+00   1.1306e-03   2.7692e+02
20260816_15:00:00   8.3734e-02   2.6330e+01   1.8801e+00   0.0000e+00   5.8223e-04   2.7466e+02
20260816_18:00:00   8.5196e-02   2.6695e+01   1.9097e+00   0.0000e+00   0.0000e+00   2.7822e+02
20260816_21:00:00   9.0179e-02   2.7942e+01   2.0250e+00   0.0000e+00   0.0000e+00   2.7957e+02
20260817_00:00:00   9.6004e-02   2.9384e+01   2.1657e+00   0.0000e+00   2.7040e-06   2.7676e+02
20260817_03:00:00   9.0519e-02   2.8064e+01   2.0442e+00   0.0000e+00   0.0000e+00   2.7728e+02
20260817_06:00:00   9.4235e-02   2.8915e+01   2.1407e+00   0.0000e+00   0.0000e+00   2.7959e+02
20260817_09:00:00   9.4070e-02   2.8864e+01   2.1460e+00   0.0000e+00   0.0000e+00   2.7854e+02
20260817_12:00:00   9.0003e-02   2.7875e+01   2.0393e+00   0.0000e+00   0.0000e+00   2.7797e+02
20260817_15:00:00   7.7450e-02   2.4756e+01   1.7184e+00   0.0000e+00   0.0000e+00   2.7931e+02
20260817_18:00:00   6.8699e-02   2.2472e+01   1.5178e+00   0.0000e+00   0.0000e+00   2.8129e+02
20260817_21:00:00   6.9208e-02   2.2602e+01   1.5316e+00   0.0000e+00   2.3660e-05   2.8178e+02
20260818_00:00:00   6.9546e-02   2.2708e+01   1.5235e+00   0.0000e+00   0.0000e+00   2.8078e+02
20260818_03:00:00   6.8525e-02   2.2509e+01   1.4830e+00   0.0000e+00   0.0000e+00   2.7769e+02
20260818_06:00:00   6.1225e-02   2.0548e+01   1.3333e+00   0.0000e+00   9.8460e-06   2.7722e+02
20260818_09:00:00   5.9944e-02   2.0168e+01   1.3169e+00   0.0000e+00   6.6420e-07   2.7832e+02
20260818_12:00:00   5.8229e-02   1.9719e+01   1.2733e+00   0.0000e+00   0.0000e+00   2.7462e+02
20260818_15:00:00   5.9477e-02   2.0044e+01   1.2960e+00   0.0000e+00   0.0000e+00   2.7422e+02
20260818_18:00:00   5.9653e-02   2.0048e+01   1.3139e+00   0.0000e+00   0.0000e+00   2.7468e+02
20260818_21:00:00   6.2359e-02   2.0667e+01   1.4085e+00   0.0000e+00   0.0000e+00   2.7723e+02
20260819_00:00:00   7.1255e-02   2.2902e+01   1.6423e+00   0.0000e+00   0.0000e+00   2.7450e+02
20260819_03:00:00   7.5886e-02   2.4184e+01   1.4902e+00   4.1040e-03   0.0000e+00   2.7484e+02
20260819_06:00:00   6.2059e-02   2.0657e+01   1.3799e+00   0.0000e+00   0.0000e+00   2.7709e+02
20260819_09:00:00   5.9711e-02   2.0051e+01   1.3206e+00   0.0000e+00   0.0000e+00   2.8006e+02
20260819_12:00:00   6.0965e-02   2.0372e+01   1.3476e+00   0.0000e+00   0.0000e+00   2.8102e+02
20260819_15:00:00   6.1428e-02   2.0534e+01   1.3380e+00   0.0000e+00   0.0000e+00   2.7964e+02
20260819_18:00:00   7.9541e-02   2.5173e+01   1.7644e+00   0.0000e+00   0.0000e+00   2.8139e+02
20260819_21:00:00   1.3408e-01   3.8607e+01   2.9371e+00   0.0000e+00   0.0000e+00   2.8009e+02
20260820_00:00:00   1.4784e-01   4.1799e+01   3.2489e+00   2.3210e-04   0.0000e+00   2.7677e+02
20260820_03:00:00   2.6740e-01   6.8476e+01   3.7759e+00   3.6655e-02   0.0000e+00   2.7639e+02
20260820_06:00:00   3.7613e-01   8.9719e+01   5.4625e+00   4.4000e-02   0.0000e+00   2.7608e+02
20260820_09:00:00   4.0420e-01   9.4780e+01   6.1748e+00   3.8094e-02   0.0000e+00   2.7458e+02
20260820_12:00:00   3.0080e-01   7.5096e+01   4.4119e+00   3.5872e-02   0.0000e+00   2.7499e+02
20260820_15:00:00   1.7370e-01   4.7833e+01   3.4980e+00   4.0323e-03   0.0000e+00   2.7341e+02
20260820_18:00:00   1.3247e-01   3.8196e+01   2.8770e+00   0.0000e+00   0.0000e+00   2.7381e+02
20260820_21:00:00   1.2299e-01   3.5843e+01   2.7401e+00   0.0000e+00   0.0000e+00   2.7536e+02
20260821_00:00:00   2.3982e-01   6.2327e+01   4.4912e+00   1.3355e-02   5.4780e-07   2.7431e+02
20260821_03:00:00   5.3289e-01   1.1633e+02   8.1613e+00   5.6549e-02   4.1899e-06   2.7335e+02
20260821_06:00:00   5.6442e-01   1.2146e+02   7.5159e+00   7.9990e-02   3.6174e-03   2.7552e+02
20260821_09:00:00   2.8188e-01   7.0897e+01   6.0367e+00   0.0000e+00   2.2376e-04   2.7637e+02
20260821_12:00:00   2.8888e-01   7.2154e+01   6.1968e+00   0.0000e+00   3.6940e-05   2.7787e+02
20260821_15:00:00   2.9568e-01   7.3506e+01   6.3003e+00   0.0000e+00   5.3240e-05   2.7700e+02
20260821_18:00:00   2.8585e-01   7.1569e+01   6.0780e+00   0.0000e+00   1.1914e-04   2.7743e+02
20260821_21:00:00   2.8266e-01   7.1011e+01   6.0282e+00   0.0000e+00   3.0660e-05   2.7813e+02
20260822_00:00:00   3.7005e-01   8.8276e+01   6.4350e+00   2.6900e-02   1.3144e-04   2.7624e+02
20260822_03:00:00   4.1275e-01   9.5787e+01   7.7573e+00   1.7330e-02   0.0000e+00   2.7484e+02
20260822_06:00:00   3.8554e-01   9.0908e+01   7.3219e+00   1.1882e-02   0.0000e+00   2.7572e+02
20260822_09:00:00   4.1210e-01   9.5618e+01   7.1487e+00   2.5734e-02   6.8180e-05   2.7774e+02
20260822_12:00:00   3.3560e-01   8.1316e+01   6.8512e+00   0.0000e+00   0.0000e+00   2.7659e+02
20260822_15:00:00   2.9765e-01   7.3846e+01   6.1595e+00   0.0000e+00   1.1160e-03   2.7484e+02
20260822_18:00:00   2.7405e-01   6.9112e+01   5.7318e+00   0.0000e+00   0.0000e+00   2.7853e+02
20260822_21:00:00   2.7532e-01   6.9391e+01   5.7535e+00   0.0000e+00   0.0000e+00   2.8052e+02
20260823_00:00:00   3.8311e-01   9.0033e+01   7.3692e+00   1.2820e-02   1.1362e-05   2.7678e+02
20260823_03:00:00   3.9939e-01   9.3299e+01   6.6641e+00   3.1100e-02   7.5514e-06   2.7481e+02
20260823_06:00:00   4.1970e-01   9.6615e+01   6.4990e+00   4.3467e-02   1.5726e-03   2.7685e+02
