#            date       tau255        Tb[K]      pwv[mm] lwp[kg*m^-2] iwp[kg*m^-2]       o3[DU]
20260726_00:00:00   4.5757e-02   1.6569e+01   9.0076e-01   0.0000e+00   0.0000e+00   2.6629e+02
20260726_01:00:00   4.5805e-02   1.6574e+01   9.0348e-01   0.0000e+00   0.0000e+00   2.6547e+02
20260726_02:00:00   4.6428e-02   1.6735e+01   9.1966e-01   0.0000e+00   0.0000e+00   2.7013e+02
20260726_03:00:00   4.6301e-02   1.6703e+01   9.1620e-01   0.0000e+00   1.1990e-06   2.7649e+02
20260726_04:00:00   4.5615e-02   1.6524e+01   8.9781e-01   0.0000e+00   0.0000e+00   2.7699e+02
20260726_05:00:00   4.6590e-02   1.6767e+01   9.2750e-01   0.0000e+00   0.0000e+00   2.7520e+02
20260726_06:00:00   4.8061e-02   1.7139e+01   9.6965e-01   0.0000e+00   5.9950e-07   2.7502e+02
20260726_07:00:00   4.7453e-02   1.7005e+01   9.4572e-01   0.0000e+00   4.4080e-07   2.7245e+02
20260726_08:00:00   4.6735e-02   1.6838e+01   9.1949e-01   0.0000e+00   0.0000e+00   2.7332e+02
20260726_09:00:00   4.6413e-02   1.6750e+01   9.1255e-01   0.0000e+00   0.0000e+00   2.7644e+02
20260726_10:00:00   4.6900e-02   1.6872e+01   9.2975e-01   0.0000e+00   0.0000e+00   2.7472e+02
20260726_11:00:00   4.7857e-02   1.7107e+01   9.6108e-01   0.0000e+00   0.0000e+00   2.7477e+02
20260726_12:00:00   4.8652e-02   1.7308e+01   9.8474e-01   0.0000e+00   0.0000e+00   2.7548e+02
20260726_13:00:00   4.8999e-02   1.7406e+01   9.9125e-01   0.0000e+00   0.0000e+00   2.7460e+02
20260726_14:00:00   4.9600e-02   1.7566e+01   1.0045e+00   0.0000e+00   0.0000e+00   2.7454e+02
20260726_15:00:00   5.1363e-02   1.8009e+01   1.0544e+00   0.0000e+00   0.0000e+00   2.7787e+02
20260726_16:00:00   5.3385e-02   1.8523e+01   1.1089e+00   0.0000e+00   0.0000e+00   2.7674e+02
20260726_17:00:00   5.4272e-02   1.8762e+01   1.1267e+00   0.0000e+00   0.0000e+00   2.7597e+02
20260726_18:00:00   5.5292e-02   1.9024e+01   1.1532e+00   0.0000e+00   0.0000e+00   2.7478e+02
20260726_19:00:00   5.6840e-02   1.9411e+01   1.1988e+00   0.0000e+00   0.0000e+00   2.7592e+02
20260726_20:00:00   5.8406e-02   1.9805e+01   1.2402e+00   0.0000e+00   0.0000e+00   2.7325e+02
20260726_21:00:00   5.9373e-02   2.0048e+01   1.2676e+00   0.0000e+00   0.0000e+00   2.7258e+02
20260726_22:00:00   5.9679e-02   2.0138e+01   1.2730e+00   0.0000e+00   0.0000e+00   2.7263e+02
20260726_23:00:00   6.0393e-02   2.0328e+01   1.2884e+00   0.0000e+00   0.0000e+00   2.7178e+02
20260727_00:00:00   6.0456e-02   2.0355e+01   1.2911e+00   0.0000e+00   0.0000e+00   2.6947e+02
20260727_01:00:00   6.0566e-02   2.0386e+01   1.2942e+00   0.0000e+00   0.0000e+00   2.6757e+02
20260727_02:00:00   6.1040e-02   2.0523e+01   1.3050e+00   0.0000e+00   0.0000e+00   2.6711e+02
20260727_03:00:00   6.2507e-02   2.0913e+01   1.3395e+00   0.0000e+00   0.0000e+00   2.6388e+02
20260727_04:00:00   6.2466e-02   2.0910e+01   1.3382e+00   0.0000e+00   0.0000e+00   2.6524e+02
20260727_05:00:00   6.0291e-02   2.0344e+01   1.2856e+00   0.0000e+00   0.0000e+00   2.6575e+02
20260727_06:00:00   6.0100e-02   2.0285e+01   1.2795e+00   0.0000e+00   0.0000e+00   2.6502e+02
20260727_07:00:00   5.9809e-02   2.0220e+01   1.2674e+00   0.0000e+00   0.0000e+00   2.6569e+02
20260727_08:00:00   5.9365e-02   2.0108e+01   1.2558e+00   0.0000e+00   0.0000e+00   2.7038e+02
20260727_09:00:00   5.9681e-02   2.0187e+01   1.2628e+00   0.0000e+00   0.0000e+00   2.7409e+02
20260727_10:00:00   5.9579e-02   2.0156e+01   1.2626e+00   0.0000e+00   0.0000e+00   2.7489e+02
20260727_11:00:00   5.8338e-02   1.9842e+01   1.2307e+00   0.0000e+00   0.0000e+00   2.7484e+02
20260727_12:00:00   5.7772e-02   1.9694e+01   1.2164e+00   0.0000e+00   0.0000e+00   2.7544e+02
20260727_13:00:00   5.7047e-02   1.9502e+01   1.1967e+00   0.0000e+00   0.0000e+00   2.7544e+02
20260727_14:00:00   5.5847e-02   1.9194e+01   1.1648e+00   0.0000e+00   0.0000e+00   2.7320e+02
20260727_15:00:00   5.5075e-02   1.8999e+01   1.1437e+00   0.0000e+00   0.0000e+00   2.7491e+02
20260727_16:00:00   5.4689e-02   1.8899e+01   1.1322e+00   0.0000e+00   0.0000e+00   2.7633e+02
20260727_17:00:00   5.5144e-02   1.9018e+01   1.1399e+00   0.0000e+00   0.0000e+00   2.7998e+02
20260727_18:00:00   5.4476e-02   1.8861e+01   1.1181e+00   0.0000e+00   0.0000e+00   2.8121e+02
20260727_19:00:00   5.4471e-02   1.8856e+01   1.1200e+00   0.0000e+00   0.0000e+00   2.8090e+02
20260727_20:00:00   5.4398e-02   1.8836e+01   1.1150e+00   0.0000e+00   0.0000e+00   2.7929e+02
20260727_21:00:00   5.3765e-02   1.8677e+01   1.0997e+00   0.0000e+00   0.0000e+00   2.7692e+02
20260727_22:00:00   5.4087e-02   1.8782e+01   1.1033e+00   0.0000e+00   0.0000e+00   2.7885e+02
20260727_23:00:00   5.5388e-02   1.9132e+01   1.1338e+00   0.0000e+00   0.0000e+00   2.7949e+02
20260728_00:00:00   5.6749e-02   1.9485e+01   1.1662e+00   0.0000e+00   0.0000e+00   2.7776e+02
20260728_01:00:00   5.6617e-02   1.9457e+01   1.1648e+00   0.0000e+00   0.0000e+00   2.7288e+02
20260728_02:00:00   5.6517e-02   1.9429e+01   1.1641e+00   0.0000e+00   0.0000e+00   2.7105e+02
20260728_03:00:00   5.4901e-02   1.9010e+01   1.1246e+00   0.0000e+00   0.0000e+00   2.6992e+02
20260728_04:00:00   5.1884e-02   1.8218e+01   1.0505e+00   0.0000e+00   0.0000e+00   2.6979e+02
20260728_05:00:00   4.9838e-02   1.7679e+01   9.9906e-01   0.0000e+00   0.0000e+00   2.7004e+02
20260728_06:00:00   4.8051e-02   1.7197e+01   9.5616e-01   0.0000e+00   0.0000e+00   2.6914e+02
20260728_07:00:00   4.8290e-02   1.7242e+01   9.6629e-01   0.0000e+00   0.0000e+00   2.6681e+02
20260728_08:00:00   4.8029e-02   1.7148e+01   9.6673e-01   0.0000e+00   0.0000e+00   2.6872e+02
20260728_09:00:00   4.7365e-02   1.6956e+01   9.5393e-01   0.0000e+00   8.7740e-05   2.6989e+02
20260728_10:00:00   4.7934e-02   1.7097e+01   9.7123e-01   0.0000e+00   7.7040e-05   2.7015e+02
20260728_11:00:00   4.7782e-02   1.7057e+01   9.6899e-01   0.0000e+00   2.0740e-04   2.7005e+02
20260728_12:00:00   4.9722e-02   1.7573e+01   1.0172e+00   0.0000e+00   2.1280e-04   2.6952e+02
20260728_13:00:00   5.1984e-02   1.8163e+01   1.0731e+00   0.0000e+00   7.1680e-05   2.6928e+02
20260728_14:00:00   5.4479e-02   1.8814e+01   1.1364e+00   0.0000e+00   1.3564e-05   2.6903e+02
20260728_15:00:00   5.8215e-02   1.9779e+01   1.2304e+00   0.0000e+00   4.4900e-05   2.6947e+02
20260728_16:00:00   6.3153e-02   2.1048e+01   1.3563e+00   0.0000e+00   1.2510e-04   2.7235e+02
20260728_17:00:00   6.7814e-02   2.2238e+01   1.4741e+00   0.0000e+00   3.9460e-04   2.7574e+02
20260728_18:00:00   7.0673e-02   2.2964e+01   1.5466e+00   0.0000e+00   3.0620e-04   2.7625e+02
20260728_19:00:00   6.9015e-02   2.2524e+01   1.5128e+00   0.0000e+00   1.7374e-04   2.7582e+02
20260728_20:00:00   6.7128e-02   2.2030e+01   1.4688e+00   0.0000e+00   8.2180e-05   2.7542e+02
20260728_21:00:00   6.4556e-02   2.1372e+01   1.4076e+00   0.0000e+00   2.8480e-05   2.7605e+02
20260728_22:00:00   7.0225e-02   2.2857e+01   1.5321e+00   0.0000e+00   0.0000e+00   2.7595e+02
20260728_23:00:00   7.1556e-02   2.3201e+01   1.5621e+00   9.3130e-06   0.0000e+00   2.7509e+02
20260729_00:00:00   1.1375e-01   3.3846e+01   1.9369e+00   1.0040e-02   0.0000e+00   2.7029e+02
20260729_01:00:00   1.5991e-01   4.4888e+01   2.4270e+00   1.9260e-02   0.0000e+00   2.7276e+02
20260729_02:00:00   1.2716e-01   3.7009e+01   2.6907e+00   1.6920e-03   0.0000e+00   2.7153e+02
20260729_03:00:00   1.2452e-01   3.6338e+01   2.7442e+00   1.0570e-05   0.0000e+00   2.7137e+02
20260729_04:00:00   1.2076e-01   3.5354e+01   2.5950e+00   2.2270e-03   0.0000e+00   2.7271e+02
20260729_05:00:00   1.1866e-01   3.4775e+01   2.4249e+00   5.1900e-03   0.0000e+00   2.7285e+02
20260729_06:00:00   1.1756e-01   3.4470e+01   2.2500e+00   8.4470e-03   0.0000e+00   2.7352e+02
20260729_07:00:00   1.2128e-01   3.5311e+01   2.3399e+00   8.6500e-03   0.0000e+00   2.7632e+02
20260729_08:00:00   1.1988e-01   3.4952e+01   2.4004e+00   6.9960e-03   0.0000e+00   2.7645e+02
20260729_09:00:00   1.0167e-01   3.0430e+01   2.3741e+00   3.3760e-04   0.0000e+00   2.7542e+02
20260729_10:00:00   9.5707e-02   2.8930e+01   2.2598e+00   0.0000e+00   0.0000e+00   2.7365e+02
20260729_11:00:00   9.3057e-02   2.8247e+01   2.2002e+00   0.0000e+00   0.0000e+00   2.7281e+02
20260729_12:00:00   8.9768e-02   2.7449e+01   2.1111e+00   0.0000e+00   0.0000e+00   2.7118e+02
20260729_13:00:00   8.8268e-02   2.7041e+01   2.0786e+00   0.0000e+00   0.0000e+00   2.7244e+02
20260729_14:00:00   8.4271e-02   2.6088e+01   1.9641e+00   0.0000e+00   0.0000e+00   2.7445e+02
20260729_15:00:00   8.4340e-02   2.6080e+01   1.9718e+00   0.0000e+00   0.0000e+00   2.7369e+02
20260729_16:00:00   8.7456e-02   2.6824e+01   2.0562e+00   0.0000e+00   0.0000e+00   2.7435e+02
20260729_17:00:00   8.8450e-02   2.7064e+01   2.0798e+00   0.0000e+00   0.0000e+00   2.7507e+02
20260729_18:00:00   8.9212e-02   2.7255e+01   2.0966e+00   0.0000e+00   0.0000e+00   2.7534e+02
20260729_19:00:00   8.9778e-02   2.7410e+01   2.1042e+00   0.0000e+00   0.0000e+00   2.7425e+02
20260729_20:00:00   9.1659e-02   2.7889e+01   2.1409e+00   0.0000e+00   0.0000e+00   2.7421e+02
20260729_21:00:00   9.7171e-02   2.9293e+01   2.2516e+00   0.0000e+00   0.0000e+00   2.7324e+02
20260729_22:00:00   1.1010e-01   3.2457e+01   2.5240e+00   4.9820e-04   0.0000e+00   2.7449e+02
20260729_23:00:00   1.2675e-01   3.6508e+01   2.7976e+00   2.0120e-03   2.7040e-06   2.7553e+02
20260730_00:00:00   1.6176e-01   4.4625e+01   3.4965e+00   3.8414e-03   2.9600e-05   2.7553e+02
20260730_01:00:00   2.0314e-01   5.3826e+01   4.1594e+00   9.3720e-03   3.5280e-05   2.7551e+02
20260730_02:00:00   2.0500e-01   5.4127e+01   4.6711e+00   6.8960e-04   3.0480e-05   2.7540e+02
20260730_03:00:00   2.3361e-01   6.0267e+01   5.2540e+00   9.6320e-04   5.4080e-06   2.7416e+02
20260730_04:00:00   2.4441e-01   6.2540e+01   5.5044e+00   0.0000e+00   0.0000e+00   2.7287e+02
20260730_05:00:00   2.4434e-01   6.2583e+01   5.4766e+00   0.0000e+00   0.0000e+00   2.7259e+02
20260730_06:00:00   2.5268e-01   6.4341e+01   5.6188e+00   0.0000e+00   0.0000e+00   2.7452e+02
20260730_07:00:00   2.5482e-01   6.4865e+01   5.6325e+00   0.0000e+00   0.0000e+00   2.7632e+02
20260730_08:00:00   2.6811e-01   6.7620e+01   5.8625e+00   0.0000e+00   0.0000e+00   2.7813e+02
20260730_09:00:00   2.7080e-01   6.8214e+01   5.8606e+00   0.0000e+00   0.0000e+00   2.7769e+02
20260730_10:00:00   2.5960e-01   6.5840e+01   5.6550e+00   0.0000e+00   0.0000e+00   2.7682e+02
20260730_11:00:00   2.3741e-01   6.1110e+01   5.2562e+00   0.0000e+00   0.0000e+00   2.7548e+02
20260730_12:00:00   2.0929e-01   5.4994e+01   4.7201e+00   0.0000e+00   0.0000e+00   2.7618e+02
20260730_13:00:00   1.9295e-01   5.1320e+01   4.4057e+00   0.0000e+00   0.0000e+00   2.7704e+02
20260730_14:00:00   1.7833e-01   4.8027e+01   4.1123e+00   0.0000e+00   0.0000e+00   2.7868e+02
20260730_15:00:00   1.7290e-01   4.6755e+01   4.0093e+00   0.0000e+00   0.0000e+00   2.7832e+02
20260730_16:00:00   1.7604e-01   4.7414e+01   4.0866e+00   0.0000e+00   0.0000e+00   2.7639e+02
20260730_17:00:00   1.8043e-01   4.8398e+01   4.1890e+00   0.0000e+00   0.0000e+00   2.7646e+02
20260730_18:00:00   1.8822e-01   5.0115e+01   4.3646e+00   0.0000e+00   5.1360e-05   2.7529e+02
20260730_19:00:00   1.8957e-01   5.0383e+01   4.4052e+00   0.0000e+00   7.8340e-04   2.7608e+02
20260730_20:00:00   1.8704e-01   4.9805e+01   4.3623e+00   0.0000e+00   1.8560e-04   2.7793e+02
20260730_21:00:00   1.8228e-01   4.8730e+01   4.2713e+00   0.0000e+00   5.4780e-07   2.7942e+02
20260730_22:00:00   1.7781e-01   4.7754e+01   4.1754e+00   0.0000e+00   0.0000e+00   2.7847e+02
20260730_23:00:00   1.7698e-01   4.7578e+01   4.1546e+00   0.0000e+00   1.8518e-05   2.8042e+02
20260731_00:00:00   1.7999e-01   4.8217e+01   4.2235e+00   0.0000e+00   5.6214e-04   2.8010e+02
20260731_03:00:00   1.7591e-01   4.7286e+01   4.1551e+00   0.0000e+00   1.6347e-04   2.8006e+02
20260731_06:00:00   1.7727e-01   4.7620e+01   4.1452e+00   0.0000e+00   0.0000e+00   2.7937e+02
20260731_09:00:00   1.9038e-01   5.0575e+01   4.3618e+00   0.0000e+00   0.0000e+00   2.7942e+02
20260731_12:00:00   1.8628e-01   4.9688e+01   4.2261e+00   0.0000e+00   0.0000e+00   2.7988e+02
20260731_15:00:00   1.7140e-01   4.6292e+01   3.9260e+00   0.0000e+00   0.0000e+00   2.8215e+02
20260731_18:00:00   1.6563e-01   4.4968e+01   3.8359e+00   0.0000e+00   0.0000e+00   2.8408e+02
20260731_21:00:00   1.6760e-01   4.5464e+01   3.8955e+00   0.0000e+00   0.0000e+00   2.8431e+02
20260801_00:00:00   1.5990e-01   4.3747e+01   3.7154e+00   0.0000e+00   0.0000e+00   2.8523e+02
20260801_03:00:00   1.3091e-01   3.7056e+01   3.0880e+00   0.0000e+00   0.0000e+00   2.8583e+02
20260801_06:00:00   1.2126e-01   3.4796e+01   2.8775e+00   0.0000e+00   0.0000e+00   2.8956e+02
20260801_09:00:00   1.1270e-01   3.2730e+01   2.6774e+00   0.0000e+00   0.0000e+00   2.8915e+02
20260801_12:00:00   1.1452e-01   3.3153e+01   2.7172e+00   0.0000e+00   0.0000e+00   2.8443e+02
20260801_15:00:00   1.1714e-01   3.3741e+01   2.7955e+00   0.0000e+00   0.0000e+00   2.8522e+02
20260801_18:00:00   1.2167e-01   3.4764e+01   2.9210e+00   0.0000e+00   0.0000e+00   2.8648e+02
20260801_21:00:00   1.2331e-01   3.5153e+01   2.9635e+00   0.0000e+00   0.0000e+00   2.8849e+02
20260802_00:00:00   1.2310e-01   3.5125e+01   2.9683e+00   0.0000e+00   0.0000e+00   2.8738e+02
20260802_03:00:00   1.2294e-01   3.5129e+01   2.9680e+00   0.0000e+00   0.0000e+00   2.8488e+02
20260802_06:00:00   1.2100e-01   3.4726e+01   2.9095e+00   0.0000e+00   7.4480e-04   2.8728e+02
20260802_09:00:00   1.1954e-01   3.4423e+01   2.8547e+00   0.0000e+00   0.0000e+00   2.9137e+02
20260802_12:00:00   1.2093e-01   3.4748e+01   2.8785e+00   0.0000e+00   2.6220e-05   2.8723e+02
20260802_15:00:00   1.1928e-01   3.4354e+01   2.8400e+00   0.0000e+00   5.4780e-07   2.8628e+02
20260802_18:00:00   1.2290e-01   3.5164e+01   2.9353e+00   0.0000e+00   5.4080e-06   2.8716e+02
20260802_21:00:00   1.2537e-01   3.5661e+01   3.0244e+00   0.0000e+00   0.0000e+00   2.8539e+02
20260803_00:00:00   1.3423e-01   3.7716e+01   3.2422e+00   2.9570e-05   0.0000e+00   2.8355e+02
20260803_03:00:00   1.3533e-01   3.7993e+01   3.2785e+00   0.0000e+00   0.0000e+00   2.7926e+02
20260803_06:00:00   1.2541e-01   3.5715e+01   3.0360e+00   0.0000e+00   0.0000e+00   2.7898e+02
20260803_09:00:00   1.2211e-01   3.4925e+01   2.9508e+00   0.0000e+00   0.0000e+00   2.7992e+02
20260803_12:00:00   1.2384e-01   3.5226e+01   3.0132e+00   0.0000e+00   5.4080e-06   2.8175e+02
20260803_15:00:00   1.2938e-01   3.6493e+01   3.1515e+00   0.0000e+00   3.7860e-05   2.8045e+02
20260803_18:00:00   1.2281e-01   3.4993e+01   2.9940e+00   0.0000e+00   1.2396e-03   2.8099e+02
20260803_21:00:00   1.1619e-01   3.3448e+01   2.8436e+00   0.0000e+00   2.1360e-03   2.8259e+02
20260804_00:00:00   1.2270e-01   3.4890e+01   3.0305e+00   0.0000e+00   3.2800e-03   2.8301e+02
20260804_03:00:00   1.2035e-01   3.4383e+01   2.9847e+00   0.0000e+00   7.0000e-04   2.7794e+02
20260804_06:00:00   1.1028e-01   3.2031e+01   2.7230e+00   0.0000e+00   4.3021e-05   2.8049e+02
20260804_09:00:00   1.0773e-01   3.1343e+01   2.6790e+00   0.0000e+00   3.2854e-03   2.8024e+02
20260804_12:00:00   1.0942e-01   3.1748e+01   2.7186e+00   0.0000e+00   1.5332e-04   2.8199e+02
20260804_15:00:00   1.1319e-01   3.2617e+01   2.8051e+00   0.0000e+00   0.0000e+00   2.8109e+02
20260804_18:00:00   1.2202e-01   3.4528e+01   3.0694e+00   0.0000e+00   3.9340e-05   2.8152e+02
20260804_21:00:00   1.2129e-01   3.4397e+01   3.0565e+00   0.0000e+00   3.2906e-03   2.8208e+02
20260805_00:00:00   1.3686e-01   3.8026e+01   3.4390e+00   0.0000e+00   1.0012e-04   2.7666e+02
20260805_03:00:00   1.4987e-01   4.1098e+01   3.7551e+00   7.2070e-05   1.9107e-03   2.7771e+02
20260805_06:00:00   1.7337e-01   4.6538e+01   4.2496e+00   0.0000e+00   1.2174e-03   2.7971e+02
20260805_09:00:00   2.1358e-01   5.5291e+01   5.2045e+00   0.0000e+00   4.5747e-03   2.7625e+02
20260805_12:00:00   2.6182e-01   6.5608e+01   6.1661e+00   0.0000e+00   3.0695e-02   2.7711e+02
20260805_15:00:00   2.5553e-01   6.3998e+01   6.1232e+00   0.0000e+00   1.2621e-02   2.7750e+02
20260805_18:00:00   2.0961e-01   5.3818e+01   5.2186e+00   0.0000e+00   7.9888e-02   2.7636e+02
20260805_21:00:00   2.3084e-01   5.8101e+01   5.6706e+00   0.0000e+00   2.4156e-01   2.7951e+02
20260806_00:00:00   2.7928e-01   6.8173e+01   6.6381e+00   2.7030e-03   1.9363e-01   2.7687e+02
20260806_03:00:00   2.9618e-01   7.1796e+01   7.1621e+00   1.5440e-06   4.8733e-02   2.7705e+02
20260806_06:00:00   3.8014e-01   8.7264e+01   8.8137e+00   8.1200e-04   3.1743e-01   2.8097e+02
20260806_09:00:00   3.7007e-01   8.5271e+01   8.6310e+00   0.0000e+00   1.8457e-01   2.8083e+02
20260806_12:00:00   4.2248e-01   9.4630e+01   9.5866e+00   0.0000e+00   1.4318e-01   2.7872e+02
20260806_15:00:00   5.2845e-01   1.1223e+02   1.1251e+01   2.3200e-03   3.5342e-01   2.7967e+02
20260806_18:00:00   1.5979e+00   2.1732e+02   1.3153e+01   3.9449e-01   4.8287e-01   2.8177e+02
20260806_21:00:00   2.0168e+00   2.3698e+02   1.3088e+01   5.6597e-01   2.9620e-01   2.8364e+02
20260807_00:00:00   7.6605e-01   1.4686e+02   1.1732e+01   8.0400e-02   1.0427e-01   2.8118e+02
20260807_03:00:00   8.9034e-01   1.6205e+02   1.0134e+01   1.5992e-01   4.3966e-02   2.8031e+02
20260807_06:00:00   9.2874e-01   1.6629e+02   8.6651e+00   2.0040e-01   7.5089e-03   2.8510e+02
20260807_09:00:00   7.9232e-01   1.5061e+02   7.9992e+00   1.5847e-01   8.0408e-03   2.8471e+02
20260807_12:00:00   6.5410e-01   1.3229e+02   7.6210e+00   1.1019e-01   3.0984e-02   2.8633e+02
20260807_15:00:00   6.3911e-01   1.3073e+02   6.8288e+00   1.1947e-01   2.1045e-03   2.8762e+02
20260807_18:00:00   7.8551e-01   1.4977e+02   6.8467e+00   1.8147e-01   2.4230e-03   2.8984e+02
20260807_21:00:00   5.5860e-01   1.1808e+02   7.2265e+00   8.3040e-02   1.4883e-02   2.9472e+02
20260808_00:00:00   3.8032e-01   8.8272e+01   7.6531e+00   2.7730e-03   1.4033e-03   2.9449e+02
20260808_03:00:00   3.4344e-01   8.1354e+01   7.1696e+00   3.3872e-04   4.4205e-03   2.9708e+02
20260808_06:00:00   3.3328e-01   7.9374e+01   7.0285e+00   0.0000e+00   3.5448e-03   2.9790e+02
20260808_09:00:00   3.6699e-01   8.5444e+01   7.6604e+00   5.8440e-05   1.7703e-03   3.0006e+02
20260808_12:00:00   3.6913e-01   8.5649e+01   7.7233e+00   6.4640e-06   5.7470e-03   3.0791e+02
20260808_15:00:00   3.8309e-01   8.8082e+01   8.0261e+00   0.0000e+00   2.2290e-03   3.0523e+02
20260808_18:00:00   4.5042e-01   9.9995e+01   8.3831e+00   1.8030e-02   1.2656e-01   3.0068e+02
20260808_21:00:00   4.7635e-01   1.0402e+02   9.4377e+00   8.8597e-03   9.9294e-02   2.9873e+02
20260809_00:00:00   4.9158e-01   1.0635e+02   1.0028e+01   2.4593e-03   2.8555e-01   2.9592e+02
20260809_03:00:00   5.1146e-01   1.0949e+02   1.0406e+01   1.7818e-03   4.4312e-01   2.9473e+02
20260809_06:00:00   5.0157e-01   1.0836e+02   9.9844e+00   9.5640e-03   6.7881e-02   3.0047e+02
20260809_09:00:00   4.3707e-01   9.7904e+01   9.1950e+00   0.0000e+00   8.9371e-02   2.9857e+02
20260809_12:00:00   4.9760e-01   1.0773e+02   9.9766e+00   7.9280e-03   6.7371e-02   2.9374e+02
20260809_15:00:00   5.0529e-01   1.0888e+02   1.0729e+01   0.0000e+00   2.1751e-01   2.9029e+02
20260809_18:00:00   5.6158e-01   1.1777e+02   1.1703e+01   4.5734e-03   1.9325e-01   2.8961e+02
20260809_21:00:00   1.0785e+00   1.8038e+02   1.3328e+01   1.7614e-01   1.7032e-01   2.8711e+02
20260810_00:00:00   2.1121e+00   2.4108e+02   1.4456e+01   5.7364e-01   4.3071e-01   2.8186e+02
20260810_03:00:00   9.1899e-01   1.6461e+02   1.4570e+01   8.6237e-02   3.5536e-01   2.7911e+02
20260810_06:00:00   2.4416e+00   2.5090e+02   1.5164e+01   6.9323e-01   3.3114e-01   2.8020e+02
20260810_09:00:00   1.0191e+00   1.7540e+02   1.5133e+01   1.1389e-01   5.9833e-02   2.8145e+02
20260810_12:00:00   2.5685e+00   2.5466e+02   1.4645e+01   7.5168e-01   7.6321e-02   2.7890e+02
20260810_15:00:00   2.7236e+00   2.5770e+02   1.5164e+01   8.0316e-01   4.0881e-01   2.7583e+02
20260810_18:00:00   2.9910e+00   2.6058e+02   1.5462e+01   9.2660e-01   1.9897e-01   2.8046e+02
20260810_21:00:00   7.2475e-01   1.4217e+02   1.4645e+01   5.2961e-03   3.5837e-03   2.8061e+02
20260811_00:00:00   6.8178e-01   1.3658e+02   1.4104e+01   1.4130e-03   1.2257e-03   2.7914e+02
