#            date       tau255        Tb[K]      pwv[mm] lwp[kg*m^-2] iwp[kg*m^-2]       o3[DU]
20260903_06:00:00   6.5722e-02   2.1495e+01   1.5339e+00   0.0000e+00   0.0000e+00   2.6122e+02
20260903_07:00:00   6.4126e-02   2.1101e+01   1.4887e+00   0.0000e+00   0.0000e+00   2.6485e+02
20260903_08:00:00   6.3362e-02   2.0919e+01   1.4636e+00   0.0000e+00   0.0000e+00   2.6444e+02
20260903_09:00:00   6.4706e-02   2.1262e+01   1.4997e+00   0.0000e+00   4.9880e-05   2.7170e+02
20260903_10:00:00   7.0655e-02   2.2710e+01   1.6747e+00   0.0000e+00   1.6070e-04   2.7100e+02
20260903_11:00:00   7.5893e-02   2.3990e+01   1.8240e+00   0.0000e+00   5.4780e-07   2.7024e+02
20260903_12:00:00   7.6447e-02   2.4142e+01   1.8371e+00   0.0000e+00   1.3284e-06   2.6650e+02
20260903_13:00:00   7.3468e-02   2.3433e+01   1.7508e+00   0.0000e+00   3.8000e-05   2.6587e+02
20260903_14:00:00   7.3922e-02   2.3527e+01   1.7666e+00   0.0000e+00   1.3402e-05   2.6701e+02
20260903_15:00:00   7.5098e-02   2.3797e+01   1.8033e+00   0.0000e+00   0.0000e+00   2.6495e+02
20260903_16:00:00   7.8000e-02   2.4451e+01   1.8914e+00   0.0000e+00   0.0000e+00   2.6315e+02
20260903_17:00:00   7.7256e-02   2.4237e+01   1.8789e+00   0.0000e+00   0.0000e+00   2.6017e+02
20260903_18:00:00   7.6638e-02   2.4062e+01   1.8729e+00   0.0000e+00   0.0000e+00   2.5985e+02
20260903_19:00:00   7.5157e-02   2.3698e+01   1.8389e+00   0.0000e+00   0.0000e+00   2.6107e+02
20260903_20:00:00   7.6493e-02   2.3963e+01   1.8896e+00   0.0000e+00   0.0000e+00   2.6097e+02
20260903_21:00:00   7.6948e-02   2.4050e+01   1.9052e+00   0.0000e+00   0.0000e+00   2.6133e+02
20260903_22:00:00   7.3268e-02   2.3209e+01   1.7897e+00   0.0000e+00   5.7760e-06   2.6152e+02
20260903_23:00:00   7.1479e-02   2.2811e+01   1.7326e+00   0.0000e+00   4.3320e-05   2.6321e+02
20260904_00:00:00   7.2153e-02   2.3012e+01   1.7478e+00   0.0000e+00   1.6268e-05   2.6268e+02
20260904_01:00:00   7.3021e-02   2.3255e+01   1.7668e+00   0.0000e+00   2.9860e-05   2.6160e+02
20260904_02:00:00   7.4617e-02   2.3693e+01   1.8026e+00   0.0000e+00   7.4080e-06   2.6195e+02
20260904_03:00:00   7.5672e-02   2.3978e+01   1.8264e+00   0.0000e+00   0.0000e+00   2.6223e+02
20260904_04:00:00   7.7438e-02   2.4411e+01   1.8813e+00   0.0000e+00   4.8660e-05   2.6214e+02
20260904_05:00:00   8.0154e-02   2.5061e+01   1.9561e+00   0.0000e+00   1.2924e-04   2.6242e+02
20260904_06:00:00   7.9305e-02   2.4849e+01   1.9281e+00   0.0000e+00   3.6021e-05   2.6386e+02
20260904_07:00:00   7.8492e-02   2.4635e+01   1.9075e+00   0.0000e+00   0.0000e+00   2.6497e+02
20260904_08:00:00   7.7754e-02   2.4460e+01   1.8867e+00   0.0000e+00   0.0000e+00   2.6617e+02
20260904_09:00:00   7.4159e-02   2.3574e+01   1.7857e+00   0.0000e+00   0.0000e+00   2.6651e+02
20260904_10:00:00   7.1065e-02   2.2803e+01   1.7025e+00   0.0000e+00   0.0000e+00   2.6800e+02
20260904_11:00:00   6.7469e-02   2.1905e+01   1.6026e+00   0.0000e+00   0.0000e+00   2.7039e+02
20260904_12:00:00   6.3801e-02   2.0987e+01   1.5022e+00   0.0000e+00   0.0000e+00   2.6773e+02
20260904_13:00:00   6.1814e-02   2.0487e+01   1.4490e+00   0.0000e+00   0.0000e+00   2.6390e+02
20260904_14:00:00   6.1848e-02   2.0486e+01   1.4528e+00   0.0000e+00   0.0000e+00   2.6169e+02
20260904_15:00:00   6.2193e-02   2.0561e+01   1.4607e+00   0.0000e+00   0.0000e+00   2.6162e+02
20260904_16:00:00   6.2155e-02   2.0549e+01   1.4561e+00   0.0000e+00   0.0000e+00   2.6112e+02
20260904_17:00:00   6.1806e-02   2.0458e+01   1.4508e+00   0.0000e+00   0.0000e+00   2.6237e+02
20260904_18:00:00   6.1485e-02   2.0373e+01   1.4450e+00   0.0000e+00   0.0000e+00   2.6091e+02
20260904_19:00:00   6.1156e-02   2.0279e+01   1.4365e+00   0.0000e+00   0.0000e+00   2.6414e+02
20260904_20:00:00   6.1088e-02   2.0270e+01   1.4294e+00   0.0000e+00   0.0000e+00   2.6754e+02
20260904_21:00:00   6.1377e-02   2.0346e+01   1.4374e+00   0.0000e+00   0.0000e+00   2.6449e+02
20260904_22:00:00   6.1300e-02   2.0343e+01   1.4315e+00   0.0000e+00   1.3628e-05   2.6357e+02
20260904_23:00:00   6.1597e-02   2.0428e+01   1.4404e+00   0.0000e+00   9.2600e-06   2.6415e+02
20260905_00:00:00   6.2600e-02   2.0692e+01   1.4630e+00   0.0000e+00   5.3890e-07   2.6564e+02
20260905_01:00:00   6.3594e-02   2.0962e+01   1.4861e+00   0.0000e+00   0.0000e+00   2.6862e+02
20260905_02:00:00   6.4004e-02   2.1070e+01   1.4955e+00   0.0000e+00   0.0000e+00   2.6921e+02
20260905_03:00:00   6.4261e-02   2.1152e+01   1.4983e+00   0.0000e+00   0.0000e+00   2.7002e+02
20260905_04:00:00   6.6969e-02   2.1865e+01   1.5620e+00   0.0000e+00   5.2440e-06   2.7092e+02
20260905_05:00:00   6.6104e-02   2.1641e+01   1.5389e+00   0.0000e+00   2.3100e-05   2.7364e+02
20260905_06:00:00   6.5001e-02   2.1356e+01   1.5087e+00   0.0000e+00   2.0400e-05   2.7192e+02
20260905_07:00:00   6.3478e-02   2.0943e+01   1.4732e+00   0.0000e+00   2.8760e-06   2.7129e+02
20260905_08:00:00   6.4328e-02   2.1135e+01   1.4984e+00   0.0000e+00   6.8380e-06   2.7128e+02
20260905_09:00:00   6.4864e-02   2.1268e+01   1.5107e+00   0.0000e+00   0.0000e+00   2.7048e+02
20260905_10:00:00   6.4979e-02   2.1295e+01   1.5115e+00   0.0000e+00   0.0000e+00   2.7039e+02
20260905_11:00:00   6.6456e-02   2.1661e+01   1.5470e+00   0.0000e+00   0.0000e+00   2.6916e+02
20260905_12:00:00   6.6600e-02   2.1690e+01   1.5535e+00   0.0000e+00   0.0000e+00   2.6714e+02
20260905_13:00:00   6.7013e-02   2.1778e+01   1.5671e+00   0.0000e+00   0.0000e+00   2.6631e+02
20260905_14:00:00   6.7918e-02   2.1996e+01   1.5937e+00   0.0000e+00   0.0000e+00   2.6646e+02
20260905_15:00:00   6.8269e-02   2.2090e+01   1.5990e+00   0.0000e+00   0.0000e+00   2.6502e+02
20260905_16:00:00   6.9747e-02   2.2468e+01   1.6333e+00   0.0000e+00   1.3110e-05   2.6435e+02
20260905_17:00:00   7.0059e-02   2.2561e+01   1.6372e+00   0.0000e+00   9.6440e-06   2.6279e+02
20260905_18:00:00   7.5206e-02   2.3888e+01   1.7507e+00   0.0000e+00   9.3820e-07   2.6222e+02
20260905_19:00:00   7.7813e-02   2.4558e+01   1.8088e+00   0.0000e+00   0.0000e+00   2.6488e+02
20260905_20:00:00   7.7202e-02   2.4417e+01   1.7887e+00   0.0000e+00   0.0000e+00   2.6802e+02
20260905_21:00:00   7.9058e-02   2.4898e+01   1.8261e+00   0.0000e+00   6.6420e-07   2.6965e+02
20260905_22:00:00   8.4490e-02   2.6250e+01   1.9555e+00   0.0000e+00   0.0000e+00   2.6933e+02
20260905_23:00:00   9.8276e-02   2.9695e+01   2.2609e+00   0.0000e+00   0.0000e+00   2.6990e+02
20260906_00:00:00   1.1427e-01   3.3634e+01   2.6125e+00   0.0000e+00   0.0000e+00   2.6956e+02
20260906_01:00:00   1.4020e-01   3.9856e+01   3.1320e+00   2.9380e-04   0.0000e+00   2.6871e+02
20260906_02:00:00   1.5593e-01   4.3588e+01   3.3718e+00   2.0120e-03   0.0000e+00   2.6513e+02
20260906_03:00:00   1.6356e-01   4.5353e+01   3.5973e+00   5.6160e-04   0.0000e+00   2.6373e+02
20260906_04:00:00   1.7387e-01   4.7670e+01   3.8716e+00   0.0000e+00   0.0000e+00   2.6605e+02
20260906_05:00:00   1.7917e-01   4.8819e+01   4.0205e+00   0.0000e+00   0.0000e+00   2.6714e+02
20260906_06:00:00   1.9121e-01   5.1450e+01   4.2983e+00   0.0000e+00   0.0000e+00   2.6832e+02
20260906_07:00:00   2.1094e-01   5.5731e+01   4.7247e+00   1.0250e-04   0.0000e+00   2.6931e+02
20260906_08:00:00   2.3774e-01   6.1500e+01   5.2320e+00   3.6440e-05   0.0000e+00   2.7018e+02
20260906_09:00:00   2.6939e-01   6.8056e+01   5.7885e+00   1.3660e-03   0.0000e+00   2.6857e+02
20260906_10:00:00   2.6660e-01   6.7417e+01   5.7702e+00   9.6070e-04   1.6766e-03   2.6545e+02
20260906_11:00:00   2.7166e-01   6.8306e+01   5.9530e+00   1.3310e-05   2.5756e-04   2.6681e+02
20260906_12:00:00   2.7957e-01   6.9794e+01   6.1664e+00   0.0000e+00   1.4966e-03   2.6737e+02
20260906_13:00:00   3.1432e-01   7.6601e+01   6.9035e+00   0.0000e+00   7.9017e-04   2.6632e+02
20260906_14:00:00   3.6478e-01   8.6034e+01   8.0522e+00   0.0000e+00   3.7673e-03   2.6718e+02
20260906_15:00:00   4.2921e-01   9.7510e+01   9.3305e+00   0.0000e+00   3.7347e-03   2.6936e+02
20260906_16:00:00   4.8120e-01   1.0614e+02   1.0445e+01   0.0000e+00   3.8785e-03   2.6901e+02
20260906_17:00:00   5.3999e-01   1.1535e+02   1.1656e+01   0.0000e+00   3.0604e-03   2.6810e+02
20260906_18:00:00   5.7928e-01   1.2117e+02   1.2376e+01   0.0000e+00   2.1959e-03   2.6567e+02
20260906_19:00:00   6.0219e-01   1.2454e+02   1.2601e+01   2.3063e-03   1.9191e-03   2.6724e+02
20260906_20:00:00   5.9866e-01   1.2406e+02   1.2674e+01   2.8840e-04   5.1024e-04   2.6724e+02
20260906_21:00:00   6.1395e-01   1.2629e+02   1.2976e+01   7.7360e-04   1.3676e-03   2.6822e+02
20260906_22:00:00   6.5176e-01   1.3175e+02   1.3187e+01   9.6251e-03   4.3870e-03   2.6800e+02
20260906_23:00:00   6.8611e-01   1.3645e+02   1.3551e+01   1.6089e-02   1.1145e-02   2.6731e+02
20260907_00:00:00   8.1419e-01   1.5296e+02   1.4009e+01   5.4455e-02   2.3021e-01   2.6553e+02
20260907_01:00:00   1.6435e+00   2.2087e+02   1.4303e+01   3.8958e-01   3.8199e-01   2.6552e+02
20260907_02:00:00   1.2039e+00   1.9108e+02   1.4237e+01   2.1321e-01   3.8196e-01   2.6593e+02
20260907_03:00:00   8.7139e-01   1.5944e+02   1.4112e+01   7.9138e-02   8.4099e-02   2.6698e+02
20260907_04:00:00   6.8706e-01   1.3649e+02   1.3779e+01   1.2644e-02   5.0612e-02   2.6862e+02
20260907_05:00:00   6.5264e-01   1.3170e+02   1.3578e+01   1.9072e-03   9.1198e-02   2.6810e+02
20260907_06:00:00   6.3918e-01   1.2988e+02   1.3446e+01   7.6490e-04   3.8165e-02   2.6636e+02
20260907_07:00:00   6.3723e-01   1.2967e+02   1.3494e+01   0.0000e+00   8.0704e-03   2.6850e+02
20260907_08:00:00   6.4663e-01   1.3108e+02   1.3537e+01   7.4520e-04   8.7741e-03   2.6699e+02
20260907_09:00:00   6.4607e-01   1.3110e+02   1.3396e+01   2.3766e-03   4.2131e-03   2.6855e+02
20260907_10:00:00   6.5390e-01   1.3225e+02   1.3409e+01   4.6996e-03   4.5744e-03   2.7027e+02
20260907_11:00:00   6.3713e-01   1.2995e+02   1.3238e+01   1.8042e-03   2.4365e-03   2.6863e+02
20260907_12:00:00   6.6984e-01   1.3442e+02   1.3485e+01   8.0048e-03   5.0570e-03   2.6946e+02
20260907_13:00:00   6.4846e-01   1.3155e+02   1.3560e+01   1.0750e-04   1.8661e-03   2.6888e+02
20260907_14:00:00   6.7996e-01   1.3585e+02   1.3757e+01   7.8400e-03   1.7861e-03   2.6982e+02
20260907_15:00:00   6.4480e-01   1.3115e+02   1.3498e+01   1.4422e-04   3.2516e-04   2.7109e+02
20260907_16:00:00   6.2662e-01   1.2856e+02   1.3330e+01   0.0000e+00   3.1361e-03   2.7143e+02
20260907_17:00:00   6.4245e-01   1.3082e+02   1.3552e+01   0.0000e+00   8.2711e-03   2.6962e+02
20260907_18:00:00   6.3967e-01   1.3055e+02   1.3455e+01   0.0000e+00   1.0611e-03   2.7012e+02
20260907_19:00:00   6.0935e-01   1.2638e+02   1.2925e+01   0.0000e+00   2.4447e-03   2.6933e+02
20260907_20:00:00   5.7055e-01   1.2092e+02   1.2200e+01   0.0000e+00   2.4518e-03   2.6918e+02
20260907_21:00:00   5.5477e-01   1.1862e+02   1.1917e+01   7.0110e-04   2.7774e-03   2.7061e+02
20260907_22:00:00   5.5620e-01   1.1905e+02   1.1768e+01   4.3570e-03   2.3341e-03   2.7019e+02
20260907_23:00:00   5.7932e-01   1.2256e+02   1.2091e+01   7.2380e-03   1.3180e-04   2.7226e+02
20260908_00:00:00   6.2636e-01   1.2958e+02   1.2205e+01   2.2647e-02   6.7360e-06   2.7234e+02
20260908_01:00:00   6.5306e-01   1.3384e+02   1.1621e+01   4.3984e-02   0.0000e+00   2.7133e+02
20260908_02:00:00   5.4799e-01   1.1780e+02   1.1446e+01   4.6390e-03   1.3110e-05   2.7186e+02
20260908_03:00:00   5.2837e-01   1.1475e+02   1.1255e+01   2.0310e-03   1.3284e-06   2.7135e+02
20260908_04:00:00   5.2177e-01   1.1370e+02   1.1218e+01   9.9970e-05   0.0000e+00   2.7178e+02
20260908_05:00:00   5.2881e-01   1.1478e+02   1.1320e+01   8.0350e-04   0.0000e+00   2.7188e+02
20260908_06:00:00   5.2781e-01   1.1458e+02   1.1338e+01   6.7390e-04   0.0000e+00   2.6985e+02
20260908_09:00:00   5.2411e-01   1.1404e+02   1.1351e+01   0.0000e+00   0.0000e+00   2.6407e+02
20260908_12:00:00   4.9512e-01   1.0942e+02   1.0759e+01   1.1890e-03   0.0000e+00   2.6214e+02
20260908_15:00:00   4.7215e-01   1.0558e+02   1.0303e+01   2.3400e-04   0.0000e+00   2.6276e+02
20260908_18:00:00   4.5282e-01   1.0243e+02   9.8702e+00   0.0000e+00   1.8518e-05   2.6648e+02
20260908_21:00:00   4.3590e-01   9.9617e+01   9.5231e+00   0.0000e+00   0.0000e+00   2.6641e+02
20260909_00:00:00   5.0681e-01   1.1175e+02   1.0041e+01   1.7179e-02   1.1819e-04   2.6446e+02
20260909_03:00:00   2.9090e+00   2.6091e+02   1.4062e+01   9.2238e-01   2.9453e-01   2.6149e+02
20260909_06:00:00   1.1334e+00   1.8727e+02   1.2024e+01   2.2414e-01   5.4761e-02   2.6135e+02
20260909_09:00:00   4.1391e-01   9.6059e+01   8.7687e+00   0.0000e+00   0.0000e+00   2.6592e+02
20260909_12:00:00   3.9044e-01   9.1812e+01   8.3161e+00   0.0000e+00   0.0000e+00   2.6674e+02
20260909_15:00:00   3.6653e-01   8.7383e+01   7.7984e+00   0.0000e+00   0.0000e+00   2.6712e+02
20260909_18:00:00   3.3648e-01   8.1762e+01   7.1315e+00   0.0000e+00   0.0000e+00   2.6818e+02
20260909_21:00:00   3.2657e-01   7.9783e+01   6.9809e+00   0.0000e+00   0.0000e+00   2.6916e+02
20260910_00:00:00   2.0161e-01   5.3554e+01   4.7467e+00   1.5370e-04   0.0000e+00   2.6933e+02
20260910_03:00:00   1.5455e-01   4.3356e+01   3.4471e+00   1.1380e-05   0.0000e+00   2.7890e+02
20260910_06:00:00   6.1326e-02   2.0647e+01   1.2869e+00   0.0000e+00   0.0000e+00   2.8448e+02
20260910_09:00:00   4.5738e-02   1.6537e+01   9.0629e-01   0.0000e+00   0.0000e+00   2.8025e+02
20260910_12:00:00   4.3639e-02   1.5958e+01   8.5415e-01   0.0000e+00   0.0000e+00   2.8302e+02
20260910_15:00:00   4.7293e-02   1.6903e+01   9.5103e-01   0.0000e+00   0.0000e+00   2.8437e+02
20260910_18:00:00   5.2307e-02   1.8187e+01   1.0875e+00   0.0000e+00   0.0000e+00   2.8374e+02
20260910_21:00:00   5.6236e-02   1.9189e+01   1.1941e+00   0.0000e+00   0.0000e+00   2.8431e+02
20260911_00:00:00   5.5765e-02   1.9001e+01   1.2001e+00   0.0000e+00   0.0000e+00   2.8107e+02
20260911_03:00:00   5.6024e-02   1.9052e+01   1.1775e+00   6.1900e-04   0.0000e+00   2.7740e+02
20260911_06:00:00   5.0663e-02   1.7659e+01   1.0719e+00   0.0000e+00   0.0000e+00   2.7999e+02
20260911_09:00:00   5.9825e-02   2.0103e+01   1.2859e+00   0.0000e+00   0.0000e+00   2.7910e+02
20260911_12:00:00   6.5752e-02   2.1700e+01   1.4113e+00   0.0000e+00   0.0000e+00   2.7661e+02
20260911_15:00:00   6.4674e-02   2.1444e+01   1.3751e+00   0.0000e+00   0.0000e+00   2.7464e+02
20260911_18:00:00   8.3577e-02   2.6245e+01   1.8267e+00   0.0000e+00   0.0000e+00   2.7059e+02
20260911_21:00:00   1.4022e-01   4.0094e+01   3.0055e+00   0.0000e+00   0.0000e+00   2.7084e+02
20260912_00:00:00   2.2641e-01   5.9479e+01   4.4530e+00   5.1474e-03   0.0000e+00   2.6847e+02
20260912_03:00:00   2.3725e-01   6.1559e+01   5.0050e+00   1.8670e-03   4.5160e-05   2.6735e+02
20260912_06:00:00   1.7997e-01   4.9039e+01   3.9968e+00   0.0000e+00   0.0000e+00   2.7231e+02
20260912_09:00:00   1.3050e-01   3.7594e+01   2.9396e+00   7.5500e-05   0.0000e+00   2.7407e+02
20260912_12:00:00   1.1369e-01   3.3319e+01   2.6451e+00   0.0000e+00   5.3780e-05   2.7284e+02
20260912_15:00:00   1.0441e-01   3.0899e+01   2.4993e+00   0.0000e+00   0.0000e+00   2.7233e+02
20260912_18:00:00   9.6021e-02   2.9004e+01   2.2582e+00   0.0000e+00   0.0000e+00   2.7449e+02
20260912_21:00:00   8.8436e-02   2.7105e+01   2.1025e+00   0.0000e+00   0.0000e+00   2.7215e+02
20260913_00:00:00   1.0541e-01   3.1376e+01   2.3684e+00   1.8190e-03   0.0000e+00   2.6898e+02
20260913_03:00:00   2.6274e-01   6.7398e+01   2.8046e+00   5.6879e-02   0.0000e+00   2.6838e+02
20260913_06:00:00   1.0546e-01   3.1354e+01   2.5064e+00   1.4560e-04   0.0000e+00   2.7026e+02
20260913_09:00:00   1.0137e-01   3.0380e+01   2.4212e+00   0.0000e+00   0.0000e+00   2.7319e+02
20260913_12:00:00   1.1162e-01   3.2896e+01   2.6449e+00   0.0000e+00   0.0000e+00   2.7208e+02
20260913_15:00:00   1.0866e-01   3.2284e+01   2.5221e+00   0.0000e+00   0.0000e+00   2.7215e+02
20260913_18:00:00   1.1143e-01   3.2992e+01   2.5686e+00   0.0000e+00   0.0000e+00   2.7175e+02
20260913_21:00:00   1.1742e-01   3.4530e+01   2.6661e+00   0.0000e+00   0.0000e+00   2.7414e+02
20260914_00:00:00   1.8682e-01   5.0837e+01   3.2582e+00   1.5903e-02   0.0000e+00   2.7012e+02
20260914_03:00:00   4.6690e-01   1.0599e+02   4.3298e+00   1.0686e-01   0.0000e+00   2.6861e+02
20260914_06:00:00   2.4089e-01   6.2620e+01   4.7652e+00   5.5041e-03   0.0000e+00   2.7036e+02
20260914_09:00:00   3.2775e-01   8.0100e+01   5.5597e+00   2.4029e-02   1.0488e-05   2.7188e+02
20260914_12:00:00   2.5121e-01   6.4612e+01   5.2175e+00   2.4790e-06   0.0000e+00   2.6721e+02
20260914_15:00:00   2.1649e-01   5.7191e+01   4.5199e+00   0.0000e+00   0.0000e+00   2.6950e+02
20260914_18:00:00   1.8097e-01   4.9349e+01   3.8813e+00   0.0000e+00   0.0000e+00   2.7139e+02
20260914_21:00:00   1.7286e-01   4.7479e+01   3.7856e+00   0.0000e+00   0.0000e+00   2.7278e+02
20260915_00:00:00   3.0281e-01   7.5124e+01   5.0341e+00   2.9980e-02   0.0000e+00   2.7013e+02
20260915_03:00:00   8.0188e-01   1.5392e+02   5.9734e+00   2.0981e-01   2.1620e-06   2.6653e+02
20260915_06:00:00   2.6041e-01   6.6251e+01   5.4275e+00   4.0157e-03   3.7253e-06   2.6882e+02
20260915_09:00:00   2.2732e-01   5.9176e+01   4.9943e+00   6.0899e-05   0.0000e+00   2.6970e+02
20260915_12:00:00   2.0299e-01   5.3784e+01   4.5471e+00   1.5440e-05   0.0000e+00   2.6795e+02
20260915_15:00:00   1.8115e-01   4.8929e+01   4.1238e+00   0.0000e+00   0.0000e+00   2.6746e+02
20260915_18:00:00   1.7964e-01   4.8533e+01   4.1303e+00   0.0000e+00   0.0000e+00   2.7014e+02
20260915_21:00:00   1.9653e-01   5.2273e+01   4.4963e+00   0.0000e+00   0.0000e+00   2.7053e+02
20260916_00:00:00   2.8420e-01   7.0560e+01   6.2756e+00   3.7100e-03   3.0100e-22   2.6876e+02
20260916_03:00:00   2.9777e-01   7.3290e+01   6.4488e+00   6.4390e-03   2.0460e-22   2.6687e+02
20260916_06:00:00   2.1373e-01   5.5895e+01   4.9814e+00   0.0000e+00   3.6258e-03   2.6751e+02
20260916_09:00:00   1.8999e-01   5.0757e+01   4.4611e+00   0.0000e+00   1.3110e-05   2.6576e+02
20260916_12:00:00   1.8565e-01   4.9740e+01   4.3876e+00   0.0000e+00   1.4060e-03   2.6431e+02
20260916_15:00:00   1.7633e-01   4.7726e+01   4.1535e+00   0.0000e+00   1.4727e-03   2.6638e+02
20260916_18:00:00   1.8387e-01   4.9375e+01   4.3234e+00   0.0000e+00   8.0078e-05   2.6619e+02
20260916_21:00:00   1.9552e-01   5.1848e+01   4.6320e+00   0.0000e+00   1.7516e-05   2.6893e+02
20260917_00:00:00   2.3650e-01   6.0814e+01   5.3127e+00   3.3490e-03   2.6628e-05   2.6539e+02
20260917_03:00:00   2.0751e-01   5.4298e+01   4.9994e+00   0.0000e+00   1.5124e-04   2.6589e+02
20260917_06:00:00   1.6266e-01   4.4176e+01   4.0311e+00   0.0000e+00   4.9864e-05   2.6865e+02
20260917_09:00:00   1.5402e-01   4.2208e+01   3.8278e+00   0.0000e+00   0.0000e+00   2.6937e+02
20260917_12:00:00   1.6665e-01   4.5039e+01   4.1415e+00   0.0000e+00   2.7040e-06   2.6877e+02
20260917_15:00:00   1.6975e-01   4.5820e+01   4.1933e+00   0.0000e+00   2.7040e-06   2.7143e+02
20260917_18:00:00   1.7531e-01   4.6891e+01   4.3705e+00   0.0000e+00   7.1220e-05   2.7247e+02
20260917_21:00:00   1.7655e-01   4.7313e+01   4.3726e+00   0.0000e+00   0.0000e+00   2.7490e+02
20260918_00:00:00   1.9181e-01   5.0803e+01   4.5892e+00   2.1060e-03   9.6620e-04   2.7533e+02
20260918_03:00:00   4.1349e-01   9.5594e+01   6.1669e+00   6.1000e-02   0.0000e+00   2.7119e+02
20260918_06:00:00   2.5292e-01   6.3785e+01   6.0645e+00   6.1110e-06   1.5078e-04   2.7193e+02
20260918_09:00:00   2.4530e-01   6.2048e+01   5.9595e+00   0.0000e+00   0.0000e+00   2.7088e+02
20260918_12:00:00   2.3291e-01   5.9445e+01   5.6622e+00   0.0000e+00   0.0000e+00   2.6915e+02
20260918_15:00:00   2.4847e-01   6.2549e+01   6.0460e+00   0.0000e+00   1.3238e-05   2.6989e+02
20260918_18:00:00   2.6940e-01   6.6706e+01   6.5262e+00   0.0000e+00   1.2220e-04   2.6904e+02
20260918_21:00:00   2.7904e-01   6.8623e+01   6.7145e+00   0.0000e+00   1.6932e-04   2.7004e+02
20260919_00:00:00   3.2241e-01   7.7272e+01   7.4697e+00   2.9760e-03   2.2279e-04   2.6740e+02
20260919_03:00:00   4.1834e-01   9.5484e+01   7.9481e+00   3.1060e-02   2.8135e-04   2.6755e+02
20260919_06:00:00   1.0103e+00   1.7604e+02   8.9687e+00   2.4681e-01   1.5124e-04   2.6890e+02
