#            date       tau255        Tb[K]      pwv[mm] lwp[kg*m^-2] iwp[kg*m^-2]       o3[DU]
20260726_00:00:00   2.6498e-02   1.1165e+01   4.3901e-01   0.0000e+00   0.0000e+00   2.3329e+02
20260726_01:00:00   2.6478e-02   1.1162e+01   4.3681e-01   0.0000e+00   0.0000e+00   2.3456e+02
20260726_02:00:00   2.6497e-02   1.1169e+01   4.3752e-01   0.0000e+00   0.0000e+00   2.3434e+02
20260726_03:00:00   2.5993e-02   1.1034e+01   4.2479e-01   0.0000e+00   0.0000e+00   2.3598e+02
20260726_04:00:00   2.6308e-02   1.1113e+01   4.3391e-01   0.0000e+00   0.0000e+00   2.3902e+02
20260726_05:00:00   2.6765e-02   1.1230e+01   4.4698e-01   0.0000e+00   0.0000e+00   2.4038e+02
20260726_06:00:00   2.7174e-02   1.1333e+01   4.5796e-01   0.0000e+00   0.0000e+00   2.4102e+02
20260726_07:00:00   2.6795e-02   1.1232e+01   4.4483e-01   0.0000e+00   0.0000e+00   2.4139e+02
20260726_08:00:00   2.6894e-02   1.1241e+01   4.5179e-01   0.0000e+00   0.0000e+00   2.4174e+02
20260726_09:00:00   2.6767e-02   1.1202e+01   4.4970e-01   0.0000e+00   0.0000e+00   2.4035e+02
20260726_10:00:00   2.7242e-02   1.1313e+01   4.6661e-01   0.0000e+00   0.0000e+00   2.3985e+02
20260726_11:00:00   2.6446e-02   1.1107e+01   4.4421e-01   0.0000e+00   0.0000e+00   2.4016e+02
20260726_12:00:00   2.7521e-02   1.1379e+01   4.7897e-01   0.0000e+00   0.0000e+00   2.4005e+02
20260726_13:00:00   2.7575e-02   1.1374e+01   4.8559e-01   0.0000e+00   0.0000e+00   2.3945e+02
20260726_14:00:00   2.8074e-02   1.1511e+01   4.9986e-01   0.0000e+00   0.0000e+00   2.3825e+02
20260726_15:00:00   2.9176e-02   1.1796e+01   5.3303e-01   0.0000e+00   0.0000e+00   2.3721e+02
20260726_16:00:00   2.9555e-02   1.1889e+01   5.4620e-01   0.0000e+00   0.0000e+00   2.3753e+02
20260726_17:00:00   3.0583e-02   1.2149e+01   5.7684e-01   0.0000e+00   0.0000e+00   2.3870e+02
20260726_18:00:00   3.1260e-02   1.2333e+01   5.9508e-01   0.0000e+00   0.0000e+00   2.4058e+02
20260726_19:00:00   3.1176e-02   1.2316e+01   5.9168e-01   0.0000e+00   0.0000e+00   2.4210e+02
20260726_20:00:00   3.1895e-02   1.2497e+01   6.1299e-01   0.0000e+00   0.0000e+00   2.4447e+02
20260726_21:00:00   3.3778e-02   1.2986e+01   6.6463e-01   0.0000e+00   0.0000e+00   2.4612e+02
20260726_22:00:00   3.5506e-02   1.3450e+01   7.0816e-01   0.0000e+00   0.0000e+00   2.4732e+02
20260726_23:00:00   3.6845e-02   1.3801e+01   7.4279e-01   0.0000e+00   0.0000e+00   2.4743e+02
20260727_00:00:00   3.7237e-02   1.3912e+01   7.4946e-01   0.0000e+00   0.0000e+00   2.4936e+02
20260727_01:00:00   3.7075e-02   1.3858e+01   7.4709e-01   0.0000e+00   0.0000e+00   2.4898e+02
20260727_02:00:00   3.6752e-02   1.3774e+01   7.3824e-01   0.0000e+00   0.0000e+00   2.4867e+02
20260727_03:00:00   3.6031e-02   1.3591e+01   7.1640e-01   0.0000e+00   0.0000e+00   2.4828e+02
20260727_04:00:00   3.7045e-02   1.3841e+01   7.4484e-01   0.0000e+00   0.0000e+00   2.4763e+02
20260727_05:00:00   3.7356e-02   1.3923e+01   7.5230e-01   0.0000e+00   0.0000e+00   2.4793e+02
20260727_06:00:00   3.8215e-02   1.4141e+01   7.7451e-01   0.0000e+00   0.0000e+00   2.4787e+02
20260727_07:00:00   3.9914e-02   1.4563e+01   8.2218e-01   0.0000e+00   0.0000e+00   2.4831e+02
20260727_08:00:00   4.1010e-02   1.4840e+01   8.4987e-01   0.0000e+00   0.0000e+00   2.5110e+02
20260727_09:00:00   4.2099e-02   1.5105e+01   8.7903e-01   0.0000e+00   0.0000e+00   2.5101e+02
20260727_10:00:00   4.1804e-02   1.5035e+01   8.6858e-01   0.0000e+00   0.0000e+00   2.5149e+02
20260727_11:00:00   4.0777e-02   1.4780e+01   8.3831e-01   0.0000e+00   0.0000e+00   2.5344e+02
20260727_12:00:00   3.8291e-02   1.4161e+01   7.6696e-01   0.0000e+00   0.0000e+00   2.5226e+02
20260727_13:00:00   3.5592e-02   1.3497e+01   6.8508e-01   0.0000e+00   0.0000e+00   2.5062e+02
20260727_14:00:00   3.3990e-02   1.3084e+01   6.4278e-01   0.0000e+00   0.0000e+00   2.4926e+02
20260727_15:00:00   3.3897e-02   1.3065e+01   6.3893e-01   0.0000e+00   0.0000e+00   2.4956e+02
20260727_16:00:00   3.3732e-02   1.3028e+01   6.3331e-01   0.0000e+00   0.0000e+00   2.5019e+02
20260727_17:00:00   3.5228e-02   1.3432e+01   6.6931e-01   0.0000e+00   0.0000e+00   2.4875e+02
20260727_18:00:00   3.8019e-02   1.4167e+01   7.3935e-01   0.0000e+00   0.0000e+00   2.4748e+02
20260727_19:00:00   4.0008e-02   1.4681e+01   7.8740e-01   0.0000e+00   0.0000e+00   2.4748e+02
20260727_20:00:00   4.2551e-02   1.5326e+01   8.5059e-01   0.0000e+00   0.0000e+00   2.4808e+02
20260727_21:00:00   4.6712e-02   1.6372e+01   9.5443e-01   0.0000e+00   0.0000e+00   2.4783e+02
20260727_22:00:00   5.7525e-02   1.9032e+01   1.2283e+00   0.0000e+00   0.0000e+00   2.4834e+02
20260727_23:00:00   7.2926e-02   2.2706e+01   1.6181e+00   0.0000e+00   2.3660e-08   2.5031e+02
20260728_00:00:00   8.8298e-02   2.6297e+01   1.9976e+00   0.0000e+00   0.0000e+00   2.4930e+02
20260728_01:00:00   9.2367e-02   2.7301e+01   2.0650e+00   0.0000e+00   0.0000e+00   2.5109e+02
20260728_02:00:00   9.8579e-02   2.8769e+01   2.1846e+00   0.0000e+00   0.0000e+00   2.5300e+02
20260728_03:00:00   1.0110e-01   2.9343e+01   2.2443e+00   0.0000e+00   0.0000e+00   2.5441e+02
20260728_04:00:00   1.0725e-01   3.0739e+01   2.3847e+00   0.0000e+00   0.0000e+00   2.5459e+02
20260728_05:00:00   1.1766e-01   3.3081e+01   2.6102e+00   0.0000e+00   0.0000e+00   2.5620e+02
20260728_06:00:00   1.1987e-01   3.3555e+01   2.6502e+00   0.0000e+00   0.0000e+00   2.5311e+02
20260728_07:00:00   1.0856e-01   3.0997e+01   2.3971e+00   0.0000e+00   0.0000e+00   2.5240e+02
20260728_08:00:00   1.0696e-01   3.0579e+01   2.3619e+00   0.0000e+00   0.0000e+00   2.5300e+02
20260728_09:00:00   9.5339e-02   2.7879e+01   2.1085e+00   0.0000e+00   0.0000e+00   2.5231e+02
20260728_10:00:00   9.0512e-02   2.6780e+01   1.9690e+00   0.0000e+00   0.0000e+00   2.5210e+02
20260728_11:00:00   9.1849e-02   2.7014e+01   2.0160e+00   0.0000e+00   0.0000e+00   2.5074e+02
20260728_12:00:00   9.1418e-02   2.6853e+01   2.0264e+00   0.0000e+00   4.7320e-07   2.4955e+02
20260728_13:00:00   7.7456e-02   2.3674e+01   1.6818e+00   0.0000e+00   1.8524e-05   2.4883e+02
20260728_14:00:00   7.2477e-02   2.2450e+01   1.5822e+00   0.0000e+00   2.8137e-03   2.4953e+02
20260728_15:00:00   7.9759e-02   2.4071e+01   1.7890e+00   0.0000e+00   6.1738e-03   2.5004e+02
20260728_16:00:00   1.0033e-01   2.8719e+01   2.2479e+00   0.0000e+00   1.0883e-01   2.4988e+02
20260728_17:00:00   8.8903e-02   2.6148e+01   2.0209e+00   0.0000e+00   3.7191e-03   2.4786e+02
20260728_18:00:00   9.2778e-02   2.7001e+01   2.0557e+00   8.6653e-04   2.3248e-02   2.4894e+02
20260728_19:00:00   9.3572e-02   2.7138e+01   1.9589e+00   3.5990e-03   3.2633e-02   2.5041e+02
20260728_20:00:00   1.0629e-01   2.9899e+01   1.9490e+00   1.0972e-02   7.0830e-02   2.5050e+02
20260728_21:00:00   9.0652e-02   2.6492e+01   2.0273e+00   5.3560e-04   8.3711e-03   2.5026e+02
20260728_22:00:00   9.1579e-02   2.6758e+01   2.0768e+00   0.0000e+00   4.0746e-03   2.5079e+02
20260728_23:00:00   8.6751e-02   2.5686e+01   1.9557e+00   0.0000e+00   2.4823e-03   2.5053e+02
20260729_00:00:00   8.4297e-02   2.5115e+01   1.9027e+00   0.0000e+00   2.9743e-03   2.4881e+02
20260729_01:00:00   8.4022e-02   2.5065e+01   1.9006e+00   0.0000e+00   2.8178e-03   2.4786e+02
20260729_02:00:00   8.1074e-02   2.4406e+01   1.8311e+00   0.0000e+00   7.5080e-05   2.4729e+02
20260729_03:00:00   8.0871e-02   2.4343e+01   1.8374e+00   0.0000e+00   5.2655e-04   2.4821e+02
20260729_04:00:00   7.8047e-02   2.3671e+01   1.7699e+00   0.0000e+00   1.7894e-03   2.4813e+02
20260729_05:00:00   7.4459e-02   2.2825e+01   1.6799e+00   0.0000e+00   2.2862e-03   2.4964e+02
20260729_06:00:00   6.7179e-02   2.1160e+01   1.4900e+00   0.0000e+00   0.0000e+00   2.5146e+02
20260729_07:00:00   6.1050e-02   1.9711e+01   1.3324e+00   0.0000e+00   0.0000e+00   2.5243e+02
20260729_08:00:00   6.2074e-02   1.9927e+01   1.3659e+00   0.0000e+00   9.7369e-04   2.5318e+02
20260729_09:00:00   6.2734e-02   2.0081e+01   1.3866e+00   0.0000e+00   1.0370e-03   2.5386e+02
20260729_10:00:00   6.0756e-02   1.9609e+01   1.3376e+00   0.0000e+00   1.4429e-03   2.5351e+02
20260729_11:00:00   5.8647e-02   1.9109e+01   1.2839e+00   0.0000e+00   7.6000e-04   2.5212e+02
20260729_12:00:00   5.5392e-02   1.8350e+01   1.1967e+00   0.0000e+00   1.0818e-06   2.5193e+02
20260729_13:00:00   5.7093e-02   1.8735e+01   1.2514e+00   0.0000e+00   0.0000e+00   2.5209e+02
20260729_14:00:00   5.4433e-02   1.8140e+01   1.1747e+00   0.0000e+00   0.0000e+00   2.5255e+02
20260729_15:00:00   5.2967e-02   1.7808e+01   1.1350e+00   0.0000e+00   0.0000e+00   2.5170e+02
20260729_16:00:00   5.5470e-02   1.8435e+01   1.2033e+00   0.0000e+00   0.0000e+00   2.4952e+02
20260729_17:00:00   5.7272e-02   1.8917e+01   1.2439e+00   0.0000e+00   0.0000e+00   2.4850e+02
20260729_18:00:00   5.7532e-02   1.8996e+01   1.2515e+00   0.0000e+00   0.0000e+00   2.4761e+02
20260729_19:00:00   5.6504e-02   1.8770e+01   1.2194e+00   0.0000e+00   0.0000e+00   2.4585e+02
20260729_20:00:00   5.4773e-02   1.8376e+01   1.1692e+00   0.0000e+00   0.0000e+00   2.4571e+02
20260729_21:00:00   5.2157e-02   1.7746e+01   1.1018e+00   0.0000e+00   0.0000e+00   2.4527e+02
20260729_22:00:00   5.0025e-02   1.7237e+01   1.0441e+00   0.0000e+00   0.0000e+00   2.4474e+02
20260729_23:00:00   4.9132e-02   1.7016e+01   1.0208e+00   0.0000e+00   0.0000e+00   2.4348e+02
20260730_00:00:00   4.8587e-02   1.6882e+01   1.0055e+00   0.0000e+00   0.0000e+00   2.4187e+02
20260730_01:00:00   4.5154e-02   1.6025e+01   9.1818e-01   0.0000e+00   0.0000e+00   2.4198e+02
20260730_02:00:00   4.2774e-02   1.5426e+01   8.5908e-01   0.0000e+00   0.0000e+00   2.4160e+02
20260730_03:00:00   4.1559e-02   1.5118e+01   8.2940e-01   0.0000e+00   0.0000e+00   2.4148e+02
20260730_04:00:00   4.1123e-02   1.5004e+01   8.2100e-01   0.0000e+00   0.0000e+00   2.3998e+02
20260730_05:00:00   4.1136e-02   1.5006e+01   8.2281e-01   0.0000e+00   0.0000e+00   2.3901e+02
20260730_06:00:00   4.2159e-02   1.5258e+01   8.5256e-01   0.0000e+00   0.0000e+00   2.3957e+02
20260730_07:00:00   4.2760e-02   1.5408e+01   8.6942e-01   0.0000e+00   0.0000e+00   2.3999e+02
20260730_08:00:00   4.2288e-02   1.5290e+01   8.5714e-01   0.0000e+00   0.0000e+00   2.4005e+02
20260730_09:00:00   4.1355e-02   1.5062e+01   8.3078e-01   0.0000e+00   0.0000e+00   2.4013e+02
20260730_10:00:00   4.0332e-02   1.4812e+01   8.0246e-01   0.0000e+00   0.0000e+00   2.4141e+02
20260730_11:00:00   3.9590e-02   1.4635e+01   7.8229e-01   0.0000e+00   0.0000e+00   2.4147e+02
20260730_12:00:00   3.9468e-02   1.4609e+01   7.7824e-01   0.0000e+00   0.0000e+00   2.4173e+02
20260730_13:00:00   3.9291e-02   1.4568e+01   7.7410e-01   0.0000e+00   0.0000e+00   2.4304e+02
20260730_14:00:00   3.9332e-02   1.4584e+01   7.7508e-01   0.0000e+00   0.0000e+00   2.4414e+02
20260730_15:00:00   4.0373e-02   1.4857e+01   8.0391e-01   0.0000e+00   0.0000e+00   2.4413e+02
20260730_16:00:00   4.0992e-02   1.5016e+01   8.2373e-01   0.0000e+00   0.0000e+00   2.4319e+02
20260730_17:00:00   4.2170e-02   1.5311e+01   8.5769e-01   0.0000e+00   0.0000e+00   2.4156e+02
20260730_18:00:00   4.2576e-02   1.5416e+01   8.7011e-01   0.0000e+00   0.0000e+00   2.4241e+02
20260730_19:00:00   4.4094e-02   1.5803e+01   9.0921e-01   0.0000e+00   0.0000e+00   2.4255e+02
20260730_20:00:00   4.6401e-02   1.6385e+01   9.6842e-01   0.0000e+00   0.0000e+00   2.4099e+02
20260730_21:00:00   4.5936e-02   1.6257e+01   9.5479e-01   0.0000e+00   0.0000e+00   2.4057e+02
20260730_22:00:00   4.5892e-02   1.6234e+01   9.5237e-01   0.0000e+00   0.0000e+00   2.4208e+02
20260730_23:00:00   4.5111e-02   1.6034e+01   9.3121e-01   0.0000e+00   0.0000e+00   2.4276e+02
20260731_00:00:00   4.4260e-02   1.5820e+01   9.0997e-01   0.0000e+00   0.0000e+00   2.4221e+02
20260731_03:00:00   4.3298e-02   1.5574e+01   8.8497e-01   0.0000e+00   0.0000e+00   2.4350e+02
20260731_06:00:00   3.6721e-02   1.3863e+01   7.0417e-01   0.0000e+00   0.0000e+00   2.4222e+02
20260731_09:00:00   5.0641e-02   1.7360e+01   1.0624e+00   0.0000e+00   0.0000e+00   2.3878e+02
20260731_12:00:00   8.8741e-02   2.6591e+01   1.9861e+00   0.0000e+00   0.0000e+00   2.3586e+02
20260731_15:00:00   1.0262e-01   2.9918e+01   2.3061e+00   0.0000e+00   0.0000e+00   2.3654e+02
20260731_18:00:00   9.4643e-02   2.8036e+01   2.1144e+00   0.0000e+00   0.0000e+00   2.3724e+02
20260731_21:00:00   1.1469e-01   3.2493e+01   2.5560e+00   0.0000e+00   0.0000e+00   2.3784e+02
20260801_00:00:00   7.6481e-02   2.3633e+01   1.6537e+00   0.0000e+00   0.0000e+00   2.3685e+02
20260801_03:00:00   6.4186e-02   2.0604e+01   1.3938e+00   0.0000e+00   0.0000e+00   2.3881e+02
20260801_06:00:00   6.5838e-02   2.0934e+01   1.4506e+00   0.0000e+00   0.0000e+00   2.4294e+02
20260801_09:00:00   6.8523e-02   2.1517e+01   1.5205e+00   0.0000e+00   0.0000e+00   2.4455e+02
20260801_12:00:00   7.7585e-02   2.3602e+01   1.7589e+00   0.0000e+00   6.4340e-04   2.4119e+02
20260801_15:00:00   7.4859e-02   2.2954e+01   1.6947e+00   0.0000e+00   1.7184e-03   2.3993e+02
20260801_18:00:00   8.0754e-02   2.4428e+01   1.8374e+00   0.0000e+00   8.2211e-05   2.3841e+02
20260801_21:00:00   7.8980e-02   2.4100e+01   1.7875e+00   0.0000e+00   0.0000e+00   2.3957e+02
20260802_00:00:00   7.2809e-02   2.2693e+01   1.6365e+00   0.0000e+00   3.7527e-04   2.4071e+02
20260802_03:00:00   6.5742e-02   2.1041e+01   1.4542e+00   0.0000e+00   0.0000e+00   2.4209e+02
20260802_06:00:00   6.0777e-02   1.9890e+01   1.2954e+00   0.0000e+00   0.0000e+00   2.4460e+02
20260802_09:00:00   5.1626e-02   1.7656e+01   1.0634e+00   0.0000e+00   0.0000e+00   2.3991e+02
20260802_12:00:00   4.3966e-02   1.5706e+01   8.8240e-01   0.0000e+00   0.0000e+00   2.3896e+02
20260802_15:00:00   4.6554e-02   1.6359e+01   9.5586e-01   0.0000e+00   0.0000e+00   2.4107e+02
20260802_18:00:00   5.4794e-02   1.8391e+01   1.1802e+00   0.0000e+00   0.0000e+00   2.3931e+02
20260802_21:00:00   6.5888e-02   2.1109e+01   1.4510e+00   0.0000e+00   0.0000e+00   2.4190e+02
20260803_00:00:00   7.3643e-02   2.2896e+01   1.6476e+00   0.0000e+00   0.0000e+00   2.4601e+02
20260803_03:00:00   6.6983e-02   2.1287e+01   1.4888e+00   0.0000e+00   0.0000e+00   2.4819e+02
20260803_06:00:00   5.8950e-02   1.9372e+01   1.2686e+00   0.0000e+00   0.0000e+00   2.4934e+02
20260803_09:00:00   5.7743e-02   1.9079e+01   1.2311e+00   0.0000e+00   0.0000e+00   2.4671e+02
20260803_12:00:00   5.4536e-02   1.8293e+01   1.1456e+00   0.0000e+00   0.0000e+00   2.4920e+02
20260803_15:00:00   4.9816e-02   1.7133e+01   1.0303e+00   0.0000e+00   0.0000e+00   2.4729e+02
20260803_18:00:00   5.3399e-02   1.8039e+01   1.1139e+00   0.0000e+00   0.0000e+00   2.4778e+02
20260803_21:00:00   6.8002e-02   2.1595e+01   1.4591e+00   0.0000e+00   0.0000e+00   2.5013e+02
20260804_00:00:00   7.3165e-02   2.2736e+01   1.5809e+00   0.0000e+00   0.0000e+00   2.4811e+02
20260804_03:00:00   7.0795e-02   2.2050e+01   1.5722e+00   0.0000e+00   0.0000e+00   2.4909e+02
20260804_06:00:00   7.8717e-02   2.3907e+01   1.7568e+00   0.0000e+00   0.0000e+00   2.4936e+02
20260804_09:00:00   5.4226e-02   1.8182e+01   1.1106e+00   0.0000e+00   0.0000e+00   2.4895e+02
20260804_12:00:00   4.8329e-02   1.6747e+01   9.5515e-01   0.0000e+00   0.0000e+00   2.5582e+02
20260804_15:00:00   5.0867e-02   1.7381e+01   1.0226e+00   0.0000e+00   0.0000e+00   2.6031e+02
20260804_18:00:00   4.9695e-02   1.7103e+01   9.9773e-01   0.0000e+00   0.0000e+00   2.6939e+02
20260804_21:00:00   4.6009e-02   1.6175e+01   9.0414e-01   0.0000e+00   0.0000e+00   2.8175e+02
20260805_00:00:00   4.4108e-02   1.5671e+01   8.6944e-01   0.0000e+00   0.0000e+00   2.7890e+02
20260805_03:00:00   3.7166e-02   1.3902e+01   6.9643e-01   0.0000e+00   0.0000e+00   2.7330e+02
20260805_06:00:00   3.4838e-02   1.3280e+01   6.3974e-01   0.0000e+00   0.0000e+00   2.6816e+02
20260805_09:00:00   3.1166e-02   1.2334e+01   5.4529e-01   0.0000e+00   0.0000e+00   2.7406e+02
20260805_12:00:00   2.6615e-02   1.1154e+01   4.2042e-01   0.0000e+00   0.0000e+00   2.7514e+02
20260805_15:00:00   2.6146e-02   1.1040e+01   4.0650e-01   0.0000e+00   0.0000e+00   2.8014e+02
20260805_18:00:00   3.3928e-02   1.3055e+01   6.2685e-01   0.0000e+00   0.0000e+00   2.8085e+02
20260805_21:00:00   2.6985e-02   1.1264e+01   4.3333e-01   0.0000e+00   0.0000e+00   2.7509e+02
20260806_00:00:00   3.5464e-02   1.3520e+01   6.5429e-01   0.0000e+00   0.0000e+00   2.7076e+02
20260806_03:00:00   3.2234e-02   1.2613e+01   5.8027e-01   0.0000e+00   0.0000e+00   2.7320e+02
20260806_06:00:00   3.9190e-02   1.4378e+01   7.7335e-01   0.0000e+00   0.0000e+00   2.7598e+02
20260806_09:00:00   3.9075e-02   1.4337e+01   7.6787e-01   0.0000e+00   0.0000e+00   2.7404e+02
20260806_12:00:00   3.4503e-02   1.3230e+01   6.3453e-01   0.0000e+00   0.0000e+00   2.7180e+02
20260806_15:00:00   3.4725e-02   1.3291e+01   6.4101e-01   0.0000e+00   0.0000e+00   2.6767e+02
20260806_18:00:00   3.2212e-02   1.2650e+01   5.7971e-01   0.0000e+00   0.0000e+00   2.6301e+02
20260806_21:00:00   3.8935e-02   1.4443e+01   7.4819e-01   0.0000e+00   0.0000e+00   2.5748e+02
20260807_00:00:00   3.6623e-02   1.3845e+01   6.9132e-01   0.0000e+00   0.0000e+00   2.5150e+02
20260807_03:00:00   3.3366e-02   1.2948e+01   6.2402e-01   0.0000e+00   0.0000e+00   2.5238e+02
20260807_06:00:00   3.4854e-02   1.3305e+01   6.7326e-01   0.0000e+00   0.0000e+00   2.6490e+02
20260807_09:00:00   3.3495e-02   1.2945e+01   6.4347e-01   0.0000e+00   0.0000e+00   2.6435e+02
20260807_12:00:00   3.5571e-02   1.3523e+01   6.9693e-01   0.0000e+00   0.0000e+00   2.6628e+02
20260807_15:00:00   4.0121e-02   1.4715e+01   8.1660e-01   0.0000e+00   0.0000e+00   2.6322e+02
20260807_18:00:00   4.1054e-02   1.4983e+01   8.3598e-01   0.0000e+00   0.0000e+00   2.5637e+02
20260807_21:00:00   3.9919e-02   1.4714e+01   7.9556e-01   0.0000e+00   0.0000e+00   2.5305e+02
20260808_00:00:00   4.0167e-02   1.4818e+01   7.8864e-01   0.0000e+00   0.0000e+00   2.4857e+02
20260808_03:00:00   3.6356e-02   1.3833e+01   6.9283e-01   0.0000e+00   0.0000e+00   2.4104e+02
20260808_06:00:00   2.8174e-02   1.1642e+01   4.8142e-01   0.0000e+00   0.0000e+00   2.4473e+02
20260808_09:00:00   2.4449e-02   1.0619e+01   3.8061e-01   0.0000e+00   0.0000e+00   2.5280e+02
20260808_12:00:00   2.3764e-02   1.0430e+01   3.5788e-01   0.0000e+00   0.0000e+00   2.5560e+02
20260808_15:00:00   2.7948e-02   1.1565e+01   4.6585e-01   0.0000e+00   0.0000e+00   2.5766e+02
20260808_18:00:00   6.3706e-02   2.0678e+01   1.3602e+00   0.0000e+00   0.0000e+00   2.5196e+02
20260808_21:00:00   8.5899e-02   2.6023e+01   1.8546e+00   0.0000e+00   0.0000e+00   2.4657e+02
20260809_00:00:00   6.7719e-02   2.1627e+01   1.4043e+00   0.0000e+00   0.0000e+00   2.4367e+02
20260809_03:00:00   5.0494e-02   1.7303e+01   1.0178e+00   0.0000e+00   0.0000e+00   2.4095e+02
20260809_06:00:00   4.8058e-02   1.6655e+01   9.4645e-01   0.0000e+00   0.0000e+00   2.4710e+02
20260809_09:00:00   3.2654e-02   1.2716e+01   5.6430e-01   0.0000e+00   0.0000e+00   2.5274e+02
20260809_12:00:00   3.2321e-02   1.2600e+01   5.5962e-01   0.0000e+00   0.0000e+00   2.5733e+02
20260809_15:00:00   4.0569e-02   1.4748e+01   7.5454e-01   0.0000e+00   0.0000e+00   2.6012e+02
20260809_18:00:00   6.9654e-02   2.1848e+01   1.4695e+00   0.0000e+00   0.0000e+00   2.6187e+02
20260809_21:00:00   6.6840e-02   2.1215e+01   1.3939e+00   0.0000e+00   0.0000e+00   2.6280e+02
20260810_00:00:00   3.2381e-02   1.2611e+01   5.6425e-01   0.0000e+00   0.0000e+00   2.5365e+02
20260810_03:00:00   2.6496e-02   1.1023e+01   4.3261e-01   0.0000e+00   0.0000e+00   2.5116e+02
20260810_06:00:00   2.6794e-02   1.1070e+01   4.5167e-01   0.0000e+00   0.0000e+00   2.5169e+02
20260810_09:00:00   3.0314e-02   1.1999e+01   5.4839e-01   0.0000e+00   0.0000e+00   2.5158e+02
20260810_12:00:00   3.2684e-02   1.2600e+01   6.1856e-01   0.0000e+00   2.2620e-03   2.5227e+02
20260810_15:00:00   4.0303e-02   1.4583e+01   8.1698e-01   0.0000e+00   2.5760e-03   2.4913e+02
20260810_18:00:00   6.7636e-02   2.1381e+01   1.5029e+00   0.0000e+00   3.8820e-03   2.5096e+02
20260810_21:00:00   1.0414e-01   3.0136e+01   2.3008e+00   0.0000e+00   1.7050e-03   2.5099e+02
20260811_00:00:00   1.4385e-01   3.9108e+01   3.0684e+00   0.0000e+00   6.1839e-03   2.5483e+02
