#            date       tau255        Tb[K]      pwv[mm] lwp[kg*m^-2] iwp[kg*m^-2]       o3[DU]
20260904_06:00:00   5.2706e-02   1.7920e+01   1.1815e+00   0.0000e+00   0.0000e+00   2.5533e+02
20260904_07:00:00   5.8820e-02   1.9407e+01   1.3518e+00   0.0000e+00   0.0000e+00   2.5610e+02
20260904_08:00:00   6.3323e-02   2.0470e+01   1.4813e+00   0.0000e+00   0.0000e+00   2.5738e+02
20260904_09:00:00   6.7291e-02   2.1418e+01   1.5907e+00   0.0000e+00   0.0000e+00   2.5714e+02
20260904_10:00:00   7.0625e-02   2.2225e+01   1.6735e+00   0.0000e+00   0.0000e+00   2.5673e+02
20260904_11:00:00   7.3981e-02   2.3027e+01   1.7603e+00   0.0000e+00   0.0000e+00   2.5648e+02
20260904_12:00:00   7.6378e-02   2.3581e+01   1.8276e+00   0.0000e+00   0.0000e+00   2.5529e+02
20260904_13:00:00   7.7289e-02   2.3788e+01   1.8541e+00   0.0000e+00   0.0000e+00   2.5305e+02
20260904_14:00:00   8.1508e-02   2.4780e+01   1.9683e+00   0.0000e+00   0.0000e+00   2.5244e+02
20260904_15:00:00   8.7916e-02   2.6264e+01   2.1366e+00   0.0000e+00   0.0000e+00   2.5344e+02
20260904_16:00:00   9.4610e-02   2.7817e+01   2.3028e+00   0.0000e+00   0.0000e+00   2.5522e+02
20260904_17:00:00   9.7260e-02   2.8445e+01   2.3645e+00   0.0000e+00   2.8512e-05   2.5645e+02
20260904_18:00:00   1.0202e-01   2.9577e+01   2.4766e+00   0.0000e+00   1.8600e-04   2.5699e+02
20260904_19:00:00   1.1397e-01   3.2359e+01   2.7607e+00   0.0000e+00   4.3030e-04   2.5854e+02
20260904_20:00:00   1.2401e-01   3.4654e+01   2.9972e+00   0.0000e+00   6.3250e-04   2.6136e+02
20260904_21:00:00   1.3567e-01   3.7289e+01   3.2548e+00   0.0000e+00   2.5014e-03   2.6180e+02
20260904_22:00:00   1.3835e-01   3.7930e+01   3.3023e+00   0.0000e+00   9.5396e-04   2.6092e+02
20260904_23:00:00   1.3960e-01   3.8177e+01   3.3201e+00   0.0000e+00   9.9715e-04   2.5986e+02
20260905_00:00:00   1.4035e-01   3.8359e+01   3.3209e+00   0.0000e+00   1.3875e-03   2.6002e+02
20260905_01:00:00   1.2658e-01   3.5256e+01   3.0154e+00   0.0000e+00   2.0701e-04   2.6017e+02
20260905_02:00:00   1.2527e-01   3.4869e+01   2.9855e+00   0.0000e+00   1.2573e-03   2.6038e+02
20260905_03:00:00   1.3855e-01   3.7879e+01   3.2814e+00   0.0000e+00   3.6577e-03   2.5954e+02
20260905_04:00:00   1.4165e-01   3.8561e+01   3.3411e+00   0.0000e+00   2.9752e-02   2.5987e+02
20260905_05:00:00   1.3191e-01   3.6395e+01   3.1132e+00   0.0000e+00   5.6330e-03   2.6054e+02
20260905_06:00:00   1.4050e-01   3.8247e+01   3.3019e+00   0.0000e+00   1.2802e-02   2.5993e+02
20260905_07:00:00   1.4613e-01   3.9482e+01   3.4089e+00   0.0000e+00   3.6919e-02   2.5988e+02
20260905_08:00:00   1.4765e-01   3.9868e+01   3.4006e+00   0.0000e+00   5.2998e-02   2.6106e+02
20260905_09:00:00   1.4356e-01   3.8987e+01   3.3209e+00   0.0000e+00   2.6101e-02   2.6069e+02
20260905_10:00:00   1.3200e-01   3.6457e+01   3.0639e+00   0.0000e+00   1.1316e-03   2.6139e+02
20260905_11:00:00   1.2976e-01   3.6026e+01   2.9945e+00   0.0000e+00   6.3319e-05   2.6178e+02
20260905_12:00:00   1.2189e-01   3.4309e+01   2.7995e+00   0.0000e+00   0.0000e+00   2.6287e+02
20260905_13:00:00   1.1999e-01   3.3899e+01   2.7472e+00   0.0000e+00   0.0000e+00   2.6206e+02
20260905_14:00:00   1.2182e-01   3.4336e+01   2.7871e+00   0.0000e+00   8.8055e-05   2.6102e+02
20260905_15:00:00   1.3935e-01   3.8218e+01   3.1833e+00   4.8680e-05   1.7201e-03   2.6056e+02
20260905_16:00:00   1.4538e-01   3.9563e+01   3.3277e+00   0.0000e+00   1.1523e-03   2.6089e+02
20260905_17:00:00   1.4287e-01   3.9002e+01   3.2616e+00   0.0000e+00   9.5090e-04   2.6104e+02
20260905_18:00:00   1.2709e-01   3.5529e+01   2.8948e+00   0.0000e+00   2.5243e-06   2.6034e+02
20260905_19:00:00   1.2199e-01   3.4407e+01   2.7611e+00   3.6060e-07   5.1561e-06   2.5965e+02
20260905_20:00:00   1.2462e-01   3.4998e+01   2.8241e+00   0.0000e+00   1.7811e-04   2.5963e+02
20260905_21:00:00   1.4112e-01   3.8587e+01   3.1339e+00   1.2728e-03   1.4047e-03   2.6082e+02
20260905_22:00:00   1.3478e-01   3.7178e+01   2.9839e+00   1.1140e-03   1.5574e-03   2.6136e+02
20260905_23:00:00   1.2787e-01   3.5599e+01   2.8283e+00   8.9150e-04   1.0308e-03   2.6087e+02
20260906_00:00:00   1.2400e-01   3.4762e+01   2.7637e+00   3.0140e-05   4.2544e-04   2.5957e+02
20260906_01:00:00   1.1900e-01   3.3642e+01   2.6542e+00   0.0000e+00   1.3363e-04   2.5908e+02
20260906_02:00:00   1.0970e-01   3.1529e+01   2.4427e+00   0.0000e+00   0.0000e+00   2.6101e+02
20260906_03:00:00   1.0209e-01   2.9780e+01   2.2589e+00   0.0000e+00   0.0000e+00   2.6277e+02
20260906_04:00:00   1.0256e-01   2.9882e+01   2.2611e+00   0.0000e+00   0.0000e+00   2.6229e+02
20260906_05:00:00   1.0501e-01   3.0438e+01   2.3072e+00   0.0000e+00   0.0000e+00   2.6337e+02
20260906_06:00:00   1.1321e-01   3.2310e+01   2.4781e+00   0.0000e+00   0.0000e+00   2.6409e+02
20260906_07:00:00   1.1490e-01   3.2679e+01   2.5119e+00   0.0000e+00   3.6747e-04   2.6258e+02
20260906_08:00:00   1.1669e-01   3.3066e+01   2.5494e+00   0.0000e+00   4.3123e-04   2.6093e+02
20260906_09:00:00   1.2568e-01   3.5100e+01   2.7384e+00   0.0000e+00   1.3424e-03   2.6156e+02
20260906_10:00:00   1.2583e-01   3.5124e+01   2.7358e+00   0.0000e+00   2.1824e-03   2.6086e+02
20260906_11:00:00   1.2846e-01   3.5710e+01   2.7604e+00   5.8300e-04   1.8732e-03   2.6082e+02
20260906_12:00:00   1.3321e-01   3.6785e+01   2.8266e+00   1.2721e-03   2.0646e-03   2.6014e+02
20260906_13:00:00   1.3444e-01   3.7097e+01   2.8352e+00   1.5548e-03   1.8942e-03   2.5859e+02
20260906_14:00:00   1.3603e-01   3.7495e+01   2.9201e+00   3.1007e-04   1.1676e-03   2.5834e+02
20260906_15:00:00   1.3702e-01   3.7734e+01   2.9588e+00   0.0000e+00   9.9156e-04   2.5855e+02
20260906_16:00:00   1.3499e-01   3.7316e+01   2.9245e+00   0.0000e+00   8.3121e-04   2.5748e+02
20260906_17:00:00   1.3446e-01   3.7222e+01   2.9280e+00   0.0000e+00   2.0960e-04   2.5650e+02
20260906_18:00:00   1.4748e-01   4.0070e+01   3.2489e+00   1.2220e-04   2.8988e-03   2.5565e+02
20260906_19:00:00   1.8860e-01   4.8673e+01   3.5704e+00   1.4995e-02   1.6942e-02   2.5642e+02
20260906_20:00:00   1.6015e-01   4.2807e+01   3.4822e+00   1.4698e-03   5.5084e-03   2.5744e+02
20260906_21:00:00   1.4892e-01   4.0432e+01   3.2449e+00   4.6600e-04   1.8968e-03   2.5736e+02
20260906_22:00:00   1.3964e-01   3.8442e+01   2.9917e+00   8.4160e-04   1.0654e-03   2.5675e+02
20260906_23:00:00   1.3246e-01   3.6836e+01   2.8618e+00   0.0000e+00   1.5303e-04   2.5647e+02
20260907_00:00:00   1.4059e-01   3.8620e+01   2.9407e+00   1.9500e-03   7.1611e-04   2.5516e+02
20260907_01:00:00   1.4882e-01   4.0424e+01   3.1160e+00   1.5835e-03   1.6400e-03   2.5419e+02
20260907_02:00:00   1.5664e-01   4.2134e+01   3.2654e+00   1.5292e-03   4.1924e-03   2.5312e+02
20260907_03:00:00   1.7623e-01   4.6338e+01   3.3723e+00   8.3340e-03   1.0346e-02   2.5283e+02
20260907_04:00:00   1.7444e-01   4.5946e+01   3.2946e+00   9.1670e-03   1.0483e-02   2.5323e+02
20260907_05:00:00   1.7116e-01   4.5231e+01   3.2219e+00   9.2020e-03   8.0696e-03   2.5432e+02
20260907_06:00:00   1.5789e-01   4.2366e+01   3.0913e+00   5.7780e-03   5.8971e-03   2.5604e+02
20260907_07:00:00   1.5316e-01   4.1313e+01   3.0806e+00   3.6763e-03   6.7880e-03   2.5667e+02
20260907_08:00:00   1.6136e-01   4.3120e+01   3.0781e+00   7.3730e-03   8.7374e-03   2.5753e+02
20260907_09:00:00   1.6377e-01   4.3666e+01   3.0045e+00   1.0021e-02   7.2645e-03   2.5710e+02
20260907_10:00:00   1.6612e-01   4.4168e+01   3.0239e+00   1.0536e-02   9.6779e-03   2.5877e+02
20260907_11:00:00   1.5925e-01   4.2678e+01   2.9995e+00   7.7304e-03   9.3460e-03   2.5994e+02
20260907_12:00:00   1.5985e-01   4.2777e+01   3.0749e+00   6.3882e-03   9.6056e-03   2.6082e+02
20260907_13:00:00   1.4670e-01   3.9905e+01   3.0170e+00   1.9013e-03   3.0250e-03   2.5871e+02
20260907_14:00:00   1.4579e-01   3.9708e+01   3.0418e+00   1.4282e-03   1.0468e-03   2.5754e+02
20260907_15:00:00   1.4582e-01   3.9674e+01   3.1269e+00   8.5780e-05   4.8963e-04   2.5763e+02
20260907_16:00:00   1.5783e-01   4.2301e+01   3.3053e+00   2.1985e-03   2.8089e-03   2.5913e+02
20260907_17:00:00   1.7746e-01   4.6393e+01   3.6731e+00   4.9761e-03   1.6323e-02   2.5956e+02
20260907_18:00:00   1.7105e-01   4.5026e+01   3.6298e+00   3.5960e-03   7.2135e-03   2.5673e+02
20260907_19:00:00   1.6431e-01   4.3615e+01   3.6277e+00   2.7540e-04   5.3576e-03   2.5527e+02
20260907_20:00:00   1.6101e-01   4.2948e+01   3.5055e+00   9.6099e-04   3.1312e-03   2.5472e+02
20260907_21:00:00   1.6032e-01   4.2841e+01   3.4623e+00   6.5842e-04   5.6031e-03   2.5445e+02
20260907_22:00:00   1.6693e-01   4.4260e+01   3.3922e+00   4.8903e-03   5.2601e-03   2.5413e+02
20260907_23:00:00   1.6159e-01   4.3115e+01   3.3426e+00   2.9704e-03   3.6762e-03   2.5275e+02
20260908_00:00:00   1.6975e-01   4.4836e+01   3.3580e+00   6.4256e-03   8.0315e-03   2.5172e+02
20260908_01:00:00   1.5676e-01   4.2077e+01   3.3311e+00   2.3983e-04   1.0152e-02   2.5041e+02
20260908_02:00:00   1.5090e-01   4.0823e+01   3.2252e+00   6.1506e-07   6.7367e-03   2.4932e+02
20260908_03:00:00   1.5943e-01   4.2645e+01   3.3900e+00   2.8380e-07   1.1106e-02   2.4954e+02
20260908_04:00:00   1.5921e-01   4.2569e+01   3.3846e+00   6.0280e-05   9.6160e-03   2.5095e+02
20260908_05:00:00   1.5430e-01   4.1486e+01   3.2592e+00   7.8360e-04   4.3988e-03   2.5200e+02
20260908_06:00:00   1.5449e-01   4.1525e+01   3.2343e+00   1.4606e-03   3.0551e-03   2.5185e+02
20260908_07:00:00   1.4880e-01   4.0275e+01   3.1233e+00   1.0480e-03   3.4149e-03   2.5202e+02
20260908_08:00:00   1.4211e-01   3.8818e+01   2.9832e+00   1.0456e-03   1.3382e-03   2.5227e+02
20260908_09:00:00   1.4344e-01   3.9094e+01   3.0077e+00   1.1708e-03   1.0918e-03   2.5188e+02
20260908_10:00:00   1.4450e-01   3.9313e+01   3.0333e+00   1.0596e-03   1.3136e-03   2.5220e+02
20260908_11:00:00   1.4432e-01   3.9266e+01   3.0418e+00   8.6240e-04   1.2754e-03   2.5241e+02
20260908_12:00:00   1.4606e-01   3.9629e+01   3.0895e+00   7.6500e-04   1.4344e-03   2.5379e+02
20260908_13:00:00   1.4226e-01   3.8790e+01   3.0417e+00   2.3880e-04   9.0831e-04   2.5450e+02
20260908_14:00:00   1.4193e-01   3.8721e+01   3.0600e+00   1.8548e-05   6.3879e-04   2.5399e+02
20260908_15:00:00   1.4098e-01   3.8514e+01   3.0510e+00   0.0000e+00   1.2686e-03   2.5420e+02
20260908_16:00:00   1.4006e-01   3.8333e+01   3.0443e+00   0.0000e+00   1.4129e-03   2.5387e+02
20260908_17:00:00   1.4631e-01   3.9721e+01   3.2065e+00   1.7668e-05   1.9344e-03   2.5545e+02
20260908_18:00:00   1.5015e-01   4.0522e+01   3.2852e+00   9.3455e-04   2.6603e-03   2.5480e+02
20260908_19:00:00   1.4381e-01   3.9167e+01   3.1847e+00   9.0419e-05   1.3789e-03   2.5448e+02
20260908_20:00:00   1.3932e-01   3.8190e+01   3.0722e+00   0.0000e+00   2.3747e-04   2.5451e+02
20260908_21:00:00   1.2837e-01   3.5788e+01   2.8174e+00   0.0000e+00   6.3061e-05   2.5363e+02
20260908_22:00:00   1.2957e-01   3.6070e+01   2.8056e+00   0.0000e+00   0.0000e+00   2.5299e+02
20260908_23:00:00   1.3241e-01   3.6663e+01   2.8574e+00   0.0000e+00   0.0000e+00   2.5273e+02
20260909_00:00:00   1.2669e-01   3.5378e+01   2.7278e+00   0.0000e+00   0.0000e+00   2.5196e+02
20260909_01:00:00   1.2177e-01   3.4252e+01   2.6294e+00   0.0000e+00   0.0000e+00   2.5253e+02
20260909_02:00:00   1.1660e-01   3.3086e+01   2.5231e+00   0.0000e+00   0.0000e+00   2.5246e+02
20260909_03:00:00   1.1221e-01   3.2093e+01   2.4358e+00   0.0000e+00   0.0000e+00   2.5321e+02
20260909_04:00:00   1.0902e-01   3.1357e+01   2.3717e+00   0.0000e+00   0.0000e+00   2.5362e+02
20260909_05:00:00   1.0796e-01   3.1112e+01   2.3343e+00   0.0000e+00   0.0000e+00   2.5519e+02
20260909_06:00:00   1.0359e-01   3.0086e+01   2.2417e+00   0.0000e+00   0.0000e+00   2.5568e+02
20260909_09:00:00   1.1016e-01   3.1542e+01   2.3860e+00   0.0000e+00   0.0000e+00   2.5565e+02
20260909_12:00:00   1.1299e-01   3.2164e+01   2.4531e+00   0.0000e+00   0.0000e+00   2.5700e+02
20260909_15:00:00   1.1309e-01   3.2230e+01   2.4824e+00   0.0000e+00   0.0000e+00   2.5445e+02
20260909_18:00:00   1.4763e-01   3.9844e+01   3.2260e+00   1.4582e-03   1.2675e-03   2.5278e+02
20260909_21:00:00   1.4937e-01   4.0181e+01   3.3096e+00   4.2900e-05   1.3429e-03   2.5289e+02
20260910_00:00:00   1.2670e-01   3.5328e+01   2.6473e+00   8.4620e-04   3.7153e-04   2.5440e+02
20260910_03:00:00   8.0618e-02   2.4731e+01   1.6569e+00   0.0000e+00   0.0000e+00   2.5504e+02
20260910_06:00:00   6.5701e-02   2.1108e+01   1.3411e+00   0.0000e+00   0.0000e+00   2.5667e+02
20260910_09:00:00   7.3382e-02   2.2903e+01   1.5179e+00   0.0000e+00   0.0000e+00   2.5980e+02
20260910_12:00:00   7.8339e-02   2.4008e+01   1.6434e+00   0.0000e+00   0.0000e+00   2.6413e+02
20260910_15:00:00   9.1201e-02   2.7045e+01   1.9510e+00   0.0000e+00   0.0000e+00   2.6508e+02
20260910_18:00:00   1.0813e-01   3.0979e+01   2.3393e+00   0.0000e+00   9.3200e-05   2.6534e+02
20260910_21:00:00   1.1149e-01   3.1804e+01   2.3061e+00   6.2140e-04   9.1229e-04   2.6587e+02
20260911_00:00:00   1.0085e-01   2.9422e+01   2.0362e+00   0.0000e+00   5.1905e-04   2.6386e+02
20260911_03:00:00   5.2815e-02   1.7837e+01   1.0489e+00   0.0000e+00   0.0000e+00   2.6679e+02
20260911_06:00:00   3.3378e-02   1.2776e+01   6.2611e-01   0.0000e+00   0.0000e+00   2.6536e+02
20260911_09:00:00   3.7547e-02   1.3782e+01   7.4680e-01   0.0000e+00   5.7152e-05   2.6603e+02
20260911_12:00:00   4.4530e-02   1.5608e+01   9.1912e-01   0.0000e+00   0.0000e+00   2.7110e+02
20260911_15:00:00   3.9224e-02   1.4389e+01   7.8291e-01   0.0000e+00   0.0000e+00   2.7338e+02
20260911_18:00:00   4.1185e-02   1.4955e+01   8.2503e-01   0.0000e+00   0.0000e+00   2.7209e+02
20260911_21:00:00   4.6646e-02   1.6408e+01   9.5202e-01   0.0000e+00   0.0000e+00   2.7315e+02
20260912_00:00:00   4.0909e-02   1.4945e+01   8.0026e-01   0.0000e+00   0.0000e+00   2.7369e+02
20260912_03:00:00   3.1110e-02   1.2344e+01   5.5975e-01   0.0000e+00   0.0000e+00   2.7129e+02
20260912_06:00:00   3.4910e-02   1.3279e+01   6.6992e-01   0.0000e+00   0.0000e+00   2.7160e+02
20260912_09:00:00   3.4953e-02   1.3292e+01   6.6328e-01   0.0000e+00   0.0000e+00   2.7236e+02
20260912_12:00:00   3.9107e-02   1.4382e+01   7.6438e-01   0.0000e+00   0.0000e+00   2.7210e+02
20260912_15:00:00   4.1988e-02   1.5169e+01   8.2859e-01   0.0000e+00   0.0000e+00   2.7204e+02
20260912_18:00:00   6.2556e-02   2.0320e+01   1.3542e+00   0.0000e+00   0.0000e+00   2.7210e+02
20260912_21:00:00   8.2667e-02   2.5162e+01   1.8527e+00   0.0000e+00   0.0000e+00   2.7396e+02
20260913_00:00:00   7.3552e-02   2.2952e+01   1.6165e+00   0.0000e+00   0.0000e+00   2.7386e+02
20260913_03:00:00   4.5506e-02   1.6010e+01   9.3659e-01   0.0000e+00   0.0000e+00   2.7406e+02
20260913_06:00:00   4.4625e-02   1.5754e+01   9.1960e-01   0.0000e+00   0.0000e+00   2.7336e+02
20260913_09:00:00   4.8406e-02   1.6694e+01   1.0103e+00   0.0000e+00   0.0000e+00   2.7499e+02
20260913_12:00:00   4.8111e-02   1.6617e+01   1.0015e+00   0.0000e+00   1.8028e-07   2.7077e+02
20260913_15:00:00   4.8814e-02   1.6840e+01   1.0166e+00   0.0000e+00   0.0000e+00   2.7098e+02
20260913_18:00:00   5.7009e-02   1.8910e+01   1.2337e+00   0.0000e+00   0.0000e+00   2.7174e+02
20260913_21:00:00   7.2142e-02   2.2628e+01   1.5920e+00   0.0000e+00   0.0000e+00   2.7158e+02
20260914_00:00:00   6.0691e-02   1.9857e+01   1.2892e+00   0.0000e+00   0.0000e+00   2.7106e+02
20260914_03:00:00   3.9059e-02   1.4426e+01   7.7266e-01   0.0000e+00   0.0000e+00   2.6998e+02
20260914_06:00:00   3.4139e-02   1.3122e+01   6.5447e-01   0.0000e+00   0.0000e+00   2.6931e+02
20260914_09:00:00   3.2950e-02   1.2799e+01   6.2589e-01   0.0000e+00   0.0000e+00   2.6695e+02
20260914_12:00:00   3.1746e-02   1.2493e+01   5.9596e-01   0.0000e+00   0.0000e+00   2.6743e+02
20260914_15:00:00   3.0949e-02   1.2313e+01   5.7165e-01   0.0000e+00   0.0000e+00   2.6672e+02
20260914_18:00:00   3.7446e-02   1.4041e+01   7.3973e-01   0.0000e+00   0.0000e+00   2.6872e+02
20260914_21:00:00   4.4761e-02   1.5953e+01   9.2289e-01   0.0000e+00   0.0000e+00   2.6948e+02
20260915_00:00:00   3.8574e-02   1.4359e+01   7.5468e-01   0.0000e+00   0.0000e+00   2.6669e+02
20260915_03:00:00   2.9648e-02   1.2017e+01   5.2844e-01   0.0000e+00   0.0000e+00   2.6692e+02
20260915_06:00:00   2.7053e-02   1.1311e+01   4.6041e-01   0.0000e+00   0.0000e+00   2.6887e+02
20260915_09:00:00   2.5573e-02   1.0907e+01   4.1951e-01   0.0000e+00   0.0000e+00   2.6688e+02
20260915_12:00:00   2.5968e-02   1.1012e+01   4.2932e-01   0.0000e+00   0.0000e+00   2.6563e+02
20260915_15:00:00   3.2700e-02   1.2798e+01   6.1411e-01   0.0000e+00   0.0000e+00   2.6682e+02
20260915_18:00:00   7.1885e-02   2.2622e+01   1.6271e+00   0.0000e+00   2.7740e-05   2.6471e+02
20260915_21:00:00   1.2124e-01   3.4266e+01   2.7394e+00   7.6860e-05   1.9007e-03   2.6278e+02
20260916_00:00:00   8.5507e-02   2.5891e+01   1.9070e+00   0.0000e+00   3.1420e-06   2.6523e+02
20260916_03:00:00   6.8393e-02   2.1787e+01   1.4978e+00   0.0000e+00   0.0000e+00   2.6327e+02
20260916_06:00:00   5.6922e-02   1.8927e+01   1.2265e+00   0.0000e+00   0.0000e+00   2.6118e+02
20260916_09:00:00   4.8619e-02   1.6805e+01   1.0287e+00   0.0000e+00   0.0000e+00   2.5967e+02
20260916_12:00:00   4.5660e-02   1.6045e+01   9.5898e-01   0.0000e+00   0.0000e+00   2.6173e+02
20260916_15:00:00   4.4355e-02   1.5738e+01   9.3363e-01   0.0000e+00   0.0000e+00   2.6123e+02
20260916_18:00:00   6.0000e-02   1.9685e+01   1.3456e+00   0.0000e+00   0.0000e+00   2.6056e+02
20260916_21:00:00   6.7141e-02   2.1524e+01   1.5023e+00   0.0000e+00   0.0000e+00   2.5740e+02
20260917_00:00:00   5.4576e-02   1.8433e+01   1.1830e+00   0.0000e+00   0.0000e+00   2.5608e+02
20260917_03:00:00   4.2571e-02   1.5426e+01   8.8526e-01   0.0000e+00   0.0000e+00   2.5724e+02
20260917_06:00:00   3.8669e-02   1.4390e+01   7.8543e-01   0.0000e+00   0.0000e+00   2.6054e+02
20260917_09:00:00   3.7351e-02   1.4033e+01   7.4810e-01   0.0000e+00   0.0000e+00   2.6252e+02
20260917_12:00:00   3.5560e-02   1.3573e+01   7.0205e-01   0.0000e+00   0.0000e+00   2.6217e+02
20260917_15:00:00   3.7570e-02   1.4101e+01   7.6075e-01   0.0000e+00   0.0000e+00   2.6314e+02
20260917_18:00:00   4.1777e-02   1.5234e+01   8.6781e-01   0.0000e+00   0.0000e+00   2.5568e+02
20260917_21:00:00   4.4685e-02   1.5987e+01   9.4095e-01   0.0000e+00   0.0000e+00   2.5299e+02
20260918_00:00:00   4.0430e-02   1.4886e+01   8.2512e-01   0.0000e+00   0.0000e+00   2.5508e+02
20260918_03:00:00   3.3719e-02   1.3118e+01   6.5301e-01   0.0000e+00   0.0000e+00   2.5808e+02
20260918_06:00:00   3.2083e-02   1.2667e+01   6.0781e-01   0.0000e+00   0.0000e+00   2.5844e+02
20260918_09:00:00   6.3699e-02   2.0631e+01   1.4599e+00   0.0000e+00   0.0000e+00   2.5829e+02
20260918_12:00:00   5.9879e-02   1.9717e+01   1.3572e+00   0.0000e+00   1.8028e-07   2.5999e+02
20260918_15:00:00   7.3315e-02   2.2952e+01   1.7409e+00   0.0000e+00   1.8028e-07   2.5780e+02
20260918_18:00:00   1.8095e-01   4.7422e+01   4.2502e+00   0.0000e+00   1.3073e-02   2.6140e+02
20260918_21:00:00   1.7080e-01   4.5307e+01   3.9743e+00   0.0000e+00   7.0273e-03   2.6357e+02
20260919_00:00:00   1.6432e-01   4.3820e+01   3.8160e+00   0.0000e+00   1.3759e-02   2.6175e+02
20260919_03:00:00   1.4429e-01   3.9495e+01   3.3229e+00   0.0000e+00   2.7559e-04   2.5784e+02
20260919_06:00:00   1.2367e-01   3.4786e+01   2.8464e+00   0.0000e+00   0.0000e+00   2.5749e+02
20260919_09:00:00   1.0507e-01   3.0499e+01   2.3987e+00   0.0000e+00   0.0000e+00   2.5776e+02
20260919_12:00:00   1.1373e-01   3.2547e+01   2.5564e+00   0.0000e+00   5.5440e-05   2.6303e+02
20260919_15:00:00   1.0790e-01   3.1217e+01   2.4450e+00   0.0000e+00   0.0000e+00   2.6336e+02
20260919_18:00:00   1.4297e-01   3.9033e+01   3.2997e+00   0.0000e+00   3.8151e-03   2.6336e+02
20260919_21:00:00   1.6293e-01   4.3359e+01   3.6678e+00   6.4920e-06   4.2990e-03   2.6284e+02
20260920_00:00:00   1.8687e-01   4.8346e+01   4.1242e+00   0.0000e+00   1.1705e-01   2.5925e+02
20260920_03:00:00   1.8539e-01   4.8068e+01   4.0148e+00   6.6704e-06   1.1528e-01   2.5821e+02
20260920_06:00:00   1.6103e-01   4.2744e+01   3.5549e+00   7.7060e-05   3.6511e-02   2.6111e+02
