#            date       tau255        Tb[K]      pwv[mm] lwp[kg*m^-2] iwp[kg*m^-2]       o3[DU]
20260728_06:00:00   1.0488e-01   3.0095e+01   2.3172e+00   0.0000e+00   6.0280e-05   2.5721e+02
20260728_07:00:00   1.0399e-01   2.9820e+01   2.3057e+00   0.0000e+00   1.7202e-04   2.5889e+02
20260728_08:00:00   1.0827e-01   3.0727e+01   2.3991e+00   0.0000e+00   9.0325e-04   2.6025e+02
20260728_09:00:00   9.9949e-02   2.8869e+01   2.1959e+00   0.0000e+00   2.3160e-04   2.6192e+02
20260728_10:00:00   9.8925e-02   2.8589e+01   2.1686e+00   4.6360e-06   7.1201e-04   2.6095e+02
20260728_11:00:00   9.5385e-02   2.7767e+01   2.0801e+00   0.0000e+00   6.5327e-04   2.5789e+02
20260728_12:00:00   9.3047e-02   2.7245e+01   2.0176e+00   0.0000e+00   0.0000e+00   2.5630e+02
20260728_13:00:00   9.1121e-02   2.6792e+01   1.9690e+00   0.0000e+00   0.0000e+00   2.5742e+02
20260728_14:00:00   9.2138e-02   2.7024e+01   1.9858e+00   0.0000e+00   0.0000e+00   2.5930e+02
20260728_15:00:00   8.6721e-02   2.5786e+01   1.8531e+00   0.0000e+00   0.0000e+00   2.6091e+02
20260728_16:00:00   7.4100e-02   2.2900e+01   1.5526e+00   0.0000e+00   0.0000e+00   2.6128e+02
20260728_17:00:00   6.5501e-02   2.0872e+01   1.3590e+00   0.0000e+00   0.0000e+00   2.5976e+02
20260728_18:00:00   6.7155e-02   2.1248e+01   1.4144e+00   0.0000e+00   0.0000e+00   2.5639e+02
20260728_19:00:00   6.9603e-02   2.1795e+01   1.4822e+00   0.0000e+00   0.0000e+00   2.5645e+02
20260728_20:00:00   6.6961e-02   2.1148e+01   1.4221e+00   0.0000e+00   1.0648e-04   2.5689e+02
20260728_21:00:00   6.7494e-02   2.1264e+01   1.4374e+00   0.0000e+00   9.5880e-05   2.5521e+02
20260728_22:00:00   6.7115e-02   2.1150e+01   1.4306e+00   0.0000e+00   2.4664e-04   2.5464e+02
20260728_23:00:00   7.4727e-02   2.2878e+01   1.6272e+00   0.0000e+00   5.2493e-03   2.5318e+02
20260729_00:00:00   7.9414e-02   2.3892e+01   1.7605e+00   0.0000e+00   2.7427e-02   2.5106e+02
20260729_01:00:00   8.8441e-02   2.5952e+01   2.0051e+00   0.0000e+00   6.9609e-03   2.5108e+02
20260729_02:00:00   8.5930e-02   2.5357e+01   1.9508e+00   0.0000e+00   1.5757e-02   2.5327e+02
20260729_03:00:00   8.6023e-02   2.5355e+01   1.9785e+00   0.0000e+00   9.9607e-03   2.5159e+02
20260729_04:00:00   6.4174e-02   2.0221e+01   1.4390e+00   0.0000e+00   7.7747e-03   2.5218e+02
20260729_05:00:00   5.5739e-02   1.8225e+01   1.2184e+00   0.0000e+00   5.7322e-03   2.5347e+02
20260729_06:00:00   5.3464e-02   1.7671e+01   1.1617e+00   0.0000e+00   1.5850e-03   2.5533e+02
20260729_07:00:00   5.1791e-02   1.7322e+01   1.1103e+00   0.0000e+00   3.8417e-05   2.5615e+02
20260729_08:00:00   6.0710e-02   1.9496e+01   1.3366e+00   0.0000e+00   5.7960e-06   2.5737e+02
20260729_09:00:00   7.0706e-02   2.1896e+01   1.5849e+00   0.0000e+00   6.4320e-04   2.5795e+02
20260729_10:00:00   7.1394e-02   2.2122e+01   1.5965e+00   0.0000e+00   5.3000e-05   2.5792e+02
20260729_11:00:00   7.5087e-02   2.3030e+01   1.6818e+00   0.0000e+00   1.2204e-04   2.5693e+02
20260729_12:00:00   8.1624e-02   2.4617e+01   1.8401e+00   0.0000e+00   2.3180e-06   2.5706e+02
20260729_13:00:00   8.5410e-02   2.5547e+01   1.9293e+00   0.0000e+00   0.0000e+00   2.5720e+02
20260729_14:00:00   8.4429e-02   2.5366e+01   1.8997e+00   0.0000e+00   0.0000e+00   2.5589e+02
20260729_15:00:00   7.8640e-02   2.4070e+01   1.7573e+00   0.0000e+00   0.0000e+00   2.5540e+02
20260729_16:00:00   7.2520e-02   2.2654e+01   1.6066e+00   0.0000e+00   0.0000e+00   2.5450e+02
20260729_17:00:00   6.8897e-02   2.1781e+01   1.5233e+00   0.0000e+00   0.0000e+00   2.5318e+02
20260729_18:00:00   6.3538e-02   2.0487e+01   1.3948e+00   0.0000e+00   0.0000e+00   2.5201e+02
20260729_19:00:00   5.7993e-02   1.9138e+01   1.2564e+00   0.0000e+00   0.0000e+00   2.5137e+02
20260729_20:00:00   5.6296e-02   1.8738e+01   1.2120e+00   0.0000e+00   0.0000e+00   2.5149e+02
20260729_21:00:00   5.5789e-02   1.8635e+01   1.1960e+00   0.0000e+00   0.0000e+00   2.5220e+02
20260729_22:00:00   5.2897e-02   1.7920e+01   1.1233e+00   0.0000e+00   0.0000e+00   2.5194e+02
20260729_23:00:00   5.1537e-02   1.7580e+01   1.0881e+00   0.0000e+00   0.0000e+00   2.5018e+02
20260730_00:00:00   4.8811e-02   1.6905e+01   1.0183e+00   0.0000e+00   0.0000e+00   2.4659e+02
20260730_01:00:00   4.6919e-02   1.6439e+01   9.7137e-01   0.0000e+00   0.0000e+00   2.4450e+02
20260730_02:00:00   4.5725e-02   1.6140e+01   9.4377e-01   0.0000e+00   0.0000e+00   2.4263e+02
20260730_03:00:00   4.5502e-02   1.6087e+01   9.3987e-01   0.0000e+00   0.0000e+00   2.4232e+02
20260730_04:00:00   4.4355e-02   1.5804e+01   9.1193e-01   0.0000e+00   0.0000e+00   2.4254e+02
20260730_05:00:00   4.3571e-02   1.5615e+01   8.9214e-01   0.0000e+00   0.0000e+00   2.4225e+02
20260730_06:00:00   4.3516e-02   1.5608e+01   8.9045e-01   0.0000e+00   0.0000e+00   2.4068e+02
20260730_07:00:00   4.3557e-02   1.5628e+01   8.9091e-01   0.0000e+00   0.0000e+00   2.3919e+02
20260730_08:00:00   4.3191e-02   1.5540e+01   8.8105e-01   0.0000e+00   0.0000e+00   2.3974e+02
20260730_09:00:00   4.2573e-02   1.5385e+01   8.6522e-01   0.0000e+00   0.0000e+00   2.4021e+02
20260730_10:00:00   4.1976e-02   1.5238e+01   8.5027e-01   0.0000e+00   0.0000e+00   2.3956e+02
20260730_11:00:00   4.0943e-02   1.4986e+01   8.2226e-01   0.0000e+00   0.0000e+00   2.3851e+02
20260730_12:00:00   4.0235e-02   1.4810e+01   8.0417e-01   0.0000e+00   0.0000e+00   2.4025e+02
20260730_13:00:00   3.9866e-02   1.4716e+01   7.9561e-01   0.0000e+00   0.0000e+00   2.4032e+02
20260730_14:00:00   3.9546e-02   1.4626e+01   7.8793e-01   0.0000e+00   0.0000e+00   2.3900e+02
20260730_15:00:00   4.0303e-02   1.4815e+01   8.0946e-01   0.0000e+00   0.0000e+00   2.3820e+02
20260730_16:00:00   4.0906e-02   1.4965e+01   8.2971e-01   0.0000e+00   0.0000e+00   2.3734e+02
20260730_17:00:00   4.1957e-02   1.5227e+01   8.6169e-01   0.0000e+00   0.0000e+00   2.3721e+02
20260730_18:00:00   4.1696e-02   1.5158e+01   8.5448e-01   0.0000e+00   0.0000e+00   2.3866e+02
20260730_19:00:00   4.2090e-02   1.5260e+01   8.6215e-01   0.0000e+00   0.0000e+00   2.4093e+02
20260730_20:00:00   4.4260e-02   1.5816e+01   9.1496e-01   0.0000e+00   0.0000e+00   2.4078e+02
20260730_21:00:00   4.6210e-02   1.6311e+01   9.6067e-01   0.0000e+00   0.0000e+00   2.3955e+02
20260730_22:00:00   4.5017e-02   1.6012e+01   9.2975e-01   0.0000e+00   0.0000e+00   2.3897e+02
20260730_23:00:00   4.4984e-02   1.6001e+01   9.2880e-01   0.0000e+00   0.0000e+00   2.3825e+02
20260731_00:00:00   4.2531e-02   1.5385e+01   8.6227e-01   0.0000e+00   0.0000e+00   2.3855e+02
20260731_01:00:00   3.9872e-02   1.4708e+01   7.9016e-01   0.0000e+00   0.0000e+00   2.3861e+02
20260731_02:00:00   3.6297e-02   1.3781e+01   6.9595e-01   0.0000e+00   0.0000e+00   2.3923e+02
20260731_03:00:00   3.7998e-02   1.4219e+01   7.3623e-01   0.0000e+00   0.0000e+00   2.4043e+02
20260731_04:00:00   4.7132e-02   1.6509e+01   9.7858e-01   0.0000e+00   0.0000e+00   2.3981e+02
20260731_05:00:00   5.8354e-02   1.9274e+01   1.2633e+00   0.0000e+00   0.0000e+00   2.3955e+02
20260731_06:00:00   7.5737e-02   2.3458e+01   1.6847e+00   0.0000e+00   0.0000e+00   2.4138e+02
20260731_07:00:00   9.1825e-02   2.7238e+01   2.0611e+00   0.0000e+00   6.7759e-06   2.4306e+02
20260731_08:00:00   1.0558e-01   3.0439e+01   2.3750e+00   0.0000e+00   6.9080e-06   2.4268e+02
20260731_09:00:00   1.2570e-01   3.5006e+01   2.8284e+00   0.0000e+00   9.0458e-05   2.4260e+02
20260731_10:00:00   1.4491e-01   3.9329e+01   3.2038e+00   7.4880e-04   2.3119e-03   2.4111e+02
20260731_11:00:00   1.3193e-01   3.6620e+01   2.9212e+00   0.0000e+00   2.7820e-06   2.3946e+02
20260731_12:00:00   1.1936e-01   3.3810e+01   2.6273e+00   0.0000e+00   0.0000e+00   2.3865e+02
20260731_13:00:00   1.1762e-01   3.3394e+01   2.5548e+00   0.0000e+00   0.0000e+00   2.4105e+02
20260731_14:00:00   9.1774e-02   2.7417e+01   1.9742e+00   0.0000e+00   0.0000e+00   2.4407e+02
20260731_15:00:00   7.3025e-02   2.2949e+01   1.5470e+00   0.0000e+00   0.0000e+00   2.4429e+02
20260731_16:00:00   7.6436e-02   2.3728e+01   1.6337e+00   0.0000e+00   0.0000e+00   2.4301e+02
20260731_17:00:00   8.3873e-02   2.5442e+01   1.8111e+00   0.0000e+00   0.0000e+00   2.4491e+02
20260731_18:00:00   9.6406e-02   2.8266e+01   2.1192e+00   0.0000e+00   0.0000e+00   2.4558e+02
20260731_19:00:00   8.8872e-02   2.6527e+01   1.9517e+00   0.0000e+00   0.0000e+00   2.4446e+02
20260731_20:00:00   9.1013e-02   2.7010e+01   1.9819e+00   0.0000e+00   0.0000e+00   2.4558e+02
20260731_21:00:00   9.7267e-02   2.8411e+01   2.1165e+00   0.0000e+00   0.0000e+00   2.4737e+02
20260731_22:00:00   8.8940e-02   2.6406e+01   1.9515e+00   0.0000e+00   1.0740e-05   2.4745e+02
20260731_23:00:00   8.5716e-02   2.5626e+01   1.8818e+00   0.0000e+00   1.5514e-03   2.4729e+02
20260801_00:00:00   8.8251e-02   2.6221e+01   1.9266e+00   0.0000e+00   1.2430e-04   2.4788e+02
20260801_01:00:00   7.0734e-02   2.2145e+01   1.5038e+00   0.0000e+00   1.7068e-04   2.4879e+02
20260801_02:00:00   5.4730e-02   1.8247e+01   1.1243e+00   0.0000e+00   3.1201e-04   2.5138e+02
20260801_03:00:00   5.3635e-02   1.7942e+01   1.1118e+00   0.0000e+00   3.2000e-06   2.5084e+02
20260801_04:00:00   5.0801e-02   1.7196e+01   1.0583e+00   0.0000e+00   1.4948e-03   2.4930e+02
20260801_05:00:00   4.6140e-02   1.6054e+01   9.3999e-01   0.0000e+00   0.0000e+00   2.4673e+02
20260801_06:00:00   4.4494e-02   1.5617e+01   9.0573e-01   0.0000e+00   3.6060e-07   2.4743e+02
20260801_07:00:00   4.4539e-02   1.5605e+01   9.1245e-01   0.0000e+00   6.5260e-05   2.4911e+02
20260801_08:00:00   4.5269e-02   1.5760e+01   9.3581e-01   0.0000e+00   6.2676e-04   2.4896e+02
20260801_09:00:00   4.4544e-02   1.5562e+01   9.1997e-01   0.0000e+00   1.9200e-03   2.4996e+02
20260801_10:00:00   4.3525e-02   1.5302e+01   8.9433e-01   0.0000e+00   2.5259e-03   2.5058e+02
20260801_11:00:00   4.2546e-02   1.5067e+01   8.6809e-01   0.0000e+00   4.7952e-04   2.5053e+02
20260801_12:00:00   4.1929e-02   1.4915e+01   8.5294e-01   0.0000e+00   2.5476e-05   2.4981e+02
20260801_13:00:00   4.0426e-02   1.4545e+01   8.1316e-01   0.0000e+00   1.5968e-03   2.4943e+02
20260801_14:00:00   4.0812e-02   1.4656e+01   8.2229e-01   0.0000e+00   4.6936e-04   2.5023e+02
20260801_15:00:00   4.3636e-02   1.5350e+01   9.0049e-01   0.0000e+00   1.6828e-03   2.5149e+02
20260801_16:00:00   4.6708e-02   1.6104e+01   9.8551e-01   0.0000e+00   4.4417e-03   2.5165e+02
20260801_17:00:00   5.0853e-02   1.7103e+01   1.0984e+00   0.0000e+00   6.8341e-03   2.5167e+02
20260801_18:00:00   5.6475e-02   1.8473e+01   1.2497e+00   0.0000e+00   3.3573e-03   2.5116e+02
20260801_19:00:00   6.0066e-02   1.9353e+01   1.3422e+00   0.0000e+00   2.4420e-03   2.5110e+02
20260801_20:00:00   6.1736e-02   1.9772e+01   1.3814e+00   0.0000e+00   3.5441e-03   2.5047e+02
20260801_21:00:00   6.1490e-02   1.9737e+01   1.3708e+00   0.0000e+00   4.0260e-03   2.4883e+02
20260801_22:00:00   6.2182e-02   1.9920e+01   1.3839e+00   0.0000e+00   4.9095e-03   2.5066e+02
20260801_23:00:00   6.1627e-02   1.9796e+01   1.3668e+00   0.0000e+00   4.6869e-03   2.5182e+02
20260802_00:00:00   6.1665e-02   1.9795e+01   1.3672e+00   0.0000e+00   4.8457e-03   2.5260e+02
20260802_01:00:00   5.6089e-02   1.8459e+01   1.2212e+00   0.0000e+00   2.9744e-03   2.5258e+02
20260802_02:00:00   5.3011e-02   1.7712e+01   1.1406e+00   0.0000e+00   1.5987e-03   2.5135e+02
20260802_03:00:00   5.0288e-02   1.7051e+01   1.0667e+00   0.0000e+00   1.9468e-03   2.5058e+02
20260802_04:00:00   4.9707e-02   1.6923e+01   1.0474e+00   0.0000e+00   1.6803e-03   2.5032e+02
20260802_05:00:00   4.9385e-02   1.6845e+01   1.0371e+00   0.0000e+00   7.3038e-04   2.5063e+02
20260802_06:00:00   4.9999e-02   1.7005e+01   1.0482e+00   0.0000e+00   1.9698e-04   2.5200e+02
20260802_09:00:00   4.9618e-02   1.6930e+01   1.0217e+00   0.0000e+00   0.0000e+00   2.5276e+02
20260802_12:00:00   5.2373e-02   1.7585e+01   1.0925e+00   0.0000e+00   0.0000e+00   2.5231e+02
20260802_15:00:00   6.1207e-02   1.9752e+01   1.3047e+00   0.0000e+00   0.0000e+00   2.5279e+02
20260802_18:00:00   6.9386e-02   2.1801e+01   1.4922e+00   0.0000e+00   0.0000e+00   2.4977e+02
20260802_21:00:00   6.0510e-02   1.9727e+01   1.2650e+00   0.0000e+00   0.0000e+00   2.4944e+02
20260803_00:00:00   6.1541e-02   1.9962e+01   1.2891e+00   0.0000e+00   0.0000e+00   2.5070e+02
20260803_03:00:00   5.6851e-02   1.8786e+01   1.1776e+00   0.0000e+00   0.0000e+00   2.4922e+02
20260803_06:00:00   5.3812e-02   1.8048e+01   1.1022e+00   0.0000e+00   0.0000e+00   2.5236e+02
20260803_09:00:00   5.2106e-02   1.7640e+01   1.0637e+00   0.0000e+00   0.0000e+00   2.5063e+02
20260803_12:00:00   5.0804e-02   1.7308e+01   1.0383e+00   0.0000e+00   0.0000e+00   2.5124e+02
20260803_15:00:00   5.2791e-02   1.7804e+01   1.0967e+00   0.0000e+00   0.0000e+00   2.4884e+02
20260803_18:00:00   5.3805e-02   1.8055e+01   1.1262e+00   0.0000e+00   0.0000e+00   2.4996e+02
20260803_21:00:00   5.7882e-02   1.9104e+01   1.2088e+00   0.0000e+00   0.0000e+00   2.4940e+02
20260804_00:00:00   5.7616e-02   1.9064e+01   1.1865e+00   0.0000e+00   0.0000e+00   2.4919e+02
20260804_03:00:00   5.6463e-02   1.8763e+01   1.1679e+00   0.0000e+00   0.0000e+00   2.4680e+02
20260804_06:00:00   5.7570e-02   1.9008e+01   1.2046e+00   0.0000e+00   0.0000e+00   2.4822e+02
20260804_09:00:00   5.4964e-02   1.8357e+01   1.1356e+00   0.0000e+00   0.0000e+00   2.4637e+02
20260804_12:00:00   5.1666e-02   1.7550e+01   1.0415e+00   0.0000e+00   0.0000e+00   2.4353e+02
20260804_15:00:00   5.2041e-02   1.7606e+01   1.0635e+00   0.0000e+00   0.0000e+00   2.4757e+02
20260804_18:00:00   4.9692e-02   1.6985e+01   1.0123e+00   0.0000e+00   0.0000e+00   2.5119e+02
20260804_21:00:00   6.8919e-02   2.1650e+01   1.4708e+00   0.0000e+00   0.0000e+00   2.4980e+02
20260805_00:00:00   7.7328e-02   2.3640e+01   1.6276e+00   0.0000e+00   0.0000e+00   2.5183e+02
20260805_03:00:00   4.3658e-02   1.5551e+01   8.2718e-01   0.0000e+00   0.0000e+00   2.5998e+02
20260805_06:00:00   4.2041e-02   1.5141e+01   7.8845e-01   0.0000e+00   0.0000e+00   2.6813e+02
20260805_09:00:00   4.5209e-02   1.5893e+01   8.7175e-01   0.0000e+00   0.0000e+00   2.7554e+02
20260805_12:00:00   5.0282e-02   1.7111e+01   1.0145e+00   0.0000e+00   0.0000e+00   2.7812e+02
20260805_15:00:00   3.5395e-02   1.3456e+01   6.2441e-01   0.0000e+00   0.0000e+00   2.8101e+02
20260805_18:00:00   3.0760e-02   1.2259e+01   5.0941e-01   0.0000e+00   0.0000e+00   2.8282e+02
20260805_21:00:00   4.0488e-02   1.4771e+01   7.4813e-01   0.0000e+00   0.0000e+00   2.7546e+02
20260806_00:00:00   4.1902e-02   1.5110e+01   7.8348e-01   0.0000e+00   0.0000e+00   2.6820e+02
20260806_03:00:00   2.7142e-02   1.1254e+01   4.2611e-01   0.0000e+00   0.0000e+00   2.6927e+02
20260806_06:00:00   2.4225e-02   1.0438e+01   3.6008e-01   0.0000e+00   0.0000e+00   2.6911e+02
20260806_09:00:00   2.4586e-02   1.0495e+01   3.8202e-01   0.0000e+00   0.0000e+00   2.6875e+02
20260806_12:00:00   2.5655e-02   1.0791e+01   4.1177e-01   0.0000e+00   0.0000e+00   2.7110e+02
20260806_15:00:00   2.8323e-02   1.1533e+01   4.8423e-01   0.0000e+00   0.0000e+00   2.6995e+02
20260806_18:00:00   2.9932e-02   1.2011e+01   5.2770e-01   0.0000e+00   0.0000e+00   2.6765e+02
20260806_21:00:00   3.0582e-02   1.2192e+01   5.5484e-01   0.0000e+00   0.0000e+00   2.6637e+02
20260807_00:00:00   3.2724e-02   1.2756e+01   6.1938e-01   0.0000e+00   0.0000e+00   2.6987e+02
20260807_03:00:00   3.8800e-02   1.4296e+01   8.0088e-01   0.0000e+00   0.0000e+00   2.7009e+02
20260807_06:00:00   3.7221e-02   1.3962e+01   7.4352e-01   0.0000e+00   0.0000e+00   2.6844e+02
20260807_09:00:00   3.3528e-02   1.3044e+01   6.3040e-01   0.0000e+00   0.0000e+00   2.6702e+02
20260807_12:00:00   2.8588e-02   1.1775e+01   4.8818e-01   0.0000e+00   0.0000e+00   2.6706e+02
20260807_15:00:00   2.5758e-02   1.1025e+01   4.1060e-01   0.0000e+00   0.0000e+00   2.6435e+02
20260807_18:00:00   2.4695e-02   1.0738e+01   3.8249e-01   0.0000e+00   0.0000e+00   2.6401e+02
20260807_21:00:00   2.5045e-02   1.0826e+01   3.9131e-01   0.0000e+00   0.0000e+00   2.6288e+02
20260808_00:00:00   2.4687e-02   1.0721e+01   3.8201e-01   0.0000e+00   0.0000e+00   2.6196e+02
20260808_03:00:00   2.5518e-02   1.0951e+01   4.0776e-01   0.0000e+00   0.0000e+00   2.6117e+02
20260808_06:00:00   2.5587e-02   1.0975e+01   4.0943e-01   0.0000e+00   0.0000e+00   2.6349e+02
20260808_09:00:00   2.7149e-02   1.1383e+01   4.5460e-01   0.0000e+00   0.0000e+00   2.6183e+02
20260808_12:00:00   3.0054e-02   1.2112e+01   5.4382e-01   0.0000e+00   0.0000e+00   2.6180e+02
20260808_15:00:00   3.0287e-02   1.2160e+01   5.5634e-01   0.0000e+00   0.0000e+00   2.6224e+02
20260808_18:00:00   3.2748e-02   1.2791e+01   6.2807e-01   0.0000e+00   5.2340e-06   2.6488e+02
20260808_21:00:00   3.5966e-02   1.3593e+01   7.1867e-01   0.0000e+00   5.1420e-04   2.6627e+02
20260809_00:00:00   3.9825e-02   1.4533e+01   8.3421e-01   0.0000e+00   2.9281e-03   2.6462e+02
20260809_03:00:00   8.1526e-02   2.4639e+01   1.9193e+00   0.0000e+00   4.7236e-04   2.6494e+02
20260809_06:00:00   8.6530e-02   2.5915e+01   2.0093e+00   0.0000e+00   1.3958e-03   2.6717e+02
20260809_09:00:00   6.8926e-02   2.1653e+01   1.5837e+00   0.0000e+00   1.2143e-04   2.6843e+02
20260809_12:00:00   8.0240e-02   2.4426e+01   1.8398e+00   0.0000e+00   9.5795e-03   2.6808e+02
20260809_15:00:00   8.1840e-02   2.4913e+01   1.8526e+00   0.0000e+00   1.4899e-02   2.7058e+02
20260809_18:00:00   7.5442e-02   2.3470e+01   1.6860e+00   0.0000e+00   9.9420e-03   2.7055e+02
20260809_21:00:00   5.7753e-02   1.9145e+01   1.2593e+00   0.0000e+00   0.0000e+00   2.6963e+02
20260810_00:00:00   5.4253e-02   1.8342e+01   1.1535e+00   0.0000e+00   0.0000e+00   2.7032e+02
20260810_03:00:00   4.2535e-02   1.5415e+01   8.4625e-01   0.0000e+00   0.0000e+00   2.7060e+02
20260810_06:00:00   3.7753e-02   1.4175e+01   7.2536e-01   0.0000e+00   0.0000e+00   2.7101e+02
20260810_09:00:00   3.4321e-02   1.3206e+01   6.5175e-01   0.0000e+00   0.0000e+00   2.7115e+02
20260810_12:00:00   3.0775e-02   1.2250e+01   5.6376e-01   0.0000e+00   0.0000e+00   2.6452e+02
20260810_15:00:00   3.0830e-02   1.2245e+01   5.6951e-01   0.0000e+00   0.0000e+00   2.6694e+02
20260810_18:00:00   3.7144e-02   1.3912e+01   7.3809e-01   0.0000e+00   0.0000e+00   2.6600e+02
20260810_21:00:00   4.3413e-02   1.5565e+01   8.9276e-01   0.0000e+00   0.0000e+00   2.6105e+02
20260811_00:00:00   4.1272e-02   1.5001e+01   8.3665e-01   0.0000e+00   1.8750e-05   2.5776e+02
20260811_03:00:00   3.4022e-02   1.3021e+01   6.6837e-01   0.0000e+00   1.9554e-03   2.5299e+02
20260811_06:00:00   3.2387e-02   1.2558e+01   6.2933e-01   0.0000e+00   6.2480e-04   2.5290e+02
20260811_09:00:00   3.6950e-02   1.3680e+01   7.6231e-01   0.0000e+00   3.1857e-03   2.5372e+02
20260811_12:00:00   4.0884e-02   1.4663e+01   8.7247e-01   0.0000e+00   1.7017e-03   2.5328e+02
20260811_15:00:00   4.9635e-02   1.6858e+01   1.1119e+00   0.0000e+00   1.4630e-03   2.5178e+02
20260811_18:00:00   7.6636e-02   2.3540e+01   1.8104e+00   0.0000e+00   9.8238e-03   2.4965e+02
20260811_21:00:00   9.5146e-02   2.7897e+01   2.2779e+00   0.0000e+00   2.3107e-02   2.4825e+02
20260812_00:00:00   1.1579e-01   3.2717e+01   2.7625e+00   0.0000e+00   7.2719e-03   2.4494e+02
20260812_03:00:00   1.1846e-01   3.3523e+01   2.7943e+00   0.0000e+00   1.5312e-05   2.4749e+02
20260812_06:00:00   1.3257e-01   3.6546e+01   3.1129e+00   0.0000e+00   1.0100e-04   2.5110e+02
20260812_09:00:00   1.3128e-01   3.6212e+01   3.0561e+00   0.0000e+00   8.3547e-05   2.5351e+02
20260812_12:00:00   1.1088e-01   3.1533e+01   2.5946e+00   0.0000e+00   2.3162e-03   2.5435e+02
20260812_15:00:00   1.0584e-01   3.0594e+01   2.4109e+00   0.0000e+00   2.3599e-03   2.5060e+02
20260812_18:00:00   1.2064e-01   3.3959e+01   2.7436e+00   0.0000e+00   3.6119e-03   2.4834e+02
20260812_21:00:00   1.2903e-01   3.5879e+01   2.8966e+00   0.0000e+00   0.0000e+00   2.5012e+02
20260813_00:00:00   9.9786e-02   2.9284e+01   2.1770e+00   0.0000e+00   0.0000e+00   2.5042e+02
20260813_03:00:00   1.0056e-01   2.9376e+01   2.2289e+00   0.0000e+00   6.2584e-04   2.5217e+02
20260813_06:00:00   1.2454e-01   3.4728e+01   2.7812e+00   0.0000e+00   2.5640e-04   2.5419e+02
