#            date       tau255        Tb[K]      pwv[mm] lwp[kg*m^-2] iwp[kg*m^-2]       o3[DU]
20260726_06:00:00   2.7486e-02   1.1416e+01   4.6594e-01   0.0000e+00   0.0000e+00   2.4210e+02
20260726_07:00:00   2.7150e-02   1.1329e+01   4.5288e-01   0.0000e+00   0.0000e+00   2.4274e+02
20260726_08:00:00   2.6607e-02   1.1177e+01   4.3897e-01   0.0000e+00   0.0000e+00   2.4314e+02
20260726_09:00:00   2.6096e-02   1.1036e+01   4.2519e-01   0.0000e+00   0.0000e+00   2.4178e+02
20260726_10:00:00   2.6998e-02   1.1254e+01   4.5582e-01   0.0000e+00   0.0000e+00   2.4166e+02
20260726_11:00:00   2.6332e-02   1.1078e+01   4.3846e-01   0.0000e+00   0.0000e+00   2.4163e+02
20260726_12:00:00   2.7088e-02   1.1265e+01   4.6454e-01   0.0000e+00   0.0000e+00   2.4128e+02
20260726_13:00:00   2.6749e-02   1.1165e+01   4.5864e-01   0.0000e+00   0.0000e+00   2.4026e+02
20260726_14:00:00   2.7027e-02   1.1234e+01   4.6846e-01   0.0000e+00   0.0000e+00   2.3858e+02
20260726_15:00:00   2.7604e-02   1.1386e+01   4.8625e-01   0.0000e+00   0.0000e+00   2.3760e+02
20260726_16:00:00   2.7648e-02   1.1400e+01   4.8845e-01   0.0000e+00   0.0000e+00   2.3753e+02
20260726_17:00:00   2.9468e-02   1.1856e+01   5.4491e-01   0.0000e+00   0.0000e+00   2.3846e+02
20260726_18:00:00   3.0059e-02   1.2012e+01   5.6099e-01   0.0000e+00   0.0000e+00   2.4038e+02
20260726_19:00:00   3.0201e-02   1.2062e+01   5.6345e-01   0.0000e+00   0.0000e+00   2.4240e+02
20260726_20:00:00   3.2231e-02   1.2586e+01   6.2137e-01   0.0000e+00   0.0000e+00   2.4517e+02
20260726_21:00:00   3.3480e-02   1.2909e+01   6.5533e-01   0.0000e+00   0.0000e+00   2.4672e+02
20260726_22:00:00   3.5154e-02   1.3352e+01   6.9909e-01   0.0000e+00   0.0000e+00   2.4620e+02
20260726_23:00:00   3.6034e-02   1.3601e+01   7.1841e-01   0.0000e+00   0.0000e+00   2.4650e+02
20260727_00:00:00   3.7326e-02   1.3942e+01   7.4968e-01   0.0000e+00   0.0000e+00   2.4618e+02
20260727_01:00:00   3.7927e-02   1.4089e+01   7.6687e-01   0.0000e+00   0.0000e+00   2.4637e+02
20260727_02:00:00   3.7967e-02   1.4094e+01   7.7011e-01   0.0000e+00   0.0000e+00   2.4755e+02
20260727_03:00:00   3.7531e-02   1.3983e+01   7.5651e-01   0.0000e+00   0.0000e+00   2.4818e+02
20260727_04:00:00   3.8430e-02   1.4211e+01   7.7933e-01   0.0000e+00   0.0000e+00   2.4696e+02
20260727_05:00:00   4.0242e-02   1.4664e+01   8.2852e-01   0.0000e+00   0.0000e+00   2.4705e+02
20260727_06:00:00   4.1152e-02   1.4887e+01   8.5244e-01   0.0000e+00   0.0000e+00   2.4750e+02
20260727_07:00:00   4.1905e-02   1.5075e+01   8.7163e-01   0.0000e+00   0.0000e+00   2.4804e+02
20260727_08:00:00   4.2406e-02   1.5194e+01   8.8517e-01   0.0000e+00   0.0000e+00   2.4779e+02
20260727_09:00:00   4.5185e-02   1.5876e+01   9.5980e-01   0.0000e+00   0.0000e+00   2.4781e+02
20260727_10:00:00   4.5819e-02   1.6051e+01   9.6981e-01   0.0000e+00   0.0000e+00   2.5058e+02
20260727_11:00:00   4.4113e-02   1.5636e+01   9.2098e-01   0.0000e+00   0.0000e+00   2.5417e+02
20260727_12:00:00   4.2679e-02   1.5286e+01   8.7658e-01   0.0000e+00   0.0000e+00   2.5393e+02
20260727_13:00:00   4.1053e-02   1.4892e+01   8.2697e-01   0.0000e+00   0.0000e+00   2.5121e+02
20260727_14:00:00   4.0589e-02   1.4787e+01   8.1137e-01   0.0000e+00   0.0000e+00   2.5008e+02
20260727_15:00:00   4.2036e-02   1.5164e+01   8.4743e-01   0.0000e+00   0.0000e+00   2.4981e+02
20260727_16:00:00   4.3467e-02   1.5543e+01   8.8223e-01   0.0000e+00   0.0000e+00   2.4993e+02
20260727_17:00:00   4.4523e-02   1.5823e+01   9.0645e-01   0.0000e+00   0.0000e+00   2.4913e+02
20260727_18:00:00   4.4964e-02   1.5943e+01   9.1429e-01   0.0000e+00   0.0000e+00   2.4835e+02
20260727_19:00:00   4.7545e-02   1.6593e+01   9.7712e-01   0.0000e+00   0.0000e+00   2.4730e+02
20260727_20:00:00   5.2387e-02   1.7793e+01   1.0978e+00   0.0000e+00   0.0000e+00   2.4680e+02
20260727_21:00:00   5.8705e-02   1.9327e+01   1.2595e+00   0.0000e+00   0.0000e+00   2.4729e+02
20260727_22:00:00   7.3563e-02   2.2842e+01   1.6438e+00   0.0000e+00   0.0000e+00   2.4825e+02
20260727_23:00:00   9.3735e-02   2.7493e+01   2.1430e+00   0.0000e+00   5.0640e-04   2.5065e+02
20260728_00:00:00   1.0963e-01   3.1138e+01   2.5104e+00   0.0000e+00   0.0000e+00   2.5133e+02
20260728_01:00:00   1.1009e-01   3.1363e+01   2.4640e+00   0.0000e+00   0.0000e+00   2.5324e+02
20260728_02:00:00   1.1529e-01   3.2549e+01   2.5634e+00   0.0000e+00   0.0000e+00   2.5466e+02
20260728_03:00:00   1.1485e-01   3.2455e+01   2.5492e+00   0.0000e+00   0.0000e+00   2.5583e+02
20260728_04:00:00   1.1607e-01   3.2698e+01   2.5838e+00   0.0000e+00   0.0000e+00   2.5625e+02
20260728_05:00:00   1.1309e-01   3.1994e+01   2.5158e+00   0.0000e+00   0.0000e+00   2.5513e+02
20260728_06:00:00   1.0957e-01   3.1181e+01   2.4364e+00   0.0000e+00   0.0000e+00   2.5321e+02
20260728_07:00:00   1.0706e-01   3.0598e+01   2.3732e+00   0.0000e+00   0.0000e+00   2.5084e+02
20260728_08:00:00   1.0590e-01   3.0279e+01   2.3490e+00   0.0000e+00   0.0000e+00   2.5044e+02
20260728_09:00:00   9.7705e-02   2.8425e+01   2.1590e+00   0.0000e+00   0.0000e+00   2.5066e+02
20260728_10:00:00   1.0048e-01   2.9039e+01   2.2073e+00   0.0000e+00   0.0000e+00   2.5157e+02
20260728_11:00:00   8.8629e-02   2.6352e+01   1.9222e+00   0.0000e+00   0.0000e+00   2.5143e+02
20260728_12:00:00   8.2395e-02   2.4876e+01   1.7942e+00   0.0000e+00   0.0000e+00   2.5191e+02
20260728_13:00:00   8.2647e-02   2.4948e+01   1.7811e+00   0.0000e+00   0.0000e+00   2.5253e+02
20260728_14:00:00   6.9821e-02   2.1932e+01   1.4823e+00   0.0000e+00   0.0000e+00   2.5454e+02
20260728_15:00:00   6.9817e-02   2.1927e+01   1.4862e+00   0.0000e+00   0.0000e+00   2.5559e+02
20260728_16:00:00   6.7787e-02   2.1407e+01   1.4501e+00   0.0000e+00   1.8926e-07   2.5502e+02
20260728_17:00:00   6.7810e-02   2.1374e+01   1.4712e+00   0.0000e+00   2.2760e-04   2.5475e+02
20260728_18:00:00   7.6911e-02   2.3468e+01   1.7087e+00   0.0000e+00   1.0524e-03   2.5425e+02
20260728_19:00:00   8.6189e-02   2.5543e+01   1.9492e+00   0.0000e+00   1.1169e-02   2.5281e+02
20260728_20:00:00   9.1173e-02   2.6660e+01   2.0686e+00   0.0000e+00   4.8666e-03   2.5277e+02
20260728_21:00:00   8.8005e-02   2.5939e+01   1.9877e+00   0.0000e+00   1.2364e-02   2.5168e+02
20260728_22:00:00   9.4811e-02   2.7481e+01   2.1563e+00   0.0000e+00   1.0132e-02   2.5186e+02
20260728_23:00:00   1.0054e-01   2.8744e+01   2.2642e+00   3.7840e-05   7.7228e-02   2.4922e+02
20260729_00:00:00   1.0726e-01   3.0263e+01   2.3949e+00   0.0000e+00   1.4125e-01   2.4665e+02
20260729_01:00:00   1.0853e-01   3.0586e+01   2.4646e+00   0.0000e+00   8.2107e-02   2.4839e+02
20260729_02:00:00   1.0674e-01   3.0272e+01   2.4624e+00   0.0000e+00   4.7971e-03   2.4949e+02
20260729_03:00:00   9.9416e-02   2.8692e+01   2.2851e+00   0.0000e+00   1.1610e-03   2.4783e+02
20260729_04:00:00   9.9677e-02   2.8765e+01   2.2905e+00   0.0000e+00   6.7370e-04   2.4764e+02
20260729_05:00:00   9.3888e-02   2.7458e+01   2.1548e+00   0.0000e+00   3.4941e-04   2.4849e+02
20260729_06:00:00   8.4506e-02   2.5287e+01   1.9264e+00   0.0000e+00   5.2839e-04   2.5058e+02
20260729_07:00:00   8.1095e-02   2.4467e+01   1.8482e+00   0.0000e+00   0.0000e+00   2.5231e+02
20260729_08:00:00   7.0597e-02   2.2023e+01   1.5758e+00   0.0000e+00   2.6500e-06   2.5252e+02
20260729_09:00:00   6.2285e-02   2.0046e+01   1.3641e+00   0.0000e+00   4.7320e-08   2.5281e+02
20260729_10:00:00   5.8311e-02   1.9091e+01   1.2599e+00   0.0000e+00   3.6060e-07   2.5469e+02
20260729_11:00:00   5.7616e-02   1.8909e+01   1.2479e+00   0.0000e+00   7.5080e-05   2.5488e+02
20260729_12:00:00   5.7234e-02   1.8795e+01   1.2455e+00   0.0000e+00   4.4060e-05   2.5448e+02
20260729_13:00:00   5.4968e-02   1.8252e+01   1.1905e+00   0.0000e+00   0.0000e+00   2.5327e+02
20260729_14:00:00   5.3052e-02   1.7814e+01   1.1378e+00   0.0000e+00   0.0000e+00   2.5324e+02
20260729_15:00:00   5.1444e-02   1.7443e+01   1.0955e+00   0.0000e+00   0.0000e+00   2.5295e+02
20260729_16:00:00   5.1546e-02   1.7505e+01   1.0961e+00   0.0000e+00   0.0000e+00   2.5099e+02
20260729_17:00:00   5.2819e-02   1.7842e+01   1.1272e+00   0.0000e+00   0.0000e+00   2.4947e+02
20260729_18:00:00   5.4316e-02   1.8232e+01   1.1648e+00   0.0000e+00   0.0000e+00   2.4865e+02
20260729_19:00:00   5.5760e-02   1.8621e+01   1.1937e+00   0.0000e+00   0.0000e+00   2.4796e+02
20260729_20:00:00   5.8533e-02   1.9321e+01   1.2589e+00   0.0000e+00   0.0000e+00   2.4734e+02
20260729_21:00:00   5.5668e-02   1.8632e+01   1.1829e+00   0.0000e+00   0.0000e+00   2.4611e+02
20260729_22:00:00   5.3715e-02   1.8160e+01   1.1316e+00   0.0000e+00   0.0000e+00   2.4614e+02
20260729_23:00:00   5.1120e-02   1.7516e+01   1.0676e+00   0.0000e+00   0.0000e+00   2.4578e+02
20260730_00:00:00   4.8465e-02   1.6856e+01   9.9945e-01   0.0000e+00   0.0000e+00   2.4520e+02
20260730_01:00:00   4.5142e-02   1.6024e+01   9.1646e-01   0.0000e+00   0.0000e+00   2.4578e+02
20260730_02:00:00   4.2265e-02   1.5293e+01   8.4610e-01   0.0000e+00   0.0000e+00   2.4537e+02
20260730_03:00:00   4.0801e-02   1.4914e+01   8.1301e-01   0.0000e+00   0.0000e+00   2.4416e+02
20260730_04:00:00   4.0114e-02   1.4734e+01   7.9771e-01   0.0000e+00   0.0000e+00   2.4368e+02
20260730_05:00:00   3.9742e-02   1.4640e+01   7.8994e-01   0.0000e+00   0.0000e+00   2.4343e+02
20260730_06:00:00   3.9328e-02   1.4527e+01   7.8184e-01   0.0000e+00   0.0000e+00   2.4373e+02
20260730_07:00:00   3.8997e-02   1.4445e+01   7.7252e-01   0.0000e+00   0.0000e+00   2.4308e+02
20260730_08:00:00   3.7924e-02   1.4176e+01   7.4370e-01   0.0000e+00   0.0000e+00   2.4228e+02
20260730_09:00:00   3.7070e-02   1.3961e+01   7.2041e-01   0.0000e+00   0.0000e+00   2.4160e+02
20260730_10:00:00   3.6585e-02   1.3841e+01   7.0750e-01   0.0000e+00   0.0000e+00   2.4138e+02
20260730_11:00:00   3.6018e-02   1.3700e+01   6.9204e-01   0.0000e+00   0.0000e+00   2.4238e+02
20260730_12:00:00   3.5668e-02   1.3612e+01   6.8241e-01   0.0000e+00   0.0000e+00   2.4350e+02
20260730_13:00:00   3.5523e-02   1.3576e+01   6.7962e-01   0.0000e+00   0.0000e+00   2.4406e+02
20260730_14:00:00   3.5565e-02   1.3590e+01   6.8130e-01   0.0000e+00   0.0000e+00   2.4499e+02
20260730_15:00:00   3.6310e-02   1.3788e+01   7.0141e-01   0.0000e+00   0.0000e+00   2.4599e+02
20260730_16:00:00   3.7489e-02   1.4095e+01   7.3500e-01   0.0000e+00   0.0000e+00   2.4514e+02
20260730_17:00:00   3.8536e-02   1.4366e+01   7.6450e-01   0.0000e+00   0.0000e+00   2.4403e+02
20260730_18:00:00   3.9498e-02   1.4613e+01   7.8992e-01   0.0000e+00   0.0000e+00   2.4441e+02
20260730_19:00:00   4.1024e-02   1.5006e+01   8.2792e-01   0.0000e+00   0.0000e+00   2.4399e+02
20260730_20:00:00   4.2492e-02   1.5378e+01   8.6573e-01   0.0000e+00   0.0000e+00   2.4545e+02
20260730_21:00:00   4.2186e-02   1.5296e+01   8.5733e-01   0.0000e+00   0.0000e+00   2.4802e+02
20260730_22:00:00   4.4571e-02   1.5902e+01   9.1752e-01   0.0000e+00   0.0000e+00   2.4812e+02
20260730_23:00:00   4.4817e-02   1.5964e+01   9.2160e-01   0.0000e+00   0.0000e+00   2.4685e+02
20260731_00:00:00   4.2940e-02   1.5487e+01   8.7382e-01   0.0000e+00   0.0000e+00   2.4581e+02
20260731_01:00:00   4.0160e-02   1.4780e+01   8.0316e-01   0.0000e+00   0.0000e+00   2.4444e+02
20260731_02:00:00   3.7937e-02   1.4210e+01   7.4545e-01   0.0000e+00   0.0000e+00   2.4364e+02
20260731_03:00:00   3.4457e-02   1.3303e+01   6.5136e-01   0.0000e+00   0.0000e+00   2.4412e+02
20260731_04:00:00   3.4163e-02   1.3221e+01   6.3622e-01   0.0000e+00   0.0000e+00   2.4470e+02
20260731_05:00:00   3.5299e-02   1.3512e+01   6.6395e-01   0.0000e+00   0.0000e+00   2.4454e+02
20260731_06:00:00   4.3071e-02   1.5510e+01   8.6038e-01   0.0000e+00   0.0000e+00   2.4348e+02
20260731_09:00:00   9.9965e-02   2.9174e+01   2.2452e+00   0.0000e+00   0.0000e+00   2.4180e+02
20260731_12:00:00   1.2821e-01   3.5719e+01   2.8631e+00   0.0000e+00   9.8420e-07   2.4161e+02
20260731_15:00:00   1.3446e-01   3.7263e+01   2.9777e+00   0.0000e+00   1.9550e-05   2.4045e+02
20260731_18:00:00   1.0511e-01   3.0568e+01   2.3203e+00   0.0000e+00   0.0000e+00   2.4000e+02
20260731_21:00:00   9.9917e-02   2.9270e+01   2.1799e+00   0.0000e+00   0.0000e+00   2.3798e+02
20260801_00:00:00   8.7008e-02   2.6166e+01   1.8710e+00   0.0000e+00   0.0000e+00   2.3594e+02
20260801_03:00:00   7.0544e-02   2.2228e+01   1.5084e+00   0.0000e+00   0.0000e+00   2.3915e+02
20260801_06:00:00   6.8355e-02   2.1608e+01   1.4804e+00   0.0000e+00   0.0000e+00   2.3915e+02
20260801_09:00:00   6.8591e-02   2.1541e+01   1.5192e+00   0.0000e+00   0.0000e+00   2.4274e+02
20260801_12:00:00   5.5416e-02   1.8408e+01   1.1791e+00   0.0000e+00   0.0000e+00   2.4065e+02
20260801_15:00:00   5.2273e-02   1.7696e+01   1.0868e+00   0.0000e+00   0.0000e+00   2.4091e+02
20260801_18:00:00   6.1625e-02   2.0003e+01   1.3278e+00   0.0000e+00   0.0000e+00   2.4037e+02
20260801_21:00:00   7.0888e-02   2.2322e+01   1.5324e+00   0.0000e+00   0.0000e+00   2.4244e+02
20260802_00:00:00   6.8151e-02   2.1593e+01   1.4692e+00   0.0000e+00   7.0940e-06   2.4372e+02
20260802_03:00:00   6.6437e-02   2.1064e+01   1.4534e+00   0.0000e+00   2.3778e-04   2.4765e+02
20260802_06:00:00   6.0449e-02   1.9660e+01   1.2916e+00   0.0000e+00   0.0000e+00   2.5044e+02
20260802_09:00:00   6.4780e-02   2.0716e+01   1.3752e+00   0.0000e+00   0.0000e+00   2.5069e+02
20260802_12:00:00   6.4072e-02   2.0577e+01   1.3629e+00   0.0000e+00   0.0000e+00   2.5035e+02
20260802_15:00:00   6.1190e-02   1.9871e+01   1.3163e+00   0.0000e+00   0.0000e+00   2.5084e+02
20260802_18:00:00   7.8119e-02   2.3831e+01   1.7656e+00   0.0000e+00   1.6124e-04   2.5599e+02
20260802_21:00:00   1.0340e-01   2.9649e+01   2.3812e+00   0.0000e+00   0.0000e+00   2.5678e+02
20260803_00:00:00   8.3162e-02   2.5136e+01   1.8483e+00   0.0000e+00   0.0000e+00   2.5922e+02
20260803_03:00:00   6.1443e-02   1.9949e+01   1.3281e+00   0.0000e+00   0.0000e+00   2.5201e+02
20260803_06:00:00   5.8700e-02   1.9257e+01   1.2626e+00   0.0000e+00   0.0000e+00   2.5556e+02
20260803_09:00:00   5.5165e-02   1.8344e+01   1.1832e+00   0.0000e+00   0.0000e+00   2.5895e+02
20260803_12:00:00   5.6256e-02   1.8615e+01   1.2142e+00   0.0000e+00   0.0000e+00   2.6481e+02
20260803_15:00:00   5.8402e-02   1.9161e+01   1.2683e+00   0.0000e+00   0.0000e+00   2.6833e+02
20260803_18:00:00   5.7165e-02   1.8901e+01   1.2364e+00   0.0000e+00   0.0000e+00   2.7223e+02
20260803_21:00:00   5.7469e-02   1.9023e+01   1.2326e+00   0.0000e+00   0.0000e+00   2.7131e+02
20260804_00:00:00   5.7424e-02   1.9066e+01   1.2133e+00   0.0000e+00   0.0000e+00   2.6874e+02
20260804_03:00:00   4.8694e-02   1.6880e+01   9.9827e-01   0.0000e+00   0.0000e+00   2.6369e+02
20260804_06:00:00   4.4122e-02   1.5679e+01   8.9744e-01   0.0000e+00   0.0000e+00   2.6375e+02
20260804_09:00:00   4.6241e-02   1.6206e+01   9.5260e-01   0.0000e+00   0.0000e+00   2.6843e+02
20260804_12:00:00   4.3238e-02   1.5480e+01   8.6745e-01   0.0000e+00   0.0000e+00   2.6906e+02
20260804_15:00:00   3.9800e-02   1.4637e+01   7.7920e-01   0.0000e+00   0.0000e+00   2.6897e+02
20260804_18:00:00   4.4493e-02   1.5844e+01   9.1071e-01   0.0000e+00   0.0000e+00   2.6862e+02
20260804_21:00:00   4.1273e-02   1.4965e+01   8.3680e-01   0.0000e+00   0.0000e+00   2.6885e+02
20260805_00:00:00   5.1757e-02   1.7598e+01   1.1125e+00   0.0000e+00   0.0000e+00   2.6780e+02
20260805_03:00:00   4.7910e-02   1.6590e+01   1.0253e+00   0.0000e+00   0.0000e+00   2.6666e+02
20260805_06:00:00   4.4314e-02   1.5646e+01   9.4109e-01   0.0000e+00   0.0000e+00   2.6923e+02
20260805_09:00:00   4.6192e-02   1.6099e+01   9.9651e-01   0.0000e+00   0.0000e+00   2.6657e+02
20260805_12:00:00   4.6214e-02   1.6028e+01   1.0131e+00   0.0000e+00   0.0000e+00   2.6553e+02
20260805_15:00:00   4.1863e-02   1.4947e+01   8.9300e-01   0.0000e+00   0.0000e+00   2.6795e+02
20260805_18:00:00   4.1901e-02   1.4998e+01   8.8474e-01   0.0000e+00   0.0000e+00   2.6488e+02
20260805_21:00:00   4.4504e-02   1.5677e+01   9.4489e-01   0.0000e+00   0.0000e+00   2.6282e+02
20260806_00:00:00   4.6406e-02   1.6215e+01   9.8468e-01   0.0000e+00   0.0000e+00   2.6187e+02
20260806_03:00:00   4.4193e-02   1.5612e+01   9.2482e-01   0.0000e+00   0.0000e+00   2.6030e+02
20260806_06:00:00   3.7047e-02   1.3812e+01   7.2702e-01   0.0000e+00   0.0000e+00   2.6359e+02
20260806_09:00:00   3.7063e-02   1.3843e+01   7.1798e-01   0.0000e+00   0.0000e+00   2.6578e+02
20260806_12:00:00   3.3274e-02   1.2889e+01   6.1484e-01   0.0000e+00   0.0000e+00   2.7039e+02
20260806_15:00:00   3.0661e-02   1.2218e+01   5.4851e-01   0.0000e+00   0.0000e+00   2.7179e+02
20260806_18:00:00   3.2760e-02   1.2773e+01   6.0905e-01   0.0000e+00   0.0000e+00   2.7018e+02
20260806_21:00:00   3.5684e-02   1.3495e+01   7.0159e-01   0.0000e+00   0.0000e+00   2.7051e+02
20260807_00:00:00   3.9933e-02   1.4607e+01   8.1591e-01   0.0000e+00   0.0000e+00   2.6794e+02
20260807_03:00:00   5.0331e-02   1.7181e+01   1.1171e+00   0.0000e+00   0.0000e+00   2.6287e+02
20260807_06:00:00   6.2073e-02   2.0135e+01   1.4197e+00   0.0000e+00   0.0000e+00   2.6438e+02
20260807_09:00:00   5.4796e-02   1.8410e+01   1.2155e+00   0.0000e+00   0.0000e+00   2.6618e+02
20260807_12:00:00   4.0261e-02   1.4816e+01   8.0645e-01   0.0000e+00   0.0000e+00   2.6349e+02
20260807_15:00:00   3.4322e-02   1.3296e+01   6.4247e-01   0.0000e+00   0.0000e+00   2.6231e+02
20260807_18:00:00   3.4268e-02   1.3289e+01   6.3793e-01   0.0000e+00   0.0000e+00   2.6642e+02
20260807_21:00:00   3.5199e-02   1.3542e+01   6.5510e-01   0.0000e+00   0.0000e+00   2.6877e+02
20260808_00:00:00   3.2709e-02   1.2898e+01   5.8726e-01   0.0000e+00   0.0000e+00   2.6875e+02
20260808_03:00:00   3.4918e-02   1.3475e+01   6.4384e-01   0.0000e+00   0.0000e+00   2.6613e+02
20260808_06:00:00   4.0731e-02   1.4966e+01   7.9340e-01   0.0000e+00   0.0000e+00   2.6425e+02
20260808_09:00:00   4.3655e-02   1.5672e+01   8.7364e-01   0.0000e+00   0.0000e+00   2.6421e+02
20260808_12:00:00   4.1846e-02   1.5166e+01   8.3675e-01   0.0000e+00   0.0000e+00   2.6714e+02
20260808_15:00:00   3.7721e-02   1.4106e+01   7.2833e-01   0.0000e+00   0.0000e+00   2.6986e+02
20260808_18:00:00   4.3223e-02   1.5497e+01   8.6324e-01   0.0000e+00   0.0000e+00   2.6968e+02
20260808_21:00:00   4.8824e-02   1.6871e+01   9.8843e-01   0.0000e+00   0.0000e+00   2.7729e+02
20260809_00:00:00   3.7180e-02   1.3887e+01   6.9535e-01   0.0000e+00   0.0000e+00   2.8126e+02
20260809_03:00:00   3.4198e-02   1.3091e+01   6.2942e-01   0.0000e+00   0.0000e+00   2.8141e+02
20260809_06:00:00   3.4882e-02   1.3222e+01   6.5866e-01   0.0000e+00   0.0000e+00   2.8301e+02
20260809_09:00:00   4.1246e-02   1.4825e+01   8.2179e-01   0.0000e+00   0.0000e+00   2.8069e+02
20260809_12:00:00   3.9161e-02   1.4301e+01   7.6530e-01   0.0000e+00   0.0000e+00   2.7844e+02
20260809_15:00:00   4.0910e-02   1.4733e+01   8.1682e-01   0.0000e+00   2.5080e-06   2.7868e+02
20260809_18:00:00   5.7374e-02   1.8800e+01   1.2327e+00   0.0000e+00   2.4180e-04   2.8098e+02
20260809_21:00:00   6.2511e-02   1.9993e+01   1.3624e+00   0.0000e+00   2.2983e-03   2.8236e+02
20260810_00:00:00   5.6517e-02   1.8484e+01   1.2206e+00   0.0000e+00   2.6547e-03   2.8144e+02
20260810_03:00:00   4.6820e-02   1.6116e+01   9.8128e-01   0.0000e+00   1.6772e-03   2.8550e+02
20260810_06:00:00   3.9573e-02   1.4323e+01   7.9106e-01   0.0000e+00   2.1980e-04   2.8385e+02
20260810_09:00:00   3.5576e-02   1.3329e+01   6.7798e-01   0.0000e+00   4.7320e-08   2.7927e+02
20260810_12:00:00   3.7581e-02   1.3828e+01   7.3350e-01   0.0000e+00   0.0000e+00   2.7880e+02
20260810_15:00:00   4.0473e-02   1.4582e+01   8.0600e-01   0.0000e+00   0.0000e+00   2.7922e+02
20260810_18:00:00   6.0204e-02   1.9461e+01   1.3022e+00   0.0000e+00   0.0000e+00   2.7884e+02
20260810_21:00:00   7.2822e-02   2.2513e+01   1.5799e+00   0.0000e+00   6.2940e-05   2.8024e+02
20260811_00:00:00   5.8398e-02   1.8996e+01   1.2392e+00   0.0000e+00   2.4580e-05   2.7620e+02
20260811_03:00:00   5.1169e-02   1.7220e+01   1.0675e+00   0.0000e+00   3.9922e-04   2.7394e+02
20260811_06:00:00   4.7605e-02   1.6319e+01   9.7903e-01   0.0000e+00   0.0000e+00   2.7534e+02
