#            date       tau255        Tb[K]      pwv[mm] lwp[kg*m^-2] iwp[kg*m^-2]       o3[DU]
20260907_18:00:00   1.3083e-01   3.6115e+01   2.8836e+00   4.6140e-04   1.5550e-03   2.5917e+02
20260907_19:00:00   1.4146e-01   3.8463e+01   3.0914e+00   9.9580e-04   2.6228e-03   2.6043e+02
20260907_20:00:00   1.3507e-01   3.7158e+01   2.9618e+00   0.0000e+00   1.5186e-03   2.5899e+02
20260907_21:00:00   1.3952e-01   3.8116e+01   3.0335e+00   2.9319e-04   1.6046e-03   2.5919e+02
20260907_22:00:00   1.4912e-01   4.0154e+01   3.2115e+00   8.9960e-04   3.6601e-03   2.5997e+02
20260907_23:00:00   1.4890e-01   4.0127e+01   3.0822e+00   3.4540e-03   5.4045e-03   2.5920e+02
20260908_00:00:00   1.3394e-01   3.6863e+01   2.8377e+00   1.5802e-03   1.4834e-03   2.5720e+02
20260908_01:00:00   1.4424e-01   3.9127e+01   3.0104e+00   2.3236e-03   4.4781e-03   2.5682e+02
20260908_02:00:00   1.5081e-01   4.0598e+01   3.1465e+00   1.3794e-03   2.0217e-02   2.5691e+02
20260908_03:00:00   1.4005e-01   3.8298e+01   2.9726e+00   0.0000e+00   1.1546e-02   2.5804e+02
20260908_04:00:00   1.4392e-01   3.9160e+01   3.0430e+00   0.0000e+00   8.6513e-03   2.6023e+02
20260908_05:00:00   1.4653e-01   3.9721e+01   3.0997e+00   2.4940e-04   9.7544e-03   2.6100e+02
20260908_06:00:00   1.4557e-01   3.9507e+01   3.0805e+00   4.7320e-08   8.8385e-03   2.6206e+02
20260908_07:00:00   1.4781e-01   3.9973e+01   3.1270e+00   4.7320e-08   1.5627e-02   2.6309e+02
20260908_08:00:00   1.4259e-01   3.8831e+01   3.0162e+00   4.7320e-08   7.4171e-03   2.6260e+02
20260908_09:00:00   1.4491e-01   3.9351e+01   3.0594e+00   0.0000e+00   1.2500e-02   2.6199e+02
20260908_10:00:00   1.4665e-01   3.9730e+01   3.1031e+00   5.4420e-06   1.7201e-02   2.6140e+02
20260908_11:00:00   1.5098e-01   4.0688e+01   3.1667e+00   7.8198e-05   4.2221e-02   2.6035e+02
20260908_12:00:00   1.5431e-01   4.1430e+01   3.2205e+00   3.8916e-04   4.7003e-02   2.5938e+02
20260908_13:00:00   1.5555e-01   4.1730e+01   3.2066e+00   1.8066e-03   1.9496e-02   2.5878e+02
20260908_14:00:00   1.4961e-01   4.0470e+01   3.1576e+00   6.8920e-04   3.4035e-03   2.5851e+02
20260908_15:00:00   1.4461e-01   3.9390e+01   3.0977e+00   2.4519e-05   1.2194e-03   2.5756e+02
20260908_16:00:00   1.5634e-01   4.1960e+01   3.3003e+00   1.3794e-03   3.9116e-03   2.5450e+02
20260908_17:00:00   1.7678e-01   4.6331e+01   3.5142e+00   6.5916e-03   3.3783e-02   2.5274e+02
20260908_18:00:00   1.7741e-01   4.6436e+01   3.5252e+00   7.6938e-03   2.5732e-02   2.5092e+02
20260908_19:00:00   1.5965e-01   4.2638e+01   3.4383e+00   1.4056e-03   6.9819e-03   2.5016e+02
20260908_20:00:00   1.5196e-01   4.0940e+01   3.3367e+00   2.4340e-05   2.2481e-03   2.5067e+02
20260908_21:00:00   1.5002e-01   4.0477e+01   3.2826e+00   1.0780e-04   1.0777e-03   2.5314e+02
20260908_22:00:00   1.5237e-01   4.1002e+01   3.2743e+00   7.4661e-04   8.6026e-04   2.5475e+02
20260908_23:00:00   1.5135e-01   4.0764e+01   3.2663e+00   0.0000e+00   1.4009e-04   2.5647e+02
20260909_00:00:00   1.5246e-01   4.0990e+01   3.2743e+00   2.6983e-04   5.1551e-04   2.5719e+02
20260909_01:00:00   1.5351e-01   4.1206e+01   3.3006e+00   1.3140e-04   1.9447e-03   2.5620e+02
20260909_02:00:00   1.4744e-01   3.9895e+01   3.1744e+00   2.4600e-06   1.1791e-03   2.5472e+02
20260909_03:00:00   1.4531e-01   3.9424e+01   3.1299e+00   4.6360e-06   9.0083e-04   2.5176e+02
20260909_04:00:00   1.4150e-01   3.8584e+01   3.0462e+00   0.0000e+00   7.4427e-04   2.5170e+02
20260909_05:00:00   1.3845e-01   3.7904e+01   2.9712e+00   2.7864e-05   1.5885e-03   2.5255e+02
20260909_06:00:00   1.3947e-01   3.8100e+01   2.9647e+00   1.3912e-04   4.4080e-03   2.5340e+02
20260909_07:00:00   1.3461e-01   3.7008e+01   2.8535e+00   1.5896e-04   2.8899e-03   2.5638e+02
20260909_08:00:00   1.2864e-01   3.5658e+01   2.7271e+00   3.8057e-05   1.5183e-03   2.5764e+02
20260909_09:00:00   1.2449e-01   3.4716e+01   2.6288e+00   1.0217e-04   2.7149e-03   2.5654e+02
20260909_10:00:00   1.1833e-01   3.3330e+01   2.4997e+00   1.1417e-05   2.8565e-03   2.5551e+02
20260909_11:00:00   1.1201e-01   3.1900e+01   2.3648e+00   4.0700e-06   6.6277e-04   2.5511e+02
20260909_12:00:00   1.0501e-01   3.0305e+01   2.2129e+00   9.4620e-07   1.0738e-04   2.5691e+02
20260909_13:00:00   1.0061e-01   2.9306e+01   2.1229e+00   0.0000e+00   7.0990e-05   2.5734e+02
20260909_14:00:00   9.4572e-02   2.7920e+01   1.9981e+00   0.0000e+00   1.8548e-06   2.5597e+02
20260909_15:00:00   9.8884e-02   2.8928e+01   2.1001e+00   0.0000e+00   0.0000e+00   2.5480e+02
20260909_16:00:00   1.1469e-01   3.2517e+01   2.4765e+00   0.0000e+00   4.7838e-05   2.5235e+02
20260909_17:00:00   1.2353e-01   3.4479e+01   2.6893e+00   0.0000e+00   9.0498e-05   2.5319e+02
20260909_18:00:00   1.2120e-01   3.3959e+01   2.6614e+00   0.0000e+00   1.1885e-04   2.5564e+02
20260909_19:00:00   1.1719e-01   3.3047e+01   2.5748e+00   0.0000e+00   0.0000e+00   2.5807e+02
20260909_20:00:00   1.2236e-01   3.4194e+01   2.6781e+00   0.0000e+00   1.2132e-05   2.5772e+02
20260909_21:00:00   1.2449e-01   3.4678e+01   2.7072e+00   0.0000e+00   7.9060e-05   2.5681e+02
20260909_22:00:00   1.2001e-01   3.3681e+01   2.5718e+00   0.0000e+00   4.5221e-04   2.5750e+02
20260909_23:00:00   1.1418e-01   3.2355e+01   2.4155e+00   0.0000e+00   3.9065e-04   2.5820e+02
20260910_00:00:00   1.0993e-01   3.1372e+01   2.3107e+00   0.0000e+00   5.4180e-05   2.5760e+02
20260910_01:00:00   1.0523e-01   3.0299e+01   2.1980e+00   0.0000e+00   4.8970e-04   2.5782e+02
20260910_02:00:00   9.7418e-02   2.8494e+01   2.0324e+00   0.0000e+00   1.2373e-04   2.5937e+02
20260910_03:00:00   8.6093e-02   2.5847e+01   1.7998e+00   0.0000e+00   0.0000e+00   2.6107e+02
20260910_04:00:00   7.5211e-02   2.3268e+01   1.5682e+00   0.0000e+00   0.0000e+00   2.6475e+02
20260910_05:00:00   7.0858e-02   2.2229e+01   1.4675e+00   0.0000e+00   0.0000e+00   2.6735e+02
20260910_06:00:00   6.8565e-02   2.1676e+01   1.4026e+00   0.0000e+00   0.0000e+00   2.6840e+02
20260910_07:00:00   7.1532e-02   2.2385e+01   1.4536e+00   0.0000e+00   0.0000e+00   2.6904e+02
20260910_08:00:00   7.0898e-02   2.2226e+01   1.4328e+00   0.0000e+00   0.0000e+00   2.7077e+02
20260910_09:00:00   6.6886e-02   2.1254e+01   1.3487e+00   0.0000e+00   0.0000e+00   2.7137e+02
20260910_10:00:00   6.0398e-02   1.9675e+01   1.2127e+00   0.0000e+00   0.0000e+00   2.7238e+02
20260910_11:00:00   5.5404e-02   1.8440e+01   1.1056e+00   0.0000e+00   0.0000e+00   2.7323e+02
20260910_12:00:00   5.5736e-02   1.8516e+01   1.1120e+00   0.0000e+00   0.0000e+00   2.7505e+02
20260910_13:00:00   6.2753e-02   2.0242e+01   1.2707e+00   0.0000e+00   0.0000e+00   2.7654e+02
20260910_14:00:00   6.7410e-02   2.1360e+01   1.3861e+00   0.0000e+00   0.0000e+00   2.7918e+02
20260910_15:00:00   8.8799e-02   2.6395e+01   1.8825e+00   0.0000e+00   6.9060e-05   2.8055e+02
20260910_16:00:00   9.0565e-02   2.6811e+01   1.9556e+00   0.0000e+00   1.3180e-04   2.8081e+02
20260910_17:00:00   9.2108e-02   2.7225e+01   2.0062e+00   0.0000e+00   8.4182e-05   2.8264e+02
20260910_18:00:00   9.6689e-02   2.8300e+01   2.1067e+00   0.0000e+00   4.9160e-05   2.8409e+02
20260910_19:00:00   9.0789e-02   2.6959e+01   1.9538e+00   0.0000e+00   5.0109e-05   2.8414e+02
20260910_20:00:00   8.7418e-02   2.6169e+01   1.8519e+00   0.0000e+00   5.1079e-05   2.8630e+02
20260910_21:00:00   8.2660e-02   2.5055e+01   1.7201e+00   0.0000e+00   6.6970e-05   2.8844e+02
20260910_22:00:00   7.6207e-02   2.3540e+01   1.5424e+00   0.0000e+00   4.5790e-05   2.8676e+02
20260910_23:00:00   7.5363e-02   2.3329e+01   1.5033e+00   8.3740e-05   8.5990e-05   2.8376e+02
20260911_00:00:00   8.7635e-02   2.6217e+01   1.6134e+00   3.1466e-03   4.2015e-04   2.8048e+02
20260911_01:00:00   7.6153e-02   2.3492e+01   1.4467e+00   1.3340e-03   2.0800e-04   2.7838e+02
20260911_02:00:00   6.4661e-02   2.0722e+01   1.2399e+00   6.3820e-04   5.6630e-05   2.7655e+02
20260911_03:00:00   6.2101e-02   2.0086e+01   1.2038e+00   5.4270e-04   2.5100e-05   2.7511e+02
20260911_04:00:00   5.6684e-02   1.8754e+01   1.1167e+00   4.3890e-05   2.4140e-05   2.7217e+02
20260911_05:00:00   5.4480e-02   1.8220e+01   1.0298e+00   8.4740e-04   4.3680e-05   2.7142e+02
20260911_06:00:00   5.0609e-02   1.7240e+01   9.6583e-01   5.1340e-04   4.1860e-05   2.7277e+02
20260911_07:00:00   4.7939e-02   1.6555e+01   9.3586e-01   0.0000e+00   1.9590e-05   2.7204e+02
20260911_08:00:00   4.5913e-02   1.6016e+01   9.0403e-01   0.0000e+00   1.9610e-05   2.7160e+02
20260911_09:00:00   4.1009e-02   1.4792e+01   7.8370e-01   0.0000e+00   0.0000e+00   2.7197e+02
20260911_10:00:00   4.0586e-02   1.4684e+01   7.7373e-01   0.0000e+00   0.0000e+00   2.7413e+02
20260911_11:00:00   3.7945e-02   1.3988e+01   7.1914e-01   0.0000e+00   0.0000e+00   2.7359e+02
20260911_12:00:00   3.5309e-02   1.3284e+01   6.6441e-01   0.0000e+00   0.0000e+00   2.7411e+02
20260911_13:00:00   3.5405e-02   1.3291e+01   6.7208e-01   0.0000e+00   0.0000e+00   2.7454e+02
20260911_14:00:00   3.5115e-02   1.3231e+01   6.6407e-01   0.0000e+00   0.0000e+00   2.7366e+02
20260911_15:00:00   3.6645e-02   1.3624e+01   7.0834e-01   0.0000e+00   0.0000e+00   2.7399e+02
20260911_16:00:00   3.7448e-02   1.3860e+01   7.2511e-01   0.0000e+00   0.0000e+00   2.7531e+02
20260911_17:00:00   4.1078e-02   1.4825e+01   8.1329e-01   0.0000e+00   0.0000e+00   2.7549e+02
20260911_18:00:00   4.3744e-02   1.5531e+01   8.7825e-01   0.0000e+00   0.0000e+00   2.7545e+02
20260911_19:00:00   4.6962e-02   1.6362e+01   9.5634e-01   0.0000e+00   0.0000e+00   2.7332e+02
20260911_20:00:00   4.9531e-02   1.7030e+01   1.0149e+00   0.0000e+00   0.0000e+00   2.7211e+02
20260911_21:00:00   5.6293e-02   1.8701e+01   1.1766e+00   0.0000e+00   0.0000e+00   2.7142e+02
20260911_22:00:00   6.0797e-02   1.9823e+01   1.2737e+00   0.0000e+00   0.0000e+00   2.7407e+02
20260911_23:00:00   5.5197e-02   1.8450e+01   1.1359e+00   0.0000e+00   0.0000e+00   2.7515e+02
20260912_00:00:00   4.8031e-02   1.6658e+01   9.6216e-01   0.0000e+00   0.0000e+00   2.7493e+02
20260912_01:00:00   4.2362e-02   1.5213e+01   8.2865e-01   0.0000e+00   0.0000e+00   2.7556e+02
20260912_02:00:00   3.7793e-02   1.4037e+01   7.2013e-01   0.0000e+00   0.0000e+00   2.7556e+02
20260912_03:00:00   3.8271e-02   1.4165e+01   7.3298e-01   0.0000e+00   0.0000e+00   2.7550e+02
20260912_04:00:00   4.0403e-02   1.4719e+01   7.8632e-01   0.0000e+00   0.0000e+00   2.7475e+02
20260912_05:00:00   3.8691e-02   1.4281e+01   7.4373e-01   0.0000e+00   0.0000e+00   2.7604e+02
20260912_06:00:00   3.5831e-02   1.3542e+01   6.7151e-01   0.0000e+00   0.0000e+00   2.7565e+02
20260912_07:00:00   3.2095e-02   1.2565e+01   5.7532e-01   0.0000e+00   0.0000e+00   2.7659e+02
20260912_08:00:00   3.0238e-02   1.2073e+01   5.2632e-01   0.0000e+00   0.0000e+00   2.7762e+02
20260912_09:00:00   3.0697e-02   1.2185e+01   5.3912e-01   0.0000e+00   0.0000e+00   2.7872e+02
20260912_10:00:00   3.4629e-02   1.3189e+01   6.4391e-01   0.0000e+00   0.0000e+00   2.7978e+02
20260912_11:00:00   3.8492e-02   1.4165e+01   7.4432e-01   0.0000e+00   0.0000e+00   2.7968e+02
20260912_12:00:00   4.0864e-02   1.4767e+01   8.0404e-01   0.0000e+00   0.0000e+00   2.7967e+02
20260912_13:00:00   4.4404e-02   1.5661e+01   8.9297e-01   0.0000e+00   0.0000e+00   2.7992e+02
20260912_14:00:00   4.8348e-02   1.6655e+01   9.9310e-01   0.0000e+00   0.0000e+00   2.7854e+02
20260912_15:00:00   5.1543e-02   1.7476e+01   1.0704e+00   0.0000e+00   0.0000e+00   2.7744e+02
20260912_16:00:00   5.4562e-02   1.8243e+01   1.1400e+00   0.0000e+00   0.0000e+00   2.7628e+02
20260912_17:00:00   6.3109e-02   2.0312e+01   1.3485e+00   0.0000e+00   0.0000e+00   2.7565e+02
20260912_18:00:00   7.2328e-02   2.2450e+01   1.5875e+00   0.0000e+00   0.0000e+00   2.7806e+02
20260912_21:00:00   7.9254e-02   2.4195e+01   1.7269e+00   0.0000e+00   0.0000e+00   2.7822e+02
20260913_00:00:00   9.3239e-02   2.7420e+01   2.0130e+00   0.0000e+00   5.6682e-05   2.7901e+02
20260913_03:00:00   6.3435e-02   2.0395e+01   1.3221e+00   0.0000e+00   0.0000e+00   2.8122e+02
20260913_06:00:00   5.6825e-02   1.8689e+01   1.1808e+00   0.0000e+00   0.0000e+00   2.8293e+02
20260913_09:00:00   5.9952e-02   1.9385e+01   1.2496e+00   0.0000e+00   0.0000e+00   2.8807e+02
20260913_12:00:00   7.9759e-02   2.4027e+01   1.7026e+00   0.0000e+00   1.3798e-04   2.9097e+02
20260913_15:00:00   1.1689e-01   3.2519e+01   2.3091e+00   5.4160e-03   2.6230e-03   2.9041e+02
20260913_18:00:00   7.7259e-02   2.3547e+01   1.6557e+00   0.0000e+00   0.0000e+00   2.8642e+02
20260913_21:00:00   7.2836e-02   2.2461e+01   1.5368e+00   0.0000e+00   0.0000e+00   2.8566e+02
20260914_00:00:00   6.1060e-02   1.9666e+01   1.2365e+00   0.0000e+00   0.0000e+00   2.8499e+02
20260914_03:00:00   5.8226e-02   1.8940e+01   1.1817e+00   0.0000e+00   0.0000e+00   2.8341e+02
20260914_06:00:00   5.8580e-02   1.9014e+01   1.1969e+00   0.0000e+00   0.0000e+00   2.8386e+02
20260914_09:00:00   5.6965e-02   1.8663e+01   1.1536e+00   0.0000e+00   0.0000e+00   2.8087e+02
20260914_12:00:00   5.2017e-02   1.7502e+01   1.0366e+00   0.0000e+00   0.0000e+00   2.7864e+02
20260914_15:00:00   4.8416e-02   1.6681e+01   9.5354e-01   0.0000e+00   0.0000e+00   2.7756e+02
20260914_18:00:00   6.0704e-02   1.9810e+01   1.2518e+00   0.0000e+00   0.0000e+00   2.7939e+02
20260914_21:00:00   5.4965e-02   1.8363e+01   1.1287e+00   0.0000e+00   0.0000e+00   2.7811e+02
20260915_00:00:00   4.7795e-02   1.6513e+01   9.6417e-01   0.0000e+00   0.0000e+00   2.8003e+02
20260915_03:00:00   4.0313e-02   1.4619e+01   7.9233e-01   0.0000e+00   0.0000e+00   2.7650e+02
20260915_06:00:00   3.8420e-02   1.4127e+01   7.4653e-01   0.0000e+00   0.0000e+00   2.7797e+02
20260915_09:00:00   4.0848e-02   1.4712e+01   8.1192e-01   0.0000e+00   0.0000e+00   2.7840e+02
20260915_12:00:00   4.4366e-02   1.5578e+01   9.0246e-01   0.0000e+00   0.0000e+00   2.7693e+02
20260915_15:00:00   4.6833e-02   1.6223e+01   9.6718e-01   0.0000e+00   0.0000e+00   2.7744e+02
20260915_18:00:00   8.5819e-02   2.5690e+01   1.8937e+00   0.0000e+00   0.0000e+00   2.7328e+02
20260915_21:00:00   8.9700e-02   2.6540e+01   1.9807e+00   0.0000e+00   0.0000e+00   2.7190e+02
20260916_00:00:00   7.2050e-02   2.2317e+01   1.5552e+00   0.0000e+00   0.0000e+00   2.7080e+02
20260916_03:00:00   5.1904e-02   1.7390e+01   1.0976e+00   0.0000e+00   0.0000e+00   2.6647e+02
20260916_06:00:00   4.9864e-02   1.6871e+01   1.0637e+00   0.0000e+00   0.0000e+00   2.6685e+02
20260916_09:00:00   4.3834e-02   1.5395e+01   9.1052e-01   0.0000e+00   0.0000e+00   2.6848e+02
20260916_12:00:00   4.1512e-02   1.4820e+01   8.5107e-01   0.0000e+00   0.0000e+00   2.6819e+02
20260916_15:00:00   4.5309e-02   1.5771e+01   9.5781e-01   0.0000e+00   0.0000e+00   2.6702e+02
20260916_18:00:00   6.5959e-02   2.0870e+01   1.4795e+00   0.0000e+00   0.0000e+00   2.6504e+02
20260916_21:00:00   8.4211e-02   2.5271e+01   1.9034e+00   0.0000e+00   0.0000e+00   2.6594e+02
20260917_00:00:00   5.8597e-02   1.9104e+01   1.2659e+00   0.0000e+00   0.0000e+00   2.6262e+02
20260917_03:00:00   4.7230e-02   1.6306e+01   9.9282e-01   0.0000e+00   0.0000e+00   2.6181e+02
20260917_06:00:00   4.5290e-02   1.5811e+01   9.4934e-01   0.0000e+00   0.0000e+00   2.6776e+02
20260917_09:00:00   5.1336e-02   1.7278e+01   1.1123e+00   0.0000e+00   0.0000e+00   2.7086e+02
20260917_12:00:00   5.2814e-02   1.7653e+01   1.1453e+00   0.0000e+00   0.0000e+00   2.6783e+02
20260917_15:00:00   5.7074e-02   1.8766e+01   1.2508e+00   0.0000e+00   0.0000e+00   2.6575e+02
20260917_18:00:00   6.0504e-02   1.9693e+01   1.3361e+00   0.0000e+00   0.0000e+00   2.6615e+02
20260917_21:00:00   6.4462e-02   2.0662e+01   1.4382e+00   0.0000e+00   4.8980e-05   2.6593e+02
20260918_00:00:00   5.1771e-02   1.7520e+01   1.1190e+00   0.0000e+00   9.5740e-06   2.6124e+02
20260918_03:00:00   4.0218e-02   1.4583e+01   8.2986e-01   0.0000e+00   0.0000e+00   2.6194e+02
20260918_06:00:00   3.7475e-02   1.3840e+01   7.6277e-01   0.0000e+00   0.0000e+00   2.6434e+02
20260918_09:00:00   4.7009e-02   1.6280e+01   1.0086e+00   0.0000e+00   3.6060e-07   2.6773e+02
20260918_12:00:00   8.1100e-02   2.4570e+01   1.8671e+00   0.0000e+00   3.6060e-07   2.6764e+02
20260918_15:00:00   1.2134e-01   3.3710e+01   2.8887e+00   0.0000e+00   1.6091e-02   2.6768e+02
20260918_18:00:00   1.8789e-01   4.8219e+01   4.3538e+00   0.0000e+00   1.3273e-01   2.6767e+02
20260918_21:00:00   2.5001e-01   6.1068e+01   5.5112e+00   2.2976e-05   2.9064e-01   2.6803e+02
20260919_00:00:00   2.5228e-01   6.1869e+01   5.6838e+00   0.0000e+00   6.4784e-02   2.6882e+02
20260919_03:00:00   2.2230e-01   5.6167e+01   4.9401e+00   0.0000e+00   3.3462e-03   2.6804e+02
20260919_06:00:00   2.3921e-01   5.9365e+01   5.0957e+00   0.0000e+00   1.4448e-01   2.7003e+02
20260919_09:00:00   2.3700e-01   5.8699e+01   5.2131e+00   0.0000e+00   2.6282e-02   2.6886e+02
20260919_12:00:00   2.5194e-01   6.1600e+01   5.4118e+00   2.9880e-07   2.2661e-01   2.6616e+02
20260919_15:00:00   2.5259e-01   6.1581e+01   5.4936e+00   1.5416e-04   2.0730e-01   2.6873e+02
20260919_18:00:00   2.1171e-01   5.3233e+01   4.6511e+00   2.3581e-03   4.0832e-02   2.7386e+02
20260919_21:00:00   1.7415e-01   4.5350e+01   3.8780e+00   1.0934e-05   4.3162e-02   2.8169e+02
20260920_00:00:00   2.0815e-01   5.2533e+01   4.3751e+00   2.6383e-05   2.1567e-01   2.8869e+02
20260920_03:00:00   2.1553e-01   5.4004e+01   4.2277e+00   9.0900e-06   6.4781e-01   2.9261e+02
20260920_06:00:00   1.6250e-01   4.3093e+01   3.2576e+00   9.2740e-06   1.7331e-01   2.8821e+02
20260920_09:00:00   9.7406e-02   2.8628e+01   2.0324e+00   5.0970e-04   6.4985e-03   2.9054e+02
20260920_12:00:00   8.0666e-02   2.4641e+01   1.8354e+00   0.0000e+00   0.0000e+00   2.8660e+02
20260920_15:00:00   7.8766e-02   2.4131e+01   1.8045e+00   0.0000e+00   0.0000e+00   2.8494e+02
20260920_18:00:00   9.4469e-02   2.7778e+01   2.1515e+00   0.0000e+00   0.0000e+00   2.8150e+02
20260920_21:00:00   1.3278e-01   3.6518e+01   2.9622e+00   0.0000e+00   2.5965e-05   2.8199e+02
20260921_00:00:00   1.3435e-01   3.6823e+01   3.0128e+00   0.0000e+00   7.9381e-05   2.8216e+02
20260921_03:00:00   1.2636e-01   3.5017e+01   2.9256e+00   0.0000e+00   2.3597e-04   2.7957e+02
20260921_06:00:00   1.3288e-01   3.6351e+01   3.1060e+00   0.0000e+00   5.7121e-04   2.7515e+02
20260921_09:00:00   1.2063e-01   3.3604e+01   2.8136e+00   0.0000e+00   0.0000e+00   2.7707e+02
20260921_12:00:00   1.0825e-01   3.0796e+01   2.5552e+00   0.0000e+00   0.0000e+00   2.7531e+02
20260921_15:00:00   1.0477e-01   3.0035e+01   2.4948e+00   0.0000e+00   0.0000e+00   2.7365e+02
20260921_18:00:00   1.2285e-01   3.4267e+01   2.9108e+00   0.0000e+00   0.0000e+00   2.7507e+02
20260921_21:00:00   1.2074e-01   3.3876e+01   2.8698e+00   0.0000e+00   3.0860e-06   2.7227e+02
20260922_00:00:00   1.2824e-01   3.5570e+01   3.0832e+00   0.0000e+00   5.1418e-04   2.7094e+02
20260922_03:00:00   1.1248e-01   3.2263e+01   2.6675e+00   0.0000e+00   0.0000e+00   2.8108e+02
20260922_06:00:00   1.2505e-01   3.5038e+01   2.9879e+00   0.0000e+00   0.0000e+00   2.7984e+02
20260922_09:00:00   1.3563e-01   3.7400e+01   3.2307e+00   0.0000e+00   0.0000e+00   2.7930e+02
20260922_12:00:00   1.3096e-01   3.6407e+01   3.1330e+00   0.0000e+00   0.0000e+00   2.7467e+02
20260922_15:00:00   1.0935e-01   3.1585e+01   2.5931e+00   0.0000e+00   0.0000e+00   2.7718e+02
20260922_18:00:00   1.0235e-01   2.9884e+01   2.4532e+00   0.0000e+00   0.0000e+00   2.7747e+02
20260922_21:00:00   1.1563e-01   3.2908e+01   2.8034e+00   0.0000e+00   3.2460e-06   2.7480e+02
20260923_00:00:00   9.0186e-02   2.7089e+01   2.1090e+00   0.0000e+00   0.0000e+00   2.7486e+02
20260923_03:00:00   6.5110e-02   2.1029e+01   1.4569e+00   0.0000e+00   0.0000e+00   2.7646e+02
20260923_06:00:00   5.6980e-02   1.8953e+01   1.2481e+00   0.0000e+00   2.6020e-06   2.7680e+02
20260923_09:00:00   6.4632e-02   2.0733e+01   1.4292e+00   0.0000e+00   2.4343e-03   2.7767e+02
20260923_12:00:00   6.5899e-02   2.0949e+01   1.4807e+00   0.0000e+00   2.1797e-03   2.8059e+02
20260923_15:00:00   7.2156e-02   2.2461e+01   1.6193e+00   0.0000e+00   8.8910e-03   2.8088e+02
20260923_18:00:00   1.1135e-01   3.1398e+01   2.5262e+00   1.5210e-04   1.5069e-01   2.7701e+02
