#            date       tau255        Tb[K]      pwv[mm] lwp[kg*m^-2] iwp[kg*m^-2]       o3[DU]
20260729_18:00:00   6.2343e-02   2.0183e+01   1.3618e+00   0.0000e+00   0.0000e+00   2.5296e+02
20260729_19:00:00   5.8031e-02   1.9147e+01   1.2527e+00   0.0000e+00   0.0000e+00   2.5440e+02
20260729_20:00:00   5.5900e-02   1.8647e+01   1.1951e+00   0.0000e+00   0.0000e+00   2.5432e+02
20260729_21:00:00   5.7218e-02   1.8981e+01   1.2266e+00   0.0000e+00   0.0000e+00   2.5512e+02
20260729_22:00:00   5.5876e-02   1.8661e+01   1.1909e+00   0.0000e+00   0.0000e+00   2.5474e+02
20260729_23:00:00   5.6312e-02   1.8773e+01   1.2013e+00   0.0000e+00   0.0000e+00   2.5086e+02
20260730_00:00:00   5.3682e-02   1.8135e+01   1.1325e+00   0.0000e+00   0.0000e+00   2.4803e+02
20260730_01:00:00   4.9750e-02   1.7167e+01   1.0338e+00   0.0000e+00   0.0000e+00   2.4565e+02
20260730_02:00:00   4.5793e-02   1.6182e+01   9.3685e-01   0.0000e+00   0.0000e+00   2.4343e+02
20260730_03:00:00   4.1811e-02   1.5180e+01   8.3605e-01   0.0000e+00   0.0000e+00   2.4239e+02
20260730_04:00:00   3.9522e-02   1.4609e+01   7.7573e-01   0.0000e+00   0.0000e+00   2.4365e+02
20260730_05:00:00   3.8355e-02   1.4318e+01   7.4499e-01   0.0000e+00   0.0000e+00   2.4334e+02
20260730_06:00:00   3.6853e-02   1.3932e+01   7.0783e-01   0.0000e+00   0.0000e+00   2.4190e+02
20260730_07:00:00   3.7246e-02   1.4030e+01   7.2074e-01   0.0000e+00   0.0000e+00   2.4003e+02
20260730_08:00:00   3.7269e-02   1.4035e+01   7.2148e-01   0.0000e+00   0.0000e+00   2.3955e+02
20260730_09:00:00   3.6420e-02   1.3818e+01   6.9923e-01   0.0000e+00   0.0000e+00   2.3962e+02
20260730_10:00:00   3.5589e-02   1.3609e+01   6.7715e-01   0.0000e+00   0.0000e+00   2.4158e+02
20260730_11:00:00   3.5024e-02   1.3470e+01   6.6049e-01   0.0000e+00   0.0000e+00   2.4294e+02
20260730_12:00:00   3.4786e-02   1.3409e+01   6.5492e-01   0.0000e+00   0.0000e+00   2.4332e+02
20260730_13:00:00   3.5108e-02   1.3499e+01   6.6501e-01   0.0000e+00   0.0000e+00   2.4130e+02
20260730_14:00:00   3.6098e-02   1.3760e+01   6.9094e-01   0.0000e+00   0.0000e+00   2.4023e+02
20260730_15:00:00   3.8667e-02   1.4425e+01   7.5987e-01   0.0000e+00   0.0000e+00   2.4026e+02
20260730_16:00:00   4.1387e-02   1.5119e+01   8.3493e-01   0.0000e+00   0.0000e+00   2.3930e+02
20260730_17:00:00   4.2740e-02   1.5465e+01   8.7638e-01   0.0000e+00   0.0000e+00   2.3972e+02
20260730_18:00:00   4.1748e-02   1.5216e+01   8.5337e-01   0.0000e+00   0.0000e+00   2.3981e+02
20260730_19:00:00   4.1010e-02   1.5024e+01   8.3391e-01   0.0000e+00   0.0000e+00   2.3887e+02
20260730_20:00:00   4.0553e-02   1.4904e+01   8.2082e-01   0.0000e+00   0.0000e+00   2.3898e+02
20260730_21:00:00   4.1053e-02   1.5026e+01   8.3171e-01   0.0000e+00   0.0000e+00   2.3998e+02
20260730_22:00:00   3.9647e-02   1.4672e+01   7.9005e-01   0.0000e+00   0.0000e+00   2.3999e+02
20260730_23:00:00   3.9169e-02   1.4550e+01   7.7583e-01   0.0000e+00   0.0000e+00   2.4195e+02
20260731_00:00:00   3.8384e-02   1.4356e+01   7.5082e-01   0.0000e+00   0.0000e+00   2.4135e+02
20260731_01:00:00   3.6932e-02   1.3978e+01   7.0959e-01   0.0000e+00   0.0000e+00   2.4086e+02
20260731_02:00:00   3.8960e-02   1.4496e+01   7.6038e-01   0.0000e+00   0.0000e+00   2.4158e+02
20260731_03:00:00   4.3001e-02   1.5488e+01   8.7325e-01   0.0000e+00   0.0000e+00   2.4269e+02
20260731_04:00:00   5.3849e-02   1.8192e+01   1.1541e+00   0.0000e+00   0.0000e+00   2.4116e+02
20260731_05:00:00   7.0084e-02   2.2123e+01   1.5676e+00   0.0000e+00   0.0000e+00   2.4104e+02
20260731_06:00:00   6.6696e-02   2.1330e+01   1.4659e+00   0.0000e+00   0.0000e+00   2.4248e+02
20260731_07:00:00   6.8677e-02   2.1765e+01   1.5136e+00   0.0000e+00   0.0000e+00   2.4302e+02
20260731_08:00:00   7.9090e-02   2.4248e+01   1.7537e+00   0.0000e+00   0.0000e+00   2.4323e+02
20260731_09:00:00   1.0262e-01   2.9810e+01   2.2727e+00   0.0000e+00   3.7173e-05   2.4243e+02
20260731_10:00:00   1.2321e-01   3.4605e+01   2.6830e+00   0.0000e+00   1.9916e-04   2.4355e+02
20260731_11:00:00   1.0996e-01   3.1641e+01   2.3689e+00   0.0000e+00   0.0000e+00   2.4232e+02
20260731_12:00:00   9.2007e-02   2.7440e+01   1.9582e+00   0.0000e+00   0.0000e+00   2.4317e+02
20260731_13:00:00   8.2376e-02   2.5150e+01   1.7318e+00   0.0000e+00   0.0000e+00   2.4213e+02
20260731_14:00:00   7.6483e-02   2.3727e+01   1.6063e+00   0.0000e+00   0.0000e+00   2.4100e+02
20260731_15:00:00   6.8722e-02   2.1820e+01   1.4496e+00   0.0000e+00   0.0000e+00   2.4120e+02
20260731_16:00:00   6.8007e-02   2.1622e+01   1.4471e+00   0.0000e+00   0.0000e+00   2.4373e+02
20260731_17:00:00   8.4911e-02   2.5630e+01   1.8570e+00   0.0000e+00   0.0000e+00   2.4538e+02
20260731_18:00:00   6.7260e-02   2.1421e+01   1.4524e+00   0.0000e+00   0.0000e+00   2.4464e+02
20260731_19:00:00   6.2520e-02   2.0307e+01   1.3217e+00   0.0000e+00   0.0000e+00   2.4358e+02
20260731_20:00:00   6.6954e-02   2.1367e+01   1.4185e+00   0.0000e+00   0.0000e+00   2.4276e+02
20260731_21:00:00   7.3627e-02   2.2957e+01   1.5629e+00   0.0000e+00   0.0000e+00   2.4222e+02
20260731_22:00:00   7.3587e-02   2.2912e+01   1.5543e+00   0.0000e+00   0.0000e+00   2.4227e+02
20260731_23:00:00   9.7344e-02   2.8467e+01   2.0238e+00   0.0000e+00   1.9410e-04   2.4383e+02
20260801_00:00:00   8.3342e-02   2.5205e+01   1.7198e+00   0.0000e+00   6.2410e-05   2.4488e+02
20260801_01:00:00   8.4387e-02   2.5438e+01   1.7334e+00   0.0000e+00   0.0000e+00   2.4501e+02
20260801_02:00:00   6.5177e-02   2.0850e+01   1.3093e+00   0.0000e+00   0.0000e+00   2.4524e+02
20260801_03:00:00   5.0019e-02   1.7126e+01   9.6548e-01   0.0000e+00   0.0000e+00   2.4727e+02
20260801_04:00:00   4.4184e-02   1.5637e+01   8.4048e-01   0.0000e+00   0.0000e+00   2.4796e+02
20260801_05:00:00   4.4829e-02   1.5746e+01   8.7362e-01   0.0000e+00   0.0000e+00   2.4671e+02
20260801_06:00:00   4.1982e-02   1.5015e+01   8.1379e-01   0.0000e+00   0.0000e+00   2.4644e+02
20260801_07:00:00   3.9556e-02   1.4406e+01   7.5559e-01   0.0000e+00   0.0000e+00   2.4696e+02
20260801_08:00:00   3.7367e-02   1.3880e+01   7.0234e-01   0.0000e+00   0.0000e+00   2.4839e+02
20260801_09:00:00   3.2557e-02   1.2663e+01   5.7938e-01   0.0000e+00   0.0000e+00   2.5124e+02
20260801_10:00:00   3.1004e-02   1.2256e+01   5.4221e-01   0.0000e+00   0.0000e+00   2.5234e+02
20260801_11:00:00   3.2677e-02   1.2656e+01   5.9486e-01   0.0000e+00   0.0000e+00   2.5248e+02
20260801_12:00:00   3.2679e-02   1.2668e+01   5.9342e-01   0.0000e+00   0.0000e+00   2.5270e+02
20260801_13:00:00   3.1612e-02   1.2404e+01   5.6228e-01   0.0000e+00   0.0000e+00   2.5300e+02
20260801_14:00:00   3.5073e-02   1.3270e+01   6.5860e-01   0.0000e+00   0.0000e+00   2.5214e+02
20260801_15:00:00   4.0634e-02   1.4649e+01   8.1158e-01   0.0000e+00   1.8028e-07   2.4936e+02
20260801_16:00:00   4.3782e-02   1.5421e+01   8.9676e-01   0.0000e+00   1.3558e-04   2.4758e+02
20260801_17:00:00   4.6575e-02   1.6099e+01   9.7058e-01   0.0000e+00   5.0580e-03   2.4582e+02
20260801_18:00:00   5.1105e-02   1.7214e+01   1.0898e+00   0.0000e+00   4.6981e-03   2.4761e+02
20260801_19:00:00   5.5057e-02   1.8167e+01   1.1937e+00   0.0000e+00   4.4836e-03   2.4748e+02
20260801_20:00:00   5.4330e-02   1.8029e+01   1.1687e+00   0.0000e+00   8.3224e-04   2.4773e+02
20260801_21:00:00   5.5722e-02   1.8343e+01   1.2073e+00   0.0000e+00   1.5862e-03   2.4839e+02
20260801_22:00:00   5.6843e-02   1.8623e+01   1.2314e+00   0.0000e+00   1.1851e-03   2.4947e+02
20260801_23:00:00   5.7084e-02   1.8707e+01   1.2306e+00   0.0000e+00   1.6010e-04   2.4975e+02
20260802_00:00:00   5.4681e-02   1.8149e+01   1.1664e+00   0.0000e+00   0.0000e+00   2.4853e+02
20260802_01:00:00   5.6247e-02   1.8526e+01   1.2050e+00   0.0000e+00   0.0000e+00   2.4911e+02
20260802_02:00:00   5.6243e-02   1.8550e+01   1.2018e+00   0.0000e+00   0.0000e+00   2.4980e+02
20260802_03:00:00   5.4113e-02   1.8034e+01   1.1507e+00   0.0000e+00   0.0000e+00   2.4997e+02
20260802_04:00:00   5.4648e-02   1.8153e+01   1.1658e+00   0.0000e+00   0.0000e+00   2.4937e+02
20260802_05:00:00   5.4275e-02   1.8067e+01   1.1547e+00   0.0000e+00   0.0000e+00   2.4972e+02
20260802_06:00:00   5.5417e-02   1.8342e+01   1.1837e+00   0.0000e+00   0.0000e+00   2.5119e+02
20260802_07:00:00   5.4923e-02   1.8207e+01   1.1720e+00   0.0000e+00   0.0000e+00   2.5118e+02
20260802_08:00:00   5.4126e-02   1.8002e+01   1.1515e+00   0.0000e+00   0.0000e+00   2.5217e+02
20260802_09:00:00   5.4146e-02   1.8008e+01   1.1483e+00   0.0000e+00   0.0000e+00   2.5071e+02
20260802_10:00:00   5.2317e-02   1.7581e+01   1.0994e+00   0.0000e+00   0.0000e+00   2.4972e+02
20260802_11:00:00   4.8590e-02   1.6672e+01   1.0080e+00   0.0000e+00   0.0000e+00   2.4902e+02
20260802_12:00:00   4.5910e-02   1.6022e+01   9.3733e-01   0.0000e+00   0.0000e+00   2.4867e+02
20260802_13:00:00   4.5297e-02   1.5871e+01   9.1955e-01   0.0000e+00   0.0000e+00   2.4807e+02
20260802_14:00:00   4.4936e-02   1.5792e+01   9.0958e-01   0.0000e+00   0.0000e+00   2.4808e+02
20260802_15:00:00   4.3452e-02   1.5447e+01   8.7193e-01   0.0000e+00   0.0000e+00   2.4793e+02
20260802_16:00:00   4.3222e-02   1.5400e+01   8.6599e-01   0.0000e+00   0.0000e+00   2.4751e+02
20260802_17:00:00   4.3444e-02   1.5471e+01   8.7199e-01   0.0000e+00   0.0000e+00   2.4742e+02
20260802_18:00:00   4.4658e-02   1.5787e+01   9.0493e-01   0.0000e+00   0.0000e+00   2.4629e+02
20260802_19:00:00   4.6359e-02   1.6228e+01   9.4560e-01   0.0000e+00   0.0000e+00   2.4645e+02
20260802_20:00:00   4.6520e-02   1.6278e+01   9.4820e-01   0.0000e+00   0.0000e+00   2.4544e+02
20260802_21:00:00   4.5287e-02   1.5977e+01   9.1679e-01   0.0000e+00   0.0000e+00   2.4397e+02
20260802_22:00:00   4.4748e-02   1.5847e+01   9.0143e-01   0.0000e+00   0.0000e+00   2.4324e+02
20260802_23:00:00   4.4698e-02   1.5841e+01   9.0012e-01   0.0000e+00   0.0000e+00   2.4234e+02
20260803_00:00:00   4.4308e-02   1.5750e+01   8.9073e-01   0.0000e+00   0.0000e+00   2.4101e+02
20260803_01:00:00   4.4008e-02   1.5682e+01   8.8308e-01   0.0000e+00   0.0000e+00   2.3940e+02
20260803_02:00:00   4.3310e-02   1.5506e+01   8.6826e-01   0.0000e+00   0.0000e+00   2.3909e+02
20260803_03:00:00   4.1160e-02   1.4966e+01   8.1481e-01   0.0000e+00   0.0000e+00   2.4067e+02
20260803_04:00:00   4.0473e-02   1.4787e+01   7.9684e-01   0.0000e+00   0.0000e+00   2.4200e+02
20260803_05:00:00   3.8964e-02   1.4399e+01   7.5874e-01   0.0000e+00   0.0000e+00   2.4294e+02
20260803_06:00:00   3.8492e-02   1.4270e+01   7.5056e-01   0.0000e+00   0.0000e+00   2.4416e+02
20260803_07:00:00   3.8490e-02   1.4263e+01   7.5232e-01   0.0000e+00   0.0000e+00   2.4467e+02
20260803_08:00:00   3.8605e-02   1.4285e+01   7.5860e-01   0.0000e+00   0.0000e+00   2.4449e+02
20260803_09:00:00   3.7642e-02   1.4041e+01   7.3214e-01   0.0000e+00   0.0000e+00   2.4344e+02
20260803_10:00:00   3.6356e-02   1.3718e+01   6.9692e-01   0.0000e+00   0.0000e+00   2.4391e+02
20260803_11:00:00   3.4896e-02   1.3346e+01   6.5766e-01   0.0000e+00   0.0000e+00   2.4366e+02
20260803_12:00:00   3.3477e-02   1.2977e+01   6.2210e-01   0.0000e+00   0.0000e+00   2.4371e+02
20260803_13:00:00   3.2663e-02   1.2764e+01   6.0086e-01   0.0000e+00   0.0000e+00   2.4114e+02
20260803_14:00:00   3.2288e-02   1.2670e+01   5.9274e-01   0.0000e+00   0.0000e+00   2.3892e+02
20260803_15:00:00   3.2833e-02   1.2807e+01   6.0900e-01   0.0000e+00   0.0000e+00   2.3823e+02
20260803_16:00:00   3.3191e-02   1.2898e+01   6.2107e-01   0.0000e+00   0.0000e+00   2.3770e+02
20260803_17:00:00   3.4800e-02   1.3309e+01   6.6591e-01   0.0000e+00   0.0000e+00   2.3754e+02
20260803_18:00:00   3.5313e-02   1.3437e+01   6.8077e-01   0.0000e+00   0.0000e+00   2.3701e+02
20260803_21:00:00   3.3975e-02   1.3098e+01   6.4221e-01   0.0000e+00   0.0000e+00   2.3577e+02
20260804_00:00:00   3.6405e-02   1.3766e+01   6.9475e-01   0.0000e+00   0.0000e+00   2.3513e+02
20260804_03:00:00   3.1818e-02   1.2561e+01   5.7509e-01   0.0000e+00   0.0000e+00   2.3843e+02
20260804_06:00:00   2.9068e-02   1.1827e+01   5.0059e-01   0.0000e+00   0.0000e+00   2.3401e+02
20260804_09:00:00   2.7166e-02   1.1309e+01   4.5092e-01   0.0000e+00   0.0000e+00   2.3117e+02
20260804_12:00:00   2.5758e-02   1.0918e+01   4.1656e-01   0.0000e+00   0.0000e+00   2.3680e+02
20260804_15:00:00   2.6064e-02   1.1006e+01   4.2480e-01   0.0000e+00   0.0000e+00   2.3808e+02
20260804_18:00:00   2.7427e-02   1.1369e+01   4.6337e-01   0.0000e+00   0.0000e+00   2.4093e+02
20260804_21:00:00   2.8364e-02   1.1599e+01   4.9163e-01   0.0000e+00   0.0000e+00   2.4636e+02
20260805_00:00:00   3.4579e-02   1.3251e+01   6.5436e-01   0.0000e+00   0.0000e+00   2.4895e+02
20260805_03:00:00   3.1325e-02   1.2394e+01   5.7457e-01   0.0000e+00   0.0000e+00   2.5640e+02
20260805_06:00:00   3.1564e-02   1.2427e+01   5.8827e-01   0.0000e+00   0.0000e+00   2.6157e+02
20260805_09:00:00   3.2805e-02   1.2730e+01   6.3040e-01   0.0000e+00   0.0000e+00   2.5960e+02
20260805_12:00:00   3.3338e-02   1.2861e+01   6.4889e-01   0.0000e+00   0.0000e+00   2.6147e+02
20260805_15:00:00   3.2366e-02   1.2626e+01   6.2264e-01   0.0000e+00   0.0000e+00   2.5797e+02
20260805_18:00:00   2.9649e-02   1.1936e+01   5.4615e-01   0.0000e+00   0.0000e+00   2.5508e+02
20260805_21:00:00   3.0404e-02   1.2139e+01   5.6720e-01   0.0000e+00   0.0000e+00   2.5205e+02
20260806_00:00:00   3.1104e-02   1.2328e+01   5.8605e-01   0.0000e+00   0.0000e+00   2.5327e+02
20260806_03:00:00   2.9798e-02   1.1967e+01   5.5549e-01   0.0000e+00   0.0000e+00   2.5787e+02
20260806_06:00:00   2.8036e-02   1.1495e+01   5.0825e-01   0.0000e+00   0.0000e+00   2.6202e+02
20260806_09:00:00   2.7568e-02   1.1379e+01   4.9534e-01   0.0000e+00   0.0000e+00   2.6409e+02
20260806_12:00:00   2.6300e-02   1.1052e+01   4.5615e-01   0.0000e+00   0.0000e+00   2.6573e+02
20260806_15:00:00   2.5070e-02   1.0744e+01   4.1582e-01   0.0000e+00   0.0000e+00   2.6146e+02
20260806_18:00:00   2.3550e-02   1.0371e+01   3.6241e-01   0.0000e+00   0.0000e+00   2.5863e+02
20260806_21:00:00   2.5616e-02   1.0954e+01   4.0993e-01   0.0000e+00   0.0000e+00   2.5995e+02
20260807_00:00:00   2.3326e-02   1.0344e+01   3.4350e-01   0.0000e+00   0.0000e+00   2.6101e+02
20260807_03:00:00   2.0988e-02   9.6805e+00   2.8594e-01   0.0000e+00   0.0000e+00   2.6002e+02
20260807_06:00:00   2.2636e-02   1.0098e+01   3.4226e-01   0.0000e+00   0.0000e+00   2.5678e+02
20260807_09:00:00   2.1823e-02   9.8951e+00   3.1664e-01   0.0000e+00   0.0000e+00   2.5687e+02
20260807_12:00:00   2.1956e-02   9.9314e+00   3.2181e-01   0.0000e+00   0.0000e+00   2.5529e+02
20260807_15:00:00   2.1689e-02   9.8694e+00   3.1109e-01   0.0000e+00   0.0000e+00   2.5306e+02
20260807_18:00:00   2.2490e-02   1.0082e+01   3.3503e-01   0.0000e+00   0.0000e+00   2.5811e+02
20260807_21:00:00   2.5380e-02   1.0883e+01   4.1323e-01   0.0000e+00   0.0000e+00   2.5884e+02
20260808_00:00:00   2.7527e-02   1.1469e+01   4.6950e-01   0.0000e+00   0.0000e+00   2.5596e+02
20260808_03:00:00   4.1536e-02   1.5083e+01   8.7259e-01   0.0000e+00   0.0000e+00   2.5784e+02
20260808_06:00:00   7.4146e-02   2.3109e+01   1.7338e+00   0.0000e+00   0.0000e+00   2.5595e+02
20260808_09:00:00   8.9739e-02   2.6828e+01   2.1197e+00   0.0000e+00   0.0000e+00   2.5898e+02
20260808_12:00:00   9.6402e-02   2.8505e+01   2.2749e+00   0.0000e+00   0.0000e+00   2.5971e+02
20260808_15:00:00   1.0105e-01   2.9715e+01   2.3840e+00   0.0000e+00   0.0000e+00   2.6134e+02
20260808_18:00:00   1.0696e-01   3.1102e+01   2.5383e+00   0.0000e+00   0.0000e+00   2.5737e+02
20260808_21:00:00   1.0328e-01   3.0228e+01   2.4499e+00   0.0000e+00   0.0000e+00   2.5838e+02
20260809_00:00:00   1.1210e-01   3.2230e+01   2.6694e+00   0.0000e+00   0.0000e+00   2.5846e+02
20260809_03:00:00   1.2855e-01   3.6102e+01   3.0589e+00   0.0000e+00   0.0000e+00   2.5489e+02
20260809_06:00:00   1.1685e-01   3.3548e+01   2.7257e+00   0.0000e+00   0.0000e+00   2.5335e+02
20260809_09:00:00   1.3404e-01   3.7390e+01   3.1361e+00   0.0000e+00   0.0000e+00   2.5404e+02
20260809_12:00:00   1.3475e-01   3.7546e+01   3.1685e+00   0.0000e+00   0.0000e+00   2.5494e+02
20260809_15:00:00   1.5607e-01   4.2286e+01   3.7066e+00   0.0000e+00   1.0126e-05   2.5426e+02
20260809_18:00:00   1.6037e-01   4.3282e+01   3.8233e+00   0.0000e+00   0.0000e+00   2.5075e+02
20260809_21:00:00   1.4431e-01   3.9749e+01   3.4479e+00   0.0000e+00   0.0000e+00   2.4964e+02
20260810_00:00:00   1.3846e-01   3.8444e+01   3.3291e+00   0.0000e+00   0.0000e+00   2.4827e+02
20260810_03:00:00   1.2635e-01   3.5775e+01   3.0495e+00   0.0000e+00   0.0000e+00   2.5027e+02
20260810_06:00:00   1.1740e-01   3.3754e+01   2.7958e+00   0.0000e+00   0.0000e+00   2.5046e+02
20260810_09:00:00   1.1321e-01   3.2696e+01   2.7050e+00   0.0000e+00   0.0000e+00   2.5284e+02
20260810_12:00:00   1.4161e-01   3.9112e+01   3.3831e+00   0.0000e+00   0.0000e+00   2.5042e+02
20260810_15:00:00   1.4347e-01   3.9619e+01   3.4489e+00   0.0000e+00   0.0000e+00   2.4819e+02
20260810_18:00:00   1.6345e-01   4.4005e+01   3.9569e+00   0.0000e+00   6.0960e-04   2.4763e+02
20260810_21:00:00   1.6631e-01   4.4612e+01   4.0555e+00   0.0000e+00   1.7668e-05   2.4946e+02
20260811_00:00:00   1.6771e-01   4.4976e+01   4.0327e+00   0.0000e+00   3.6060e-07   2.4863e+02
20260811_03:00:00   1.7277e-01   4.6279e+01   4.1026e+00   0.0000e+00   0.0000e+00   2.4901e+02
20260811_06:00:00   1.4040e-01   3.9244e+01   3.2995e+00   0.0000e+00   0.0000e+00   2.5387e+02
20260811_09:00:00   1.4093e-01   3.9172e+01   3.3340e+00   0.0000e+00   0.0000e+00   2.5176e+02
20260811_12:00:00   1.4095e-01   3.9121e+01   3.3748e+00   0.0000e+00   0.0000e+00   2.5087e+02
20260811_15:00:00   1.4549e-01   4.0151e+01   3.4923e+00   0.0000e+00   0.0000e+00   2.5328e+02
20260811_18:00:00   1.6048e-01   4.3547e+01   3.8763e+00   0.0000e+00   7.9500e-05   2.5381e+02
20260811_21:00:00   1.7079e-01   4.5761e+01   4.1022e+00   0.0000e+00   4.9680e-06   2.5047e+02
20260812_00:00:00   2.0508e-01   5.3164e+01   4.8408e+00   0.0000e+00   5.7576e-04   2.4930e+02
20260812_03:00:00   1.6778e-01   4.5325e+01   3.8658e+00   0.0000e+00   0.0000e+00   2.5256e+02
20260812_06:00:00   1.5975e-01   4.3510e+01   3.6702e+00   0.0000e+00   0.0000e+00   2.5373e+02
20260812_09:00:00   1.9073e-01   5.0109e+01   4.3737e+00   0.0000e+00   0.0000e+00   2.5668e+02
20260812_12:00:00   1.9236e-01   5.0531e+01   4.3544e+00   0.0000e+00   3.7380e-05   2.5864e+02
20260812_15:00:00   2.0688e-01   5.3662e+01   4.6120e+00   0.0000e+00   1.0456e-04   2.5871e+02
20260812_18:00:00   1.7995e-01   4.7999e+01   4.0662e+00   0.0000e+00   0.0000e+00   2.5760e+02
20260812_21:00:00   2.0481e-01   5.3113e+01   4.6147e+00   9.4620e-08   1.5986e-04   2.5821e+02
20260813_00:00:00   2.4118e-01   6.0199e+01   5.4753e+00   0.0000e+00   2.4952e-03   2.5726e+02
20260813_03:00:00   2.2410e-01   5.6847e+01   4.9802e+00   0.0000e+00   2.0632e-04   2.5732e+02
20260813_06:00:00   2.4164e-01   6.0213e+01   5.3375e+00   3.6060e-06   1.2048e-03   2.5835e+02
20260813_09:00:00   3.1997e-01   7.5979e+01   4.2282e+00   5.4023e-02   1.4300e-02   2.5909e+02
20260813_12:00:00   1.2841e-01   3.6147e+01   2.6467e+00   1.4937e-03   2.0115e-03   2.5678e+02
20260813_15:00:00   1.1810e-01   3.3762e+01   2.5222e+00   0.0000e+00   0.0000e+00   2.5644e+02
20260813_18:00:00   1.8975e-01   4.9453e+01   4.1341e+00   2.0878e-04   3.6411e-03   2.5563e+02
20260813_21:00:00   2.1013e-01   5.3468e+01   3.9326e+00   1.5236e-02   1.2463e-02   2.5478e+02
20260814_00:00:00   1.0550e-01   3.0594e+01   2.2744e+00   5.7690e-07   2.2499e-03   2.5497e+02
20260814_03:00:00   1.0158e-01   2.9778e+01   1.9932e+00   3.0440e-03   8.2040e-05   2.5677e+02
20260814_06:00:00   7.5574e-02   2.3428e+01   1.6167e+00   0.0000e+00   6.1790e-05   2.5832e+02
20260814_09:00:00   6.3337e-02   2.0505e+01   1.2867e+00   0.0000e+00   0.0000e+00   2.6100e+02
20260814_12:00:00   4.0327e-02   1.4770e+01   7.4720e-01   0.0000e+00   0.0000e+00   2.6163e+02
20260814_15:00:00   5.0478e-02   1.7313e+01   1.0175e+00   0.0000e+00   0.0000e+00   2.6137e+02
20260814_18:00:00   8.0827e-02   2.4781e+01   1.7601e+00   0.0000e+00   0.0000e+00   2.5811e+02
