#            date       tau255        Tb[K]      pwv[mm] lwp[kg*m^-2] iwp[kg*m^-2]       o3[DU]
20260830_06:00:00   4.1692e-02   1.5095e+01   8.2876e-01   0.0000e+00   0.0000e+00   2.5873e+02
20260830_07:00:00   4.0522e-02   1.4791e+01   7.9926e-01   0.0000e+00   0.0000e+00   2.5882e+02
20260830_08:00:00   4.0374e-02   1.4747e+01   7.9386e-01   0.0000e+00   0.0000e+00   2.6040e+02
20260830_09:00:00   3.9383e-02   1.4496e+01   7.6675e-01   0.0000e+00   0.0000e+00   2.6109e+02
20260830_10:00:00   4.0141e-02   1.4686e+01   7.8350e-01   0.0000e+00   0.0000e+00   2.6081e+02
20260830_11:00:00   4.0197e-02   1.4696e+01   7.8219e-01   0.0000e+00   0.0000e+00   2.6153e+02
20260830_12:00:00   3.9017e-02   1.4405e+01   7.4740e-01   0.0000e+00   0.0000e+00   2.6085e+02
20260830_13:00:00   3.9850e-02   1.4609e+01   7.7156e-01   0.0000e+00   0.0000e+00   2.6058e+02
20260830_14:00:00   3.9681e-02   1.4577e+01   7.6848e-01   0.0000e+00   0.0000e+00   2.6106e+02
20260830_15:00:00   4.2318e-02   1.5260e+01   8.2975e-01   0.0000e+00   0.0000e+00   2.6100e+02
20260830_16:00:00   5.0515e-02   1.7337e+01   1.0186e+00   0.0000e+00   0.0000e+00   2.6092e+02
20260830_17:00:00   5.4469e-02   1.8318e+01   1.1251e+00   0.0000e+00   0.0000e+00   2.6168e+02
20260830_18:00:00   6.0176e-02   1.9716e+01   1.2746e+00   0.0000e+00   0.0000e+00   2.6203e+02
20260830_19:00:00   6.8536e-02   2.1699e+01   1.4987e+00   0.0000e+00   9.7144e-05   2.6197e+02
20260830_20:00:00   8.6511e-02   2.5931e+01   1.9324e+00   0.0000e+00   1.2922e-04   2.6068e+02
20260830_21:00:00   1.0138e-01   2.9387e+01   2.2609e+00   0.0000e+00   4.7882e-05   2.6014e+02
20260830_22:00:00   1.0750e-01   3.0751e+01   2.3879e+00   0.0000e+00   5.6322e-05   2.5946e+02
20260830_23:00:00   1.0407e-01   2.9955e+01   2.3113e+00   0.0000e+00   1.0964e-04   2.5778e+02
20260831_00:00:00   1.0076e-01   2.9202e+01   2.2284e+00   0.0000e+00   1.2295e-04   2.5785e+02
20260831_01:00:00   9.8180e-02   2.8646e+01   2.1663e+00   0.0000e+00   5.2837e-05   2.5728e+02
20260831_02:00:00   8.8697e-02   2.6511e+01   1.9492e+00   0.0000e+00   1.4838e-06   2.5851e+02
20260831_03:00:00   8.6037e-02   2.5887e+01   1.8853e+00   0.0000e+00   0.0000e+00   2.5980e+02
20260831_04:00:00   8.9855e-02   2.6759e+01   1.9511e+00   0.0000e+00   0.0000e+00   2.6089e+02
20260831_05:00:00   8.3959e-02   2.5424e+01   1.8062e+00   0.0000e+00   0.0000e+00   2.6143e+02
20260831_06:00:00   8.3310e-02   2.5266e+01   1.7894e+00   0.0000e+00   0.0000e+00   2.6340e+02
20260831_07:00:00   8.3496e-02   2.5281e+01   1.7902e+00   0.0000e+00   1.4275e-05   2.6362e+02
20260831_08:00:00   8.0536e-02   2.4592e+01   1.7195e+00   0.0000e+00   7.1210e-05   2.6301e+02
20260831_09:00:00   7.6726e-02   2.3691e+01   1.6284e+00   0.0000e+00   1.4838e-06   2.6514e+02
20260831_10:00:00   6.9787e-02   2.2050e+01   1.4648e+00   0.0000e+00   7.8800e-06   2.6505e+02
20260831_11:00:00   6.5123e-02   2.0925e+01   1.3499e+00   0.0000e+00   2.2256e-06   2.6550e+02
20260831_12:00:00   5.6610e-02   1.8872e+01   1.1453e+00   0.0000e+00   0.0000e+00   2.6502e+02
20260831_13:00:00   5.1815e-02   1.7700e+01   1.0277e+00   0.0000e+00   3.4670e-05   2.6457e+02
20260831_14:00:00   5.0044e-02   1.7273e+01   9.8123e-01   0.0000e+00   8.6210e-06   2.6434e+02
20260831_15:00:00   5.0546e-02   1.7412e+01   9.8915e-01   0.0000e+00   3.6400e-05   2.6273e+02
20260831_16:00:00   5.0336e-02   1.7375e+01   9.8585e-01   0.0000e+00   5.8320e-05   2.6148e+02
20260831_17:00:00   5.2068e-02   1.7815e+01   1.0322e+00   0.0000e+00   3.1350e-05   2.6053e+02
20260831_18:00:00   5.3367e-02   1.8154e+01   1.0687e+00   0.0000e+00   2.1633e-05   2.5882e+02
20260831_19:00:00   5.2059e-02   1.7856e+01   1.0433e+00   0.0000e+00   4.0570e-05   2.5817e+02
20260831_20:00:00   4.6503e-02   1.6471e+01   9.2100e-01   0.0000e+00   3.2470e-05   2.5782e+02
20260831_21:00:00   4.2779e-02   1.5521e+01   8.3097e-01   0.0000e+00   2.4210e-05   2.5684e+02
20260831_22:00:00   3.8192e-02   1.4343e+01   7.1909e-01   0.0000e+00   1.7074e-05   2.5647e+02
20260831_23:00:00   3.3430e-02   1.3097e+01   6.0391e-01   0.0000e+00   5.6540e-06   2.5587e+02
20260901_00:00:00   3.1746e-02   1.2649e+01   5.6711e-01   0.0000e+00   0.0000e+00   2.5418e+02
20260901_01:00:00   2.8096e-02   1.1672e+01   4.8177e-01   0.0000e+00   0.0000e+00   2.5414e+02
20260901_02:00:00   2.6072e-02   1.1108e+01   4.3848e-01   0.0000e+00   0.0000e+00   2.5370e+02
20260901_03:00:00   2.6364e-02   1.1172e+01   4.5463e-01   0.0000e+00   0.0000e+00   2.5339e+02
20260901_04:00:00   2.6638e-02   1.1239e+01   4.6572e-01   0.0000e+00   0.0000e+00   2.5411e+02
20260901_05:00:00   2.7094e-02   1.1346e+01   4.8512e-01   0.0000e+00   0.0000e+00   2.5447e+02
20260901_06:00:00   2.7962e-02   1.1570e+01   5.1267e-01   0.0000e+00   0.0000e+00   2.5406e+02
20260901_07:00:00   2.7917e-02   1.1553e+01   5.1343e-01   0.0000e+00   0.0000e+00   2.5426e+02
20260901_08:00:00   2.8855e-02   1.1788e+01   5.4575e-01   0.0000e+00   0.0000e+00   2.5392e+02
20260901_09:00:00   2.9170e-02   1.1867e+01   5.5658e-01   0.0000e+00   0.0000e+00   2.5373e+02
20260901_10:00:00   2.8228e-02   1.1624e+01   5.2768e-01   0.0000e+00   0.0000e+00   2.5353e+02
20260901_11:00:00   2.7208e-02   1.1361e+01   4.9583e-01   0.0000e+00   0.0000e+00   2.5379e+02
20260901_12:00:00   2.6269e-02   1.1115e+01   4.6824e-01   0.0000e+00   0.0000e+00   2.5350e+02
20260901_13:00:00   2.5419e-02   1.0889e+01   4.4331e-01   0.0000e+00   0.0000e+00   2.5338e+02
20260901_14:00:00   2.4900e-02   1.0762e+01   4.2514e-01   0.0000e+00   0.0000e+00   2.5246e+02
20260901_15:00:00   2.4196e-02   1.0580e+01   4.0179e-01   0.0000e+00   0.0000e+00   2.5079e+02
20260901_16:00:00   2.3807e-02   1.0483e+01   3.8703e-01   0.0000e+00   0.0000e+00   2.5022e+02
20260901_17:00:00   2.3730e-02   1.0474e+01   3.8184e-01   0.0000e+00   0.0000e+00   2.4969e+02
20260901_18:00:00   2.3531e-02   1.0433e+01   3.7164e-01   0.0000e+00   0.0000e+00   2.4813e+02
20260901_19:00:00   2.3235e-02   1.0366e+01   3.6007e-01   0.0000e+00   0.0000e+00   2.4686e+02
20260901_20:00:00   2.3259e-02   1.0383e+01   3.5792e-01   0.0000e+00   0.0000e+00   2.4567e+02
20260901_21:00:00   2.3781e-02   1.0532e+01   3.7147e-01   0.0000e+00   0.0000e+00   2.4480e+02
20260901_22:00:00   2.5435e-02   1.0987e+01   4.1852e-01   0.0000e+00   0.0000e+00   2.4403e+02
20260901_23:00:00   2.5889e-02   1.1112e+01   4.3273e-01   0.0000e+00   0.0000e+00   2.4413e+02
20260902_00:00:00   2.6266e-02   1.1224e+01   4.4175e-01   0.0000e+00   0.0000e+00   2.4419e+02
20260902_01:00:00   2.6364e-02   1.1257e+01   4.4306e-01   0.0000e+00   0.0000e+00   2.4455e+02
20260902_02:00:00   2.5244e-02   1.0948e+01   4.1574e-01   0.0000e+00   0.0000e+00   2.4631e+02
20260902_03:00:00   2.4257e-02   1.0667e+01   3.9170e-01   0.0000e+00   0.0000e+00   2.4848e+02
20260902_04:00:00   2.3631e-02   1.0482e+01   3.7700e-01   0.0000e+00   0.0000e+00   2.5057e+02
20260902_05:00:00   2.3197e-02   1.0356e+01   3.6632e-01   0.0000e+00   0.0000e+00   2.5178e+02
20260902_06:00:00   2.3207e-02   1.0352e+01   3.6698e-01   0.0000e+00   0.0000e+00   2.5225e+02
20260902_07:00:00   2.3291e-02   1.0372e+01   3.6876e-01   0.0000e+00   0.0000e+00   2.5082e+02
20260902_08:00:00   2.3164e-02   1.0332e+01   3.6539e-01   0.0000e+00   0.0000e+00   2.5023e+02
20260902_09:00:00   2.3117e-02   1.0319e+01   3.6399e-01   0.0000e+00   0.0000e+00   2.4968e+02
20260902_10:00:00   2.3089e-02   1.0312e+01   3.6247e-01   0.0000e+00   0.0000e+00   2.4916e+02
20260902_11:00:00   2.2735e-02   1.0208e+01   3.5333e-01   0.0000e+00   0.0000e+00   2.4970e+02
20260902_12:00:00   2.2596e-02   1.0161e+01   3.5083e-01   0.0000e+00   0.0000e+00   2.5059e+02
20260902_13:00:00   2.2375e-02   1.0103e+01   3.4325e-01   0.0000e+00   0.0000e+00   2.5185e+02
20260902_14:00:00   2.3051e-02   1.0292e+01   3.6203e-01   0.0000e+00   0.0000e+00   2.5390e+02
20260902_15:00:00   2.3196e-02   1.0335e+01   3.6538e-01   0.0000e+00   0.0000e+00   2.5365e+02
20260902_16:00:00   2.3180e-02   1.0331e+01   3.6524e-01   0.0000e+00   0.0000e+00   2.5359e+02
20260902_17:00:00   2.3338e-02   1.0383e+01   3.6751e-01   0.0000e+00   0.0000e+00   2.5362e+02
20260902_18:00:00   2.4372e-02   1.0674e+01   3.9486e-01   0.0000e+00   0.0000e+00   2.5299e+02
20260902_19:00:00   2.5826e-02   1.1071e+01   4.3549e-01   0.0000e+00   0.0000e+00   2.5186e+02
20260902_20:00:00   2.8238e-02   1.1739e+01   4.9753e-01   0.0000e+00   0.0000e+00   2.4943e+02
20260902_21:00:00   3.0749e-02   1.2421e+01   5.6154e-01   0.0000e+00   0.0000e+00   2.4784e+02
20260902_22:00:00   3.2106e-02   1.2785e+01   5.9406e-01   0.0000e+00   0.0000e+00   2.4766e+02
20260902_23:00:00   3.3015e-02   1.3026e+01   6.1501e-01   0.0000e+00   0.0000e+00   2.4788e+02
20260903_00:00:00   3.0819e-02   1.2442e+01   5.5570e-01   0.0000e+00   0.0000e+00   2.4929e+02
20260903_01:00:00   2.9065e-02   1.1973e+01   5.0979e-01   0.0000e+00   0.0000e+00   2.5136e+02
20260903_02:00:00   2.6644e-02   1.1310e+01   4.4965e-01   0.0000e+00   0.0000e+00   2.5168e+02
20260903_03:00:00   2.7043e-02   1.1418e+01   4.6050e-01   0.0000e+00   0.0000e+00   2.5168e+02
20260903_04:00:00   2.7694e-02   1.1596e+01   4.7804e-01   0.0000e+00   0.0000e+00   2.5152e+02
20260903_05:00:00   2.7338e-02   1.1494e+01   4.6915e-01   0.0000e+00   0.0000e+00   2.5173e+02
20260903_06:00:00   2.6578e-02   1.1283e+01   4.5011e-01   0.0000e+00   0.0000e+00   2.5174e+02
20260903_07:00:00   2.6343e-02   1.1217e+01   4.4311e-01   0.0000e+00   0.0000e+00   2.5161e+02
20260903_08:00:00   2.5473e-02   1.0977e+01   4.1923e-01   0.0000e+00   0.0000e+00   2.5172e+02
20260903_09:00:00   2.4792e-02   1.0787e+01   4.0169e-01   0.0000e+00   0.0000e+00   2.5132e+02
20260903_10:00:00   2.3804e-02   1.0513e+01   3.7497e-01   0.0000e+00   0.0000e+00   2.5176e+02
20260903_11:00:00   2.3350e-02   1.0384e+01   3.6283e-01   0.0000e+00   0.0000e+00   2.5183e+02
20260903_12:00:00   2.2979e-02   1.0280e+01   3.5269e-01   0.0000e+00   0.0000e+00   2.5140e+02
20260903_13:00:00   2.3398e-02   1.0393e+01   3.6345e-01   0.0000e+00   0.0000e+00   2.5151e+02
20260903_14:00:00   2.3784e-02   1.0500e+01   3.7390e-01   0.0000e+00   0.0000e+00   2.5257e+02
20260903_15:00:00   2.4205e-02   1.0616e+01   3.8554e-01   0.0000e+00   0.0000e+00   2.5348e+02
20260903_16:00:00   2.4638e-02   1.0733e+01   3.9773e-01   0.0000e+00   0.0000e+00   2.5431e+02
20260903_17:00:00   2.5402e-02   1.0949e+01   4.1599e-01   0.0000e+00   0.0000e+00   2.5411e+02
20260903_18:00:00   2.6521e-02   1.1258e+01   4.4573e-01   0.0000e+00   0.0000e+00   2.5347e+02
20260903_19:00:00   2.8701e-02   1.1845e+01   5.0299e-01   0.0000e+00   0.0000e+00   2.5338e+02
20260903_20:00:00   3.1342e-02   1.2557e+01   5.7206e-01   0.0000e+00   0.0000e+00   2.5319e+02
20260903_21:00:00   3.3030e-02   1.3006e+01   6.1607e-01   0.0000e+00   0.0000e+00   2.5284e+02
20260903_22:00:00   3.5235e-02   1.3577e+01   6.7637e-01   0.0000e+00   0.0000e+00   2.5198e+02
20260903_23:00:00   3.7992e-02   1.4287e+01   7.4863e-01   0.0000e+00   0.0000e+00   2.4995e+02
20260904_00:00:00   3.8426e-02   1.4386e+01   7.6815e-01   0.0000e+00   0.0000e+00   2.4876e+02
20260904_01:00:00   3.7161e-02   1.4051e+01   7.3906e-01   0.0000e+00   0.0000e+00   2.4845e+02
20260904_02:00:00   3.7174e-02   1.4024e+01   7.4988e-01   0.0000e+00   0.0000e+00   2.4857e+02
20260904_03:00:00   3.7635e-02   1.4101e+01   7.7517e-01   0.0000e+00   0.0000e+00   2.4853e+02
20260904_04:00:00   3.8101e-02   1.4219e+01   7.8923e-01   0.0000e+00   0.0000e+00   2.4915e+02
20260904_05:00:00   3.9047e-02   1.4484e+01   8.0711e-01   0.0000e+00   0.0000e+00   2.5012e+02
20260904_06:00:00   3.9776e-02   1.4676e+01   8.2290e-01   0.0000e+00   0.0000e+00   2.5095e+02
20260904_09:00:00   4.3262e-02   1.5532e+01   9.2265e-01   0.0000e+00   0.0000e+00   2.5211e+02
20260904_12:00:00   4.7273e-02   1.6491e+01   1.0393e+00   0.0000e+00   0.0000e+00   2.5470e+02
20260904_15:00:00   6.7394e-02   2.1435e+01   1.5687e+00   0.0000e+00   0.0000e+00   2.5661e+02
20260904_18:00:00   8.2818e-02   2.5181e+01   1.9492e+00   0.0000e+00   6.1900e-06   2.5630e+02
20260904_21:00:00   1.0343e-01   2.9903e+01   2.4419e+00   1.6750e-05   1.0372e-02   2.5723e+02
20260905_00:00:00   1.1315e-01   3.2010e+01   2.6805e+00   0.0000e+00   1.5454e-02   2.5678e+02
20260905_03:00:00   1.3751e-01   3.7840e+01   3.1715e+00   0.0000e+00   3.9615e-05   2.5462e+02
20260905_06:00:00   1.1645e-01   3.3076e+01   2.6368e+00   0.0000e+00   6.5272e-04   2.5734e+02
20260905_09:00:00   1.1188e-01   3.2009e+01   2.5070e+00   0.0000e+00   1.3312e-04   2.5919e+02
20260905_12:00:00   1.1288e-01   3.2294e+01   2.5058e+00   0.0000e+00   0.0000e+00   2.6309e+02
20260905_15:00:00   1.0810e-01   3.1263e+01   2.3940e+00   0.0000e+00   0.0000e+00   2.5746e+02
20260905_18:00:00   1.1871e-01   3.3755e+01   2.6087e+00   0.0000e+00   8.6540e-07   2.6197e+02
20260905_21:00:00   1.3651e-01   3.7615e+01   2.9842e+00   1.0238e-03   9.4473e-04   2.6189e+02
20260906_00:00:00   1.1106e-01   3.1838e+01   2.4452e+00   0.0000e+00   0.0000e+00   2.6307e+02
20260906_03:00:00   1.1519e-01   3.2789e+01   2.5357e+00   0.0000e+00   0.0000e+00   2.6340e+02
20260906_06:00:00   1.0460e-01   3.0311e+01   2.2848e+00   0.0000e+00   0.0000e+00   2.6455e+02
20260906_09:00:00   8.3638e-02   2.5391e+01   1.8034e+00   0.0000e+00   0.0000e+00   2.6380e+02
20260906_12:00:00   7.3270e-02   2.2927e+01   1.5521e+00   0.0000e+00   0.0000e+00   2.6150e+02
20260906_15:00:00   7.1318e-02   2.2497e+01   1.5108e+00   0.0000e+00   0.0000e+00   2.6002e+02
20260906_18:00:00   8.9760e-02   2.6888e+01   1.9694e+00   0.0000e+00   0.0000e+00   2.5883e+02
20260906_21:00:00   8.9091e-02   2.6716e+01   1.9368e+00   0.0000e+00   0.0000e+00   2.5955e+02
20260907_00:00:00   7.5756e-02   2.3532e+01   1.6060e+00   0.0000e+00   0.0000e+00   2.5916e+02
20260907_03:00:00   6.1634e-02   2.0063e+01   1.3014e+00   0.0000e+00   0.0000e+00   2.6097e+02
20260907_06:00:00   5.6271e-02   1.8707e+01   1.1948e+00   0.0000e+00   0.0000e+00   2.5889e+02
20260907_09:00:00   5.2236e-02   1.7696e+01   1.1063e+00   0.0000e+00   0.0000e+00   2.5724e+02
20260907_12:00:00   4.6354e-02   1.6217e+01   9.6618e-01   0.0000e+00   0.0000e+00   2.5691e+02
20260907_15:00:00   4.7431e-02   1.6517e+01   9.9479e-01   0.0000e+00   0.0000e+00   2.5702e+02
20260907_18:00:00   5.9984e-02   1.9730e+01   1.2866e+00   0.0000e+00   0.0000e+00   2.5594e+02
20260907_21:00:00   7.0842e-02   2.2299e+01   1.5608e+00   0.0000e+00   0.0000e+00   2.5660e+02
20260908_00:00:00   5.7580e-02   1.9062e+01   1.2270e+00   0.0000e+00   0.0000e+00   2.5562e+02
20260908_03:00:00   4.4660e-02   1.5871e+01   9.0579e-01   0.0000e+00   0.0000e+00   2.5515e+02
20260908_06:00:00   4.3913e-02   1.5689e+01   8.8882e-01   0.0000e+00   0.0000e+00   2.5546e+02
20260908_09:00:00   4.4468e-02   1.5806e+01   9.1190e-01   0.0000e+00   0.0000e+00   2.5452e+02
20260908_12:00:00   4.4148e-02   1.5722e+01   9.1228e-01   0.0000e+00   0.0000e+00   2.5196e+02
20260908_15:00:00   4.4303e-02   1.5770e+01   9.2065e-01   0.0000e+00   0.0000e+00   2.5389e+02
20260908_18:00:00   4.9407e-02   1.7074e+01   1.0525e+00   0.0000e+00   0.0000e+00   2.5425e+02
20260908_21:00:00   5.5416e-02   1.8552e+01   1.1933e+00   0.0000e+00   5.6540e-06   2.5317e+02
20260909_00:00:00   5.4375e-02   1.8297e+01   1.1396e+00   0.0000e+00   5.6540e-06   2.5406e+02
20260909_03:00:00   4.6968e-02   1.6446e+01   9.5861e-01   0.0000e+00   0.0000e+00   2.5168e+02
20260909_06:00:00   4.3762e-02   1.5626e+01   8.7961e-01   0.0000e+00   0.0000e+00   2.5383e+02
20260909_09:00:00   4.1071e-02   1.4941e+01   8.1340e-01   0.0000e+00   0.0000e+00   2.5274e+02
20260909_12:00:00   4.4101e-02   1.5722e+01   8.8959e-01   0.0000e+00   0.0000e+00   2.5512e+02
20260909_15:00:00   3.6568e-02   1.3836e+01   6.8987e-01   0.0000e+00   0.0000e+00   2.5771e+02
20260909_18:00:00   3.4702e-02   1.3374e+01   6.3945e-01   0.0000e+00   0.0000e+00   2.5975e+02
20260909_21:00:00   4.5768e-02   1.6226e+01   9.1374e-01   0.0000e+00   0.0000e+00   2.5981e+02
20260910_00:00:00   4.5186e-02   1.6047e+01   8.8838e-01   0.0000e+00   0.0000e+00   2.5941e+02
20260910_03:00:00   3.9610e-02   1.4620e+01   7.6025e-01   0.0000e+00   0.0000e+00   2.5828e+02
20260910_06:00:00   3.6124e-02   1.3712e+01   6.8103e-01   0.0000e+00   0.0000e+00   2.5879e+02
20260910_09:00:00   3.6631e-02   1.3826e+01   7.0086e-01   0.0000e+00   0.0000e+00   2.5721e+02
20260910_12:00:00   3.8203e-02   1.4217e+01   7.5087e-01   0.0000e+00   0.0000e+00   2.5869e+02
20260910_15:00:00   4.0282e-02   1.4776e+01   7.9840e-01   0.0000e+00   0.0000e+00   2.5797e+02
20260910_18:00:00   4.6490e-02   1.6361e+01   9.5792e-01   0.0000e+00   0.0000e+00   2.5857e+02
20260910_21:00:00   5.0387e-02   1.7349e+01   1.0546e+00   0.0000e+00   0.0000e+00   2.5680e+02
20260911_00:00:00   4.3324e-02   1.5583e+01   8.5960e-01   0.0000e+00   0.0000e+00   2.5585e+02
20260911_03:00:00   4.4920e-02   1.5945e+01   9.2406e-01   0.0000e+00   0.0000e+00   2.5829e+02
20260911_06:00:00   5.0459e-02   1.7302e+01   1.0668e+00   0.0000e+00   0.0000e+00   2.5754e+02
20260911_09:00:00   5.1815e-02   1.7606e+01   1.0971e+00   0.0000e+00   0.0000e+00   2.5410e+02
20260911_12:00:00   5.2454e-02   1.7739e+01   1.1210e+00   0.0000e+00   0.0000e+00   2.5334e+02
20260911_15:00:00   5.4328e-02   1.8230e+01   1.1623e+00   0.0000e+00   0.0000e+00   2.5546e+02
20260911_18:00:00   6.1621e-02   2.0003e+01   1.3712e+00   0.0000e+00   0.0000e+00   2.5459e+02
20260911_21:00:00   6.3552e-02   2.0497e+01   1.4186e+00   0.0000e+00   0.0000e+00   2.5496e+02
20260912_00:00:00   6.8864e-02   2.1752e+01   1.5456e+00   0.0000e+00   0.0000e+00   2.5572e+02
20260912_03:00:00   6.8211e-02   2.1596e+01   1.5407e+00   0.0000e+00   0.0000e+00   2.5537e+02
20260912_06:00:00   5.7408e-02   1.8954e+01   1.2680e+00   0.0000e+00   0.0000e+00   2.5645e+02
20260912_09:00:00   5.6791e-02   1.8735e+01   1.2574e+00   0.0000e+00   5.2040e-06   2.5690e+02
20260912_12:00:00   5.4963e-02   1.8251e+01   1.2073e+00   0.0000e+00   1.1852e-04   2.5514e+02
20260912_15:00:00   5.5143e-02   1.8299e+01   1.2139e+00   0.0000e+00   1.2784e-03   2.5716e+02
20260912_18:00:00   7.6442e-02   2.3426e+01   1.7430e+00   1.4420e-07   5.1279e-03   2.5648e+02
20260912_21:00:00   8.4936e-02   2.5183e+01   1.9627e+00   1.2300e-05   2.1655e-02   2.5538e+02
20260913_00:00:00   6.9876e-02   2.1719e+01   1.5460e+00   2.0890e-04   1.5124e-02   2.5339e+02
20260913_03:00:00   6.6129e-02   2.0663e+01   1.5092e+00   0.0000e+00   2.4560e-02   2.5489e+02
20260913_06:00:00   5.3661e-02   1.7681e+01   1.2042e+00   0.0000e+00   2.4061e-03   2.5813e+02
20260913_09:00:00   6.1555e-02   1.9551e+01   1.4097e+00   0.0000e+00   4.9563e-03   2.6031e+02
20260913_12:00:00   6.4288e-02   2.0166e+01   1.4723e+00   0.0000e+00   2.9395e-02   2.6577e+02
20260913_15:00:00   5.8145e-02   1.8805e+01   1.3130e+00   0.0000e+00   1.7954e-03   2.6889e+02
20260913_18:00:00   6.2768e-02   2.0040e+01   1.4299e+00   0.0000e+00   3.2365e-04   2.7328e+02
20260913_21:00:00   7.4431e-02   2.2738e+01   1.7419e+00   0.0000e+00   1.3251e-02   2.7132e+02
20260914_00:00:00   8.4274e-02   2.5110e+01   1.9682e+00   0.0000e+00   6.2954e-04   2.7157e+02
20260914_03:00:00   8.7911e-02   2.5903e+01   2.0585e+00   0.0000e+00   4.5289e-03   2.6981e+02
20260914_06:00:00   8.1901e-02   2.4464e+01   1.9082e+00   0.0000e+00   4.1867e-03   2.7241e+02
20260914_09:00:00   8.5320e-02   2.5249e+01   1.9906e+00   0.0000e+00   8.8101e-03   2.7519e+02
20260914_12:00:00   8.6464e-02   2.5601e+01   1.9999e+00   0.0000e+00   1.2434e-03   2.7774e+02
20260914_15:00:00   9.7119e-02   2.8142e+01   2.2434e+00   0.0000e+00   6.7159e-04   2.8097e+02
20260914_18:00:00   1.0762e-01   3.0607e+01   2.4813e+00   0.0000e+00   1.7696e-04   2.7856e+02
20260914_21:00:00   1.0350e-01   2.9606e+01   2.3912e+00   0.0000e+00   2.0020e-05   2.7777e+02
20260915_00:00:00   1.0252e-01   2.9366e+01   2.3533e+00   0.0000e+00   4.6678e-04   2.7806e+02
20260915_03:00:00   8.7072e-02   2.5917e+01   1.9872e+00   0.0000e+00   7.7777e-05   2.8057e+02
20260915_06:00:00   7.2057e-02   2.2432e+01   1.6146e+00   0.0000e+00   4.1384e-05   2.8137e+02
