#            date       tau255        Tb[K]      pwv[mm] lwp[kg*m^-2] iwp[kg*m^-2]       o3[DU]
20260927_00:00:00   8.6906e-02   2.7635e+01   1.6312e+00   0.0000e+00   0.0000e+00   2.9186e+02
20260927_01:00:00   7.9835e-02   2.5800e+01   1.4779e+00   0.0000e+00   0.0000e+00   2.9240e+02
20260927_02:00:00   7.2290e-02   2.3807e+01   1.3134e+00   0.0000e+00   0.0000e+00   2.9071e+02
20260927_03:00:00   7.1390e-02   2.3579e+01   1.2918e+00   0.0000e+00   0.0000e+00   2.9020e+02
20260927_04:00:00   7.3488e-02   2.4119e+01   1.3407e+00   0.0000e+00   0.0000e+00   2.8974e+02
20260927_05:00:00   7.3536e-02   2.4110e+01   1.3440e+00   0.0000e+00   0.0000e+00   2.8906e+02
20260927_06:00:00   7.6576e-02   2.4889e+01   1.4178e+00   0.0000e+00   0.0000e+00   2.9075e+02
20260927_07:00:00   8.0875e-02   2.6012e+01   1.5141e+00   0.0000e+00   0.0000e+00   2.9130e+02
20260927_08:00:00   7.9508e-02   2.5663e+01   1.4862e+00   0.0000e+00   0.0000e+00   2.9182e+02
20260927_09:00:00   8.1949e-02   2.6234e+01   1.5579e+00   0.0000e+00   0.0000e+00   2.9196e+02
20260927_10:00:00   8.5895e-02   2.7262e+01   1.6444e+00   0.0000e+00   0.0000e+00   2.9262e+02
20260927_11:00:00   9.0265e-02   2.8437e+01   1.7323e+00   0.0000e+00   0.0000e+00   2.9273e+02
20260927_12:00:00   1.0098e-01   3.1144e+01   1.9765e+00   0.0000e+00   0.0000e+00   2.9283e+02
20260927_13:00:00   1.0609e-01   3.2424e+01   2.0903e+00   0.0000e+00   0.0000e+00   2.9259e+02
20260927_14:00:00   1.0564e-01   3.2264e+01   2.0982e+00   0.0000e+00   0.0000e+00   2.9377e+02
20260927_15:00:00   1.0485e-01   3.2013e+01   2.0969e+00   0.0000e+00   0.0000e+00   2.9206e+02
20260927_16:00:00   1.0157e-01   3.1126e+01   2.0423e+00   0.0000e+00   0.0000e+00   2.8906e+02
20260927_17:00:00   1.0136e-01   3.1026e+01   2.0483e+00   0.0000e+00   0.0000e+00   2.8991e+02
20260927_18:00:00   1.0318e-01   3.1406e+01   2.1035e+00   0.0000e+00   0.0000e+00   2.8562e+02
20260927_19:00:00   1.0586e-01   3.2029e+01   2.1718e+00   0.0000e+00   0.0000e+00   2.8452e+02
20260927_20:00:00   1.0768e-01   3.2453e+01   2.2159e+00   0.0000e+00   0.0000e+00   2.8289e+02
20260927_21:00:00   1.0847e-01   3.2639e+01   2.2314e+00   0.0000e+00   0.0000e+00   2.8231e+02
20260927_22:00:00   1.0822e-01   3.2581e+01   2.2218e+00   0.0000e+00   0.0000e+00   2.8221e+02
20260927_23:00:00   1.0781e-01   3.2495e+01   2.2091e+00   0.0000e+00   0.0000e+00   2.8259e+02
20260928_00:00:00   1.0688e-01   3.2290e+01   2.1790e+00   0.0000e+00   0.0000e+00   2.8464e+02
20260928_01:00:00   1.0598e-01   3.2090e+01   2.1534e+00   0.0000e+00   0.0000e+00   2.8495e+02
20260928_02:00:00   1.0849e-01   3.2735e+01   2.2038e+00   0.0000e+00   0.0000e+00   2.8235e+02
20260928_03:00:00   1.1158e-01   3.3529e+01   2.2709e+00   0.0000e+00   0.0000e+00   2.8030e+02
20260928_04:00:00   1.2944e-01   3.8018e+01   2.6510e+00   0.0000e+00   0.0000e+00   2.8024e+02
20260928_05:00:00   1.5626e-01   4.4614e+01   3.1918e+00   0.0000e+00   0.0000e+00   2.8161e+02
20260928_06:00:00   1.7500e-01   4.9118e+01   3.5584e+00   0.0000e+00   0.0000e+00   2.8080e+02
20260928_07:00:00   1.9575e-01   5.4003e+01   3.9740e+00   0.0000e+00   0.0000e+00   2.8226e+02
20260928_08:00:00   1.9160e-01   5.3072e+01   3.8665e+00   0.0000e+00   0.0000e+00   2.8171e+02
20260928_09:00:00   2.0861e-01   5.6929e+01   4.2062e+00   0.0000e+00   0.0000e+00   2.8386e+02
20260928_10:00:00   2.3062e-01   6.1845e+01   4.6613e+00   0.0000e+00   0.0000e+00   2.8358e+02
20260928_11:00:00   2.4710e-01   6.5475e+01   5.0128e+00   0.0000e+00   0.0000e+00   2.8334e+02
20260928_12:00:00   2.4613e-01   6.5274e+01   5.0130e+00   0.0000e+00   0.0000e+00   2.8495e+02
20260928_13:00:00   3.0890e-01   7.8100e+01   6.3250e+00   0.0000e+00   0.0000e+00   2.8542e+02
20260928_14:00:00   3.6574e-01   8.8898e+01   7.4361e+00   0.0000e+00   0.0000e+00   2.8505e+02
20260928_15:00:00   3.9352e-01   9.4063e+01   7.9666e+00   0.0000e+00   0.0000e+00   2.8595e+02
20260928_16:00:00   3.9659e-01   9.4533e+01   8.0324e+00   0.0000e+00   0.0000e+00   2.8648e+02
20260928_17:00:00   3.6075e-01   8.7954e+01   7.3515e+00   0.0000e+00   0.0000e+00   2.8661e+02
20260928_18:00:00   3.5025e-01   8.5928e+01   7.1792e+00   0.0000e+00   0.0000e+00   2.8565e+02
20260928_19:00:00   3.4697e-01   8.5313e+01   7.1051e+00   0.0000e+00   0.0000e+00   2.8649e+02
20260928_20:00:00   3.3359e-01   8.2675e+01   6.8241e+00   0.0000e+00   0.0000e+00   2.8617e+02
20260928_21:00:00   3.3836e-01   8.3787e+01   6.8771e+00   0.0000e+00   0.0000e+00   2.8599e+02
20260928_22:00:00   3.1768e-01   7.9670e+01   6.4785e+00   0.0000e+00   0.0000e+00   2.8705e+02
20260928_23:00:00   3.2351e-01   8.0868e+01   6.5649e+00   0.0000e+00   0.0000e+00   2.8778e+02
20260929_00:00:00   3.2553e-01   8.1205e+01   6.6003e+00   0.0000e+00   0.0000e+00   2.8836e+02
20260929_01:00:00   3.2074e-01   8.0395e+01   6.4849e+00   0.0000e+00   0.0000e+00   2.8900e+02
20260929_02:00:00   3.0509e-01   7.7414e+01   6.1615e+00   0.0000e+00   0.0000e+00   2.8682e+02
20260929_03:00:00   3.1444e-01   7.9484e+01   6.3035e+00   0.0000e+00   0.0000e+00   2.8370e+02
20260929_04:00:00   3.1840e-01   8.0226e+01   6.4105e+00   0.0000e+00   0.0000e+00   2.8268e+02
20260929_05:00:00   3.1210e-01   7.9071e+01   6.2970e+00   0.0000e+00   0.0000e+00   2.8312e+02
20260929_06:00:00   3.2596e-01   8.1879e+01   6.6589e+00   0.0000e+00   0.0000e+00   2.8136e+02
20260929_07:00:00   3.6155e-01   8.8663e+01   7.3769e+00   0.0000e+00   0.0000e+00   2.8139e+02
20260929_08:00:00   3.7752e-01   9.1654e+01   7.6874e+00   0.0000e+00   0.0000e+00   2.8257e+02
20260929_09:00:00   3.9279e-01   9.4342e+01   7.9958e+00   0.0000e+00   0.0000e+00   2.8343e+02
20260929_10:00:00   4.2382e-01   9.9859e+01   8.6464e+00   0.0000e+00   0.0000e+00   2.8287e+02
20260929_11:00:00   3.9585e-01   9.4816e+01   8.1234e+00   0.0000e+00   0.0000e+00   2.8269e+02
20260929_12:00:00   3.8140e-01   9.1933e+01   7.8766e+00   0.0000e+00   0.0000e+00   2.8232e+02
20260929_13:00:00   3.7807e-01   9.1095e+01   7.8228e+00   0.0000e+00   0.0000e+00   2.8151e+02
20260929_14:00:00   3.9514e-01   9.4224e+01   8.1692e+00   0.0000e+00   0.0000e+00   2.8077e+02
20260929_15:00:00   3.9163e-01   9.3807e+01   8.1318e+00   0.0000e+00   0.0000e+00   2.7920e+02
20260929_16:00:00   3.5137e-01   8.6381e+01   7.3321e+00   0.0000e+00   0.0000e+00   2.7746e+02
20260929_17:00:00   3.3899e-01   8.4142e+01   7.0522e+00   0.0000e+00   1.0882e-06   2.7716e+02
20260929_18:00:00   3.4273e-01   8.4853e+01   7.1220e+00   0.0000e+00   0.0000e+00   2.7741e+02
20260929_19:00:00   3.4457e-01   8.5205e+01   7.1755e+00   0.0000e+00   2.2980e-06   2.7637e+02
20260929_20:00:00   3.5059e-01   8.6486e+01   7.3003e+00   0.0000e+00   8.2300e-04   2.7518e+02
20260929_21:00:00   3.5767e-01   8.7943e+01   7.4444e+00   0.0000e+00   4.0956e-04   2.7619e+02
20260929_22:00:00   3.5177e-01   8.6819e+01   7.3392e+00   0.0000e+00   2.8600e-04   2.7814e+02
20260929_23:00:00   3.7111e-01   9.0530e+01   7.7031e+00   0.0000e+00   1.5646e-04   2.7920e+02
20260930_00:00:00   4.2858e-01   1.0113e+02   8.8143e+00   0.0000e+00   0.0000e+00   2.7834e+02
20260930_01:00:00   4.7843e-01   1.0974e+02   9.7520e+00   0.0000e+00   0.0000e+00   2.7903e+02
20260930_02:00:00   5.1947e-01   1.1649e+02   1.0512e+01   0.0000e+00   0.0000e+00   2.7872e+02
20260930_03:00:00   5.2466e-01   1.1702e+02   1.0560e+01   0.0000e+00   0.0000e+00   2.7891e+02
20260930_04:00:00   5.1048e-01   1.1463e+02   1.0266e+01   0.0000e+00   0.0000e+00   2.7799e+02
20260930_05:00:00   5.0112e-01   1.1295e+02   1.0103e+01   0.0000e+00   0.0000e+00   2.8125e+02
20260930_06:00:00   4.8730e-01   1.1057e+02   9.8595e+00   0.0000e+00   0.0000e+00   2.8244e+02
20260930_07:00:00   4.7787e-01   1.0912e+02   9.7039e+00   0.0000e+00   0.0000e+00   2.7850e+02
20260930_08:00:00   4.6418e-01   1.0681e+02   9.4565e+00   0.0000e+00   0.0000e+00   2.7562e+02
20260930_09:00:00   4.5114e-01   1.0451e+02   9.2228e+00   0.0000e+00   0.0000e+00   2.7696e+02
20260930_10:00:00   4.5401e-01   1.0498e+02   9.2881e+00   0.0000e+00   0.0000e+00   2.7926e+02
20260930_11:00:00   4.6177e-01   1.0633e+02   9.4471e+00   0.0000e+00   0.0000e+00   2.7896e+02
20260930_12:00:00   4.5837e-01   1.0573e+02   9.4061e+00   0.0000e+00   0.0000e+00   2.7907e+02
20260930_13:00:00   4.4725e-01   1.0377e+02   9.2097e+00   0.0000e+00   1.2022e-05   2.7816e+02
20260930_14:00:00   4.4100e-01   1.0278e+02   9.1025e+00   0.0000e+00   0.0000e+00   2.7613e+02
20260930_15:00:00   4.5056e-01   1.0458e+02   9.2625e+00   0.0000e+00   0.0000e+00   2.7585e+02
20260930_16:00:00   4.7069e-01   1.0831e+02   9.6246e+00   0.0000e+00   0.0000e+00   2.7515e+02
20260930_17:00:00   4.7951e-01   1.1004e+02   9.7864e+00   0.0000e+00   0.0000e+00   2.7493e+02
20260930_18:00:00   4.7344e-01   1.0916e+02   9.6939e+00   0.0000e+00   0.0000e+00   2.7594e+02
20260930_19:00:00   4.5881e-01   1.0671e+02   9.4727e+00   0.0000e+00   0.0000e+00   2.7641e+02
20260930_20:00:00   4.6658e-01   1.0805e+02   9.6638e+00   0.0000e+00   0.0000e+00   2.7559e+02
20260930_21:00:00   4.9342e-01   1.1255e+02   1.0167e+01   0.0000e+00   0.0000e+00   2.7555e+02
20260930_22:00:00   5.0331e-01   1.1407e+02   1.0334e+01   0.0000e+00   0.0000e+00   2.7560e+02
20260930_23:00:00   5.0042e-01   1.1344e+02   1.0249e+01   0.0000e+00   0.0000e+00   2.7520e+02
20261001_00:00:00   4.9376e-01   1.1217e+02   1.0125e+01   0.0000e+00   0.0000e+00   2.7512e+02
20261001_01:00:00   4.8536e-01   1.1064e+02   9.9691e+00   0.0000e+00   0.0000e+00   2.7686e+02
20261001_02:00:00   4.7454e-01   1.0868e+02   9.7584e+00   0.0000e+00   0.0000e+00   2.7634e+02
20261001_03:00:00   4.7659e-01   1.0904e+02   9.7845e+00   0.0000e+00   0.0000e+00   2.7455e+02
20261001_04:00:00   4.6475e-01   1.0696e+02   9.5523e+00   0.0000e+00   0.0000e+00   2.7170e+02
20261001_05:00:00   4.3088e-01   1.0099e+02   8.9000e+00   0.0000e+00   6.0480e-07   2.6954e+02
20261001_06:00:00   4.0993e-01   9.7133e+01   8.4586e+00   0.0000e+00   6.1982e-05   2.6960e+02
20261001_07:00:00   4.0484e-01   9.6243e+01   8.3406e+00   0.0000e+00   1.1230e-04   2.6960e+02
20261001_08:00:00   4.4330e-01   1.0326e+02   9.0848e+00   0.0000e+00   3.0720e-05   2.6930e+02
20261001_09:00:00   4.6133e-01   1.0660e+02   9.4082e+00   0.0000e+00   0.0000e+00   2.7159e+02
20261001_10:00:00   4.6135e-01   1.0625e+02   9.3898e+00   0.0000e+00   0.0000e+00   2.7264e+02
20261001_11:00:00   4.5290e-01   1.0463e+02   9.2217e+00   0.0000e+00   0.0000e+00   2.7171e+02
20261001_12:00:00   4.4178e-01   1.0275e+02   9.0387e+00   0.0000e+00   0.0000e+00   2.7062e+02
20261001_13:00:00   4.3435e-01   1.0149e+02   8.9125e+00   0.0000e+00   0.0000e+00   2.6895e+02
20261001_14:00:00   4.1279e-01   9.7571e+01   8.5219e+00   0.0000e+00   0.0000e+00   2.6814e+02
20261001_15:00:00   4.0323e-01   9.5924e+01   8.3561e+00   0.0000e+00   0.0000e+00   2.6756e+02
20261001_16:00:00   4.2425e-01   9.9880e+01   8.7740e+00   0.0000e+00   0.0000e+00   2.6999e+02
20261001_17:00:00   4.5192e-01   1.0504e+02   9.2959e+00   0.0000e+00   0.0000e+00   2.7168e+02
20261001_18:00:00   4.8441e-01   1.1068e+02   9.8894e+00   0.0000e+00   0.0000e+00   2.7270e+02
20261001_19:00:00   5.2417e-01   1.1719e+02   1.0585e+01   2.1760e-06   8.7060e-06   2.7316e+02
20261001_20:00:00   6.1453e-01   1.3082e+02   1.1463e+01   1.6856e-02   8.3660e-04   2.7178e+02
20261001_21:00:00   7.1734e-01   1.4483e+02   1.2298e+01   4.1020e-02   2.0780e-02   2.7008e+02
20261001_22:00:00   6.5732e-01   1.3693e+02   1.2835e+01   1.8213e-03   2.7817e-02   2.7065e+02
20261001_23:00:00   6.6829e-01   1.3834e+02   1.3048e+01   1.3894e-04   1.4464e-02   2.6917e+02
20261002_00:00:00   6.1730e-01   1.3146e+02   1.2064e+01   0.0000e+00   3.1459e-03   2.6969e+02
20261002_03:00:00   5.6541e-01   1.2257e+02   1.1270e+01   0.0000e+00   0.0000e+00   2.7219e+02
20261002_06:00:00   4.8785e-01   1.1010e+02   9.6195e+00   0.0000e+00   0.0000e+00   2.7310e+02
20261002_09:00:00   5.3075e-01   1.1738e+02   1.0378e+01   0.0000e+00   0.0000e+00   2.7411e+02
20261002_12:00:00   5.2283e-01   1.1621e+02   1.0259e+01   0.0000e+00   1.5248e-04   2.7815e+02
20261002_15:00:00   4.8633e-01   1.1051e+02   9.5729e+00   0.0000e+00   0.0000e+00   2.7837e+02
20261002_18:00:00   4.9747e-01   1.1248e+02   9.7163e+00   0.0000e+00   7.8680e-05   2.8189e+02
20261002_21:00:00   5.5887e-01   1.2142e+02   1.0856e+01   0.0000e+00   1.0744e-04   2.8174e+02
20261003_00:00:00   6.1440e-01   1.2899e+02   1.2170e+01   0.0000e+00   8.3228e-02   2.8265e+02
20261003_03:00:00   7.6034e-01   1.4803e+02   1.4617e+01   5.7305e-04   4.0991e-01   2.8445e+02
20261003_06:00:00   6.8365e-01   1.3895e+02   1.3026e+01   0.0000e+00   8.4211e-04   2.9157e+02
20261003_09:00:00   5.5066e-01   1.1986e+02   1.0533e+01   0.0000e+00   0.0000e+00   2.9805e+02
20261003_12:00:00   4.1732e-01   9.8146e+01   8.0390e+00   0.0000e+00   0.0000e+00   2.9593e+02
20261003_15:00:00   1.9977e-01   5.4526e+01   3.9383e+00   0.0000e+00   0.0000e+00   2.9187e+02
20261003_18:00:00   1.2479e-01   3.6840e+01   2.4244e+00   0.0000e+00   0.0000e+00   2.9145e+02
20261003_21:00:00   9.0120e-02   2.8175e+01   1.6947e+00   0.0000e+00   0.0000e+00   2.8975e+02
20261004_00:00:00   6.6683e-02   2.1963e+01   1.2275e+00   0.0000e+00   0.0000e+00   2.9171e+02
20261004_03:00:00   7.0363e-02   2.2919e+01   1.3253e+00   0.0000e+00   0.0000e+00   2.8681e+02
20261004_06:00:00   7.2753e-02   2.3497e+01   1.4162e+00   0.0000e+00   0.0000e+00   2.8275e+02
20261004_09:00:00   9.0510e-02   2.7800e+01   1.8957e+00   0.0000e+00   0.0000e+00   2.8034e+02
20261004_12:00:00   1.2954e-01   3.7437e+01   2.8079e+00   0.0000e+00   7.2840e-06   2.8055e+02
20261004_15:00:00   1.4735e-01   4.2032e+01   3.1265e+00   0.0000e+00   0.0000e+00   2.8103e+02
20261004_18:00:00   1.3088e-01   3.8174e+01   2.7238e+00   0.0000e+00   0.0000e+00   2.8066e+02
20261004_21:00:00   1.0388e-01   3.1228e+01   2.2024e+00   0.0000e+00   0.0000e+00   2.8089e+02
20261005_00:00:00   1.0184e-01   3.0716e+01   2.1401e+00   0.0000e+00   0.0000e+00   2.8167e+02
20261005_03:00:00   9.8659e-02   2.9981e+01   2.0468e+00   0.0000e+00   0.0000e+00   2.8188e+02
20261005_06:00:00   1.0300e-01   3.1041e+01   2.1291e+00   0.0000e+00   0.0000e+00   2.8198e+02
20261005_09:00:00   1.3257e-01   3.8310e+01   2.7841e+00   0.0000e+00   0.0000e+00   2.7753e+02
20261005_12:00:00   1.4322e-01   4.1226e+01   2.9527e+00   0.0000e+00   0.0000e+00   2.7537e+02
20261005_15:00:00   1.6071e-01   4.5432e+01   3.3468e+00   0.0000e+00   0.0000e+00   2.7520e+02
20261005_18:00:00   1.8275e-01   5.0546e+01   3.8103e+00   0.0000e+00   0.0000e+00   2.7497e+02
20261005_21:00:00   1.5696e-01   4.4315e+01   3.3156e+00   0.0000e+00   0.0000e+00   2.7775e+02
20261006_00:00:00   1.3505e-01   3.8845e+01   2.8736e+00   0.0000e+00   0.0000e+00   2.8043e+02
20261006_03:00:00   1.5316e-01   4.2737e+01   3.3583e+00   0.0000e+00   0.0000e+00   2.7911e+02
20261006_06:00:00   2.0589e-01   5.4522e+01   4.5758e+00   0.0000e+00   0.0000e+00   2.8125e+02
20261006_09:00:00   2.4664e-01   6.3768e+01   5.3775e+00   0.0000e+00   0.0000e+00   2.7998e+02
20261006_12:00:00   2.9070e-01   7.3661e+01   6.2071e+00   0.0000e+00   0.0000e+00   2.7803e+02
20261006_15:00:00   3.0556e-01   7.6792e+01   6.5348e+00   0.0000e+00   0.0000e+00   2.7593e+02
20261006_18:00:00   3.0277e-01   7.6252e+01   6.4400e+00   0.0000e+00   0.0000e+00   2.7659e+02
20261006_21:00:00   2.9745e-01   7.5594e+01   6.2047e+00   0.0000e+00   0.0000e+00   2.7877e+02
20261007_00:00:00   3.0225e-01   7.6502e+01   6.3365e+00   0.0000e+00   0.0000e+00   2.8027e+02
20261007_03:00:00   3.2556e-01   8.1078e+01   6.8201e+00   0.0000e+00   0.0000e+00   2.8458e+02
20261007_06:00:00   3.2922e-01   8.2000e+01   6.8794e+00   0.0000e+00   0.0000e+00   2.8757e+02
20261007_09:00:00   3.7601e-01   9.1373e+01   7.6952e+00   0.0000e+00   0.0000e+00   2.9172e+02
20261007_12:00:00   5.3331e-01   1.1863e+02   1.0843e+01   0.0000e+00   1.5870e-04   2.9220e+02
20261007_15:00:00   5.8801e-01   1.2708e+02   1.1487e+01   1.0650e-02   1.8439e-02   2.9343e+02
20261007_18:00:00   6.4694e-01   1.3563e+02   1.2909e+01   0.0000e+00   2.1079e-03   2.9154e+02
20261007_21:00:00   6.4043e-01   1.3526e+02   1.2459e+01   0.0000e+00   5.8538e-06   2.9232e+02
20261008_00:00:00   6.6506e-01   1.3862e+02   1.3111e+01   0.0000e+00   0.0000e+00   2.8999e+02
20261008_03:00:00   7.9665e-01   1.5596e+02   1.5326e+01   0.0000e+00   9.6603e-05   2.8845e+02
20261008_06:00:00   8.9626e-01   1.6785e+02   1.6885e+01   0.0000e+00   8.4426e-04   2.8754e+02
20261008_09:00:00   9.5811e-01   1.7512e+02   1.7723e+01   0.0000e+00   5.4260e-04   2.8845e+02
20261008_12:00:00   2.2211e+00   2.4960e+02   2.0386e+01   4.6632e-01   2.3903e-01   2.8664e+02
20261008_15:00:00   3.0882e+00   2.6602e+02   2.4501e+01   7.2012e-01   1.1079e+00   2.8175e+02
20261008_18:00:00   1.2165e+00   1.9717e+02   2.1874e+01   1.2204e-03   7.8677e-01   2.7854e+02
20261008_21:00:00   1.3515e+00   2.0706e+02   2.2522e+01   3.6230e-02   1.0723e+00   2.8228e+02
20261009_00:00:00   1.7992e+00   2.3254e+02   2.2402e+01   2.3178e-01   7.3569e-01   2.8276e+02
20261009_03:00:00   1.2100e+00   1.9623e+02   2.1628e+01   8.0999e-03   3.5258e-01   2.8212e+02
20261009_06:00:00   1.3661e+00   2.0818e+02   2.2401e+01   4.4196e-02   3.7391e-01   2.7913e+02
20261009_09:00:00   2.3261e+00   2.5100e+02   2.3603e+01   4.0436e-01   8.0967e-01   2.7999e+02
20261009_12:00:00   2.6114e+00   2.5790e+02   2.4730e+01   4.8906e-01   1.0185e-01   2.7896e+02
20261009_15:00:00   2.8868e+00   2.6245e+02   2.4593e+01   6.0776e-01   7.7567e-01   2.7790e+02
20261009_18:00:00   1.5731e+00   2.2134e+02   2.3737e+01   9.9193e-02   7.3150e-01   2.7772e+02
20261009_21:00:00   1.2178e+00   1.9758e+02   2.2218e+01   2.2981e-04   4.9413e-02   2.7786e+02
20261010_00:00:00   2.8001e+00   2.6110e+02   2.3756e+01   6.0114e-01   5.4297e-01   2.7660e+02
20261010_03:00:00   3.7941e+00   2.7226e+02   2.4453e+01   9.8450e-01   2.9290e-01   2.7692e+02
20261010_06:00:00   3.1024e+00   2.6595e+02   2.4119e+01   7.0423e-01   1.2467e-01   2.7524e+02
20261010_09:00:00   1.4872e+00   2.1654e+02   2.3686e+01   5.0282e-02   1.4025e-01   2.7595e+02
20261010_12:00:00   2.7066e+00   2.6018e+02   2.3062e+01   5.6455e-01   7.6740e-03   2.7410e+02
20261010_15:00:00   1.9876e+00   2.4167e+02   2.0710e+01   3.2983e-01   2.0231e-03   2.7241e+02
20261010_18:00:00   1.2418e+00   2.0060e+02   1.8909e+01   7.3501e-02   2.2896e-03   2.7246e+02
20261010_21:00:00   1.0796e+00   1.8663e+02   1.8814e+01   1.5504e-02   3.7875e-03   2.7272e+02
20261011_00:00:00   1.2133e+00   1.9770e+02   1.9021e+01   7.4897e-02   5.3827e-02   2.7140e+02
20261011_03:00:00   9.7040e-01   1.7500e+02   1.8278e+01   4.9080e-03   4.7071e-03   2.7274e+02
20261011_06:00:00   1.0023e+00   1.7849e+02   1.8307e+01   7.2205e-03   1.5219e-03   2.7099e+02
20261011_09:00:00   1.2618e+00   2.0106e+02   1.8822e+01   9.8639e-02   3.8284e-03   2.7142e+02
20261011_12:00:00   1.3175e+00   2.0434e+02   1.8527e+01   1.4801e-01   3.9903e-02   2.7206e+02
20261011_15:00:00   9.3499e-01   1.7107e+02   1.7862e+01   6.1254e-03   2.6960e-02   2.7177e+02
20261011_18:00:00   8.7167e-01   1.6440e+02   1.7140e+01   0.0000e+00   4.7812e-03   2.7061e+02
20261011_21:00:00   8.2204e-01   1.5874e+02   1.6333e+01   0.0000e+00   1.4448e-03   2.6925e+02
20261012_00:00:00   7.7041e-01   1.5226e+02   1.5421e+01   0.0000e+00   1.3494e-03   2.7048e+02
20261012_03:00:00   7.1181e-01   1.4444e+02   1.4452e+01   0.0000e+00   1.5880e-03   2.7170e+02
20261012_06:00:00   6.9812e-01   1.4250e+02   1.4118e+01   0.0000e+00   3.9220e-04   2.6991e+02
20261012_09:00:00   7.0379e-01   1.4343e+02   1.4234e+01   0.0000e+00   6.5320e-06   2.7064e+02
20261012_12:00:00   7.4914e-01   1.4949e+02   1.5118e+01   0.0000e+00   1.2898e-02   2.7023e+02
20261012_15:00:00   8.1528e-01   1.5798e+02   1.6295e+01   1.2520e-03   1.0532e-02   2.6976e+02
20261012_18:00:00   8.6635e-01   1.6436e+02   1.6998e+01   4.0980e-04   5.9036e-02   2.6979e+02
20261012_21:00:00   8.6119e-01   1.6388e+02   1.6838e+01   1.6136e-03   1.3421e-02   2.7088e+02
20261013_00:00:00   7.9835e-01   1.5637e+02   1.5686e+01   1.0338e-03   7.0534e-04   2.7108e+02
