#            date       tau255        Tb[K]      pwv[mm] lwp[kg*m^-2] iwp[kg*m^-2]       o3[DU]
20260919_18:00:00   4.2158e-01   9.7607e+01   7.2729e+00   2.2912e-05   0.0000e+00   2.9497e+02
20260919_19:00:00   4.3669e-01   1.0033e+02   7.2712e+00   5.9880e-03   0.0000e+00   2.9427e+02
20260919_20:00:00   3.4827e-01   8.4456e+01   6.0533e+00   1.5720e-04   0.0000e+00   2.9494e+02
20260919_21:00:00   2.7364e-01   6.9781e+01   4.8185e+00   0.0000e+00   0.0000e+00   2.9129e+02
20260919_22:00:00   2.4433e-01   6.3451e+01   4.4351e+00   0.0000e+00   0.0000e+00   2.8737e+02
20260919_23:00:00   2.6654e-01   6.8029e+01   4.7698e+00   0.0000e+00   0.0000e+00   2.8817e+02
20260920_00:00:00   2.6698e-01   6.8207e+01   4.7352e+00   0.0000e+00   0.0000e+00   2.9042e+02
20260920_01:00:00   3.2993e-01   8.0798e+01   5.7709e+00   0.0000e+00   0.0000e+00   2.8907e+02
20260920_02:00:00   3.6451e-01   8.7631e+01   6.3069e+00   0.0000e+00   3.6340e-05   2.9035e+02
20260920_03:00:00   5.1925e-01   1.1399e+02   8.8778e+00   0.0000e+00   3.4027e-03   2.8723e+02
20260920_04:00:00   3.6521e-01   8.7366e+01   6.7279e+00   0.0000e+00   0.0000e+00   2.8422e+02
20260920_05:00:00   3.4549e-01   8.3640e+01   6.4802e+00   0.0000e+00   0.0000e+00   2.8105e+02
20260920_06:00:00   3.8141e-01   9.0391e+01   7.1801e+00   0.0000e+00   0.0000e+00   2.8003e+02
20260920_07:00:00   3.9231e-01   9.2604e+01   7.4112e+00   0.0000e+00   0.0000e+00   2.7914e+02
20260920_08:00:00   4.4350e-01   1.0191e+02   8.2204e+00   0.0000e+00   0.0000e+00   2.7881e+02
20260920_09:00:00   4.3310e-01   1.0025e+02   8.0480e+00   0.0000e+00   0.0000e+00   2.7958e+02
20260920_10:00:00   5.0573e-01   1.1279e+02   9.2332e+00   0.0000e+00   0.0000e+00   2.7844e+02
20260920_11:00:00   5.3184e-01   1.1725e+02   9.7359e+00   0.0000e+00   0.0000e+00   2.7844e+02
20260920_12:00:00   5.3323e-01   1.1757e+02   9.8544e+00   0.0000e+00   0.0000e+00   2.7578e+02
20260920_13:00:00   5.7061e-01   1.2349e+02   1.0518e+01   0.0000e+00   4.8080e-06   2.7514e+02
20260920_14:00:00   5.9635e-01   1.2754e+02   1.1024e+01   2.5080e-05   2.3120e-04   2.7588e+02
20260920_15:00:00   6.0468e-01   1.2896e+02   1.1115e+01   1.0012e-03   2.7160e-04   2.7795e+02
20260920_16:00:00   6.6380e-01   1.3757e+02   1.1653e+01   9.6520e-03   8.3360e-04   2.7729e+02
20260920_17:00:00   8.0451e-01   1.5568e+02   1.2066e+01   5.4278e-02   1.2266e-03   2.7508e+02
20260920_18:00:00   6.8602e-01   1.4064e+02   1.1921e+01   4.5000e-03   9.6164e-05   2.7456e+02
20260920_19:00:00   6.9603e-01   1.4202e+02   1.1899e+01   6.0520e-03   3.1520e-05   2.7442e+02
20260920_20:00:00   6.4867e-01   1.3552e+02   1.1508e+01   0.0000e+00   0.0000e+00   2.7516e+02
20260920_21:00:00   6.0518e-01   1.2925e+02   1.0930e+01   0.0000e+00   0.0000e+00   2.7453e+02
20260920_22:00:00   5.5612e-01   1.2185e+02   1.0224e+01   0.0000e+00   0.0000e+00   2.7433e+02
20260920_23:00:00   5.1895e-01   1.1598e+02   9.5837e+00   0.0000e+00   0.0000e+00   2.7529e+02
20260921_00:00:00   5.1106e-01   1.1467e+02   9.3881e+00   0.0000e+00   0.0000e+00   2.7540e+02
20260921_01:00:00   5.0331e-01   1.1341e+02   9.2171e+00   0.0000e+00   0.0000e+00   2.7578e+02
20260921_02:00:00   4.8528e-01   1.1048e+02   8.9136e+00   0.0000e+00   0.0000e+00   2.7515e+02
20260921_03:00:00   4.7378e-01   1.0858e+02   8.7087e+00   0.0000e+00   0.0000e+00   2.7533e+02
20260921_04:00:00   4.6643e-01   1.0734e+02   8.5958e+00   0.0000e+00   0.0000e+00   2.7537e+02
20260921_05:00:00   4.6060e-01   1.0635e+02   8.5095e+00   0.0000e+00   0.0000e+00   2.7605e+02
20260921_06:00:00   4.6174e-01   1.0653e+02   8.5206e+00   0.0000e+00   0.0000e+00   2.7504e+02
20260921_07:00:00   4.5250e-01   1.0495e+02   8.3882e+00   0.0000e+00   0.0000e+00   2.7418e+02
20260921_08:00:00   4.6425e-01   1.0707e+02   8.5399e+00   0.0000e+00   0.0000e+00   2.7349e+02
20260921_09:00:00   5.0368e-01   1.1383e+02   9.0890e+00   0.0000e+00   0.0000e+00   2.7345e+02
20260921_10:00:00   5.3623e-01   1.1935e+02   9.5701e+00   0.0000e+00   0.0000e+00   2.7375e+02
20260921_11:00:00   5.6894e-01   1.2465e+02   1.0140e+01   0.0000e+00   0.0000e+00   2.7443e+02
20260921_12:00:00   5.8460e-01   1.2723e+02   1.0413e+01   0.0000e+00   0.0000e+00   2.7501e+02
20260921_13:00:00   5.7813e-01   1.2641e+02   1.0388e+01   0.0000e+00   0.0000e+00   2.7628e+02
20260921_14:00:00   5.9251e-01   1.2862e+02   1.0709e+01   0.0000e+00   0.0000e+00   2.7680e+02
20260921_15:00:00   5.9953e-01   1.2970e+02   1.0870e+01   0.0000e+00   0.0000e+00   2.7677e+02
20260921_16:00:00   6.2738e-01   1.3371e+02   1.1300e+01   9.5200e-04   2.9400e-05   2.7655e+02
20260921_17:00:00   6.1099e-01   1.3133e+02   1.1038e+01   6.0120e-05   0.0000e+00   2.7745e+02
20260921_18:00:00   5.8633e-01   1.2769e+02   1.0558e+01   8.3500e-05   0.0000e+00   2.7926e+02
20260921_19:00:00   5.5432e-01   1.2271e+02   1.0055e+01   0.0000e+00   0.0000e+00   2.8062e+02
20260921_20:00:00   5.2815e-01   1.1855e+02   9.6238e+00   0.0000e+00   0.0000e+00   2.8019e+02
20260921_21:00:00   5.1743e-01   1.1673e+02   9.4472e+00   0.0000e+00   0.0000e+00   2.8010e+02
20260921_22:00:00   4.8496e-01   1.1130e+02   8.8946e+00   0.0000e+00   0.0000e+00   2.7966e+02
20260921_23:00:00   4.4521e-01   1.0445e+02   8.2060e+00   0.0000e+00   0.0000e+00   2.7925e+02
20260922_00:00:00   4.3989e-01   1.0344e+02   8.0776e+00   0.0000e+00   0.0000e+00   2.7914e+02
20260922_01:00:00   4.4989e-01   1.0513e+02   8.1580e+00   0.0000e+00   0.0000e+00   2.7902e+02
20260922_02:00:00   3.8747e-01   9.3914e+01   7.0696e+00   0.0000e+00   0.0000e+00   2.7965e+02
20260922_03:00:00   3.6617e-01   8.9837e+01   6.6905e+00   0.0000e+00   0.0000e+00   2.7996e+02
20260922_04:00:00   3.1820e-01   8.0382e+01   5.9118e+00   0.0000e+00   0.0000e+00   2.8000e+02
20260922_05:00:00   2.9618e-01   7.5864e+01   5.5205e+00   0.0000e+00   0.0000e+00   2.7936e+02
20260922_06:00:00   2.6459e-01   6.9310e+01   4.9227e+00   0.0000e+00   0.0000e+00   2.7978e+02
20260922_07:00:00   2.4332e-01   6.4788e+01   4.5080e+00   0.0000e+00   0.0000e+00   2.8090e+02
20260922_08:00:00   2.0301e-01   5.5850e+01   3.7966e+00   0.0000e+00   0.0000e+00   2.8183e+02
20260922_09:00:00   2.3049e-01   6.2042e+01   4.2766e+00   0.0000e+00   0.0000e+00   2.8130e+02
20260922_10:00:00   2.4758e-01   6.5840e+01   4.6039e+00   0.0000e+00   0.0000e+00   2.8008e+02
20260922_11:00:00   2.8075e-01   7.2806e+01   5.3472e+00   0.0000e+00   0.0000e+00   2.8051e+02
20260922_12:00:00   2.9261e-01   7.5021e+01   5.7154e+00   0.0000e+00   0.0000e+00   2.8000e+02
20260922_13:00:00   2.8730e-01   7.4037e+01   5.6018e+00   0.0000e+00   0.0000e+00   2.7920e+02
20260922_14:00:00   3.0812e-01   7.8547e+01   5.8820e+00   0.0000e+00   0.0000e+00   2.7898e+02
20260922_15:00:00   3.2554e-01   8.2168e+01   6.1464e+00   0.0000e+00   3.0720e-05   2.7808e+02
20260922_16:00:00   3.4484e-01   8.5967e+01   6.4823e+00   0.0000e+00   2.0880e-05   2.7802e+02
20260922_17:00:00   3.5470e-01   8.7779e+01   6.6549e+00   0.0000e+00   1.6354e-04   2.7863e+02
20260922_18:00:00   3.1321e-01   7.9475e+01   5.9810e+00   0.0000e+00   1.8014e-04   2.7909e+02
20260922_19:00:00   2.5088e-01   6.6395e+01   4.8346e+00   0.0000e+00   2.9840e-04   2.7935e+02
20260922_20:00:00   1.7051e-01   4.8420e+01   3.2449e+00   0.0000e+00   2.3540e-04   2.7952e+02
20260922_21:00:00   1.3335e-01   3.9486e+01   2.5329e+00   0.0000e+00   6.4620e-04   2.7964e+02
20260922_22:00:00   1.7798e-01   5.0009e+01   3.4529e+00   0.0000e+00   1.9564e-03   2.7992e+02
20260922_23:00:00   1.9364e-01   5.3497e+01   3.7822e+00   0.0000e+00   1.9708e-03   2.7980e+02
20260923_00:00:00   1.7388e-01   4.8884e+01   3.3899e+00   0.0000e+00   3.0660e-03   2.7993e+02
20260923_01:00:00   1.5138e-01   4.3584e+01   2.9273e+00   0.0000e+00   2.1400e-03   2.7903e+02
20260923_02:00:00   1.4999e-01   4.3202e+01   2.8980e+00   0.0000e+00   5.8160e-03   2.7827e+02
20260923_03:00:00   1.4737e-01   4.2569e+01   2.8400e+00   0.0000e+00   4.0300e-03   2.7827e+02
20260923_04:00:00   1.4268e-01   4.1368e+01   2.7561e+00   0.0000e+00   2.8800e-03   2.7756e+02
20260923_05:00:00   1.4053e-01   4.0733e+01   2.7291e+00   0.0000e+00   3.2200e-03   2.7716e+02
20260923_06:00:00   1.6042e-01   4.5271e+01   3.1941e+00   0.0000e+00   2.6080e-03   2.7730e+02
20260923_07:00:00   1.9550e-01   5.3286e+01   3.9121e+00   0.0000e+00   2.6620e-03   2.7788e+02
20260923_08:00:00   2.4788e-01   6.4668e+01   4.9040e+00   0.0000e+00   0.0000e+00   2.7786e+02
20260923_09:00:00   2.6433e-01   6.8187e+01   5.2549e+00   0.0000e+00   0.0000e+00   2.7915e+02
20260923_10:00:00   2.9048e-01   7.3775e+01   5.7681e+00   0.0000e+00   0.0000e+00   2.7979e+02
20260923_11:00:00   3.4353e-01   8.4181e+01   6.7797e+00   0.0000e+00   2.4040e-05   2.7937e+02
20260923_12:00:00   3.9505e-01   9.3681e+01   7.7166e+00   0.0000e+00   0.0000e+00   2.7817e+02
20260923_13:00:00   4.3626e-01   1.0099e+02   8.4770e+00   0.0000e+00   0.0000e+00   2.7875e+02
20260923_14:00:00   4.6543e-01   1.0590e+02   9.0173e+00   0.0000e+00   2.3210e-05   2.7719e+02
20260923_15:00:00   5.0425e-01   1.1251e+02   9.7151e+00   6.0480e-07   3.5962e-03   2.7753e+02
20260923_16:00:00   5.2843e-01   1.1672e+02   1.0050e+01   1.5250e-03   5.7080e-04   2.7591e+02
20260923_17:00:00   5.2669e-01   1.1660e+02   9.9741e+00   2.8037e-03   2.0098e-04   2.7631e+02
20260923_18:00:00   5.2402e-01   1.1643e+02   1.0024e+01   3.0550e-04   1.4996e-05   2.7631e+02
20260923_19:00:00   5.2501e-01   1.1672e+02   1.0066e+01   0.0000e+00   1.8294e-05   2.7630e+02
20260923_20:00:00   5.2161e-01   1.1615e+02   1.0025e+01   0.0000e+00   0.0000e+00   2.7586e+02
20260923_21:00:00   4.9391e-01   1.1174e+02   9.5479e+00   0.0000e+00   0.0000e+00   2.7513e+02
20260923_22:00:00   4.8437e-01   1.1026e+02   9.3687e+00   0.0000e+00   0.0000e+00   2.7508e+02
20260923_23:00:00   4.8490e-01   1.1055e+02   9.3483e+00   0.0000e+00   2.7820e-06   2.7535e+02
20260924_00:00:00   4.4240e-01   1.0318e+02   8.6326e+00   0.0000e+00   4.2640e-04   2.7597e+02
20260924_01:00:00   4.0689e-01   9.6572e+01   8.0402e+00   0.0000e+00   1.3924e-03   2.7560e+02
20260924_02:00:00   3.6934e-01   8.9356e+01   7.3516e+00   0.0000e+00   2.2580e-03   2.7464e+02
20260924_03:00:00   3.6643e-01   8.8872e+01   7.2831e+00   0.0000e+00   8.7160e-04   2.7442e+02
20260924_04:00:00   3.7682e-01   9.0635e+01   7.5041e+00   0.0000e+00   2.6740e-03   2.7510e+02
20260924_05:00:00   3.7951e-01   9.0900e+01   7.5675e+00   0.0000e+00   2.0520e-03   2.7435e+02
20260924_06:00:00   4.1759e-01   9.7727e+01   8.2397e+00   1.0882e-06   3.8238e-04   2.7529e+02
20260924_07:00:00   4.5560e-01   1.0434e+02   8.8735e+00   5.0040e-04   2.1239e-03   2.7548e+02
20260924_08:00:00   4.3903e-01   1.0155e+02   8.6129e+00   0.0000e+00   4.3886e-04   2.7511e+02
20260924_09:00:00   4.6076e-01   1.0540e+02   8.9570e+00   0.0000e+00   1.2590e-05   2.7456e+02
20260924_10:00:00   4.7979e-01   1.0870e+02   9.2770e+00   0.0000e+00   4.7520e-04   2.7419e+02
20260924_11:00:00   4.3153e-01   1.0045e+02   8.4493e+00   0.0000e+00   2.2940e-04   2.7392e+02
20260924_12:00:00   3.9755e-01   9.4479e+01   7.8947e+00   0.0000e+00   1.2738e-03   2.7432e+02
20260924_13:00:00   4.0272e-01   9.5528e+01   8.0189e+00   0.0000e+00   2.1824e-04   2.7420e+02
20260924_14:00:00   4.2390e-01   9.9435e+01   8.4475e+00   0.0000e+00   3.4221e-04   2.7253e+02
20260924_15:00:00   4.5126e-01   1.0435e+02   9.0058e+00   0.0000e+00   5.6080e-04   2.7248e+02
20260924_16:00:00   4.8233e-01   1.0967e+02   9.5692e+00   0.0000e+00   1.2312e-03   2.7099e+02
20260924_17:00:00   4.8218e-01   1.0964e+02   9.5324e+00   0.0000e+00   1.2952e-03   2.7098e+02
20260924_18:00:00   4.8506e-01   1.1005e+02   9.5877e+00   0.0000e+00   2.8545e-03   2.7180e+02
20260924_21:00:00   7.1656e-01   1.4540e+02   1.3338e+01   0.0000e+00   2.8343e-03   2.7132e+02
20260925_00:00:00   8.4678e-01   1.6226e+02   1.5604e+01   0.0000e+00   3.0977e-03   2.7204e+02
20260925_03:00:00   1.0103e+00   1.7974e+02   1.7647e+01   9.6160e-05   6.5262e-03   2.7176e+02
20260925_06:00:00   8.9965e-01   1.6826e+02   1.5684e+01   0.0000e+00   4.4071e-03   2.7446e+02
20260925_09:00:00   1.0887e+00   1.8733e+02   1.7207e+01   3.0912e-02   2.8811e-03   2.7638e+02
20260925_12:00:00   1.5341e+00   2.2113e+02   1.7607e+01   1.9500e-01   8.1746e-04   2.7666e+02
20260925_15:00:00   8.1706e-01   1.5950e+02   1.4217e+01   0.0000e+00   0.0000e+00   2.7451e+02
20260925_18:00:00   6.0665e-01   1.3097e+02   1.0840e+01   0.0000e+00   0.0000e+00   2.7740e+02
20260925_21:00:00   4.7123e-01   1.0894e+02   8.6442e+00   0.0000e+00   0.0000e+00   2.7964e+02
20260926_00:00:00   3.9792e-01   9.5655e+01   7.4418e+00   0.0000e+00   0.0000e+00   2.8155e+02
20260926_03:00:00   2.7179e-01   7.0740e+01   5.1903e+00   0.0000e+00   0.0000e+00   2.8237e+02
20260926_06:00:00   1.8555e-01   5.1781e+01   3.5882e+00   0.0000e+00   0.0000e+00   2.8484e+02
20260926_09:00:00   8.4054e-02   2.6729e+01   1.5891e+00   0.0000e+00   1.0882e-06   2.8225e+02
20260926_12:00:00   9.1537e-02   2.8559e+01   1.7616e+00   0.0000e+00   1.3964e-05   2.8224e+02
20260926_15:00:00   8.5071e-02   2.6999e+01   1.6227e+00   0.0000e+00   0.0000e+00   2.7943e+02
20260926_18:00:00   7.4792e-02   2.4489e+01   1.3679e+00   0.0000e+00   0.0000e+00   2.8018e+02
20260926_21:00:00   7.7573e-02   2.5084e+01   1.4660e+00   0.0000e+00   0.0000e+00   2.8117e+02
20260927_00:00:00   8.8405e-02   2.7711e+01   1.7552e+00   0.0000e+00   0.0000e+00   2.8303e+02
20260927_03:00:00   8.6030e-02   2.7099e+01   1.6830e+00   0.0000e+00   0.0000e+00   2.8261e+02
20260927_06:00:00   9.3215e-02   2.9018e+01   1.8314e+00   0.0000e+00   0.0000e+00   2.7987e+02
20260927_09:00:00   9.8763e-02   3.0423e+01   1.9571e+00   0.0000e+00   0.0000e+00   2.7834e+02
20260927_12:00:00   1.0686e-01   3.2548e+01   2.1281e+00   0.0000e+00   0.0000e+00   2.7516e+02
20260927_15:00:00   1.4092e-01   4.1069e+01   2.8340e+00   0.0000e+00   0.0000e+00   2.7191e+02
20260927_18:00:00   1.3884e-01   4.0609e+01   2.7914e+00   0.0000e+00   0.0000e+00   2.7572e+02
20260927_21:00:00   1.4529e-01   4.1941e+01   2.9509e+00   0.0000e+00   0.0000e+00   2.7581e+02
20260928_00:00:00   1.0970e-01   3.3155e+01   2.1963e+00   0.0000e+00   0.0000e+00   2.7398e+02
20260928_03:00:00   1.3103e-01   3.8503e+01   2.6396e+00   0.0000e+00   0.0000e+00   2.7628e+02
20260928_06:00:00   1.3991e-01   4.0755e+01   2.7998e+00   0.0000e+00   0.0000e+00   2.7769e+02
20260928_09:00:00   9.6364e-02   2.9967e+01   1.8444e+00   0.0000e+00   0.0000e+00   2.8498e+02
20260928_12:00:00   1.3044e-01   3.8283e+01   2.6286e+00   0.0000e+00   0.0000e+00   2.8167e+02
20260928_15:00:00   2.4323e-01   6.4055e+01   5.0040e+00   0.0000e+00   0.0000e+00   2.8370e+02
20260928_18:00:00   1.6517e-01   4.6525e+01   3.3764e+00   0.0000e+00   0.0000e+00   2.8321e+02
20260928_21:00:00   7.3011e-02   2.4071e+01   1.2885e+00   0.0000e+00   0.0000e+00   2.8445e+02
20260929_00:00:00   5.0690e-02   1.8101e+01   7.8650e-01   0.0000e+00   0.0000e+00   2.8579e+02
20260929_03:00:00   4.7016e-02   1.7045e+01   7.0861e-01   0.0000e+00   0.0000e+00   2.8594e+02
20260929_06:00:00   5.0148e-02   1.7791e+01   8.0049e-01   0.0000e+00   0.0000e+00   2.8601e+02
20260929_09:00:00   5.6190e-02   1.9421e+01   9.3034e-01   0.0000e+00   0.0000e+00   2.8391e+02
20260929_12:00:00   7.5918e-02   2.4676e+01   1.3363e+00   0.0000e+00   0.0000e+00   2.8431e+02
20260929_15:00:00   8.4781e-02   2.6909e+01   1.5417e+00   0.0000e+00   0.0000e+00   2.8540e+02
20260929_18:00:00   6.2589e-02   2.0978e+01   1.1218e+00   0.0000e+00   0.0000e+00   2.8299e+02
20260929_21:00:00   6.4306e-02   2.1317e+01   1.1934e+00   0.0000e+00   0.0000e+00   2.8512e+02
20260930_00:00:00   6.6914e-02   2.1969e+01   1.2704e+00   0.0000e+00   0.0000e+00   2.8597e+02
20260930_03:00:00   6.2519e-02   2.0879e+01   1.1621e+00   0.0000e+00   0.0000e+00   2.8575e+02
20260930_06:00:00   7.0311e-02   2.2732e+01   1.3885e+00   0.0000e+00   0.0000e+00   2.8472e+02
20260930_09:00:00   7.6075e-02   2.4184e+01   1.5492e+00   0.0000e+00   0.0000e+00   2.8304e+02
20260930_12:00:00   1.0352e-01   3.1209e+01   2.1536e+00   0.0000e+00   0.0000e+00   2.8409e+02
20260930_15:00:00   1.0756e-01   3.2445e+01   2.2032e+00   0.0000e+00   0.0000e+00   2.8416e+02
20260930_18:00:00   8.6161e-02   2.7038e+01   1.7500e+00   0.0000e+00   0.0000e+00   2.8370e+02
20260930_21:00:00   9.0209e-02   2.8019e+01   1.8744e+00   0.0000e+00   0.0000e+00   2.8359e+02
20261001_00:00:00   8.6285e-02   2.7035e+01   1.7698e+00   0.0000e+00   0.0000e+00   2.8551e+02
20261001_03:00:00   8.5565e-02   2.6825e+01   1.7402e+00   0.0000e+00   0.0000e+00   2.8122e+02
20261001_06:00:00   8.7176e-02   2.7272e+01   1.7587e+00   0.0000e+00   0.0000e+00   2.8062e+02
20261001_09:00:00   8.8397e-02   2.7650e+01   1.7708e+00   0.0000e+00   0.0000e+00   2.7714e+02
20261001_12:00:00   1.0991e-01   3.3235e+01   2.1881e+00   0.0000e+00   0.0000e+00   2.7713e+02
20261001_15:00:00   1.0928e-01   3.3107e+01   2.1855e+00   0.0000e+00   0.0000e+00   2.7653e+02
20261001_18:00:00   9.3008e-02   2.8884e+01   1.8764e+00   0.0000e+00   0.0000e+00   2.7666e+02
20261001_21:00:00   8.9621e-02   2.7978e+01   1.8079e+00   0.0000e+00   3.7600e-05   2.7877e+02
20261002_00:00:00   8.6504e-02   2.7147e+01   1.7366e+00   0.0000e+00   2.1640e-04   2.7876e+02
20261002_03:00:00   8.4802e-02   2.6668e+01   1.7014e+00   0.0000e+00   0.0000e+00   2.7808e+02
20261002_06:00:00   1.0184e-01   3.0917e+01   2.1095e+00   0.0000e+00   0.0000e+00   2.8025e+02
20261002_09:00:00   1.6965e-01   4.7236e+01   3.6610e+00   0.0000e+00   0.0000e+00   2.7655e+02
20261002_12:00:00   3.0530e-01   7.6761e+01   6.5274e+00   0.0000e+00   0.0000e+00   2.7559e+02
20261002_15:00:00   3.5388e-01   8.6787e+01   7.4502e+00   0.0000e+00   0.0000e+00   2.7533e+02
20261002_18:00:00   4.0056e-01   9.5773e+01   8.4183e+00   0.0000e+00   0.0000e+00   2.7939e+02
20261002_21:00:00   3.8292e-01   9.2145e+01   8.1691e+00   0.0000e+00   0.0000e+00   2.7874e+02
20261003_00:00:00   3.8506e-01   9.2216e+01   8.2876e+00   0.0000e+00   0.0000e+00   2.8194e+02
20261003_03:00:00   3.8035e-01   9.1193e+01   8.1771e+00   0.0000e+00   3.6241e-03   2.8346e+02
20261003_06:00:00   3.7069e-01   8.8849e+01   8.0868e+00   0.0000e+00   3.3232e-03   2.8434e+02
20261003_09:00:00   5.3915e-01   1.1833e+02   1.1364e+01   0.0000e+00   4.3619e-03   2.8361e+02
20261003_12:00:00   7.0922e-01   1.4317e+02   1.4073e+01   1.2404e-02   1.6898e-01   2.8831e+02
20261003_15:00:00   1.2898e+00   2.0262e+02   1.9124e+01   1.3065e-01   3.6216e-01   2.9017e+02
20261003_18:00:00   7.7981e-01   1.5379e+02   1.5617e+01   0.0000e+00   1.1109e-02   2.8946e+02
20261003_21:00:00   8.8689e-01   1.6618e+02   1.7262e+01   1.2080e-04   4.6532e-02   2.9138e+02
20261004_00:00:00   9.7363e-01   1.7537e+02   1.8789e+01   0.0000e+00   6.4252e-02   2.9312e+02
20261004_03:00:00   1.0834e+00   1.8594e+02   2.0152e+01   7.4276e-03   9.1535e-02   2.9062e+02
20261004_06:00:00   1.0875e+00   1.8637e+02   2.0303e+01   1.6650e-04   1.6772e-01   2.9208e+02
20261004_09:00:00   1.0437e+00   1.8207e+02   1.9587e+01   1.9414e-03   3.2548e-01   2.9152e+02
20261004_12:00:00   1.2047e+00   1.9605e+02   2.1294e+01   1.5657e-02   9.4299e-01   2.9133e+02
20261004_15:00:00   1.1340e+00   1.9088e+02   2.0952e+01   9.6726e-04   9.5587e-02   2.8836e+02
20261004_18:00:00   1.3812e+00   2.0989e+02   2.1982e+01   7.2055e-02   4.7034e-02   2.8834e+02
20261004_21:00:00   1.0120e+00   1.7991e+02   1.9332e+01   0.0000e+00   1.8194e-02   2.8842e+02
20261005_00:00:00   1.0404e+00   1.8280e+02   1.9414e+01   0.0000e+00   4.2764e-02   2.8666e+02
20261005_03:00:00   8.3094e-01   1.6103e+02   1.5139e+01   0.0000e+00   0.0000e+00   2.8870e+02
20261005_06:00:00   5.9588e-01   1.2885e+02   1.1501e+01   0.0000e+00   0.0000e+00   2.8873e+02
20261005_09:00:00   6.5222e-01   1.3706e+02   1.2548e+01   0.0000e+00   0.0000e+00   2.8456e+02
20261005_12:00:00   7.0352e-01   1.4433e+02   1.3286e+01   2.4040e-05   0.0000e+00   2.8195e+02
20261005_15:00:00   5.9090e-01   1.2780e+02   1.1670e+01   0.0000e+00   0.0000e+00   2.8196e+02
20261005_18:00:00   6.5883e-01   1.3814e+02   1.2801e+01   0.0000e+00   0.0000e+00   2.8215e+02
