#            date       tau255        Tb[K]      pwv[mm] lwp[kg*m^-2] iwp[kg*m^-2]       o3[DU]
20260810_00:00:00   8.5796e-02   2.7369e+01   1.4162e+00   0.0000e+00   0.0000e+00   2.9694e+02
20260810_01:00:00   8.1930e-02   2.6398e+01   1.3320e+00   0.0000e+00   0.0000e+00   2.9827e+02
20260810_02:00:00   7.8632e-02   2.5538e+01   1.2604e+00   0.0000e+00   0.0000e+00   2.9733e+02
20260810_03:00:00   7.6871e-02   2.5062e+01   1.2185e+00   0.0000e+00   0.0000e+00   2.9747e+02
20260810_04:00:00   7.1563e-02   2.3695e+01   1.1065e+00   0.0000e+00   0.0000e+00   2.9655e+02
20260810_05:00:00   6.0172e-02   2.0716e+01   8.7414e-01   0.0000e+00   0.0000e+00   2.9515e+02
20260810_06:00:00   5.6398e-02   1.9702e+01   8.0072e-01   0.0000e+00   0.0000e+00   2.9493e+02
20260810_07:00:00   5.6662e-02   1.9757e+01   8.1321e-01   0.0000e+00   0.0000e+00   2.9615e+02
20260810_08:00:00   5.3355e-02   1.8868e+01   7.4809e-01   0.0000e+00   0.0000e+00   2.9725e+02
20260810_09:00:00   5.0092e-02   1.7981e+01   6.8536e-01   0.0000e+00   0.0000e+00   2.9650e+02
20260810_10:00:00   5.0506e-02   1.8083e+01   6.9763e-01   0.0000e+00   0.0000e+00   2.9533e+02
20260810_11:00:00   5.2500e-02   1.8613e+01   7.4054e-01   0.0000e+00   0.0000e+00   2.9107e+02
20260810_12:00:00   5.7177e-02   1.9842e+01   8.3619e-01   0.0000e+00   0.0000e+00   2.8861e+02
20260810_13:00:00   5.8488e-02   2.0190e+01   8.6466e-01   0.0000e+00   0.0000e+00   2.8615e+02
20260810_14:00:00   5.7719e-02   1.9988e+01   8.5107e-01   0.0000e+00   0.0000e+00   2.8527e+02
20260810_15:00:00   5.8164e-02   2.0092e+01   8.6755e-01   0.0000e+00   0.0000e+00   2.8347e+02
20260810_16:00:00   5.5513e-02   1.9385e+01   8.1846e-01   0.0000e+00   0.0000e+00   2.8313e+02
20260810_17:00:00   5.3980e-02   1.8969e+01   7.8757e-01   0.0000e+00   0.0000e+00   2.8461e+02
20260810_18:00:00   5.6752e-02   1.9683e+01   8.5183e-01   0.0000e+00   0.0000e+00   2.8881e+02
20260810_19:00:00   6.2667e-02   2.1233e+01   9.7629e-01   0.0000e+00   0.0000e+00   2.8926e+02
20260810_20:00:00   6.7058e-02   2.2361e+01   1.0740e+00   0.0000e+00   0.0000e+00   2.8721e+02
20260810_21:00:00   7.2528e-02   2.3772e+01   1.1926e+00   0.0000e+00   0.0000e+00   2.8472e+02
20260810_22:00:00   7.5939e-02   2.4628e+01   1.2733e+00   0.0000e+00   0.0000e+00   2.8318e+02
20260810_23:00:00   7.4894e-02   2.4358e+01   1.2574e+00   0.0000e+00   0.0000e+00   2.8281e+02
20260811_00:00:00   7.2372e-02   2.3698e+01   1.2114e+00   0.0000e+00   0.0000e+00   2.8382e+02
20260811_01:00:00   7.0742e-02   2.3269e+01   1.1834e+00   0.0000e+00   0.0000e+00   2.8337e+02
20260811_02:00:00   7.4556e-02   2.4257e+01   1.2621e+00   0.0000e+00   0.0000e+00   2.8433e+02
20260811_03:00:00   7.5993e-02   2.4593e+01   1.3004e+00   0.0000e+00   0.0000e+00   2.8617e+02
20260811_04:00:00   7.4484e-02   2.4171e+01   1.2787e+00   0.0000e+00   0.0000e+00   2.8638e+02
20260811_05:00:00   7.5013e-02   2.4286e+01   1.2921e+00   0.0000e+00   0.0000e+00   2.8520e+02
20260811_06:00:00   7.2900e-02   2.3738e+01   1.2514e+00   0.0000e+00   0.0000e+00   2.8449e+02
20260811_07:00:00   7.0737e-02   2.3157e+01   1.2117e+00   0.0000e+00   0.0000e+00   2.8177e+02
20260811_08:00:00   6.6047e-02   2.1939e+01   1.1158e+00   0.0000e+00   0.0000e+00   2.8109e+02
20260811_09:00:00   6.6142e-02   2.1988e+01   1.1117e+00   0.0000e+00   0.0000e+00   2.7928e+02
20260811_10:00:00   6.7939e-02   2.2453e+01   1.1483e+00   0.0000e+00   0.0000e+00   2.8074e+02
20260811_11:00:00   6.8326e-02   2.2569e+01   1.1534e+00   0.0000e+00   0.0000e+00   2.8060e+02
20260811_12:00:00   7.0684e-02   2.3143e+01   1.2132e+00   0.0000e+00   0.0000e+00   2.7890e+02
20260811_13:00:00   7.9516e-02   2.5433e+01   1.3911e+00   0.0000e+00   0.0000e+00   2.7936e+02
20260811_14:00:00   8.5133e-02   2.6876e+01   1.5063e+00   0.0000e+00   0.0000e+00   2.8095e+02
20260811_15:00:00   8.7452e-02   2.7443e+01   1.5682e+00   0.0000e+00   0.0000e+00   2.8013e+02
20260811_16:00:00   8.9772e-02   2.7994e+01   1.6319e+00   0.0000e+00   0.0000e+00   2.7901e+02
20260811_17:00:00   9.0607e-02   2.8176e+01   1.6654e+00   0.0000e+00   0.0000e+00   2.7830e+02
20260811_18:00:00   9.9435e-02   3.0376e+01   1.8556e+00   0.0000e+00   0.0000e+00   2.7761e+02
20260811_19:00:00   1.0322e-01   3.1362e+01   1.9200e+00   0.0000e+00   0.0000e+00   2.7762e+02
20260811_20:00:00   1.1489e-01   3.4241e+01   2.1495e+00   0.0000e+00   1.9880e-04   2.7697e+02
20260811_21:00:00   1.0869e-01   3.2727e+01   2.0245e+00   0.0000e+00   0.0000e+00   2.7747e+02
20260811_22:00:00   1.1780e-01   3.4948e+01   2.2123e+00   0.0000e+00   0.0000e+00   2.7822e+02
20260811_23:00:00   1.2864e-01   3.7546e+01   2.4341e+00   0.0000e+00   0.0000e+00   2.7936e+02
20260812_00:00:00   1.3039e-01   3.7980e+01   2.4601e+00   0.0000e+00   0.0000e+00   2.7898e+02
20260812_01:00:00   1.2619e-01   3.6974e+01   2.3704e+00   0.0000e+00   0.0000e+00   2.7650e+02
20260812_02:00:00   1.2268e-01   3.6120e+01   2.2985e+00   0.0000e+00   0.0000e+00   2.7593e+02
20260812_03:00:00   1.2268e-01   3.6076e+01   2.3111e+00   0.0000e+00   0.0000e+00   2.7625e+02
20260812_04:00:00   1.1375e-01   3.3910e+01   2.1282e+00   0.0000e+00   3.0240e-07   2.7399e+02
20260812_05:00:00   1.1150e-01   3.3340e+01   2.0875e+00   0.0000e+00   3.5520e-05   2.7382e+02
20260812_06:00:00   1.1024e-01   3.3019e+01   2.0658e+00   0.0000e+00   2.0520e-04   2.7571e+02
20260812_07:00:00   1.1120e-01   3.3245e+01   2.0856e+00   0.0000e+00   3.3640e-04   2.7833e+02
20260812_08:00:00   1.1403e-01   3.3953e+01   2.1385e+00   0.0000e+00   7.8020e-05   2.7888e+02
20260812_09:00:00   1.2385e-01   3.6344e+01   2.3360e+00   0.0000e+00   1.6740e-04   2.7771e+02
20260812_10:00:00   1.3117e-01   3.8126e+01   2.4828e+00   0.0000e+00   2.0280e-05   2.7667e+02
20260812_11:00:00   1.3734e-01   3.9634e+01   2.6110e+00   0.0000e+00   0.0000e+00   2.7472e+02
20260812_12:00:00   1.3876e-01   3.9970e+01   2.6617e+00   0.0000e+00   0.0000e+00   2.7450e+02
20260812_13:00:00   1.5195e-01   4.3033e+01   2.9659e+00   0.0000e+00   0.0000e+00   2.7627e+02
20260812_14:00:00   1.6652e-01   4.6349e+01   3.2918e+00   0.0000e+00   0.0000e+00   2.7808e+02
20260812_15:00:00   1.7897e-01   4.9181e+01   3.5568e+00   0.0000e+00   0.0000e+00   2.8027e+02
20260812_16:00:00   1.8146e-01   4.9757e+01   3.6103e+00   0.0000e+00   0.0000e+00   2.8145e+02
20260812_17:00:00   1.7596e-01   4.8557e+01   3.4906e+00   0.0000e+00   0.0000e+00   2.8154e+02
20260812_18:00:00   1.7854e-01   4.9166e+01   3.5450e+00   0.0000e+00   0.0000e+00   2.7950e+02
20260812_19:00:00   1.8638e-01   5.0940e+01   3.7074e+00   0.0000e+00   0.0000e+00   2.7681e+02
20260812_20:00:00   1.9701e-01   5.3404e+01   3.9093e+00   0.0000e+00   0.0000e+00   2.7580e+02
20260812_21:00:00   2.1648e-01   5.7721e+01   4.2929e+00   0.0000e+00   0.0000e+00   2.7622e+02
20260812_22:00:00   2.3293e-01   6.1374e+01   4.6046e+00   0.0000e+00   0.0000e+00   2.7428e+02
20260812_23:00:00   2.3429e-01   6.1719e+01   4.6220e+00   0.0000e+00   0.0000e+00   2.7333e+02
20260813_00:00:00   2.1776e-01   5.8152e+01   4.2802e+00   0.0000e+00   0.0000e+00   2.7286e+02
20260813_01:00:00   2.0134e-01   5.4563e+01   3.9282e+00   0.0000e+00   0.0000e+00   2.7203e+02
20260813_02:00:00   1.9723e-01   5.3695e+01   3.8361e+00   0.0000e+00   0.0000e+00   2.7072e+02
20260813_03:00:00   2.0011e-01   5.4369e+01   3.8945e+00   0.0000e+00   0.0000e+00   2.6918e+02
20260813_04:00:00   1.9693e-01   5.3714e+01   3.8339e+00   0.0000e+00   0.0000e+00   2.6768e+02
20260813_05:00:00   2.0357e-01   5.5244e+01   3.9806e+00   0.0000e+00   0.0000e+00   2.6472e+02
20260813_06:00:00   2.2443e-01   5.9864e+01   4.3837e+00   0.0000e+00   0.0000e+00   2.6394e+02
20260813_07:00:00   2.3395e-01   6.1907e+01   4.5632e+00   0.0000e+00   0.0000e+00   2.6370e+02
20260813_08:00:00   2.3295e-01   6.1707e+01   4.5441e+00   0.0000e+00   0.0000e+00   2.6309e+02
20260813_09:00:00   2.3364e-01   6.1872e+01   4.5653e+00   0.0000e+00   0.0000e+00   2.6147e+02
20260813_10:00:00   2.4057e-01   6.3377e+01   4.7046e+00   0.0000e+00   0.0000e+00   2.6084e+02
20260813_11:00:00   2.5930e-01   6.7368e+01   5.0915e+00   0.0000e+00   0.0000e+00   2.6067e+02
20260813_12:00:00   2.7213e-01   7.0102e+01   5.3667e+00   0.0000e+00   0.0000e+00   2.5996e+02
20260813_13:00:00   2.8897e-01   7.3595e+01   5.7102e+00   0.0000e+00   0.0000e+00   2.6000e+02
20260813_14:00:00   3.0311e-01   7.6481e+01   5.9775e+00   0.0000e+00   0.0000e+00   2.6098e+02
20260813_15:00:00   3.0619e-01   7.7180e+01   6.0259e+00   0.0000e+00   0.0000e+00   2.6048e+02
20260813_16:00:00   3.1687e-01   7.9366e+01   6.1967e+00   0.0000e+00   0.0000e+00   2.6028e+02
20260813_17:00:00   3.2084e-01   8.0223e+01   6.2460e+00   0.0000e+00   0.0000e+00   2.5989e+02
20260813_18:00:00   3.0927e-01   7.8008e+01   6.0207e+00   0.0000e+00   0.0000e+00   2.5921e+02
20260813_19:00:00   3.0767e-01   7.7680e+01   6.0034e+00   0.0000e+00   0.0000e+00   2.5927e+02
20260813_20:00:00   3.0942e-01   7.8085e+01   6.0037e+00   0.0000e+00   0.0000e+00   2.5942e+02
20260813_21:00:00   3.3602e-01   8.3255e+01   6.4945e+00   0.0000e+00   0.0000e+00   2.5845e+02
20260813_22:00:00   3.5888e-01   8.7620e+01   6.9098e+00   0.0000e+00   0.0000e+00   2.5736e+02
20260813_23:00:00   3.9549e-01   9.4425e+01   7.5222e+00   0.0000e+00   0.0000e+00   2.5666e+02
20260814_00:00:00   4.0543e-01   9.6253e+01   7.6873e+00   0.0000e+00   0.0000e+00   2.5692e+02
20260814_01:00:00   4.0903e-01   9.6959e+01   7.7319e+00   0.0000e+00   0.0000e+00   2.5694e+02
20260814_02:00:00   4.0872e-01   9.6971e+01   7.7014e+00   0.0000e+00   0.0000e+00   2.5745e+02
20260814_03:00:00   3.8144e-01   9.2061e+01   7.2236e+00   0.0000e+00   0.0000e+00   2.5639e+02
20260814_04:00:00   3.3973e-01   8.4224e+01   6.4595e+00   0.0000e+00   0.0000e+00   2.5615e+02
20260814_05:00:00   3.3069e-01   8.2486e+01   6.2889e+00   0.0000e+00   0.0000e+00   2.5702e+02
20260814_06:00:00   3.3136e-01   8.2578e+01   6.3279e+00   0.0000e+00   0.0000e+00   2.5621e+02
20260814_07:00:00   3.2166e-01   8.0677e+01   6.1743e+00   0.0000e+00   0.0000e+00   2.5520e+02
20260814_08:00:00   3.1652e-01   7.9670e+01   6.0856e+00   0.0000e+00   0.0000e+00   2.5596e+02
20260814_09:00:00   3.1903e-01   8.0174e+01   6.1372e+00   0.0000e+00   0.0000e+00   2.5784e+02
20260814_10:00:00   3.2793e-01   8.1994e+01   6.2975e+00   0.0000e+00   0.0000e+00   2.5817e+02
20260814_11:00:00   3.4756e-01   8.5883e+01   6.6561e+00   0.0000e+00   0.0000e+00   2.5930e+02
20260814_12:00:00   3.4564e-01   8.5522e+01   6.6581e+00   0.0000e+00   0.0000e+00   2.6043e+02
20260814_13:00:00   3.5236e-01   8.6757e+01   6.8319e+00   0.0000e+00   0.0000e+00   2.5992e+02
20260814_14:00:00   3.2409e-01   8.1383e+01   6.2806e+00   0.0000e+00   0.0000e+00   2.5969e+02
20260814_15:00:00   3.2093e-01   8.0762e+01   6.2151e+00   0.0000e+00   0.0000e+00   2.6107e+02
20260814_16:00:00   2.9896e-01   7.6363e+01   5.7955e+00   0.0000e+00   0.0000e+00   2.6478e+02
20260814_17:00:00   2.7657e-01   7.1666e+01   5.3935e+00   0.0000e+00   0.0000e+00   2.6553e+02
20260814_18:00:00   2.6069e-01   6.8281e+01   5.1044e+00   0.0000e+00   0.0000e+00   2.6305e+02
20260814_19:00:00   2.5585e-01   6.7221e+01   5.0142e+00   0.0000e+00   0.0000e+00   2.6314e+02
20260814_20:00:00   2.3341e-01   6.2341e+01   4.5989e+00   0.0000e+00   0.0000e+00   2.6380e+02
20260814_21:00:00   2.4185e-01   6.4076e+01   4.7897e+00   0.0000e+00   0.0000e+00   2.6425e+02
20260814_22:00:00   2.6009e-01   6.7934e+01   5.1339e+00   0.0000e+00   0.0000e+00   2.6390e+02
20260814_23:00:00   2.4845e-01   6.5471e+01   4.8830e+00   0.0000e+00   0.0000e+00   2.6261e+02
20260815_00:00:00   2.5095e-01   6.5935e+01   4.9429e+00   0.0000e+00   0.0000e+00   2.6174e+02
20260815_03:00:00   3.2133e-01   8.0382e+01   6.1948e+00   0.0000e+00   4.9100e-04   2.6327e+02
20260815_06:00:00   3.0651e-01   7.7466e+01   5.9162e+00   0.0000e+00   1.1932e-03   2.6144e+02
20260815_09:00:00   3.1652e-01   7.9545e+01   6.0807e+00   0.0000e+00   7.2080e-04   2.6797e+02
20260815_12:00:00   3.5122e-01   8.6355e+01   6.8351e+00   0.0000e+00   3.1320e-05   2.6902e+02
20260815_15:00:00   3.8294e-01   9.2314e+01   7.4909e+00   0.0000e+00   8.7920e-05   2.6884e+02
20260815_18:00:00   4.2160e-01   9.9363e+01   8.1805e+00   0.0000e+00   3.5000e-04   2.6824e+02
20260815_21:00:00   4.2582e-01   1.0019e+02   8.0839e+00   0.0000e+00   0.0000e+00   2.7169e+02
20260816_00:00:00   4.1235e-01   9.7758e+01   7.7832e+00   0.0000e+00   0.0000e+00   2.7042e+02
20260816_03:00:00   3.6211e-01   8.8396e+01   6.8693e+00   0.0000e+00   0.0000e+00   2.6962e+02
20260816_06:00:00   2.8961e-01   7.4142e+01   5.5211e+00   0.0000e+00   0.0000e+00   2.7065e+02
20260816_09:00:00   3.0433e-01   7.7085e+01   5.8183e+00   0.0000e+00   0.0000e+00   2.7019e+02
20260816_12:00:00   3.6629e-01   8.9081e+01   7.1086e+00   0.0000e+00   0.0000e+00   2.6678e+02
20260816_15:00:00   4.0655e-01   9.6523e+01   7.9096e+00   0.0000e+00   0.0000e+00   2.6580e+02
20260816_18:00:00   4.1136e-01   9.7384e+01   7.9569e+00   0.0000e+00   0.0000e+00   2.6685e+02
20260816_21:00:00   3.5771e-01   8.7232e+01   6.9319e+00   0.0000e+00   0.0000e+00   2.6298e+02
20260817_00:00:00   3.3169e-01   8.2197e+01   6.4031e+00   0.0000e+00   0.0000e+00   2.6341e+02
20260817_03:00:00   2.9657e-01   7.5315e+01   5.7094e+00   0.0000e+00   0.0000e+00   2.6397e+02
20260817_06:00:00   2.8927e-01   7.3807e+01   5.5654e+00   0.0000e+00   0.0000e+00   2.6401e+02
20260817_09:00:00   2.8348e-01   7.2682e+01   5.4563e+00   0.0000e+00   0.0000e+00   2.6415e+02
20260817_12:00:00   3.0819e-01   7.7628e+01   6.0373e+00   0.0000e+00   0.0000e+00   2.6405e+02
20260817_15:00:00   3.1350e-01   7.8743e+01   6.2139e+00   0.0000e+00   0.0000e+00   2.6428e+02
20260817_18:00:00   3.1179e-01   7.8309e+01   6.1312e+00   0.0000e+00   0.0000e+00   2.6672e+02
20260817_21:00:00   2.9101e-01   7.4033e+01   5.7084e+00   0.0000e+00   0.0000e+00   2.6600e+02
20260818_00:00:00   2.5568e-01   6.6688e+01   5.0268e+00   0.0000e+00   0.0000e+00   2.6566e+02
20260818_03:00:00   2.3786e-01   6.2888e+01   4.6672e+00   0.0000e+00   0.0000e+00   2.6583e+02
20260818_06:00:00   2.3262e-01   6.1817e+01   4.5449e+00   0.0000e+00   0.0000e+00   2.6709e+02
20260818_09:00:00   2.3293e-01   6.1922e+01   4.5335e+00   0.0000e+00   0.0000e+00   2.6721e+02
20260818_12:00:00   2.3914e-01   6.3333e+01   4.7466e+00   0.0000e+00   0.0000e+00   2.6628e+02
20260818_15:00:00   2.5549e-01   6.6852e+01   5.1217e+00   0.0000e+00   0.0000e+00   2.6819e+02
20260818_18:00:00   2.3691e-01   6.2828e+01   4.7214e+00   0.0000e+00   0.0000e+00   2.6849e+02
20260818_21:00:00   2.3416e-01   6.2258e+01   4.6134e+00   0.0000e+00   0.0000e+00   2.6714e+02
20260819_00:00:00   2.1647e-01   5.8319e+01   4.2751e+00   0.0000e+00   0.0000e+00   2.6564e+02
20260819_03:00:00   1.9847e-01   5.4287e+01   3.8874e+00   0.0000e+00   0.0000e+00   2.6569e+02
20260819_06:00:00   1.9198e-01   5.2842e+01   3.7543e+00   0.0000e+00   0.0000e+00   2.6661e+02
20260819_09:00:00   1.9308e-01   5.3131e+01   3.7716e+00   0.0000e+00   0.0000e+00   2.6910e+02
20260819_12:00:00   2.1017e-01   5.6967e+01   4.1823e+00   0.0000e+00   0.0000e+00   2.6870e+02
20260819_15:00:00   2.2672e-01   6.0520e+01   4.5657e+00   0.0000e+00   0.0000e+00   2.7119e+02
20260819_18:00:00   2.3216e-01   6.1621e+01   4.6767e+00   0.0000e+00   0.0000e+00   2.6937e+02
20260819_21:00:00   2.1273e-01   5.7427e+01   4.2795e+00   0.0000e+00   9.3580e-04   2.6832e+02
20260820_00:00:00   2.1261e-01   5.7266e+01   4.3123e+00   0.0000e+00   4.3880e-04   2.7114e+02
20260820_03:00:00   2.5981e-01   6.7223e+01   5.1760e+00   0.0000e+00   5.2200e-05   2.7324e+02
20260820_06:00:00   2.4865e-01   6.4989e+01   4.8457e+00   0.0000e+00   0.0000e+00   2.7500e+02
20260820_09:00:00   2.3782e-01   6.2857e+01   4.6023e+00   0.0000e+00   0.0000e+00   2.7869e+02
20260820_12:00:00   2.3734e-01   6.2866e+01   4.6219e+00   0.0000e+00   0.0000e+00   2.7715e+02
20260820_15:00:00   2.2981e-01   6.1333e+01   4.5023e+00   0.0000e+00   0.0000e+00   2.8009e+02
20260820_18:00:00   2.0251e-01   5.5440e+01   3.9456e+00   0.0000e+00   0.0000e+00   2.7583e+02
20260820_21:00:00   2.0729e-01   5.6481e+01   4.0668e+00   0.0000e+00   0.0000e+00   2.7361e+02
20260821_00:00:00   1.9946e-01   5.4704e+01   3.9165e+00   0.0000e+00   0.0000e+00   2.7491e+02
20260821_03:00:00   2.2382e-01   5.9963e+01   4.4473e+00   0.0000e+00   0.0000e+00   2.7466e+02
20260821_06:00:00   2.3788e-01   6.2881e+01   4.6846e+00   0.0000e+00   0.0000e+00   2.7393e+02
20260821_09:00:00   2.2723e-01   6.0676e+01   4.4926e+00   0.0000e+00   0.0000e+00   2.7375e+02
20260821_12:00:00   2.4550e-01   6.4725e+01   4.8813e+00   0.0000e+00   9.9560e-05   2.7348e+02
20260821_15:00:00   2.4930e-01   6.5464e+01   5.0303e+00   0.0000e+00   0.0000e+00   2.7301e+02
20260821_18:00:00   2.2481e-01   6.0228e+01   4.5443e+00   0.0000e+00   6.6800e-06   2.7373e+02
20260821_21:00:00   2.3472e-01   6.2369e+01   4.7775e+00   0.0000e+00   0.0000e+00   2.7395e+02
20260822_00:00:00   2.9465e-01   7.4856e+01   5.9389e+00   0.0000e+00   2.9980e-05   2.7676e+02
20260822_03:00:00   2.8404e-01   7.2519e+01   5.6669e+00   0.0000e+00   0.0000e+00   2.8258e+02
20260822_06:00:00   2.6712e-01   6.9197e+01   5.3302e+00   0.0000e+00   2.6563e-03   2.8003e+02
20260822_09:00:00   2.5686e-01   6.6971e+01   5.1607e+00   0.0000e+00   7.6727e-04   2.7861e+02
20260822_12:00:00   3.2902e-01   8.1886e+01   6.5720e+00   0.0000e+00   1.0628e-03   2.7662e+02
20260822_15:00:00   3.7518e-01   9.0740e+01   7.4867e+00   0.0000e+00   3.4524e-04   2.7967e+02
20260822_18:00:00   3.8788e-01   9.3038e+01   7.7558e+00   0.0000e+00   7.3081e-04   2.8331e+02
20260822_21:00:00   4.0148e-01   9.5470e+01   7.9261e+00   0.0000e+00   8.3381e-04   2.8250e+02
20260823_00:00:00   3.8684e-01   9.2928e+01   7.5019e+00   0.0000e+00   6.2780e-05   2.8202e+02
20260823_03:00:00   3.8506e-01   9.2775e+01   7.3526e+00   0.0000e+00   1.8032e-05   2.7920e+02
20260823_06:00:00   3.6232e-01   8.8551e+01   6.9390e+00   0.0000e+00   0.0000e+00   2.8215e+02
20260823_09:00:00   3.7294e-01   9.0552e+01   7.1117e+00   0.0000e+00   0.0000e+00   2.8189e+02
20260823_12:00:00   4.0130e-01   9.5803e+01   7.7244e+00   0.0000e+00   0.0000e+00   2.8490e+02
20260823_15:00:00   4.5388e-01   1.0478e+02   8.8961e+00   0.0000e+00   1.5308e-04   2.8272e+02
20260823_18:00:00   4.8292e-01   1.0936e+02   9.4007e+00   0.0000e+00   2.4725e-02   2.8092e+02
20260823_21:00:00   4.1128e-01   9.6975e+01   8.0382e+00   0.0000e+00   2.0877e-03   2.7953e+02
20260824_00:00:00   3.9071e-01   9.3417e+01   7.5921e+00   0.0000e+00   1.5168e-03   2.7754e+02
20260824_03:00:00   4.0573e-01   9.6160e+01   7.7672e+00   0.0000e+00   1.9744e-03   2.7745e+02
20260824_06:00:00   3.6587e-01   8.8786e+01   7.0981e+00   0.0000e+00   1.0627e-03   2.7575e+02
20260824_09:00:00   3.4550e-01   8.4984e+01   6.7312e+00   0.0000e+00   1.2626e-05   2.7589e+02
20260824_12:00:00   3.8352e-01   9.2170e+01   7.5006e+00   0.0000e+00   0.0000e+00   2.7193e+02
20260824_15:00:00   4.2673e-01   9.9685e+01   8.5237e+00   0.0000e+00   1.6032e-05   2.7087e+02
20260824_18:00:00   4.5570e-01   1.0476e+02   8.9932e+00   0.0000e+00   1.1970e-04   2.7285e+02
20260824_21:00:00   4.4154e-01   1.0219e+02   8.7171e+00   0.0000e+00   0.0000e+00   2.7194e+02
20260825_00:00:00   4.0513e-01   9.5916e+01   7.8781e+00   0.0000e+00   0.0000e+00   2.7155e+02
20260825_03:00:00   4.1510e-01   9.7640e+01   7.9988e+00   0.0000e+00   1.8142e-06   2.7001e+02
20260825_06:00:00   4.0790e-01   9.6404e+01   7.7334e+00   0.0000e+00   1.3390e-04   2.6897e+02
20260825_09:00:00   3.9373e-01   9.3978e+01   7.4505e+00   0.0000e+00   0.0000e+00   2.6761e+02
20260825_12:00:00   4.1316e-01   9.7536e+01   7.9197e+00   0.0000e+00   0.0000e+00   2.6772e+02
20260825_15:00:00   4.2557e-01   9.9550e+01   8.2930e+00   0.0000e+00   1.6032e-05   2.6708e+02
20260825_18:00:00   3.8938e-01   9.3366e+01   7.5536e+00   0.0000e+00   0.0000e+00   2.6583e+02
20260825_21:00:00   3.7434e-01   9.0579e+01   7.2905e+00   0.0000e+00   0.0000e+00   2.6584e+02
20260826_00:00:00   4.0579e-01   9.5903e+01   7.9737e+00   0.0000e+00   0.0000e+00   2.6905e+02
