#            date       tau255        Tb[K]      pwv[mm] lwp[kg*m^-2] iwp[kg*m^-2]       o3[DU]
20260926_12:00:00   4.3693e-01   1.0270e+02   8.2170e+00   0.0000e+00   0.0000e+00   2.8588e+02
20260926_13:00:00   3.9920e-01   9.5875e+01   7.6289e+00   0.0000e+00   0.0000e+00   2.8338e+02
20260926_14:00:00   3.5987e-01   8.8417e+01   6.9651e+00   0.0000e+00   0.0000e+00   2.8159e+02
20260926_15:00:00   3.5106e-01   8.6595e+01   6.8164e+00   0.0000e+00   0.0000e+00   2.8027e+02
20260926_16:00:00   2.8897e-01   7.4263e+01   5.6606e+00   0.0000e+00   0.0000e+00   2.8057e+02
20260926_17:00:00   2.4561e-01   6.5122e+01   4.8511e+00   0.0000e+00   0.0000e+00   2.8166e+02
20260926_18:00:00   2.4468e-01   6.5029e+01   4.7998e+00   0.0000e+00   0.0000e+00   2.8354e+02
20260926_19:00:00   1.9506e-01   5.4088e+01   3.8231e+00   0.0000e+00   0.0000e+00   2.8605e+02
20260926_20:00:00   1.6116e-01   4.6124e+01   3.1583e+00   0.0000e+00   0.0000e+00   2.8815e+02
20260926_21:00:00   1.3921e-01   4.0840e+01   2.7225e+00   0.0000e+00   0.0000e+00   2.8875e+02
20260926_22:00:00   1.0509e-01   3.2320e+01   2.0262e+00   0.0000e+00   0.0000e+00   2.8895e+02
20260926_23:00:00   9.3724e-02   2.9380e+01   1.7867e+00   0.0000e+00   0.0000e+00   2.8934e+02
20260927_00:00:00   8.9361e-02   2.8249e+01   1.6938e+00   0.0000e+00   0.0000e+00   2.9095e+02
20260927_01:00:00   8.4442e-02   2.6968e+01   1.5905e+00   0.0000e+00   0.0000e+00   2.9281e+02
20260927_02:00:00   7.4892e-02   2.4440e+01   1.3876e+00   0.0000e+00   0.0000e+00   2.9211e+02
20260927_03:00:00   7.3615e-02   2.4095e+01   1.3632e+00   0.0000e+00   0.0000e+00   2.9074e+02
20260927_04:00:00   7.3797e-02   2.4122e+01   1.3717e+00   0.0000e+00   0.0000e+00   2.9014e+02
20260927_05:00:00   7.2465e-02   2.3746e+01   1.3439e+00   0.0000e+00   0.0000e+00   2.8917e+02
20260927_06:00:00   7.1206e-02   2.3432e+01   1.3117e+00   0.0000e+00   0.0000e+00   2.9030e+02
20260927_07:00:00   7.1292e-02   2.3452e+01   1.3173e+00   0.0000e+00   0.0000e+00   2.9321e+02
20260927_08:00:00   7.2266e-02   2.3670e+01   1.3497e+00   0.0000e+00   0.0000e+00   2.9415e+02
20260927_09:00:00   7.3857e-02   2.4057e+01   1.3939e+00   0.0000e+00   0.0000e+00   2.9709e+02
20260927_10:00:00   7.5920e-02   2.4610e+01   1.4363e+00   0.0000e+00   0.0000e+00   2.9843e+02
20260927_11:00:00   8.3552e-02   2.6596e+01   1.6104e+00   0.0000e+00   0.0000e+00   2.9797e+02
20260927_12:00:00   9.2810e-02   2.8977e+01   1.8200e+00   0.0000e+00   0.0000e+00   2.9569e+02
20260927_13:00:00   1.0095e-01   3.1035e+01   2.0051e+00   0.0000e+00   0.0000e+00   2.9495e+02
20260927_14:00:00   1.0132e-01   3.1138e+01   2.0136e+00   0.0000e+00   0.0000e+00   2.9549e+02
20260927_15:00:00   1.0334e-01   3.1613e+01   2.0696e+00   0.0000e+00   0.0000e+00   2.9574e+02
20260927_16:00:00   1.0380e-01   3.1679e+01   2.0945e+00   0.0000e+00   0.0000e+00   2.9392e+02
20260927_17:00:00   1.0430e-01   3.1758e+01   2.1188e+00   0.0000e+00   0.0000e+00   2.9337e+02
20260927_18:00:00   1.0749e-01   3.2507e+01   2.2012e+00   0.0000e+00   0.0000e+00   2.9135e+02
20260927_19:00:00   1.0923e-01   3.2917e+01   2.2430e+00   0.0000e+00   0.0000e+00   2.9027e+02
20260927_20:00:00   1.1003e-01   3.3100e+01   2.2629e+00   0.0000e+00   0.0000e+00   2.8740e+02
20260927_21:00:00   1.0745e-01   3.2427e+01   2.2029e+00   0.0000e+00   0.0000e+00   2.8429e+02
20260927_22:00:00   1.0385e-01   3.1494e+01   2.1239e+00   0.0000e+00   0.0000e+00   2.8313e+02
20260927_23:00:00   9.9703e-02   3.0462e+01   2.0262e+00   0.0000e+00   0.0000e+00   2.8303e+02
20260928_00:00:00   9.6973e-02   2.9789e+01   1.9606e+00   0.0000e+00   0.0000e+00   2.8376e+02
20260928_01:00:00   1.0167e-01   3.1000e+01   2.0633e+00   0.0000e+00   0.0000e+00   2.8292e+02
20260928_02:00:00   1.0343e-01   3.1455e+01   2.1012e+00   0.0000e+00   0.0000e+00   2.8088e+02
20260928_03:00:00   1.2268e-01   3.6302e+01   2.5185e+00   0.0000e+00   0.0000e+00   2.8020e+02
20260928_04:00:00   1.4790e-01   4.2550e+01   3.0438e+00   0.0000e+00   0.0000e+00   2.8039e+02
20260928_05:00:00   1.6409e-01   4.6561e+01   3.3534e+00   0.0000e+00   0.0000e+00   2.8142e+02
20260928_06:00:00   1.6498e-01   4.6820e+01   3.3557e+00   0.0000e+00   0.0000e+00   2.8184e+02
20260928_07:00:00   1.9623e-01   5.4211e+01   3.9822e+00   0.0000e+00   0.0000e+00   2.7842e+02
20260928_08:00:00   2.0702e-01   5.6737e+01   4.1837e+00   0.0000e+00   0.0000e+00   2.7644e+02
20260928_09:00:00   2.0867e-01   5.6998e+01   4.2380e+00   0.0000e+00   0.0000e+00   2.7819e+02
20260928_10:00:00   2.2070e-01   5.9731e+01   4.4701e+00   0.0000e+00   0.0000e+00   2.8037e+02
20260928_11:00:00   2.1934e-01   5.9436e+01   4.4621e+00   0.0000e+00   0.0000e+00   2.8241e+02
20260928_12:00:00   2.3068e-01   6.1850e+01   4.7317e+00   0.0000e+00   0.0000e+00   2.8312e+02
20260928_13:00:00   2.7728e-01   7.1576e+01   5.7253e+00   0.0000e+00   0.0000e+00   2.8269e+02
20260928_14:00:00   3.5226e-01   8.6232e+01   7.1929e+00   0.0000e+00   0.0000e+00   2.8390e+02
20260928_15:00:00   3.9747e-01   9.4587e+01   8.0294e+00   0.0000e+00   0.0000e+00   2.8503e+02
20260928_16:00:00   3.9652e-01   9.4440e+01   8.0118e+00   0.0000e+00   0.0000e+00   2.8560e+02
20260928_17:00:00   3.4371e-01   8.4662e+01   7.0469e+00   0.0000e+00   0.0000e+00   2.8810e+02
20260928_18:00:00   3.4237e-01   8.4488e+01   6.9959e+00   0.0000e+00   0.0000e+00   2.8946e+02
20260928_19:00:00   3.8802e-01   9.3248e+01   7.7891e+00   0.0000e+00   0.0000e+00   2.8860e+02
20260928_20:00:00   4.0210e-01   9.5941e+01   8.0194e+00   0.0000e+00   0.0000e+00   2.8627e+02
20260928_21:00:00   3.7675e-01   9.1080e+01   7.5662e+00   0.0000e+00   0.0000e+00   2.8454e+02
20260928_22:00:00   3.3587e-01   8.3172e+01   6.8045e+00   0.0000e+00   0.0000e+00   2.8432e+02
20260928_23:00:00   3.2101e-01   8.0436e+01   6.5017e+00   0.0000e+00   0.0000e+00   2.8518e+02
20260929_00:00:00   3.2512e-01   8.1459e+01   6.5583e+00   0.0000e+00   0.0000e+00   2.8657e+02
20260929_01:00:00   3.2386e-01   8.1280e+01   6.5226e+00   0.0000e+00   0.0000e+00   2.8590e+02
20260929_02:00:00   3.3114e-01   8.2837e+01   6.6359e+00   0.0000e+00   0.0000e+00   2.8430e+02
20260929_03:00:00   3.3579e-01   8.3727e+01   6.7328e+00   0.0000e+00   0.0000e+00   2.8172e+02
20260929_04:00:00   3.3098e-01   8.2899e+01   6.6397e+00   0.0000e+00   0.0000e+00   2.8077e+02
20260929_05:00:00   3.4089e-01   8.4986e+01   6.9261e+00   0.0000e+00   0.0000e+00   2.8256e+02
20260929_06:00:00   3.6457e-01   8.9304e+01   7.4532e+00   0.0000e+00   0.0000e+00   2.8252e+02
20260929_07:00:00   3.8459e-01   9.2981e+01   7.8566e+00   0.0000e+00   0.0000e+00   2.8188e+02
20260929_08:00:00   4.0562e-01   9.6586e+01   8.2981e+00   0.0000e+00   0.0000e+00   2.8156e+02
20260929_09:00:00   3.9585e-01   9.4722e+01   8.1187e+00   0.0000e+00   0.0000e+00   2.8308e+02
20260929_10:00:00   4.0389e-01   9.6190e+01   8.2871e+00   0.0000e+00   0.0000e+00   2.8460e+02
20260929_11:00:00   4.0251e-01   9.5803e+01   8.2844e+00   0.0000e+00   0.0000e+00   2.8475e+02
20260929_12:00:00   3.7989e-01   9.1546e+01   7.8915e+00   0.0000e+00   0.0000e+00   2.8464e+02
20260929_13:00:00   3.1236e-01   7.8490e+01   6.6068e+00   0.0000e+00   0.0000e+00   2.8330e+02
20260929_14:00:00   3.3650e-01   8.3097e+01   7.1245e+00   0.0000e+00   0.0000e+00   2.8091e+02
20260929_15:00:00   3.5792e-01   8.7155e+01   7.5539e+00   0.0000e+00   0.0000e+00   2.7944e+02
20260929_16:00:00   3.5833e-01   8.7176e+01   7.5864e+00   0.0000e+00   0.0000e+00   2.7778e+02
20260929_17:00:00   3.2779e-01   8.1167e+01   6.9708e+00   0.0000e+00   0.0000e+00   2.7726e+02
20260929_18:00:00   3.2357e-01   8.0543e+01   6.8529e+00   0.0000e+00   0.0000e+00   2.7683e+02
20260929_19:00:00   3.6054e-01   8.8122e+01   7.5599e+00   0.0000e+00   3.6018e-04   2.7493e+02
20260929_20:00:00   3.7936e-01   9.1853e+01   7.9271e+00   0.0000e+00   2.0077e-03   2.7509e+02
20260929_21:00:00   3.7553e-01   9.1295e+01   7.8182e+00   0.0000e+00   2.1300e-03   2.7517e+02
20260929_22:00:00   3.5654e-01   8.7873e+01   7.4057e+00   0.0000e+00   7.2460e-04   2.7717e+02
20260929_23:00:00   3.4914e-01   8.6380e+01   7.2640e+00   0.0000e+00   0.0000e+00   2.7786e+02
20260930_00:00:00   3.8670e-01   9.3434e+01   8.0222e+00   0.0000e+00   0.0000e+00   2.7952e+02
20260930_01:00:00   4.5059e-01   1.0496e+02   9.2785e+00   0.0000e+00   9.0720e-07   2.7919e+02
20260930_02:00:00   4.9852e-01   1.1302e+02   1.0154e+01   0.0000e+00   2.2220e-05   2.7952e+02
20260930_03:00:00   4.6965e-01   1.0768e+02   9.5544e+00   0.0000e+00   0.0000e+00   2.7857e+02
20260930_04:00:00   4.5920e-01   1.0572e+02   9.3343e+00   0.0000e+00   0.0000e+00   2.7836e+02
20260930_05:00:00   4.6334e-01   1.0650e+02   9.4222e+00   0.0000e+00   0.0000e+00   2.7882e+02
20260930_06:00:00   4.7132e-01   1.0796e+02   9.5904e+00   0.0000e+00   0.0000e+00   2.7999e+02
20260930_07:00:00   4.6217e-01   1.0653e+02   9.4351e+00   0.0000e+00   0.0000e+00   2.8091e+02
20260930_08:00:00   4.4400e-01   1.0334e+02   9.1042e+00   0.0000e+00   1.5174e-05   2.7868e+02
20260930_09:00:00   4.3641e-01   1.0191e+02   8.9636e+00   0.0000e+00   0.0000e+00   2.7690e+02
20260930_10:00:00   4.4034e-01   1.0253e+02   9.0509e+00   0.0000e+00   0.0000e+00   2.7810e+02
20260930_11:00:00   4.5033e-01   1.0431e+02   9.2551e+00   0.0000e+00   0.0000e+00   2.7710e+02
20260930_12:00:00   4.5025e-01   1.0428e+02   9.2597e+00   0.0000e+00   0.0000e+00   2.7511e+02
20260930_13:00:00   4.3157e-01   1.0108e+02   8.9338e+00   0.0000e+00   0.0000e+00   2.7428e+02
20260930_14:00:00   3.9856e-01   9.5244e+01   8.3230e+00   0.0000e+00   0.0000e+00   2.7468e+02
20260930_15:00:00   4.0071e-01   9.5726e+01   8.3537e+00   0.0000e+00   0.0000e+00   2.7444e+02
20260930_16:00:00   4.3187e-01   1.0158e+02   8.9296e+00   0.0000e+00   0.0000e+00   2.7405e+02
20260930_17:00:00   4.5627e-01   1.0623e+02   9.3847e+00   0.0000e+00   0.0000e+00   2.7282e+02
20260930_18:00:00   4.6697e-01   1.0823e+02   9.5988e+00   0.0000e+00   0.0000e+00   2.7371e+02
20260930_19:00:00   4.5762e-01   1.0662e+02   9.4528e+00   0.0000e+00   0.0000e+00   2.7510e+02
20260930_20:00:00   4.5885e-01   1.0686e+02   9.5079e+00   0.0000e+00   0.0000e+00   2.7545e+02
20260930_21:00:00   5.0267e-01   1.1411e+02   1.0332e+01   0.0000e+00   0.0000e+00   2.7512e+02
20260930_22:00:00   5.0694e-01   1.1481e+02   1.0416e+01   0.0000e+00   0.0000e+00   2.7518e+02
20260930_23:00:00   5.0268e-01   1.1403e+02   1.0332e+01   0.0000e+00   0.0000e+00   2.7419e+02
20261001_00:00:00   5.0212e-01   1.1384e+02   1.0305e+01   0.0000e+00   0.0000e+00   2.7403e+02
20261001_01:00:00   5.0341e-01   1.1385e+02   1.0306e+01   0.0000e+00   0.0000e+00   2.7342e+02
20261001_02:00:00   5.1479e-01   1.1571e+02   1.0530e+01   0.0000e+00   2.6720e-05   2.7395e+02
20261001_03:00:00   5.3891e-01   1.1944e+02   1.0994e+01   0.0000e+00   0.0000e+00   2.7470e+02
20261001_04:00:00   5.4496e-01   1.2047e+02   1.1070e+01   0.0000e+00   0.0000e+00   2.7318e+02
20261001_05:00:00   5.4509e-01   1.2049e+02   1.1042e+01   0.0000e+00   2.6720e-05   2.7120e+02
20261001_06:00:00   5.3128e-01   1.1828e+02   1.0734e+01   0.0000e+00   9.3500e-06   2.6837e+02
20261001_07:00:00   4.9259e-01   1.1138e+02   9.9753e+00   0.0000e+00   3.8214e-06   2.6781e+02
20261001_08:00:00   4.7703e-01   1.0866e+02   9.6812e+00   0.0000e+00   1.0224e-04   2.6917e+02
20261001_09:00:00   4.9400e-01   1.1188e+02   1.0005e+01   0.0000e+00   6.8420e-05   2.6966e+02
20261001_10:00:00   4.7402e-01   1.0887e+02   9.6294e+00   0.0000e+00   0.0000e+00   2.6731e+02
20261001_11:00:00   4.6288e-01   1.0711e+02   9.3955e+00   0.0000e+00   0.0000e+00   2.6934e+02
20261001_12:00:00   4.5844e-01   1.0653e+02   9.3018e+00   0.0000e+00   0.0000e+00   2.7124e+02
20261001_15:00:00   4.5279e-01   1.0517e+02   9.3162e+00   0.0000e+00   0.0000e+00   2.6903e+02
20261001_18:00:00   5.0660e-01   1.1421e+02   1.0319e+01   0.0000e+00   0.0000e+00   2.7148e+02
20261001_21:00:00   5.7134e-01   1.2469e+02   1.1479e+01   0.0000e+00   8.1740e-05   2.7370e+02
20261002_00:00:00   4.9299e-01   1.1161e+02   9.8928e+00   0.0000e+00   0.0000e+00   2.7292e+02
20261002_03:00:00   5.9765e-01   1.2806e+02   1.1194e+01   1.0938e-02   1.4844e-03   2.7333e+02
20261002_06:00:00   6.1835e-01   1.3084e+02   1.1513e+01   7.9583e-03   2.6498e-04   2.7397e+02
20261002_09:00:00   6.1301e-01   1.3028e+02   1.1788e+01   0.0000e+00   3.6204e-04   2.7388e+02
20261002_12:00:00   7.9923e-01   1.5518e+02   1.4906e+01   8.1378e-03   7.7004e-03   2.7530e+02
20261002_15:00:00   7.0365e-01   1.4335e+02   1.3532e+01   0.0000e+00   1.2458e-02   2.7675e+02
20261002_18:00:00   6.4816e-01   1.3566e+02   1.2532e+01   0.0000e+00   3.2045e-05   2.8090e+02
20261002_21:00:00   6.4950e-01   1.3533e+02   1.2459e+01   1.0432e-03   2.6421e-02   2.8100e+02
20261003_00:00:00   6.8978e-01   1.4016e+02   1.3231e+01   4.3872e-03   9.8416e-02   2.8494e+02
20261003_03:00:00   7.3759e-01   1.4614e+02   1.3665e+01   7.8838e-03   6.7052e-03   2.8824e+02
20261003_06:00:00   6.3837e-01   1.3269e+02   1.2158e+01   0.0000e+00   1.5848e-03   2.9468e+02
20261003_09:00:00   3.7283e-01   8.9084e+01   7.4307e+00   0.0000e+00   0.0000e+00   2.9457e+02
20261003_12:00:00   1.9527e-01   5.3004e+01   3.9441e+00   0.0000e+00   0.0000e+00   2.9426e+02
20261003_15:00:00   1.0384e-01   3.1613e+01   1.9508e+00   0.0000e+00   0.0000e+00   2.9301e+02
20261003_18:00:00   7.8542e-02   2.5062e+01   1.4406e+00   0.0000e+00   0.0000e+00   2.8942e+02
20261003_21:00:00   6.5028e-02   2.1363e+01   1.2044e+00   0.0000e+00   0.0000e+00   2.8473e+02
20261004_00:00:00   7.7921e-02   2.4693e+01   1.5201e+00   0.0000e+00   0.0000e+00   2.8267e+02
20261004_03:00:00   8.7001e-02   2.6808e+01   1.7969e+00   0.0000e+00   0.0000e+00   2.8010e+02
20261004_06:00:00   1.0002e-01   2.9790e+01   2.1964e+00   0.0000e+00   5.3103e-03   2.8031e+02
20261004_09:00:00   1.3727e-01   3.8964e+01   2.9976e+00   0.0000e+00   5.3900e-03   2.8321e+02
20261004_12:00:00   2.0467e-01   5.4822e+01   4.4220e+00   0.0000e+00   0.0000e+00   2.8056e+02
20261004_15:00:00   2.6333e-01   6.7739e+01   5.6506e+00   0.0000e+00   0.0000e+00   2.8019e+02
20261004_18:00:00   2.7820e-01   7.1245e+01   5.7187e+00   0.0000e+00   0.0000e+00   2.8015e+02
20261004_21:00:00   3.1387e-01   7.8851e+01   6.2771e+00   0.0000e+00   0.0000e+00   2.8471e+02
20261005_00:00:00   2.8270e-01   7.2610e+01   5.6329e+00   0.0000e+00   0.0000e+00   2.8561e+02
20261005_03:00:00   2.6335e-01   6.8490e+01   5.3112e+00   0.0000e+00   0.0000e+00   2.8472e+02
20261005_06:00:00   2.8126e-01   7.2297e+01   5.6293e+00   0.0000e+00   0.0000e+00   2.8140e+02
20261005_09:00:00   3.3133e-01   8.2674e+01   6.4221e+00   0.0000e+00   0.0000e+00   2.8330e+02
20261005_12:00:00   3.8763e-01   9.3835e+01   7.5602e+00   0.0000e+00   0.0000e+00   2.7965e+02
20261005_15:00:00   4.3095e-01   1.0179e+02   8.4623e+00   0.0000e+00   0.0000e+00   2.7772e+02
20261005_18:00:00   3.9638e-01   9.5750e+01   7.7144e+00   0.0000e+00   0.0000e+00   2.7677e+02
20261005_21:00:00   3.7697e-01   9.2042e+01   7.2845e+00   0.0000e+00   0.0000e+00   2.7523e+02
20261006_00:00:00   3.2916e-01   8.2824e+01   6.3754e+00   0.0000e+00   0.0000e+00   2.7629e+02
20261006_03:00:00   3.3122e-01   8.3057e+01   6.4024e+00   0.0000e+00   0.0000e+00   2.7713e+02
20261006_06:00:00   3.2315e-01   8.1439e+01   6.2842e+00   0.0000e+00   0.0000e+00   2.7597e+02
20261006_09:00:00   3.5686e-01   8.8174e+01   6.8825e+00   0.0000e+00   0.0000e+00   2.7784e+02
20261006_12:00:00   3.9291e-01   9.5071e+01   7.8165e+00   0.0000e+00   0.0000e+00   2.7673e+02
20261006_15:00:00   4.5601e-01   1.0631e+02   9.1532e+00   0.0000e+00   0.0000e+00   2.7805e+02
20261006_18:00:00   4.9456e-01   1.1275e+02   9.8225e+00   0.0000e+00   0.0000e+00   2.7935e+02
20261006_21:00:00   4.8995e-01   1.1193e+02   9.6922e+00   0.0000e+00   0.0000e+00   2.7428e+02
20261007_00:00:00   5.0833e-01   1.1555e+02   9.8255e+00   0.0000e+00   0.0000e+00   2.7334e+02
20261007_03:00:00   4.5844e-01   1.0716e+02   8.8485e+00   0.0000e+00   0.0000e+00   2.7597e+02
20261007_06:00:00   4.2091e-01   1.0040e+02   8.1923e+00   0.0000e+00   0.0000e+00   2.7774e+02
20261007_09:00:00   4.8945e-01   1.1245e+02   9.3940e+00   0.0000e+00   0.0000e+00   2.7993e+02
20261007_12:00:00   5.6380e-01   1.2415e+02   1.1085e+01   0.0000e+00   0.0000e+00   2.7867e+02
20261007_15:00:00   7.0736e-01   1.4456e+02   1.3521e+01   1.2496e-02   1.3264e-02   2.7865e+02
20261007_18:00:00   6.5537e-01   1.3729e+02   1.2926e+01   2.4040e-05   2.0080e-02   2.7753e+02
20261007_21:00:00   6.2271e-01   1.3208e+02   1.2313e+01   1.0440e-04   4.8836e-04   2.8111e+02
20261008_00:00:00   8.2344e-01   1.5909e+02   1.4980e+01   1.5384e-02   4.5490e-02   2.8170e+02
20261008_03:00:00   8.8816e-01   1.6690e+02   1.5849e+01   1.4554e-02   4.6690e-03   2.8210e+02
20261008_06:00:00   8.6329e-01   1.6408e+02   1.6218e+01   1.2022e-05   8.6671e-03   2.8123e+02
20261008_09:00:00   8.8763e-01   1.6699e+02   1.6480e+01   6.8220e-03   4.4387e-03   2.8108e+02
20261008_12:00:00   1.0108e+00   1.8022e+02   1.7163e+01   4.1622e-02   3.7098e-02   2.8184e+02
20261008_15:00:00   1.9744e+00   2.3984e+02   2.1340e+01   3.5575e-01   4.8141e-01   2.7977e+02
20261008_18:00:00   1.2036e+00   1.9613e+02   2.1344e+01   1.4960e-02   5.7095e-01   2.8057e+02
20261008_21:00:00   1.2080e+00   1.9654e+02   2.1087e+01   2.5831e-02   4.1395e-01   2.8202e+02
20261009_00:00:00   1.0722e+00   1.8479e+02   2.0043e+01   0.0000e+00   5.6347e-02   2.8281e+02
20261009_03:00:00   1.0758e+00   1.8475e+02   1.9925e+01   1.4696e-04   1.8324e-01   2.8529e+02
20261009_06:00:00   9.8811e-01   1.7633e+02   1.8512e+01   1.1428e-05   2.0832e-01   2.8103e+02
20261009_09:00:00   9.8699e-01   1.7630e+02   1.8221e+01   0.0000e+00   1.5079e-01   2.7984e+02
20261009_12:00:00   1.4098e+00   2.1067e+02   1.9043e+01   1.5436e-01   4.1786e-01   2.8022e+02
20261009_15:00:00   2.8189e+00   2.6145e+02   2.2048e+01   6.6533e-01   2.2289e-01   2.7973e+02
20261009_18:00:00   2.0584e+00   2.4319e+02   2.1077e+01   3.6317e-01   3.9255e-02   2.8038e+02
20261009_21:00:00   1.1447e+00   1.9114e+02   1.9973e+01   1.4272e-02   2.4021e-02   2.7959e+02
20261010_00:00:00   8.8774e-01   1.6551e+02   1.6319e+01   1.3946e-03   1.4975e-03   2.8239e+02
20261010_03:00:00   8.2914e-01   1.5782e+02   1.5894e+01   6.5300e-06   2.1718e-02   2.8028e+02
20261010_06:00:00   1.1928e+00   1.9299e+02   1.7769e+01   1.0833e-01   7.5568e-02   2.8070e+02
20261010_09:00:00   1.7976e+00   2.3120e+02   1.9718e+01   2.9776e-01   1.5305e-02   2.7974e+02
20261010_12:00:00   1.3666e+00   2.0782e+02   2.0538e+01   9.1267e-02   1.5130e-02   2.7760e+02
20261010_15:00:00   1.2474e+00   1.9929e+02   2.0696e+01   3.4179e-02   3.7229e-03   2.7938e+02
20261010_18:00:00   1.1563e+00   1.9218e+02   2.0619e+01   4.4760e-04   2.8371e-03   2.8121e+02
20261010_21:00:00   1.3952e+00   2.1023e+02   2.0017e+01   1.1244e-01   3.5184e-04   2.8148e+02
20261011_00:00:00   1.3280e+00   2.0562e+02   2.0202e+01   7.3101e-02   1.7534e-04   2.8246e+02
20261011_03:00:00   1.1936e+00   1.9549e+02   1.9133e+01   3.6573e-02   4.1140e-05   2.8042e+02
20261011_06:00:00   1.0873e+00   1.8659e+02   1.8438e+01   5.9378e-03   0.0000e+00   2.8020e+02
20261011_09:00:00   1.0814e+00   1.8673e+02   1.7770e+01   1.3432e-02   0.0000e+00   2.8029e+02
20261011_12:00:00   2.7801e+00   2.6321e+02   1.9392e+01   6.6070e-01   4.3358e-04   2.8023e+02
20261011_15:00:00   2.9757e+00   2.6616e+02   1.9934e+01   7.3062e-01   2.7642e-03   2.7878e+02
20261011_18:00:00   1.3815e+00   2.1155e+02   1.8401e+01   1.1179e-01   2.6720e-06   2.7924e+02
20261011_21:00:00   1.0443e+00   1.8402e+02   1.7175e+01   1.2420e-02   4.8080e-06   2.7746e+02
20261012_00:00:00   1.1799e+00   1.9588e+02   1.6223e+01   9.1420e-02   1.4426e-05   2.7679e+02
20261012_03:00:00   8.6513e-01   1.6510e+02   1.4687e+01   0.0000e+00   0.0000e+00   2.7414e+02
20261012_06:00:00   8.0388e-01   1.5780e+02   1.3815e+01   0.0000e+00   0.0000e+00   2.7675e+02
20261012_09:00:00   7.7643e-01   1.5454e+02   1.3657e+01   0.0000e+00   0.0000e+00   2.7593e+02
20261012_12:00:00   2.2489e+00   2.5088e+02   1.7967e+01   5.0081e-01   6.3549e-04   2.7688e+02
