#            date       tau255        Tb[K]      pwv[mm] lwp[kg*m^-2] iwp[kg*m^-2]       o3[DU]
20260902_00:00:00   2.3304e-01   6.1941e+01   4.6129e+00   0.0000e+00   0.0000e+00   2.9083e+02
20260902_01:00:00   2.6397e-01   6.8628e+01   5.2015e+00   0.0000e+00   0.0000e+00   2.8966e+02
20260902_02:00:00   2.6512e-01   6.8879e+01   5.2280e+00   0.0000e+00   0.0000e+00   2.8849e+02
20260902_03:00:00   2.7593e-01   7.1186e+01   5.4382e+00   0.0000e+00   0.0000e+00   2.8754e+02
20260902_04:00:00   2.9286e-01   7.4652e+01   5.7676e+00   0.0000e+00   0.0000e+00   2.8722e+02
20260902_05:00:00   2.9691e-01   7.5426e+01   5.8432e+00   0.0000e+00   0.0000e+00   2.8593e+02
20260902_06:00:00   2.9926e-01   7.5859e+01   5.8887e+00   0.0000e+00   0.0000e+00   2.8454e+02
20260902_07:00:00   2.9623e-01   7.5292e+01   5.8253e+00   0.0000e+00   0.0000e+00   2.8329e+02
20260902_08:00:00   2.8259e-01   7.2460e+01   5.5638e+00   0.0000e+00   0.0000e+00   2.8403e+02
20260902_09:00:00   2.8610e-01   7.3240e+01   5.6259e+00   0.0000e+00   0.0000e+00   2.8301e+02
20260902_10:00:00   2.8408e-01   7.2875e+01   5.5974e+00   0.0000e+00   0.0000e+00   2.8003e+02
20260902_11:00:00   2.7287e-01   7.0680e+01   5.4051e+00   0.0000e+00   0.0000e+00   2.7890e+02
20260902_12:00:00   2.7464e-01   7.1133e+01   5.4503e+00   0.0000e+00   0.0000e+00   2.8092e+02
20260902_13:00:00   2.7590e-01   7.1469e+01   5.4826e+00   0.0000e+00   0.0000e+00   2.8457e+02
20260902_14:00:00   2.7303e-01   7.0894e+01   5.4230e+00   0.0000e+00   0.0000e+00   2.8421e+02
20260902_15:00:00   2.6604e-01   6.9495e+01   5.2421e+00   0.0000e+00   0.0000e+00   2.8339e+02
20260902_16:00:00   2.8068e-01   7.2572e+01   5.5047e+00   0.0000e+00   0.0000e+00   2.8462e+02
20260902_17:00:00   2.8034e-01   7.2520e+01   5.4863e+00   0.0000e+00   0.0000e+00   2.8511e+02
20260902_18:00:00   2.5557e-01   6.7478e+01   4.9681e+00   0.0000e+00   0.0000e+00   2.8377e+02
20260902_19:00:00   2.5025e-01   6.6429e+01   4.8353e+00   0.0000e+00   0.0000e+00   2.8085e+02
20260902_20:00:00   2.5873e-01   6.8260e+01   4.9871e+00   0.0000e+00   0.0000e+00   2.7938e+02
20260902_21:00:00   2.5866e-01   6.8219e+01   4.9993e+00   0.0000e+00   0.0000e+00   2.7951e+02
20260902_22:00:00   2.9089e-01   7.4679e+01   5.7876e+00   0.0000e+00   0.0000e+00   2.8096e+02
20260902_23:00:00   3.2121e-01   8.0692e+01   6.3905e+00   0.0000e+00   1.3766e-05   2.8155e+02
20260903_00:00:00   3.3935e-01   8.4395e+01   6.6632e+00   0.0000e+00   0.0000e+00   2.8183e+02
20260903_01:00:00   3.0550e-01   7.7718e+01   5.9732e+00   0.0000e+00   0.0000e+00   2.8193e+02
20260903_02:00:00   2.4850e-01   6.5912e+01   4.8173e+00   0.0000e+00   0.0000e+00   2.8130e+02
20260903_03:00:00   2.8510e-01   7.3493e+01   5.5167e+00   0.0000e+00   0.0000e+00   2.7836e+02
20260903_04:00:00   2.9414e-01   7.5233e+01   5.7250e+00   0.0000e+00   0.0000e+00   2.7848e+02
20260903_05:00:00   2.9774e-01   7.5952e+01   5.8358e+00   0.0000e+00   0.0000e+00   2.7796e+02
20260903_06:00:00   2.9759e-01   7.5747e+01   5.8619e+00   0.0000e+00   0.0000e+00   2.7639e+02
20260903_07:00:00   2.7429e-01   7.1049e+01   5.3872e+00   0.0000e+00   0.0000e+00   2.7635e+02
20260903_08:00:00   2.7038e-01   7.0188e+01   5.3075e+00   0.0000e+00   0.0000e+00   2.7769e+02
20260903_09:00:00   2.5605e-01   6.7073e+01   5.0241e+00   0.0000e+00   0.0000e+00   2.7624e+02
20260903_10:00:00   2.4771e-01   6.5248e+01   4.8729e+00   0.0000e+00   0.0000e+00   2.7945e+02
20260903_11:00:00   2.2855e-01   6.1131e+01   4.5321e+00   0.0000e+00   0.0000e+00   2.8017e+02
20260903_12:00:00   2.1697e-01   5.8450e+01   4.3033e+00   0.0000e+00   0.0000e+00   2.7814e+02
20260903_13:00:00   1.8033e-01   5.0128e+01   3.5741e+00   0.0000e+00   0.0000e+00   2.7715e+02
20260903_14:00:00   1.5929e-01   4.5273e+01   3.0728e+00   0.0000e+00   0.0000e+00   2.7641e+02
20260903_15:00:00   1.2053e-01   3.5988e+01   2.2750e+00   0.0000e+00   0.0000e+00   2.7634e+02
20260903_16:00:00   9.7408e-02   3.0241e+01   1.7933e+00   0.0000e+00   0.0000e+00   2.7358e+02
20260903_17:00:00   8.1382e-02   2.6112e+01   1.4679e+00   0.0000e+00   0.0000e+00   2.7353e+02
20260903_18:00:00   7.0324e-02   2.3209e+01   1.2406e+00   0.0000e+00   0.0000e+00   2.7638e+02
20260903_19:00:00   6.5835e-02   2.2024e+01   1.1484e+00   0.0000e+00   0.0000e+00   2.7706e+02
20260903_20:00:00   5.9859e-02   2.0505e+01   9.8953e-01   0.0000e+00   0.0000e+00   2.7739e+02
20260903_21:00:00   5.6694e-02   1.9652e+01   9.0540e-01   0.0000e+00   0.0000e+00   2.7959e+02
20260903_22:00:00   4.6841e-02   1.6965e+01   6.9638e-01   0.0000e+00   0.0000e+00   2.8171e+02
20260903_23:00:00   3.7602e-02   1.4422e+01   4.8904e-01   0.0000e+00   0.0000e+00   2.8161e+02
20260904_00:00:00   4.6656e-02   1.6945e+01   6.6255e-01   0.0000e+00   0.0000e+00   2.8137e+02
20260904_01:00:00   5.7935e-02   1.9985e+01   8.9416e-01   0.0000e+00   0.0000e+00   2.8216e+02
20260904_02:00:00   6.3115e-02   2.1340e+01   9.9537e-01   0.0000e+00   0.0000e+00   2.8007e+02
20260904_03:00:00   6.6710e-02   2.2231e+01   1.0675e+00   0.0000e+00   0.0000e+00   2.7910e+02
20260904_04:00:00   6.0058e-02   2.0488e+01   9.2972e-01   0.0000e+00   0.0000e+00   2.7792e+02
20260904_05:00:00   6.5098e-02   2.1812e+01   1.0275e+00   0.0000e+00   0.0000e+00   2.7831e+02
20260904_06:00:00   6.6404e-02   2.2174e+01   1.0520e+00   0.0000e+00   0.0000e+00   2.7725e+02
20260904_07:00:00   7.3996e-02   2.4156e+01   1.2067e+00   0.0000e+00   0.0000e+00   2.7683e+02
20260904_08:00:00   8.8932e-02   2.7974e+01   1.5060e+00   0.0000e+00   0.0000e+00   2.7802e+02
20260904_09:00:00   1.0525e-01   3.2053e+01   1.8192e+00   0.0000e+00   0.0000e+00   2.7999e+02
20260904_10:00:00   1.1238e-01   3.3822e+01   1.9594e+00   0.0000e+00   0.0000e+00   2.8202e+02
20260904_11:00:00   1.3457e-01   3.9131e+01   2.3954e+00   0.0000e+00   0.0000e+00   2.8325e+02
20260904_12:00:00   1.4219e-01   4.0940e+01   2.5680e+00   0.0000e+00   0.0000e+00   2.8237e+02
20260904_13:00:00   1.5401e-01   4.3722e+01   2.7965e+00   0.0000e+00   0.0000e+00   2.8258e+02
20260904_14:00:00   1.7471e-01   4.8513e+01   3.1858e+00   0.0000e+00   0.0000e+00   2.8142e+02
20260904_15:00:00   1.8956e-01   5.1888e+01   3.4668e+00   0.0000e+00   0.0000e+00   2.8188e+02
20260904_16:00:00   2.0757e-01   5.5853e+01   3.8025e+00   0.0000e+00   0.0000e+00   2.8127e+02
20260904_17:00:00   2.1764e-01   5.8017e+01   3.9799e+00   0.0000e+00   0.0000e+00   2.7893e+02
20260904_18:00:00   2.1518e-01   5.7480e+01   3.9526e+00   0.0000e+00   0.0000e+00   2.7941e+02
20260904_19:00:00   2.1784e-01   5.8063e+01   4.0331e+00   0.0000e+00   0.0000e+00   2.8269e+02
20260904_20:00:00   2.1874e-01   5.8235e+01   4.0364e+00   0.0000e+00   0.0000e+00   2.8303e+02
20260904_21:00:00   2.0600e-01   5.5488e+01   3.8063e+00   0.0000e+00   0.0000e+00   2.8278e+02
20260904_22:00:00   2.1590e-01   5.7644e+01   4.0207e+00   0.0000e+00   0.0000e+00   2.8371e+02
20260904_23:00:00   2.3301e-01   6.1286e+01   4.4091e+00   0.0000e+00   0.0000e+00   2.8371e+02
20260905_00:00:00   2.3768e-01   6.2287e+01   4.5083e+00   0.0000e+00   0.0000e+00   2.8479e+02
20260905_01:00:00   2.3459e-01   6.1680e+01   4.4279e+00   0.0000e+00   0.0000e+00   2.8526e+02
20260905_02:00:00   2.3644e-01   6.2081e+01   4.4700e+00   0.0000e+00   0.0000e+00   2.8458e+02
20260905_03:00:00   2.3167e-01   6.1089e+01   4.3987e+00   0.0000e+00   0.0000e+00   2.8278e+02
20260905_04:00:00   2.2358e-01   5.9280e+01   4.2984e+00   0.0000e+00   0.0000e+00   2.8276e+02
20260905_05:00:00   2.0888e-01   5.6027e+01   4.0583e+00   0.0000e+00   0.0000e+00   2.7992e+02
20260905_06:00:00   2.0736e-01   5.5695e+01   4.0391e+00   0.0000e+00   0.0000e+00   2.7874e+02
20260905_07:00:00   1.9894e-01   5.3850e+01   3.8789e+00   0.0000e+00   0.0000e+00   2.7641e+02
20260905_08:00:00   1.9878e-01   5.3809e+01   3.8759e+00   0.0000e+00   0.0000e+00   2.7553e+02
20260905_09:00:00   2.1091e-01   5.6494e+01   4.1164e+00   0.0000e+00   0.0000e+00   2.7516e+02
20260905_10:00:00   2.4383e-01   6.3663e+01   4.7014e+00   0.0000e+00   0.0000e+00   2.7496e+02
20260905_11:00:00   2.7612e-01   7.0569e+01   5.2201e+00   0.0000e+00   0.0000e+00   2.7474e+02
20260905_12:00:00   2.9986e-01   7.5510e+01   5.6017e+00   0.0000e+00   0.0000e+00   2.7488e+02
20260905_13:00:00   3.1876e-01   7.9293e+01   5.8834e+00   0.0000e+00   0.0000e+00   2.7488e+02
20260905_14:00:00   3.2647e-01   8.0839e+01   6.0242e+00   0.0000e+00   0.0000e+00   2.7395e+02
20260905_15:00:00   3.2496e-01   8.0566e+01   5.9623e+00   0.0000e+00   0.0000e+00   2.7376e+02
20260905_16:00:00   3.1995e-01   7.9592e+01   5.8178e+00   0.0000e+00   0.0000e+00   2.7387e+02
20260905_17:00:00   2.7611e-01   7.0853e+01   5.1388e+00   0.0000e+00   0.0000e+00   2.7378e+02
20260905_18:00:00   2.4924e-01   6.5236e+01   4.7172e+00   0.0000e+00   0.0000e+00   2.7279e+02
20260905_19:00:00   2.3790e-01   6.2851e+01   4.5066e+00   0.0000e+00   0.0000e+00   2.7173e+02
20260905_20:00:00   2.2447e-01   5.9995e+01   4.2711e+00   0.0000e+00   0.0000e+00   2.7013e+02
20260905_21:00:00   2.1563e-01   5.8089e+01   4.1060e+00   0.0000e+00   0.0000e+00   2.6969e+02
20260905_22:00:00   2.0913e-01   5.6660e+01   3.9758e+00   0.0000e+00   0.0000e+00   2.6969e+02
20260905_23:00:00   1.9801e-01   5.4201e+01   3.7581e+00   0.0000e+00   0.0000e+00   2.6872e+02
20260906_00:00:00   1.8708e-01   5.1739e+01   3.5383e+00   0.0000e+00   0.0000e+00   2.6781e+02
20260906_01:00:00   1.7927e-01   4.9976e+01   3.3793e+00   0.0000e+00   0.0000e+00   2.6819e+02
20260906_02:00:00   1.6805e-01   4.7420e+01   3.1506e+00   0.0000e+00   0.0000e+00   2.6837e+02
20260906_03:00:00   1.5715e-01   4.4884e+01   2.9211e+00   0.0000e+00   0.0000e+00   2.6903e+02
20260906_04:00:00   1.4649e-01   4.2383e+01   2.7075e+00   0.0000e+00   0.0000e+00   2.6896e+02
20260906_05:00:00   1.4028e-01   4.0880e+01   2.6030e+00   0.0000e+00   0.0000e+00   2.6728e+02
20260906_06:00:00   1.3555e-01   3.9696e+01   2.5359e+00   0.0000e+00   0.0000e+00   2.6735e+02
20260906_07:00:00   1.2753e-01   3.7712e+01   2.4089e+00   0.0000e+00   0.0000e+00   2.6861e+02
20260906_08:00:00   1.2232e-01   3.6388e+01   2.3392e+00   0.0000e+00   0.0000e+00   2.6960e+02
20260906_09:00:00   1.2066e-01   3.5915e+01   2.3420e+00   0.0000e+00   0.0000e+00   2.6973e+02
20260906_10:00:00   1.2577e-01   3.7091e+01   2.4709e+00   0.0000e+00   0.0000e+00   2.7113e+02
20260906_11:00:00   1.3945e-01   4.0452e+01   2.7253e+00   0.0000e+00   0.0000e+00   2.6848e+02
20260906_12:00:00   1.4936e-01   4.2941e+01   2.8806e+00   0.0000e+00   0.0000e+00   2.6747e+02
20260906_13:00:00   1.4952e-01   4.3047e+01   2.8814e+00   0.0000e+00   0.0000e+00   2.6560e+02
20260906_14:00:00   1.4973e-01   4.3130e+01   2.8888e+00   0.0000e+00   0.0000e+00   2.6521e+02
20260906_15:00:00   1.4398e-01   4.1777e+01   2.7649e+00   0.0000e+00   0.0000e+00   2.6401e+02
20260906_16:00:00   1.3396e-01   3.9357e+01   2.5435e+00   0.0000e+00   0.0000e+00   2.6318e+02
20260906_17:00:00   1.2139e-01   3.6263e+01   2.2824e+00   0.0000e+00   0.0000e+00   2.6389e+02
20260906_18:00:00   9.5158e-02   2.9675e+01   1.7691e+00   0.0000e+00   0.0000e+00   2.6511e+02
20260906_19:00:00   8.0795e-02   2.5974e+01   1.4696e+00   0.0000e+00   0.0000e+00   2.6508e+02
20260906_20:00:00   6.6789e-02   2.2286e+01   1.1782e+00   0.0000e+00   0.0000e+00   2.6457e+02
20260906_21:00:00   6.0196e-02   2.0510e+01   1.0391e+00   0.0000e+00   0.0000e+00   2.6350e+02
20260906_22:00:00   5.7228e-02   1.9699e+01   9.7833e-01   0.0000e+00   0.0000e+00   2.6338e+02
20260906_23:00:00   6.3271e-02   2.1321e+01   1.1132e+00   0.0000e+00   0.0000e+00   2.6259e+02
20260907_00:00:00   7.8882e-02   2.5435e+01   1.4548e+00   0.0000e+00   0.0000e+00   2.6194e+02
20260907_03:00:00   1.1038e-01   3.3498e+01   2.1148e+00   0.0000e+00   0.0000e+00   2.6095e+02
20260907_06:00:00   1.4816e-01   4.2702e+01   2.9104e+00   0.0000e+00   0.0000e+00   2.5937e+02
20260907_09:00:00   2.3369e-01   6.2322e+01   4.6296e+00   0.0000e+00   0.0000e+00   2.6171e+02
20260907_12:00:00   2.4322e-01   6.4458e+01   4.8193e+00   0.0000e+00   0.0000e+00   2.6505e+02
20260907_15:00:00   3.6142e-01   8.8414e+01   7.0737e+00   0.0000e+00   0.0000e+00   2.6847e+02
20260907_18:00:00   3.8788e-01   9.3778e+01   7.5279e+00   0.0000e+00   0.0000e+00   2.6663e+02
20260907_21:00:00   3.3559e-01   8.3963e+01   6.6181e+00   0.0000e+00   0.0000e+00   2.6610e+02
20260908_00:00:00   3.6815e-01   8.9663e+01   7.3694e+00   0.0000e+00   0.0000e+00   2.6467e+02
20260908_03:00:00   4.3255e-01   1.0132e+02   8.5733e+00   0.0000e+00   0.0000e+00   2.6540e+02
20260908_06:00:00   4.1565e-01   9.7891e+01   8.2549e+00   0.0000e+00   0.0000e+00   2.6651e+02
20260908_09:00:00   3.5068e-01   8.6245e+01   6.9644e+00   0.0000e+00   0.0000e+00   2.7190e+02
20260908_12:00:00   3.7203e-01   9.0249e+01   7.4401e+00   0.0000e+00   0.0000e+00   2.7362e+02
20260908_15:00:00   3.2250e-01   8.1047e+01   6.4412e+00   0.0000e+00   0.0000e+00   2.7032e+02
20260908_18:00:00   2.5257e-01   6.6819e+01   5.1076e+00   0.0000e+00   0.0000e+00   2.6805e+02
20260908_21:00:00   3.3817e-01   8.4433e+01   6.7746e+00   0.0000e+00   0.0000e+00   2.6567e+02
20260909_00:00:00   3.7082e-01   9.0704e+01   7.3266e+00   0.0000e+00   0.0000e+00   2.6652e+02
20260909_03:00:00   4.1242e-01   9.8308e+01   8.0476e+00   0.0000e+00   0.0000e+00   2.6479e+02
20260909_06:00:00   4.4070e-01   1.0326e+02   8.5208e+00   0.0000e+00   0.0000e+00   2.6259e+02
20260909_09:00:00   4.6271e-01   1.0774e+02   8.8064e+00   0.0000e+00   0.0000e+00   2.6236e+02
20260909_12:00:00   5.9103e-01   1.2852e+02   1.1392e+01   0.0000e+00   0.0000e+00   2.6492e+02
20260909_15:00:00   6.8506e-01   1.4209e+02   1.2991e+01   4.6900e-03   7.9220e-04   2.6301e+02
20260909_18:00:00   6.8623e-01   1.4229e+02   1.3142e+01   0.0000e+00   1.4106e-04   2.6242e+02
20260909_21:00:00   6.9958e-01   1.4398e+02   1.3327e+01   3.0060e-04   7.0941e-04   2.6595e+02
20260910_00:00:00   6.8991e-01   1.4217e+02   1.2856e+01   7.1720e-03   1.6982e-03   2.6652e+02
20260910_03:00:00   5.2460e-01   1.1719e+02   1.0248e+01   0.0000e+00   0.0000e+00   2.6384e+02
20260910_06:00:00   5.2678e-01   1.1781e+02   1.0220e+01   0.0000e+00   0.0000e+00   2.6582e+02
20260910_09:00:00   5.3943e-01   1.1995e+02   1.0485e+01   0.0000e+00   0.0000e+00   2.6590e+02
20260910_12:00:00   5.9519e-01   1.2877e+02   1.1606e+01   0.0000e+00   0.0000e+00   2.6632e+02
20260910_15:00:00   7.1555e-01   1.4502e+02   1.3358e+01   1.7702e-02   1.0807e-01   2.6688e+02
20260910_18:00:00   6.6776e-01   1.3844e+02   1.3084e+01   3.8460e-04   9.1042e-02   2.6710e+02
20260910_21:00:00   7.1085e-01   1.4484e+02   1.3648e+01   0.0000e+00   3.8921e-03   2.6900e+02
20260911_00:00:00   6.7625e-01   1.3969e+02   1.3033e+01   2.9640e-04   1.4892e-03   2.6805e+02
20260911_03:00:00   6.3006e-01   1.3315e+02   1.2180e+01   3.6280e-06   4.1120e-06   2.6633e+02
20260911_06:00:00   6.2815e-01   1.3289e+02   1.2124e+01   2.0040e-05   5.0120e-04   2.6496e+02
20260911_09:00:00   6.0835e-01   1.3012e+02   1.1762e+01   0.0000e+00   0.0000e+00   2.6426e+02
20260911_12:00:00   6.3819e-01   1.3435e+02   1.2521e+01   6.0300e-04   1.9676e-02   2.6361e+02
20260911_15:00:00   7.0456e-01   1.4330e+02   1.3820e+01   4.6862e-04   1.1726e-01   2.6515e+02
20260911_18:00:00   7.6309e-01   1.5097e+02   1.4330e+01   9.1660e-03   1.7120e-01   2.6579e+02
20260911_21:00:00   7.5519e-01   1.4992e+02   1.4468e+01   3.1440e-04   2.4554e-02   2.6727e+02
20260912_00:00:00   7.2797e-01   1.4638e+02   1.3897e+01   0.0000e+00   5.1128e-04   2.6728e+02
20260912_03:00:00   6.6964e-01   1.3869e+02   1.2787e+01   0.0000e+00   5.0420e-06   2.6917e+02
20260912_06:00:00   6.1755e-01   1.3133e+02   1.1860e+01   0.0000e+00   0.0000e+00   2.6840e+02
20260912_09:00:00   5.9221e-01   1.2771e+02   1.1467e+01   0.0000e+00   0.0000e+00   2.7062e+02
20260912_12:00:00   6.9959e-01   1.4253e+02   1.3231e+01   1.0320e-02   8.6877e-02   2.6873e+02
20260912_15:00:00   8.0211e-01   1.5572e+02   1.5556e+01   4.3540e-06   1.4672e-01   2.6886e+02
20260912_18:00:00   7.6271e-01   1.5096e+02   1.4838e+01   4.0414e-05   9.8041e-03   2.6977e+02
20260912_21:00:00   6.7235e-01   1.3903e+02   1.3140e+01   0.0000e+00   4.0241e-05   2.7070e+02
20260913_00:00:00   5.6204e-01   1.2188e+02   1.1258e+01   0.0000e+00   7.9606e-05   2.7252e+02
20260913_03:00:00   5.7803e-01   1.2436e+02   1.1513e+01   0.0000e+00   4.8080e-06   2.7118e+02
20260913_06:00:00   5.6745e-01   1.2291e+02   1.1192e+01   0.0000e+00   9.7860e-05   2.6935e+02
20260913_09:00:00   5.3945e-01   1.1881e+02   1.0683e+01   0.0000e+00   2.4200e-07   2.6933e+02
20260913_12:00:00   5.2566e-01   1.1674e+02   1.0586e+01   2.4200e-06   6.7200e-04   2.6817e+02
20260913_15:00:00   6.4362e-01   1.3394e+02   1.2142e+01   1.7482e-02   1.8998e-01   2.7026e+02
20260913_18:00:00   5.9915e-01   1.2804e+02   1.1974e+01   0.0000e+00   2.6588e-02   2.7247e+02
20260913_21:00:00   5.7112e-01   1.2334e+02   1.1520e+01   0.0000e+00   1.7519e-02   2.7322e+02
20260914_00:00:00   5.9606e-01   1.2768e+02   1.1756e+01   0.0000e+00   3.0146e-03   2.7219e+02
20260914_03:00:00   6.7206e-01   1.3861e+02   1.2921e+01   2.2860e-05   3.7023e-02   2.6984e+02
20260914_06:00:00   6.9355e-01   1.4149e+02   1.3145e+01   2.5420e-04   3.0586e-03   2.6904e+02
20260914_09:00:00   6.9883e-01   1.4209e+02   1.3323e+01   0.0000e+00   2.1698e-02   2.7035e+02
20260914_12:00:00   6.8724e-01   1.4077e+02   1.3012e+01   9.0215e-03   1.1214e-02   2.7171e+02
20260914_15:00:00   1.0303e+00   1.7930e+02   1.4995e+01   1.1280e-01   1.9339e-01   2.7224e+02
20260914_18:00:00   8.4394e-01   1.6039e+02   1.6128e+01   2.5380e-04   1.3919e-02   2.7317e+02
20260914_21:00:00   8.9184e-01   1.6556e+02   1.6953e+01   1.0220e-04   1.4170e-01   2.7269e+02
20260915_00:00:00   9.3563e-01   1.7025e+02   1.7313e+01   5.4042e-03   1.4064e-01   2.7383e+02
20260915_03:00:00   1.0290e+00   1.7922e+02   1.7949e+01   2.3291e-02   5.4816e-01   2.7478e+02
20260915_06:00:00   1.5763e+00   2.1896e+02   1.7650e+01   2.7071e-01   2.6599e-01   2.7663e+02
20260915_09:00:00   1.0363e+00   1.7976e+02   1.8648e+01   2.7476e-03   4.6842e-01   2.7951e+02
20260915_12:00:00   8.6014e-01   1.6180e+02   1.5856e+01   1.2670e-02   2.4828e-03   2.7952e+02
20260915_15:00:00   8.4340e-01   1.5929e+02   1.5413e+01   2.3320e-02   1.7459e-01   2.7936e+02
20260915_18:00:00   7.0915e-01   1.4224e+02   1.4054e+01   1.2318e-03   4.4081e-02   2.7829e+02
20260915_21:00:00   5.6157e-01   1.2035e+02   1.1555e+01   0.0000e+00   3.9693e-02   2.7973e+02
20260916_00:00:00   5.2907e-01   1.1531e+02   1.1022e+01   0.0000e+00   3.1072e-02   2.8038e+02
20260916_03:00:00   6.2656e-01   1.3040e+02   1.2750e+01   0.0000e+00   3.4795e-02   2.8109e+02
20260916_06:00:00   8.6553e-01   1.6178e+02   1.6489e+01   1.2004e-03   1.7468e-01   2.8328e+02
20260916_09:00:00   7.2390e-01   1.4396e+02   1.4214e+01   0.0000e+00   1.3894e-02   2.8583e+02
20260916_12:00:00   6.9459e-01   1.3990e+02   1.3617e+01   6.9240e-03   7.5972e-02   2.8707e+02
20260916_15:00:00   6.7158e-01   1.3675e+02   1.3442e+01   2.2800e-03   1.7332e-01   2.8482e+02
20260916_18:00:00   6.9286e-01   1.3979e+02   1.3882e+01   0.0000e+00   1.4395e-01   2.8590e+02
20260916_21:00:00   6.3006e-01   1.3101e+02   1.2763e+01   0.0000e+00   7.2356e-02   2.8492e+02
20260917_00:00:00   6.7188e-01   1.3647e+02   1.3487e+01   0.0000e+00   3.4076e-02   2.8507e+02
20260917_03:00:00   7.4999e-01   1.4685e+02   1.4737e+01   0.0000e+00   2.6696e-01   2.8589e+02
20260917_06:00:00   7.9480e-01   1.5248e+02   1.5399e+01   5.8080e-05   1.1038e-01   2.8670e+02
20260917_09:00:00   8.2968e-01   1.5654e+02   1.5837e+01   0.0000e+00   3.2468e-01   2.8679e+02
20260917_12:00:00   8.4506e-01   1.5924e+02   1.5885e+01   1.7830e-03   1.3211e-01   2.8676e+02
20260917_15:00:00   8.7229e-01   1.6332e+02   1.5533e+01   1.8254e-02   1.2421e-01   2.8726e+02
20260917_18:00:00   9.9657e-01   1.7627e+02   1.5605e+01   6.6879e-02   1.2500e-01   2.8707e+02
20260917_21:00:00   9.1856e-01   1.6845e+02   1.6335e+01   9.5181e-03   4.7862e-03   2.8421e+02
20260918_00:00:00   9.4498e-01   1.7115e+02   1.6215e+01   2.7697e-02   2.3866e-03   2.8301e+02
