#            date       tau255        Tb[K]      pwv[mm] lwp[kg*m^-2] iwp[kg*m^-2]       o3[DU]
20260923_18:00:00   4.4858e-01   1.0468e+02   8.8333e+00   0.0000e+00   2.3414e-05   2.7638e+02
20260923_19:00:00   4.9775e-01   1.1272e+02   9.8183e+00   0.0000e+00   7.3846e-05   2.7604e+02
20260923_20:00:00   5.0445e-01   1.1379e+02   9.9464e+00   0.0000e+00   1.4328e-03   2.7550e+02
20260923_21:00:00   5.1709e-01   1.1573e+02   1.0070e+01   0.0000e+00   1.3408e-03   2.7451e+02
20260923_22:00:00   5.3154e-01   1.1806e+02   1.0295e+01   6.6800e-06   1.7654e-04   2.7494e+02
20260923_23:00:00   6.1591e-01   1.3039e+02   1.1764e+01   1.4031e-03   2.2568e-03   2.7506e+02
20260924_00:00:00   7.0345e-01   1.4307e+02   1.3118e+01   1.1876e-03   1.0340e-02   2.7389e+02
20260924_01:00:00   7.7672e-01   1.5342e+02   1.4175e+01   1.9221e-03   4.8411e-03   2.7355e+02
20260924_02:00:00   7.8623e-01   1.5465e+02   1.4215e+01   5.6231e-03   8.4455e-04   2.7340e+02
20260924_03:00:00   1.0007e+00   1.7814e+02   1.5765e+01   5.5321e-02   1.0876e-01   2.7194e+02
20260924_04:00:00   8.6026e-01   1.6364e+02   1.5602e+01   2.7380e-04   2.4360e-03   2.7031e+02
20260924_05:00:00   8.4316e-01   1.6176e+02   1.5365e+01   8.6172e-04   6.7457e-04   2.6905e+02
20260924_06:00:00   8.8171e-01   1.6625e+02   1.5958e+01   5.0602e-05   1.4081e-04   2.6928e+02
20260924_07:00:00   9.1961e-01   1.7036e+02   1.6559e+01   9.2478e-04   5.7152e-04   2.7049e+02
20260924_08:00:00   9.0283e-01   1.6866e+02   1.6319e+01   1.1696e-03   2.4322e-04   2.6983e+02
20260924_09:00:00   1.0892e+00   1.8706e+02   1.7049e+01   6.1804e-02   5.3934e-03   2.7102e+02
20260924_10:00:00   1.6325e+00   2.2514e+02   1.8178e+01   2.6379e-01   2.6223e-02   2.6960e+02
20260924_11:00:00   1.4973e+00   2.1786e+02   1.8899e+01   1.8842e-01   3.2291e-02   2.7021e+02
20260924_12:00:00   1.2124e+00   1.9797e+02   1.7842e+01   9.8424e-02   1.2625e-02   2.7197e+02
20260924_13:00:00   1.3424e+00   2.0731e+02   1.7745e+01   1.6238e-01   6.1609e-02   2.7220e+02
20260924_14:00:00   1.4510e+00   2.1472e+02   1.8509e+01   1.8869e-01   1.0761e-01   2.7366e+02
20260924_15:00:00   1.2568e+00   2.0137e+02   1.8855e+01   1.0022e-01   4.1847e-02   2.7344e+02
20260924_16:00:00   1.1261e+00   1.9069e+02   1.9131e+01   3.8838e-02   3.9608e-02   2.7357e+02
20260924_17:00:00   1.2501e+00   2.0084e+02   1.9346e+01   8.6243e-02   2.8993e-02   2.7331e+02
20260924_18:00:00   1.0532e+00   1.8420e+02   1.8827e+01   1.5281e-02   3.2189e-03   2.7337e+02
20260924_19:00:00   9.6543e-01   1.7564e+02   1.8141e+01   3.0120e-05   3.3745e-03   2.7358e+02
20260924_20:00:00   1.0183e+00   1.8076e+02   1.8635e+01   5.9082e-03   1.7481e-02   2.7444e+02
20260924_21:00:00   1.0740e+00   1.8585e+02   1.8944e+01   2.0119e-02   1.6612e-02   2.7494e+02
20260924_22:00:00   1.1786e+00   1.9472e+02   1.9841e+01   3.9360e-02   1.3229e-01   2.7542e+02
20260924_23:00:00   1.4375e+00   2.1371e+02   1.9879e+01   1.4389e-01   2.6749e-02   2.7498e+02
20260925_00:00:00   1.1938e+00   1.9573e+02   2.0195e+01   3.8291e-02   1.3977e-01   2.7596e+02
20260925_01:00:00   1.0229e+00   1.7996e+02   1.9090e+01   1.4992e-03   3.2214e-01   2.7528e+02
20260925_02:00:00   9.1932e-01   1.6947e+02   1.7414e+01   0.0000e+00   1.7075e-02   2.7376e+02
20260925_03:00:00   8.5657e-01   1.6260e+02   1.6221e+01   1.6056e-03   2.0772e-03   2.7125e+02
20260925_04:00:00   8.6082e-01   1.6303e+02   1.6367e+01   1.6146e-03   4.2762e-03   2.6977e+02
20260925_05:00:00   8.4445e-01   1.6112e+02   1.6246e+01   0.0000e+00   2.6056e-03   2.6872e+02
20260925_06:00:00   8.3100e-01   1.5949e+02   1.6128e+01   0.0000e+00   3.3385e-03   2.6964e+02
20260925_07:00:00   8.2610e-01   1.5894e+02   1.6042e+01   0.0000e+00   1.3546e-03   2.6959e+02
20260925_08:00:00   8.3229e-01   1.5985e+02   1.5993e+01   0.0000e+00   4.1480e-03   2.7075e+02
20260925_09:00:00   8.5018e-01   1.6201e+02   1.6178e+01   1.6032e-04   2.5470e-03   2.7152e+02
20260925_10:00:00   9.3769e-01   1.7163e+02   1.5678e+01   4.8023e-02   7.3864e-03   2.7118e+02
20260925_11:00:00   7.9551e-01   1.5599e+02   1.4797e+01   7.2600e-03   2.8187e-03   2.7039e+02
20260925_12:00:00   8.4896e-01   1.6224e+02   1.4867e+01   3.0800e-02   4.9462e-03   2.7076e+02
20260925_13:00:00   8.7986e-01   1.6593e+02   1.5250e+01   3.3985e-02   1.7867e-02   2.7069e+02
20260925_14:00:00   8.1362e-01   1.5843e+02   1.5473e+01   2.4040e-05   3.5206e-02   2.6810e+02
20260925_15:00:00   8.1590e-01   1.5869e+02   1.5538e+01   0.0000e+00   1.0071e-02   2.6800e+02
20260925_16:00:00   7.9187e-01   1.5570e+02   1.5198e+01   0.0000e+00   5.1571e-03   2.7120e+02
20260925_17:00:00   7.8830e-01   1.5527e+02   1.5171e+01   0.0000e+00   8.7363e-03   2.7379e+02
20260925_18:00:00   7.9502e-01   1.5606e+02   1.5195e+01   0.0000e+00   6.5074e-03   2.7441e+02
20260925_19:00:00   7.4646e-01   1.5014e+02   1.4290e+01   0.0000e+00   0.0000e+00   2.7325e+02
20260925_20:00:00   7.0055e-01   1.4426e+02   1.3349e+01   0.0000e+00   7.0000e-05   2.7502e+02
20260925_21:00:00   6.5730e-01   1.3851e+02   1.2520e+01   0.0000e+00   0.0000e+00   2.7736e+02
20260925_22:00:00   6.5459e-01   1.3808e+02   1.2438e+01   0.0000e+00   0.0000e+00   2.7845e+02
20260925_23:00:00   6.3366e-01   1.3512e+02   1.2015e+01   0.0000e+00   0.0000e+00   2.7955e+02
20260926_00:00:00   6.3979e-01   1.3589e+02   1.2052e+01   0.0000e+00   2.4200e-07   2.7950e+02
20260926_01:00:00   6.6301e-01   1.3904e+02   1.2455e+01   0.0000e+00   0.0000e+00   2.7902e+02
20260926_02:00:00   6.6467e-01   1.3916e+02   1.2482e+01   0.0000e+00   2.4200e-07   2.8000e+02
20260926_03:00:00   6.4683e-01   1.3652e+02   1.2157e+01   0.0000e+00   0.0000e+00   2.8229e+02
20260926_04:00:00   6.0581e-01   1.3046e+02   1.1438e+01   0.0000e+00   0.0000e+00   2.8314e+02
20260926_05:00:00   5.4558e-01   1.2103e+02   1.0402e+01   0.0000e+00   0.0000e+00   2.8223e+02
20260926_06:00:00   4.8238e-01   1.1050e+02   9.2959e+00   0.0000e+00   0.0000e+00   2.8267e+02
20260926_07:00:00   4.3733e-01   1.0265e+02   8.4836e+00   0.0000e+00   0.0000e+00   2.8237e+02
20260926_08:00:00   4.2037e-01   9.9483e+01   8.1947e+00   0.0000e+00   0.0000e+00   2.8195e+02
20260926_09:00:00   4.2928e-01   1.0120e+02   8.3521e+00   0.0000e+00   0.0000e+00   2.8261e+02
20260926_10:00:00   4.1710e-01   9.9057e+01   8.1720e+00   0.0000e+00   0.0000e+00   2.8230e+02
20260926_11:00:00   3.7000e-01   9.0280e+01   7.3740e+00   0.0000e+00   0.0000e+00   2.8147e+02
20260926_12:00:00   3.5071e-01   8.6637e+01   7.0223e+00   0.0000e+00   0.0000e+00   2.7972e+02
20260926_13:00:00   3.3095e-01   8.2679e+01   6.6770e+00   0.0000e+00   0.0000e+00   2.7868e+02
20260926_14:00:00   2.9985e-01   7.6318e+01   6.0984e+00   0.0000e+00   0.0000e+00   2.8058e+02
20260926_15:00:00   2.5408e-01   6.6737e+01   5.2031e+00   0.0000e+00   0.0000e+00   2.8142e+02
20260926_16:00:00   1.8666e-01   5.1819e+01   3.8358e+00   0.0000e+00   0.0000e+00   2.8180e+02
20260926_17:00:00   1.2728e-01   3.7747e+01   2.5788e+00   0.0000e+00   0.0000e+00   2.8164e+02
20260926_18:00:00   1.0369e-01   3.1883e+01   2.0559e+00   0.0000e+00   0.0000e+00   2.8110e+02
20260926_19:00:00   9.1576e-02   2.8817e+01   1.7854e+00   0.0000e+00   0.0000e+00   2.8155e+02
20260926_20:00:00   7.2617e-02   2.3891e+01   1.3515e+00   0.0000e+00   0.0000e+00   2.8145e+02
20260926_21:00:00   6.9151e-02   2.2977e+01   1.2733e+00   0.0000e+00   0.0000e+00   2.8197e+02
20260926_22:00:00   7.0118e-02   2.3218e+01   1.2972e+00   0.0000e+00   0.0000e+00   2.8264e+02
20260926_23:00:00   7.2536e-02   2.3840e+01   1.3563e+00   0.0000e+00   0.0000e+00   2.8463e+02
20260927_00:00:00   7.3413e-02   2.4086e+01   1.3694e+00   0.0000e+00   0.0000e+00   2.8717e+02
20260927_01:00:00   7.8296e-02   2.5356e+01   1.4806e+00   0.0000e+00   0.0000e+00   2.8804e+02
20260927_02:00:00   8.4765e-02   2.7030e+01   1.6268e+00   0.0000e+00   0.0000e+00   2.8748e+02
20260927_03:00:00   8.9908e-02   2.8359e+01   1.7366e+00   0.0000e+00   0.0000e+00   2.8586e+02
20260927_04:00:00   9.2373e-02   2.9001e+01   1.7885e+00   0.0000e+00   0.0000e+00   2.8512e+02
20260927_05:00:00   9.6583e-02   3.0085e+01   1.8811e+00   0.0000e+00   0.0000e+00   2.8463e+02
20260927_06:00:00   9.6771e-02   3.0121e+01   1.8854e+00   0.0000e+00   0.0000e+00   2.8433e+02
20260927_07:00:00   9.5820e-02   2.9887e+01   1.8642e+00   0.0000e+00   0.0000e+00   2.8358e+02
20260927_08:00:00   9.7241e-02   3.0242e+01   1.8994e+00   0.0000e+00   0.0000e+00   2.8295e+02
20260927_09:00:00   1.0054e-01   3.1050e+01   1.9820e+00   0.0000e+00   0.0000e+00   2.8185e+02
20260927_10:00:00   1.0257e-01   3.1531e+01   2.0443e+00   0.0000e+00   0.0000e+00   2.8192e+02
20260927_11:00:00   1.0566e-01   3.2307e+01   2.1170e+00   0.0000e+00   0.0000e+00   2.8331e+02
20260927_12:00:00   1.1283e-01   3.4146e+01   2.2693e+00   0.0000e+00   0.0000e+00   2.8315e+02
20260927_13:00:00   1.2624e-01   3.7504e+01   2.5528e+00   0.0000e+00   0.0000e+00   2.8417e+02
20260927_14:00:00   1.2985e-01   3.8344e+01   2.6521e+00   0.0000e+00   0.0000e+00   2.8388e+02
20260927_15:00:00   1.3207e-01   3.8814e+01   2.7212e+00   0.0000e+00   0.0000e+00   2.8533e+02
20260927_16:00:00   1.2579e-01   3.7215e+01   2.6039e+00   0.0000e+00   0.0000e+00   2.8737e+02
20260927_17:00:00   1.2645e-01   3.7327e+01   2.6334e+00   0.0000e+00   0.0000e+00   2.8791e+02
20260927_18:00:00   1.2691e-01   3.7444e+01   2.6402e+00   0.0000e+00   0.0000e+00   2.8638e+02
20260927_19:00:00   1.2802e-01   3.7710e+01   2.6646e+00   0.0000e+00   0.0000e+00   2.8432e+02
20260927_20:00:00   1.2428e-01   3.6799e+01   2.5722e+00   0.0000e+00   0.0000e+00   2.8314e+02
20260927_21:00:00   1.1960e-01   3.5642e+01   2.4611e+00   0.0000e+00   0.0000e+00   2.8350e+02
20260927_22:00:00   1.1311e-01   3.4064e+01   2.3018e+00   0.0000e+00   0.0000e+00   2.8118e+02
20260927_23:00:00   1.0637e-01   3.2408e+01   2.1385e+00   0.0000e+00   0.0000e+00   2.8020e+02
20260928_00:00:00   1.0136e-01   3.1165e+01   2.0172e+00   0.0000e+00   0.0000e+00   2.7903e+02
20260928_01:00:00   9.5781e-02   2.9791e+01   1.8762e+00   0.0000e+00   0.0000e+00   2.7923e+02
20260928_02:00:00   8.9879e-02   2.8326e+01   1.7291e+00   0.0000e+00   0.0000e+00   2.7933e+02
20260928_03:00:00   8.3824e-02   2.6777e+01   1.5890e+00   0.0000e+00   0.0000e+00   2.7863e+02
20260928_04:00:00   7.9125e-02   2.5573e+01   1.4790e+00   0.0000e+00   0.0000e+00   2.7867e+02
20260928_05:00:00   7.6259e-02   2.4835e+01   1.4097e+00   0.0000e+00   0.0000e+00   2.8048e+02
20260928_06:00:00   7.3588e-02   2.4130e+01   1.3489e+00   0.0000e+00   0.0000e+00   2.8136e+02
20260928_07:00:00   7.1178e-02   2.3488e+01   1.2965e+00   0.0000e+00   0.0000e+00   2.8102e+02
20260928_08:00:00   7.2846e-02   2.3934e+01   1.3327e+00   0.0000e+00   0.0000e+00   2.8277e+02
20260928_09:00:00   7.9525e-02   2.5729e+01   1.4736e+00   0.0000e+00   0.0000e+00   2.8369e+02
20260928_10:00:00   8.3947e-02   2.6895e+01   1.5727e+00   0.0000e+00   0.0000e+00   2.8375e+02
20260928_11:00:00   8.5471e-02   2.7289e+01   1.6055e+00   0.0000e+00   0.0000e+00   2.8431e+02
20260928_12:00:00   8.4267e-02   2.6980e+01   1.5771e+00   0.0000e+00   0.0000e+00   2.8439e+02
20260928_13:00:00   7.9733e-02   2.5775e+01   1.4862e+00   0.0000e+00   0.0000e+00   2.8341e+02
20260928_14:00:00   1.1912e-01   3.5475e+01   2.4386e+00   0.0000e+00   0.0000e+00   2.8098e+02
20260928_15:00:00   1.6837e-01   4.7085e+01   3.5264e+00   0.0000e+00   0.0000e+00   2.8044e+02
20260928_16:00:00   1.7352e-01   4.8220e+01   3.6413e+00   0.0000e+00   0.0000e+00   2.7978e+02
20260928_17:00:00   1.2077e-01   3.5770e+01   2.4940e+00   0.0000e+00   0.0000e+00   2.7969e+02
20260928_18:00:00   9.9984e-02   3.0565e+01   2.0382e+00   0.0000e+00   0.0000e+00   2.8061e+02
20260928_21:00:00   1.0929e-01   3.2744e+01   2.2840e+00   0.0000e+00   0.0000e+00   2.7894e+02
20260929_00:00:00   1.2459e-01   3.6832e+01   2.5721e+00   0.0000e+00   0.0000e+00   2.8143e+02
20260929_03:00:00   2.2105e-01   5.9475e+01   4.5827e+00   0.0000e+00   0.0000e+00   2.8142e+02
20260929_06:00:00   2.5142e-01   6.5974e+01   5.2520e+00   0.0000e+00   3.4738e-04   2.7847e+02
20260929_09:00:00   2.9152e-01   7.4600e+01   6.1173e+00   0.0000e+00   2.6799e-03   2.7983e+02
20260929_12:00:00   3.4235e-01   8.4654e+01   7.1854e+00   0.0000e+00   1.0140e-04   2.7909e+02
20260929_15:00:00   3.3208e-01   8.2434e+01   7.0565e+00   0.0000e+00   1.2718e-04   2.7577e+02
20260929_18:00:00   2.1955e-01   5.8962e+01   4.6845e+00   0.0000e+00   0.0000e+00   2.7454e+02
20260929_21:00:00   1.9831e-01   5.4212e+01   4.2155e+00   0.0000e+00   0.0000e+00   2.7516e+02
20260930_00:00:00   1.5750e-01   4.4798e+01   3.3461e+00   0.0000e+00   0.0000e+00   2.7911e+02
20260930_03:00:00   2.2991e-01   6.1406e+01   4.8910e+00   0.0000e+00   0.0000e+00   2.7491e+02
20260930_06:00:00   3.1955e-01   8.0289e+01   6.6881e+00   0.0000e+00   0.0000e+00   2.7050e+02
20260930_09:00:00   3.6037e-01   8.8187e+01   7.4821e+00   0.0000e+00   0.0000e+00   2.6668e+02
20260930_12:00:00   3.8258e-01   9.2335e+01   7.9436e+00   0.0000e+00   0.0000e+00   2.7034e+02
20260930_15:00:00   3.7751e-01   9.1477e+01   7.8396e+00   0.0000e+00   0.0000e+00   2.6771e+02
20260930_18:00:00   3.8347e-01   9.2824e+01   7.9427e+00   0.0000e+00   0.0000e+00   2.6852e+02
20260930_21:00:00   3.6030e-01   8.8742e+01   7.4845e+00   0.0000e+00   0.0000e+00   2.6884e+02
20261001_00:00:00   3.7536e-01   9.1189e+01   7.8683e+00   0.0000e+00   0.0000e+00   2.6591e+02
20261001_03:00:00   3.7036e-01   9.0022e+01   7.6971e+00   0.0000e+00   0.0000e+00   2.6551e+02
20261001_06:00:00   3.7813e-01   9.1246e+01   7.7701e+00   0.0000e+00   0.0000e+00   2.6582e+02
20261001_09:00:00   4.0313e-01   9.6190e+01   8.2268e+00   0.0000e+00   0.0000e+00   2.6979e+02
20261001_12:00:00   3.6956e-01   9.0117e+01   7.6183e+00   0.0000e+00   0.0000e+00   2.6890e+02
20261001_15:00:00   4.0531e-01   9.7148e+01   8.2573e+00   0.0000e+00   0.0000e+00   2.6751e+02
20261001_18:00:00   3.5047e-01   8.6568e+01   7.1233e+00   0.0000e+00   0.0000e+00   2.6686e+02
20261001_21:00:00   3.3444e-01   8.3553e+01   6.7538e+00   0.0000e+00   0.0000e+00   2.6738e+02
20261002_00:00:00   2.7538e-01   7.1459e+01   5.5657e+00   0.0000e+00   0.0000e+00   2.6782e+02
20261002_03:00:00   2.4048e-01   6.3839e+01   4.8693e+00   0.0000e+00   0.0000e+00   2.7306e+02
20261002_06:00:00   3.0248e-01   7.6823e+01   6.0790e+00   0.0000e+00   0.0000e+00   2.7610e+02
20261002_09:00:00   3.3177e-01   8.2144e+01   6.7657e+00   0.0000e+00   1.3662e-05   2.7042e+02
20261002_12:00:00   3.2499e-01   8.0222e+01   6.9789e+00   0.0000e+00   0.0000e+00   2.7022e+02
20261002_15:00:00   3.0579e-01   7.6540e+01   6.6670e+00   0.0000e+00   0.0000e+00   2.7213e+02
20261002_18:00:00   2.1378e-01   5.6964e+01   4.8275e+00   0.0000e+00   0.0000e+00   2.7274e+02
20261002_21:00:00   2.1006e-01   5.6109e+01   4.7684e+00   0.0000e+00   2.1580e-05   2.7240e+02
20261003_00:00:00   2.2663e-01   5.9753e+01   5.1361e+00   0.0000e+00   2.0560e-06   2.7219e+02
20261003_03:00:00   2.5371e-01   6.5525e+01   5.7377e+00   0.0000e+00   0.0000e+00   2.7301e+02
20261003_06:00:00   2.8847e-01   7.3140e+01   6.4234e+00   0.0000e+00   0.0000e+00   2.7249e+02
20261003_09:00:00   3.0221e-01   7.6188e+01   6.6657e+00   0.0000e+00   1.9938e-04   2.7473e+02
20261003_12:00:00   3.0892e-01   7.7656e+01   6.7963e+00   0.0000e+00   6.0480e-07   2.7289e+02
20261003_15:00:00   3.0368e-01   7.6646e+01   6.6956e+00   0.0000e+00   0.0000e+00   2.7397e+02
20261003_18:00:00   2.9105e-01   7.3926e+01   6.5060e+00   0.0000e+00   0.0000e+00   2.7372e+02
20261003_21:00:00   2.7287e-01   7.0087e+01   6.0973e+00   0.0000e+00   0.0000e+00   2.7563e+02
20261004_00:00:00   2.7673e-01   7.0992e+01   6.1120e+00   0.0000e+00   0.0000e+00   2.7595e+02
20261004_03:00:00   2.7231e-01   7.0115e+01   5.9676e+00   0.0000e+00   0.0000e+00   2.7289e+02
20261004_06:00:00   2.3799e-01   6.2909e+01   5.1827e+00   0.0000e+00   2.6680e-04   2.7068e+02
20261004_09:00:00   2.0976e-01   5.6705e+01   4.5584e+00   0.0000e+00   3.8100e-06   2.7431e+02
20261004_12:00:00   1.7802e-01   4.9748e+01   3.7663e+00   0.0000e+00   0.0000e+00   2.7466e+02
20261004_15:00:00   1.9386e-01   5.3164e+01   4.1291e+00   0.0000e+00   0.0000e+00   2.7306e+02
20261004_18:00:00   2.3485e-01   6.2292e+01   5.0072e+00   0.0000e+00   0.0000e+00   2.7568e+02
20261004_21:00:00   2.5607e-01   6.6630e+01   5.4820e+00   0.0000e+00   0.0000e+00   2.7602e+02
20261005_00:00:00   2.6500e-01   6.8463e+01   5.6323e+00   0.0000e+00   0.0000e+00   2.7412e+02
20261005_03:00:00   2.7815e-01   7.1028e+01   5.9116e+00   0.0000e+00   0.0000e+00   2.7657e+02
20261005_06:00:00   2.8158e-01   7.2136e+01   5.8729e+00   0.0000e+00   0.0000e+00   2.7642e+02
20261005_09:00:00   2.7952e-01   7.1617e+01   5.8267e+00   0.0000e+00   0.0000e+00   2.7835e+02
20261005_12:00:00   2.7798e-01   7.0999e+01   5.9294e+00   0.0000e+00   0.0000e+00   2.7574e+02
20261005_15:00:00   2.8634e-01   7.2398e+01   6.1461e+00   0.0000e+00   0.0000e+00   2.7676e+02
20261005_18:00:00   2.8516e-01   7.2183e+01   6.0959e+00   0.0000e+00   0.0000e+00   2.8145e+02
20261005_21:00:00   2.8935e-01   7.3053e+01   6.1530e+00   0.0000e+00   0.0000e+00   2.8449e+02
20261006_00:00:00   2.6146e-01   6.8009e+01   5.4140e+00   0.0000e+00   0.0000e+00   2.8484e+02
20261006_03:00:00   2.5149e-01   6.6305e+01   5.1935e+00   0.0000e+00   0.0000e+00   2.8109e+02
20261006_06:00:00   2.6021e-01   6.7944e+01   5.4522e+00   0.0000e+00   0.0000e+00   2.8293e+02
20261006_09:00:00   3.2066e-01   8.0534e+01   6.6143e+00   0.0000e+00   0.0000e+00   2.8851e+02
20261006_12:00:00   3.8329e-01   9.3179e+01   7.9319e+00   0.0000e+00   0.0000e+00   2.8920e+02
20261006_15:00:00   3.7409e-01   9.1530e+01   7.8080e+00   0.0000e+00   0.0000e+00   2.8960e+02
20261006_18:00:00   4.0272e-01   9.7245e+01   8.3658e+00   0.0000e+00   0.0000e+00   2.8932e+02
20261006_21:00:00   4.9173e-01   1.1223e+02   1.0117e+01   0.0000e+00   0.0000e+00   2.8937e+02
20261007_00:00:00   4.9924e-01   1.1385e+02   1.0109e+01   0.0000e+00   0.0000e+00   2.9002e+02
20261007_03:00:00   4.9799e-01   1.1390e+02   1.0044e+01   0.0000e+00   0.0000e+00   2.9165e+02
20261007_06:00:00   4.5182e-01   1.0592e+02   9.2335e+00   0.0000e+00   0.0000e+00   2.9243e+02
20261007_09:00:00   5.7502e-01   1.2669e+02   1.1315e+01   0.0000e+00   0.0000e+00   2.9490e+02
20261007_12:00:00   7.7384e-01   1.5311e+02   1.4369e+01   2.5604e-02   3.5547e-02   2.9261e+02
20261007_15:00:00   6.0148e-01   1.2928e+02   1.2347e+01   0.0000e+00   3.1265e-02   2.8845e+02
20261007_18:00:00   6.7146e-01   1.3954e+02   1.3745e+01   0.0000e+00   1.0558e-02   2.8486e+02
20261007_21:00:00   6.6252e-01   1.3818e+02   1.3210e+01   0.0000e+00   3.9080e-02   2.8153e+02
20261008_00:00:00   6.4853e-01   1.3599e+02   1.3035e+01   0.0000e+00   1.3729e-01   2.8075e+02
20261008_03:00:00   4.9214e-01   1.1325e+02   9.3062e+00   0.0000e+00   0.0000e+00   2.8248e+02
20261008_06:00:00   4.4946e-01   1.0613e+02   8.4479e+00   0.0000e+00   0.0000e+00   2.8183e+02
20261008_09:00:00   4.7316e-01   1.1035e+02   8.9163e+00   0.0000e+00   0.0000e+00   2.8054e+02
20261008_12:00:00   5.4926e-01   1.2258e+02   1.0684e+01   0.0000e+00   0.0000e+00   2.8025e+02
20261008_15:00:00   6.6935e-01   1.4084e+02   1.2636e+01   0.0000e+00   1.0020e-05   2.8079e+02
20261008_18:00:00   5.0935e-01   1.1575e+02   1.0061e+01   0.0000e+00   1.8825e-03   2.7683e+02
20261008_21:00:00   4.7793e-01   1.1033e+02   9.5001e+00   0.0000e+00   2.0004e-04   2.7533e+02
20261009_00:00:00   4.5309e-01   1.0589e+02   9.0930e+00   0.0000e+00   3.4860e-04   2.7460e+02
20261009_03:00:00   4.6778e-01   1.0873e+02   9.2079e+00   0.0000e+00   0.0000e+00   2.7351e+02
20261009_06:00:00   4.3844e-01   1.0363e+02   8.7484e+00   0.0000e+00   0.0000e+00   2.7351e+02
20261009_09:00:00   4.8338e-01   1.1146e+02   9.6245e+00   0.0000e+00   0.0000e+00   2.7126e+02
20261009_12:00:00   5.3778e-01   1.2031e+02   1.0915e+01   0.0000e+00   0.0000e+00   2.7017e+02
20261009_15:00:00   6.4025e-01   1.3621e+02   1.2864e+01   0.0000e+00   5.3440e-06   2.6910e+02
20261009_18:00:00   6.4669e-01   1.3665e+02   1.3021e+01   0.0000e+00   1.6032e-05   2.6931e+02
