#            date       tau255        Tb[K]      pwv[mm] lwp[kg*m^-2] iwp[kg*m^-2]       o3[DU]
20260828_06:00:00   4.1264e-01   9.6813e+01   8.3921e+00   0.0000e+00   4.3200e-04   2.7794e+02
20260828_07:00:00   4.2065e-01   9.8210e+01   8.5799e+00   0.0000e+00   0.0000e+00   2.7723e+02
20260828_08:00:00   4.2676e-01   9.9238e+01   8.7430e+00   0.0000e+00   3.1520e-05   2.7644e+02
20260828_09:00:00   4.2902e-01   9.9626e+01   8.8254e+00   0.0000e+00   2.0720e-04   2.7568e+02
20260828_10:00:00   4.3840e-01   1.0132e+02   9.0100e+00   0.0000e+00   6.1900e-04   2.7621e+02
20260828_11:00:00   4.6015e-01   1.0500e+02   9.5032e+00   0.0000e+00   3.1275e-03   2.7766e+02
20260828_12:00:00   4.8446e-01   1.0903e+02   1.0030e+01   0.0000e+00   3.3075e-02   2.7949e+02
20260828_13:00:00   4.8579e-01   1.0932e+02   1.0100e+01   0.0000e+00   1.5508e-03   2.8029e+02
20260828_14:00:00   4.8195e-01   1.0878e+02   1.0000e+01   0.0000e+00   1.4030e-03   2.8140e+02
20260828_15:00:00   4.7952e-01   1.0839e+02   9.9735e+00   0.0000e+00   4.4027e-04   2.8195e+02
20260828_16:00:00   4.7812e-01   1.0821e+02   9.9220e+00   0.0000e+00   2.9082e-04   2.8180e+02
20260828_17:00:00   4.8269e-01   1.0895e+02   1.0014e+01   0.0000e+00   7.1068e-04   2.8019e+02
20260828_18:00:00   4.9026e-01   1.1017e+02   1.0153e+01   0.0000e+00   1.5033e-04   2.7849e+02
20260828_19:00:00   4.9364e-01   1.1081e+02   1.0145e+01   0.0000e+00   2.2050e-04   2.7687e+02
20260828_20:00:00   4.8968e-01   1.1020e+02   1.0001e+01   0.0000e+00   0.0000e+00   2.7585e+02
20260828_21:00:00   4.8689e-01   1.0971e+02   9.9400e+00   0.0000e+00   1.0882e-06   2.7584e+02
20260828_22:00:00   4.8455e-01   1.0929e+02   9.8839e+00   0.0000e+00   1.3044e-05   2.7539e+02
20260828_23:00:00   4.7251e-01   1.0732e+02   9.6355e+00   0.0000e+00   7.2840e-06   2.7520e+02
20260829_00:00:00   4.6850e-01   1.0666e+02   9.5294e+00   0.0000e+00   1.5362e-03   2.7418e+02
20260829_01:00:00   4.8126e-01   1.0873e+02   9.7768e+00   0.0000e+00   1.4627e-03   2.7242e+02
20260829_02:00:00   4.7073e-01   1.0703e+02   9.5542e+00   0.0000e+00   1.1466e-03   2.7288e+02
20260829_03:00:00   4.5436e-01   1.0433e+02   9.1776e+00   0.0000e+00   1.5928e-04   2.7259e+02
20260829_04:00:00   4.3986e-01   1.0192e+02   8.8143e+00   0.0000e+00   9.0900e-05   2.7222e+02
20260829_05:00:00   4.2991e-01   1.0023e+02   8.5917e+00   0.0000e+00   2.8565e-04   2.7064e+02
20260829_06:00:00   4.2736e-01   9.9789e+01   8.5361e+00   0.0000e+00   6.0100e-06   2.6926e+02
20260829_07:00:00   4.1824e-01   9.8247e+01   8.3439e+00   0.0000e+00   3.0240e-07   2.6807e+02
20260829_08:00:00   4.1640e-01   9.7949e+01   8.3304e+00   0.0000e+00   1.9548e-05   2.6796e+02
20260829_09:00:00   4.1287e-01   9.7377e+01   8.2523e+00   0.0000e+00   0.0000e+00   2.6921e+02
20260829_10:00:00   4.1729e-01   9.8206e+01   8.3079e+00   0.0000e+00   0.0000e+00   2.6930e+02
20260829_11:00:00   4.1691e-01   9.8227e+01   8.2608e+00   0.0000e+00   3.0420e-04   2.7049e+02
20260829_12:00:00   4.0990e-01   9.7081e+01   8.1044e+00   0.0000e+00   7.0260e-04   2.7231e+02
20260829_13:00:00   4.1006e-01   9.7196e+01   8.1004e+00   0.0000e+00   3.6420e-06   2.7445e+02
20260829_14:00:00   4.2151e-01   9.9228e+01   8.3291e+00   0.0000e+00   2.4159e-04   2.7717e+02
20260829_15:00:00   4.0768e-01   9.6806e+01   8.0679e+00   0.0000e+00   1.2022e-05   2.7774e+02
20260829_16:00:00   3.9957e-01   9.5400e+01   7.8934e+00   0.0000e+00   6.0480e-07   2.7786e+02
20260829_17:00:00   3.9221e-01   9.4089e+01   7.7542e+00   0.0000e+00   1.2022e-05   2.7723e+02
20260829_18:00:00   3.8924e-01   9.3559e+01   7.6792e+00   0.0000e+00   6.0480e-07   2.7725e+02
20260829_19:00:00   3.8378e-01   9.2525e+01   7.5823e+00   0.0000e+00   0.0000e+00   2.7725e+02
20260829_20:00:00   3.7723e-01   9.1293e+01   7.4727e+00   0.0000e+00   0.0000e+00   2.7619e+02
20260829_21:00:00   3.7571e-01   9.1007e+01   7.4562e+00   0.0000e+00   0.0000e+00   2.7530e+02
20260829_22:00:00   3.6700e-01   8.9420e+01   7.2931e+00   0.0000e+00   0.0000e+00   2.7443e+02
20260829_23:00:00   3.6534e-01   8.9130e+01   7.2502e+00   0.0000e+00   0.0000e+00   2.7283e+02
20260830_00:00:00   3.6407e-01   8.8891e+01   7.2060e+00   0.0000e+00   0.0000e+00   2.7107e+02
20260830_01:00:00   3.5837e-01   8.7779e+01   7.0750e+00   0.0000e+00   3.0240e-07   2.7113e+02
20260830_02:00:00   3.5140e-01   8.6383e+01   6.9378e+00   0.0000e+00   3.3400e-06   2.7138e+02
20260830_03:00:00   3.5706e-01   8.7408e+01   7.0319e+00   0.0000e+00   6.6800e-06   2.7163e+02
20260830_04:00:00   3.6637e-01   8.9098e+01   7.2058e+00   0.0000e+00   3.9420e-05   2.7358e+02
20260830_05:00:00   3.7401e-01   9.0475e+01   7.3605e+00   0.0000e+00   0.0000e+00   2.7396e+02
20260830_06:00:00   3.8959e-01   9.3316e+01   7.6548e+00   0.0000e+00   3.3400e-06   2.7255e+02
20260830_07:00:00   3.9905e-01   9.4997e+01   7.8409e+00   0.0000e+00   1.3360e-05   2.7305e+02
20260830_08:00:00   4.0350e-01   9.5835e+01   7.9319e+00   0.0000e+00   7.8900e-06   2.7447e+02
20260830_09:00:00   4.0843e-01   9.6746e+01   8.0232e+00   0.0000e+00   1.8142e-06   2.7498e+02
20260830_10:00:00   4.1656e-01   9.8246e+01   8.1866e+00   0.0000e+00   6.6800e-06   2.7471e+02
20260830_11:00:00   4.2922e-01   1.0054e+02   8.4055e+00   0.0000e+00   4.2480e-06   2.7394e+02
20260830_12:00:00   4.3272e-01   1.0121e+02   8.4858e+00   0.0000e+00   1.2096e-06   2.7463e+02
20260830_13:00:00   4.4239e-01   1.0293e+02   8.6789e+00   0.0000e+00   3.1660e-04   2.7597e+02
20260830_14:00:00   4.5170e-01   1.0455e+02   8.8587e+00   0.0000e+00   1.8918e-04   2.7849e+02
20260830_15:00:00   4.5303e-01   1.0489e+02   8.8452e+00   0.0000e+00   1.0624e-03   2.7978e+02
20260830_16:00:00   4.6235e-01   1.0644e+02   9.0189e+00   0.0000e+00   0.0000e+00   2.8083e+02
20260830_17:00:00   4.8140e-01   1.0960e+02   9.3658e+00   0.0000e+00   1.2820e-05   2.8176e+02
20260830_18:00:00   4.8771e-01   1.1060e+02   9.4900e+00   0.0000e+00   2.4580e-05   2.8057e+02
20260830_19:00:00   4.9187e-01   1.1118e+02   9.5726e+00   0.0000e+00   3.5220e-05   2.8028e+02
20260830_20:00:00   5.0240e-01   1.1270e+02   9.8025e+00   0.0000e+00   8.7500e-04   2.8058e+02
20260830_21:00:00   4.9712e-01   1.1164e+02   9.7928e+00   0.0000e+00   1.0882e-06   2.8139e+02
20260830_22:00:00   4.9762e-01   1.1163e+02   9.8700e+00   0.0000e+00   6.3040e-04   2.8203e+02
20260830_23:00:00   4.9141e-01   1.1060e+02   9.7640e+00   0.0000e+00   2.2820e-05   2.8249e+02
20260831_00:00:00   4.9094e-01   1.1048e+02   9.7331e+00   0.0000e+00   1.1036e-03   2.8199e+02
20260831_01:00:00   4.9216e-01   1.1074e+02   9.7199e+00   0.0000e+00   3.0720e-05   2.8062e+02
20260831_02:00:00   4.8172e-01   1.0903e+02   9.4727e+00   0.0000e+00   0.0000e+00   2.8034e+02
20260831_03:00:00   4.8393e-01   1.0935e+02   9.4615e+00   0.0000e+00   5.3440e-06   2.8209e+02
20260831_04:00:00   5.0493e-01   1.1260e+02   9.8009e+00   4.2444e-04   1.1742e-03   2.8625e+02
20260831_05:00:00   5.8437e-01   1.2433e+02   1.0392e+01   2.1606e-02   1.4212e-02   2.9093e+02
20260831_06:00:00   6.7599e-01   1.3679e+02   1.0846e+01   5.1675e-02   4.6165e-02   2.9402e+02
20260831_07:00:00   5.5190e-01   1.1963e+02   1.0480e+01   2.1020e-03   1.4712e-02   2.9830e+02
20260831_08:00:00   5.1941e-01   1.1480e+02   9.8848e+00   0.0000e+00   1.0152e-04   3.0093e+02
20260831_09:00:00   5.2973e-01   1.1648e+02   1.0066e+01   1.2022e-05   6.4091e-03   3.0158e+02
20260831_10:00:00   5.6555e-01   1.2200e+02   1.0653e+01   0.0000e+00   1.6288e-02   3.0270e+02
20260831_11:00:00   5.4960e-01   1.1981e+02   1.0226e+01   7.3480e-05   7.1061e-04   3.0341e+02
20260831_12:00:00   5.5526e-01   1.2075e+02   1.0314e+01   0.0000e+00   0.0000e+00   3.0527e+02
20260831_13:00:00   5.3218e-01   1.1708e+02   1.0008e+01   1.0020e-04   1.6614e-03   3.0878e+02
20260831_14:00:00   4.7176e-01   1.0763e+02   8.8484e+00   8.6840e-05   2.7099e-03   3.1307e+02
20260831_15:00:00   4.0730e-01   9.6724e+01   7.4032e+00   0.0000e+00   1.3360e-04   3.1593e+02
20260831_16:00:00   3.3146e-01   8.2478e+01   6.0318e+00   0.0000e+00   0.0000e+00   3.1742e+02
20260831_17:00:00   3.0545e-01   7.7310e+01   5.6078e+00   0.0000e+00   0.0000e+00   3.1592e+02
20260831_18:00:00   3.0291e-01   7.6741e+01   5.6043e+00   0.0000e+00   0.0000e+00   3.1616e+02
20260831_19:00:00   2.9323e-01   7.4734e+01   5.4774e+00   0.0000e+00   0.0000e+00   3.1793e+02
20260831_20:00:00   3.2956e-01   8.2020e+01   6.0597e+00   0.0000e+00   0.0000e+00   3.1320e+02
20260831_21:00:00   3.6667e-01   8.9141e+01   6.6762e+00   0.0000e+00   0.0000e+00   3.1229e+02
20260831_22:00:00   3.4746e-01   8.5471e+01   6.3811e+00   0.0000e+00   0.0000e+00   3.1252e+02
20260831_23:00:00   2.7871e-01   7.1598e+01   5.2818e+00   0.0000e+00   0.0000e+00   3.1284e+02
20260901_00:00:00   2.6236e-01   6.8100e+01   4.9833e+00   0.0000e+00   0.0000e+00   3.1350e+02
20260901_01:00:00   2.4447e-01   6.4250e+01   4.6331e+00   0.0000e+00   0.0000e+00   3.1395e+02
20260901_02:00:00   2.3830e-01   6.2888e+01   4.5502e+00   0.0000e+00   0.0000e+00   3.1258e+02
20260901_03:00:00   2.3577e-01   6.2376e+01   4.4995e+00   0.0000e+00   0.0000e+00   3.1214e+02
20260901_04:00:00   2.1831e-01   5.8662e+01   4.1625e+00   0.0000e+00   0.0000e+00   3.1039e+02
20260901_05:00:00   2.1976e-01   5.9058e+01   4.1923e+00   0.0000e+00   0.0000e+00   3.0801e+02
20260901_06:00:00   2.2275e-01   5.9768e+01   4.2544e+00   0.0000e+00   0.0000e+00   3.0631e+02
20260901_07:00:00   2.1884e-01   5.9026e+01   4.1701e+00   0.0000e+00   0.0000e+00   3.0273e+02
20260901_08:00:00   2.2076e-01   5.9494e+01   4.1965e+00   0.0000e+00   0.0000e+00   3.0038e+02
20260901_09:00:00   2.2679e-01   6.0839e+01   4.2974e+00   0.0000e+00   0.0000e+00   2.9921e+02
20260901_10:00:00   2.4432e-01   6.4687e+01   4.6084e+00   0.0000e+00   0.0000e+00   2.9665e+02
20260901_11:00:00   2.4780e-01   6.5500e+01   4.6757e+00   0.0000e+00   0.0000e+00   2.9483e+02
20260901_12:00:00   2.4321e-01   6.4586e+01   4.6070e+00   0.0000e+00   0.0000e+00   2.9488e+02
20260901_13:00:00   2.5280e-01   6.6717e+01   4.7868e+00   0.0000e+00   0.0000e+00   2.9157e+02
20260901_14:00:00   2.6991e-01   7.0378e+01   5.0800e+00   0.0000e+00   0.0000e+00   2.9159e+02
20260901_15:00:00   2.4842e-01   6.5874e+01   4.6765e+00   0.0000e+00   0.0000e+00   2.9161e+02
20260901_16:00:00   2.2277e-01   6.0291e+01   4.1871e+00   0.0000e+00   0.0000e+00   2.9087e+02
20260901_17:00:00   1.9573e-01   5.4224e+01   3.6828e+00   0.0000e+00   0.0000e+00   2.9053e+02
20260901_18:00:00   1.6902e-01   4.8029e+01   3.2066e+00   0.0000e+00   0.0000e+00   2.9108e+02
20260901_19:00:00   1.5335e-01   4.4285e+01   2.9237e+00   0.0000e+00   0.0000e+00   2.9152e+02
20260901_20:00:00   1.4247e-01   4.1677e+01   2.7089e+00   0.0000e+00   0.0000e+00   2.9211e+02
20260901_21:00:00   1.4399e-01   4.2020e+01   2.7411e+00   0.0000e+00   0.0000e+00   2.9311e+02
20260901_22:00:00   1.4926e-01   4.3307e+01   2.8469e+00   0.0000e+00   0.0000e+00   2.9269e+02
20260901_23:00:00   1.4895e-01   4.3258e+01   2.8400e+00   0.0000e+00   0.0000e+00   2.9180e+02
20260902_00:00:00   1.4872e-01   4.3201e+01   2.8355e+00   0.0000e+00   0.0000e+00   2.9005e+02
20260902_01:00:00   1.4600e-01   4.2525e+01   2.7791e+00   0.0000e+00   0.0000e+00   2.8974e+02
20260902_02:00:00   1.3578e-01   4.0033e+01   2.5693e+00   0.0000e+00   0.0000e+00   2.8983e+02
20260902_03:00:00   1.1668e-01   3.5295e+01   2.1912e+00   0.0000e+00   0.0000e+00   2.8880e+02
20260902_04:00:00   1.0046e-01   3.1174e+01   1.8660e+00   0.0000e+00   0.0000e+00   2.8808e+02
20260902_05:00:00   8.4733e-02   2.7100e+01   1.5468e+00   0.0000e+00   0.0000e+00   2.8818e+02
20260902_06:00:00   7.9207e-02   2.5635e+01   1.4328e+00   0.0000e+00   0.0000e+00   2.8835e+02
20260902_09:00:00   8.3816e-02   2.6773e+01   1.5510e+00   0.0000e+00   0.0000e+00   2.8677e+02
20260902_12:00:00   1.2893e-01   3.8359e+01   2.4738e+00   0.0000e+00   0.0000e+00   2.8697e+02
20260902_15:00:00   1.9457e-01   5.3804e+01   3.8808e+00   0.0000e+00   0.0000e+00   2.8680e+02
20260902_18:00:00   1.5866e-01   4.5193e+01   3.1695e+00   0.0000e+00   0.0000e+00   2.8822e+02
20260902_21:00:00   1.1604e-01   3.4880e+01   2.2536e+00   0.0000e+00   0.0000e+00   2.8709e+02
20260903_00:00:00   8.0644e-02   2.5873e+01   1.4887e+00   0.0000e+00   0.0000e+00   2.8862e+02
20260903_03:00:00   7.3248e-02   2.3931e+01   1.3091e+00   0.0000e+00   0.0000e+00   2.8586e+02
20260903_06:00:00   6.2857e-02   2.1192e+01   1.0658e+00   0.0000e+00   0.0000e+00   2.8575e+02
20260903_09:00:00   1.1262e-01   3.3975e+01   2.0874e+00   0.0000e+00   0.0000e+00   2.9099e+02
20260903_12:00:00   1.7887e-01   4.9892e+01   3.3649e+00   0.0000e+00   6.0480e-07   2.9092e+02
20260903_15:00:00   1.5800e-01   4.4758e+01   3.0391e+00   0.0000e+00   0.0000e+00   2.8697e+02
20260903_18:00:00   7.3332e-02   2.4007e+01   1.2655e+00   0.0000e+00   0.0000e+00   2.8747e+02
20260903_21:00:00   6.4150e-02   2.1695e+01   1.0460e+00   0.0000e+00   0.0000e+00   2.8700e+02
20260904_00:00:00   1.1963e-01   3.5436e+01   2.0034e+00   0.0000e+00   0.0000e+00   2.8996e+02
20260904_03:00:00   5.3156e-02   1.8572e+01   7.7042e-01   0.0000e+00   0.0000e+00   2.9246e+02
20260904_06:00:00   8.9071e-02   2.7734e+01   1.4820e+00   0.0000e+00   0.0000e+00   2.8708e+02
20260904_09:00:00   1.0848e-01   3.2504e+01   1.8362e+00   0.0000e+00   0.0000e+00   2.8223e+02
20260904_12:00:00   1.3131e-01   3.8035e+01   2.2464e+00   0.0000e+00   0.0000e+00   2.7893e+02
20260904_15:00:00   1.1834e-01   3.5098e+01   2.0260e+00   0.0000e+00   0.0000e+00   2.7403e+02
20260904_18:00:00   8.3398e-02   2.6529e+01   1.3998e+00   0.0000e+00   0.0000e+00   2.7106e+02
20260904_21:00:00   6.0747e-02   2.0689e+01   9.8864e-01   0.0000e+00   0.0000e+00   2.7130e+02
20260905_00:00:00   5.9789e-02   2.0393e+01   9.8747e-01   0.0000e+00   0.0000e+00   2.7164e+02
20260905_03:00:00   6.7011e-02   2.2234e+01   1.1619e+00   0.0000e+00   0.0000e+00   2.7669e+02
20260905_06:00:00   7.1711e-02   2.3485e+01   1.2714e+00   0.0000e+00   0.0000e+00   2.7063e+02
20260905_09:00:00   7.9736e-02   2.5487e+01   1.4459e+00   0.0000e+00   0.0000e+00   2.7051e+02
20260905_12:00:00   9.3330e-02   2.9060e+01   1.6956e+00   0.0000e+00   0.0000e+00   2.6991e+02
20260905_15:00:00   8.9868e-02   2.8279e+01   1.6294e+00   0.0000e+00   0.0000e+00   2.6878e+02
20260905_18:00:00   6.6729e-02   2.2319e+01   1.1470e+00   0.0000e+00   0.0000e+00   2.6928e+02
20260905_21:00:00   6.1899e-02   2.1058e+01   1.0487e+00   0.0000e+00   0.0000e+00   2.6850e+02
20260906_00:00:00   6.2875e-02   2.1291e+01   1.0774e+00   0.0000e+00   0.0000e+00   2.6613e+02
20260906_03:00:00   6.1057e-02   2.0783e+01   1.0400e+00   0.0000e+00   0.0000e+00   2.6554e+02
20260906_06:00:00   5.9145e-02   2.0250e+01   9.9560e-01   0.0000e+00   0.0000e+00   2.6426e+02
20260906_09:00:00   6.1800e-02   2.0955e+01   1.0589e+00   0.0000e+00   0.0000e+00   2.6472e+02
20260906_12:00:00   1.1879e-01   3.5517e+01   2.3078e+00   0.0000e+00   0.0000e+00   2.6506e+02
20260906_15:00:00   1.0859e-01   3.3082e+01   2.0934e+00   0.0000e+00   0.0000e+00   2.6242e+02
20260906_18:00:00   9.0706e-02   2.8553e+01   1.7232e+00   0.0000e+00   0.0000e+00   2.6192e+02
20260906_21:00:00   8.7360e-02   2.7655e+01   1.6626e+00   0.0000e+00   0.0000e+00   2.6199e+02
20260907_00:00:00   1.4536e-01   4.2225e+01   2.8673e+00   0.0000e+00   0.0000e+00   2.6397e+02
20260907_03:00:00   2.5962e-01   6.8402e+01   5.0225e+00   0.0000e+00   0.0000e+00   2.6409e+02
20260907_06:00:00   2.5706e-01   6.7944e+01   4.9326e+00   0.0000e+00   0.0000e+00   2.6093e+02
20260907_09:00:00   2.7996e-01   7.2822e+01   5.4357e+00   0.0000e+00   0.0000e+00   2.6059e+02
20260907_12:00:00   3.5658e-01   8.7765e+01   7.0113e+00   0.0000e+00   0.0000e+00   2.6274e+02
20260907_15:00:00   2.8982e-01   7.4670e+01   5.7028e+00   0.0000e+00   0.0000e+00   2.6450e+02
20260907_18:00:00   3.0551e-01   7.8088e+01   5.9246e+00   0.0000e+00   0.0000e+00   2.6549e+02
20260907_21:00:00   3.0612e-01   7.8284e+01   5.9370e+00   0.0000e+00   0.0000e+00   2.6379e+02
20260908_00:00:00   2.6035e-01   6.8750e+01   5.1264e+00   0.0000e+00   0.0000e+00   2.6799e+02
20260908_03:00:00   3.0959e-01   7.8765e+01   6.1690e+00   0.0000e+00   0.0000e+00   2.6934e+02
20260908_06:00:00   2.8415e-01   7.3539e+01   5.6693e+00   0.0000e+00   0.0000e+00   2.6740e+02
20260908_09:00:00   3.4590e-01   8.5578e+01   6.8768e+00   0.0000e+00   0.0000e+00   2.6620e+02
20260908_12:00:00   3.2491e-01   8.1446e+01   6.4668e+00   0.0000e+00   0.0000e+00   2.6853e+02
20260908_15:00:00   3.1450e-01   7.9241e+01   6.2855e+00   0.0000e+00   0.0000e+00   2.6947e+02
20260908_18:00:00   2.9349e-01   7.4810e+01   6.0172e+00   0.0000e+00   0.0000e+00   2.7264e+02
20260908_21:00:00   3.0236e-01   7.6694e+01   6.2733e+00   0.0000e+00   0.0000e+00   2.8028e+02
20260909_00:00:00   4.3284e-01   1.0133e+02   8.8257e+00   0.0000e+00   0.0000e+00   2.7855e+02
20260909_03:00:00   4.5200e-01   1.0457e+02   9.2502e+00   0.0000e+00   0.0000e+00   2.7958e+02
20260909_06:00:00   5.2900e-01   1.1716e+02   1.0697e+01   0.0000e+00   0.0000e+00   2.7895e+02
20260909_09:00:00   5.8730e-01   1.2571e+02   1.1894e+01   0.0000e+00   0.0000e+00   2.7729e+02
20260909_12:00:00   6.1629e-01   1.3009e+02   1.2499e+01   0.0000e+00   1.4588e-04   2.8092e+02
20260909_15:00:00   6.4900e-01   1.3485e+02   1.3162e+01   0.0000e+00   2.4767e-04   2.7913e+02
20260909_18:00:00   7.0072e-01   1.4214e+02   1.4199e+01   0.0000e+00   8.3521e-02   2.7735e+02
20260909_21:00:00   7.8074e-01   1.5230e+02   1.5396e+01   8.4140e-05   1.9154e-01   2.7831e+02
20260910_00:00:00   8.4141e-01   1.5939e+02   1.5282e+01   2.9803e-02   1.3097e-02   2.7951e+02
20260910_03:00:00   6.6730e-01   1.3680e+02   1.3445e+01   3.3280e-04   1.1079e-03   2.7573e+02
20260910_06:00:00   6.3788e-01   1.3389e+02   1.2580e+01   0.0000e+00   9.0519e-03   2.7678e+02
20260910_09:00:00   6.9758e-01   1.4341e+02   1.3531e+01   0.0000e+00   9.6800e-04   2.7597e+02
20260910_12:00:00   7.2344e-01   1.4718e+02   1.3943e+01   0.0000e+00   1.5296e-05   2.7587e+02
20260910_15:00:00   6.8886e-01   1.4255e+02   1.3400e+01   2.4040e-05   1.3823e-04   2.7583e+02
20260910_18:00:00   7.2241e-01   1.4671e+02   1.4269e+01   0.0000e+00   4.5940e-05   2.7753e+02
20260910_21:00:00   7.3022e-01   1.4725e+02   1.4467e+01   0.0000e+00   3.2952e-04   2.7908e+02
20260911_00:00:00   7.4030e-01   1.4819e+02   1.4648e+01   0.0000e+00   1.2982e-02   2.8133e+02
20260911_03:00:00   6.8955e-01   1.4183e+02   1.3576e+01   0.0000e+00   4.3540e-07   2.7970e+02
20260911_06:00:00   6.5613e-01   1.3735e+02   1.2946e+01   0.0000e+00   0.0000e+00   2.7969e+02
20260911_09:00:00   6.1889e-01   1.3226e+02   1.2209e+01   0.0000e+00   3.8980e-03   2.7919e+02
20260911_12:00:00   6.3156e-01   1.3367e+02   1.2686e+01   0.0000e+00   9.5681e-04   2.7868e+02
20260911_15:00:00   6.9132e-01   1.4212e+02   1.3710e+01   1.0994e-03   1.9497e-02   2.7490e+02
20260911_18:00:00   7.1933e-01   1.4561e+02   1.4212e+01   1.5118e-05   3.8268e-02   2.7280e+02
20260911_21:00:00   7.2231e-01   1.4599e+02   1.4362e+01   0.0000e+00   1.3823e-02   2.7341e+02
20260912_00:00:00   7.1354e-01   1.4464e+02   1.4194e+01   0.0000e+00   1.8228e-02   2.7291e+02
20260912_03:00:00   6.7002e-01   1.3870e+02   1.3379e+01   0.0000e+00   1.6760e-02   2.7325e+02
20260912_06:00:00   6.1188e-01   1.3010e+02   1.2291e+01   0.0000e+00   1.1482e-03   2.7232e+02
20260912_09:00:00   6.0087e-01   1.2867e+02   1.2068e+01   0.0000e+00   6.0600e-04   2.7410e+02
20260912_12:00:00   6.0477e-01   1.2928e+02   1.2262e+01   0.0000e+00   5.8168e-04   2.7524e+02
20260912_15:00:00   6.5475e-01   1.3593e+02   1.2578e+01   1.6704e-02   1.2592e-01   2.7411e+02
20260912_18:00:00   5.4105e-01   1.1963e+02   1.0969e+01   0.0000e+00   9.0504e-03   2.7260e+02
20260912_21:00:00   4.9987e-01   1.1297e+02   1.0160e+01   0.0000e+00   7.8320e-06   2.7470e+02
20260913_00:00:00   3.6687e-01   8.8816e+01   7.5433e+00   0.0000e+00   0.0000e+00   2.7998e+02
20260913_03:00:00   3.3612e-01   8.3033e+01   6.8795e+00   0.0000e+00   0.0000e+00   2.7928e+02
20260913_06:00:00   3.0438e-01   7.7043e+01   6.1716e+00   0.0000e+00   0.0000e+00   2.7843e+02
