#            date       tau255        Tb[K]      pwv[mm] lwp[kg*m^-2] iwp[kg*m^-2]       o3[DU]
20260802_12:00:00   2.3643e-01   6.1996e+01   4.6220e+00   0.0000e+00   0.0000e+00   2.4673e+02
20260802_13:00:00   2.4085e-01   6.3008e+01   4.7172e+00   0.0000e+00   0.0000e+00   2.4698e+02
20260802_14:00:00   2.4792e-01   6.4541e+01   4.8564e+00   0.0000e+00   0.0000e+00   2.4567e+02
20260802_15:00:00   2.5286e-01   6.5628e+01   4.9507e+00   0.0000e+00   0.0000e+00   2.4402e+02
20260802_16:00:00   2.5775e-01   6.6673e+01   5.0504e+00   0.0000e+00   0.0000e+00   2.4518e+02
20260802_17:00:00   2.6183e-01   6.7509e+01   5.1265e+00   0.0000e+00   0.0000e+00   2.4605e+02
20260802_18:00:00   2.6323e-01   6.7796e+01   5.1372e+00   0.0000e+00   0.0000e+00   2.4794e+02
20260802_19:00:00   2.5685e-01   6.6517e+01   5.0053e+00   0.0000e+00   0.0000e+00   2.4819e+02
20260802_20:00:00   2.5234e-01   6.5651e+01   4.9085e+00   0.0000e+00   0.0000e+00   2.4850e+02
20260802_21:00:00   2.5976e-01   6.7211e+01   5.0482e+00   0.0000e+00   0.0000e+00   2.4945e+02
20260802_22:00:00   2.5944e-01   6.7134e+01   5.0294e+00   0.0000e+00   0.0000e+00   2.4957e+02
20260802_23:00:00   2.6866e-01   6.9042e+01   5.1922e+00   0.0000e+00   0.0000e+00   2.5176e+02
20260803_00:00:00   2.8735e-01   7.2864e+01   5.5214e+00   0.0000e+00   0.0000e+00   2.5002e+02
20260803_01:00:00   3.0464e-01   7.6323e+01   5.8330e+00   0.0000e+00   0.0000e+00   2.4936e+02
20260803_02:00:00   3.1563e-01   7.8484e+01   6.0335e+00   0.0000e+00   0.0000e+00   2.4935e+02
20260803_03:00:00   3.3344e-01   8.1940e+01   6.3333e+00   0.0000e+00   0.0000e+00   2.4906e+02
20260803_04:00:00   3.3582e-01   8.2454e+01   6.3621e+00   0.0000e+00   0.0000e+00   2.4955e+02
20260803_05:00:00   3.2155e-01   7.9735e+01   6.1113e+00   0.0000e+00   0.0000e+00   2.5020e+02
20260803_06:00:00   3.2763e-01   8.0810e+01   6.2350e+00   0.0000e+00   0.0000e+00   2.5066e+02
20260803_07:00:00   2.9940e-01   7.5360e+01   5.7239e+00   0.0000e+00   0.0000e+00   2.4935e+02
20260803_08:00:00   3.0889e-01   7.7175e+01   5.8933e+00   0.0000e+00   0.0000e+00   2.4827e+02
20260803_09:00:00   2.9983e-01   7.5395e+01   5.7065e+00   0.0000e+00   0.0000e+00   2.4965e+02
20260803_10:00:00   2.9481e-01   7.4337e+01   5.6306e+00   0.0000e+00   0.0000e+00   2.5198e+02
20260803_11:00:00   2.9013e-01   7.3420e+01   5.5727e+00   0.0000e+00   1.3964e-05   2.5288e+02
20260803_12:00:00   3.0551e-01   7.6469e+01   5.8951e+00   0.0000e+00   2.0100e-04   2.5234e+02
20260803_13:00:00   2.9837e-01   7.5126e+01   5.7785e+00   0.0000e+00   6.3300e-04   2.5258e+02
20260803_14:00:00   3.1857e-01   7.9098e+01   6.1751e+00   0.0000e+00   2.0280e-04   2.5291e+02
20260803_15:00:00   3.2352e-01   8.0058e+01   6.2970e+00   0.0000e+00   4.6260e-04   2.5292e+02
20260803_16:00:00   3.1716e-01   7.8795e+01   6.1839e+00   0.0000e+00   0.0000e+00   2.5354e+02
20260803_17:00:00   3.2475e-01   8.0162e+01   6.3575e+00   0.0000e+00   7.4732e-05   2.5354e+02
20260803_18:00:00   3.2633e-01   8.0444e+01   6.3803e+00   0.0000e+00   4.5539e-04   2.5554e+02
20260803_19:00:00   3.1769e-01   7.8775e+01   6.1853e+00   0.0000e+00   3.8919e-04   2.5686e+02
20260803_20:00:00   3.2691e-01   8.0489e+01   6.3616e+00   0.0000e+00   9.3840e-05   2.5727e+02
20260803_21:00:00   3.5706e-01   8.5907e+01   6.9941e+00   0.0000e+00   1.3334e-04   2.5740e+02
20260803_22:00:00   3.3859e-01   8.2615e+01   6.5490e+00   0.0000e+00   0.0000e+00   2.5761e+02
20260803_23:00:00   3.0823e-01   7.6961e+01   5.8593e+00   0.0000e+00   0.0000e+00   2.5886e+02
20260804_00:00:00   3.0229e-01   7.5719e+01   5.7538e+00   0.0000e+00   0.0000e+00   2.5833e+02
20260804_01:00:00   2.8117e-01   7.1432e+01   5.3728e+00   0.0000e+00   0.0000e+00   2.5744e+02
20260804_02:00:00   2.8701e-01   7.2506e+01   5.5115e+00   0.0000e+00   0.0000e+00   2.5830e+02
20260804_03:00:00   3.2139e-01   7.9198e+01   6.1396e+00   0.0000e+00   0.0000e+00   2.5810e+02
20260804_04:00:00   3.3402e-01   8.1422e+01   6.3689e+00   0.0000e+00   2.1780e-05   2.5768e+02
20260804_05:00:00   3.3158e-01   8.0862e+01   6.3062e+00   0.0000e+00   1.9352e-06   2.5923e+02
20260804_06:00:00   3.2416e-01   7.9366e+01   6.1650e+00   0.0000e+00   0.0000e+00   2.5875e+02
20260804_07:00:00   3.3323e-01   8.1159e+01   6.3190e+00   0.0000e+00   0.0000e+00   2.5951e+02
20260804_08:00:00   3.4389e-01   8.3290e+01   6.4808e+00   0.0000e+00   0.0000e+00   2.5895e+02
20260804_09:00:00   3.4434e-01   8.3460e+01   6.4599e+00   0.0000e+00   0.0000e+00   2.6056e+02
20260804_10:00:00   3.3121e-01   8.1014e+01   6.2294e+00   0.0000e+00   0.0000e+00   2.6151e+02
20260804_11:00:00   3.2759e-01   8.0350e+01   6.1651e+00   0.0000e+00   0.0000e+00   2.6186e+02
20260804_12:00:00   3.2477e-01   7.9846e+01   6.1138e+00   0.0000e+00   0.0000e+00   2.6001e+02
20260804_13:00:00   3.1866e-01   7.8777e+01   6.0392e+00   0.0000e+00   0.0000e+00   2.5960e+02
20260804_14:00:00   3.1175e-01   7.7514e+01   5.9077e+00   0.0000e+00   0.0000e+00   2.5839e+02
20260804_15:00:00   2.8923e-01   7.3186e+01   5.4579e+00   0.0000e+00   0.0000e+00   2.5885e+02
20260804_16:00:00   2.7279e-01   6.9900e+01   5.1361e+00   0.0000e+00   0.0000e+00   2.5966e+02
20260804_17:00:00   2.5333e-01   6.5917e+01   4.7701e+00   0.0000e+00   0.0000e+00   2.6008e+02
20260804_18:00:00   2.2675e-01   6.0288e+01   4.2626e+00   0.0000e+00   0.0000e+00   2.6121e+02
20260804_19:00:00   2.0252e-01   5.4980e+01   3.8073e+00   0.0000e+00   0.0000e+00   2.6103e+02
20260804_20:00:00   1.7501e-01   4.8746e+01   3.2963e+00   0.0000e+00   0.0000e+00   2.6083e+02
20260804_21:00:00   1.5861e-01   4.4920e+01   2.9941e+00   0.0000e+00   0.0000e+00   2.5831e+02
20260804_22:00:00   1.4018e-01   4.0532e+01   2.6383e+00   0.0000e+00   0.0000e+00   2.5834e+02
20260804_23:00:00   1.2038e-01   3.5701e+01   2.2595e+00   0.0000e+00   0.0000e+00   2.5997e+02
20260805_00:00:00   1.1205e-01   3.3631e+01   2.0962e+00   0.0000e+00   0.0000e+00   2.6064e+02
20260805_01:00:00   1.0606e-01   3.2143e+01   1.9708e+00   0.0000e+00   0.0000e+00   2.6065e+02
20260805_02:00:00   1.0508e-01   3.1898e+01   1.9398e+00   0.0000e+00   0.0000e+00   2.6090e+02
20260805_03:00:00   1.0164e-01   3.1037e+01   1.8677e+00   0.0000e+00   0.0000e+00   2.6039e+02
20260805_04:00:00   9.5460e-02   2.9492e+01   1.7412e+00   0.0000e+00   0.0000e+00   2.6274e+02
20260805_05:00:00   9.0328e-02   2.8213e+01   1.6285e+00   0.0000e+00   0.0000e+00   2.6385e+02
20260805_06:00:00   8.7238e-02   2.7445e+01   1.5577e+00   0.0000e+00   0.0000e+00   2.6321e+02
20260805_07:00:00   8.3710e-02   2.6569e+01   1.4768e+00   0.0000e+00   0.0000e+00   2.6335e+02
20260805_08:00:00   7.9946e-02   2.5638e+01   1.3916e+00   0.0000e+00   0.0000e+00   2.6120e+02
20260805_09:00:00   7.9580e-02   2.5576e+01   1.3743e+00   0.0000e+00   0.0000e+00   2.5949e+02
20260805_10:00:00   7.6019e-02   2.4686e+01   1.2994e+00   0.0000e+00   0.0000e+00   2.5820e+02
20260805_11:00:00   8.8177e-02   2.7820e+01   1.5330e+00   0.0000e+00   0.0000e+00   2.5677e+02
20260805_12:00:00   9.8445e-02   3.0429e+01   1.7271e+00   0.0000e+00   0.0000e+00   2.5692e+02
20260805_13:00:00   9.9587e-02   3.0743e+01   1.7491e+00   0.0000e+00   0.0000e+00   2.5672e+02
20260805_14:00:00   9.8187e-02   3.0388e+01   1.7278e+00   0.0000e+00   0.0000e+00   2.5638e+02
20260805_15:00:00   9.5678e-02   2.9734e+01   1.6877e+00   0.0000e+00   0.0000e+00   2.5654e+02
20260805_16:00:00   9.1478e-02   2.8645e+01   1.6157e+00   0.0000e+00   0.0000e+00   2.5614e+02
20260805_17:00:00   8.7201e-02   2.7532e+01   1.5432e+00   0.0000e+00   0.0000e+00   2.5605e+02
20260805_18:00:00   8.9019e-02   2.7970e+01   1.5851e+00   0.0000e+00   0.0000e+00   2.5730e+02
20260805_19:00:00   8.4388e-02   2.6740e+01   1.5174e+00   0.0000e+00   0.0000e+00   2.5610e+02
20260805_20:00:00   9.3381e-02   2.8945e+01   1.7366e+00   0.0000e+00   0.0000e+00   2.5532e+02
20260805_21:00:00   9.9253e-02   3.0384e+01   1.8744e+00   0.0000e+00   0.0000e+00   2.5710e+02
20260805_22:00:00   9.7226e-02   2.9863e+01   1.8352e+00   0.0000e+00   0.0000e+00   2.5742e+02
20260805_23:00:00   9.6558e-02   2.9671e+01   1.8261e+00   0.0000e+00   0.0000e+00   2.5752e+02
20260806_00:00:00   9.3704e-02   2.8922e+01   1.7753e+00   0.0000e+00   0.0000e+00   2.5813e+02
20260806_01:00:00   9.1700e-02   2.8374e+01   1.7434e+00   0.0000e+00   0.0000e+00   2.5811e+02
20260806_02:00:00   9.0959e-02   2.8140e+01   1.7374e+00   0.0000e+00   0.0000e+00   2.5822e+02
20260806_03:00:00   8.9083e-02   2.7644e+01   1.7074e+00   0.0000e+00   0.0000e+00   2.5784e+02
20260806_04:00:00   8.9176e-02   2.7676e+01   1.7102e+00   0.0000e+00   0.0000e+00   2.5928e+02
20260806_05:00:00   8.8159e-02   2.7464e+01   1.6742e+00   0.0000e+00   0.0000e+00   2.6033e+02
20260806_06:00:00   8.6772e-02   2.7162e+01   1.6323e+00   0.0000e+00   0.0000e+00   2.6172e+02
20260806_07:00:00   8.8358e-02   2.7566e+01   1.6582e+00   0.0000e+00   0.0000e+00   2.6223e+02
20260806_08:00:00   8.5159e-02   2.6734e+01   1.5971e+00   0.0000e+00   0.0000e+00   2.6304e+02
20260806_09:00:00   8.6278e-02   2.7026e+01   1.6182e+00   0.0000e+00   0.0000e+00   2.6478e+02
20260806_10:00:00   9.1498e-02   2.8402e+01   1.7153e+00   0.0000e+00   0.0000e+00   2.6483e+02
20260806_11:00:00   9.1323e-02   2.8389e+01   1.7069e+00   0.0000e+00   0.0000e+00   2.6444e+02
20260806_12:00:00   9.6244e-02   2.9694e+01   1.8036e+00   0.0000e+00   0.0000e+00   2.6372e+02
20260806_13:00:00   1.0238e-01   3.1292e+01   1.9241e+00   0.0000e+00   0.0000e+00   2.6296e+02
20260806_14:00:00   1.0859e-01   3.2863e+01   2.0490e+00   0.0000e+00   0.0000e+00   2.6307e+02
20260806_15:00:00   1.1179e-01   3.3642e+01   2.1245e+00   0.0000e+00   0.0000e+00   2.6336e+02
20260806_16:00:00   1.1139e-01   3.3496e+01   2.1394e+00   0.0000e+00   0.0000e+00   2.6309e+02
20260806_17:00:00   1.0991e-01   3.3085e+01   2.1226e+00   0.0000e+00   0.0000e+00   2.6332e+02
20260806_18:00:00   1.1233e-01   3.3720e+01   2.1703e+00   0.0000e+00   0.0000e+00   2.6344e+02
20260806_19:00:00   1.2194e-01   3.6105e+01   2.3805e+00   0.0000e+00   0.0000e+00   2.6400e+02
20260806_20:00:00   1.4266e-01   4.1162e+01   2.8062e+00   0.0000e+00   0.0000e+00   2.6387e+02
20260806_21:00:00   1.5944e-01   4.5132e+01   3.1436e+00   0.0000e+00   0.0000e+00   2.6394e+02
20260806_22:00:00   1.6347e-01   4.6052e+01   3.2334e+00   0.0000e+00   0.0000e+00   2.6303e+02
20260806_23:00:00   1.6963e-01   4.7415e+01   3.3736e+00   0.0000e+00   0.0000e+00   2.6163e+02
20260807_00:00:00   1.7474e-01   4.8559e+01   3.4812e+00   0.0000e+00   0.0000e+00   2.6240e+02
20260807_01:00:00   1.7374e-01   4.8398e+01   3.4329e+00   0.0000e+00   0.0000e+00   2.6297e+02
20260807_02:00:00   1.7348e-01   4.8375e+01   3.4084e+00   0.0000e+00   0.0000e+00   2.6297e+02
20260807_03:00:00   1.7226e-01   4.8136e+01   3.3782e+00   0.0000e+00   0.0000e+00   2.6294e+02
20260807_04:00:00   1.8065e-01   5.0102e+01   3.5405e+00   0.0000e+00   0.0000e+00   2.6257e+02
20260807_05:00:00   1.8975e-01   5.2167e+01   3.7188e+00   0.0000e+00   0.0000e+00   2.6355e+02
20260807_06:00:00   1.9219e-01   5.2752e+01   3.7655e+00   0.0000e+00   0.0000e+00   2.6476e+02
20260807_07:00:00   1.8736e-01   5.1686e+01   3.6815e+00   0.0000e+00   0.0000e+00   2.6656e+02
20260807_08:00:00   1.7488e-01   4.8842e+01   3.4384e+00   0.0000e+00   0.0000e+00   2.6842e+02
20260807_09:00:00   1.7234e-01   4.8250e+01   3.3857e+00   0.0000e+00   0.0000e+00   2.7015e+02
20260807_10:00:00   1.7445e-01   4.8698e+01   3.4363e+00   0.0000e+00   0.0000e+00   2.7113e+02
20260807_11:00:00   1.7667e-01   4.9140e+01   3.5146e+00   0.0000e+00   0.0000e+00   2.7126e+02
20260807_12:00:00   1.8711e-01   5.1448e+01   3.7656e+00   0.0000e+00   0.0000e+00   2.7122e+02
20260807_15:00:00   1.8067e-01   4.9873e+01   3.6740e+00   0.0000e+00   0.0000e+00   2.7205e+02
20260807_18:00:00   2.0039e-01   5.4420e+01   4.0673e+00   0.0000e+00   0.0000e+00   2.7177e+02
20260807_21:00:00   2.3268e-01   6.1456e+01   4.7360e+00   0.0000e+00   0.0000e+00   2.7579e+02
20260808_00:00:00   2.4172e-01   6.3380e+01   4.8950e+00   0.0000e+00   0.0000e+00   2.7546e+02
20260808_03:00:00   2.3590e-01   6.2082e+01   4.7487e+00   0.0000e+00   0.0000e+00   2.7294e+02
20260808_06:00:00   2.3400e-01   6.1849e+01   4.6598e+00   0.0000e+00   0.0000e+00   2.7515e+02
20260808_09:00:00   2.3082e-01   6.1237e+01   4.5615e+00   0.0000e+00   0.0000e+00   2.7868e+02
20260808_12:00:00   2.3097e-01   6.1302e+01   4.5775e+00   0.0000e+00   0.0000e+00   2.7770e+02
20260808_15:00:00   2.4339e-01   6.3892e+01   4.8597e+00   0.0000e+00   0.0000e+00   2.7634e+02
20260808_18:00:00   2.5281e-01   6.5937e+01   5.0053e+00   0.0000e+00   0.0000e+00   2.7505e+02
20260808_21:00:00   2.7012e-01   6.9478e+01   5.3440e+00   0.0000e+00   0.0000e+00   2.7168e+02
20260809_00:00:00   2.8192e-01   7.1812e+01   5.5755e+00   0.0000e+00   0.0000e+00   2.6904e+02
20260809_03:00:00   2.7248e-01   6.9791e+01   5.3862e+00   0.0000e+00   0.0000e+00   2.7026e+02
20260809_06:00:00   2.7775e-01   7.0740e+01   5.4799e+00   0.0000e+00   0.0000e+00   2.7250e+02
20260809_09:00:00   2.7557e-01   7.0317e+01   5.4308e+00   0.0000e+00   0.0000e+00   2.7352e+02
20260809_12:00:00   2.8027e-01   7.1255e+01   5.4744e+00   0.0000e+00   0.0000e+00   2.7470e+02
20260809_15:00:00   1.9176e-01   5.2015e+01   3.7833e+00   0.0000e+00   0.0000e+00   2.7673e+02
20260809_18:00:00   1.0433e-01   3.1071e+01   2.0758e+00   0.0000e+00   0.0000e+00   2.7348e+02
20260809_21:00:00   1.0377e-01   3.1189e+01   1.9801e+00   0.0000e+00   0.0000e+00   2.7470e+02
20260810_00:00:00   1.7332e-01   4.7910e+01   1.5294e+00   3.2530e-02   0.0000e+00   2.7569e+02
20260810_03:00:00   3.2068e-02   1.2732e+01   3.3511e-01   0.0000e+00   0.0000e+00   2.8639e+02
20260810_06:00:00   3.1463e-02   1.2730e+01   2.6093e-01   0.0000e+00   0.0000e+00   2.8757e+02
20260810_09:00:00   5.2217e-02   1.8312e+01   6.4185e-01   0.0000e+00   0.0000e+00   2.9600e+02
20260810_12:00:00   7.9437e-02   2.5321e+01   1.1691e+00   0.0000e+00   0.0000e+00   2.9822e+02
20260810_15:00:00   7.9127e-02   2.5259e+01   1.1828e+00   0.0000e+00   0.0000e+00   2.9555e+02
20260810_18:00:00   4.8455e-02   1.7348e+01   6.2336e-01   0.0000e+00   0.0000e+00   2.9131e+02
20260810_21:00:00   4.5584e-02   1.6509e+01   5.9897e-01   0.0000e+00   0.0000e+00   2.8971e+02
20260811_00:00:00   5.0223e-02   1.7580e+01   7.4995e-01   0.0000e+00   0.0000e+00   2.9809e+02
20260811_03:00:00   4.9822e-02   1.7576e+01   7.3456e-01   0.0000e+00   0.0000e+00   3.1200e+02
20260811_06:00:00   5.3754e-02   1.8555e+01   8.5013e-01   0.0000e+00   0.0000e+00   3.0815e+02
20260811_09:00:00   6.5911e-02   2.1746e+01   1.1271e+00   0.0000e+00   0.0000e+00   3.0509e+02
20260811_12:00:00   6.3123e-02   2.1021e+01   1.0706e+00   0.0000e+00   0.0000e+00   3.0271e+02
20260811_15:00:00   9.4588e-02   2.8823e+01   1.7632e+00   0.0000e+00   0.0000e+00   3.0038e+02
20260811_18:00:00   1.2639e-01   3.6529e+01   2.4414e+00   0.0000e+00   0.0000e+00   2.9480e+02
20260811_21:00:00   1.2090e-01   3.5239e+01   2.3866e+00   0.0000e+00   0.0000e+00   2.9889e+02
20260812_00:00:00   1.1762e-01   3.4602e+01   2.2789e+00   0.0000e+00   0.0000e+00   3.0272e+02
20260812_03:00:00   1.2091e-01   3.5712e+01   2.2164e+00   0.0000e+00   0.0000e+00   3.0033e+02
20260812_06:00:00   1.6980e-01   4.7385e+01   3.1520e+00   0.0000e+00   0.0000e+00   2.9947e+02
20260812_09:00:00   1.8969e-01   5.1837e+01   3.5140e+00   0.0000e+00   0.0000e+00   3.0042e+02
20260812_12:00:00   1.9352e-01   5.2559e+01   3.6235e+00   0.0000e+00   0.0000e+00   2.9632e+02
20260812_15:00:00   2.1271e-01   5.6761e+01   4.0558e+00   0.0000e+00   0.0000e+00   2.9250e+02
20260812_18:00:00   1.9777e-01   5.3417e+01   3.8443e+00   0.0000e+00   0.0000e+00   2.8809e+02
20260812_21:00:00   1.8877e-01   5.1443e+01   3.6775e+00   0.0000e+00   0.0000e+00   2.8933e+02
20260813_00:00:00   1.7960e-01   4.9353e+01   3.5213e+00   0.0000e+00   0.0000e+00   2.8101e+02
20260813_03:00:00   1.6298e-01   4.5656e+01   3.1580e+00   0.0000e+00   0.0000e+00   2.7692e+02
20260813_06:00:00   1.4755e-01   4.2158e+01   2.8324e+00   0.0000e+00   0.0000e+00   2.7401e+02
20260813_09:00:00   1.4456e-01   4.1531e+01   2.8083e+00   0.0000e+00   0.0000e+00   2.7705e+02
20260813_12:00:00   1.7867e-01   4.9649e+01   3.4326e+00   0.0000e+00   0.0000e+00   2.7346e+02
20260813_15:00:00   2.0484e-01   5.5644e+01   3.9267e+00   0.0000e+00   0.0000e+00   2.6920e+02
20260813_18:00:00   1.8311e-01   5.0822e+01   3.5089e+00   0.0000e+00   0.0000e+00   2.6878e+02
20260813_21:00:00   1.6153e-01   4.5806e+01   3.1219e+00   0.0000e+00   0.0000e+00   2.6691e+02
20260814_00:00:00   1.5022e-01   4.3140e+01   2.8628e+00   0.0000e+00   0.0000e+00   2.5995e+02
20260814_03:00:00   1.3632e-01   3.9819e+01   2.5660e+00   0.0000e+00   0.0000e+00   2.6063e+02
20260814_06:00:00   1.2599e-01   3.7277e+01   2.3794e+00   0.0000e+00   0.0000e+00   2.6112e+02
20260814_09:00:00   1.1216e-01   3.3888e+01   2.1020e+00   0.0000e+00   0.0000e+00   2.6091e+02
20260814_12:00:00   1.1714e-01   3.5113e+01   2.2048e+00   0.0000e+00   0.0000e+00   2.5943e+02
20260814_15:00:00   1.3430e-01   3.9318e+01   2.5916e+00   0.0000e+00   0.0000e+00   2.6295e+02
20260814_18:00:00   1.3529e-01   3.9595e+01   2.5977e+00   0.0000e+00   0.0000e+00   2.5775e+02
20260814_21:00:00   1.2437e-01   3.7011e+01   2.3539e+00   0.0000e+00   0.0000e+00   2.5431e+02
20260815_00:00:00   1.2182e-01   3.6319e+01   2.3272e+00   0.0000e+00   0.0000e+00   2.5513e+02
20260815_03:00:00   1.3042e-01   3.8375e+01   2.5187e+00   0.0000e+00   0.0000e+00   2.5261e+02
20260815_06:00:00   1.2510e-01   3.7096e+01   2.4123e+00   0.0000e+00   0.0000e+00   2.5488e+02
20260815_09:00:00   1.2277e-01   3.6549e+01   2.3520e+00   0.0000e+00   0.0000e+00   2.5685e+02
20260815_12:00:00   1.4705e-01   4.2496e+01   2.8445e+00   0.0000e+00   0.0000e+00   2.5634e+02
20260815_15:00:00   1.5364e-01   4.4158e+01   2.9793e+00   0.0000e+00   0.0000e+00   2.5793e+02
20260815_18:00:00   1.5116e-01   4.3585e+01   2.8968e+00   0.0000e+00   0.0000e+00   2.5691e+02
20260815_21:00:00   1.4499e-01   4.2174e+01   2.7562e+00   0.0000e+00   0.0000e+00   2.5792e+02
20260816_00:00:00   1.4815e-01   4.2810e+01   2.8568e+00   0.0000e+00   0.0000e+00   2.5943e+02
20260816_03:00:00   1.4012e-01   4.0826e+01   2.7186e+00   0.0000e+00   0.0000e+00   2.5924e+02
20260816_06:00:00   1.2391e-01   3.6905e+01   2.3825e+00   0.0000e+00   0.0000e+00   2.6105e+02
20260816_09:00:00   1.2090e-01   3.6195e+01   2.3187e+00   0.0000e+00   0.0000e+00   2.6054e+02
20260816_12:00:00   1.6597e-01   4.7096e+01   3.2612e+00   0.0000e+00   0.0000e+00   2.6011e+02
20260816_15:00:00   1.8458e-01   5.1454e+01   3.6716e+00   0.0000e+00   0.0000e+00   2.6087e+02
20260816_18:00:00   1.8416e-01   5.1373e+01   3.6282e+00   0.0000e+00   0.0000e+00   2.6201e+02
20260816_21:00:00   2.2064e-01   5.9788e+01   4.2501e+00   0.0000e+00   0.0000e+00   2.6202e+02
20260817_00:00:00   1.9338e-01   5.3616e+01   3.7352e+00   0.0000e+00   0.0000e+00   2.6313e+02
20260817_03:00:00   2.0857e-01   5.7153e+01   3.9285e+00   0.0000e+00   0.0000e+00   2.6283e+02
20260817_06:00:00   2.0376e-01   5.6043e+01   3.8217e+00   0.0000e+00   0.0000e+00   2.6087e+02
20260817_09:00:00   1.8901e-01   5.2646e+01   3.5853e+00   0.0000e+00   0.0000e+00   2.6044e+02
20260817_12:00:00   2.6997e-01   7.0479e+01   5.1924e+00   0.0000e+00   0.0000e+00   2.6043e+02
20260817_15:00:00   3.3595e-01   8.3648e+01   6.5557e+00   0.0000e+00   0.0000e+00   2.6136e+02
20260817_18:00:00   3.1703e-01   7.9986e+01   6.1460e+00   0.0000e+00   0.0000e+00   2.6275e+02
20260817_21:00:00   2.8736e-01   7.3937e+01   5.5601e+00   0.0000e+00   0.0000e+00   2.6652e+02
20260818_00:00:00   3.1962e-01   8.0314e+01   6.1408e+00   0.0000e+00   0.0000e+00   2.6687e+02
20260818_03:00:00   2.8564e-01   7.3260e+01   5.4995e+00   0.0000e+00   0.0000e+00   2.6781e+02
20260818_06:00:00   2.6927e-01   6.9914e+01   5.1303e+00   0.0000e+00   0.0000e+00   2.6613e+02
20260818_09:00:00   2.9137e-01   7.4433e+01   5.5652e+00   0.0000e+00   0.0000e+00   2.6485e+02
20260818_12:00:00   2.8489e-01   7.3285e+01   5.4161e+00   0.0000e+00   0.0000e+00   2.6518e+02
