#            date       tau255        Tb[K]      pwv[mm] lwp[kg*m^-2] iwp[kg*m^-2]       o3[DU]
20261001_06:00:00   6.1814e-01   1.3172e+02   1.1905e+01   0.0000e+00   0.0000e+00   2.7375e+02
20261001_07:00:00   5.7985e-01   1.2593e+02   1.1191e+01   0.0000e+00   0.0000e+00   2.7366e+02
20261001_08:00:00   5.8380e-01   1.2666e+02   1.1241e+01   0.0000e+00   0.0000e+00   2.7328e+02
20261001_09:00:00   5.9577e-01   1.2864e+02   1.1441e+01   0.0000e+00   0.0000e+00   2.7308e+02
20261001_10:00:00   6.2089e-01   1.3245e+02   1.1936e+01   0.0000e+00   0.0000e+00   2.7321e+02
20261001_11:00:00   6.3863e-01   1.3494e+02   1.2316e+01   0.0000e+00   3.9440e-06   2.7480e+02
20261001_12:00:00   6.2189e-01   1.3246e+02   1.2088e+01   0.0000e+00   0.0000e+00   2.7582e+02
20261001_13:00:00   6.0912e-01   1.3057e+02   1.1909e+01   0.0000e+00   0.0000e+00   2.7669e+02
20261001_14:00:00   5.9476e-01   1.2840e+02   1.1695e+01   0.0000e+00   0.0000e+00   2.7669e+02
20261001_15:00:00   5.6324e-01   1.2343e+02   1.1198e+01   1.0882e-06   9.6160e-06   2.7716e+02
20261001_16:00:00   5.5800e-01   1.2229e+02   1.1186e+01   5.5462e-04   1.2108e-04   2.7656e+02
20261001_17:00:00   6.3916e-01   1.3398e+02   1.2088e+01   1.5828e-02   1.7360e-02   2.7709e+02
20261001_18:00:00   6.3600e-01   1.3399e+02   1.2665e+01   0.0000e+00   3.8199e-03   2.7629e+02
20261001_19:00:00   6.1729e-01   1.3149e+02   1.2269e+01   0.0000e+00   9.2960e-04   2.7470e+02
20261001_20:00:00   6.5290e-01   1.3651e+02   1.2890e+01   1.2516e-04   5.8908e-05   2.7412e+02
20261001_21:00:00   6.9161e-01   1.4167e+02   1.3536e+01   6.6800e-06   3.3840e-02   2.7065e+02
20261001_22:00:00   7.2718e-01   1.4609e+02   1.4201e+01   0.0000e+00   6.4511e-02   2.7087e+02
20261001_23:00:00   7.3568e-01   1.4726e+02   1.4159e+01   0.0000e+00   7.6835e-02   2.7274e+02
20261002_00:00:00   7.6123e-01   1.5049e+02   1.4511e+01   0.0000e+00   5.3375e-02   2.7447e+02
20261002_01:00:00   7.6396e-01   1.5074e+02   1.4706e+01   0.0000e+00   5.6887e-03   2.7540e+02
20261002_02:00:00   7.6563e-01   1.5080e+02   1.4730e+01   0.0000e+00   4.0571e-03   2.7788e+02
20261002_03:00:00   7.6184e-01   1.5052e+02   1.4468e+01   5.1400e-06   6.2080e-04   2.7911e+02
20261002_04:00:00   7.5770e-01   1.5012e+02   1.4350e+01   1.1490e-05   6.7856e-04   2.7931e+02
20261002_05:00:00   7.4968e-01   1.4914e+02   1.4129e+01   6.6520e-06   2.0835e-03   2.7923e+02
20261002_06:00:00   7.6624e-01   1.5101e+02   1.4645e+01   1.3360e-05   2.1144e-03   2.7937e+02
20261002_07:00:00   7.8918e-01   1.5377e+02   1.5045e+01   0.0000e+00   4.4912e-04   2.7995e+02
20261002_08:00:00   8.1403e-01   1.5640e+02   1.5538e+01   6.6800e-06   1.7269e-02   2.8139e+02
20261002_09:00:00   7.9762e-01   1.5460e+02   1.5173e+01   6.0480e-07   1.3405e-03   2.8322e+02
20261002_10:00:00   7.7626e-01   1.5235e+02   1.4646e+01   1.7244e-05   7.0603e-04   2.8174e+02
20261002_11:00:00   7.9463e-01   1.5486e+02   1.4700e+01   2.4462e-03   1.4792e-02   2.7951e+02
20261002_12:00:00   8.1244e-01   1.5718e+02   1.4703e+01   1.0477e-02   6.2483e-03   2.7792e+02
20261002_13:00:00   7.7053e-01   1.5221e+02   1.4481e+01   1.0805e-03   1.2518e-03   2.7818e+02
20261002_14:00:00   7.5301e-01   1.4990e+02   1.4149e+01   3.5408e-03   6.6795e-04   2.8006e+02
20261002_15:00:00   6.8946e-01   1.4105e+02   1.2636e+01   1.1482e-02   6.3401e-04   2.8165e+02
20261002_16:00:00   7.1246e-01   1.4420e+02   1.3432e+01   0.0000e+00   3.0502e-04   2.8377e+02
20261002_17:00:00   7.1956e-01   1.4516e+02   1.3441e+01   0.0000e+00   7.5314e-05   2.8433e+02
20261002_18:00:00   7.1206e-01   1.4424e+02   1.3231e+01   0.0000e+00   2.4200e-06   2.8502e+02
20261002_19:00:00   8.1867e-01   1.5812e+02   1.4848e+01   0.0000e+00   1.3062e-05   2.8482e+02
20261002_20:00:00   8.0253e-01   1.5622e+02   1.4671e+01   0.0000e+00   2.3574e-05   2.8466e+02
20261002_21:00:00   7.8302e-01   1.5370e+02   1.4417e+01   0.0000e+00   1.6386e-03   2.8652e+02
20261002_22:00:00   7.9401e-01   1.5504e+02   1.4467e+01   3.8470e-05   2.1706e-03   2.8747e+02
20261002_23:00:00   7.7170e-01   1.5216e+02   1.4033e+01   0.0000e+00   1.1301e-03   2.8578e+02
20261003_00:00:00   7.4248e-01   1.4826e+02   1.3612e+01   0.0000e+00   1.6650e-03   2.8742e+02
20261003_01:00:00   7.3341e-01   1.4711e+02   1.3336e+01   0.0000e+00   1.6834e-03   2.8842e+02
20261003_02:00:00   7.4310e-01   1.4816e+02   1.3525e+01   0.0000e+00   2.6720e-05   2.8959e+02
20261003_03:00:00   7.1072e-01   1.4411e+02   1.2848e+01   0.0000e+00   0.0000e+00   2.8997e+02
20261003_04:00:00   6.7966e-01   1.3968e+02   1.2460e+01   0.0000e+00   0.0000e+00   2.8929e+02
20261003_05:00:00   6.4461e-01   1.3456e+02   1.1998e+01   0.0000e+00   3.6523e-04   2.8927e+02
20261003_06:00:00   6.2767e-01   1.3217e+02   1.1727e+01   0.0000e+00   0.0000e+00   2.8973e+02
20261003_07:00:00   6.1675e-01   1.3074e+02   1.1488e+01   0.0000e+00   0.0000e+00   2.8968e+02
20261003_08:00:00   6.1627e-01   1.3080e+02   1.1416e+01   0.0000e+00   0.0000e+00   2.9057e+02
20261003_09:00:00   6.1610e-01   1.3088e+02   1.1388e+01   0.0000e+00   0.0000e+00   2.9058e+02
20261003_10:00:00   6.2711e-01   1.3252e+02   1.1595e+01   0.0000e+00   0.0000e+00   2.9109e+02
20261003_11:00:00   6.2154e-01   1.3161e+02   1.1599e+01   0.0000e+00   0.0000e+00   2.9135e+02
20261003_12:00:00   6.1686e-01   1.3093e+02   1.1537e+01   0.0000e+00   0.0000e+00   2.9300e+02
20261003_13:00:00   6.1000e-01   1.2994e+02   1.1441e+01   0.0000e+00   0.0000e+00   2.9488e+02
20261003_14:00:00   5.5608e-01   1.2177e+02   1.0495e+01   0.0000e+00   0.0000e+00   2.9467e+02
20261003_15:00:00   4.9565e-01   1.1212e+02   9.4053e+00   0.0000e+00   0.0000e+00   2.9334e+02
20261003_16:00:00   4.7638e-01   1.0898e+02   8.9683e+00   0.0000e+00   0.0000e+00   2.9277e+02
20261003_17:00:00   4.6862e-01   1.0774e+02   8.7638e+00   0.0000e+00   0.0000e+00   2.9092e+02
20261003_18:00:00   4.5716e-01   1.0591e+02   8.5399e+00   0.0000e+00   0.0000e+00   2.9098e+02
20261003_19:00:00   4.4108e-01   1.0313e+02   8.2282e+00   0.0000e+00   0.0000e+00   2.8984e+02
20261003_20:00:00   4.1671e-01   9.8736e+01   7.8157e+00   0.0000e+00   0.0000e+00   2.8983e+02
20261003_21:00:00   3.9326e-01   9.4446e+01   7.4039e+00   0.0000e+00   0.0000e+00   2.9124e+02
20261003_22:00:00   3.5879e-01   8.7941e+01   6.8154e+00   0.0000e+00   3.7860e-05   2.9313e+02
20261003_23:00:00   3.3999e-01   8.4305e+01   6.4644e+00   0.0000e+00   0.0000e+00   2.9375e+02
20261004_00:00:00   3.5204e-01   8.6588e+01   6.6489e+00   0.0000e+00   0.0000e+00   2.9367e+02
20261004_01:00:00   3.8657e-01   9.3063e+01   7.2097e+00   0.0000e+00   0.0000e+00   2.9305e+02
20261004_02:00:00   3.7465e-01   9.0865e+01   6.9402e+00   0.0000e+00   0.0000e+00   2.9229e+02
20261004_03:00:00   3.5308e-01   8.6777e+01   6.5618e+00   0.0000e+00   0.0000e+00   2.9179e+02
20261004_04:00:00   3.1467e-01   7.9188e+01   5.9341e+00   0.0000e+00   0.0000e+00   2.8970e+02
20261004_05:00:00   2.8748e-01   7.3675e+01   5.4384e+00   0.0000e+00   0.0000e+00   2.8901e+02
20261004_06:00:00   2.7558e-01   7.1045e+01   5.3048e+00   0.0000e+00   0.0000e+00   2.8857e+02
20261004_07:00:00   2.5362e-01   6.6416e+01   4.9117e+00   0.0000e+00   2.6940e-05   2.8773e+02
20261004_08:00:00   2.4301e-01   6.4005e+01   4.8033e+00   0.0000e+00   2.6620e-04   2.8820e+02
20261004_09:00:00   2.5214e-01   6.5799e+01   5.1082e+00   0.0000e+00   1.8702e-05   2.8595e+02
20261004_10:00:00   2.5172e-01   6.5914e+01   5.0495e+00   0.0000e+00   6.0100e-06   2.8445e+02
20261004_11:00:00   2.5676e-01   6.7059e+01   5.1550e+00   0.0000e+00   0.0000e+00   2.8577e+02
20261004_12:00:00   2.7598e-01   7.1073e+01   5.5984e+00   0.0000e+00   5.0340e-05   2.8604e+02
20261004_13:00:00   3.1343e-01   7.8600e+01   6.4116e+00   0.0000e+00   2.6860e-04   2.8361e+02
20261004_14:00:00   3.2961e-01   8.1849e+01   6.7246e+00   0.0000e+00   1.4060e-03   2.8219e+02
20261004_15:00:00   3.3393e-01   8.2718e+01   6.8149e+00   0.0000e+00   6.0480e-07   2.8321e+02
20261004_16:00:00   3.0863e-01   7.7537e+01   6.3922e+00   0.0000e+00   6.0480e-07   2.8392e+02
20261004_17:00:00   2.8684e-01   7.2958e+01   6.0324e+00   0.0000e+00   2.5381e-05   2.8342e+02
20261004_18:00:00   2.7675e-01   7.0730e+01   5.9385e+00   0.0000e+00   2.0300e-04   2.8265e+02
20261004_19:00:00   2.7909e-01   7.1278e+01   6.0276e+00   0.0000e+00   3.7552e-04   2.8149e+02
20261004_20:00:00   2.9462e-01   7.4525e+01   6.3720e+00   0.0000e+00   1.6996e-04   2.8145e+02
20261004_21:00:00   3.0517e-01   7.6694e+01   6.5770e+00   0.0000e+00   6.3502e-06   2.8058e+02
20261004_22:00:00   3.0968e-01   7.7554e+01   6.6682e+00   0.0000e+00   1.7585e-04   2.8018e+02
20261004_23:00:00   3.1737e-01   7.9123e+01   6.7966e+00   0.0000e+00   1.7072e-03   2.8001e+02
20261005_00:00:00   3.3013e-01   8.1618e+01   7.0380e+00   0.0000e+00   4.4950e-03   2.8136e+02
20261005_01:00:00   3.2681e-01   8.0980e+01   6.9430e+00   0.0000e+00   2.0481e-03   2.8210e+02
20261005_02:00:00   3.1089e-01   7.7797e+01   6.6118e+00   0.0000e+00   2.1480e-03   2.8254e+02
20261005_03:00:00   2.8133e-01   7.1693e+01   6.0499e+00   0.0000e+00   2.3220e-03   2.8274e+02
20261005_04:00:00   2.6669e-01   6.8590e+01   5.7739e+00   0.0000e+00   1.3428e-03   2.8177e+02
20261005_05:00:00   2.6094e-01   6.7412e+01   5.6364e+00   0.0000e+00   1.2022e-05   2.8143e+02
20261005_06:00:00   2.4797e-01   6.4697e+01   5.3465e+00   0.0000e+00   0.0000e+00   2.8073e+02
20261005_07:00:00   2.3129e-01   6.1136e+01   4.9798e+00   0.0000e+00   0.0000e+00   2.7966e+02
20261005_08:00:00   2.3416e-01   6.1862e+01   4.9849e+00   0.0000e+00   0.0000e+00   2.7778e+02
20261005_09:00:00   2.4213e-01   6.3667e+01   5.1362e+00   0.0000e+00   0.0000e+00   2.7651e+02
20261005_10:00:00   2.5372e-01   6.6226e+01   5.3804e+00   0.0000e+00   0.0000e+00   2.7571e+02
20261005_11:00:00   2.6020e-01   6.7696e+01   5.5110e+00   0.0000e+00   0.0000e+00   2.7604e+02
20261005_12:00:00   2.6789e-01   6.9372e+01   5.6943e+00   0.0000e+00   0.0000e+00   2.7696e+02
20261005_13:00:00   2.7256e-01   7.0380e+01   5.8090e+00   0.0000e+00   0.0000e+00   2.7669e+02
20261005_14:00:00   2.7312e-01   7.0487e+01   5.8289e+00   0.0000e+00   0.0000e+00   2.7591e+02
20261005_15:00:00   2.7287e-01   7.0429e+01   5.8169e+00   0.0000e+00   0.0000e+00   2.7471e+02
20261005_16:00:00   2.7569e-01   7.1029e+01   5.8396e+00   0.0000e+00   0.0000e+00   2.7408e+02
20261005_17:00:00   2.6621e-01   6.8979e+01   5.6438e+00   0.0000e+00   0.0000e+00   2.7599e+02
20261005_18:00:00   2.4775e-01   6.5017e+01   5.2677e+00   0.0000e+00   0.0000e+00   2.7759e+02
20261005_19:00:00   2.3168e-01   6.1504e+01   4.9332e+00   0.0000e+00   0.0000e+00   2.7709e+02
20261005_20:00:00   2.0926e-01   5.6448e+01   4.4954e+00   0.0000e+00   0.0000e+00   2.7689e+02
20261005_21:00:00   1.9921e-01   5.4163e+01   4.3017e+00   0.0000e+00   0.0000e+00   2.7823e+02
20261005_22:00:00   1.9665e-01   5.3470e+01   4.2741e+00   0.0000e+00   0.0000e+00   2.7847e+02
20261005_23:00:00   2.0039e-01   5.4207e+01   4.3887e+00   0.0000e+00   0.0000e+00   2.7845e+02
20261006_00:00:00   2.0277e-01   5.4636e+01   4.4532e+00   0.0000e+00   0.0000e+00   2.7863e+02
20261006_01:00:00   2.0065e-01   5.4036e+01   4.4226e+00   0.0000e+00   0.0000e+00   2.7730e+02
20261006_02:00:00   2.0196e-01   5.4119e+01   4.4730e+00   0.0000e+00   0.0000e+00   2.7840e+02
20261006_03:00:00   2.0298e-01   5.4176e+01   4.5168e+00   0.0000e+00   0.0000e+00   2.8089e+02
20261006_04:00:00   2.0442e-01   5.4388e+01   4.5568e+00   0.0000e+00   0.0000e+00   2.8066e+02
20261006_05:00:00   2.0041e-01   5.3480e+01   4.4519e+00   0.0000e+00   0.0000e+00   2.8035e+02
20261006_06:00:00   2.0150e-01   5.3706e+01   4.4657e+00   0.0000e+00   0.0000e+00   2.8136e+02
20261006_09:00:00   2.1215e-01   5.6244e+01   4.6440e+00   0.0000e+00   0.0000e+00   2.8086e+02
20261006_12:00:00   2.6700e-01   6.8681e+01   5.6960e+00   0.0000e+00   0.0000e+00   2.8185e+02
20261006_15:00:00   2.6402e-01   6.8819e+01   5.3443e+00   0.0000e+00   0.0000e+00   2.8044e+02
20261006_18:00:00   2.4770e-01   6.5229e+01   5.0524e+00   0.0000e+00   0.0000e+00   2.8100e+02
20261006_21:00:00   1.9469e-01   5.3846e+01   3.9010e+00   0.0000e+00   0.0000e+00   2.8299e+02
20261007_00:00:00   2.1017e-01   5.7289e+01   4.1616e+00   0.0000e+00   0.0000e+00   2.8367e+02
20261007_03:00:00   2.0685e-01   5.6564e+01   4.1035e+00   0.0000e+00   0.0000e+00   2.8324e+02
20261007_06:00:00   2.1485e-01   5.8439e+01   4.2282e+00   0.0000e+00   0.0000e+00   2.8107e+02
20261007_09:00:00   2.0743e-01   5.6897e+01   4.0427e+00   0.0000e+00   0.0000e+00   2.8377e+02
20261007_12:00:00   2.0534e-01   5.6590e+01   4.0227e+00   0.0000e+00   0.0000e+00   2.8366e+02
20261007_15:00:00   1.9318e-01   5.3895e+01   3.7792e+00   0.0000e+00   0.0000e+00   2.8553e+02
20261007_18:00:00   1.4514e-01   4.2616e+01   2.8155e+00   0.0000e+00   0.0000e+00   2.8757e+02
20261007_21:00:00   1.3156e-01   3.9328e+01   2.5403e+00   0.0000e+00   0.0000e+00   2.9027e+02
20261008_00:00:00   1.4825e-01   4.3350e+01   2.8897e+00   0.0000e+00   0.0000e+00   2.9149e+02
20261008_03:00:00   1.7833e-01   5.0364e+01   3.5270e+00   0.0000e+00   0.0000e+00   2.9230e+02
20261008_06:00:00   1.9543e-01   5.4217e+01   3.9020e+00   0.0000e+00   0.0000e+00   2.9055e+02
20261008_09:00:00   1.9440e-01   5.4089e+01   3.8425e+00   0.0000e+00   0.0000e+00   2.8733e+02
20261008_12:00:00   1.9286e-01   5.3901e+01   3.8087e+00   0.0000e+00   0.0000e+00   2.8385e+02
20261008_15:00:00   1.7023e-01   4.8601e+01   3.3841e+00   0.0000e+00   0.0000e+00   2.8579e+02
20261008_18:00:00   1.5576e-01   4.5152e+01   3.1072e+00   0.0000e+00   0.0000e+00   2.8526e+02
20261008_21:00:00   1.3848e-01   4.0965e+01   2.7620e+00   0.0000e+00   0.0000e+00   2.8632e+02
20261009_00:00:00   1.4973e-01   4.3561e+01   3.0392e+00   0.0000e+00   0.0000e+00   2.8469e+02
20261009_03:00:00   2.2315e-01   5.9965e+01   4.6542e+00   0.0000e+00   0.0000e+00   2.8325e+02
20261009_06:00:00   2.3855e-01   6.3376e+01   4.9476e+00   0.0000e+00   0.0000e+00   2.8393e+02
20261009_09:00:00   2.4750e-01   6.5505e+01   5.0895e+00   0.0000e+00   0.0000e+00   2.8628e+02
20261009_12:00:00   2.3892e-01   6.3984e+01   4.8989e+00   0.0000e+00   0.0000e+00   2.8247e+02
20261009_15:00:00   2.0632e-01   5.6895e+01   4.2281e+00   0.0000e+00   0.0000e+00   2.8054e+02
20261009_18:00:00   2.6350e-01   6.9104e+01   5.5409e+00   0.0000e+00   0.0000e+00   2.7972e+02
20261009_21:00:00   2.8957e-01   7.3981e+01   6.1362e+00   0.0000e+00   0.0000e+00   2.7782e+02
20261010_00:00:00   2.8195e-01   7.2171e+01   5.9884e+00   0.0000e+00   8.1899e-03   2.7998e+02
20261010_03:00:00   2.8595e-01   7.3302e+01   6.0230e+00   0.0000e+00   3.7980e-03   2.7828e+02
20261010_06:00:00   4.3134e-01   1.0173e+02   8.8492e+00   0.0000e+00   2.3075e-02   2.7611e+02
20261010_09:00:00   5.1754e-01   1.1630e+02   1.0742e+01   0.0000e+00   5.6277e-03   2.7668e+02
20261010_12:00:00   8.1920e-01   1.5817e+02   1.5905e+01   1.4590e-02   1.0770e-01   2.7491e+02
20261010_15:00:00   8.0691e-01   1.5623e+02   1.6311e+01   1.2022e-04   1.1490e-01   2.7369e+02
20261010_18:00:00   8.0916e-01   1.5586e+02   1.6230e+01   0.0000e+00   2.0232e-01   2.7202e+02
20261010_21:00:00   8.8100e-01   1.6455e+02   1.7323e+01   0.0000e+00   2.7743e-01   2.7694e+02
20261011_00:00:00   9.1194e-01   1.6733e+02   1.7717e+01   0.0000e+00   7.1017e-01   2.7520e+02
20261011_03:00:00   1.0173e+00   1.7793e+02   1.8705e+01   1.7102e-02   3.3280e-01   2.7366e+02
20261011_06:00:00   1.2076e+00   1.9418e+02   1.7115e+01   1.4437e-01   1.7814e-01   2.7335e+02
20261011_09:00:00   9.0360e-01   1.6662e+02   1.7208e+01   4.7177e-03   1.7318e-01   2.7320e+02
20261011_12:00:00   9.6365e-01   1.7308e+02   1.8334e+01   4.6964e-04   3.1342e-01   2.7253e+02
20261011_15:00:00   1.5075e+00   2.1737e+02   1.9383e+01   1.7774e-01   2.9875e-01   2.7242e+02
20261011_18:00:00   1.0278e+00   1.8066e+02   1.7120e+01   3.5757e-02   1.5915e-02   2.7099e+02
20261011_21:00:00   9.1080e-01   1.6887e+02   1.6449e+01   2.9312e-04   1.0330e-03   2.7545e+02
20261012_00:00:00   8.0294e-01   1.5653e+02   1.4664e+01   0.0000e+00   0.0000e+00   2.7763e+02
20261012_03:00:00   7.8036e-01   1.5382e+02   1.4138e+01   0.0000e+00   0.0000e+00   2.7701e+02
20261012_06:00:00   7.5778e-01   1.5123e+02   1.3609e+01   0.0000e+00   0.0000e+00   2.7546e+02
20261012_09:00:00   7.7789e-01   1.5442e+02   1.3548e+01   3.3400e-06   0.0000e+00   2.7336e+02
20261012_12:00:00   8.0813e-01   1.5848e+02   1.4444e+01   0.0000e+00   0.0000e+00   2.7583e+02
20261012_15:00:00   8.5090e-01   1.6350e+02   1.4890e+01   1.2602e-02   7.4983e-04   2.7465e+02
20261012_18:00:00   7.2299e-01   1.4782e+02   1.3271e+01   5.5180e-05   0.0000e+00   2.7161e+02
20261012_21:00:00   7.7846e-01   1.5475e+02   1.4083e+01   0.0000e+00   0.0000e+00   2.7287e+02
20261013_00:00:00   7.6541e-01   1.5308e+02   1.4271e+01   0.0000e+00   2.5640e-03   2.7395e+02
20261013_03:00:00   7.3160e-01   1.4877e+02   1.3628e+01   0.0000e+00   5.9822e-03   2.7601e+02
20261013_06:00:00   7.5547e-01   1.5206e+02   1.4029e+01   0.0000e+00   1.2532e-03   2.7458e+02
20261013_09:00:00   1.0332e+00   1.8321e+02   1.8721e+01   0.0000e+00   4.4819e-02   2.7377e+02
20261013_12:00:00   1.3384e+00   2.0899e+02   2.0983e+01   7.3799e-02   3.4338e-02   2.7493e+02
20261013_15:00:00   1.3421e+00   2.0928e+02   2.1743e+01   6.0386e-02   3.7708e-02   2.7214e+02
20261013_18:00:00   2.3690e+00   2.5458e+02   2.4345e+01   4.1288e-01   3.7466e-02   2.7209e+02
20261013_21:00:00   2.6427e+00   2.6008e+02   2.3599e+01   5.6999e-01   1.1735e-01   2.7491e+02
20261014_00:00:00   1.1366e+00   1.9256e+02   2.1246e+01   4.5080e-04   1.1835e-01   2.7530e+02
20261014_03:00:00   1.1156e+00   1.9082e+02   2.0555e+01   0.0000e+00   1.1695e-02   2.7437e+02
20261014_06:00:00   1.0837e+00   1.8754e+02   1.8943e+01   2.9120e-02   3.2041e-03   2.7489e+02
20261014_09:00:00   1.0158e+00   1.8165e+02   1.8761e+01   1.7055e-04   9.5740e-05   2.7413e+02
20261014_12:00:00   1.6025e+00   2.2526e+02   2.0143e+01   2.1396e-01   4.8579e-02   2.7304e+02
20261014_15:00:00   1.1189e+00   1.9176e+02   1.9081e+01   3.9362e-02   2.4177e-02   2.7234e+02
20261014_18:00:00   1.1582e+00   1.9489e+02   1.9317e+01   5.5699e-02   6.0114e-02   2.7330e+02
20261014_21:00:00   1.1039e+00   1.8945e+02   1.8567e+01   4.8933e-02   7.5320e-02   2.7465e+02
20261015_00:00:00   8.9176e-01   1.6817e+02   1.6907e+01   4.0080e-05   6.5282e-03   2.7566e+02
20261015_03:00:00   8.4436e-01   1.6257e+02   1.6082e+01   9.6160e-05   3.1599e-03   2.7444e+02
20261015_06:00:00   7.0758e-01   1.4524e+02   1.3775e+01   0.0000e+00   1.7532e-05   2.7447e+02
20261015_09:00:00   6.6293e-01   1.3948e+02   1.2959e+01   0.0000e+00   3.2695e-02   2.7309e+02
20261015_12:00:00   7.1549e-01   1.4616e+02   1.4205e+01   2.9640e-03   7.0114e-03   2.7187e+02
20261015_15:00:00   9.7641e-01   1.7590e+02   1.6122e+01   7.5117e-02   1.9703e-01   2.7309e+02
20261015_18:00:00   9.3571e-01   1.7252e+02   1.6557e+01   3.4821e-02   1.3016e-01   2.7627e+02
20261015_21:00:00   6.6090e-01   1.3873e+02   1.3416e+01   0.0000e+00   6.3195e-02   2.7569e+02
20261016_00:00:00   6.5384e-01   1.3806e+02   1.3052e+01   0.0000e+00   1.8934e-02   2.7655e+02
20261016_03:00:00   6.4434e-01   1.3625e+02   1.2935e+01   0.0000e+00   6.5550e-03   2.7594e+02
20261016_06:00:00   5.8822e-01   1.2769e+02   1.1978e+01   0.0000e+00   1.7901e-05   2.7545e+02
20261016_09:00:00   6.3342e-01   1.3443e+02   1.2875e+01   0.0000e+00   0.0000e+00   2.7771e+02
20261016_12:00:00   6.0305e-01   1.2954e+02   1.2621e+01   0.0000e+00   8.7748e-03   2.7437e+02
20261016_15:00:00   7.0244e-01   1.4462e+02   1.4382e+01   0.0000e+00   4.6645e-03   2.7101e+02
20261016_18:00:00   6.4697e-01   1.3629e+02   1.3467e+01   0.0000e+00   2.7529e-04   2.7372e+02
20261016_21:00:00   7.5054e-01   1.4987e+02   1.5431e+01   0.0000e+00   6.8520e-02   2.7532e+02
20261017_00:00:00   8.1258e-01   1.5746e+02   1.6486e+01   0.0000e+00   1.4921e-02   2.7340e+02
20261017_03:00:00   8.5568e-01   1.6229e+02   1.7085e+01   0.0000e+00   7.2649e-02   2.7021e+02
20261017_06:00:00   8.1697e-01   1.5819e+02   1.6258e+01   4.3540e-06   4.9635e-04   2.7328e+02
