#            date       tau255        Tb[K]      pwv[mm] lwp[kg*m^-2] iwp[kg*m^-2]       o3[DU]
20260922_18:00:00   3.3205e-01   8.3116e+01   6.2945e+00   0.0000e+00   1.2978e-05   2.7865e+02
20260922_19:00:00   2.6011e-01   6.8326e+01   5.0416e+00   0.0000e+00   1.0684e-04   2.7866e+02
20260922_20:00:00   3.1579e-01   7.9813e+01   6.1211e+00   0.0000e+00   1.8080e-04   2.7875e+02
20260922_21:00:00   4.3103e-01   1.0170e+02   8.1607e+00   0.0000e+00   1.0762e-04   2.7826e+02
20260922_22:00:00   4.0017e-01   9.6309e+01   7.6002e+00   0.0000e+00   1.6544e-03   2.7794e+02
20260922_23:00:00   3.8873e-01   9.4146e+01   7.3624e+00   0.0000e+00   3.4980e-04   2.7653e+02
20260923_00:00:00   3.8817e-01   9.3899e+01   7.3369e+00   0.0000e+00   2.5460e-04   2.7590e+02
20260923_01:00:00   3.8372e-01   9.2923e+01   7.2839e+00   0.0000e+00   1.6314e-04   2.7584e+02
20260923_02:00:00   3.7427e-01   9.1021e+01   7.1355e+00   0.0000e+00   1.1884e-04   2.7571e+02
20260923_03:00:00   3.5566e-01   8.7474e+01   6.8058e+00   0.0000e+00   9.0700e-05   2.7489e+02
20260923_04:00:00   2.9984e-01   7.6416e+01   5.7881e+00   0.0000e+00   1.0428e-04   2.7472e+02
20260923_05:00:00   2.5652e-01   6.7529e+01   4.9155e+00   0.0000e+00   1.2120e-03   2.7476e+02
20260923_06:00:00   2.3564e-01   6.3051e+01   4.4754e+00   0.0000e+00   6.8200e-04   2.7548e+02
20260923_07:00:00   2.2453e-01   6.0628e+01   4.2465e+00   0.0000e+00   9.1160e-05   2.7632e+02
20260923_08:00:00   2.3972e-01   6.4007e+01   4.5303e+00   0.0000e+00   6.0734e-04   2.7701e+02
20260923_09:00:00   3.3601e-01   8.3973e+01   6.3229e+00   0.0000e+00   8.8022e-04   2.7738e+02
20260923_10:00:00   4.7670e-01   1.0970e+02   8.8952e+00   0.0000e+00   1.1892e-03   2.7706e+02
20260923_11:00:00   5.0132e-01   1.1393e+02   9.3394e+00   0.0000e+00   2.3293e-03   2.7580e+02
20260923_12:00:00   4.9517e-01   1.1306e+02   9.2264e+00   0.0000e+00   1.2964e-03   2.7435e+02
20260923_13:00:00   5.0116e-01   1.1409e+02   9.2929e+00   0.0000e+00   2.1704e-03   2.7358e+02
20260923_14:00:00   4.9514e-01   1.1308e+02   9.1988e+00   0.0000e+00   1.8322e-03   2.7320e+02
20260923_15:00:00   4.3726e-01   1.0325e+02   8.2149e+00   0.0000e+00   1.5654e-03   2.7228e+02
20260923_16:00:00   4.4763e-01   1.0500e+02   8.4996e+00   0.0000e+00   9.0357e-04   2.7168e+02
20260923_17:00:00   4.9481e-01   1.1299e+02   9.5488e+00   0.0000e+00   8.1583e-04   2.7142e+02
20260923_18:00:00   5.2668e-01   1.1795e+02   1.0241e+01   0.0000e+00   2.9102e-04   2.7148e+02
20260923_19:00:00   5.4052e-01   1.1997e+02   1.0541e+01   0.0000e+00   6.0464e-04   2.7207e+02
20260923_20:00:00   5.6215e-01   1.2317e+02   1.1018e+01   0.0000e+00   9.6836e-05   2.7216e+02
20260923_21:00:00   5.9804e-01   1.2840e+02   1.1716e+01   4.3540e-06   3.0755e-03   2.7213e+02
20260923_22:00:00   6.1006e-01   1.3023e+02   1.1760e+01   2.8860e-04   3.6121e-03   2.7221e+02
20260923_23:00:00   6.6421e-01   1.3760e+02   1.2720e+01   1.5758e-04   5.0411e-02   2.7099e+02
20260924_00:00:00   6.2549e-01   1.3221e+02   1.2047e+01   1.0882e-06   6.8509e-03   2.7089e+02
20260924_01:00:00   6.6797e-01   1.3795e+02   1.2762e+01   0.0000e+00   9.8139e-02   2.7013e+02
20260924_02:00:00   6.5835e-01   1.3688e+02   1.2134e+01   9.1600e-03   4.2354e-03   2.6946e+02
20260924_03:00:00   6.5482e-01   1.3677e+02   1.2331e+01   1.3662e-05   7.6143e-04   2.6857e+02
20260924_04:00:00   7.1033e-01   1.4449e+02   1.2919e+01   7.3040e-03   3.8815e-03   2.6921e+02
20260924_05:00:00   7.3185e-01   1.4778e+02   1.3457e+01   2.6560e-03   4.2579e-03   2.6953e+02
20260924_06:00:00   7.8029e-01   1.5409e+02   1.4313e+01   5.8900e-04   3.1329e-03   2.6995e+02
20260924_07:00:00   7.9601e-01   1.5608e+02   1.4628e+01   3.3400e-04   2.1917e-03   2.7038e+02
20260924_08:00:00   8.0027e-01   1.5655e+02   1.4788e+01   0.0000e+00   1.9028e-03   2.7104e+02
20260924_09:00:00   8.4855e-01   1.6237e+02   1.5507e+01   2.5124e-03   5.1284e-04   2.7090e+02
20260924_10:00:00   1.1920e+00   1.9554e+02   1.6280e+01   1.3178e-01   5.7263e-03   2.6985e+02
20260924_11:00:00   9.6790e-01   1.7532e+02   1.6016e+01   4.6136e-02   1.5273e-02   2.7071e+02
20260924_12:00:00   1.0944e+00   1.8721e+02   1.6416e+01   9.4936e-02   6.1113e-02   2.7094e+02
20260924_13:00:00   9.4177e-01   1.7272e+02   1.6400e+01   3.1633e-02   4.8376e-02   2.7050e+02
20260924_14:00:00   1.0060e+00   1.7925e+02   1.6781e+01   5.0782e-02   1.1831e-01   2.7093e+02
20260924_15:00:00   1.0624e+00   1.8462e+02   1.7231e+01   6.5130e-02   1.1776e-01   2.7120e+02
20260924_16:00:00   1.9792e+00   2.3901e+02   1.7776e+01   4.5730e-01   2.9790e-01   2.7067e+02
20260924_17:00:00   9.0450e-01   1.6919e+02   1.6914e+01   1.5558e-03   7.8156e-03   2.7110e+02
20260924_18:00:00   9.2004e-01   1.7088e+02   1.6719e+01   1.1026e-02   1.7323e-02   2.7067e+02
20260924_19:00:00   9.1001e-01   1.6978e+02   1.6880e+01   3.6603e-03   7.7329e-03   2.6875e+02
20260924_20:00:00   1.0040e+00   1.7918e+02   1.7636e+01   2.4879e-02   1.2361e-02   2.6858e+02
20260924_21:00:00   9.7125e-01   1.7587e+02   1.7825e+01   4.1245e-03   4.2913e-02   2.6842e+02
20260924_22:00:00   9.1592e-01   1.7017e+02   1.7042e+01   1.2730e-03   1.0464e-02   2.6889e+02
20260924_23:00:00   8.8538e-01   1.6638e+02   1.6649e+01   9.8862e-04   1.3405e-02   2.6969e+02
20260925_00:00:00   9.3220e-01   1.7126e+02   1.7441e+01   2.2232e-03   7.1802e-03   2.7010e+02
20260925_01:00:00   1.0002e+00   1.7787e+02   1.8547e+01   9.8904e-03   1.8047e-02   2.7024e+02
20260925_02:00:00   9.1516e-01   1.6907e+02   1.7351e+01   1.3414e-04   1.7220e-02   2.6978e+02
20260925_03:00:00   8.2126e-01   1.5841e+02   1.5461e+01   4.5043e-03   3.6977e-03   2.6845e+02
20260925_04:00:00   9.5048e-01   1.7276e+02   1.6726e+01   2.4662e-02   7.4402e-02   2.6895e+02
20260925_05:00:00   8.7309e-01   1.6471e+02   1.6365e+01   1.2222e-03   1.5738e-03   2.7091e+02
20260925_06:00:00   7.7907e-01   1.5363e+02   1.4655e+01   6.6380e-04   3.0210e-04   2.7261e+02
20260925_07:00:00   7.9410e-01   1.5525e+02   1.4855e+01   3.2957e-03   5.5044e-03   2.7213e+02
20260925_08:00:00   8.5826e-01   1.6250e+02   1.5592e+01   1.2454e-02   4.8491e-02   2.7232e+02
20260925_09:00:00   8.1529e-01   1.5768e+02   1.5452e+01   0.0000e+00   1.6674e-02   2.7220e+02
20260925_10:00:00   8.0177e-01   1.5622e+02   1.5252e+01   2.2496e-05   6.7114e-03   2.7296e+02
20260925_11:00:00   7.9885e-01   1.5607e+02   1.5184e+01   1.2022e-05   1.2483e-02   2.7239e+02
20260925_12:00:00   7.6597e-01   1.5231e+02   1.4634e+01   0.0000e+00   1.1501e-02   2.7011e+02
20260925_13:00:00   7.5360e-01   1.5073e+02   1.4478e+01   3.6060e-05   2.8591e-02   2.6661e+02
20260925_14:00:00   7.1973e-01   1.4636e+02   1.3894e+01   0.0000e+00   4.1004e-02   2.6319e+02
20260925_15:00:00   7.2344e-01   1.4696e+02   1.3984e+01   0.0000e+00   1.5775e-02   2.6384e+02
20260925_16:00:00   7.6231e-01   1.5197e+02   1.4630e+01   0.0000e+00   1.0313e-02   2.6340e+02
20260925_17:00:00   7.5878e-01   1.5162e+02   1.4625e+01   0.0000e+00   1.1597e-02   2.6448e+02
20260925_18:00:00   7.2755e-01   1.4763e+02   1.4078e+01   0.0000e+00   6.7880e-03   2.6706e+02
20260925_19:00:00   7.0748e-01   1.4505e+02   1.3649e+01   0.0000e+00   4.5340e-03   2.6782e+02
20260925_20:00:00   6.9130e-01   1.4297e+02   1.3295e+01   0.0000e+00   2.7160e-04   2.6931e+02
20260925_21:00:00   6.8091e-01   1.4156e+02   1.3070e+01   0.0000e+00   2.9000e-03   2.7035e+02
20260925_22:00:00   6.7055e-01   1.3983e+02   1.2908e+01   0.0000e+00   2.2680e-03   2.7198e+02
20260925_23:00:00   6.4123e-01   1.3575e+02   1.2396e+01   0.0000e+00   4.8082e-03   2.7286e+02
20260926_00:00:00   5.9990e-01   1.2980e+02   1.1609e+01   0.0000e+00   9.2959e-03   2.7385e+02
20260926_01:00:00   5.9877e-01   1.2950e+02   1.1548e+01   0.0000e+00   7.7801e-03   2.7506e+02
20260926_02:00:00   5.7538e-01   1.2605e+02   1.1020e+01   0.0000e+00   5.8079e-03   2.7595e+02
20260926_03:00:00   5.8930e-01   1.2809e+02   1.1269e+01   0.0000e+00   3.6142e-03   2.7487e+02
20260926_04:00:00   5.9436e-01   1.2864e+02   1.1413e+01   0.0000e+00   2.0301e-03   2.7364e+02
20260926_05:00:00   5.6458e-01   1.2383e+02   1.0893e+01   0.0000e+00   3.6281e-03   2.7235e+02
20260926_06:00:00   5.1710e-01   1.1607e+02   1.0058e+01   0.0000e+00   2.4220e-03   2.7229e+02
20260926_07:00:00   4.6835e-01   1.0772e+02   9.2064e+00   0.0000e+00   3.5065e-04   2.7290e+02
20260926_08:00:00   4.4671e-01   1.0409e+02   8.7853e+00   0.0000e+00   0.0000e+00   2.7488e+02
20260926_09:00:00   4.2950e-01   1.0109e+02   8.4992e+00   0.0000e+00   9.6160e-05   2.7578e+02
20260926_10:00:00   4.0245e-01   9.6172e+01   8.0374e+00   0.0000e+00   0.0000e+00   2.7571e+02
20260926_11:00:00   4.0565e-01   9.6822e+01   8.1093e+00   0.0000e+00   0.0000e+00   2.7491e+02
20260926_12:00:00   4.0957e-01   9.7577e+01   8.1782e+00   0.0000e+00   0.0000e+00   2.7483e+02
20260926_13:00:00   3.8711e-01   9.3449e+01   7.7745e+00   0.0000e+00   0.0000e+00   2.7601e+02
20260926_14:00:00   3.7472e-01   9.0940e+01   7.5974e+00   0.0000e+00   1.0882e-06   2.7782e+02
20260926_15:00:00   4.1083e-01   9.7546e+01   8.2839e+00   0.0000e+00   0.0000e+00   2.7821e+02
20260926_16:00:00   3.3819e-01   8.3671e+01   6.9048e+00   0.0000e+00   0.0000e+00   2.7800e+02
20260926_17:00:00   3.2590e-01   8.1145e+01   6.6562e+00   0.0000e+00   0.0000e+00   2.7875e+02
20260926_18:00:00   2.7891e-01   7.1554e+01   5.7421e+00   0.0000e+00   1.3110e-05   2.7872e+02
20260926_19:00:00   2.1916e-01   5.8748e+01   4.6025e+00   0.0000e+00   2.1740e-04   2.7906e+02
20260926_20:00:00   1.8959e-01   5.2015e+01   4.0121e+00   0.0000e+00   2.1600e-03   2.8035e+02
20260926_21:00:00   1.8496e-01   5.0965e+01   3.9089e+00   0.0000e+00   6.3568e-03   2.8136e+02
20260926_22:00:00   1.7557e-01   4.8703e+01   3.7231e+00   0.0000e+00   1.4155e-02   2.8278e+02
20260926_23:00:00   1.7968e-01   4.9665e+01   3.8105e+00   0.0000e+00   3.8433e-03   2.8289e+02
20260927_00:00:00   1.9943e-01   5.4138e+01   4.2101e+00   0.0000e+00   8.9940e-04   2.8323e+02
20260927_01:00:00   2.1627e-01   5.7952e+01   4.5427e+00   0.0000e+00   7.4260e-05   2.8284e+02
20260927_02:00:00   2.3461e-01   6.1968e+01   4.8976e+00   0.0000e+00   1.2996e-04   2.8130e+02
20260927_03:00:00   2.4277e-01   6.3749e+01   5.0540e+00   0.0000e+00   4.3120e-04   2.8003e+02
20260927_04:00:00   2.4313e-01   6.3867e+01   5.0467e+00   0.0000e+00   5.2200e-04   2.7927e+02
20260927_05:00:00   2.6013e-01   6.7539e+01   5.3637e+00   0.0000e+00   3.6520e-04   2.7806e+02
20260927_06:00:00   2.6671e-01   6.9059e+01   5.4770e+00   0.0000e+00   4.9400e-05   2.7928e+02
20260927_07:00:00   2.6129e-01   6.8113e+01   5.3527e+00   0.0000e+00   0.0000e+00   2.7983e+02
20260927_08:00:00   2.6643e-01   6.9485e+01   5.4513e+00   0.0000e+00   0.0000e+00   2.7889e+02
20260927_09:00:00   3.3001e-01   8.2225e+01   6.8321e+00   0.0000e+00   0.0000e+00   2.7998e+02
20260927_10:00:00   3.7241e-01   9.0123e+01   7.6419e+00   0.0000e+00   0.0000e+00   2.8041e+02
20260927_11:00:00   3.7675e-01   9.0878e+01   7.7214e+00   0.0000e+00   0.0000e+00   2.7930e+02
20260927_12:00:00   4.0053e-01   9.5385e+01   8.1792e+00   0.0000e+00   0.0000e+00   2.7647e+02
20260927_13:00:00   3.9341e-01   9.4125e+01   8.0255e+00   0.0000e+00   0.0000e+00   2.7643e+02
20260927_14:00:00   3.7330e-01   9.0369e+01   7.6358e+00   0.0000e+00   0.0000e+00   2.7864e+02
20260927_15:00:00   3.7114e-01   9.0080e+01   7.5918e+00   0.0000e+00   0.0000e+00   2.8023e+02
20260927_16:00:00   3.6516e-01   8.8961e+01   7.4520e+00   0.0000e+00   0.0000e+00   2.8154e+02
20260927_17:00:00   3.6397e-01   8.8643e+01   7.4177e+00   0.0000e+00   0.0000e+00   2.8142e+02
20260927_18:00:00   3.5796e-01   8.7359e+01   7.3310e+00   0.0000e+00   0.0000e+00   2.8053e+02
20260927_21:00:00   3.8461e-01   9.2439e+01   7.7841e+00   0.0000e+00   0.0000e+00   2.8203e+02
20260928_00:00:00   4.5520e-01   1.0552e+02   9.0541e+00   0.0000e+00   0.0000e+00   2.8271e+02
20260928_03:00:00   4.8133e-01   1.1005e+02   9.6421e+00   0.0000e+00   0.0000e+00   2.7803e+02
20260928_06:00:00   5.4129e-01   1.1924e+02   1.0788e+01   0.0000e+00   5.2840e-05   2.7765e+02
20260928_09:00:00   6.3923e-01   1.3221e+02   1.2632e+01   3.3740e-05   2.2478e-01   2.8159e+02
20260928_12:00:00   5.1986e-01   1.1528e+02   1.0411e+01   0.0000e+00   1.0959e-03   2.8369e+02
20260928_15:00:00   6.5450e-01   1.3586e+02   1.2834e+01   0.0000e+00   2.0683e-03   2.8166e+02
20260928_18:00:00   6.5134e-01   1.3662e+02   1.2285e+01   0.0000e+00   1.2946e-04   2.8130e+02
20260928_21:00:00   6.1868e-01   1.3212e+02   1.1735e+01   0.0000e+00   0.0000e+00   2.8280e+02
20260929_00:00:00   5.2790e-01   1.1800e+02   1.0242e+01   0.0000e+00   0.0000e+00   2.8393e+02
20260929_03:00:00   4.3234e-01   1.0149e+02   8.5608e+00   0.0000e+00   0.0000e+00   2.8241e+02
20260929_06:00:00   4.1862e-01   9.8630e+01   8.3334e+00   0.0000e+00   0.0000e+00   2.8232e+02
20260929_09:00:00   3.6497e-01   8.8572e+01   7.3961e+00   0.0000e+00   0.0000e+00   2.8125e+02
20260929_12:00:00   3.2047e-01   8.0289e+01   6.4836e+00   0.0000e+00   0.0000e+00   2.8354e+02
20260929_15:00:00   2.7123e-01   7.0305e+01   5.5908e+00   0.0000e+00   0.0000e+00   2.7976e+02
20260929_18:00:00   1.4263e-01   4.0960e+01   3.0463e+00   0.0000e+00   0.0000e+00   2.7975e+02
20260929_21:00:00   1.1533e-01   3.4102e+01   2.4749e+00   0.0000e+00   0.0000e+00   2.7986e+02
20260930_00:00:00   1.2273e-01   3.5814e+01   2.6434e+00   0.0000e+00   0.0000e+00   2.7915e+02
20260930_03:00:00   1.2360e-01   3.5952e+01   2.6599e+00   0.0000e+00   0.0000e+00   2.7807e+02
20260930_06:00:00   1.1937e-01   3.4961e+01   2.5557e+00   0.0000e+00   0.0000e+00   2.7920e+02
20260930_09:00:00   1.1777e-01   3.4708e+01   2.5041e+00   0.0000e+00   0.0000e+00   2.8068e+02
20260930_12:00:00   1.2332e-01   3.6292e+01   2.6050e+00   0.0000e+00   0.0000e+00   2.8075e+02
20260930_15:00:00   1.2531e-01   3.6875e+01   2.6382e+00   0.0000e+00   0.0000e+00   2.7623e+02
20260930_18:00:00   1.1558e-01   3.4498e+01   2.4330e+00   0.0000e+00   0.0000e+00   2.7589e+02
20260930_21:00:00   1.0894e-01   3.2837e+01   2.2895e+00   0.0000e+00   0.0000e+00   2.7581e+02
20261001_00:00:00   1.0610e-01   3.2052e+01   2.2276e+00   0.0000e+00   0.0000e+00   2.7510e+02
20261001_03:00:00   9.9294e-02   3.0319e+01   2.0612e+00   0.0000e+00   0.0000e+00   2.7333e+02
20261001_06:00:00   1.1536e-01   3.4403e+01   2.4028e+00   0.0000e+00   0.0000e+00   2.7273e+02
20261001_09:00:00   1.4301e-01   4.1339e+01   2.9922e+00   0.0000e+00   0.0000e+00   2.7165e+02
20261001_12:00:00   1.8446e-01   5.1073e+01   3.8969e+00   0.0000e+00   0.0000e+00   2.7060e+02
20261001_15:00:00   2.1892e-01   5.8850e+01   4.6056e+00   0.0000e+00   0.0000e+00   2.7075e+02
20261001_18:00:00   1.8407e-01   5.1013e+01   3.8582e+00   0.0000e+00   0.0000e+00   2.6947e+02
20261001_21:00:00   1.1749e-01   3.5049e+01   2.4447e+00   0.0000e+00   0.0000e+00   2.7160e+02
20261002_00:00:00   9.7063e-02   2.9850e+01   1.9965e+00   0.0000e+00   0.0000e+00   2.7460e+02
20261002_03:00:00   1.0046e-01   3.0672e+01   2.0613e+00   0.0000e+00   0.0000e+00   2.7502e+02
20261002_06:00:00   1.2853e-01   3.7698e+01   2.6550e+00   0.0000e+00   0.0000e+00   2.7902e+02
20261002_09:00:00   1.5711e-01   4.4684e+01   3.2604e+00   0.0000e+00   0.0000e+00   2.8090e+02
20261002_12:00:00   1.9572e-01   5.3333e+01   4.1561e+00   0.0000e+00   0.0000e+00   2.8079e+02
20261002_15:00:00   1.9192e-01   5.2392e+01   4.1456e+00   0.0000e+00   1.2454e-04   2.7762e+02
20261002_18:00:00   1.3556e-01   3.8754e+01   3.0135e+00   0.0000e+00   1.2022e-05   2.7674e+02
20261002_21:00:00   1.2362e-01   3.5620e+01   2.7852e+00   0.0000e+00   4.2266e-05   2.7594e+02
20261003_00:00:00   1.1227e-01   3.2730e+01   2.5281e+00   0.0000e+00   1.3964e-05   2.7771e+02
20261003_03:00:00   1.1055e-01   3.2412e+01   2.4837e+00   0.0000e+00   1.2022e-05   2.7529e+02
20261003_06:00:00   1.1151e-01   3.2738e+01   2.4917e+00   0.0000e+00   0.0000e+00   2.7504e+02
20261003_09:00:00   1.3117e-01   3.7514e+01   2.9685e+00   0.0000e+00   1.3126e-04   2.7390e+02
20261003_12:00:00   2.4596e-01   6.4061e+01   5.4937e+00   0.0000e+00   0.0000e+00   2.7366e+02
20261003_15:00:00   3.0641e-01   7.6965e+01   6.6842e+00   0.0000e+00   0.0000e+00   2.7442e+02
20261003_18:00:00   2.7590e-01   7.0675e+01   6.0756e+00   0.0000e+00   2.1760e-06   2.7610e+02
20261003_21:00:00   2.1334e-01   5.7140e+01   4.7481e+00   0.0000e+00   1.7461e-02   2.7692e+02
20261004_00:00:00   2.3563e-01   6.1348e+01   5.3409e+00   0.0000e+00   6.0598e-03   2.7545e+02
20261004_03:00:00   2.6121e-01   6.6555e+01   5.7784e+00   0.0000e+00   1.1660e-03   2.7883e+02
20261004_06:00:00   2.1787e-01   5.7454e+01   4.8301e+00   0.0000e+00   2.1020e-03   2.7993e+02
20261004_09:00:00   2.0765e-01   5.5321e+01   4.5707e+00   0.0000e+00   7.1841e-04   2.8111e+02
20261004_12:00:00   2.7650e-01   7.0785e+01   5.9494e+00   0.0000e+00   0.0000e+00   2.8163e+02
20261004_15:00:00   2.9955e-01   7.6005e+01   6.2787e+00   0.0000e+00   0.0000e+00   2.8111e+02
20261004_18:00:00   2.7847e-01   7.1951e+01   5.8065e+00   0.0000e+00   0.0000e+00   2.8026e+02
20261004_21:00:00   2.8767e-01   7.4382e+01   5.8994e+00   0.0000e+00   0.0000e+00   2.7651e+02
20261005_00:00:00   3.4450e-01   8.5162e+01   7.0919e+00   0.0000e+00   0.0000e+00   2.7392e+02
20261005_03:00:00   3.8044e-01   9.1609e+01   7.9440e+00   0.0000e+00   0.0000e+00   2.7033e+02
20261005_06:00:00   3.1389e-01   7.8583e+01   6.7098e+00   0.0000e+00   0.0000e+00   2.7400e+02
20261005_09:00:00   3.4522e-01   8.4774e+01   7.4089e+00   0.0000e+00   0.0000e+00   2.7216e+02
20261005_12:00:00   5.0525e-01   1.1372e+02   1.0527e+01   0.0000e+00   0.0000e+00   2.7301e+02
20261005_15:00:00   4.9194e-01   1.1166e+02   1.0223e+01   0.0000e+00   1.2194e-03   2.7404e+02
20261005_18:00:00   4.9073e-01   1.1191e+02   1.0141e+01   0.0000e+00   8.3340e-04   2.6936e+02
20261005_21:00:00   5.0876e-01   1.1478e+02   1.0363e+01   0.0000e+00   0.0000e+00   2.6990e+02
20261006_00:00:00   4.5673e-01   1.0635e+02   9.1521e+00   0.0000e+00   0.0000e+00   2.7030e+02
20261006_03:00:00   5.0991e-01   1.1568e+02   1.0048e+01   0.0000e+00   0.0000e+00   2.7026e+02
20261006_06:00:00   4.7388e-01   1.0965e+02   9.4526e+00   0.0000e+00   0.0000e+00   2.6867e+02
20261006_09:00:00   4.3734e-01   1.0332e+02   8.8292e+00   0.0000e+00   0.0000e+00   2.6820e+02
20261006_12:00:00   5.4235e-01   1.2124e+02   1.0811e+01   0.0000e+00   0.0000e+00   2.7125e+02
20261006_15:00:00   4.4845e-01   1.0472e+02   9.2445e+00   0.0000e+00   0.0000e+00   2.6971e+02
20261006_18:00:00   4.0834e-01   9.7839e+01   8.4429e+00   0.0000e+00   0.0000e+00   2.7234e+02
20261006_21:00:00   3.6649e-01   8.9529e+01   7.6414e+00   0.0000e+00   0.0000e+00   2.7220e+02
20261007_00:00:00   3.3966e-01   8.4269e+01   7.0807e+00   0.0000e+00   0.0000e+00   2.7047e+02
20261007_03:00:00   2.8779e-01   7.3871e+01   6.0142e+00   0.0000e+00   0.0000e+00   2.7111e+02
20261007_06:00:00   2.5469e-01   6.6890e+01   5.3448e+00   0.0000e+00   0.0000e+00   2.7079e+02
20261007_09:00:00   2.6257e-01   6.8583e+01   5.5097e+00   0.0000e+00   0.0000e+00   2.7012e+02
20261007_12:00:00   3.0842e-01   7.8426e+01   6.3709e+00   0.0000e+00   0.0000e+00   2.6850e+02
20261007_15:00:00   3.3594e-01   8.4037e+01   6.9697e+00   0.0000e+00   0.0000e+00   2.6881e+02
20261007_18:00:00   3.2557e-01   8.2344e+01   6.7350e+00   0.0000e+00   0.0000e+00   2.6906e+02
20261007_21:00:00   4.0259e-01   9.7034e+01   8.2109e+00   0.0000e+00   0.0000e+00   2.6801e+02
20261008_00:00:00   4.0055e-01   9.6341e+01   8.1239e+00   0.0000e+00   0.0000e+00   2.6944e+02
20261008_03:00:00   3.8470e-01   9.3621e+01   7.7552e+00   0.0000e+00   0.0000e+00   2.6772e+02
20261008_06:00:00   3.8462e-01   9.3845e+01   7.7023e+00   0.0000e+00   2.0880e-04   2.6675e+02
20261008_09:00:00   4.6212e-01   1.0818e+02   9.0002e+00   0.0000e+00   1.8032e-05   2.6823e+02
20261008_12:00:00   6.0111e-01   1.3075e+02   1.1703e+01   0.0000e+00   0.0000e+00   2.6635e+02
20261008_15:00:00   7.2716e-01   1.4804e+02   1.4250e+01   5.5440e-04   6.6109e-03   2.6688e+02
20261008_18:00:00   8.2283e-01   1.5952e+02   1.5768e+01   5.0280e-03   2.4080e-02   2.6760e+02
