#            date       tau255        Tb[K]      pwv[mm] lwp[kg*m^-2] iwp[kg*m^-2]       o3[DU]
20260828_00:00:00   4.4143e-01   1.0182e+02   8.8971e+00   0.0000e+00   3.4000e-05   2.8537e+02
20260828_01:00:00   4.2464e-01   9.8982e+01   8.5367e+00   0.0000e+00   0.0000e+00   2.8176e+02
20260828_02:00:00   4.1759e-01   9.7697e+01   8.4649e+00   0.0000e+00   7.9514e-04   2.7789e+02
20260828_03:00:00   4.1310e-01   9.6930e+01   8.3746e+00   0.0000e+00   4.1720e-05   2.7807e+02
20260828_04:00:00   4.0983e-01   9.6303e+01   8.3254e+00   0.0000e+00   6.0300e-04   2.7961e+02
20260828_05:00:00   4.1021e-01   9.6378e+01   8.3285e+00   0.0000e+00   1.4110e-03   2.7963e+02
20260828_06:00:00   4.1244e-01   9.6779e+01   8.3839e+00   0.0000e+00   3.9020e-04   2.7841e+02
20260828_07:00:00   4.1834e-01   9.7822e+01   8.5149e+00   0.0000e+00   0.0000e+00   2.7758e+02
20260828_08:00:00   4.2478e-01   9.8916e+01   8.6801e+00   0.0000e+00   0.0000e+00   2.7672e+02
20260828_09:00:00   4.2786e-01   9.9472e+01   8.7637e+00   0.0000e+00   0.0000e+00   2.7546e+02
20260828_10:00:00   4.3182e-01   1.0020e+02   8.8493e+00   0.0000e+00   4.9659e-05   2.7536e+02
20260828_11:00:00   4.4899e-01   1.0311e+02   9.2581e+00   0.0000e+00   1.0824e-03   2.7612e+02
20260828_12:00:00   4.7549e-01   1.0748e+02   9.8720e+00   0.0000e+00   2.0077e-02   2.7750e+02
20260828_13:00:00   4.7882e-01   1.0802e+02   9.9909e+00   0.0000e+00   2.6597e-03   2.7884e+02
20260828_14:00:00   4.7214e-01   1.0703e+02   9.8494e+00   0.0000e+00   2.5650e-03   2.8060e+02
20260828_15:00:00   4.7130e-01   1.0690e+02   9.8572e+00   0.0000e+00   1.5140e-04   2.8157e+02
20260828_16:00:00   4.7141e-01   1.0696e+02   9.8335e+00   0.0000e+00   1.2500e-03   2.8196e+02
20260828_17:00:00   4.7493e-01   1.0753e+02   9.9094e+00   0.0000e+00   1.5762e-03   2.8083e+02
20260828_18:00:00   4.7804e-01   1.0808e+02   9.9262e+00   0.0000e+00   1.4044e-04   2.7939e+02
20260828_19:00:00   4.7473e-01   1.0771e+02   9.7579e+00   0.0000e+00   1.4666e-04   2.7669e+02
20260828_20:00:00   4.7276e-01   1.0737e+02   9.6997e+00   0.0000e+00   0.0000e+00   2.7535e+02
20260828_21:00:00   4.6925e-01   1.0677e+02   9.5975e+00   0.0000e+00   3.0240e-07   2.7492e+02
20260828_22:00:00   4.7049e-01   1.0694e+02   9.5916e+00   0.0000e+00   0.0000e+00   2.7495e+02
20260828_23:00:00   4.5780e-01   1.0485e+02   9.3358e+00   0.0000e+00   2.6600e-05   2.7413e+02
20260829_00:00:00   4.4867e-01   1.0328e+02   9.1444e+00   0.0000e+00   6.6845e-04   2.7290e+02
20260829_01:00:00   4.5653e-01   1.0458e+02   9.3146e+00   0.0000e+00   1.3330e-03   2.7259e+02
20260829_02:00:00   4.5226e-01   1.0386e+02   9.1928e+00   0.0000e+00   2.6512e-03   2.7365e+02
20260829_03:00:00   4.3706e-01   1.0129e+02   8.8577e+00   0.0000e+00   9.7314e-04   2.7356e+02
20260829_04:00:00   4.2528e-01   9.9318e+01   8.5657e+00   0.0000e+00   2.4040e-05   2.7382e+02
20260829_05:00:00   4.1946e-01   9.8348e+01   8.4060e+00   0.0000e+00   0.0000e+00   2.7170e+02
20260829_06:00:00   4.1482e-01   9.7516e+01   8.3093e+00   0.0000e+00   3.0240e-07   2.7087e+02
20260829_07:00:00   4.1501e-01   9.7577e+01   8.3012e+00   0.0000e+00   4.1780e-05   2.6970e+02
20260829_08:00:00   4.1193e-01   9.7116e+01   8.2296e+00   0.0000e+00   1.4772e-04   2.6966e+02
20260829_09:00:00   4.0834e-01   9.6555e+01   8.1339e+00   0.0000e+00   0.0000e+00   2.6935e+02
20260829_10:00:00   4.0168e-01   9.5487e+01   7.9461e+00   0.0000e+00   5.3376e-05   2.6931e+02
20260829_11:00:00   3.9748e-01   9.4859e+01   7.8146e+00   0.0000e+00   7.3681e-04   2.7026e+02
20260829_12:00:00   3.9515e-01   9.4494e+01   7.7740e+00   0.0000e+00   7.3061e-04   2.7150e+02
20260829_13:00:00   4.0252e-01   9.5836e+01   7.9482e+00   0.0000e+00   5.7420e-05   2.7240e+02
20260829_14:00:00   4.1395e-01   9.7897e+01   8.1649e+00   0.0000e+00   1.6660e-04   2.7346e+02
20260829_15:00:00   3.9587e-01   9.4731e+01   7.8085e+00   0.0000e+00   0.0000e+00   2.7494e+02
20260829_16:00:00   3.8481e-01   9.2736e+01   7.5786e+00   0.0000e+00   1.3964e-05   2.7551e+02
20260829_17:00:00   3.8364e-01   9.2563e+01   7.5580e+00   0.0000e+00   0.0000e+00   2.7455e+02
20260829_18:00:00   3.8294e-01   9.2434e+01   7.5260e+00   0.0000e+00   0.0000e+00   2.7469e+02
20260829_19:00:00   3.6714e-01   8.9467e+01   7.2475e+00   0.0000e+00   7.8295e-06   2.7474e+02
20260829_20:00:00   3.6166e-01   8.8421e+01   7.1536e+00   0.0000e+00   6.0480e-07   2.7358e+02
20260829_21:00:00   3.5778e-01   8.7681e+01   7.0989e+00   0.0000e+00   0.0000e+00   2.7270e+02
20260829_22:00:00   3.5462e-01   8.7094e+01   7.0494e+00   0.0000e+00   0.0000e+00   2.7055e+02
20260829_23:00:00   3.5199e-01   8.6598e+01   6.9879e+00   0.0000e+00   0.0000e+00   2.7010e+02
20260830_00:00:00   3.4539e-01   8.5313e+01   6.8402e+00   0.0000e+00   0.0000e+00   2.6994e+02
20260830_01:00:00   3.3708e-01   8.3720e+01   6.6668e+00   0.0000e+00   0.0000e+00   2.6959e+02
20260830_02:00:00   3.3049e-01   8.2369e+01   6.5340e+00   0.0000e+00   0.0000e+00   2.7151e+02
20260830_03:00:00   3.3845e-01   8.3850e+01   6.6804e+00   0.0000e+00   3.0240e-07   2.7291e+02
20260830_04:00:00   3.4851e-01   8.5743e+01   6.8598e+00   0.0000e+00   0.0000e+00   2.7325e+02
20260830_05:00:00   3.6166e-01   8.8190e+01   7.1071e+00   0.0000e+00   1.2022e-05   2.7360e+02
20260830_06:00:00   3.7005e-01   8.9743e+01   7.2691e+00   0.0000e+00   3.0240e-07   2.7317e+02
20260830_07:00:00   3.8020e-01   9.1603e+01   7.4605e+00   0.0000e+00   1.4444e-05   2.7370e+02
20260830_08:00:00   3.8829e-01   9.3071e+01   7.6259e+00   0.0000e+00   1.0012e-04   2.7549e+02
20260830_09:00:00   3.9407e-01   9.4137e+01   7.7530e+00   0.0000e+00   2.0520e-05   2.7612e+02
20260830_10:00:00   3.9953e-01   9.5188e+01   7.8710e+00   0.0000e+00   4.1620e-04   2.7609e+02
20260830_11:00:00   4.0964e-01   9.7088e+01   8.0574e+00   0.0000e+00   7.8960e-05   2.7572e+02
20260830_12:00:00   4.2441e-01   9.9769e+01   8.3357e+00   0.0000e+00   2.8360e-04   2.7631e+02
20260830_13:00:00   4.3515e-01   1.0167e+02   8.5321e+00   0.0000e+00   1.2576e-04   2.7714e+02
20260830_14:00:00   4.4193e-01   1.0291e+02   8.6524e+00   0.0000e+00   6.2280e-05   2.7764e+02
20260830_15:00:00   4.5257e-01   1.0480e+02   8.8144e+00   0.0000e+00   2.0300e-04   2.7750e+02
20260830_16:00:00   4.5823e-01   1.0569e+02   8.9378e+00   0.0000e+00   6.8740e-04   2.7857e+02
20260830_17:00:00   4.6554e-01   1.0692e+02   9.0696e+00   0.0000e+00   4.3200e-04   2.7810e+02
20260830_18:00:00   4.6948e-01   1.0751e+02   9.1669e+00   0.0000e+00   1.7328e-04   2.7833e+02
20260830_19:00:00   4.7334e-01   1.0808e+02   9.2317e+00   0.0000e+00   9.3500e-05   2.8041e+02
20260830_20:00:00   4.7813e-01   1.0869e+02   9.3579e+00   0.0000e+00   7.8460e-05   2.8050e+02
20260830_21:00:00   4.8037e-01   1.0886e+02   9.4578e+00   0.0000e+00   8.3880e-04   2.8094e+02
20260830_22:00:00   4.8780e-01   1.0998e+02   9.6711e+00   0.0000e+00   1.3056e-03   2.8119e+02
20260830_23:00:00   4.8596e-01   1.0966e+02   9.6632e+00   0.0000e+00   1.0116e-03   2.8112e+02
20260831_00:00:00   4.8626e-01   1.0969e+02   9.6728e+00   0.0000e+00   1.2792e-03   2.7968e+02
20260831_01:00:00   4.7652e-01   1.0818e+02   9.4498e+00   0.0000e+00   3.3660e-05   2.7896e+02
20260831_02:00:00   4.7267e-01   1.0755e+02   9.3093e+00   0.0000e+00   0.0000e+00   2.7886e+02
20260831_03:00:00   4.8582e-01   1.0964e+02   9.5120e+00   0.0000e+00   2.7400e-04   2.7906e+02
20260831_04:00:00   5.0376e-01   1.1239e+02   9.7945e+00   7.0064e-04   4.0597e-03   2.8220e+02
20260831_05:00:00   5.7061e-01   1.2233e+02   1.0386e+01   1.6230e-02   2.8457e-02   2.8445e+02
20260831_06:00:00   6.1851e-01   1.2905e+02   1.0711e+01   2.8549e-02   7.5436e-02   2.9033e+02
20260831_07:00:00   5.8097e-01   1.2385e+02   1.0644e+01   1.0901e-02   6.3946e-02   2.9615e+02
20260831_08:00:00   5.3065e-01   1.1653e+02   1.0090e+01   1.8032e-04   4.2400e-03   2.9720e+02
20260831_09:00:00   5.0646e-01   1.1290e+02   9.6066e+00   0.0000e+00   6.2520e-05   2.9679e+02
20260831_10:00:00   4.9384e-01   1.1109e+02   9.2989e+00   0.0000e+00   0.0000e+00   3.0059e+02
20260831_11:00:00   4.9068e-01   1.1079e+02   9.1874e+00   0.0000e+00   0.0000e+00   3.0372e+02
20260831_12:00:00   4.7103e-01   1.0769e+02   8.8339e+00   0.0000e+00   2.6720e-06   3.0401e+02
20260831_13:00:00   4.3450e-01   1.0149e+02   8.2220e+00   0.0000e+00   0.0000e+00   3.0617e+02
20260831_14:00:00   3.8401e-01   9.2582e+01   7.2936e+00   0.0000e+00   0.0000e+00   3.0904e+02
20260831_15:00:00   3.5396e-01   8.7030e+01   6.6689e+00   0.0000e+00   0.0000e+00   3.0827e+02
20260831_16:00:00   3.2255e-01   8.1004e+01   5.9802e+00   0.0000e+00   0.0000e+00   3.1041e+02
20260831_17:00:00   2.5604e-01   6.7343e+01   4.7524e+00   0.0000e+00   0.0000e+00   3.1033e+02
20260831_18:00:00   2.1487e-01   5.8339e+01   3.9975e+00   0.0000e+00   0.0000e+00   3.1004e+02
20260831_19:00:00   1.9378e-01   5.3562e+01   3.6129e+00   0.0000e+00   0.0000e+00   3.0961e+02
20260831_20:00:00   1.9416e-01   5.3687e+01   3.6022e+00   0.0000e+00   0.0000e+00   3.0938e+02
20260831_21:00:00   1.7175e-01   4.8496e+01   3.1999e+00   0.0000e+00   0.0000e+00   3.0766e+02
20260831_22:00:00   1.9587e-01   5.4088e+01   3.6162e+00   0.0000e+00   0.0000e+00   3.0812e+02
20260831_23:00:00   2.0388e-01   5.5962e+01   3.7114e+00   0.0000e+00   0.0000e+00   3.0785e+02
20260901_00:00:00   1.7680e-01   4.9647e+01   3.2710e+00   0.0000e+00   0.0000e+00   3.0901e+02
20260901_01:00:00   1.6059e-01   4.5706e+01   3.0275e+00   0.0000e+00   0.0000e+00   3.0924e+02
20260901_02:00:00   1.3671e-01   4.0013e+01   2.5497e+00   0.0000e+00   0.0000e+00   3.0777e+02
20260901_03:00:00   1.1229e-01   3.3955e+01   2.0866e+00   0.0000e+00   0.0000e+00   3.0662e+02
20260901_04:00:00   1.0047e-01   3.0879e+01   1.8786e+00   0.0000e+00   0.0000e+00   3.0607e+02
20260901_05:00:00   9.8124e-02   3.0303e+01   1.8209e+00   0.0000e+00   0.0000e+00   3.0567e+02
20260901_06:00:00   8.8774e-02   2.7955e+01   1.6275e+00   0.0000e+00   0.0000e+00   3.0381e+02
20260901_07:00:00   8.4345e-02   2.6831e+01   1.5365e+00   0.0000e+00   0.0000e+00   3.0146e+02
20260901_08:00:00   8.8558e-02   2.7977e+01   1.6100e+00   0.0000e+00   0.0000e+00   3.0056e+02
20260901_09:00:00   9.3862e-02   2.9393e+01   1.7084e+00   0.0000e+00   0.0000e+00   3.0002e+02
20260901_10:00:00   1.0337e-01   3.1832e+01   1.9112e+00   0.0000e+00   0.0000e+00   2.9919e+02
20260901_11:00:00   1.1602e-01   3.5049e+01   2.1814e+00   0.0000e+00   0.0000e+00   2.9857e+02
20260901_12:00:00   1.1971e-01   3.5987e+01   2.2707e+00   0.0000e+00   0.0000e+00   2.9787e+02
20260901_13:00:00   1.2025e-01   3.6104e+01   2.2900e+00   0.0000e+00   0.0000e+00   2.9672e+02
20260901_14:00:00   1.2235e-01   3.6587e+01   2.3443e+00   0.0000e+00   0.0000e+00   2.9512e+02
20260901_15:00:00   1.0307e-01   3.1731e+01   1.9588e+00   0.0000e+00   0.0000e+00   2.9392e+02
20260901_16:00:00   1.0547e-01   3.2312e+01   2.0154e+00   0.0000e+00   0.0000e+00   2.9230e+02
20260901_17:00:00   1.0779e-01   3.2905e+01   2.0571e+00   0.0000e+00   0.0000e+00   2.9187e+02
20260901_18:00:00   8.9979e-02   2.8339e+01   1.6973e+00   0.0000e+00   0.0000e+00   2.9179e+02
20260901_19:00:00   8.0971e-02   2.5968e+01   1.5081e+00   0.0000e+00   0.0000e+00   2.9165e+02
20260901_20:00:00   7.7452e-02   2.5038e+01   1.4303e+00   0.0000e+00   0.0000e+00   2.9062e+02
20260901_21:00:00   7.4439e-02   2.4242e+01   1.3651e+00   0.0000e+00   0.0000e+00   2.8968e+02
20260901_22:00:00   7.3819e-02   2.4069e+01   1.3512e+00   0.0000e+00   0.0000e+00   2.8968e+02
20260901_23:00:00   7.3092e-02   2.3888e+01   1.3355e+00   0.0000e+00   0.0000e+00   2.8982e+02
20260902_00:00:00   7.2364e-02   2.3721e+01   1.3171e+00   0.0000e+00   0.0000e+00   2.8939e+02
20260902_03:00:00   7.1901e-02   2.3641e+01   1.3029e+00   0.0000e+00   0.0000e+00   2.8736e+02
20260902_06:00:00   1.2485e-01   3.7183e+01   2.4591e+00   0.0000e+00   0.0000e+00   2.8724e+02
20260902_09:00:00   2.2174e-01   5.9871e+01   4.4354e+00   0.0000e+00   0.0000e+00   2.8515e+02
20260902_12:00:00   2.4259e-01   6.4608e+01   4.8464e+00   0.0000e+00   0.0000e+00   2.8685e+02
20260902_15:00:00   2.7988e-01   7.2452e+01   5.6368e+00   0.0000e+00   0.0000e+00   2.8512e+02
20260902_18:00:00   3.5003e-01   8.6423e+01   6.9805e+00   0.0000e+00   0.0000e+00   2.8778e+02
20260902_21:00:00   3.2680e-01   8.1618e+01   6.6096e+00   0.0000e+00   0.0000e+00   2.8711e+02
20260903_00:00:00   2.5808e-01   6.7509e+01   5.2918e+00   0.0000e+00   0.0000e+00   2.8946e+02
20260903_03:00:00   2.9307e-01   7.4391e+01   6.0134e+00   0.0000e+00   0.0000e+00   2.8763e+02
20260903_06:00:00   2.7979e-01   7.1782e+01   5.6257e+00   0.0000e+00   0.0000e+00   2.8439e+02
20260903_09:00:00   1.9452e-01   5.3417e+01   3.8778e+00   0.0000e+00   0.0000e+00   2.8518e+02
20260903_12:00:00   1.2623e-01   3.7509e+01   2.4203e+00   0.0000e+00   0.0000e+00   2.8512e+02
20260903_15:00:00   8.5280e-02   2.7046e+01   1.5725e+00   0.0000e+00   0.0000e+00   2.8339e+02
20260903_18:00:00   8.6474e-02   2.7159e+01   1.6682e+00   0.0000e+00   0.0000e+00   2.8776e+02
20260903_21:00:00   1.0504e-01   3.2009e+01   2.0347e+00   0.0000e+00   0.0000e+00   2.8963e+02
20260904_00:00:00   6.2782e-02   2.1176e+01   1.0925e+00   0.0000e+00   0.0000e+00   2.8614e+02
20260904_03:00:00   7.7452e-02   2.5102e+01   1.3654e+00   0.0000e+00   0.0000e+00   2.8009e+02
20260904_06:00:00   5.7258e-02   1.9880e+01   8.7652e-01   0.0000e+00   0.0000e+00   2.7415e+02
20260904_09:00:00   4.2367e-02   1.5805e+01   5.6120e-01   0.0000e+00   0.0000e+00   2.7583e+02
20260904_12:00:00   6.0223e-02   2.0578e+01   9.4400e-01   0.0000e+00   0.0000e+00   2.6940e+02
20260904_15:00:00   7.3187e-02   2.3962e+01   1.2323e+00   0.0000e+00   0.0000e+00   2.6603e+02
20260904_18:00:00   5.8720e-02   2.0113e+01   9.7186e-01   0.0000e+00   0.0000e+00   2.6587e+02
20260904_21:00:00   5.6790e-02   1.9493e+01   9.7898e-01   0.0000e+00   0.0000e+00   2.6698e+02
20260905_00:00:00   5.6432e-02   1.9467e+01   9.6387e-01   0.0000e+00   0.0000e+00   2.6519e+02
20260905_03:00:00   5.6705e-02   1.9528e+01   9.7279e-01   0.0000e+00   0.0000e+00   2.6832e+02
20260905_06:00:00   5.6465e-02   1.9481e+01   9.5859e-01   0.0000e+00   0.0000e+00   2.6847e+02
20260905_09:00:00   6.2521e-02   2.1035e+01   1.1083e+00   0.0000e+00   0.0000e+00   2.6888e+02
20260905_12:00:00   7.5743e-02   2.4439e+01   1.4294e+00   0.0000e+00   0.0000e+00   2.6396e+02
20260905_15:00:00   8.6803e-02   2.7490e+01   1.6322e+00   0.0000e+00   0.0000e+00   2.6525e+02
20260905_18:00:00   7.5212e-02   2.4525e+01   1.3824e+00   0.0000e+00   0.0000e+00   2.6948e+02
20260905_21:00:00   7.0344e-02   2.3260e+01   1.2703e+00   0.0000e+00   0.0000e+00   2.6939e+02
20260906_00:00:00   6.7918e-02   2.2571e+01   1.2212e+00   0.0000e+00   0.0000e+00   2.6623e+02
20260906_03:00:00   6.8153e-02   2.2561e+01   1.2397e+00   0.0000e+00   0.0000e+00   2.6697e+02
20260906_06:00:00   6.7945e-02   2.2491e+01   1.2390e+00   0.0000e+00   0.0000e+00   2.6608e+02
20260906_09:00:00   6.7967e-02   2.2518e+01   1.2351e+00   0.0000e+00   0.0000e+00   2.6480e+02
20260906_12:00:00   7.1662e-02   2.3523e+01   1.3160e+00   0.0000e+00   0.0000e+00   2.6446e+02
20260906_15:00:00   7.6633e-02   2.4886e+01   1.4169e+00   0.0000e+00   0.0000e+00   2.6342e+02
20260906_18:00:00   6.6100e-02   2.2102e+01   1.1912e+00   0.0000e+00   0.0000e+00   2.6473e+02
20260906_21:00:00   6.2242e-02   2.1060e+01   1.1077e+00   0.0000e+00   0.0000e+00   2.6226e+02
20260907_00:00:00   6.1631e-02   2.0867e+01   1.0994e+00   0.0000e+00   0.0000e+00   2.6138e+02
20260907_03:00:00   5.9191e-02   2.0262e+01   1.0312e+00   0.0000e+00   0.0000e+00   2.6174e+02
20260907_06:00:00   6.1130e-02   2.0790e+01   1.0761e+00   0.0000e+00   0.0000e+00   2.6135e+02
20260907_09:00:00   6.2382e-02   2.1143e+01   1.1078e+00   0.0000e+00   0.0000e+00   2.6547e+02
20260907_12:00:00   7.5757e-02   2.4721e+01   1.3894e+00   0.0000e+00   0.0000e+00   2.6228e+02
20260907_15:00:00   8.9560e-02   2.8391e+01   1.6617e+00   0.0000e+00   0.0000e+00   2.6150e+02
20260907_18:00:00   6.6703e-02   2.2385e+01   1.1907e+00   0.0000e+00   0.0000e+00   2.6499e+02
20260907_21:00:00   5.8003e-02   2.0028e+01   1.0013e+00   0.0000e+00   0.0000e+00   2.6880e+02
20260908_00:00:00   5.7750e-02   1.9946e+01   9.9775e-01   0.0000e+00   0.0000e+00   2.6639e+02
20260908_03:00:00   5.7629e-02   1.9916e+01   9.9700e-01   0.0000e+00   0.0000e+00   2.6550e+02
20260908_06:00:00   6.1047e-02   2.0827e+01   1.0747e+00   0.0000e+00   0.0000e+00   2.6545e+02
20260908_09:00:00   6.6672e-02   2.2344e+01   1.1918e+00   0.0000e+00   0.0000e+00   2.6774e+02
20260908_12:00:00   8.1986e-02   2.6424e+01   1.5087e+00   0.0000e+00   0.0000e+00   2.7024e+02
20260908_15:00:00   8.7913e-02   2.8010e+01   1.6121e+00   0.0000e+00   0.0000e+00   2.6807e+02
20260908_18:00:00   7.2456e-02   2.3885e+01   1.3116e+00   0.0000e+00   0.0000e+00   2.7251e+02
20260908_21:00:00   6.9138e-02   2.2951e+01   1.2503e+00   0.0000e+00   0.0000e+00   2.7373e+02
20260909_00:00:00   7.4035e-02   2.4285e+01   1.3515e+00   0.0000e+00   0.0000e+00   2.7383e+02
20260909_03:00:00   8.0324e-02   2.5907e+01   1.4868e+00   0.0000e+00   0.0000e+00   2.7339e+02
20260909_06:00:00   8.9754e-02   2.8328e+01   1.6929e+00   0.0000e+00   0.0000e+00   2.7341e+02
20260909_09:00:00   8.9839e-02   2.8346e+01   1.7002e+00   0.0000e+00   0.0000e+00   2.7155e+02
20260909_12:00:00   9.5177e-02   2.9729e+01   1.8184e+00   0.0000e+00   0.0000e+00   2.7241e+02
20260909_15:00:00   8.9033e-02   2.7989e+01   1.7353e+00   0.0000e+00   0.0000e+00   2.7379e+02
20260909_18:00:00   9.2337e-02   2.8516e+01   1.8841e+00   0.0000e+00   0.0000e+00   2.7592e+02
20260909_21:00:00   8.7016e-02   2.7382e+01   1.7214e+00   0.0000e+00   0.0000e+00   2.7706e+02
20260910_00:00:00   9.6884e-02   2.9975e+01   1.9242e+00   0.0000e+00   0.0000e+00   2.7808e+02
20260910_03:00:00   1.0312e-01   3.1604e+01   2.0604e+00   0.0000e+00   0.0000e+00   2.7647e+02
20260910_06:00:00   1.0794e-01   3.2907e+01   2.1563e+00   0.0000e+00   0.0000e+00   2.7520e+02
20260910_09:00:00   1.3667e-01   4.0135e+01   2.7657e+00   0.0000e+00   0.0000e+00   2.7562e+02
20260910_12:00:00   1.8340e-01   5.1254e+01   3.8267e+00   0.0000e+00   0.0000e+00   2.7446e+02
20260910_15:00:00   1.9793e-01   5.4383e+01   4.2028e+00   0.0000e+00   0.0000e+00   2.7399e+02
20260910_18:00:00   2.1640e-01   5.8542e+01   4.6130e+00   0.0000e+00   0.0000e+00   2.7325e+02
20260910_21:00:00   2.6083e-01   6.8065e+01   5.5385e+00   0.0000e+00   0.0000e+00   2.7443e+02
20260911_00:00:00   2.7968e-01   7.2234e+01   5.8845e+00   0.0000e+00   0.0000e+00   2.7561e+02
20260911_03:00:00   2.9958e-01   7.6624e+01   6.2081e+00   0.0000e+00   0.0000e+00   2.7697e+02
20260911_06:00:00   3.1850e-01   8.0561e+01   6.5419e+00   0.0000e+00   0.0000e+00   2.7587e+02
20260911_09:00:00   3.0646e-01   7.8259e+01   6.2535e+00   0.0000e+00   0.0000e+00   2.7152e+02
20260911_12:00:00   4.2725e-01   1.0124e+02   8.7964e+00   0.0000e+00   0.0000e+00   2.7195e+02
20260911_15:00:00   4.7624e-01   1.0944e+02   9.9157e+00   0.0000e+00   0.0000e+00   2.7249e+02
20260911_18:00:00   4.5043e-01   1.0468e+02   9.3851e+00   0.0000e+00   0.0000e+00   2.7282e+02
20260911_21:00:00   3.5005e-01   8.6580e+01   7.2668e+00   0.0000e+00   0.0000e+00   2.7297e+02
20260912_00:00:00   3.3105e-01   8.2888e+01   6.8683e+00   0.0000e+00   0.0000e+00   2.7102e+02
20260912_03:00:00   3.0718e-01   7.8276e+01   6.2697e+00   0.0000e+00   0.0000e+00   2.7228e+02
20260912_06:00:00   2.8395e-01   7.3482e+01   5.8154e+00   0.0000e+00   0.0000e+00   2.7485e+02
20260912_09:00:00   2.4686e-01   6.5480e+01   5.0503e+00   0.0000e+00   0.0000e+00   2.7317e+02
20260912_12:00:00   2.6326e-01   6.8936e+01   5.4644e+00   0.0000e+00   0.0000e+00   2.7044e+02
20260912_15:00:00   3.0757e-01   7.8025e+01   6.4621e+00   0.0000e+00   0.0000e+00   2.6956e+02
20260912_18:00:00   3.2204e-01   8.0965e+01   6.7081e+00   0.0000e+00   0.0000e+00   2.6872e+02
20260912_21:00:00   2.5364e-01   6.6835e+01   5.2765e+00   0.0000e+00   0.0000e+00   2.6830e+02
20260913_00:00:00   2.4620e-01   6.5326e+01   5.0485e+00   0.0000e+00   0.0000e+00   2.7002e+02
