#            date       tau255        Tb[K]      pwv[mm] lwp[kg*m^-2] iwp[kg*m^-2]       o3[DU]
20260829_06:00:00   4.2766e-01   9.9835e+01   8.4814e+00   0.0000e+00   0.0000e+00   2.7170e+02
20260829_07:00:00   4.2421e-01   9.9277e+01   8.4302e+00   0.0000e+00   0.0000e+00   2.7103e+02
20260829_08:00:00   4.1826e-01   9.8329e+01   8.2993e+00   0.0000e+00   0.0000e+00   2.7130e+02
20260829_09:00:00   4.1174e-01   9.7207e+01   8.2092e+00   0.0000e+00   0.0000e+00   2.7212e+02
20260829_10:00:00   3.9756e-01   9.4795e+01   7.8857e+00   0.0000e+00   1.3360e-05   2.7164e+02
20260829_11:00:00   4.0318e-01   9.5919e+01   7.9369e+00   0.0000e+00   2.9140e-05   2.7142e+02
20260829_12:00:00   4.1222e-01   9.7593e+01   8.0998e+00   0.0000e+00   0.0000e+00   2.7217e+02
20260829_13:00:00   4.2835e-01   1.0046e+02   8.4060e+00   0.0000e+00   0.0000e+00   2.7628e+02
20260829_14:00:00   4.3805e-01   1.0220e+02   8.6037e+00   0.0000e+00   3.0240e-07   2.7846e+02
20260829_15:00:00   4.3631e-01   1.0192e+02   8.5639e+00   0.0000e+00   0.0000e+00   2.7865e+02
20260829_16:00:00   4.3473e-01   1.0174e+02   8.5406e+00   0.0000e+00   0.0000e+00   2.8013e+02
20260829_17:00:00   4.3118e-01   1.0104e+02   8.4576e+00   0.0000e+00   0.0000e+00   2.8019e+02
20260829_18:00:00   4.0985e-01   9.7165e+01   8.0998e+00   0.0000e+00   0.0000e+00   2.7811e+02
20260829_19:00:00   3.9456e-01   9.4352e+01   7.8512e+00   0.0000e+00   0.0000e+00   2.7579e+02
20260829_20:00:00   3.8813e-01   9.3159e+01   7.7434e+00   0.0000e+00   0.0000e+00   2.7443e+02
20260829_21:00:00   3.8252e-01   9.2172e+01   7.6385e+00   0.0000e+00   0.0000e+00   2.7587e+02
20260829_22:00:00   3.8836e-01   9.3264e+01   7.7399e+00   0.0000e+00   0.0000e+00   2.7800e+02
20260829_23:00:00   3.8336e-01   9.2327e+01   7.6349e+00   0.0000e+00   0.0000e+00   2.7859e+02
20260830_00:00:00   3.7858e-01   9.1414e+01   7.5433e+00   0.0000e+00   0.0000e+00   2.7922e+02
20260830_01:00:00   3.7553e-01   9.0793e+01   7.4824e+00   0.0000e+00   0.0000e+00   2.8013e+02
20260830_02:00:00   3.7406e-01   9.0442e+01   7.4704e+00   0.0000e+00   0.0000e+00   2.8094e+02
20260830_03:00:00   3.7789e-01   9.1089e+01   7.5412e+00   0.0000e+00   0.0000e+00   2.8148e+02
20260830_04:00:00   3.9061e-01   9.3381e+01   7.7769e+00   0.0000e+00   0.0000e+00   2.8092e+02
20260830_05:00:00   4.0282e-01   9.5512e+01   8.0211e+00   0.0000e+00   0.0000e+00   2.7933e+02
20260830_06:00:00   4.1692e-01   9.7979e+01   8.2814e+00   0.0000e+00   0.0000e+00   2.7813e+02
20260830_07:00:00   4.2384e-01   9.9175e+01   8.4089e+00   0.0000e+00   0.0000e+00   2.7823e+02
20260830_08:00:00   4.3085e-01   1.0041e+02   8.5387e+00   0.0000e+00   0.0000e+00   2.7850e+02
20260830_09:00:00   4.3734e-01   1.0161e+02   8.6505e+00   0.0000e+00   0.0000e+00   2.7938e+02
20260830_10:00:00   4.4795e-01   1.0354e+02   8.8326e+00   0.0000e+00   0.0000e+00   2.7988e+02
20260830_11:00:00   4.5813e-01   1.0539e+02   9.0063e+00   0.0000e+00   0.0000e+00   2.8082e+02
20260830_12:00:00   4.6840e-01   1.0718e+02   9.2132e+00   0.0000e+00   0.0000e+00   2.8260e+02
20260830_13:00:00   4.6923e-01   1.0736e+02   9.2602e+00   0.0000e+00   0.0000e+00   2.8351e+02
20260830_14:00:00   4.7177e-01   1.0781e+02   9.3225e+00   0.0000e+00   6.6800e-06   2.8360e+02
20260830_15:00:00   4.6618e-01   1.0689e+02   9.2318e+00   0.0000e+00   2.3660e-05   2.8310e+02
20260830_16:00:00   4.5843e-01   1.0561e+02   9.0746e+00   0.0000e+00   8.5840e-05   2.8343e+02
20260830_17:00:00   4.5640e-01   1.0522e+02   9.0782e+00   0.0000e+00   9.4920e-05   2.8271e+02
20260830_18:00:00   4.5359e-01   1.0472e+02   9.0538e+00   0.0000e+00   4.9300e-04   2.8157e+02
20260830_19:00:00   4.4154e-01   1.0260e+02   8.8614e+00   0.0000e+00   1.0156e-03   2.8156e+02
20260830_20:00:00   4.2146e-01   9.8889e+01   8.5448e+00   0.0000e+00   1.0242e-03   2.8208e+02
20260830_21:00:00   4.3409e-01   1.0103e+02   8.8035e+00   0.0000e+00   8.7560e-04   2.8284e+02
20260830_22:00:00   4.5842e-01   1.0522e+02   9.2061e+00   0.0000e+00   1.2790e-03   2.8252e+02
20260830_23:00:00   4.6233e-01   1.0578e+02   9.2819e+00   0.0000e+00   2.0143e-03   2.8166e+02
20260831_00:00:00   4.7328e-01   1.0743e+02   9.5034e+00   0.0000e+00   2.0860e-03   2.8086e+02
20260831_01:00:00   4.7721e-01   1.0799e+02   9.6064e+00   0.0000e+00   1.8996e-03   2.8167e+02
20260831_02:00:00   4.8301e-01   1.0884e+02   9.7319e+00   0.0000e+00   2.5060e-03   2.8320e+02
20260831_03:00:00   4.8286e-01   1.0880e+02   9.7173e+00   0.0000e+00   2.1940e-03   2.8360e+02
20260831_04:00:00   4.5272e-01   1.0393e+02   9.1158e+00   0.0000e+00   2.2336e-03   2.8209e+02
20260831_05:00:00   4.2501e-01   9.9256e+01   8.5419e+00   0.0000e+00   2.6377e-03   2.8213e+02
20260831_06:00:00   4.1626e-01   9.7819e+01   8.3129e+00   0.0000e+00   1.8415e-03   2.8368e+02
20260831_07:00:00   4.2069e-01   9.8692e+01   8.3473e+00   0.0000e+00   1.8476e-03   2.8450e+02
20260831_08:00:00   4.2228e-01   9.9030e+01   8.3646e+00   0.0000e+00   1.6378e-03   2.8637e+02
20260831_09:00:00   4.2675e-01   9.9812e+01   8.4982e+00   0.0000e+00   1.0834e-03   2.9083e+02
20260831_10:00:00   4.5247e-01   1.0414e+02   9.0688e+00   0.0000e+00   2.7382e-05   2.9476e+02
20260831_11:00:00   4.7712e-01   1.0824e+02   9.5593e+00   0.0000e+00   0.0000e+00   2.9654e+02
20260831_12:00:00   4.8858e-01   1.1017e+02   9.7663e+00   0.0000e+00   0.0000e+00   2.9666e+02
20260831_13:00:00   5.0173e-01   1.1228e+02   9.9979e+00   0.0000e+00   1.3152e-04   2.9840e+02
20260831_14:00:00   5.1249e-01   1.1417e+02   1.0162e+01   0.0000e+00   3.2907e-03   2.9857e+02
20260831_15:00:00   5.1706e-01   1.1517e+02   1.0198e+01   0.0000e+00   1.6242e-04   2.9982e+02
20260831_16:00:00   5.0543e-01   1.1341e+02   9.9816e+00   1.6782e-04   5.3344e-04   3.0236e+02
20260831_17:00:00   5.0750e-01   1.1361e+02   1.0059e+01   1.2500e-04   2.0625e-03   3.0396e+02
20260831_18:00:00   5.0611e-01   1.1321e+02   1.0089e+01   6.6800e-06   8.7458e-03   3.0390e+02
20260831_19:00:00   5.0343e-01   1.1263e+02   1.0098e+01   3.5800e-05   3.4457e-02   3.0379e+02
20260831_20:00:00   5.2436e-01   1.1587e+02   1.0462e+01   6.9220e-05   7.3272e-02   3.0259e+02
20260831_21:00:00   5.3879e-01   1.1812e+02   1.0689e+01   0.0000e+00   5.8097e-02   3.0181e+02
20260831_22:00:00   5.6326e-01   1.2189e+02   1.1077e+01   0.0000e+00   6.8941e-02   3.0205e+02
20260831_23:00:00   5.6535e-01   1.2227e+02   1.1099e+01   0.0000e+00   4.4241e-02   3.0362e+02
20260901_00:00:00   5.3176e-01   1.1729e+02   1.0413e+01   0.0000e+00   1.9026e-02   3.0401e+02
20260901_01:00:00   5.1671e-01   1.1484e+02   1.0119e+01   0.0000e+00   2.7444e-02   3.0384e+02
20260901_02:00:00   5.1622e-01   1.1473e+02   1.0124e+01   1.3110e-05   2.4563e-02   3.0390e+02
20260901_03:00:00   4.3497e-01   1.0140e+02   8.6467e+00   0.0000e+00   7.2520e-05   3.0360e+02
20260901_04:00:00   4.2051e-01   9.8914e+01   8.3084e+00   4.4232e-05   2.0538e-04   3.0527e+02
20260901_05:00:00   4.3538e-01   1.0145e+02   8.5789e+00   0.0000e+00   0.0000e+00   3.0584e+02
20260901_06:00:00   4.5834e-01   1.0519e+02   9.1214e+00   0.0000e+00   3.9800e-04   3.0699e+02
20260901_07:00:00   5.1077e-01   1.1390e+02   1.0030e+01   0.0000e+00   2.6720e-05   3.0537e+02
20260901_08:00:00   4.5241e-01   1.0480e+02   8.8002e+00   0.0000e+00   0.0000e+00   3.0257e+02
20260901_09:00:00   5.3669e-01   1.1830e+02   1.0456e+01   0.0000e+00   0.0000e+00   2.9908e+02
20260901_10:00:00   5.5884e-01   1.2162e+02   1.0908e+01   0.0000e+00   1.0294e-03   2.9901e+02
20260901_11:00:00   5.7692e-01   1.2448e+02   1.1201e+01   6.6800e-06   6.7320e-03   2.9586e+02
20260901_12:00:00   5.6192e-01   1.2243e+02   1.0913e+01   1.2096e-06   6.7900e-04   2.9640e+02
20260901_13:00:00   5.1450e-01   1.1527e+02   1.0019e+01   0.0000e+00   1.1010e-04   2.9424e+02
20260901_14:00:00   4.9566e-01   1.1222e+02   9.6679e+00   0.0000e+00   2.4040e-05   2.9351e+02
20260901_15:00:00   4.7908e-01   1.0956e+02   9.3660e+00   0.0000e+00   3.5103e-04   2.9113e+02
20260901_16:00:00   4.3451e-01   1.0176e+02   8.5914e+00   0.0000e+00   8.2920e-06   2.8870e+02
20260901_17:00:00   4.1093e-01   9.7125e+01   8.2499e+00   0.0000e+00   4.4980e-04   2.8925e+02
20260901_18:00:00   3.3573e-01   8.2977e+01   6.8039e+00   0.0000e+00   0.0000e+00   2.8936e+02
20260901_19:00:00   2.8083e-01   7.2157e+01   5.6837e+00   0.0000e+00   0.0000e+00   2.8954e+02
20260901_20:00:00   2.2874e-01   6.1261e+01   4.5743e+00   0.0000e+00   0.0000e+00   2.9073e+02
20260901_21:00:00   1.9245e-01   5.3225e+01   3.7989e+00   0.0000e+00   0.0000e+00   2.9077e+02
20260901_22:00:00   1.8614e-01   5.1768e+01   3.6890e+00   0.0000e+00   0.0000e+00   2.9014e+02
20260901_23:00:00   2.0244e-01   5.5509e+01   3.9861e+00   0.0000e+00   0.0000e+00   2.8783e+02
20260902_00:00:00   2.0852e-01   5.6848e+01   4.1002e+00   0.0000e+00   0.0000e+00   2.8579e+02
20260902_01:00:00   1.9560e-01   5.3933e+01   3.8258e+00   0.0000e+00   0.0000e+00   2.8435e+02
20260902_02:00:00   1.9501e-01   5.3731e+01   3.8528e+00   0.0000e+00   0.0000e+00   2.8555e+02
20260902_03:00:00   2.1269e-01   5.7732e+01   4.2099e+00   0.0000e+00   0.0000e+00   2.8640e+02
20260902_04:00:00   2.4853e-01   6.5746e+01   4.8286e+00   0.0000e+00   0.0000e+00   2.8514e+02
20260902_05:00:00   2.2538e-01   6.0622e+01   4.4357e+00   0.0000e+00   0.0000e+00   2.8499e+02
20260902_06:00:00   2.1541e-01   5.8397e+01   4.2335e+00   0.0000e+00   0.0000e+00   2.8542e+02
20260902_07:00:00   2.3127e-01   6.2045e+01   4.4859e+00   0.0000e+00   0.0000e+00   2.8558e+02
20260902_08:00:00   2.5059e-01   6.6304e+01   4.8483e+00   0.0000e+00   5.4420e-07   2.8601e+02
20260902_09:00:00   2.9461e-01   7.5624e+01   5.6595e+00   0.0000e+00   0.0000e+00   2.8552e+02
20260902_10:00:00   3.1331e-01   7.9466e+01   6.0193e+00   0.0000e+00   0.0000e+00   2.8580e+02
20260902_11:00:00   3.0744e-01   7.8338e+01   5.9571e+00   0.0000e+00   0.0000e+00   2.8417e+02
20260902_12:00:00   2.7912e-01   7.2524e+01   5.4467e+00   0.0000e+00   4.5420e-04   2.8194e+02
20260902_13:00:00   2.1245e-01   5.7977e+01   4.2143e+00   0.0000e+00   1.7436e-04   2.8266e+02
20260902_14:00:00   1.8839e-01   5.2510e+01   3.7038e+00   0.0000e+00   1.5588e-04   2.8308e+02
20260902_15:00:00   1.6583e-01   4.7202e+01   3.2736e+00   0.0000e+00   3.6340e-04   2.8293e+02
20260902_16:00:00   1.3427e-01   3.9499e+01   2.6486e+00   0.0000e+00   0.0000e+00   2.8337e+02
20260902_17:00:00   1.1162e-01   3.3785e+01   2.1894e+00   0.0000e+00   1.2456e-04   2.8350e+02
20260902_18:00:00   9.4174e-02   2.9371e+01   1.8102e+00   0.0000e+00   0.0000e+00   2.8385e+02
20260902_19:00:00   7.9627e-02   2.5603e+01   1.4969e+00   0.0000e+00   0.0000e+00   2.8497e+02
20260902_20:00:00   7.6105e-02   2.4638e+01   1.4217e+00   0.0000e+00   0.0000e+00   2.8471e+02
20260902_21:00:00   7.7578e-02   2.5025e+01   1.4521e+00   0.0000e+00   0.0000e+00   2.8553e+02
20260902_22:00:00   8.2961e-02   2.6427e+01   1.5678e+00   0.0000e+00   0.0000e+00   2.8572e+02
20260902_23:00:00   8.4387e-02   2.6829e+01   1.5904e+00   0.0000e+00   0.0000e+00   2.8558e+02
20260903_00:00:00   8.1505e-02   2.6074e+01   1.5265e+00   0.0000e+00   0.0000e+00   2.8404e+02
20260903_01:00:00   7.6797e-02   2.4862e+01   1.4157e+00   0.0000e+00   0.0000e+00   2.8328e+02
20260903_02:00:00   7.4809e-02   2.4364e+01   1.3603e+00   0.0000e+00   0.0000e+00   2.8373e+02
20260903_03:00:00   6.9897e-02   2.3078e+01   1.2473e+00   0.0000e+00   0.0000e+00   2.8365e+02
20260903_04:00:00   6.9175e-02   2.2881e+01   1.2299e+00   0.0000e+00   0.0000e+00   2.8302e+02
20260903_05:00:00   7.5397e-02   2.4501e+01   1.3689e+00   0.0000e+00   0.0000e+00   2.8223e+02
20260903_06:00:00   8.5867e-02   2.7238e+01   1.5813e+00   0.0000e+00   0.0000e+00   2.8083e+02
20260903_09:00:00   1.0251e-01   3.1201e+01   1.9969e+00   0.0000e+00   0.0000e+00   2.8076e+02
20260903_12:00:00   1.4375e-01   4.0839e+01   2.9221e+00   0.0000e+00   0.0000e+00   2.8708e+02
20260903_15:00:00   1.0849e-01   3.2472e+01   2.1531e+00   0.0000e+00   0.0000e+00   2.8780e+02
20260903_18:00:00   7.4087e-02   2.4127e+01   1.3175e+00   0.0000e+00   0.0000e+00   2.8819e+02
20260903_21:00:00   6.9012e-02   2.2912e+01   1.0917e+00   0.0000e+00   0.0000e+00   2.9218e+02
20260904_00:00:00   5.9874e-02   2.0421e+01   8.8259e-01   0.0000e+00   0.0000e+00   2.8804e+02
20260904_03:00:00   8.6779e-02   2.7291e+01   1.4055e+00   0.0000e+00   0.0000e+00   2.8753e+02
20260904_06:00:00   7.5203e-02   2.4398e+01   1.1960e+00   0.0000e+00   0.0000e+00   2.8451e+02
20260904_09:00:00   1.0926e-01   3.2866e+01   1.8306e+00   0.0000e+00   0.0000e+00   2.8170e+02
20260904_12:00:00   1.5132e-01   4.2933e+01   2.5791e+00   0.0000e+00   0.0000e+00   2.7826e+02
20260904_15:00:00   1.5062e-01   4.2820e+01   2.5904e+00   0.0000e+00   0.0000e+00   2.7800e+02
20260904_18:00:00   1.0333e-01   3.1482e+01   1.7846e+00   0.0000e+00   0.0000e+00   2.7889e+02
20260904_21:00:00   7.4395e-02   2.4243e+01   1.2354e+00   0.0000e+00   0.0000e+00   2.7657e+02
20260905_00:00:00   7.3274e-02   2.3960e+01   1.2332e+00   0.0000e+00   0.0000e+00   2.7376e+02
20260905_03:00:00   9.2893e-02   2.8999e+01   1.6575e+00   0.0000e+00   0.0000e+00   2.7406e+02
20260905_06:00:00   1.1570e-01   3.4743e+01   2.1005e+00   0.0000e+00   0.0000e+00   2.7194e+02
20260905_09:00:00   1.5076e-01   4.3346e+01   2.7176e+00   0.0000e+00   0.0000e+00   2.7377e+02
20260905_12:00:00   1.5629e-01   4.4691e+01   2.8292e+00   0.0000e+00   0.0000e+00   2.7182e+02
20260905_15:00:00   1.5186e-01   4.3679e+01   2.7351e+00   0.0000e+00   0.0000e+00   2.7081e+02
20260905_18:00:00   8.9015e-02   2.8175e+01   1.5935e+00   0.0000e+00   0.0000e+00   2.7042e+02
20260905_21:00:00   7.8555e-02   2.5244e+01   1.4560e+00   0.0000e+00   0.0000e+00   2.6806e+02
20260906_00:00:00   7.6931e-02   2.4702e+01   1.4648e+00   0.0000e+00   0.0000e+00   2.6585e+02
20260906_03:00:00   7.4390e-02   2.4025e+01   1.4175e+00   0.0000e+00   0.0000e+00   2.6661e+02
20260906_06:00:00   7.8348e-02   2.4964e+01   1.5201e+00   0.0000e+00   0.0000e+00   2.6447e+02
20260906_09:00:00   8.4687e-02   2.6689e+01   1.6564e+00   0.0000e+00   0.0000e+00   2.6479e+02
20260906_12:00:00   7.6513e-02   2.4686e+01   1.4459e+00   0.0000e+00   0.0000e+00   2.6348e+02
20260906_15:00:00   1.1413e-01   3.4337e+01   2.2663e+00   0.0000e+00   0.0000e+00   2.6042e+02
20260906_18:00:00   1.4140e-01   4.0921e+01   2.8411e+00   0.0000e+00   0.0000e+00   2.6246e+02
20260906_21:00:00   2.1269e-01   5.7500e+01   4.2507e+00   0.0000e+00   0.0000e+00   2.6150e+02
20260907_00:00:00   2.2994e-01   6.1420e+01   4.5561e+00   0.0000e+00   0.0000e+00   2.6181e+02
20260907_03:00:00   2.7537e-01   7.1223e+01   5.4253e+00   0.0000e+00   0.0000e+00   2.6210e+02
20260907_06:00:00   3.5876e-01   8.8127e+01   6.9833e+00   0.0000e+00   0.0000e+00   2.5920e+02
20260907_09:00:00   4.0960e-01   9.7650e+01   7.9261e+00   0.0000e+00   0.0000e+00   2.6136e+02
20260907_12:00:00   3.9396e-01   9.4680e+01   7.8091e+00   0.0000e+00   0.0000e+00   2.6230e+02
20260907_15:00:00   3.7265e-01   9.0133e+01   7.5206e+00   0.0000e+00   0.0000e+00   2.6212e+02
20260907_18:00:00   3.8835e-01   9.3670e+01   7.7484e+00   0.0000e+00   0.0000e+00   2.6172e+02
20260907_21:00:00   4.5781e-01   1.0620e+02   9.0234e+00   0.0000e+00   0.0000e+00   2.6169e+02
20260908_00:00:00   4.1078e-01   9.8082e+01   8.1986e+00   0.0000e+00   0.0000e+00   2.6229e+02
20260908_03:00:00   5.1009e-01   1.1425e+02   1.0236e+01   0.0000e+00   0.0000e+00   2.6132e+02
20260908_06:00:00   5.7582e-01   1.2384e+02   1.1512e+01   0.0000e+00   3.5148e-03   2.6171e+02
20260908_09:00:00   6.2001e-01   1.2999e+02   1.2372e+01   0.0000e+00   3.2096e-02   2.6105e+02
20260908_12:00:00   6.6151e-01   1.3593e+02   1.3154e+01   2.0220e-03   1.3032e-01   2.6008e+02
20260908_15:00:00   7.0999e-01   1.4251e+02   1.4243e+01   4.8080e-05   9.1949e-02   2.6080e+02
20260908_18:00:00   7.3909e-01   1.4622e+02   1.4806e+01   0.0000e+00   2.7393e-01   2.6131e+02
20260908_21:00:00   7.5016e-01   1.4725e+02   1.4886e+01   0.0000e+00   4.5243e-01   2.6454e+02
20260909_00:00:00   7.3865e-01   1.4570e+02   1.4731e+01   0.0000e+00   4.2837e-01   2.6440e+02
20260909_03:00:00   7.2575e-01   1.4408e+02   1.4563e+01   0.0000e+00   8.4998e-02   2.6435e+02
20260909_06:00:00   6.2523e-01   1.2897e+02   1.2725e+01   0.0000e+00   5.0698e-01   2.6848e+02
20260909_09:00:00   5.5385e-01   1.1821e+02   1.1578e+01   0.0000e+00   1.3957e-01   2.7159e+02
20260909_12:00:00   6.7136e-01   1.3580e+02   1.3569e+01   1.9300e-04   3.1586e-01   2.7067e+02
20260909_15:00:00   7.0592e-01   1.4091e+02   1.4211e+01   7.2120e-05   2.2183e-01   2.7236e+02
20260909_18:00:00   7.9479e-01   1.5265e+02   1.5635e+01   0.0000e+00   2.4861e-01   2.7478e+02
20260909_21:00:00   8.3089e-01   1.5766e+02   1.6120e+01   0.0000e+00   5.4215e-02   2.7776e+02
20260910_00:00:00   7.2265e-01   1.4450e+02   1.4222e+01   0.0000e+00   8.6795e-02   2.7640e+02
20260910_03:00:00   6.2884e-01   1.3162e+02   1.2486e+01   0.0000e+00   1.2418e-01   2.7848e+02
20260910_06:00:00   6.6577e-01   1.3665e+02   1.3256e+01   0.0000e+00   6.8042e-03   2.7653e+02
20260910_09:00:00   7.8431e-01   1.5184e+02   1.5395e+01   0.0000e+00   1.6588e-01   2.7476e+02
20260910_12:00:00   9.3170e-01   1.6863e+02   1.7644e+01   1.8060e-03   4.2455e-01   2.7687e+02
20260910_15:00:00   1.0368e+00   1.7912e+02   1.8689e+01   1.2174e-02   4.6817e-01   2.7544e+02
20260910_18:00:00   1.0257e+00   1.7830e+02   1.8719e+01   6.4817e-04   3.6452e-01   2.7506e+02
20260910_21:00:00   1.1209e+00   1.8700e+02   1.9062e+01   2.8644e-02   7.6128e-01   2.7416e+02
20260911_00:00:00   1.2333e+00   1.9676e+02   1.8054e+01   1.0995e-01   2.9745e-01   2.7492e+02
20260911_03:00:00   1.0975e+00   1.8575e+02   1.9074e+01   1.4972e-02   3.2669e-02   2.7638e+02
20260911_06:00:00   1.0761e+00   1.8386e+02   1.8827e+01   1.0356e-02   2.5561e-01   2.7290e+02
20260911_09:00:00   1.0206e+00   1.7848e+02   1.8305e+01   3.0730e-05   5.9886e-02   2.7238e+02
20260911_12:00:00   8.8486e-01   1.6539e+02   1.5144e+01   1.1110e-02   1.2012e-03   2.6903e+02
20260911_15:00:00   2.5341e+00   2.5294e+02   1.7378e+01   7.0791e-01   4.5232e-01   2.6879e+02
20260911_18:00:00   1.9211e+00   2.3607e+02   1.8949e+01   3.4984e-01   3.1572e-01   2.6614e+02
20260911_21:00:00   7.2306e-01   1.4457e+02   1.3460e+01   0.0000e+00   1.3824e-01   2.7124e+02
20260912_00:00:00   6.1290e-01   1.2986e+02   1.1375e+01   0.0000e+00   0.0000e+00   2.7537e+02
20260912_03:00:00   6.0233e-01   1.2819e+02   1.1138e+01   0.0000e+00   0.0000e+00   2.7393e+02
20260912_06:00:00   5.8770e-01   1.2635e+02   1.0733e+01   0.0000e+00   0.0000e+00   2.6707e+02
20260912_09:00:00   5.9179e-01   1.2749e+02   1.0530e+01   0.0000e+00   0.0000e+00   2.6035e+02
20260912_12:00:00   7.2624e-01   1.4664e+02   1.2691e+01   2.8980e-03   2.7780e-05   2.5731e+02
20260912_15:00:00   6.8575e-01   1.4117e+02   1.2156e+01   7.3548e-03   2.4307e-04   2.5891e+02
20260912_18:00:00   6.0597e-01   1.3039e+02   1.0944e+01   0.0000e+00   0.0000e+00   2.5626e+02
20260912_21:00:00   4.1619e-01   9.9179e+01   7.8217e+00   0.0000e+00   0.0000e+00   2.5610e+02
20260913_00:00:00   2.9992e-01   7.6721e+01   5.7348e+00   0.0000e+00   0.0000e+00   2.5819e+02
20260913_03:00:00   2.4675e-01   6.5412e+01   4.7466e+00   0.0000e+00   0.0000e+00   2.6131e+02
20260913_06:00:00   2.5289e-01   6.6812e+01   4.7490e+00   0.0000e+00   0.0000e+00   2.6383e+02
20260913_09:00:00   2.5093e-01   6.6396e+01   4.7163e+00   0.0000e+00   0.0000e+00   2.6469e+02
20260913_12:00:00   4.2422e-01   1.0086e+02   7.6740e+00   0.0000e+00   0.0000e+00   2.6681e+02
20260913_15:00:00   4.5064e-01   1.0578e+02   7.9696e+00   0.0000e+00   0.0000e+00   2.6861e+02
20260913_18:00:00   2.8219e-01   7.3366e+01   5.1331e+00   0.0000e+00   0.0000e+00   2.6983e+02
20260913_21:00:00   1.9834e-01   5.4842e+01   3.7865e+00   0.0000e+00   0.0000e+00   2.7155e+02
20260914_00:00:00   1.5564e-01   4.4705e+01   3.0338e+00   0.0000e+00   0.0000e+00   2.7302e+02
20260914_03:00:00   1.1794e-01   3.5410e+01   2.3111e+00   0.0000e+00   0.0000e+00   2.7392e+02
20260914_06:00:00   1.1269e-01   3.4044e+01   2.1958e+00   0.0000e+00   0.0000e+00   2.6903e+02
