#            date       tau255        Tb[K]      pwv[mm] lwp[kg*m^-2] iwp[kg*m^-2]       o3[DU]
20260910_06:00:00   7.5423e-01   1.4941e+02   1.4015e+01   0.0000e+00   0.0000e+00   2.7811e+02
20260910_07:00:00   7.1881e-01   1.4494e+02   1.3383e+01   0.0000e+00   0.0000e+00   2.7433e+02
20260910_08:00:00   7.0858e-01   1.4372e+02   1.3213e+01   0.0000e+00   0.0000e+00   2.7074e+02
20260910_09:00:00   7.0582e-01   1.4354e+02   1.3106e+01   0.0000e+00   0.0000e+00   2.6934e+02
20260910_10:00:00   6.9852e-01   1.4272e+02   1.2974e+01   0.0000e+00   0.0000e+00   2.6821e+02
20260910_11:00:00   7.3047e-01   1.4683e+02   1.3613e+01   4.8080e-05   5.8240e-05   2.6751e+02
20260910_12:00:00   8.2162e-01   1.5795e+02   1.3960e+01   3.2580e-02   5.2967e-03   2.6729e+02
20260910_13:00:00   8.6033e-01   1.6246e+02   1.4248e+01   4.1584e-02   7.0349e-02   2.6753e+02
20260910_14:00:00   8.2582e-01   1.5870e+02   1.4517e+01   1.9394e-02   5.7210e-02   2.6746e+02
20260910_15:00:00   7.7419e-01   1.5254e+02   1.4333e+01   3.8297e-03   3.7139e-02   2.6761e+02
20260910_16:00:00   7.7279e-01   1.5228e+02   1.4363e+01   2.8560e-03   3.5221e-02   2.6757e+02
20260910_17:00:00   7.5550e-01   1.5002e+02   1.4193e+01   3.3735e-05   2.5399e-02   2.6709e+02
20260910_18:00:00   7.3524e-01   1.4729e+02   1.3816e+01   1.5102e-03   3.2469e-02   2.6755e+02
20260910_19:00:00   7.2088e-01   1.4528e+02   1.3498e+01   2.0875e-03   7.9011e-02   2.6773e+02
20260910_20:00:00   6.7601e-01   1.3917e+02   1.2741e+01   1.1144e-04   9.8267e-03   2.6890e+02
20260910_21:00:00   6.4479e-01   1.3475e+02   1.2248e+01   1.0982e-04   1.2330e-03   2.6893e+02
20260910_22:00:00   6.0411e-01   1.2879e+02   1.1573e+01   0.0000e+00   1.3060e-06   2.6948e+02
20260910_23:00:00   5.8216e-01   1.2559e+02   1.1221e+01   0.0000e+00   0.0000e+00   2.7100e+02
20260911_00:00:00   5.8925e-01   1.2668e+02   1.1347e+01   0.0000e+00   0.0000e+00   2.7155e+02
20260911_01:00:00   5.9335e-01   1.2736e+02   1.1392e+01   0.0000e+00   0.0000e+00   2.7095e+02
20260911_02:00:00   6.0055e-01   1.2846e+02   1.1476e+01   0.0000e+00   0.0000e+00   2.7049e+02
20260911_03:00:00   5.9486e-01   1.2770e+02   1.1371e+01   0.0000e+00   0.0000e+00   2.7098e+02
20260911_04:00:00   5.9534e-01   1.2780e+02   1.1380e+01   0.0000e+00   0.0000e+00   2.7280e+02
20260911_05:00:00   5.9720e-01   1.2810e+02   1.1401e+01   0.0000e+00   0.0000e+00   2.7398e+02
20260911_06:00:00   5.9098e-01   1.2722e+02   1.1273e+01   0.0000e+00   0.0000e+00   2.7376e+02
20260911_07:00:00   5.9742e-01   1.2818e+02   1.1369e+01   0.0000e+00   0.0000e+00   2.7354e+02
20260911_08:00:00   6.1630e-01   1.3093e+02   1.1694e+01   0.0000e+00   0.0000e+00   2.7230e+02
20260911_09:00:00   6.3675e-01   1.3387e+02   1.2023e+01   0.0000e+00   0.0000e+00   2.7086e+02
20260911_10:00:00   6.4582e-01   1.3524e+02   1.2183e+01   0.0000e+00   2.6720e-06   2.7151e+02
20260911_11:00:00   6.5486e-01   1.3658e+02   1.2343e+01   1.2954e-03   1.5130e-03   2.7259e+02
20260911_12:00:00   6.4512e-01   1.3536e+02   1.2305e+01   2.9800e-04   1.6150e-03   2.7317e+02
20260911_13:00:00   6.5951e-01   1.3738e+02   1.2618e+01   1.3940e-03   2.7194e-03   2.7455e+02
20260911_14:00:00   6.6366e-01   1.3799e+02   1.2587e+01   4.7320e-03   4.6600e-03   2.7560e+02
20260911_15:00:00   7.0751e-01   1.4376e+02   1.2855e+01   1.7408e-02   2.5126e-02   2.7581e+02
20260911_16:00:00   7.1924e-01   1.4525e+02   1.3180e+01   1.3892e-02   5.6190e-02   2.7455e+02
20260911_17:00:00   6.9071e-01   1.4157e+02   1.3066e+01   3.2820e-03   3.6796e-02   2.7396e+02
20260911_18:00:00   6.7281e-01   1.3944e+02   1.2759e+01   1.2022e-05   4.6361e-03   2.7394e+02
20260911_19:00:00   7.1775e-01   1.4529e+02   1.2920e+01   1.5820e-02   6.4304e-04   2.7370e+02
20260911_20:00:00   7.1195e-01   1.4445e+02   1.3304e+01   4.7360e-03   6.0776e-04   2.7280e+02
20260911_21:00:00   6.9623e-01   1.4233e+02   1.3265e+01   0.0000e+00   3.5020e-05   2.7150e+02
20260911_22:00:00   7.2462e-01   1.4587e+02   1.3827e+01   0.0000e+00   1.1544e-03   2.7073e+02
20260911_23:00:00   7.7340e-01   1.5181e+02   1.4709e+01   0.0000e+00   2.0753e-02   2.7061e+02
20260912_00:00:00   8.1921e-01   1.5702e+02   1.5600e+01   0.0000e+00   3.4743e-02   2.7180e+02
20260912_01:00:00   8.1995e-01   1.5705e+02   1.5565e+01   9.5483e-04   2.9952e-02   2.7171e+02
20260912_02:00:00   8.5386e-01   1.6081e+02   1.6056e+01   1.8032e-05   1.2525e-01   2.7093e+02
20260912_03:00:00   8.3707e-01   1.5900e+02   1.5705e+01   4.3300e-05   1.2649e-02   2.7050e+02
20260912_04:00:00   8.6363e-01   1.6209e+02   1.6136e+01   5.2920e-05   1.9511e-02   2.6993e+02
20260912_05:00:00   8.7936e-01   1.6401e+02   1.6493e+01   0.0000e+00   1.4741e-02   2.7017e+02
20260912_06:00:00   8.4764e-01   1.6064e+02   1.6053e+01   0.0000e+00   2.2728e-02   2.6917e+02
20260912_07:00:00   8.6342e-01   1.6242e+02   1.6323e+01   0.0000e+00   1.8225e-02   2.6959e+02
20260912_08:00:00   8.9609e-01   1.6594e+02   1.6790e+01   0.0000e+00   1.5446e-01   2.7046e+02
20260912_09:00:00   8.5007e-01   1.6114e+02   1.5796e+01   4.2589e-03   1.9316e-02   2.6830e+02
20260912_10:00:00   8.7745e-01   1.6425e+02   1.5804e+01   1.2952e-02   2.2364e-02   2.6801e+02
20260912_11:00:00   9.0407e-01   1.6731e+02   1.5687e+01   2.6496e-02   3.9429e-02   2.6797e+02
20260912_12:00:00   8.3362e-01   1.5964e+02   1.5384e+01   4.2541e-03   2.9627e-02   2.6839e+02
20260912_13:00:00   9.2993e-01   1.7003e+02   1.4953e+01   5.8774e-02   8.6111e-02   2.6693e+02
20260912_14:00:00   8.9067e-01   1.6589e+02   1.5053e+01   3.9616e-02   1.1678e-01   2.6776e+02
20260912_15:00:00   8.2371e-01   1.5875e+02   1.5233e+01   3.1399e-03   6.6420e-02   2.6952e+02
20260912_16:00:00   8.5027e-01   1.6184e+02   1.5834e+01   3.8904e-05   2.0155e-02   2.6954e+02
20260912_17:00:00   8.4494e-01   1.6116e+02   1.5843e+01   0.0000e+00   5.2612e-04   2.7094e+02
20260912_18:00:00   8.1672e-01   1.5811e+02   1.5291e+01   4.3540e-06   1.0883e-05   2.7119e+02
20260912_19:00:00   8.5933e-01   1.6286e+02   1.5926e+01   0.0000e+00   5.0430e-03   2.7116e+02
20260912_20:00:00   7.9311e-01   1.5532e+02   1.4755e+01   0.0000e+00   4.5140e-05   2.7020e+02
20260912_21:00:00   7.8140e-01   1.5383e+02   1.4636e+01   0.0000e+00   6.3900e-05   2.6991e+02
20260912_22:00:00   8.0242e-01   1.5612e+02   1.5026e+01   0.0000e+00   1.4779e-03   2.7005e+02
20260912_23:00:00   8.4311e-01   1.6072e+02   1.5410e+01   6.8024e-03   4.1483e-02   2.7061e+02
20260913_00:00:00   7.9864e-01   1.5550e+02   1.4934e+01   5.9120e-04   1.2024e-03   2.7000e+02
20260913_01:00:00   7.7684e-01   1.5297e+02   1.4535e+01   0.0000e+00   7.8640e-05   2.7142e+02
20260913_02:00:00   8.6519e-01   1.6291e+02   1.6026e+01   5.6780e-05   1.6634e-01   2.7287e+02
20260913_03:00:00   8.9085e-01   1.6565e+02   1.6266e+01   2.7538e-03   1.5007e-01   2.7340e+02
20260913_04:00:00   9.1763e-01   1.6868e+02   1.6731e+01   3.4548e-03   9.4318e-02   2.7389e+02
20260913_05:00:00   9.8197e-01   1.7502e+02   1.7631e+01   8.3439e-03   9.7161e-02   2.7519e+02
20260913_06:00:00   9.7502e-01   1.7432e+02   1.7648e+01   2.2389e-03   2.8260e-03   2.7329e+02
20260913_07:00:00   1.8723e+00   2.3388e+02   2.0251e+01   3.0336e-01   1.1744e+00   2.7255e+02
20260913_08:00:00   1.5982e+00   2.2195e+02   1.8457e+01   2.3594e-01   8.8993e-02   2.7305e+02
20260913_09:00:00   2.0213e+00   2.4028e+02   1.9574e+01   3.9406e-01   6.8854e-01   2.7188e+02
20260913_10:00:00   1.4632e+00   2.1409e+02   1.9021e+01   1.6304e-01   1.9463e-01   2.7177e+02
20260913_11:00:00   1.2588e+00   2.0027e+02   1.8940e+01   7.8942e-02   1.2784e-01   2.7075e+02
20260913_12:00:00   1.3291e+00   2.0523e+02   1.9528e+01   9.3293e-02   2.3656e-01   2.6949e+02
20260913_13:00:00   1.6646e+00   2.2538e+02   1.9691e+01   2.2374e-01   2.3229e-01   2.6942e+02
20260913_14:00:00   1.0224e+00   1.7924e+02   1.7993e+01   2.8041e-03   1.2097e-02   2.7001e+02
20260913_15:00:00   1.4206e+00   2.1084e+02   1.8985e+01   1.4601e-01   1.0794e-01   2.7166e+02
20260913_16:00:00   8.4567e-01   1.6018e+02   1.5461e+01   0.0000e+00   2.9631e-03   2.7362e+02
20260913_17:00:00   6.8131e-01   1.3926e+02   1.2840e+01   0.0000e+00   4.8080e-06   2.7578e+02
20260913_18:00:00   6.1098e-01   1.2900e+02   1.1718e+01   0.0000e+00   0.0000e+00   2.7904e+02
20260913_19:00:00   5.8747e-01   1.2539e+02   1.1269e+01   0.0000e+00   0.0000e+00   2.7960e+02
20260913_20:00:00   5.6887e-01   1.2239e+02   1.0857e+01   0.0000e+00   4.8080e-06   2.8034e+02
20260913_21:00:00   5.4870e-01   1.1905e+02   1.0434e+01   0.0000e+00   6.7320e-05   2.8184e+02
20260913_22:00:00   4.9446e-01   1.1020e+02   9.4320e+00   1.2900e-03   4.8080e-06   2.8312e+02
20260913_23:00:00   5.2474e-01   1.1525e+02   8.3639e+00   3.5928e-02   4.8080e-05   2.8419e+02
20260914_00:00:00   3.3790e-01   8.1351e+01   6.6397e+00   1.0580e-03   0.0000e+00   2.8723e+02
20260914_01:00:00   1.9934e-01   5.2628e+01   4.0377e+00   6.0880e-06   0.0000e+00   2.9242e+02
20260914_02:00:00   1.2556e-01   3.6223e+01   2.3853e+00   4.8820e-05   0.0000e+00   2.9786e+02
20260914_03:00:00   7.8894e-02   2.5209e+01   1.2859e+00   2.6680e-05   0.0000e+00   3.0309e+02
20260914_04:00:00   7.6942e-02   2.4781e+01   1.2201e+00   0.0000e+00   0.0000e+00   3.0488e+02
20260914_05:00:00   8.0990e-02   2.5832e+01   1.3210e+00   0.0000e+00   0.0000e+00   2.9855e+02
20260914_06:00:00   8.1844e-02   2.6059e+01   1.3524e+00   0.0000e+00   0.0000e+00   2.9516e+02
20260914_07:00:00   8.9908e-02   2.8093e+01   1.5225e+00   0.0000e+00   0.0000e+00   2.9271e+02
20260914_08:00:00   1.0394e-01   3.1601e+01   1.7854e+00   0.0000e+00   0.0000e+00   2.9002e+02
20260914_09:00:00   1.1190e-01   3.3549e+01   1.9440e+00   0.0000e+00   0.0000e+00   2.8894e+02
20260914_10:00:00   1.2210e-01   3.6038e+01   2.1535e+00   0.0000e+00   0.0000e+00   2.8894e+02
20260914_11:00:00   1.1582e-01   3.4555e+01   2.0742e+00   0.0000e+00   0.0000e+00   2.8769e+02
20260914_12:00:00   1.2295e-01   3.6303e+01   2.2302e+00   0.0000e+00   0.0000e+00   2.8672e+02
20260914_13:00:00   1.2641e-01   3.7132e+01   2.3418e+00   0.0000e+00   0.0000e+00   2.8647e+02
20260914_14:00:00   1.1086e-01   3.3224e+01   2.1410e+00   0.0000e+00   0.0000e+00   2.8555e+02
20260914_15:00:00   1.1192e-01   3.3412e+01   2.2088e+00   0.0000e+00   0.0000e+00   2.8426e+02
20260914_16:00:00   1.0298e-01   3.1092e+01   2.0776e+00   0.0000e+00   0.0000e+00   2.8464e+02
20260914_17:00:00   1.0720e-01   3.2006e+01   2.2273e+00   0.0000e+00   0.0000e+00   2.8512e+02
20260914_18:00:00   1.1663e-01   3.4179e+01   2.4879e+00   0.0000e+00   0.0000e+00   2.8561e+02
20260914_19:00:00   1.2790e-01   3.6811e+01   2.7785e+00   0.0000e+00   0.0000e+00   2.8453e+02
20260914_20:00:00   1.3467e-01   3.8387e+01   2.9546e+00   0.0000e+00   0.0000e+00   2.8332e+02
20260914_21:00:00   1.4732e-01   4.1268e+01   3.2710e+00   0.0000e+00   0.0000e+00   2.8255e+02
20260914_22:00:00   1.5109e-01   4.2122e+01   3.3777e+00   0.0000e+00   0.0000e+00   2.8306e+02
20260914_23:00:00   1.6067e-01   4.4316e+01   3.6234e+00   0.0000e+00   0.0000e+00   2.8253e+02
20260915_00:00:00   1.6978e-01   4.6452e+01   3.8308e+00   0.0000e+00   0.0000e+00   2.8198e+02
20260915_01:00:00   1.7795e-01   4.8368e+01   4.0110e+00   0.0000e+00   0.0000e+00   2.8262e+02
20260915_02:00:00   1.8699e-01   5.0419e+01   4.2192e+00   0.0000e+00   0.0000e+00   2.8215e+02
20260915_03:00:00   1.9487e-01   5.2286e+01   4.3715e+00   0.0000e+00   0.0000e+00   2.8115e+02
20260915_04:00:00   2.0266e-01   5.4141e+01   4.5067e+00   0.0000e+00   0.0000e+00   2.8212e+02
20260915_05:00:00   2.1677e-01   5.7326e+01   4.7910e+00   0.0000e+00   0.0000e+00   2.8234e+02
20260915_06:00:00   2.2361e-01   5.8861e+01   4.9315e+00   0.0000e+00   0.0000e+00   2.8274e+02
20260915_09:00:00   2.2930e-01   6.0275e+01   5.0455e+00   0.0000e+00   0.0000e+00   2.8234e+02
20260915_12:00:00   2.3862e-01   6.2481e+01   5.2219e+00   0.0000e+00   0.0000e+00   2.8008e+02
20260915_15:00:00   2.2367e-01   5.9432e+01   4.8412e+00   0.0000e+00   0.0000e+00   2.7538e+02
20260915_18:00:00   2.1112e-01   5.6495e+01   4.6392e+00   0.0000e+00   0.0000e+00   2.7518e+02
20260915_21:00:00   1.9453e-01   5.2799e+01   4.2565e+00   0.0000e+00   0.0000e+00   2.7536e+02
20260916_00:00:00   1.6922e-01   4.7029e+01   3.6615e+00   0.0000e+00   0.0000e+00   2.7695e+02
20260916_03:00:00   1.3561e-01   3.9200e+01   2.8755e+00   0.0000e+00   0.0000e+00   2.7674e+02
20260916_06:00:00   1.4454e-01   4.1420e+01   3.0527e+00   0.0000e+00   0.0000e+00   2.7572e+02
20260916_09:00:00   1.8420e-01   5.0746e+01   3.9052e+00   0.0000e+00   0.0000e+00   2.7543e+02
20260916_12:00:00   2.5089e-01   6.5824e+01   5.2572e+00   0.0000e+00   0.0000e+00   2.7321e+02
20260916_15:00:00   2.9197e-01   7.4567e+01   6.1505e+00   0.0000e+00   0.0000e+00   2.7166e+02
20260916_18:00:00   2.6564e-01   6.9543e+01   5.4658e+00   0.0000e+00   0.0000e+00   2.7111e+02
20260916_21:00:00   2.6375e-01   6.8659e+01   5.5600e+00   0.0000e+00   0.0000e+00   2.7570e+02
20260917_00:00:00   2.2084e-01   5.9466e+01   4.5940e+00   0.0000e+00   0.0000e+00   2.7470e+02
20260917_03:00:00   1.9481e-01   5.3489e+01   4.0773e+00   0.0000e+00   0.0000e+00   2.7676e+02
20260917_06:00:00   1.9101e-01   5.2655e+01   3.9694e+00   0.0000e+00   0.0000e+00   2.7941e+02
20260917_09:00:00   1.7365e-01   4.8855e+01   3.5404e+00   0.0000e+00   0.0000e+00   2.8263e+02
20260917_12:00:00   1.8537e-01   5.1703e+01   3.7298e+00   0.0000e+00   0.0000e+00   2.8401e+02
20260917_15:00:00   2.2381e-01   6.0537e+01   4.5137e+00   0.0000e+00   0.0000e+00   2.8586e+02
20260917_18:00:00   2.3907e-01   6.3771e+01   4.9715e+00   0.0000e+00   0.0000e+00   2.8154e+02
20260917_21:00:00   2.0721e-01   5.6486e+01   4.3873e+00   0.0000e+00   0.0000e+00   2.8176e+02
20260918_00:00:00   2.2823e-01   6.1295e+01   4.8057e+00   0.0000e+00   0.0000e+00   2.8242e+02
20260918_03:00:00   2.3550e-01   6.2968e+01   4.9161e+00   0.0000e+00   0.0000e+00   2.8337e+02
20260918_06:00:00   2.4861e-01   6.5742e+01   5.1690e+00   0.0000e+00   0.0000e+00   2.7838e+02
20260918_09:00:00   2.6315e-01   6.8830e+01   5.4558e+00   0.0000e+00   0.0000e+00   2.7770e+02
20260918_12:00:00   2.6821e-01   6.9969e+01   5.6057e+00   0.0000e+00   0.0000e+00   2.7725e+02
20260918_15:00:00   2.8030e-01   7.2554e+01   5.8936e+00   0.0000e+00   0.0000e+00   2.7324e+02
20260918_18:00:00   2.6523e-01   6.9557e+01   5.5311e+00   0.0000e+00   0.0000e+00   2.7331e+02
20260918_21:00:00   2.7049e-01   7.0560e+01   5.6660e+00   0.0000e+00   0.0000e+00   2.7454e+02
20260919_00:00:00   2.5867e-01   6.8099e+01   5.3565e+00   0.0000e+00   0.0000e+00   2.7569e+02
20260919_03:00:00   2.4233e-01   6.4521e+01   5.0085e+00   0.0000e+00   0.0000e+00   2.7490e+02
20260919_06:00:00   2.2300e-01   6.0218e+01   4.6107e+00   0.0000e+00   0.0000e+00   2.7577e+02
20260919_09:00:00   2.0244e-01   5.5548e+01   4.2116e+00   0.0000e+00   0.0000e+00   2.7692e+02
20260919_12:00:00   1.9748e-01   5.4466e+01   4.1508e+00   0.0000e+00   0.0000e+00   2.7231e+02
20260919_15:00:00   2.4037e-01   6.4022e+01   5.0752e+00   0.0000e+00   0.0000e+00   2.7009e+02
20260919_18:00:00   2.1794e-01   5.9244e+01   4.5259e+00   0.0000e+00   0.0000e+00   2.7243e+02
20260919_21:00:00   1.2283e-01   3.6544e+01   2.5212e+00   0.0000e+00   0.0000e+00   2.7444e+02
20260920_00:00:00   1.7235e-01   4.8336e+01   3.6277e+00   0.0000e+00   0.0000e+00   2.6980e+02
20260920_03:00:00   1.5199e-01   4.3680e+01   3.1372e+00   0.0000e+00   0.0000e+00   2.7155e+02
20260920_06:00:00   1.8264e-01   5.0747e+01   3.7926e+00   0.0000e+00   0.0000e+00   2.7245e+02
20260920_09:00:00   1.7760e-01   4.9653e+01   3.6813e+00   0.0000e+00   0.0000e+00   2.7254e+02
20260920_12:00:00   2.0403e-01   5.5879e+01   4.2407e+00   0.0000e+00   0.0000e+00   2.7068e+02
20260920_15:00:00   2.1200e-01   5.7629e+01   4.4134e+00   0.0000e+00   0.0000e+00   2.6868e+02
20260920_18:00:00   1.8415e-01   5.1376e+01   3.8034e+00   0.0000e+00   0.0000e+00   2.6847e+02
20260920_21:00:00   2.2224e-01   5.9789e+01   4.6287e+00   0.0000e+00   0.0000e+00   2.7016e+02
20260921_00:00:00   2.4766e-01   6.5010e+01   5.1846e+00   0.0000e+00   0.0000e+00   2.7033e+02
20260921_03:00:00   3.0865e-01   7.7103e+01   6.5064e+00   0.0000e+00   0.0000e+00   2.7481e+02
20260921_06:00:00   4.3357e-01   1.0015e+02   9.0016e+00   0.0000e+00   9.2040e-05   2.7429e+02
20260921_09:00:00   4.3018e-01   9.9254e+01   8.8382e+00   0.0000e+00   4.6995e-04   2.7582e+02
20260921_12:00:00   4.0055e-01   9.4686e+01   8.2745e+00   0.0000e+00   0.0000e+00   2.7504e+02
20260921_15:00:00   4.0767e-01   9.5784e+01   8.3569e+00   0.0000e+00   0.0000e+00   2.7206e+02
20260921_18:00:00   3.2044e-01   7.9621e+01   6.6212e+00   0.0000e+00   0.0000e+00   2.7550e+02
20260921_21:00:00   2.5597e-01   6.6396e+01   5.2799e+00   0.0000e+00   0.0000e+00   2.7764e+02
20260922_00:00:00   1.6093e-01   4.5382e+01   3.3353e+00   0.0000e+00   2.4040e-05   2.7961e+02
20260922_03:00:00   1.6489e-01   4.6440e+01   3.3798e+00   0.0000e+00   1.3827e-04   2.7942e+02
20260922_06:00:00   1.5986e-01   4.4944e+01   3.3348e+00   0.0000e+00   2.2760e-05   2.8054e+02
20260922_09:00:00   2.0692e-01   5.4906e+01   4.4320e+00   0.0000e+00   5.0680e-04   2.7994e+02
20260922_12:00:00   2.8558e-01   7.2082e+01   6.0766e+00   0.0000e+00   0.0000e+00   2.7994e+02
20260922_15:00:00   3.5805e-01   8.6699e+01   7.5420e+00   0.0000e+00   0.0000e+00   2.8064e+02
20260922_18:00:00   3.8967e-01   9.2757e+01   8.1898e+00   0.0000e+00   4.8080e-05   2.7955e+02
20260922_21:00:00   3.9884e-01   9.4285e+01   8.4162e+00   0.0000e+00   1.9618e-02   2.7973e+02
20260923_00:00:00   4.2401e-01   9.8631e+01   8.9882e+00   0.0000e+00   0.0000e+00   2.8214e+02
20260923_03:00:00   5.0201e-01   1.1187e+02   1.0372e+01   0.0000e+00   6.8343e-03   2.7988e+02
20260923_06:00:00   4.9546e-01   1.1083e+02   1.0223e+01   0.0000e+00   7.6466e-04   2.8029e+02
20260923_09:00:00   4.6940e-01   1.0629e+02   9.8176e+00   0.0000e+00   9.1914e-05   2.7909e+02
20260923_12:00:00   5.0425e-01   1.1245e+02   1.0565e+01   6.4460e-05   1.7826e-03   2.7788e+02
20260923_15:00:00   6.3740e-01   1.3294e+02   1.2807e+01   6.2440e-03   1.2568e-01   2.7664e+02
20260923_18:00:00   6.1347e-01   1.3015e+02   1.2616e+01   0.0000e+00   2.1310e-03   2.7694e+02
20260923_21:00:00   6.5798e-01   1.3556e+02   1.3335e+01   0.0000e+00   8.8092e-02   2.7622e+02
20260924_00:00:00   6.0637e-01   1.2857e+02   1.2491e+01   1.2022e-05   3.8146e-02   2.7591e+02
20260924_03:00:00   6.0006e-01   1.2734e+02   1.2308e+01   0.0000e+00   3.4487e-03   2.7396e+02
20260924_06:00:00   5.1676e-01   1.1353e+02   1.0743e+01   0.0000e+00   4.7450e-03   2.7733e+02
20260924_09:00:00   4.5286e-01   1.0308e+02   9.4640e+00   0.0000e+00   4.1175e-03   2.7700e+02
20260924_12:00:00   4.5186e-01   1.0275e+02   9.5709e+00   0.0000e+00   1.6087e-02   2.7725e+02
20260924_15:00:00   4.8938e-01   1.0912e+02   1.0451e+01   0.0000e+00   1.7723e-02   2.7640e+02
20260924_18:00:00   5.9211e-01   1.2552e+02   1.2269e+01   0.0000e+00   1.9189e-01   2.7767e+02
20260924_21:00:00   6.8296e-01   1.3917e+02   1.3768e+01   0.0000e+00   3.6031e-02   2.7760e+02
20260925_00:00:00   7.3945e-01   1.4664e+02   1.4571e+01   0.0000e+00   1.6727e-01   2.7846e+02
20260925_03:00:00   6.7334e-01   1.3781e+02   1.3525e+01   0.0000e+00   1.6975e-01   2.8036e+02
20260925_06:00:00   6.8100e-01   1.3927e+02   1.3425e+01   0.0000e+00   6.7314e-04   2.8207e+02
20260925_09:00:00   7.4209e-01   1.4757e+02   1.4332e+01   0.0000e+00   1.6641e-03   2.8080e+02
20260925_12:00:00   7.5825e-01   1.4967e+02   1.4819e+01   3.4860e-04   6.6078e-03   2.8144e+02
20260925_15:00:00   7.7126e-01   1.5169e+02   1.5002e+01   0.0000e+00   3.5638e-02   2.7822e+02
20260925_18:00:00   6.9105e-01   1.4158e+02   1.3469e+01   0.0000e+00   5.1864e-03   2.8022e+02
20260925_21:00:00   6.3986e-01   1.3442e+02   1.2671e+01   0.0000e+00   1.7430e-04   2.8249e+02
20260926_00:00:00   5.9604e-01   1.2764e+02   1.2028e+01   0.0000e+00   5.4640e-05   2.8192e+02
20260926_03:00:00   5.5260e-01   1.2110e+02   1.1071e+01   0.0000e+00   4.8080e-06   2.8384e+02
20260926_06:00:00   4.9025e-01   1.1090e+02   9.8962e+00   0.0000e+00   3.4680e-04   2.8482e+02
