#            date       tau255        Tb[K]      pwv[mm] lwp[kg*m^-2] iwp[kg*m^-2]       o3[DU]
20260727_18:00:00   3.0869e-01   7.7233e+01   5.9301e+00   0.0000e+00   0.0000e+00   2.6357e+02
20260727_19:00:00   3.1605e-01   7.8668e+01   6.0787e+00   0.0000e+00   0.0000e+00   2.6318e+02
20260727_20:00:00   3.5425e-01   8.5899e+01   6.7843e+00   0.0000e+00   0.0000e+00   2.6173e+02
20260727_21:00:00   3.8984e-01   9.2305e+01   7.4523e+00   0.0000e+00   1.1222e-04   2.6076e+02
20260727_22:00:00   4.0279e-01   9.4561e+01   7.6714e+00   0.0000e+00   3.6337e-04   2.6038e+02
20260727_23:00:00   4.0077e-01   9.4192e+01   7.6209e+00   0.0000e+00   8.0160e-05   2.6233e+02
20260728_00:00:00   4.0014e-01   9.4078e+01   7.5972e+00   0.0000e+00   7.4280e-05   2.6409e+02
20260728_01:00:00   3.9072e-01   9.2422e+01   7.4061e+00   0.0000e+00   0.0000e+00   2.6562e+02
20260728_02:00:00   3.7116e-01   8.8911e+01   7.0236e+00   0.0000e+00   0.0000e+00   2.6706e+02
20260728_03:00:00   3.6065e-01   8.6957e+01   6.8256e+00   0.0000e+00   0.0000e+00   2.6651e+02
20260728_04:00:00   3.4842e-01   8.4677e+01   6.5864e+00   0.0000e+00   0.0000e+00   2.6715e+02
20260728_05:00:00   3.4448e-01   8.3955e+01   6.4965e+00   0.0000e+00   0.0000e+00   2.6683e+02
20260728_06:00:00   3.4628e-01   8.4310e+01   6.5140e+00   0.0000e+00   0.0000e+00   2.6507e+02
20260728_07:00:00   3.6223e-01   8.7291e+01   6.7955e+00   0.0000e+00   0.0000e+00   2.6184e+02
20260728_08:00:00   3.6847e-01   8.8432e+01   6.9067e+00   0.0000e+00   0.0000e+00   2.6125e+02
20260728_09:00:00   3.7030e-01   8.8790e+01   6.9393e+00   0.0000e+00   0.0000e+00   2.6295e+02
20260728_10:00:00   3.6574e-01   8.7986e+01   6.8784e+00   0.0000e+00   0.0000e+00   2.6179e+02
20260728_11:00:00   3.4713e-01   8.4512e+01   6.5806e+00   0.0000e+00   0.0000e+00   2.6051e+02
20260728_12:00:00   3.3815e-01   8.2774e+01   6.4555e+00   0.0000e+00   0.0000e+00   2.5988e+02
20260728_13:00:00   3.4015e-01   8.3145e+01   6.5213e+00   0.0000e+00   0.0000e+00   2.6008e+02
20260728_14:00:00   3.3747e-01   8.2662e+01   6.4814e+00   0.0000e+00   0.0000e+00   2.6075e+02
20260728_15:00:00   3.3839e-01   8.2884e+01   6.4758e+00   0.0000e+00   0.0000e+00   2.6128e+02
20260728_16:00:00   3.4398e-01   8.3958e+01   6.5718e+00   0.0000e+00   0.0000e+00   2.6088e+02
20260728_17:00:00   3.4903e-01   8.4929e+01   6.6569e+00   0.0000e+00   0.0000e+00   2.5924e+02
20260728_18:00:00   3.4973e-01   8.5145e+01   6.6439e+00   0.0000e+00   0.0000e+00   2.5872e+02
20260728_19:00:00   3.4594e-01   8.4523e+01   6.5274e+00   0.0000e+00   0.0000e+00   2.5707e+02
20260728_20:00:00   3.4582e-01   8.4505e+01   6.4927e+00   0.0000e+00   0.0000e+00   2.5573e+02
20260728_21:00:00   3.4132e-01   8.3635e+01   6.4050e+00   0.0000e+00   0.0000e+00   2.5540e+02
20260728_22:00:00   3.2078e-01   7.9731e+01   6.0121e+00   0.0000e+00   0.0000e+00   2.5593e+02
20260728_23:00:00   3.1295e-01   7.8203e+01   5.8512e+00   0.0000e+00   0.0000e+00   2.5586e+02
20260729_00:00:00   3.0262e-01   7.6163e+01   5.6563e+00   0.0000e+00   0.0000e+00   2.5511e+02
20260729_01:00:00   2.9188e-01   7.4029e+01   5.4534e+00   0.0000e+00   0.0000e+00   2.5328e+02
20260729_02:00:00   2.7293e-01   7.0219e+01   5.0833e+00   0.0000e+00   0.0000e+00   2.5257e+02
20260729_03:00:00   2.6524e-01   6.8653e+01   4.9196e+00   0.0000e+00   0.0000e+00   2.5213e+02
20260729_04:00:00   2.6415e-01   6.8428e+01   4.8841e+00   0.0000e+00   0.0000e+00   2.5127e+02
20260729_05:00:00   2.5954e-01   6.7482e+01   4.7822e+00   0.0000e+00   0.0000e+00   2.4933e+02
20260729_06:00:00   2.6611e-01   6.8812e+01   4.9001e+00   0.0000e+00   0.0000e+00   2.4775e+02
20260729_07:00:00   2.7175e-01   6.9970e+01   4.9987e+00   0.0000e+00   0.0000e+00   2.4599e+02
20260729_08:00:00   2.6244e-01   6.8078e+01   4.8316e+00   0.0000e+00   0.0000e+00   2.4680e+02
20260729_09:00:00   2.5231e-01   6.5983e+01   4.6601e+00   0.0000e+00   0.0000e+00   2.4728e+02
20260729_10:00:00   2.5071e-01   6.5595e+01   4.6741e+00   0.0000e+00   0.0000e+00   2.4738e+02
20260729_11:00:00   2.4655e-01   6.4680e+01   4.6540e+00   0.0000e+00   0.0000e+00   2.4595e+02
20260729_12:00:00   2.4570e-01   6.4457e+01   4.6879e+00   0.0000e+00   0.0000e+00   2.4422e+02
20260729_13:00:00   2.4808e-01   6.4904e+01   4.7668e+00   0.0000e+00   0.0000e+00   2.4410e+02
20260729_14:00:00   2.4552e-01   6.4346e+01   4.7398e+00   0.0000e+00   0.0000e+00   2.4507e+02
20260729_15:00:00   2.4016e-01   6.3208e+01   4.6427e+00   0.0000e+00   0.0000e+00   2.4554e+02
20260729_16:00:00   2.3038e-01   6.1123e+01   4.4467e+00   0.0000e+00   0.0000e+00   2.4569e+02
20260729_17:00:00   2.2794e-01   6.0605e+01   4.3906e+00   0.0000e+00   0.0000e+00   2.4455e+02
20260729_18:00:00   2.2288e-01   5.9525e+01   4.2893e+00   0.0000e+00   0.0000e+00   2.4386e+02
20260729_19:00:00   2.2309e-01   5.9632e+01   4.2815e+00   0.0000e+00   0.0000e+00   2.4349e+02
20260729_20:00:00   2.2901e-01   6.0959e+01   4.3893e+00   0.0000e+00   0.0000e+00   2.4286e+02
20260729_21:00:00   2.2328e-01   5.9749e+01   4.2711e+00   0.0000e+00   0.0000e+00   2.4232e+02
20260729_22:00:00   2.2850e-01   6.0843e+01   4.3524e+00   0.0000e+00   0.0000e+00   2.4272e+02
20260729_23:00:00   2.2686e-01   6.0438e+01   4.3140e+00   0.0000e+00   0.0000e+00   2.4283e+02
20260730_00:00:00   2.2254e-01   5.9506e+01   4.2357e+00   0.0000e+00   0.0000e+00   2.4258e+02
20260730_01:00:00   2.2638e-01   6.0341e+01   4.3247e+00   0.0000e+00   0.0000e+00   2.4073e+02
20260730_02:00:00   2.3107e-01   6.1313e+01   4.4223e+00   0.0000e+00   0.0000e+00   2.3967e+02
20260730_03:00:00   2.2162e-01   5.9252e+01   4.2495e+00   0.0000e+00   0.0000e+00   2.3953e+02
20260730_04:00:00   2.0228e-01   5.4988e+01   3.8868e+00   0.0000e+00   0.0000e+00   2.4090e+02
20260730_05:00:00   1.9892e-01   5.4230e+01   3.8224e+00   0.0000e+00   0.0000e+00   2.4164e+02
20260730_06:00:00   1.9181e-01   5.2617e+01   3.6871e+00   0.0000e+00   0.0000e+00   2.4299e+02
20260730_07:00:00   1.9346e-01   5.2948e+01   3.7371e+00   0.0000e+00   0.0000e+00   2.4539e+02
20260730_08:00:00   1.8464e-01   5.0965e+01   3.5721e+00   0.0000e+00   0.0000e+00   2.4638e+02
20260730_09:00:00   1.9244e-01   5.2701e+01   3.7366e+00   0.0000e+00   0.0000e+00   2.4795e+02
20260730_10:00:00   1.9448e-01   5.3186e+01   3.7765e+00   0.0000e+00   0.0000e+00   2.4932e+02
20260730_11:00:00   1.8911e-01   5.1967e+01   3.6996e+00   0.0000e+00   0.0000e+00   2.4926e+02
20260730_12:00:00   1.8798e-01   5.1734e+01   3.6972e+00   0.0000e+00   0.0000e+00   2.4945e+02
20260730_13:00:00   1.9985e-01   5.4408e+01   3.9516e+00   0.0000e+00   0.0000e+00   2.5118e+02
20260730_14:00:00   2.1269e-01   5.7281e+01   4.2042e+00   0.0000e+00   0.0000e+00   2.5223e+02
20260730_15:00:00   2.1806e-01   5.8479e+01   4.2951e+00   0.0000e+00   0.0000e+00   2.5352e+02
20260730_16:00:00   2.1801e-01   5.8470e+01   4.2875e+00   0.0000e+00   0.0000e+00   2.5344e+02
20260730_17:00:00   2.1629e-01   5.8079e+01   4.2584e+00   0.0000e+00   0.0000e+00   2.5308e+02
20260730_18:00:00   2.1006e-01   5.6713e+01   4.1393e+00   0.0000e+00   0.0000e+00   2.5328e+02
20260730_19:00:00   2.0924e-01   5.6527e+01   4.1220e+00   0.0000e+00   0.0000e+00   2.5331e+02
20260730_20:00:00   2.1203e-01   5.7158e+01   4.1790e+00   0.0000e+00   0.0000e+00   2.5389e+02
20260730_21:00:00   2.1323e-01   5.7435e+01   4.1971e+00   0.0000e+00   0.0000e+00   2.5425e+02
20260730_22:00:00   2.1626e-01   5.8087e+01   4.2541e+00   0.0000e+00   0.0000e+00   2.5526e+02
20260730_23:00:00   2.1675e-01   5.8188e+01   4.2620e+00   0.0000e+00   0.0000e+00   2.5403e+02
20260731_00:00:00   2.1658e-01   5.8126e+01   4.2629e+00   0.0000e+00   1.4058e-05   2.5376e+02
20260731_01:00:00   2.1262e-01   5.7244e+01   4.1809e+00   0.0000e+00   0.0000e+00   2.5285e+02
20260731_02:00:00   2.0640e-01   5.5861e+01   4.0549e+00   0.0000e+00   0.0000e+00   2.5380e+02
20260731_03:00:00   2.0410e-01   5.5337e+01   3.9991e+00   0.0000e+00   0.0000e+00   2.5481e+02
20260731_04:00:00   2.0211e-01   5.4892e+01   3.9460e+00   0.0000e+00   0.0000e+00   2.5493e+02
20260731_05:00:00   2.0296e-01   5.5062e+01   3.9551e+00   0.0000e+00   0.0000e+00   2.5523e+02
20260731_06:00:00   2.0450e-01   5.5403e+01   3.9780e+00   0.0000e+00   0.0000e+00   2.5590e+02
20260731_07:00:00   2.0357e-01   5.5210e+01   3.9544e+00   0.0000e+00   3.3400e-06   2.5757e+02
20260731_08:00:00   2.0849e-01   5.6285e+01   4.0487e+00   0.0000e+00   0.0000e+00   2.5966e+02
20260731_09:00:00   2.0563e-01   5.5670e+01   3.9861e+00   0.0000e+00   1.3332e-05   2.5928e+02
20260731_10:00:00   2.0770e-01   5.6112e+01   4.0240e+00   0.0000e+00   3.2760e-05   2.5937e+02
20260731_11:00:00   2.0626e-01   5.5830e+01   4.0106e+00   0.0000e+00   5.4420e-06   2.5853e+02
20260731_12:00:00   2.0807e-01   5.6251e+01   4.0661e+00   0.0000e+00   0.0000e+00   2.5835e+02
20260731_13:00:00   2.2156e-01   5.9161e+01   4.3667e+00   0.0000e+00   4.1940e-04   2.5897e+02
20260731_14:00:00   2.2630e-01   6.0199e+01   4.4637e+00   0.0000e+00   0.0000e+00   2.5762e+02
20260731_15:00:00   2.3534e-01   6.2122e+01   4.6477e+00   0.0000e+00   5.3920e-05   2.5787e+02
20260731_16:00:00   2.3786e-01   6.2651e+01   4.6943e+00   0.0000e+00   2.6220e-05   2.5878e+02
20260731_17:00:00   2.4362e-01   6.3840e+01   4.8036e+00   0.0000e+00   2.0040e-05   2.5984e+02
20260731_18:00:00   2.3856e-01   6.2781e+01   4.6927e+00   0.0000e+00   1.8702e-05   2.6003e+02
20260731_19:00:00   2.3852e-01   6.2771e+01   4.6837e+00   0.0000e+00   2.6720e-05   2.5883e+02
20260731_20:00:00   2.3711e-01   6.2455e+01   4.6629e+00   0.0000e+00   0.0000e+00   2.5866e+02
20260731_21:00:00   2.4047e-01   6.3110e+01   4.7413e+00   0.0000e+00   0.0000e+00   2.5885e+02
20260731_22:00:00   2.4230e-01   6.3460e+01   4.7822e+00   0.0000e+00   0.0000e+00   2.5977e+02
20260731_23:00:00   2.5187e-01   6.5412e+01   4.9676e+00   0.0000e+00   0.0000e+00   2.5943e+02
20260801_00:00:00   2.4889e-01   6.4776e+01   4.8958e+00   0.0000e+00   2.0640e-05   2.6064e+02
20260801_01:00:00   2.4641e-01   6.4246e+01   4.8513e+00   0.0000e+00   0.0000e+00   2.6127e+02
20260801_02:00:00   2.4121e-01   6.3170e+01   4.7253e+00   0.0000e+00   0.0000e+00   2.5965e+02
20260801_03:00:00   2.4357e-01   6.3655e+01   4.7683e+00   0.0000e+00   0.0000e+00   2.5962e+02
20260801_04:00:00   2.4635e-01   6.4230e+01   4.7917e+00   0.0000e+00   0.0000e+00   2.6013e+02
20260801_05:00:00   2.4814e-01   6.4615e+01   4.7770e+00   0.0000e+00   0.0000e+00   2.5970e+02
20260801_06:00:00   2.4490e-01   6.3956e+01   4.6898e+00   0.0000e+00   0.0000e+00   2.5957e+02
20260801_07:00:00   2.3690e-01   6.2289e+01   4.5281e+00   0.0000e+00   0.0000e+00   2.6170e+02
20260801_08:00:00   2.3636e-01   6.2176e+01   4.5064e+00   0.0000e+00   0.0000e+00   2.6206e+02
20260801_09:00:00   2.2892e-01   6.0609e+01   4.3444e+00   0.0000e+00   0.0000e+00   2.6128e+02
20260801_10:00:00   2.2684e-01   6.0181e+01   4.2852e+00   0.0000e+00   0.0000e+00   2.6096e+02
20260801_11:00:00   2.2359e-01   5.9498e+01   4.2237e+00   0.0000e+00   0.0000e+00   2.5987e+02
20260801_12:00:00   2.1867e-01   5.8435e+01   4.1377e+00   0.0000e+00   0.0000e+00   2.5854e+02
20260801_13:00:00   2.1219e-01   5.7054e+01   4.0130e+00   0.0000e+00   0.0000e+00   2.5718e+02
20260801_14:00:00   2.0855e-01   5.6257e+01   3.9495e+00   0.0000e+00   0.0000e+00   2.5723e+02
20260801_15:00:00   2.0406e-01   5.5243e+01   3.8741e+00   0.0000e+00   0.0000e+00   2.5732e+02
20260801_16:00:00   1.9841e-01   5.3976e+01   3.7637e+00   0.0000e+00   0.0000e+00   2.5854e+02
20260801_17:00:00   1.9274e-01   5.2683e+01   3.6509e+00   0.0000e+00   0.0000e+00   2.5956e+02
20260801_18:00:00   1.8747e-01   5.1476e+01   3.5565e+00   0.0000e+00   0.0000e+00   2.6028e+02
20260801_21:00:00   1.7039e-01   4.7544e+01   3.2279e+00   0.0000e+00   0.0000e+00   2.5690e+02
20260802_00:00:00   1.3717e-01   3.9734e+01   2.6031e+00   0.0000e+00   0.0000e+00   2.5340e+02
20260802_03:00:00   1.1988e-01   3.5494e+01   2.2615e+00   0.0000e+00   0.0000e+00   2.5229e+02
20260802_06:00:00   1.0587e-01   3.2027e+01   1.9835e+00   0.0000e+00   0.0000e+00   2.5452e+02
20260802_09:00:00   1.1557e-01   3.4443e+01   2.1831e+00   0.0000e+00   0.0000e+00   2.5241e+02
20260802_12:00:00   1.1730e-01   3.4887e+01   2.2160e+00   0.0000e+00   0.0000e+00   2.5223e+02
20260802_15:00:00   1.1727e-01   3.4904e+01   2.2140e+00   0.0000e+00   0.0000e+00   2.5370e+02
20260802_18:00:00   1.0190e-01   3.1203e+01   1.8781e+00   0.0000e+00   0.0000e+00   2.5203e+02
20260802_21:00:00   1.0867e-01   3.2972e+01   2.0084e+00   0.0000e+00   0.0000e+00   2.5091e+02
20260803_00:00:00   1.5144e-01   4.3288e+01   2.8740e+00   0.0000e+00   0.0000e+00   2.5189e+02
20260803_03:00:00   1.3521e-01   3.9439e+01   2.5178e+00   0.0000e+00   0.0000e+00   2.4969e+02
20260803_06:00:00   1.6461e-01   4.6198e+01   3.1456e+00   0.0000e+00   0.0000e+00   2.5067e+02
20260803_09:00:00   1.8182e-01   5.0194e+01   3.5067e+00   0.0000e+00   0.0000e+00   2.5369e+02
20260803_12:00:00   2.1419e-01   5.7247e+01   4.2703e+00   0.0000e+00   0.0000e+00   2.5442e+02
20260803_15:00:00   2.2936e-01   6.0597e+01   4.4995e+00   0.0000e+00   0.0000e+00   2.5587e+02
20260803_18:00:00   1.9840e-01   5.3936e+01   3.7971e+00   0.0000e+00   0.0000e+00   2.5519e+02
20260803_21:00:00   2.2030e-01   5.8497e+01   4.2060e+00   0.0000e+00   0.0000e+00   2.5531e+02
20260804_00:00:00   1.9151e-01   5.2285e+01   3.6043e+00   0.0000e+00   0.0000e+00   2.5635e+02
20260804_03:00:00   1.1091e-01   3.3258e+01   2.0302e+00   0.0000e+00   0.0000e+00   2.6048e+02
20260804_06:00:00   9.3209e-02   2.8778e+01   1.7208e+00   0.0000e+00   0.0000e+00   2.6242e+02
20260804_09:00:00   8.6921e-02   2.7236e+01   1.5992e+00   0.0000e+00   0.0000e+00   2.6226e+02
20260804_12:00:00   8.9438e-02   2.7942e+01   1.6344e+00   0.0000e+00   0.0000e+00   2.6227e+02
20260804_15:00:00   8.5282e-02   2.6973e+01   1.5465e+00   0.0000e+00   0.0000e+00   2.6219e+02
20260804_18:00:00   8.3296e-02   2.6466e+01   1.5204e+00   0.0000e+00   0.0000e+00   2.6056e+02
20260804_21:00:00   8.2055e-02   2.6105e+01   1.5017e+00   0.0000e+00   0.0000e+00   2.6086e+02
20260805_00:00:00   8.3707e-02   2.6497e+01   1.5479e+00   0.0000e+00   0.0000e+00   2.6281e+02
20260805_03:00:00   1.0639e-01   3.2044e+01   2.0670e+00   0.0000e+00   0.0000e+00   2.6181e+02
20260805_06:00:00   1.0690e-01   3.2188e+01   2.0513e+00   0.0000e+00   0.0000e+00   2.6201e+02
20260805_09:00:00   9.6822e-02   2.9671e+01   1.8472e+00   0.0000e+00   0.0000e+00   2.6083e+02
20260805_12:00:00   8.4965e-02   2.6704e+01   1.5723e+00   0.0000e+00   0.0000e+00   2.6313e+02
20260805_15:00:00   7.5556e-02   2.4373e+01   1.3392e+00   0.0000e+00   0.0000e+00   2.6479e+02
20260805_18:00:00   6.9456e-02   2.2827e+01   1.1906e+00   0.0000e+00   0.0000e+00   2.6462e+02
20260805_21:00:00   7.4658e-02   2.4205e+01   1.2965e+00   0.0000e+00   0.0000e+00   2.6465e+02
20260806_00:00:00   8.6048e-02   2.7117e+01   1.5328e+00   0.0000e+00   0.0000e+00   2.6416e+02
20260806_03:00:00   8.5556e-02   2.7105e+01   1.5092e+00   0.0000e+00   0.0000e+00   2.6796e+02
20260806_06:00:00   9.1826e-02   2.8714e+01   1.6357e+00   0.0000e+00   0.0000e+00   2.7038e+02
20260806_09:00:00   8.7379e-02   2.7634e+01   1.5320e+00   0.0000e+00   0.0000e+00   2.7166e+02
20260806_12:00:00   9.3119e-02   2.9087e+01   1.6567e+00   0.0000e+00   0.0000e+00   2.6864e+02
20260806_15:00:00   8.9089e-02   2.7996e+01   1.6076e+00   0.0000e+00   0.0000e+00   2.6990e+02
20260806_18:00:00   8.0282e-02   2.5643e+01   1.4571e+00   0.0000e+00   0.0000e+00   2.7023e+02
20260806_21:00:00   7.8169e-02   2.5062e+01   1.4223e+00   0.0000e+00   0.0000e+00   2.6753e+02
20260807_00:00:00   7.6339e-02   2.4573e+01   1.3815e+00   0.0000e+00   0.0000e+00   2.6666e+02
20260807_03:00:00   1.0509e-01   3.1825e+01   2.0260e+00   0.0000e+00   0.0000e+00   2.6780e+02
20260807_06:00:00   1.5060e-01   4.3121e+01   2.9029e+00   0.0000e+00   0.0000e+00   2.6752e+02
20260807_09:00:00   2.0451e-01   5.5710e+01   3.9264e+00   0.0000e+00   0.0000e+00   2.6893e+02
20260807_12:00:00   1.9613e-01   5.3752e+01   3.8292e+00   0.0000e+00   0.0000e+00   2.6774e+02
20260807_15:00:00   2.1227e-01   5.7294e+01   4.1875e+00   0.0000e+00   0.0000e+00   2.6973e+02
20260807_18:00:00   1.9060e-01   5.2568e+01   3.7053e+00   0.0000e+00   0.0000e+00   2.6756e+02
20260807_21:00:00   1.9726e-01   5.4096e+01   3.8024e+00   0.0000e+00   0.0000e+00   2.6754e+02
20260808_00:00:00   2.2787e-01   6.0840e+01   4.4422e+00   0.0000e+00   0.0000e+00   2.6754e+02
20260808_03:00:00   2.4940e-01   6.5121e+01   4.8786e+00   0.0000e+00   0.0000e+00   2.6675e+02
20260808_06:00:00   2.7839e-01   7.0788e+01   5.5203e+00   0.0000e+00   0.0000e+00   2.6361e+02
20260808_09:00:00   2.6319e-01   6.7660e+01   5.2162e+00   0.0000e+00   0.0000e+00   2.6417e+02
20260808_12:00:00   2.1489e-01   5.7187e+01   4.3249e+00   0.0000e+00   0.0000e+00   2.6530e+02
20260808_15:00:00   1.4822e-01   4.1977e+01   2.9702e+00   0.0000e+00   0.0000e+00   2.6546e+02
20260808_18:00:00   7.2065e-02   2.3851e+01   1.1503e+00   0.0000e+00   0.0000e+00   2.6959e+02
20260808_21:00:00   4.4351e-02   1.6486e+01   5.6158e-01   0.0000e+00   0.0000e+00   2.7263e+02
20260809_00:00:00   3.4376e-02   1.3665e+01   3.5888e-01   0.0000e+00   0.0000e+00   2.7326e+02
20260809_03:00:00   3.4123e-02   1.3550e+01   3.6367e-01   0.0000e+00   0.0000e+00   2.7272e+02
20260809_06:00:00   3.7070e-02   1.4315e+01   4.3988e-01   0.0000e+00   0.0000e+00   2.7323e+02
20260809_09:00:00   3.6522e-02   1.4191e+01   4.2506e-01   0.0000e+00   0.0000e+00   2.7153e+02
20260809_12:00:00   3.9461e-02   1.5019e+01   4.9082e-01   0.0000e+00   0.0000e+00   2.7035e+02
20260809_15:00:00   4.3224e-02   1.5949e+01   6.0152e-01   0.0000e+00   0.0000e+00   2.6617e+02
20260809_18:00:00   4.7572e-02   1.7143e+01   6.9590e-01   0.0000e+00   0.0000e+00   2.6793e+02
20260809_21:00:00   4.8600e-02   1.7287e+01   7.5039e-01   0.0000e+00   0.0000e+00   2.7110e+02
20260810_00:00:00   5.3085e-02   1.8171e+01   9.1489e-01   0.0000e+00   7.9260e-04   2.7171e+02
20260810_03:00:00   6.8246e-02   2.1775e+01   1.3301e+00   0.0000e+00   1.4650e-03   2.7228e+02
20260810_06:00:00   7.4715e-02   2.3502e+01   1.4665e+00   0.0000e+00   0.0000e+00   2.7294e+02
20260810_09:00:00   9.9356e-02   2.9606e+01   2.0517e+00   0.0000e+00   4.4765e-05   2.7403e+02
20260810_12:00:00   1.2495e-01   3.6104e+01   2.5838e+00   0.0000e+00   1.2022e-05   2.7490e+02
20260810_15:00:00   1.4377e-01   4.0736e+01   2.9983e+00   0.0000e+00   0.0000e+00   2.7185e+02
20260810_18:00:00   1.5419e-01   4.3588e+01   3.1558e+00   0.0000e+00   0.0000e+00   2.7427e+02
20260810_21:00:00   1.7307e-01   4.8145e+01   3.5346e+00   0.0000e+00   0.0000e+00   2.7292e+02
20260811_00:00:00   1.7503e-01   4.8785e+01   3.5127e+00   0.0000e+00   0.0000e+00   2.7328e+02
20260811_03:00:00   1.7735e-01   4.9296e+01   3.5377e+00   0.0000e+00   0.0000e+00   2.7607e+02
20260811_06:00:00   1.7502e-01   4.8837e+01   3.4688e+00   0.0000e+00   0.0000e+00   2.7087e+02
20260811_09:00:00   1.9029e-01   5.2375e+01   3.7562e+00   0.0000e+00   3.7335e-03   2.7647e+02
20260811_12:00:00   2.0955e-01   5.6780e+01   4.1438e+00   0.0000e+00   2.2424e-05   2.7114e+02
20260811_15:00:00   2.1847e-01   5.8641e+01   4.3925e+00   0.0000e+00   9.3416e-04   2.6949e+02
20260811_18:00:00   2.1252e-01   5.7401e+01   4.2775e+00   0.0000e+00   1.3360e-05   2.6735e+02
20260811_21:00:00   1.9104e-01   5.2676e+01   3.8055e+00   0.0000e+00   1.9746e-03   2.6979e+02
20260812_00:00:00   1.8514e-01   5.1043e+01   3.7722e+00   0.0000e+00   2.8764e-03   2.6852e+02
20260812_03:00:00   1.8185e-01   5.0313e+01   3.6620e+00   0.0000e+00   1.0074e-03   2.6670e+02
20260812_06:00:00   1.5996e-01   4.5240e+01   3.1847e+00   0.0000e+00   1.2096e-06   2.6885e+02
20260812_09:00:00   1.5181e-01   4.3250e+01   3.0655e+00   0.0000e+00   3.7680e-05   2.6945e+02
20260812_12:00:00   2.0995e-01   5.6559e+01   4.3504e+00   0.0000e+00   3.3276e-03   2.6633e+02
20260812_15:00:00   2.1205e-01   5.7010e+01   4.3990e+00   0.0000e+00   4.1840e-03   2.6673e+02
20260812_18:00:00   2.1673e-01   5.8320e+01   4.4591e+00   0.0000e+00   1.2022e-05   2.6449e+02
