#            date       tau255        Tb[K]      pwv[mm] lwp[kg*m^-2] iwp[kg*m^-2]       o3[DU]
20260813_00:00:00   1.8941e+00   2.4627e+02   2.9164e+01   0.0000e+00   0.0000e+00   3.4128e+02
20260813_01:00:00   1.9022e+00   2.4657e+02   2.9566e+01   0.0000e+00   5.1441e-02   3.4106e+02
20260813_02:00:00   2.0819e+00   2.5319e+02   3.2232e+01   0.0000e+00   7.5277e-02   3.4227e+02
20260813_03:00:00   2.1289e+00   2.5469e+02   3.2982e+01   0.0000e+00   1.1078e-02   3.4346e+02
20260813_04:00:00   2.2538e+00   2.5843e+02   3.4604e+01   0.0000e+00   7.5105e-02   3.4303e+02
20260813_05:00:00   2.6292e+00   2.6710e+02   3.6037e+01   1.0122e-01   3.7595e-01   3.4374e+02
20260813_06:00:00   2.3726e+00   2.6067e+02   3.5708e+01   0.0000e+00   4.6209e-01   3.4267e+02
20260813_07:00:00   2.4395e+00   2.6237e+02   3.6237e+01   9.8240e-03   1.4892e-01   3.4365e+02
20260813_08:00:00   2.8023e+00   2.6982e+02   3.8763e+01   6.2529e-02   2.7732e-01   3.4332e+02
20260813_09:00:00   3.0057e+00   2.7288e+02   3.8957e+01   1.3767e-01   1.1746e-01   3.4524e+02
20260813_10:00:00   2.6466e+00   2.6715e+02   3.8163e+01   4.9001e-03   2.9348e-02   3.5219e+02
20260813_11:00:00   2.5640e+00   2.6550e+02   3.7020e+01   0.0000e+00   5.2327e-04   3.5914e+02
20260813_12:00:00   2.5347e+00   2.6496e+02   3.6286e+01   1.3860e-06   0.0000e+00   3.6055e+02
20260813_13:00:00   2.5272e+00   2.6525e+02   3.5639e+01   2.6487e-03   0.0000e+00   3.6271e+02
20260813_14:00:00   2.5191e+00   2.6595e+02   3.4867e+01   1.3819e-02   0.0000e+00   3.6222e+02
20260813_15:00:00   2.4453e+00   2.6534e+02   3.3111e+01   3.7777e-02   0.0000e+00   3.6064e+02
20260813_16:00:00   2.2496e+00   2.6042e+02   3.1520e+01   1.4266e-02   0.0000e+00   3.5956e+02
20260813_17:00:00   2.1845e+00   2.5893e+02   3.0113e+01   4.2801e-02   0.0000e+00   3.5759e+02
20260813_18:00:00   1.9721e+00   2.5118e+02   2.8175e+01   3.9688e-02   0.0000e+00   3.5550e+02
20260813_19:00:00   1.8942e+00   2.4766e+02   2.7934e+01   3.2183e-02   0.0000e+00   3.5024e+02
20260813_20:00:00   1.9085e+00   2.4800e+02   2.8181e+01   3.2546e-02   0.0000e+00   3.4695e+02
20260813_21:00:00   1.7783e+00   2.4223e+02   2.6933e+01   1.3820e-02   0.0000e+00   3.4306e+02
20260813_22:00:00   1.8090e+00   2.4358e+02   2.6493e+01   2.9180e-02   0.0000e+00   3.4347e+02
20260813_23:00:00   1.6598e+00   2.3579e+02   2.5351e+01   8.0380e-05   0.0000e+00   3.4339e+02
20260814_00:00:00   1.7659e+00   2.4051e+02   2.6952e+01   1.2080e-03   0.0000e+00   3.4108e+02
20260814_01:00:00   1.7929e+00   2.4166e+02   2.7295e+01   0.0000e+00   0.0000e+00   3.3830e+02
20260814_02:00:00   1.8088e+00   2.4210e+02   2.7383e+01   0.0000e+00   0.0000e+00   3.3700e+02
20260814_03:00:00   1.6390e+00   2.3294e+02   2.5369e+01   0.0000e+00   0.0000e+00   3.3740e+02
20260814_04:00:00   1.6736e+00   2.3438e+02   2.5745e+01   0.0000e+00   0.0000e+00   3.3784e+02
20260814_05:00:00   1.6393e+00   2.3240e+02   2.5018e+01   0.0000e+00   0.0000e+00   3.3701e+02
20260814_06:00:00   1.5557e+00   2.2735e+02   2.3856e+01   0.0000e+00   0.0000e+00   3.3663e+02
20260814_07:00:00   1.4714e+00   2.2203e+02   2.2549e+01   0.0000e+00   0.0000e+00   3.3500e+02
20260814_08:00:00   1.3729e+00   2.1523e+02   2.1080e+01   0.0000e+00   0.0000e+00   3.3502e+02
20260814_09:00:00   1.2901e+00   2.0900e+02   1.9810e+01   0.0000e+00   0.0000e+00   3.3530e+02
20260814_10:00:00   1.2641e+00   2.0687e+02   1.9416e+01   0.0000e+00   0.0000e+00   3.3601e+02
20260814_11:00:00   1.2967e+00   2.0928e+02   1.9787e+01   0.0000e+00   0.0000e+00   3.3814e+02
20260814_12:00:00   1.3147e+00   2.1063e+02   2.0006e+01   0.0000e+00   0.0000e+00   3.3870e+02
20260814_13:00:00   1.3434e+00   2.1290e+02   2.0311e+01   0.0000e+00   0.0000e+00   3.3884e+02
20260814_14:00:00   1.3918e+00   2.1652e+02   2.1004e+01   0.0000e+00   0.0000e+00   3.3797e+02
20260814_15:00:00   1.3825e+00   2.1610e+02   2.0965e+01   0.0000e+00   0.0000e+00   3.3759e+02
20260814_16:00:00   1.4255e+00   2.1917e+02   2.1705e+01   0.0000e+00   0.0000e+00   3.3733e+02
20260814_17:00:00   1.3921e+00   2.1713e+02   2.1615e+01   0.0000e+00   1.5130e-04   3.3798e+02
20260814_18:00:00   1.4233e+00   2.1925e+02   2.2361e+01   4.9100e-06   1.4732e-05   3.3815e+02
20260814_19:00:00   1.4734e+00   2.2242e+02   2.3194e+01   3.9760e-04   2.0516e-02   3.4236e+02
20260814_20:00:00   1.4802e+00   2.2289e+02   2.3368e+01   1.3860e-06   4.6626e-03   3.4452e+02
20260814_21:00:00   1.4774e+00   2.2283e+02   2.3150e+01   3.7080e-03   1.0408e-03   3.4742e+02
20260814_22:00:00   1.4106e+00   2.1838e+02   2.2434e+01   0.0000e+00   5.7420e-04   3.5205e+02
20260814_23:00:00   1.3897e+00   2.1665e+02   2.2120e+01   0.0000e+00   1.5457e-02   3.5528e+02
20260815_00:00:00   1.4552e+00   2.2047e+02   2.2790e+01   0.0000e+00   3.0492e-02   3.6403e+02
20260815_01:00:00   1.4684e+00   2.2053e+02   2.2871e+01   0.0000e+00   8.4325e-02   3.7433e+02
20260815_02:00:00   1.5322e+00   2.2349e+02   2.3948e+01   0.0000e+00   1.3163e-01   3.7525e+02
20260815_03:00:00   1.5052e+00   2.2141e+02   2.3552e+01   0.0000e+00   5.9175e-02   3.7211e+02
20260815_04:00:00   1.4637e+00   2.1859e+02   2.2987e+01   0.0000e+00   3.4626e-02   3.7529e+02
20260815_05:00:00   1.3190e+00   2.0897e+02   2.0527e+01   0.0000e+00   2.6293e-05   3.7115e+02
20260815_06:00:00   1.1659e+00   1.9721e+02   1.7739e+01   0.0000e+00   0.0000e+00   3.6437e+02
20260815_07:00:00   1.0407e+00   1.8575e+02   1.5727e+01   0.0000e+00   0.0000e+00   3.6356e+02
20260815_08:00:00   9.8122e-01   1.7959e+02   1.4910e+01   0.0000e+00   0.0000e+00   3.6419e+02
20260815_09:00:00   9.2382e-01   1.7339e+02   1.4161e+01   0.0000e+00   0.0000e+00   3.6423e+02
20260815_10:00:00   8.9648e-01   1.7026e+02   1.3681e+01   0.0000e+00   0.0000e+00   3.5984e+02
20260815_11:00:00   8.9813e-01   1.7041e+02   1.3599e+01   0.0000e+00   0.0000e+00   3.5506e+02
20260815_12:00:00   9.2653e-01   1.7372e+02   1.3893e+01   0.0000e+00   0.0000e+00   3.5080e+02
20260815_13:00:00   9.4523e-01   1.7600e+02   1.4129e+01   0.0000e+00   2.8320e-04   3.4762e+02
20260815_14:00:00   9.6454e-01   1.7842e+02   1.4427e+01   0.0000e+00   2.3060e-03   3.4385e+02
20260815_15:00:00   9.8441e-01   1.8083e+02   1.4768e+01   0.0000e+00   2.3340e-03   3.4196e+02
20260815_16:00:00   9.6575e-01   1.7932e+02   1.4675e+01   0.0000e+00   5.6065e-04   3.3834e+02
20260815_17:00:00   9.6274e-01   1.7938e+02   1.4839e+01   0.0000e+00   0.0000e+00   3.3715e+02
20260815_18:00:00   9.9225e-01   1.8275e+02   1.5464e+01   0.0000e+00   6.8380e-04   3.3643e+02
20260815_19:00:00   1.0224e+00   1.8612e+02   1.5999e+01   0.0000e+00   3.9420e-05   3.3475e+02
20260815_20:00:00   1.0268e+00   1.8675e+02   1.6274e+01   0.0000e+00   3.1451e-03   3.3349e+02
20260815_21:00:00   1.0337e+00   1.8746e+02   1.6609e+01   0.0000e+00   8.5201e-03   3.2957e+02
20260815_22:00:00   1.0661e+00   1.9059e+02   1.7171e+01   0.0000e+00   2.8220e-02   3.2871e+02
20260815_23:00:00   1.1083e+00   1.9446e+02   1.7858e+01   0.0000e+00   3.6842e-02   3.2623e+02
20260816_00:00:00   1.1402e+00   1.9731e+02   1.8246e+01   0.0000e+00   1.8127e-02   3.2352e+02
20260816_01:00:00   1.1912e+00   2.0168e+02   1.8857e+01   0.0000e+00   3.8411e-03   3.2134e+02
20260816_02:00:00   1.2067e+00   2.0275e+02   1.9204e+01   0.0000e+00   2.1969e-03   3.1760e+02
20260816_03:00:00   1.1881e+00   2.0095e+02   1.9146e+01   0.0000e+00   8.6150e-03   3.1538e+02
20260816_04:00:00   1.1908e+00   2.0087e+02   1.9462e+01   0.0000e+00   4.9300e-05   3.1111e+02
20260816_05:00:00   1.2022e+00   2.0153e+02   1.9922e+01   0.0000e+00   1.4740e-04   3.0969e+02
20260816_06:00:00   1.2025e+00   2.0132e+02   2.0089e+01   0.0000e+00   0.0000e+00   3.0844e+02
20260816_07:00:00   1.2074e+00   2.0147e+02   2.0269e+01   0.0000e+00   1.6168e-04   3.0801e+02
20260816_08:00:00   1.2478e+00   2.0459e+02   2.0986e+01   0.0000e+00   4.7780e-04   3.0760e+02
20260816_09:00:00   1.2431e+00   2.0404e+02   2.1117e+01   0.0000e+00   1.6966e-04   3.0855e+02
20260816_10:00:00   1.2735e+00   2.0613e+02   2.1738e+01   0.0000e+00   4.1199e-07   3.0891e+02
20260816_11:00:00   1.3984e+00   2.1530e+02   2.3767e+01   0.0000e+00   1.7076e-04   3.0970e+02
20260816_12:00:00   1.6334e+00   2.3044e+02   2.7078e+01   0.0000e+00   1.5933e-02   3.1006e+02
20260816_13:00:00   2.0326e+00   2.4956e+02   3.2244e+01   6.6575e-04   1.4088e-02   3.0967e+02
20260816_14:00:00   2.3253e+00   2.5993e+02   3.6182e+01   8.4487e-05   2.4478e-03   3.1011e+02
20260816_15:00:00   2.7583e+00   2.7041e+02   3.9287e+01   9.5004e-02   6.6096e-03   3.1091e+02
20260816_16:00:00   3.7091e+00   2.8153e+02   4.1956e+01   3.9441e-01   1.3826e-03   3.1128e+02
20260816_17:00:00   3.1218e+00   2.7576e+02   4.2215e+01   1.2543e-01   1.8436e-03   3.1131e+02
20260816_18:00:00   4.2040e+00   2.8398e+02   4.2504e+01   5.5221e-01   6.5147e-03   3.1243e+02
20260816_19:00:00   4.8860e+00   2.8537e+02   4.3491e+01   7.8770e-01   1.0583e-02   3.1212e+02
20260816_20:00:00   5.2477e+00   2.8596e+02   4.4225e+01   9.1562e-01   3.4639e-02   3.1165e+02
20260816_21:00:00   6.5814e+00   2.8683e+02   4.7040e+01   1.3760e+00   7.4418e-03   3.1096e+02
20260816_22:00:00   6.3803e+00   2.8674e+02   4.8542e+01   1.2425e+00   2.2159e-02   3.1064e+02
20260816_23:00:00   6.3176e+00   2.8670e+02   4.9332e+01   1.1472e+00   8.0277e-01   3.0948e+02
20260817_00:00:00   6.4253e+00   2.8711e+02   5.0629e+01   1.1440e+00   7.2570e-02   3.0756e+02
20260817_01:00:00   7.0336e+00   2.8734e+02   5.3280e+01   1.3304e+00   1.0226e+00   3.0515e+02
20260817_02:00:00   7.1641e+00   2.8781e+02   5.1426e+01   1.3777e+00   4.6980e-02   3.0504e+02
20260817_03:00:00   7.4753e+00   2.8829e+02   5.0639e+01   1.4937e+00   1.1198e-03   3.0509e+02
20260817_04:00:00   6.9451e+00   2.8875e+02   5.0537e+01   1.2772e+00   7.7643e-04   3.0611e+02
20260817_05:00:00   6.6363e+00   2.8912e+02   5.0107e+01   1.1695e+00   5.2247e-04   3.0605e+02
20260817_06:00:00   6.7040e+00   2.8934e+02   4.9405e+01   1.2116e+00   4.9100e-06   3.0560e+02
20260817_07:00:00   5.0212e+00   2.8780e+02   4.8335e+01   6.0869e-01   1.0252e-04   3.0633e+02
20260817_08:00:00   4.0604e+00   2.8444e+02   4.6973e+01   2.8568e-01   4.3120e-05   3.0704e+02
20260817_09:00:00   3.7231e+00   2.8212e+02   4.4789e+01   2.1260e-01   1.1072e-04   3.0883e+02
20260817_10:00:00   3.2676e+00   2.7790e+02   4.2719e+01   9.0259e-02   0.0000e+00   3.1143e+02
20260817_11:00:00   2.9546e+00   2.7377e+02   4.0799e+01   2.6211e-02   8.1021e-05   3.0988e+02
20260817_12:00:00   2.8147e+00   2.7154e+02   3.8864e+01   2.2550e-02   2.2803e-03   3.0933e+02
20260817_13:00:00   2.6999e+00   2.6966e+02   3.7387e+01   1.3139e-02   1.9324e-02   3.1027e+02
20260817_14:00:00   2.6911e+00   2.7002e+02   3.7156e+01   8.8827e-03   5.4262e-03   3.1014e+02
20260817_15:00:00   2.6359e+00   2.6969e+02   3.5106e+01   4.2062e-02   4.6200e-07   3.1282e+02
20260817_16:00:00   2.3997e+00   2.6469e+02   3.2239e+01   2.8568e-02   0.0000e+00   3.1499e+02
20260817_17:00:00   2.1960e+00   2.5960e+02   2.9491e+01   2.7180e-02   0.0000e+00   3.1626e+02
20260817_18:00:00   2.1606e+00   2.5922e+02   2.9652e+01   1.5774e-02   0.0000e+00   3.1823e+02
20260817_19:00:00   2.4305e+00   2.6730e+02   3.1212e+01   8.8140e-02   0.0000e+00   3.1661e+02
20260817_20:00:00   2.6567e+00   2.7228e+02   3.1754e+01   1.6452e-01   0.0000e+00   3.1493e+02
20260817_21:00:00   3.5765e+00   2.8378e+02   3.3096e+01   4.7685e-01   0.0000e+00   3.1429e+02
20260817_22:00:00   3.1149e+00   2.7871e+02   3.3417e+01   2.7583e-01   9.7640e-05   3.1288e+02
20260817_23:00:00   2.3910e+00   2.6546e+02   3.2657e+01   1.8912e-02   0.0000e+00   3.1245e+02
20260818_00:00:00   2.4030e+00   2.6546e+02   3.3213e+01   6.6915e-03   0.0000e+00   3.1298e+02
20260818_03:00:00   2.6364e+00   2.6932e+02   3.2198e+01   1.2548e-01   0.0000e+00   3.1978e+02
20260818_06:00:00   2.1785e+00   2.5664e+02   2.8042e+01   7.6755e-02   0.0000e+00   3.2164e+02
20260818_09:00:00   1.8437e+00   2.4326e+02   2.5904e+01   1.6022e-03   0.0000e+00   3.2423e+02
20260818_12:00:00   2.0067e+00   2.4965e+02   2.6739e+01   3.8031e-02   7.2146e-03   3.2596e+02
20260818_15:00:00   2.6982e+00   2.6927e+02   2.8449e+01   2.4180e-01   0.0000e+00   3.2820e+02
20260818_18:00:00   2.3536e+00   2.6255e+02   2.9609e+01   9.3054e-02   1.0003e-03   3.1693e+02
20260818_21:00:00   2.1750e+00   2.5755e+02   3.0884e+01   8.9521e-03   3.4875e-02   3.1736e+02
20260819_00:00:00   2.2160e+00   2.5816e+02   3.2163e+01   1.0886e-03   1.1849e-02   3.2265e+02
20260819_03:00:00   2.2864e+00   2.6026e+02   3.2132e+01   0.0000e+00   0.0000e+00   3.2582e+02
20260819_06:00:00   2.3381e+00   2.6172e+02   3.2189e+01   1.5138e-03   0.0000e+00   3.2048e+02
20260819_09:00:00   2.4570e+00   2.6483e+02   3.2554e+01   4.5121e-02   3.6921e-04   3.1501e+02
20260819_12:00:00   2.1933e+00   2.5755e+02   2.9667e+01   5.3033e-02   3.1286e-04   3.1618e+02
20260819_15:00:00   2.1141e+00   2.5642e+02   3.1781e+01   0.0000e+00   1.2522e-05   3.1616e+02
20260819_18:00:00   2.1203e+00   2.5726e+02   3.3777e+01   6.2760e-05   6.6797e-04   3.2190e+02
20260819_21:00:00   2.4002e+00   2.6678e+02   3.7983e+01   1.4492e-03   3.0003e-03   3.2405e+02
20260820_00:00:00   2.2152e+00   2.6086e+02   3.3298e+01   0.0000e+00   4.6360e-04   3.2461e+02
20260820_03:00:00   2.0545e+00   2.5472e+02   2.9866e+01   0.0000e+00   1.1431e-02   3.2528e+02
20260820_06:00:00   1.6205e+00   2.3353e+02   2.3918e+01   0.0000e+00   9.0375e-04   3.2097e+02
20260820_09:00:00   1.4613e+00   2.2329e+02   2.1706e+01   0.0000e+00   1.5319e-03   3.2480e+02
20260820_12:00:00   1.3119e+00   2.1193e+02   1.9938e+01   0.0000e+00   8.7564e-02   3.2898e+02
20260820_15:00:00   1.2846e+00   2.1067e+02   1.9492e+01   0.0000e+00   2.2117e-04   3.2994e+02
20260820_18:00:00   1.3605e+00   2.1682e+02   2.1333e+01   0.0000e+00   0.0000e+00   3.2928e+02
20260820_21:00:00   1.4458e+00   2.2339e+02   2.1976e+01   8.2160e-03   0.0000e+00   3.3320e+02
20260821_00:00:00   1.7096e+00   2.3800e+02   2.3853e+01   3.3120e-02   0.0000e+00   3.2680e+02
20260821_03:00:00   1.5589e+00   2.2966e+02   2.2304e+01   0.0000e+00   0.0000e+00   3.2247e+02
20260821_06:00:00   1.5579e+00   2.2913e+02   2.1904e+01   0.0000e+00   0.0000e+00   3.2492e+02
20260821_09:00:00   1.6658e+00   2.3447e+02   2.3389e+01   1.2081e-03   0.0000e+00   3.2100e+02
20260821_12:00:00   1.8698e+00   2.4460e+02   2.4132e+01   5.5250e-02   0.0000e+00   3.2460e+02
20260821_15:00:00   1.6079e+00   2.3317e+02   2.2833e+01   0.0000e+00   0.0000e+00   3.2563e+02
20260821_18:00:00   1.7665e+00   2.4275e+02   2.6615e+01   7.9760e-05   2.0243e-02   3.2131e+02
20260821_21:00:00   2.0194e+00   2.5397e+02   3.1005e+01   2.2360e-03   1.8716e-02   3.1899e+02
20260822_00:00:00   2.5870e+00   2.6990e+02   3.7663e+01   2.9940e-04   3.5131e-03   3.1694e+02
20260822_03:00:00   3.1772e+00   2.7829e+02   4.1118e+01   1.0714e-01   3.0172e-04   3.1449e+02
20260822_06:00:00   3.5157e+00   2.8167e+02   4.1379e+01   2.4482e-01   7.4961e-05   3.1181e+02
20260822_09:00:00   2.9953e+00   2.7567e+02   4.2500e+01   9.2439e-03   1.9666e-02   3.1318e+02
20260822_12:00:00   2.6450e+00   2.6980e+02   3.8528e+01   6.2891e-03   1.2890e-05   3.1166e+02
20260822_15:00:00   2.4586e+00   2.6695e+02   3.7401e+01   3.0829e-03   9.8220e-06   3.1300e+02
20260822_18:00:00   2.2096e+00   2.6025e+02   3.6257e+01   0.0000e+00   1.5776e-03   3.1297e+02
20260822_21:00:00   3.7391e+00   2.8457e+02   4.5552e+01   3.3813e-01   3.6086e-02   3.1040e+02
20260823_00:00:00   3.2334e+00   2.7897e+02   4.7781e+01   1.1312e-02   7.1282e-01   3.1334e+02
20260823_03:00:00   2.6077e+00   2.6870e+02   3.8854e+01   3.0260e-05   4.6822e-02   3.1247e+02
20260823_06:00:00   2.3061e+00   2.6009e+02   3.3995e+01   7.7260e-05   2.6995e-04   3.1698e+02
20260823_09:00:00   1.7263e+00   2.3697e+02   2.5095e+01   0.0000e+00   0.0000e+00   3.2317e+02
20260823_12:00:00   1.3436e+00   2.1237e+02   1.9655e+01   0.0000e+00   0.0000e+00   3.3933e+02
20260823_15:00:00   9.0685e-01   1.7217e+02   1.3359e+01   0.0000e+00   0.0000e+00   3.4666e+02
20260823_18:00:00   8.3839e-01   1.6389e+02   1.3238e+01   0.0000e+00   0.0000e+00   3.5555e+02
20260823_21:00:00   9.0173e-01   1.7106e+02   1.4233e+01   0.0000e+00   0.0000e+00   3.4882e+02
20260824_00:00:00   1.0354e+00   1.8442e+02   1.5944e+01   0.0000e+00   0.0000e+00   3.4654e+02
20260824_03:00:00   1.1077e+00   1.9047e+02   1.7013e+01   0.0000e+00   0.0000e+00   3.4881e+02
20260824_06:00:00   9.5649e-01   1.7521e+02   1.4818e+01   0.0000e+00   0.0000e+00   3.4844e+02
20260824_09:00:00   9.4355e-01   1.7379e+02   1.4542e+01   0.0000e+00   1.3502e-05   3.4637e+02
20260824_12:00:00   8.9995e-01   1.6921e+02   1.3980e+01   0.0000e+00   1.1020e-05   3.3754e+02
20260824_15:00:00   9.5939e-01   1.7633e+02   1.5677e+01   0.0000e+00   6.3061e-04   3.3281e+02
20260824_18:00:00   1.1400e+00   1.9495e+02   1.8995e+01   0.0000e+00   2.3100e-07   3.2313e+02
20260824_21:00:00   1.3358e+00   2.1181e+02   2.2383e+01   0.0000e+00   0.0000e+00   3.1924e+02
20260825_00:00:00   1.5423e+00   2.2580e+02   2.5620e+01   0.0000e+00   0.0000e+00   3.1539e+02
20260825_03:00:00   1.5425e+00   2.2548e+02   2.5687e+01   0.0000e+00   0.0000e+00   3.1420e+02
20260825_06:00:00   1.5166e+00   2.2401e+02   2.4699e+01   0.0000e+00   0.0000e+00   3.1258e+02
20260825_09:00:00   1.7368e+00   2.3713e+02   2.6784e+01   0.0000e+00   2.3034e-04   3.0843e+02
20260825_12:00:00   1.7752e+00   2.4037e+02   2.6400e+01   0.0000e+00   1.9380e-04   3.0336e+02
20260825_15:00:00   2.2918e+00   2.6197e+02   3.1915e+01   3.5873e-02   2.3255e-03   3.0181e+02
20260825_18:00:00   3.3588e+00   2.8256e+02   4.1832e+01   1.5205e-01   1.6194e-02   3.0271e+02
20260825_21:00:00   3.7224e+00   2.8643e+02   4.9142e+01   1.5225e-01   1.9493e-01   3.0090e+02
20260826_00:00:00   2.8141e+00   2.7354e+02   4.2202e+01   0.0000e+00   2.5287e-01   3.0770e+02
20260826_03:00:00   2.3489e+00   2.6340e+02   3.3405e+01   0.0000e+00   6.6840e-05   3.1354e+02
20260826_06:00:00   1.8164e+00   2.4368e+02   2.6457e+01   0.0000e+00   0.0000e+00   3.1733e+02
20260826_09:00:00   1.7288e+00   2.3873e+02   2.4450e+01   0.0000e+00   0.0000e+00   3.2023e+02
20260826_12:00:00   1.5249e+00   2.2597e+02   2.1933e+01   0.0000e+00   0.0000e+00   3.1779e+02
20260826_15:00:00   1.3286e+00   2.1253e+02   1.9979e+01   0.0000e+00   0.0000e+00   3.1726e+02
20260826_18:00:00   1.2569e+00   2.0725e+02   1.9345e+01   2.1420e-04   0.0000e+00   3.2035e+02
20260826_21:00:00   1.0698e+00   1.9098e+02   1.7069e+01   0.0000e+00   0.0000e+00   3.2366e+02
20260827_00:00:00   1.2757e+00   2.0833e+02   1.9239e+01   0.0000e+00   0.0000e+00   3.2332e+02
20260827_03:00:00   1.2637e+00   2.0693e+02   1.9317e+01   0.0000e+00   0.0000e+00   3.2303e+02
20260827_06:00:00   1.2220e+00   2.0291e+02   1.8934e+01   0.0000e+00   4.0765e-04   3.2381e+02
20260827_09:00:00   1.2078e+00   2.0077e+02   1.8959e+01   0.0000e+00   0.0000e+00   3.2135e+02
20260827_12:00:00   1.2724e+00   2.0577e+02   1.9795e+01   0.0000e+00   0.0000e+00   3.2357e+02
20260827_15:00:00   1.2926e+00   2.0864e+02   1.9882e+01   0.0000e+00   0.0000e+00   3.2495e+02
20260827_18:00:00   1.3212e+00   2.1190e+02   2.0327e+01   0.0000e+00   0.0000e+00   3.1965e+02
20260827_21:00:00   1.4352e+00   2.2055e+02   2.1704e+01   5.6320e-03   0.0000e+00   3.1980e+02
20260828_00:00:00   1.5190e+00   2.2547e+02   2.2136e+01   1.3106e-02   0.0000e+00   3.2053e+02
20260828_03:00:00   1.5354e+00   2.2639e+02   2.2528e+01   0.0000e+00   0.0000e+00   3.1857e+02
20260828_06:00:00   1.5947e+00   2.2945e+02   2.3185e+01   0.0000e+00   0.0000e+00   3.2010e+02
20260828_09:00:00   1.5548e+00   2.2711e+02   2.2445e+01   0.0000e+00   0.0000e+00   3.2578e+02
20260828_12:00:00   1.4958e+00   2.2365e+02   2.1567e+01   0.0000e+00   0.0000e+00   3.2554e+02
20260828_15:00:00   1.6108e+00   2.3203e+02   2.3189e+01   0.0000e+00   0.0000e+00   3.2348e+02
20260828_18:00:00   1.5882e+00   2.3156e+02   2.3812e+01   6.9360e-04   5.8160e-05   3.2033e+02
20260828_21:00:00   1.9366e+00   2.4852e+02   2.5154e+01   1.1632e-01   6.2376e-04   3.1713e+02
20260829_00:00:00   1.7682e+00   2.3990e+02   2.6097e+01   9.8400e-04   9.0313e-02   3.1541e+02
