#            date       tau255        Tb[K]      pwv[mm] lwp[kg*m^-2] iwp[kg*m^-2]       o3[DU]
20260824_12:00:00   1.1985e+00   2.0271e+02   1.7508e+01   0.0000e+00   0.0000e+00   3.3009e+02
20260824_13:00:00   1.2451e+00   2.0641e+02   1.8508e+01   0.0000e+00   0.0000e+00   3.2974e+02
20260824_14:00:00   1.4395e+00   2.2048e+02   2.1869e+01   0.0000e+00   0.0000e+00   3.2742e+02
20260824_15:00:00   1.5078e+00   2.2469e+02   2.3219e+01   0.0000e+00   0.0000e+00   3.2694e+02
20260824_16:00:00   1.5987e+00   2.3008e+02   2.4619e+01   7.2420e-05   0.0000e+00   3.2710e+02
20260824_17:00:00   1.7903e+00   2.4008e+02   2.5406e+01   5.2711e-02   0.0000e+00   3.2761e+02
20260824_18:00:00   2.0012e+00   2.4922e+02   2.5146e+01   1.3456e-01   8.2580e-05   3.2871e+02
20260824_19:00:00   2.7850e+00   2.6919e+02   2.5738e+01   4.3426e-01   7.2580e-05   3.3132e+02
20260824_20:00:00   2.4020e+00   2.6120e+02   2.6765e+01   2.5578e-01   8.3340e-05   3.3232e+02
20260824_21:00:00   3.0575e+00   2.7337e+02   2.8708e+01   4.7012e-01   1.2318e-05   3.3293e+02
20260824_22:00:00   1.8525e+00   2.4288e+02   2.7324e+01   4.3124e-02   1.9314e-05   3.3496e+02
20260824_23:00:00   2.3089e+00   2.5873e+02   2.8629e+01   1.9052e-01   2.5547e-05   3.3710e+02
20260825_00:00:00   2.0254e+00   2.4986e+02   2.8924e+01   6.3531e-02   5.7633e-05   3.3776e+02
20260825_01:00:00   2.5055e+00   2.6352e+02   3.0723e+01   1.9772e-01   8.6396e-05   3.3856e+02
20260825_02:00:00   1.7547e+00   2.3822e+02   2.6819e+01   3.3608e-03   9.0746e-06   3.4127e+02
20260825_03:00:00   1.5643e+00   2.2745e+02   2.4417e+01   9.7020e-06   6.6939e-04   3.4235e+02
20260825_04:00:00   2.3020e+00   2.5671e+02   2.7027e+01   2.2906e-01   1.3544e-02   3.4421e+02
20260825_05:00:00   1.7884e+00   2.3833e+02   2.6549e+01   2.8930e-02   6.5885e-04   3.5049e+02
20260825_06:00:00   1.6592e+00   2.3174e+02   2.5268e+01   1.3056e-02   0.0000e+00   3.5306e+02
20260825_07:00:00   1.6252e+00   2.2977e+02   2.5120e+01   6.8140e-07   0.0000e+00   3.5324e+02
20260825_08:00:00   1.6727e+00   2.3212e+02   2.5393e+01   0.0000e+00   0.0000e+00   3.4539e+02
20260825_09:00:00   1.6993e+00   2.3342e+02   2.5654e+01   0.0000e+00   3.9280e-05   3.4008e+02
20260825_10:00:00   1.7595e+00   2.3635e+02   2.6544e+01   0.0000e+00   6.2660e-04   3.3701e+02
20260825_11:00:00   1.8337e+00   2.3993e+02   2.7529e+01   0.0000e+00   1.4898e-04   3.3763e+02
20260825_12:00:00   1.9386e+00   2.4441e+02   2.8903e+01   0.0000e+00   9.6560e-06   3.3764e+02
20260825_13:00:00   1.9665e+00   2.4575e+02   2.9354e+01   0.0000e+00   3.8818e-04   3.4048e+02
20260825_14:00:00   2.0034e+00   2.4758e+02   2.9844e+01   0.0000e+00   2.5207e-04   3.4257e+02
20260825_15:00:00   2.0122e+00   2.4852e+02   2.9671e+01   2.9940e-03   0.0000e+00   3.4529e+02
20260825_16:00:00   2.2711e+00   2.5772e+02   2.9231e+01   1.0520e-01   2.8980e-05   3.4398e+02
20260825_17:00:00   2.6507e+00   2.6693e+02   3.0252e+01   2.2861e-01   3.1133e-04   3.4263e+02
20260825_18:00:00   2.3515e+00   2.5998e+02   3.0840e+01   9.8289e-02   0.0000e+00   3.4842e+02
20260825_19:00:00   2.3484e+00   2.6034e+02   2.9679e+01   1.1671e-01   0.0000e+00   3.5258e+02
20260825_20:00:00   1.9586e+00   2.4767e+02   2.8145e+01   4.0780e-03   0.0000e+00   3.4551e+02
20260825_21:00:00   1.9344e+00   2.4687e+02   2.7641e+01   1.6878e-02   0.0000e+00   3.4141e+02
20260825_22:00:00   1.8519e+00   2.4333e+02   2.7143e+01   2.4752e-03   0.0000e+00   3.4106e+02
20260825_23:00:00   1.8232e+00   2.4190e+02   2.6843e+01   6.9360e-04   0.0000e+00   3.4251e+02
20260826_00:00:00   1.8713e+00   2.4373e+02   2.7637e+01   0.0000e+00   0.0000e+00   3.4606e+02
20260826_01:00:00   1.8958e+00   2.4458e+02   2.7918e+01   0.0000e+00   0.0000e+00   3.4751e+02
20260826_02:00:00   1.8165e+00   2.4093e+02   2.6863e+01   0.0000e+00   0.0000e+00   3.4600e+02
20260826_03:00:00   1.7394e+00   2.3720e+02   2.5718e+01   0.0000e+00   0.0000e+00   3.4281e+02
20260826_04:00:00   1.6918e+00   2.3463e+02   2.5062e+01   0.0000e+00   0.0000e+00   3.3982e+02
20260826_05:00:00   1.6362e+00   2.3150e+02   2.4292e+01   0.0000e+00   0.0000e+00   3.3810e+02
20260826_06:00:00   1.5846e+00   2.2860e+02   2.3555e+01   0.0000e+00   0.0000e+00   3.3749e+02
20260826_07:00:00   1.5468e+00   2.2639e+02   2.2966e+01   0.0000e+00   0.0000e+00   3.3538e+02
20260826_08:00:00   1.5453e+00   2.2621e+02   2.2844e+01   0.0000e+00   0.0000e+00   3.3283e+02
20260826_09:00:00   1.5331e+00   2.2541e+02   2.2703e+01   0.0000e+00   0.0000e+00   3.3014e+02
20260826_10:00:00   1.5221e+00   2.2468e+02   2.2570e+01   0.0000e+00   0.0000e+00   3.2931e+02
20260826_11:00:00   1.5319e+00   2.2527e+02   2.2728e+01   0.0000e+00   9.6560e-06   3.2839e+02
20260826_12:00:00   1.5282e+00   2.2521e+02   2.2698e+01   0.0000e+00   0.0000e+00   3.2665e+02
20260826_13:00:00   1.5360e+00   2.2595e+02   2.2799e+01   0.0000e+00   5.2268e-04   3.2396e+02
20260826_14:00:00   1.5463e+00   2.2697e+02   2.3099e+01   0.0000e+00   4.1066e-03   3.2343e+02
20260826_15:00:00   1.5444e+00   2.2729e+02   2.3291e+01   0.0000e+00   8.2323e-03   3.2290e+02
20260826_16:00:00   1.5679e+00   2.2912e+02   2.3819e+01   0.0000e+00   1.5939e-02   3.2097e+02
20260826_17:00:00   1.5456e+00   2.2821e+02   2.3836e+01   0.0000e+00   7.8740e-03   3.1935e+02
20260826_18:00:00   1.6222e+00   2.3285e+02   2.4941e+01   0.0000e+00   3.1439e-03   3.1798e+02
20260826_19:00:00   1.6351e+00   2.3384e+02   2.5260e+01   0.0000e+00   3.1496e-04   3.1594e+02
20260826_20:00:00   1.6307e+00   2.3393e+02   2.5250e+01   0.0000e+00   6.8140e-07   3.1479e+02
20260826_21:00:00   1.6438e+00   2.3485e+02   2.5529e+01   0.0000e+00   2.0560e-05   3.1564e+02
20260826_22:00:00   1.6303e+00   2.3412e+02   2.5371e+01   6.7120e-04   4.1325e-04   3.1585e+02
20260826_23:00:00   1.6375e+00   2.3424e+02   2.5076e+01   1.2992e-02   2.6344e-03   3.1657e+02
20260827_00:00:00   1.5989e+00   2.3188e+02   2.4685e+01   9.8300e-03   1.6642e-03   3.1599e+02
20260827_01:00:00   1.5730e+00   2.3023e+02   2.4686e+01   3.9420e-04   6.4444e-04   3.1524e+02
20260827_02:00:00   1.5513e+00   2.2876e+02   2.4436e+01   0.0000e+00   4.3859e-04   3.1490e+02
20260827_03:00:00   1.5676e+00   2.2944e+02   2.4763e+01   0.0000e+00   1.7364e-03   3.1515e+02
20260827_04:00:00   1.6243e+00   2.3240e+02   2.5680e+01   0.0000e+00   4.6012e-03   3.1491e+02
20260827_05:00:00   1.6762e+00   2.3514e+02   2.6391e+01   0.0000e+00   1.2419e-03   3.1507e+02
20260827_06:00:00   1.6899e+00   2.3583e+02   2.6713e+01   0.0000e+00   1.5049e-03   3.1499e+02
20260827_07:00:00   1.8147e+00   2.4176e+02   2.8539e+01   0.0000e+00   3.1793e-03   3.1444e+02
20260827_08:00:00   1.8418e+00   2.4310e+02   2.8767e+01   0.0000e+00   8.0294e-03   3.1274e+02
20260827_09:00:00   1.8476e+00   2.4345e+02   2.8654e+01   0.0000e+00   2.7805e-03   3.1418e+02
20260827_10:00:00   1.8519e+00   2.4383e+02   2.8496e+01   0.0000e+00   1.9030e-04   3.1579e+02
20260827_11:00:00   1.8837e+00   2.4544e+02   2.8427e+01   0.0000e+00   0.0000e+00   3.1746e+02
20260827_12:00:00   1.9482e+00   2.4859e+02   2.9000e+01   0.0000e+00   0.0000e+00   3.1812e+02
20260827_13:00:00   2.0588e+00   2.5336e+02   3.0165e+01   0.0000e+00   7.7260e-05   3.1728e+02
20260827_14:00:00   2.2009e+00   2.5898e+02   3.1898e+01   0.0000e+00   3.7494e-03   3.1506e+02
20260827_15:00:00   2.4875e+00   2.6720e+02   3.6307e+01   0.0000e+00   3.0471e-03   3.1450e+02
20260827_16:00:00   2.5659e+00   2.6937e+02   3.7228e+01   1.7364e-02   9.3589e-03   3.1477e+02
20260827_17:00:00   2.5439e+00   2.6918e+02   3.8073e+01   2.0200e-03   2.6893e-02   3.1419e+02
20260827_18:00:00   2.7732e+00   2.7401e+02   3.9524e+01   5.6539e-02   4.1416e-02   3.1354e+02
20260827_19:00:00   2.8754e+00   2.7498e+02   4.0194e+01   1.0213e-01   5.0991e-02   3.1060e+02
20260827_20:00:00   2.6942e+00   2.7140e+02   4.0245e+01   3.0310e-02   3.7947e-02   3.0882e+02
20260827_21:00:00   2.7334e+00   2.7149e+02   3.9412e+01   7.3791e-02   1.2887e-01   3.0833e+02
20260827_22:00:00   2.5303e+00   2.6690e+02   3.9020e+01   1.2474e-05   4.3598e-01   3.0922e+02
20260827_23:00:00   2.5065e+00   2.6622e+02   3.8689e+01   6.3738e-04   1.1675e-01   3.0905e+02
20260828_00:00:00   3.0594e+00   2.7583e+02   4.2823e+01   7.2767e-02   3.1570e-01   3.0913e+02
20260828_01:00:00   2.7084e+00   2.7027e+02   4.0720e+01   4.5420e-06   3.1966e-02   3.0942e+02
20260828_02:00:00   2.6807e+00   2.6979e+02   3.9984e+01   0.0000e+00   5.4969e-03   3.0974e+02
20260828_03:00:00   2.8203e+00   2.7229e+02   4.1389e+01   0.0000e+00   6.8698e-02   3.0772e+02
20260828_04:00:00   2.9911e+00   2.7508e+02   4.3164e+01   0.0000e+00   1.6845e-01   3.0669e+02
20260828_05:00:00   2.9252e+00   2.7400e+02   4.2451e+01   7.2420e-06   1.8067e-01   3.0666e+02
20260828_06:00:00   2.8590e+00   2.7280e+02   4.1943e+01   1.7760e-04   2.2812e-02   3.0809e+02
20260828_07:00:00   2.9783e+00   2.7460e+02   4.3282e+01   1.2147e-03   7.3662e-02   3.0851e+02
20260828_08:00:00   3.2399e+00   2.7804e+02   4.6056e+01   4.8277e-03   1.7654e-01   3.0758e+02
20260828_09:00:00   3.6210e+00   2.8168e+02   4.8149e+01   8.0976e-02   4.0276e-01   3.0901e+02
20260828_10:00:00   4.7487e+00   2.8694e+02   4.8973e+01   5.1030e-01   4.4661e-01   3.0900e+02
20260828_11:00:00   4.2400e+00   2.8569e+02   4.8888e+01   3.0252e-01   2.7870e-01   3.1048e+02
20260828_12:00:00   4.7827e+00   2.8757e+02   4.9106e+01   5.1027e-01   2.1989e-01   3.1050e+02
20260828_13:00:00   5.2763e+00   2.8856e+02   4.8564e+01   7.3652e-01   7.8197e-02   3.1102e+02
20260828_14:00:00   5.5592e+00   2.8920e+02   4.8316e+01   8.5670e-01   8.3064e-02   3.0983e+02
20260828_15:00:00   4.0549e+00   2.8575e+02   4.5672e+01   3.2507e-01   8.2358e-03   3.0883e+02
20260828_16:00:00   3.2903e+00   2.7982e+02   4.3243e+01   1.1060e-01   1.3291e-03   3.0931e+02
20260828_17:00:00   3.0876e+00   2.7753e+02   4.2029e+01   6.6081e-02   6.5739e-03   3.0915e+02
20260828_18:00:00   3.0695e+00   2.7783e+02   4.1236e+01   7.7889e-02   1.5138e-02   3.0908e+02
20260828_19:00:00   2.7166e+00   2.7264e+02   3.8774e+01   1.0997e-02   1.1861e-02   3.0933e+02
20260828_20:00:00   2.8543e+00   2.7543e+02   4.1207e+01   4.2121e-04   1.8651e-02   3.1011e+02
20260828_21:00:00   2.8880e+00   2.7612e+02   4.1289e+01   1.1576e-02   2.2182e-03   3.1188e+02
20260828_22:00:00   3.5447e+00   2.8352e+02   4.3263e+01   2.0815e-01   1.7086e-03   3.1208e+02
20260828_23:00:00   2.7960e+00   2.7393e+02   4.0485e+01   3.4060e-06   8.1301e-04   3.1252e+02
20260829_00:00:00   2.6650e+00   2.7118e+02   3.8427e+01   0.0000e+00   2.0914e-02   3.1323e+02
20260829_01:00:00   2.4641e+00   2.6652e+02   3.5387e+01   0.0000e+00   5.3889e-03   3.1334e+02
20260829_02:00:00   2.3925e+00   2.6449e+02   3.3908e+01   0.0000e+00   5.6689e-03   3.1248e+02
20260829_03:00:00   2.3018e+00   2.6176e+02   3.2385e+01   0.0000e+00   3.0123e-03   3.1369e+02
20260829_04:00:00   2.2453e+00   2.5954e+02   3.1236e+01   0.0000e+00   2.0982e-03   3.1331e+02
20260829_05:00:00   2.0645e+00   2.5283e+02   2.8884e+01   0.0000e+00   3.9461e-03   3.1524e+02
20260829_06:00:00   1.8067e+00   2.4178e+02   2.5610e+01   0.0000e+00   2.1175e-03   3.1670e+02
20260829_07:00:00   1.5139e+00   2.2544e+02   2.1801e+01   0.0000e+00   1.5994e-03   3.1718e+02
20260829_08:00:00   1.3097e+00   2.1086e+02   1.9335e+01   0.0000e+00   6.7776e-04   3.1924e+02
20260829_09:00:00   1.1477e+00   1.9688e+02   1.7520e+01   0.0000e+00   1.2499e-03   3.2168e+02
20260829_10:00:00   9.8414e-01   1.8066e+02   1.5511e+01   0.0000e+00   5.3640e-03   3.2399e+02
20260829_11:00:00   8.5287e-01   1.6581e+02   1.3571e+01   0.0000e+00   8.3524e-03   3.2508e+02
20260829_12:00:00   7.9924e-01   1.5914e+02   1.2619e+01   0.0000e+00   1.2722e-02   3.2695e+02
20260829_15:00:00   7.9289e-01   1.5891e+02   1.2288e+01   0.0000e+00   3.0960e-05   3.2806e+02
20260829_18:00:00   8.6539e-01   1.6855e+02   1.3592e+01   0.0000e+00   0.0000e+00   3.2651e+02
20260829_21:00:00   9.5131e-01   1.7884e+02   1.4996e+01   0.0000e+00   1.5806e-04   3.2191e+02
20260830_00:00:00   1.0755e+00   1.9136e+02   1.6721e+01   0.0000e+00   1.5992e-04   3.2175e+02
20260830_03:00:00   1.1799e+00   1.9982e+02   1.8778e+01   0.0000e+00   8.4704e-03   3.2093e+02
20260830_06:00:00   1.3414e+00   2.1264e+02   2.1307e+01   0.0000e+00   3.6988e-03   3.2037e+02
20260830_09:00:00   1.8506e+00   2.4158e+02   2.7169e+01   3.6820e-02   1.7840e-04   3.2009e+02
20260830_12:00:00   2.1872e+00   2.5468e+02   3.1532e+01   4.8164e-02   2.3102e-03   3.2100e+02
20260830_15:00:00   2.2411e+00   2.5890e+02   3.3280e+01   0.0000e+00   4.1909e-03   3.1895e+02
20260830_18:00:00   2.6025e+00   2.7020e+02   3.7016e+01   5.5490e-02   3.9214e-05   3.1485e+02
20260830_21:00:00   2.6785e+00   2.7148e+02   4.0307e+01   0.0000e+00   2.9534e-02   3.1037e+02
20260831_00:00:00   3.2269e+00   2.7875e+02   4.4249e+01   1.0780e-01   8.1795e-02   3.1221e+02
20260831_03:00:00   3.7573e+00   2.8290e+02   4.3799e+01   3.4375e-01   9.5892e-02   3.1382e+02
20260831_06:00:00   4.2343e+00   2.8512e+02   4.3760e+01   5.2593e-01   4.8936e-02   3.1407e+02
20260831_09:00:00   3.1221e+00   2.7653e+02   3.9503e+01   2.0583e-01   3.4943e-02   3.1842e+02
20260831_12:00:00   2.6964e+00   2.7042e+02   3.8797e+01   2.0491e-02   2.0416e-03   3.1473e+02
20260831_15:00:00   2.9670e+00   2.7550e+02   4.1640e+01   3.4517e-02   4.2742e-02   3.1532e+02
20260831_18:00:00   2.0577e+00   2.5492e+02   2.8443e+01   2.0158e-02   0.0000e+00   3.2070e+02
20260831_21:00:00   1.4939e+00   2.2759e+02   2.2181e+01   0.0000e+00   0.0000e+00   3.2215e+02
20260901_00:00:00   1.3900e+00   2.1940e+02   2.0507e+01   0.0000e+00   0.0000e+00   3.2411e+02
20260901_03:00:00   1.2204e+00   2.0401e+02   1.8315e+01   0.0000e+00   0.0000e+00   3.2704e+02
20260901_06:00:00   8.5556e-01   1.6573e+02   1.3651e+01   0.0000e+00   0.0000e+00   3.2933e+02
20260901_09:00:00   9.3251e-01   1.7335e+02   1.4565e+01   0.0000e+00   1.6818e-04   3.3004e+02
20260901_12:00:00   8.6700e-01   1.6592e+02   1.3223e+01   0.0000e+00   0.0000e+00   3.3111e+02
20260901_15:00:00   8.5788e-01   1.6557e+02   1.3309e+01   0.0000e+00   0.0000e+00   3.2861e+02
20260901_18:00:00   8.4562e-01   1.6529e+02   1.3437e+01   0.0000e+00   1.0284e-05   3.2537e+02
20260901_21:00:00   9.0038e-01   1.7244e+02   1.4213e+01   0.0000e+00   9.9622e-04   3.1974e+02
20260902_00:00:00   9.5013e-01   1.7764e+02   1.4727e+01   0.0000e+00   2.1699e-04   3.1854e+02
20260902_03:00:00   9.4261e-01   1.7606e+02   1.4665e+01   0.0000e+00   7.6440e-04   3.1659e+02
20260902_06:00:00   9.4920e-01   1.7608e+02   1.5104e+01   0.0000e+00   1.7884e-03   3.1415e+02
20260902_09:00:00   1.0652e+00   1.8715e+02   1.7462e+01   0.0000e+00   3.9012e-03   3.0872e+02
20260902_12:00:00   1.4669e+00   2.1804e+02   2.4312e+01   0.0000e+00   1.3724e-01   3.0992e+02
20260902_15:00:00   1.7301e+00   2.3359e+02   2.8051e+01   6.0780e-03   2.1075e-01   3.0756e+02
20260902_18:00:00   3.5943e+00   2.7746e+02   3.8221e+01   4.4110e-01   5.6707e-01   3.0563e+02
20260902_21:00:00   4.3013e+00   2.7946e+02   3.9091e+01   6.7206e-01   6.8972e-01   3.0773e+02
20260903_00:00:00   4.2914e+00   2.7793e+02   3.4032e+01   8.1222e-01   4.6452e-02   3.1324e+02
20260903_03:00:00   2.9064e+00   2.6652e+02   3.1297e+01   3.3168e-01   2.4771e-03   3.1575e+02
20260903_06:00:00   2.9234e+00   2.6658e+02   2.9081e+01   4.0198e-01   1.2336e-02   3.1823e+02
20260903_09:00:00   3.0960e+00   2.6889e+02   2.9219e+01   4.6199e-01   2.4851e-02   3.2030e+02
20260903_12:00:00   3.6335e+00   2.7375e+02   2.9578e+01   6.7297e-01   1.8344e-02   3.2419e+02
20260903_15:00:00   3.0579e+00   2.6883e+02   3.1092e+01   3.7022e-01   2.2618e-02   3.2844e+02
20260903_18:00:00   3.3551e+00   2.7054e+02   2.7655e+01   6.1096e-01   1.7426e-03   3.4166e+02
20260903_21:00:00   3.7323e+00   2.7480e+02   2.8749e+01   6.8390e-01   2.4756e-03   3.3872e+02
20260904_00:00:00   3.8248e+00   2.7464e+02   2.7626e+01   7.6112e-01   7.6377e-04   3.4399e+02
20260904_03:00:00   5.5405e+00   2.7953e+02   2.6292e+01   1.5003e+00   3.8999e-02   3.4701e+02
20260904_06:00:00   4.2106e+00   2.7604e+02   2.5736e+01   9.7657e-01   1.0929e-01   3.4735e+02
20260904_09:00:00   2.6817e+00   2.6021e+02   2.5636e+01   3.6621e-01   2.3065e-01   3.4990e+02
20260904_12:00:00   2.5799e+00   2.5629e+02   2.4253e+01   3.8706e-01   1.3787e-01   3.5068e+02
20260904_15:00:00   2.3585e+00   2.5102e+02   2.4582e+01   2.9787e-01   8.3952e-02   3.4770e+02
20260904_18:00:00   2.9615e+00   2.6322e+02   2.6350e+01   4.9941e-01   2.7965e-01   3.4136e+02
20260904_21:00:00   3.4730e+00   2.6983e+02   2.7081e+01   6.9132e-01   2.2123e-01   3.3975e+02
20260905_00:00:00   4.2698e+00   2.7501e+02   2.7243e+01   1.0213e+00   1.2820e-01   3.3804e+02
20260905_03:00:00   3.4761e+00   2.7020e+02   2.7433e+01   6.9256e-01   1.2590e-02   3.3942e+02
20260905_06:00:00   2.6238e+00   2.5896e+02   2.7605e+01   3.3892e-01   5.5924e-03   3.4384e+02
20260905_09:00:00   2.4150e+00   2.5415e+02   2.6731e+01   2.8578e-01   3.2535e-03   3.4804e+02
20260905_12:00:00   1.5655e+00   2.2164e+02   2.3022e+01   3.3500e-02   5.2025e-04   3.4897e+02
20260905_15:00:00   9.5408e-01   1.7502e+02   1.4306e+01   2.0640e-06   0.0000e+00   3.4881e+02
20260905_18:00:00   8.6789e-01   1.6662e+02   1.2951e+01   0.0000e+00   0.0000e+00   3.4558e+02
20260905_21:00:00   9.3931e-01   1.7505e+02   1.4423e+01   0.0000e+00   0.0000e+00   3.4418e+02
20260906_00:00:00   1.0632e+00   1.8735e+02   1.5987e+01   4.1160e-04   2.2080e-06   3.4592e+02
20260906_03:00:00   9.6928e-01   1.7787e+02   1.4608e+01   0.0000e+00   0.0000e+00   3.4858e+02
20260906_06:00:00   8.2990e-01   1.6149e+02   1.2882e+01   0.0000e+00   0.0000e+00   3.5646e+02
20260906_09:00:00   1.0000e+00   1.8036e+02   1.5276e+01   0.0000e+00   0.0000e+00   3.4524e+02
20260906_12:00:00   1.0472e+00   1.8539e+02   1.5702e+01   0.0000e+00   0.0000e+00   3.4780e+02
20260906_15:00:00   1.0422e+00   1.8550e+02   1.5735e+01   0.0000e+00   0.0000e+00   3.4420e+02
20260906_18:00:00   1.0740e+00   1.8892e+02   1.6632e+01   1.5166e-04   2.3057e-04   3.3729e+02
20260906_21:00:00   1.7115e+00   2.3263e+02   1.8871e+01   2.1005e-01   3.9406e-03   3.3608e+02
20260907_00:00:00   1.3292e+00   2.0925e+02   1.7889e+01   7.8603e-02   2.6568e-02   3.4183e+02
20260907_03:00:00   1.2119e+00   2.0014e+02   1.8639e+01   1.0790e-03   1.3078e-02   3.4874e+02
20260907_06:00:00   1.2155e+00   2.0003e+02   1.8511e+01   3.2758e-04   2.4555e-03   3.4668e+02
20260907_09:00:00   1.2804e+00   2.0477e+02   1.8581e+01   1.5726e-02   8.4212e-04   3.4468e+02
20260907_12:00:00   1.2625e+00   2.0289e+02   1.8215e+01   1.3312e-02   3.6057e-03   3.4597e+02
20260907_15:00:00   1.2717e+00   2.0453e+02   1.8520e+01   7.1560e-04   5.7578e-04   3.4740e+02
20260907_18:00:00   1.4493e+00   2.1808e+02   1.9286e+01   5.9100e-02   6.0806e-05   3.5063e+02
20260907_21:00:00   1.8657e+00   2.3920e+02   2.1062e+01   1.8580e-01   2.9630e-03   3.4868e+02
20260908_00:00:00   2.2312e+00   2.5109e+02   2.3960e+01   2.7444e-01   1.3849e-03   3.4620e+02
20260908_03:00:00   1.7332e+00   2.3203e+02   2.4111e+01   6.2753e-02   1.2109e-03   3.4589e+02
20260908_06:00:00   1.6803e+00   2.2914e+02   2.4144e+01   3.0398e-02   4.7945e-05   3.4540e+02
20260908_09:00:00   1.7811e+00   2.3409e+02   2.4988e+01   3.1325e-02   6.8066e-04   3.4507e+02
20260908_12:00:00   1.8074e+00   2.3567e+02   2.5300e+01   1.5113e-02   1.2384e-05   3.4326e+02
20260908_15:00:00   2.0381e+00   2.4517e+02   2.6098e+01   8.0803e-02   1.8708e-04   3.4524e+02
20260908_18:00:00   1.9334e+00   2.4163e+02   2.5452e+01   5.8639e-02   7.2662e-05   3.4587e+02
20260908_21:00:00   1.6718e+00   2.2925e+02   2.3789e+01   1.2054e-02   9.8800e-06   3.4460e+02
20260909_00:00:00   1.4415e+00   2.1515e+02   2.1355e+01   0.0000e+00   0.0000e+00   3.4426e+02
20260909_03:00:00   1.4485e+00   2.1567e+02   2.1168e+01   0.0000e+00   1.2716e-04   3.3438e+02
20260909_06:00:00   1.5752e+00   2.2316e+02   2.1840e+01   2.3885e-02   1.4914e-03   3.3260e+02
20260909_09:00:00   1.4496e+00   2.1540e+02   2.0742e+01   2.3323e-03   9.7384e-03   3.3142e+02
20260909_12:00:00   1.8375e+00   2.3649e+02   2.1195e+01   1.3652e-01   1.8650e-02   3.3606e+02
