#            date       tau255        Tb[K]      pwv[mm] lwp[kg*m^-2] iwp[kg*m^-2]       o3[DU]
20260903_18:00:00   3.1766e+00   2.7931e+02   4.3154e+01   4.2460e-02   1.5450e-05   3.1967e+02
20260903_19:00:00   3.1515e+00   2.7955e+02   4.3389e+01   2.6003e-02   1.0902e-06   3.2038e+02
20260903_20:00:00   3.0718e+00   2.7848e+02   4.2607e+01   1.1235e-02   0.0000e+00   3.2009e+02
20260903_21:00:00   3.1644e+00   2.7944e+02   4.1415e+01   6.5736e-02   0.0000e+00   3.1636e+02
20260903_22:00:00   2.7543e+00   2.7323e+02   3.8068e+01   5.8920e-03   0.0000e+00   3.1608e+02
20260903_23:00:00   2.4241e+00   2.6611e+02   3.3638e+01   1.5132e-05   2.9140e-05   3.1440e+02
20260904_00:00:00   2.3769e+00   2.6454e+02   3.3029e+01   3.6674e-05   1.4135e-03   3.1080e+02
20260904_01:00:00   2.5302e+00   2.6795e+02   3.5767e+01   1.9226e-03   1.4801e-04   3.0517e+02
20260904_02:00:00   2.4445e+00   2.6591e+02   3.4232e+01   2.3961e-03   9.6716e-03   3.0169e+02
20260904_03:00:00   2.4059e+00   2.6486e+02   3.3339e+01   6.9550e-03   1.8399e-02   3.0397e+02
20260904_04:00:00   2.3488e+00   2.6326e+02   3.2171e+01   1.2846e-02   7.6240e-03   3.0344e+02
20260904_05:00:00   2.3174e+00   2.6205e+02   3.1365e+01   2.2165e-02   4.3660e-03   3.0656e+02
20260904_06:00:00   2.1492e+00   2.5685e+02   2.9644e+01   1.5822e-02   1.4328e-03   3.0650e+02
20260904_07:00:00   2.0473e+00   2.5317e+02   2.8725e+01   1.3073e-02   3.4645e-06   3.0716e+02
20260904_08:00:00   1.8823e+00   2.4655e+02   2.7360e+01   1.7346e-03   4.7140e-04   3.0746e+02
20260904_09:00:00   1.8446e+00   2.4479e+02   2.7203e+01   5.5200e-04   0.0000e+00   3.0927e+02
20260904_10:00:00   1.8221e+00   2.4365e+02   2.7168e+01   1.3340e-04   1.8022e-04   3.0889e+02
20260904_11:00:00   1.8059e+00   2.4294e+02   2.6892e+01   0.0000e+00   7.3840e-05   3.0594e+02
20260904_12:00:00   1.7733e+00   2.4148e+02   2.6415e+01   1.0070e-07   4.5334e-04   3.0364e+02
20260904_13:00:00   1.7059e+00   2.3816e+02   2.5084e+01   0.0000e+00   1.8478e-06   3.0226e+02
20260904_14:00:00   1.7036e+00   2.3842e+02   2.4937e+01   0.0000e+00   0.0000e+00   3.0053e+02
20260904_15:00:00   1.7418e+00   2.4083e+02   2.5458e+01   0.0000e+00   0.0000e+00   2.9992e+02
20260904_16:00:00   1.7833e+00   2.4320e+02   2.5963e+01   9.7820e-04   0.0000e+00   3.0098e+02
20260904_17:00:00   1.8191e+00   2.4489e+02   2.6342e+01   1.3779e-02   0.0000e+00   3.0263e+02
20260904_18:00:00   1.8223e+00   2.4475e+02   2.6167e+01   3.0981e-02   0.0000e+00   3.0532e+02
20260904_19:00:00   1.6693e+00   2.3723e+02   2.5257e+01   1.9849e-03   0.0000e+00   3.0525e+02
20260904_20:00:00   1.7108e+00   2.3934e+02   2.5411e+01   1.4244e-02   0.0000e+00   3.0539e+02
20260904_21:00:00   1.7348e+00   2.4022e+02   2.5776e+01   6.3677e-03   5.0560e-06   3.0706e+02
20260904_22:00:00   1.9472e+00   2.4909e+02   2.6410e+01   6.8700e-02   0.0000e+00   3.0745e+02
20260904_23:00:00   1.7538e+00   2.4013e+02   2.5173e+01   2.5020e-02   0.0000e+00   3.0932e+02
20260905_00:00:00   1.7945e+00   2.4168e+02   2.5046e+01   3.2400e-02   0.0000e+00   3.0977e+02
20260905_01:00:00   1.8630e+00   2.4436e+02   2.4794e+01   5.9480e-02   0.0000e+00   3.1057e+02
20260905_02:00:00   1.7268e+00   2.3755e+02   2.4831e+01   5.0500e-03   0.0000e+00   3.1057e+02
20260905_03:00:00   1.6412e+00   2.3256e+02   2.3982e+01   0.0000e+00   0.0000e+00   3.1032e+02
20260905_04:00:00   1.5432e+00   2.2658e+02   2.3028e+01   0.0000e+00   0.0000e+00   3.0973e+02
20260905_05:00:00   1.5269e+00   2.2537e+02   2.3020e+01   0.0000e+00   0.0000e+00   3.0940e+02
20260905_06:00:00   1.5925e+00   2.2902e+02   2.3845e+01   0.0000e+00   0.0000e+00   3.0957e+02
20260905_07:00:00   1.6574e+00   2.3250e+02   2.4366e+01   0.0000e+00   4.5420e-07   3.1144e+02
20260905_08:00:00   1.6707e+00   2.3313e+02   2.4294e+01   0.0000e+00   0.0000e+00   3.1488e+02
20260905_09:00:00   1.7292e+00   2.3571e+02   2.5142e+01   0.0000e+00   4.9673e-03   3.1890e+02
20260905_10:00:00   1.8013e+00   2.3882e+02   2.5880e+01   0.0000e+00   9.5320e-06   3.1942e+02
20260905_11:00:00   1.8260e+00   2.3981e+02   2.5637e+01   0.0000e+00   0.0000e+00   3.1963e+02
20260905_12:00:00   1.8798e+00   2.4205e+02   2.6236e+01   0.0000e+00   0.0000e+00   3.2034e+02
20260905_13:00:00   1.9017e+00   2.4326e+02   2.6563e+01   8.8580e-05   0.0000e+00   3.2079e+02
20260905_14:00:00   1.9252e+00   2.4465e+02   2.6802e+01   1.1533e-03   0.0000e+00   3.2202e+02
20260905_15:00:00   2.0526e+00   2.5007e+02   2.6819e+01   5.3856e-02   0.0000e+00   3.2383e+02
20260905_16:00:00   2.1716e+00   2.5410e+02   2.7731e+01   7.8640e-02   2.1540e-04   3.2307e+02
20260905_17:00:00   2.0427e+00   2.4990e+02   2.8352e+01   9.1099e-03   2.1480e-04   3.2380e+02
20260905_18:00:00   2.3120e+00   2.5815e+02   2.9308e+01   9.0699e-02   1.0998e-03   3.2446e+02
20260905_19:00:00   2.1539e+00   2.5338e+02   2.9081e+01   3.0072e-02   1.1477e-03   3.2577e+02
20260905_20:00:00   2.0578e+00   2.5005e+02   2.8862e+01   3.9206e-03   2.3167e-03   3.2846e+02
20260905_21:00:00   2.1029e+00   2.5134e+02   2.9467e+01   4.3928e-03   8.2540e-07   3.3167e+02
20260905_22:00:00   2.4680e+00   2.6114e+02   3.0237e+01   1.1479e-01   3.8620e-06   3.3238e+02
20260905_23:00:00   4.0138e+00   2.7915e+02   2.9960e+01   7.2963e-01   1.8478e-07   3.3296e+02
20260906_00:00:00   3.7490e+00   2.7694e+02   2.8355e+01   6.7947e-01   1.2340e-05   3.3581e+02
20260906_01:00:00   3.2046e+00   2.7162e+02   2.6785e+01   5.1185e-01   2.6960e-05   3.3543e+02
20260906_02:00:00   2.7485e+00   2.6481e+02   2.5159e+01   3.8023e-01   3.5700e-05   3.3488e+02
20260906_03:00:00   2.5778e+00   2.6100e+02   2.3581e+01   3.6638e-01   8.0880e-05   3.3482e+02
20260906_04:00:00   2.7191e+00   2.6332e+02   2.3115e+01   4.4092e-01   1.6084e-04   3.3122e+02
20260906_05:00:00   2.4231e+00   2.5669e+02   2.2644e+01   3.3675e-01   4.2019e-04   3.2943e+02
20260906_06:00:00   2.1399e+00   2.4859e+02   2.2560e+01   2.2241e-01   9.1498e-04   3.2952e+02
20260906_07:00:00   2.0158e+00   2.4437e+02   2.2731e+01   1.6314e-01   1.7517e-03   3.3167e+02
20260906_08:00:00   2.1233e+00   2.4794e+02   2.2639e+01   2.0984e-01   3.1426e-03   3.3377e+02
20260906_09:00:00   1.9691e+00   2.4237e+02   2.1727e+01   1.7638e-01   6.1840e-03   3.3749e+02
20260906_10:00:00   2.0399e+00   2.4470e+02   2.0940e+01   2.3178e-01   1.1929e-02   3.4266e+02
20260906_11:00:00   2.0800e+00   2.4597e+02   2.0980e+01   2.4807e-01   6.6171e-03   3.4302e+02
20260906_12:00:00   1.5679e+00   2.2352e+02   2.1318e+01   2.4916e-02   4.2319e-05   3.4172e+02
20260906_13:00:00   1.5841e+00   2.2453e+02   2.2274e+01   3.7091e-03   6.0770e-06   3.4335e+02
20260906_14:00:00   1.5590e+00   2.2359e+02   2.1624e+01   1.4845e-02   0.0000e+00   3.4849e+02
20260906_15:00:00   1.5888e+00   2.2576e+02   2.1845e+01   2.7456e-02   0.0000e+00   3.5408e+02
20260906_16:00:00   1.6136e+00   2.2721e+02   2.2635e+01   2.5741e-02   0.0000e+00   3.5493e+02
20260906_17:00:00   1.8478e+00   2.3862e+02   2.2987e+01   1.2514e-01   2.4844e-03   3.5167e+02
20260906_18:00:00   2.4910e+00   2.5870e+02   2.2588e+01   4.1135e-01   1.0160e-01   3.5062e+02
20260906_19:00:00   1.9170e+00   2.4084e+02   2.0662e+01   2.3200e-01   5.3710e-02   3.5123e+02
20260906_20:00:00   1.3667e+00   2.1161e+02   1.9270e+01   4.0760e-02   6.6308e-02   3.5137e+02
20260906_21:00:00   1.2344e+00   2.0203e+02   1.8690e+01   1.4002e-03   2.8036e-03   3.4998e+02
20260906_22:00:00   1.2531e+00   2.0351e+02   1.8809e+01   8.6994e-03   8.3230e-04   3.4884e+02
20260906_23:00:00   1.4375e+00   2.1627e+02   1.8834e+01   8.8263e-02   2.7096e-03   3.4814e+02
20260907_00:00:00   1.4046e+00   2.1417e+02   1.9198e+01   6.4361e-02   1.4536e-03   3.4813e+02
20260907_01:00:00   1.2868e+00   2.0565e+02   1.8805e+01   3.2534e-02   6.1530e-04   3.5117e+02
20260907_02:00:00   1.2507e+00   2.0278e+02   1.8890e+01   1.8486e-02   1.4186e-04   3.5276e+02
20260907_03:00:00   1.2881e+00   2.0552e+02   1.8647e+01   4.0980e-02   6.7780e-05   3.5284e+02
20260907_04:00:00   1.1581e+00   1.9493e+02   1.8220e+01   5.2540e-04   2.1480e-06   3.5275e+02
20260907_05:00:00   1.0916e+00   1.8886e+02   1.7283e+01   0.0000e+00   1.8246e-06   3.5304e+02
20260907_06:00:00   9.3972e-01   1.7356e+02   1.5107e+01   0.0000e+00   4.6200e-07   3.5324e+02
20260907_07:00:00   8.8761e-01   1.6766e+02   1.4401e+01   0.0000e+00   0.0000e+00   3.5029e+02
20260907_08:00:00   9.8100e-01   1.7778e+02   1.5771e+01   0.0000e+00   0.0000e+00   3.4797e+02
20260907_09:00:00   1.0425e+00   1.8438e+02   1.6490e+01   0.0000e+00   0.0000e+00   3.4635e+02
20260907_10:00:00   1.0592e+00   1.8642e+02   1.6523e+01   0.0000e+00   0.0000e+00   3.4335e+02
20260907_11:00:00   1.0472e+00   1.8554e+02   1.6240e+01   0.0000e+00   0.0000e+00   3.4174e+02
20260907_12:00:00   1.0370e+00   1.8481e+02   1.5994e+01   0.0000e+00   0.0000e+00   3.4064e+02
20260907_13:00:00   1.0534e+00   1.8665e+02   1.6203e+01   0.0000e+00   0.0000e+00   3.3811e+02
20260907_14:00:00   1.0624e+00   1.8787e+02   1.6386e+01   0.0000e+00   0.0000e+00   3.3444e+02
20260907_15:00:00   1.0692e+00   1.8874e+02   1.6616e+01   0.0000e+00   0.0000e+00   3.3422e+02
20260907_16:00:00   1.1290e+00   1.9443e+02   1.7625e+01   0.0000e+00   0.0000e+00   3.3451e+02
20260907_17:00:00   1.1917e+00   2.0032e+02   1.8728e+01   0.0000e+00   0.0000e+00   3.3765e+02
20260907_18:00:00   1.3006e+00   2.0924e+02   2.0509e+01   0.0000e+00   0.0000e+00   3.4269e+02
20260907_19:00:00   1.3568e+00   2.1361e+02   2.1520e+01   0.0000e+00   0.0000e+00   3.4189e+02
20260907_20:00:00   1.4155e+00   2.1797e+02   2.2503e+01   1.3310e-03   0.0000e+00   3.3913e+02
20260907_21:00:00   1.4668e+00   2.2165e+02   2.2809e+01   1.4240e-02   0.0000e+00   3.3459e+02
20260907_22:00:00   1.4408e+00   2.2006e+02   2.2847e+01   8.5380e-04   0.0000e+00   3.3338e+02
20260907_23:00:00   1.3815e+00   2.1571e+02   2.2027e+01   1.8940e-05   0.0000e+00   3.3279e+02
20260908_00:00:00   1.2726e+00   2.0746e+02   2.0417e+01   0.0000e+00   1.3087e-04   3.3261e+02
20260908_01:00:00   1.2567e+00   2.0621e+02   2.0022e+01   0.0000e+00   1.7184e-03   3.3283e+02
20260908_02:00:00   1.3432e+00   2.1246e+02   2.1293e+01   0.0000e+00   1.1244e-03   3.3304e+02
20260908_03:00:00   1.3396e+00   2.1208e+02   2.1202e+01   0.0000e+00   2.5503e-02   3.2927e+02
20260908_04:00:00   1.4216e+00   2.1735e+02   2.2667e+01   0.0000e+00   1.9888e-01   3.2927e+02
20260908_05:00:00   1.4438e+00   2.1871e+02   2.3183e+01   0.0000e+00   5.9693e-02   3.3037e+02
20260908_06:00:00   1.5186e+00   2.2306e+02   2.4411e+01   0.0000e+00   2.9892e-02   3.2965e+02
20260908_07:00:00   1.7161e+00   2.3369e+02   2.7199e+01   1.3974e-03   1.0705e-01   3.2713e+02
20260908_08:00:00   1.8633e+00   2.4059e+02   2.8732e+01   4.6556e-03   2.1958e-01   3.2751e+02
20260908_09:00:00   1.7677e+00   2.3686e+02   2.6811e+01   0.0000e+00   4.2030e-04   3.3028e+02
20260908_10:00:00   1.8729e+00   2.4179e+02   2.5205e+01   6.0084e-02   6.6384e-04   3.3456e+02
20260908_11:00:00   1.5840e+00   2.2799e+02   2.2154e+01   8.4780e-03   3.8960e-06   3.4244e+02
20260908_12:00:00   1.4447e+00   2.1939e+02   2.0410e+01   3.8225e-03   2.1500e-06   3.4896e+02
20260908_13:00:00   1.2358e+00   2.0429e+02   1.7278e+01   0.0000e+00   0.0000e+00   3.5319e+02
20260908_14:00:00   1.0867e+00   1.9151e+02   1.5162e+01   0.0000e+00   0.0000e+00   3.5390e+02
20260908_15:00:00   1.0283e+00   1.8587e+02   1.4502e+01   0.0000e+00   0.0000e+00   3.5164e+02
20260908_16:00:00   8.8983e-01   1.7118e+02   1.2924e+01   0.0000e+00   0.0000e+00   3.5027e+02
20260908_17:00:00   8.4587e-01   1.6593e+02   1.2649e+01   0.0000e+00   0.0000e+00   3.4178e+02
20260908_18:00:00   7.6972e-01   1.5629e+02   1.1801e+01   0.0000e+00   0.0000e+00   3.3807e+02
20260908_21:00:00   5.4828e-01   1.2363e+02   8.8430e+00   0.0000e+00   0.0000e+00   3.2966e+02
20260909_00:00:00   5.1200e-01   1.1716e+02   8.2897e+00   0.0000e+00   1.9352e-03   3.2462e+02
20260909_03:00:00   5.4601e-01   1.2221e+02   8.7281e+00   0.0000e+00   3.2027e-03   3.1989e+02
20260909_06:00:00   7.4528e-01   1.5066e+02   1.1593e+01   0.0000e+00   1.8403e-02   3.1566e+02
20260909_09:00:00   8.4278e-01   1.6214e+02   1.3362e+01   7.1540e-06   5.0435e-02   3.1932e+02
20260909_12:00:00   9.6167e-01   1.7484e+02   1.6009e+01   0.0000e+00   3.8234e-02   3.1325e+02
20260909_15:00:00   1.2194e+00   1.9901e+02   2.1130e+01   2.7080e-04   3.2819e-02   3.0661e+02
20260909_18:00:00   3.5669e+00   2.7462e+02   3.4591e+01   5.7046e-01   9.8655e-02   3.0536e+02
20260909_21:00:00   3.2240e+00   2.7380e+02   3.5429e+01   3.4358e-01   2.2213e-02   3.1023e+02
20260910_00:00:00   4.3361e+00   2.8289e+02   3.8873e+01   6.4252e-01   3.2384e-02   3.1281e+02
20260910_03:00:00   3.6784e+00   2.8045e+02   4.3357e+01   2.6236e-01   1.2582e-02   3.0931e+02
20260910_06:00:00   3.1621e+00   2.7655e+02   4.1665e+01   7.8480e-02   1.5136e-03   3.0946e+02
20260910_09:00:00   3.3548e+00   2.7978e+02   4.1258e+01   1.3289e-01   2.1322e-03   3.1233e+02
20260910_12:00:00   2.5899e+00   2.6869e+02   3.5396e+01   1.0220e-06   5.1826e-03   3.1516e+02
20260910_15:00:00   1.4285e+00   2.2295e+02   2.1203e+01   0.0000e+00   2.7781e-02   3.2290e+02
20260910_18:00:00   1.9469e+00   2.5090e+02   2.9554e+01   2.6260e-04   0.0000e+00   3.3761e+02
20260910_21:00:00   1.4890e+00   2.2604e+02   2.2914e+01   1.1034e-03   3.9281e-05   3.3858e+02
20260911_00:00:00   1.7746e+00   2.3889e+02   2.5038e+01   3.7398e-02   0.0000e+00   3.3983e+02
20260911_03:00:00   1.3657e+00   2.1297e+02   2.0985e+01   0.0000e+00   0.0000e+00   3.4683e+02
20260911_06:00:00   1.4621e+00   2.1852e+02   2.2476e+01   2.9940e-04   0.0000e+00   3.4651e+02
20260911_09:00:00   1.5903e+00   2.2514e+02   1.7560e+01   1.4586e-01   2.0140e-04   3.3947e+02
20260911_12:00:00   1.2791e+00   2.0377e+02   1.7235e+01   3.3609e-02   1.7382e-05   3.4171e+02
20260911_15:00:00   1.2806e+00   2.0390e+02   1.8545e+01   9.0340e-03   0.0000e+00   3.4010e+02
20260911_18:00:00   1.3526e+00   2.1007e+02   1.9524e+01   4.7940e-03   0.0000e+00   3.3874e+02
20260911_21:00:00   1.3138e+00   2.0743e+02   1.8977e+01   0.0000e+00   9.6560e-06   3.4505e+02
20260912_00:00:00   1.2593e+00   2.0264e+02   1.7754e+01   7.6000e-03   2.8159e-03   3.5179e+02
20260912_03:00:00   1.1150e+00   1.9035e+02   1.5987e+01   4.3460e-05   8.7725e-04   3.5816e+02
20260912_06:00:00   8.3677e-01   1.6066e+02   1.2155e+01   0.0000e+00   0.0000e+00   3.6017e+02
20260912_09:00:00   8.8563e-01   1.6580e+02   1.2687e+01   1.2678e-03   1.1760e-05   3.6499e+02
20260912_12:00:00   9.8075e-01   1.7579e+02   1.3142e+01   2.1020e-02   9.5620e-05   3.5126e+02
20260912_15:00:00   9.6606e-01   1.7496e+02   1.3612e+01   6.5105e-03   1.9642e-06   3.3651e+02
20260912_18:00:00   8.6551e-01   1.6511e+02   1.2618e+01   7.4860e-04   4.6200e-07   3.3884e+02
20260912_21:00:00   7.5685e-01   1.5187e+02   1.1559e+01   0.0000e+00   0.0000e+00   3.4240e+02
20260913_00:00:00   7.2885e-01   1.4788e+02   1.1294e+01   0.0000e+00   2.9212e-02   3.4342e+02
20260913_03:00:00   7.7034e-01   1.5254e+02   1.1838e+01   0.0000e+00   1.9968e-03   3.4138e+02
20260913_06:00:00   7.4050e-01   1.4840e+02   1.1343e+01   0.0000e+00   0.0000e+00   3.3590e+02
20260913_09:00:00   6.5349e-01   1.3588e+02   1.0343e+01   0.0000e+00   0.0000e+00   3.3357e+02
20260913_12:00:00   5.9006e-01   1.2660e+02   9.3913e+00   0.0000e+00   0.0000e+00   3.2697e+02
20260913_15:00:00   5.7331e-01   1.2473e+02   9.1993e+00   0.0000e+00   2.9760e-05   3.2090e+02
20260913_18:00:00   6.2135e-01   1.3280e+02   1.0195e+01   0.0000e+00   4.0841e-03   3.1302e+02
20260913_21:00:00   7.9328e-01   1.5683e+02   1.3049e+01   0.0000e+00   7.0166e-03   3.0976e+02
20260914_00:00:00   1.0107e+00   1.8071e+02   1.6578e+01   0.0000e+00   6.1482e-02   3.0324e+02
20260914_03:00:00   1.2350e+00   2.0045e+02   2.1065e+01   0.0000e+00   6.3801e-02   2.9977e+02
20260914_06:00:00   2.5153e+00   2.5941e+02   3.1169e+01   2.3549e-01   1.4607e-02   2.9588e+02
20260914_09:00:00   2.1001e+00   2.4904e+02   3.1911e+01   2.8878e-02   1.5372e-03   2.9496e+02
20260914_12:00:00   2.6173e+00   2.6308e+02   3.4179e+01   1.9291e-01   2.6804e-01   2.9361e+02
20260914_15:00:00   2.2974e+00   2.5751e+02   3.6878e+01   6.4813e-04   4.2526e-03   2.9291e+02
20260914_18:00:00   2.7868e+00   2.6979e+02   4.2696e+01   3.1838e-03   4.0669e-01   2.9384e+02
20260914_21:00:00   2.4932e+00   2.6522e+02   3.5900e+01   4.6440e-03   0.0000e+00   3.0236e+02
20260915_00:00:00   2.4497e+00   2.6450e+02   3.4786e+01   5.1560e-04   0.0000e+00   2.9842e+02
20260915_03:00:00   2.6924e+00   2.7036e+02   3.7784e+01   1.7090e-02   0.0000e+00   2.9730e+02
20260915_06:00:00   3.4851e+00   2.8063e+02   4.1134e+01   2.2502e-01   1.9642e-05   2.9587e+02
20260915_09:00:00   3.0844e+00   2.7618e+02   3.8277e+01   1.3842e-01   1.2030e-05   2.9653e+02
20260915_12:00:00   3.0213e+00   2.7505e+02   3.7887e+01   1.2930e-01   4.4328e-04   2.9497e+02
20260915_15:00:00   3.4353e+00   2.7959e+02   4.3967e+01   1.5436e-01   8.6542e-03   2.9089e+02
20260915_18:00:00   4.6986e+00   2.8673e+02   5.0252e+01   5.0606e-01   8.0651e-02   2.9015e+02
20260915_21:00:00   3.8716e+00   2.8385e+02   5.1441e+01   1.2213e-01   1.0169e-01   2.9147e+02
20260916_00:00:00   3.9219e+00   2.8454e+02   5.2595e+01   8.5539e-02   1.0967e-02   2.9149e+02
20260916_03:00:00   6.1536e+00   2.8936e+02   5.4160e+01   9.6403e-01   6.8215e-01   2.9073e+02
20260916_06:00:00   3.4745e+00   2.8123e+02   4.9731e+01   3.3477e-02   1.4713e-01   2.8925e+02
20260916_09:00:00   4.0491e+00   2.8592e+02   5.2832e+01   1.1896e-01   1.2231e-01   2.8891e+02
20260916_12:00:00   3.8730e+00   2.8565e+02   5.0458e+01   1.1642e-01   2.3850e-02   2.9191e+02
20260916_15:00:00   3.0353e+00   2.7936e+02   4.2233e+01   5.0397e-03   1.2574e-03   2.9397e+02
20260916_18:00:00   2.7772e+00   2.7815e+02   3.6751e+01   4.1103e-02   0.0000e+00   2.9421e+02
20260916_21:00:00   1.8512e+00   2.4903e+02   2.6502e+01   0.0000e+00   0.0000e+00   2.9517e+02
20260917_00:00:00   1.4784e+00   2.2701e+02   2.1350e+01   0.0000e+00   0.0000e+00   2.9738e+02
20260917_03:00:00   1.4826e+00   2.2539e+02   2.1742e+01   0.0000e+00   0.0000e+00   2.9730e+02
20260917_06:00:00   8.6234e-01   1.6814e+02   1.4448e+01   0.0000e+00   0.0000e+00   2.9536e+02
20260917_09:00:00   9.5751e-01   1.7878e+02   1.5960e+01   0.0000e+00   2.2361e-04   2.9617e+02
20260917_12:00:00   1.0069e+00   1.8374e+02   1.6783e+01   0.0000e+00   0.0000e+00   2.9536e+02
20260917_15:00:00   8.2171e-01   1.6209e+02   1.4485e+01   0.0000e+00   7.4893e-04   3.0295e+02
20260917_18:00:00   9.4845e-01   1.7709e+02   1.7210e+01   0.0000e+00   1.2637e-02   2.9934e+02
20260917_21:00:00   1.1178e+00   1.9355e+02   2.0254e+01   0.0000e+00   9.6525e-02   2.9626e+02
20260918_00:00:00   1.2238e+00   2.0256e+02   2.1628e+01   0.0000e+00   1.8112e-01   2.9578e+02
20260918_03:00:00   1.2702e+00   2.0523e+02   2.2468e+01   0.0000e+00   3.6036e-01   2.9604e+02
20260918_06:00:00   1.7160e+00   2.3390e+02   2.9258e+01   1.9978e-04   1.4804e-01   2.9689e+02
20260918_09:00:00   2.4919e+00   2.5970e+02   2.7143e+01   3.6303e-01   1.7611e-03   3.0148e+02
20260918_12:00:00   1.8477e+00   2.4175e+02   2.8764e+01   2.6980e-02   2.7752e-04   3.0167e+02
20260918_15:00:00   1.6628e+00   2.3440e+02   2.7254e+01   0.0000e+00   5.1362e-03   2.9892e+02
20260918_18:00:00   1.9630e+00   2.5057e+02   3.0783e+01   0.0000e+00   2.6412e-03   2.9837e+02
20260918_21:00:00   2.5195e+00   2.6932e+02   3.8103e+01   0.0000e+00   1.1915e-01   3.0052e+02
20260919_00:00:00   2.6788e+00   2.7092e+02   4.1368e+01   5.4651e-03   1.6262e-01   3.0123e+02
20260919_03:00:00   3.0029e+00   2.7631e+02   4.3506e+01   1.4477e-02   9.3163e-03   3.0219e+02
20260919_06:00:00   5.5280e+00   2.8835e+02   4.7372e+01   9.1412e-01   1.7807e-01   3.0226e+02
20260919_09:00:00   2.9063e+00   2.7440e+02   4.1935e+01   3.4959e-03   9.7482e-04   3.0230e+02
20260919_12:00:00   2.5983e+00   2.6820e+02   3.7387e+01   1.9025e-04   0.0000e+00   3.0427e+02
20260919_15:00:00   1.7869e+00   2.4257e+02   2.5015e+01   2.9700e-03   0.0000e+00   3.0501e+02
20260919_18:00:00   1.3499e+00   2.1548e+02   2.0313e+01   0.0000e+00   0.0000e+00   3.0184e+02
