#            date       tau255        Tb[K]      pwv[mm] lwp[kg*m^-2] iwp[kg*m^-2]       o3[DU]
20260819_18:00:00   1.7712e+00   2.4159e+02   2.8991e+01   0.0000e+00   0.0000e+00   3.1279e+02
20260819_19:00:00   1.8097e+00   2.4350e+02   2.9659e+01   0.0000e+00   0.0000e+00   3.1490e+02
20260819_20:00:00   1.8796e+00   2.4659e+02   3.0993e+01   0.0000e+00   8.8840e-05   3.1703e+02
20260819_21:00:00   1.9889e+00   2.5095e+02   3.2455e+01   0.0000e+00   1.3306e-03   3.1786e+02
20260819_22:00:00   2.0290e+00   2.5255e+02   3.2939e+01   0.0000e+00   3.6040e-04   3.1724e+02
20260819_23:00:00   2.0375e+00   2.5312e+02   3.2365e+01   0.0000e+00   7.0980e-04   3.2080e+02
20260820_00:00:00   2.0996e+00   2.5555e+02   3.2560e+01   0.0000e+00   5.3320e-04   3.2050e+02
20260820_01:00:00   2.0806e+00   2.5506e+02   3.2035e+01   0.0000e+00   1.3731e-02   3.1865e+02
20260820_02:00:00   2.0939e+00   2.5537e+02   3.1973e+01   0.0000e+00   6.2341e-03   3.1832e+02
20260820_03:00:00   2.0789e+00   2.5468e+02   3.1888e+01   0.0000e+00   1.9852e-02   3.1572e+02
20260820_04:00:00   2.0958e+00   2.5497e+02   3.2248e+01   0.0000e+00   3.8445e-04   3.1625e+02
20260820_05:00:00   2.1296e+00   2.5599e+02   3.2659e+01   0.0000e+00   1.9805e-03   3.1616e+02
20260820_06:00:00   2.1535e+00   2.5686e+02   3.2593e+01   0.0000e+00   1.0867e-04   3.1621e+02
20260820_07:00:00   2.2024e+00   2.5836e+02   3.3165e+01   0.0000e+00   1.2196e-04   3.1450e+02
20260820_08:00:00   2.2322e+00   2.5919e+02   3.3448e+01   0.0000e+00   1.7225e-04   3.1420e+02
20260820_09:00:00   2.1575e+00   2.5664e+02   3.2393e+01   0.0000e+00   8.0315e-05   3.1548e+02
20260820_10:00:00   2.0355e+00   2.5220e+02   3.0657e+01   0.0000e+00   1.3015e-04   3.1535e+02
20260820_11:00:00   1.9052e+00   2.4694e+02   2.9079e+01   0.0000e+00   7.6220e-05   3.1613e+02
20260820_12:00:00   1.8445e+00   2.4419e+02   2.8616e+01   0.0000e+00   1.4484e-05   3.1559e+02
20260820_13:00:00   1.8249e+00   2.4323e+02   2.8997e+01   0.0000e+00   6.7956e-04   3.1325e+02
20260820_14:00:00   1.8395e+00   2.4400e+02   2.9601e+01   0.0000e+00   4.1769e-04   3.1093e+02
20260820_15:00:00   1.8538e+00   2.4475e+02   3.0104e+01   0.0000e+00   5.1596e-04   3.1014e+02
20260820_16:00:00   1.8905e+00   2.4658e+02   3.0878e+01   0.0000e+00   6.1382e-04   3.1114e+02
20260820_17:00:00   1.9299e+00   2.4837e+02   3.1749e+01   2.0260e-03   2.5533e-03   3.1183e+02
20260820_18:00:00   2.0654e+00   2.5338e+02   3.4073e+01   1.0504e-04   8.8701e-04   3.1324e+02
20260820_19:00:00   2.4976e+00   2.6538e+02   3.7117e+01   9.1411e-02   9.9796e-02   3.1207e+02
20260820_20:00:00   4.1628e+00   2.8317e+02   3.8053e+01   7.4580e-01   2.9324e-01   3.1201e+02
20260820_21:00:00   3.8029e+00   2.8019e+02   3.8652e+01   5.6281e-01   4.7707e-01   3.1339e+02
20260820_22:00:00   3.9294e+00   2.8016e+02   3.8593e+01   6.0866e-01   4.9283e-01   3.1529e+02
20260820_23:00:00   2.7688e+00   2.6777e+02   3.7076e+01   1.8006e-01   4.5016e-01   3.1855e+02
20260821_00:00:00   2.1338e+00   2.5176e+02   3.4099e+01   2.1860e-02   2.9551e-01   3.2216e+02
20260821_01:00:00   1.8610e+00   2.4140e+02   3.1028e+01   0.0000e+00   2.4206e-01   3.2464e+02
20260821_02:00:00   1.6445e+00   2.3138e+02   2.7314e+01   0.0000e+00   3.5821e-02   3.3130e+02
20260821_03:00:00   1.3420e+00   2.1290e+02   2.1990e+01   0.0000e+00   0.0000e+00   3.3412e+02
20260821_04:00:00   1.0832e+00   1.9170e+02   1.7453e+01   0.0000e+00   0.0000e+00   3.3360e+02
20260821_05:00:00   9.5376e-01   1.7890e+02   1.5017e+01   0.0000e+00   0.0000e+00   3.3334e+02
20260821_06:00:00   9.2705e-01   1.7584e+02   1.4610e+01   0.0000e+00   0.0000e+00   3.3291e+02
20260821_07:00:00   9.4086e-01   1.7717e+02   1.4844e+01   0.0000e+00   0.0000e+00   3.3279e+02
20260821_08:00:00   9.9069e-01   1.8224e+02   1.5588e+01   0.0000e+00   0.0000e+00   3.3206e+02
20260821_09:00:00   1.0513e+00   1.8813e+02   1.6527e+01   0.0000e+00   0.0000e+00   3.3166e+02
20260821_10:00:00   1.0878e+00   1.9147e+02   1.7054e+01   0.0000e+00   0.0000e+00   3.3024e+02
20260821_11:00:00   1.1049e+00   1.9289e+02   1.7329e+01   0.0000e+00   0.0000e+00   3.2760e+02
20260821_12:00:00   1.1161e+00   1.9389e+02   1.7472e+01   0.0000e+00   0.0000e+00   3.2549e+02
20260821_13:00:00   1.1424e+00   1.9656e+02   1.7705e+01   0.0000e+00   0.0000e+00   3.2599e+02
20260821_14:00:00   1.1831e+00   2.0045e+02   1.8363e+01   0.0000e+00   0.0000e+00   3.2314e+02
20260821_15:00:00   1.1964e+00   2.0209e+02   1.8675e+01   0.0000e+00   0.0000e+00   3.2235e+02
20260821_16:00:00   1.1927e+00   2.0206e+02   1.8874e+01   0.0000e+00   0.0000e+00   3.2096e+02
20260821_17:00:00   1.1955e+00   2.0248e+02   1.9181e+01   0.0000e+00   0.0000e+00   3.2082e+02
20260821_18:00:00   1.2462e+00   2.0693e+02   2.0007e+01   0.0000e+00   0.0000e+00   3.1856e+02
20260821_19:00:00   1.2707e+00   2.0909e+02   2.0490e+01   0.0000e+00   0.0000e+00   3.1433e+02
20260821_20:00:00   1.3058e+00   2.1197e+02   2.1006e+01   0.0000e+00   0.0000e+00   3.1410e+02
20260821_21:00:00   1.3462e+00   2.1501e+02   2.1444e+01   0.0000e+00   0.0000e+00   3.1495e+02
20260821_22:00:00   1.3487e+00   2.1508e+02   2.1302e+01   0.0000e+00   0.0000e+00   3.1561e+02
20260821_23:00:00   1.3291e+00   2.1330e+02   2.1030e+01   0.0000e+00   2.6240e-04   3.1764e+02
20260822_00:00:00   1.3118e+00   2.1184e+02   2.0878e+01   0.0000e+00   1.2414e-03   3.1877e+02
20260822_01:00:00   1.3112e+00   2.1141e+02   2.0930e+01   0.0000e+00   4.1422e-03   3.2021e+02
20260822_02:00:00   1.3093e+00   2.1099e+02   2.0938e+01   0.0000e+00   8.5459e-03   3.2257e+02
20260822_03:00:00   1.3021e+00   2.1021e+02   2.0961e+01   0.0000e+00   1.3431e-02   3.1939e+02
20260822_04:00:00   1.3089e+00   2.1042e+02   2.1233e+01   0.0000e+00   9.3137e-02   3.1921e+02
20260822_05:00:00   1.3537e+00   2.1334e+02   2.2221e+01   0.0000e+00   1.0474e-01   3.1752e+02
20260822_06:00:00   1.4174e+00   2.1736e+02   2.3696e+01   0.0000e+00   5.3883e-02   3.1456e+02
20260822_07:00:00   1.4921e+00   2.2192e+02   2.5203e+01   0.0000e+00   7.2269e-02   3.1324e+02
20260822_08:00:00   1.6087e+00   2.2857e+02   2.7101e+01   0.0000e+00   8.4336e-02   3.1437e+02
20260822_09:00:00   1.7240e+00   2.3451e+02   2.8830e+01   0.0000e+00   9.2993e-02   3.1579e+02
20260822_10:00:00   1.8444e+00   2.4012e+02   3.0556e+01   0.0000e+00   8.6343e-02   3.1727e+02
20260822_11:00:00   2.0141e+00   2.4712e+02   3.2798e+01   0.0000e+00   2.7990e-01   3.1661e+02
20260822_12:00:00   2.2299e+00   2.5444e+02   3.5049e+01   6.1590e-03   5.6786e-01   3.1729e+02
20260822_13:00:00   2.4749e+00   2.6129e+02   3.8066e+01   3.5500e-03   9.2513e-01   3.1523e+02
20260822_14:00:00   2.8934e+00   2.6944e+02   4.1396e+01   5.8856e-02   9.4689e-01   3.1419e+02
20260822_15:00:00   3.4997e+00   2.7647e+02   4.2830e+01   2.6152e-01   9.2942e-01   3.1264e+02
20260822_16:00:00   4.3431e+00   2.8135e+02   4.4215e+01   5.5779e-01   4.2620e-01   3.1001e+02
20260822_17:00:00   5.1998e+00   2.8333e+02   4.4825e+01   8.8815e-01   5.4160e-01   3.1111e+02
20260822_18:00:00   4.2802e+00   2.8105e+02   4.5015e+01   4.9501e-01   8.0245e-01   3.1011e+02
20260822_19:00:00   4.9154e+00   2.8317e+02   4.6046e+01   7.2026e-01   5.7267e-01   3.0975e+02
20260822_20:00:00   7.1095e+00   2.8549e+02   4.7257e+01   1.5510e+00   4.8145e-01   3.0813e+02
20260822_21:00:00   8.0480e+00   2.8575e+02   4.7800e+01   1.9089e+00   3.4944e-01   3.0699e+02
20260822_22:00:00   8.2364e+00   2.8583e+02   4.8195e+01   1.9708e+00   4.5607e-01   3.0807e+02
20260822_23:00:00   7.1744e+00   2.8577e+02   4.8491e+01   1.5242e+00   1.5709e-01   3.0890e+02
20260823_00:00:00   7.9786e+00   2.8576e+02   4.7004e+01   1.8630e+00   2.2429e-02   3.0775e+02
20260823_01:00:00   5.8981e+00   2.8504e+02   4.4374e+01   1.0971e+00   1.6739e-02   3.0730e+02
20260823_02:00:00   3.8966e+00   2.7996e+02   4.2784e+01   3.6584e-01   3.7311e-02   3.0725e+02
20260823_03:00:00   3.4957e+00   2.7707e+02   4.1349e+01   2.5357e-01   1.1077e-01   3.0880e+02
20260823_04:00:00   3.3053e+00   2.7533e+02   4.0660e+01   2.0666e-01   1.5071e-01   3.0956e+02
20260823_05:00:00   3.0745e+00   2.7271e+02   4.0657e+01   1.2232e-01   1.0892e-01   3.0937e+02
20260823_06:00:00   2.8631e+00   2.6952e+02   4.0954e+01   3.3450e-02   3.2823e-02   3.1156e+02
20260823_07:00:00   2.8428e+00   2.6917e+02   4.0447e+01   3.5245e-02   4.0393e-02   3.0998e+02
20260823_08:00:00   2.8463e+00   2.6921e+02   4.0337e+01   4.1347e-02   1.7900e-02   3.1001e+02
20260823_09:00:00   2.8672e+00   2.6955e+02   4.0723e+01   4.0318e-02   2.4110e-02   3.0800e+02
20260823_10:00:00   2.8661e+00   2.6971e+02   4.1166e+01   2.8660e-02   8.8432e-02   3.0782e+02
20260823_11:00:00   2.8408e+00   2.6944e+02   4.1348e+01   1.4945e-02   1.9517e-01   3.0882e+02
20260823_12:00:00   2.8912e+00   2.7034e+02   4.1256e+01   2.9121e-02   9.1174e-02   3.0830e+02
20260823_13:00:00   3.0378e+00   2.7264e+02   4.2542e+01   4.4754e-02   1.8349e-01   3.0914e+02
20260823_14:00:00   3.1346e+00   2.7429e+02   4.2708e+01   7.9681e-02   6.0378e-02   3.0924e+02
20260823_15:00:00   3.0909e+00   2.7409e+02   4.3233e+01   4.5349e-02   3.1386e-02   3.0727e+02
20260823_16:00:00   3.0873e+00   2.7462e+02   4.3782e+01   3.2036e-02   1.2093e-01   3.0730e+02
20260823_17:00:00   3.0713e+00   2.7495e+02   4.4182e+01   1.1482e-02   3.5771e-02   3.0775e+02
20260823_18:00:00   3.2190e+00   2.7727e+02   4.4693e+01   4.4689e-02   1.3991e-02   3.0848e+02
20260823_19:00:00   3.2254e+00   2.7764e+02   4.5082e+01   3.8724e-02   5.5831e-03   3.0948e+02
20260823_20:00:00   3.1407e+00   2.7701e+02   4.3956e+01   3.5008e-02   2.8276e-02   3.1053e+02
20260823_21:00:00   3.1408e+00   2.7749e+02   4.2082e+01   8.1991e-02   1.1199e-02   3.0916e+02
20260823_22:00:00   2.9540e+00   2.7492e+02   3.9955e+01   7.5433e-02   4.2103e-02   3.1102e+02
20260823_23:00:00   2.7008e+00   2.7035e+02   3.8805e+01   1.7744e-02   1.1894e-02   3.1027e+02
20260824_00:00:00   2.6898e+00   2.6992e+02   3.9490e+01   5.7970e-04   2.5739e-02   3.1104e+02
20260824_01:00:00   2.7595e+00   2.7117e+02   4.0440e+01   0.0000e+00   3.8813e-02   3.1112e+02
20260824_02:00:00   2.8275e+00   2.7230e+02   4.1361e+01   6.4908e-06   5.6131e-02   3.1125e+02
20260824_03:00:00   2.8614e+00   2.7284e+02   4.2089e+01   0.0000e+00   2.3529e-01   3.1307e+02
20260824_04:00:00   2.8074e+00   2.7195e+02   4.1525e+01   0.0000e+00   4.0977e-01   3.1372e+02
20260824_05:00:00   2.7737e+00   2.7123e+02   4.1093e+01   0.0000e+00   1.0998e-01   3.1615e+02
20260824_06:00:00   3.1057e+00   2.7594e+02   4.2065e+01   1.0924e-01   4.4038e-01   3.1630e+02
20260824_07:00:00   3.6903e+00   2.8128e+02   4.3316e+01   3.0062e-01   1.6009e-01   3.1660e+02
20260824_08:00:00   2.7916e+00   2.7099e+02   3.9605e+01   1.1212e-02   9.6138e-02   3.1932e+02
20260824_09:00:00   2.4225e+00   2.6313e+02   3.4112e+01   6.7440e-05   9.9587e-02   3.2084e+02
20260824_10:00:00   2.0265e+00   2.5091e+02   2.8422e+01   0.0000e+00   1.5914e-02   3.2040e+02
20260824_11:00:00   1.7837e+00   2.4044e+02   2.5237e+01   0.0000e+00   4.1150e-03   3.2082e+02
20260824_12:00:00   1.5808e+00   2.2962e+02   2.2585e+01   0.0000e+00   1.1496e-05   3.2219e+02
20260824_13:00:00   1.3757e+00   2.1646e+02   1.9642e+01   0.0000e+00   0.0000e+00   3.2485e+02
20260824_14:00:00   1.2235e+00   2.0502e+02   1.7711e+01   0.0000e+00   0.0000e+00   3.2914e+02
20260824_15:00:00   1.0822e+00   1.9258e+02   1.6068e+01   0.0000e+00   0.0000e+00   3.3017e+02
20260824_16:00:00   1.0923e+00   1.9370e+02   1.6165e+01   0.0000e+00   0.0000e+00   3.3096e+02
20260824_17:00:00   1.1447e+00   1.9854e+02   1.6949e+01   0.0000e+00   0.0000e+00   3.3139e+02
20260824_18:00:00   1.1735e+00   2.0111e+02   1.7391e+01   0.0000e+00   0.0000e+00   3.3296e+02
20260824_21:00:00   1.1439e+00   1.9761e+02   1.7412e+01   0.0000e+00   0.0000e+00   3.3289e+02
20260825_00:00:00   1.1534e+00   1.9726e+02   1.7372e+01   0.0000e+00   0.0000e+00   3.3437e+02
20260825_03:00:00   1.1570e+00   1.9631e+02   1.7307e+01   0.0000e+00   0.0000e+00   3.3723e+02
20260825_06:00:00   1.0370e+00   1.8451e+02   1.5445e+01   0.0000e+00   0.0000e+00   3.5338e+02
20260825_09:00:00   9.8082e-01   1.7835e+02   1.4393e+01   0.0000e+00   0.0000e+00   3.5446e+02
20260825_12:00:00   1.0236e+00   1.8223e+02   1.5628e+01   0.0000e+00   7.1886e-04   3.4435e+02
20260825_15:00:00   9.8540e-01   1.7927e+02   1.5129e+01   0.0000e+00   0.0000e+00   3.4315e+02
20260825_18:00:00   9.9447e-01   1.8124e+02   1.5566e+01   0.0000e+00   0.0000e+00   3.4351e+02
20260825_21:00:00   1.1851e+00   1.9946e+02   1.8548e+01   1.9314e-05   0.0000e+00   3.4319e+02
20260826_00:00:00   1.2325e+00   2.0366e+02   1.8784e+01   2.2000e-04   0.0000e+00   3.3824e+02
20260826_03:00:00   1.1910e+00   2.0004e+02   1.8004e+01   0.0000e+00   1.0804e-04   3.3411e+02
20260826_06:00:00   1.1373e+00   1.9528e+02   1.7329e+01   0.0000e+00   1.4490e-03   3.2908e+02
20260826_09:00:00   1.0594e+00   1.8757e+02   1.6549e+01   0.0000e+00   3.4305e-03   3.2643e+02
20260826_12:00:00   1.1304e+00   1.9441e+02   1.7680e+01   0.0000e+00   2.5577e-02   3.2989e+02
20260826_15:00:00   1.1945e+00   2.0099e+02   1.8735e+01   0.0000e+00   6.5454e-03   3.2837e+02
20260826_18:00:00   1.2752e+00   2.0844e+02   2.0103e+01   0.0000e+00   7.9675e-03   3.2483e+02
20260826_21:00:00   1.5394e+00   2.2757e+02   2.3800e+01   2.1200e-03   3.8348e-03   3.2505e+02
20260827_00:00:00   1.8864e+00   2.4397e+02   3.0220e+01   8.1830e-03   2.2699e-02   3.2434e+02
20260827_03:00:00   2.7794e+00   2.6836e+02   3.2578e+01   2.9501e-01   6.4093e-02   3.2155e+02
20260827_06:00:00   2.6703e+00   2.6632e+02   3.2985e+01   2.2442e-01   1.0474e-02   3.1910e+02
20260827_09:00:00   3.6571e+00   2.7818e+02   3.6441e+01   5.2156e-01   8.2329e-02   3.1628e+02
20260827_12:00:00   5.1945e+00   2.8644e+02   4.3922e+01   8.1996e-01   4.9987e-01   3.1509e+02
20260827_15:00:00   6.4917e+00   2.8795e+02   4.4198e+01   1.3422e+00   3.7531e-01   3.1610e+02
20260827_18:00:00   3.2657e+00   2.7628e+02   4.2043e+01   1.3275e-01   1.7469e-02   3.2310e+02
20260827_21:00:00   2.9508e+00   2.7277e+02   4.0288e+01   4.4847e-02   3.6643e-07   3.2010e+02
20260828_00:00:00   2.7416e+00   2.6893e+02   3.9666e+01   8.2552e-04   9.9516e-04   3.1919e+02
20260828_03:00:00   2.7567e+00   2.6921e+02   3.9681e+01   5.2404e-04   0.0000e+00   3.1748e+02
20260828_06:00:00   2.9304e+00   2.7232e+02   4.0716e+01   2.6460e-02   4.1140e-06   3.1419e+02
20260828_09:00:00   3.2907e+00   2.7723e+02   4.0952e+01   1.5926e-01   2.0362e-04   3.1485e+02
20260828_12:00:00   3.6459e+00   2.8064e+02   4.1030e+01   2.9634e-01   1.0993e-03   3.1697e+02
20260828_15:00:00   3.7648e+00   2.8169e+02   4.1857e+01   3.1424e-01   1.9763e-03   3.1540e+02
20260828_18:00:00   4.1993e+00   2.8444e+02   4.2303e+01   4.6072e-01   2.7493e-02   3.1768e+02
20260828_21:00:00   4.1933e+00   2.8426e+02   4.0942e+01   4.8437e-01   0.0000e+00   3.1828e+02
20260829_00:00:00   3.1592e+00   2.7586e+02   3.8906e+01   1.5291e-01   0.0000e+00   3.1692e+02
20260829_03:00:00   3.3138e+00   2.7766e+02   3.8816e+01   2.1366e-01   0.0000e+00   3.1688e+02
20260829_06:00:00   2.8034e+00   2.7090e+02   3.8568e+01   4.3460e-02   0.0000e+00   3.2149e+02
20260829_09:00:00   2.6093e+00   2.6755e+02   3.6530e+01   5.8900e-04   0.0000e+00   3.2397e+02
20260829_12:00:00   2.7095e+00   2.7014e+02   3.2450e+01   1.4392e-01   0.0000e+00   3.2549e+02
20260829_15:00:00   2.0550e+00   2.5380e+02   2.8671e+01   9.7036e-03   0.0000e+00   3.2526e+02
20260829_18:00:00   2.1535e+00   2.5864e+02   2.8659e+01   5.7265e-02   0.0000e+00   3.2366e+02
20260829_21:00:00   2.0769e+00   2.5634e+02   2.8443e+01   3.5277e-02   0.0000e+00   3.2236e+02
20260830_00:00:00   2.1067e+00   2.5678e+02   2.7751e+01   5.4048e-02   0.0000e+00   3.1884e+02
20260830_03:00:00   2.0743e+00   2.5530e+02   2.7523e+01   4.5617e-02   1.0775e-03   3.1849e+02
20260830_06:00:00   2.2324e+00   2.5965e+02   2.7382e+01   1.1090e-01   1.7738e-03   3.1735e+02
20260830_09:00:00   1.8717e+00   2.4607e+02   2.5320e+01   3.3097e-02   0.0000e+00   3.2551e+02
20260830_12:00:00   1.5925e+00   2.3174e+02   2.2946e+01   0.0000e+00   0.0000e+00   3.1983e+02
20260830_15:00:00   1.6268e+00   2.3483e+02   2.3944e+01   0.0000e+00   0.0000e+00   3.1117e+02
20260830_18:00:00   1.8050e+00   2.4509e+02   2.7127e+01   0.0000e+00   4.5860e-04   3.0857e+02
20260830_21:00:00   2.4193e+00   2.6678e+02   3.0303e+01   1.6824e-01   5.1790e-04   3.0451e+02
20260831_00:00:00   1.7786e+00   2.4370e+02   2.7296e+01   0.0000e+00   1.0119e-02   3.0207e+02
20260831_03:00:00   1.9562e+00   2.5092e+02   2.9149e+01   0.0000e+00   6.3702e-03   2.9935e+02
20260831_06:00:00   2.2825e+00   2.6172e+02   3.3698e+01   0.0000e+00   1.0527e-03   2.9753e+02
20260831_09:00:00   2.3812e+00   2.6451e+02   3.4972e+01   4.3420e-03   1.0460e-02   2.9811e+02
20260831_12:00:00   2.4647e+00   2.6674e+02   3.6134e+01   5.8920e-05   9.4640e-05   2.9891e+02
20260831_15:00:00   2.7103e+00   2.7375e+02   4.0159e+01   0.0000e+00   6.6827e-02   2.9953e+02
20260831_18:00:00   2.6368e+00   2.7332e+02   3.9521e+01   5.8431e-04   1.4736e-02   2.9826e+02
20260831_21:00:00   3.0022e+00   2.7934e+02   4.4457e+01   3.5880e-05   9.4094e-02   3.0004e+02
20260901_00:00:00   2.8083e+00   2.7576e+02   4.0892e+01   0.0000e+00   1.8590e-04   3.0957e+02
20260901_03:00:00   2.4553e+00   2.6831e+02   3.4803e+01   0.0000e+00   0.0000e+00   3.1414e+02
20260901_06:00:00   2.5685e+00   2.7030e+02   3.7594e+01   0.0000e+00   3.7646e-04   3.1104e+02
20260901_09:00:00   2.4871e+00   2.6759e+02   3.5118e+01   0.0000e+00   1.6573e-04   3.1775e+02
20260901_12:00:00   2.4701e+00   2.6544e+02   3.3407e+01   5.4082e-03   0.0000e+00   3.1874e+02
20260901_15:00:00   2.7941e+00   2.7221e+02   3.3609e+01   1.0754e-01   0.0000e+00   3.1512e+02
20260901_18:00:00   3.5632e+00   2.7945e+02   3.0319e+01   4.9881e-01   0.0000e+00   3.1811e+02
20260901_21:00:00   2.5060e+00   2.6321e+02   2.7509e+01   1.8516e-01   0.0000e+00   3.2131e+02
20260902_00:00:00   2.3131e+00   2.5715e+02   2.5684e+01   1.7937e-01   0.0000e+00   3.2505e+02
20260902_03:00:00   1.5809e+00   2.2727e+02   2.2635e+01   1.0210e-04   0.0000e+00   3.2929e+02
20260902_06:00:00   1.4822e+00   2.2047e+02   2.1384e+01   0.0000e+00   0.0000e+00   3.3520e+02
20260902_09:00:00   1.2744e+00   2.0506e+02   1.8617e+01   0.0000e+00   0.0000e+00   3.3438e+02
20260902_12:00:00   9.4901e-01   1.7480e+02   1.4052e+01   5.8905e-06   0.0000e+00   3.4324e+02
20260902_15:00:00   9.6464e-01   1.7690e+02   1.4325e+01   0.0000e+00   0.0000e+00   3.3363e+02
20260902_18:00:00   1.0507e+00   1.8646e+02   1.5625e+01   0.0000e+00   0.0000e+00   3.2306e+02
20260902_21:00:00   7.8588e-01   1.5665e+02   1.2207e+01   0.0000e+00   1.0104e-03   3.1718e+02
20260903_00:00:00   8.7014e-01   1.6661e+02   1.3687e+01   0.0000e+00   3.0770e-03   3.1102e+02
20260903_03:00:00   8.7217e-01   1.6685e+02   1.3546e+01   0.0000e+00   8.2218e-03   3.0715e+02
20260903_06:00:00   8.9270e-01   1.6874e+02   1.4204e+01   0.0000e+00   1.4852e-02   3.0495e+02
20260903_09:00:00   8.8039e-01   1.6732e+02   1.4083e+01   0.0000e+00   0.0000e+00   3.0464e+02
20260903_12:00:00   8.8601e-01   1.6771e+02   1.4404e+01   0.0000e+00   2.0096e-05   3.0597e+02
20260903_15:00:00   9.5843e-01   1.7674e+02   1.5970e+01   0.0000e+00   1.3782e-06   3.0492e+02
20260903_18:00:00   1.0092e+00   1.8308e+02   1.7377e+01   0.0000e+00   1.0543e-03   3.0416e+02
20260903_21:00:00   1.1276e+00   1.9464e+02   1.9618e+01   0.0000e+00   1.3352e-02   3.0346e+02
20260904_00:00:00   1.2809e+00   2.0727e+02   2.2131e+01   0.0000e+00   5.8578e-04   3.0297e+02
20260904_03:00:00   1.5272e+00   2.2372e+02   2.5765e+01   0.0000e+00   2.8980e-05   3.0317e+02
20260904_06:00:00   1.5818e+00   2.2682e+02   2.6478e+01   0.0000e+00   1.1588e-04   2.9972e+02
20260904_09:00:00   1.5162e+00   2.2269e+02   2.5386e+01   0.0000e+00   1.9874e-05   2.9560e+02
20260904_12:00:00   1.4975e+00   2.2159e+02   2.5120e+01   0.0000e+00   1.6892e-03   2.9496e+02
20260904_15:00:00   1.4278e+00   2.1817e+02   2.4433e+01   0.0000e+00   9.5056e-04   2.9552e+02
20260904_18:00:00   1.3733e+00   2.1533e+02   2.4441e+01   0.0000e+00   1.7140e-04   2.9289e+02
