#            date       tau255        Tb[K]      pwv[mm] lwp[kg*m^-2] iwp[kg*m^-2]       o3[DU]
20261002_18:00:00   2.7492e+00   2.7440e+02   4.1307e+01   4.7160e-03   6.2336e-02   2.6838e+02
20261002_19:00:00   3.0024e+00   2.7819e+02   4.4552e+01   5.2540e-05   2.4238e-02   2.6996e+02
20261002_20:00:00   3.2471e+00   2.8041e+02   4.5457e+01   5.5098e-02   5.0660e-03   2.7137e+02
20261002_21:00:00   3.1183e+00   2.7763e+02   4.4703e+01   4.1563e-02   6.4375e-03   2.7212e+02
20261002_22:00:00   2.9176e+00   2.7332e+02   4.2724e+01   4.6023e-02   1.7635e-02   2.7071e+02
20261002_23:00:00   2.7376e+00   2.6922e+02   4.0156e+01   5.9443e-02   7.1378e-02   2.7133e+02
20261003_00:00:00   2.3606e+00   2.6049e+02   3.6953e+01   5.0820e-06   1.5457e-02   2.7024e+02
20261003_01:00:00   2.3495e+00   2.5963e+02   3.6444e+01   0.0000e+00   4.6472e-02   2.7126e+02
20261003_02:00:00   2.2124e+00   2.5536e+02   3.3712e+01   0.0000e+00   3.2032e-02   2.7230e+02
20261003_03:00:00   2.0780e+00   2.5002e+02   3.2009e+01   0.0000e+00   1.6996e-01   2.7234e+02
20261003_04:00:00   1.7107e+00   2.3341e+02   2.7376e+01   0.0000e+00   2.8589e-01   2.7603e+02
20261003_05:00:00   1.3904e+00   2.1363e+02   2.2881e+01   0.0000e+00   1.1293e-01   2.8254e+02
20261003_06:00:00   1.1376e+00   1.9353e+02   1.8627e+01   0.0000e+00   2.0208e-03   2.8267e+02
20261003_07:00:00   1.0151e+00   1.8215e+02   1.6295e+01   0.0000e+00   1.8478e-07   2.8124e+02
20261003_08:00:00   9.4666e-01   1.7494e+02   1.5173e+01   0.0000e+00   0.0000e+00   2.8230e+02
20261003_09:00:00   8.4464e-01   1.6345e+02   1.3289e+01   1.7231e-04   0.0000e+00   2.8336e+02
20261003_10:00:00   7.4335e-01   1.5090e+02   1.1336e+01   5.8044e-04   0.0000e+00   2.8363e+02
20261003_11:00:00   7.2201e-01   1.4799e+02   1.0853e+01   2.3100e-07   0.0000e+00   2.8533e+02
20261003_12:00:00   7.3106e-01   1.4896e+02   1.1006e+01   0.0000e+00   0.0000e+00   2.8662e+02
20261003_13:00:00   7.4545e-01   1.5087e+02   1.1198e+01   0.0000e+00   0.0000e+00   2.8674e+02
20261003_14:00:00   7.4361e-01   1.5069e+02   1.1187e+01   0.0000e+00   0.0000e+00   2.8457e+02
20261003_15:00:00   7.6388e-01   1.5335e+02   1.1482e+01   0.0000e+00   0.0000e+00   2.8328e+02
20261003_16:00:00   7.7729e-01   1.5508e+02   1.1749e+01   0.0000e+00   0.0000e+00   2.8151e+02
20261003_17:00:00   7.5408e-01   1.5220e+02   1.1538e+01   0.0000e+00   0.0000e+00   2.8124e+02
20261003_18:00:00   7.4803e-01   1.5145e+02   1.1564e+01   0.0000e+00   0.0000e+00   2.8155e+02
20261003_19:00:00   7.6324e-01   1.5345e+02   1.1858e+01   0.0000e+00   0.0000e+00   2.8391e+02
20261003_20:00:00   8.1450e-01   1.5992e+02   1.2570e+01   0.0000e+00   0.0000e+00   2.8588e+02
20261003_21:00:00   8.8984e-01   1.6879e+02   1.3468e+01   0.0000e+00   0.0000e+00   2.8764e+02
20261003_22:00:00   9.1638e-01   1.7167e+02   1.3682e+01   0.0000e+00   0.0000e+00   2.8686e+02
20261003_23:00:00   9.0560e-01   1.7024e+02   1.3448e+01   0.0000e+00   0.0000e+00   2.8296e+02
20261004_00:00:00   9.0771e-01   1.7033e+02   1.3392e+01   0.0000e+00   0.0000e+00   2.8213e+02
20261004_01:00:00   9.2741e-01   1.7229e+02   1.3592e+01   0.0000e+00   0.0000e+00   2.8533e+02
20261004_02:00:00   9.2308e-01   1.7165e+02   1.3583e+01   0.0000e+00   0.0000e+00   2.8715e+02
20261004_03:00:00   9.0768e-01   1.6979e+02   1.3371e+01   0.0000e+00   0.0000e+00   2.8880e+02
20261004_04:00:00   9.0237e-01   1.6908e+02   1.3242e+01   0.0000e+00   0.0000e+00   2.8999e+02
20261004_05:00:00   9.0918e-01   1.6963e+02   1.3301e+01   0.0000e+00   0.0000e+00   2.8947e+02
20261004_06:00:00   9.0941e-01   1.6953e+02   1.3293e+01   0.0000e+00   0.0000e+00   2.8906e+02
20261004_07:00:00   8.9858e-01   1.6821e+02   1.3152e+01   0.0000e+00   0.0000e+00   2.8813e+02
20261004_08:00:00   8.9009e-01   1.6713e+02   1.3063e+01   0.0000e+00   9.0840e-07   2.8660e+02
20261004_09:00:00   8.8227e-01   1.6620e+02   1.2929e+01   0.0000e+00   5.4700e-05   2.8495e+02
20261004_10:00:00   8.9652e-01   1.6776e+02   1.3059e+01   0.0000e+00   0.0000e+00   2.8631e+02
20261004_11:00:00   9.1717e-01   1.6996e+02   1.3376e+01   0.0000e+00   0.0000e+00   2.8978e+02
20261004_12:00:00   9.4574e-01   1.7295e+02   1.3831e+01   0.0000e+00   0.0000e+00   2.9036e+02
20261004_13:00:00   9.6662e-01   1.7539e+02   1.4073e+01   0.0000e+00   2.6085e-03   2.8995e+02
20261004_14:00:00   9.8390e-01   1.7750e+02   1.4379e+01   1.2129e-04   1.3866e-02   2.9005e+02
20261004_15:00:00   9.6721e-01   1.7587e+02   1.4709e+01   1.0864e-05   2.3194e-02   2.9119e+02
20261004_16:00:00   1.0869e+00   1.8737e+02   1.7222e+01   0.0000e+00   3.3652e-02   2.9275e+02
20261004_17:00:00   1.5292e+00   2.1935e+02   2.2098e+01   6.8998e-02   6.4997e-02   2.9311e+02
20261004_18:00:00   2.5742e+00   2.5742e+02   2.3240e+01   4.7231e-01   4.2922e-02   2.9342e+02
20261004_19:00:00   3.3895e+00   2.6973e+02   2.4541e+01   7.5725e-01   5.5043e-02   2.9303e+02
20261004_20:00:00   1.8897e+00   2.3838e+02   2.4696e+01   1.2406e-01   1.7600e-01   2.9151e+02
20261004_21:00:00   1.7535e+00   2.3254e+02   2.4921e+01   5.6030e-02   1.3505e-01   2.9168e+02
20261004_22:00:00   1.9742e+00   2.4224e+02   2.7281e+01   7.5962e-02   9.8832e-02   2.9206e+02
20261004_23:00:00   2.1097e+00   2.4740e+02   2.6784e+01   1.2848e-01   1.1238e-01   2.9248e+02
20261005_00:00:00   2.4153e+00   2.5569e+02   3.0460e+01   1.6104e-01   3.6572e-01   2.9128e+02
20261005_01:00:00   3.5297e+00   2.7256e+02   3.0958e+01   5.8385e-01   2.1444e-01   2.8781e+02
20261005_02:00:00   3.6675e+00   2.7420e+02   3.0497e+01   6.2935e-01   7.8961e-02   2.8959e+02
20261005_03:00:00   4.5565e+00   2.7926e+02   3.0978e+01   9.4693e-01   8.0133e-02   2.9010e+02
20261005_04:00:00   3.1409e+00   2.7045e+02   3.1639e+01   3.6315e-01   9.7861e-02   2.9058e+02
20261005_05:00:00   2.5828e+00   2.6231e+02   2.9703e+01   1.7224e-01   2.7737e-02   2.9223e+02
20261005_06:00:00   4.8340e+00   2.8162e+02   3.0955e+01   1.0226e+00   8.6073e-02   2.9449e+02
20261005_07:00:00   6.2332e+00   2.8357e+02   3.0926e+01   1.5640e+00   5.6783e-02   2.9562e+02
20261005_08:00:00   4.5249e+00   2.8133e+02   2.8736e+01   9.4020e-01   3.6028e-02   2.9521e+02
20261005_09:00:00   3.9811e+00   2.7920e+02   2.8078e+01   7.4940e-01   1.8804e-02   2.9638e+02
20261005_10:00:00   3.1427e+00   2.7232e+02   2.7105e+01   4.5155e-01   2.9302e-02   2.9828e+02
20261005_11:00:00   3.2317e+00   2.7326e+02   2.6573e+01   4.9984e-01   1.7185e-02   2.9795e+02
20261005_12:00:00   2.8840e+00   2.6865e+02   2.5215e+01   4.0460e-01   4.7153e-02   3.0019e+02
20261005_13:00:00   2.5251e+00   2.6172e+02   2.3935e+01   3.0122e-01   1.9728e-02   3.0169e+02
20261005_14:00:00   1.8315e+00   2.3911e+02   2.2125e+01   9.2171e-02   1.3094e-02   3.0233e+02
20261005_15:00:00   1.3132e+00   2.0912e+02   1.8478e+01   1.5893e-03   1.0706e-02   3.0402e+02
20261005_16:00:00   1.2644e+00   2.0593e+02   1.7596e+01   4.5269e-03   5.2686e-04   3.0466e+02
20261005_17:00:00   1.2366e+00   2.0374e+02   1.7659e+01   2.7240e-03   3.5459e-03   3.0253e+02
20261005_18:00:00   1.2175e+00   2.0164e+02   1.7413e+01   1.9526e-03   5.0819e-06   3.0332e+02
20261005_19:00:00   1.0297e+00   1.8396e+02   1.4910e+01   0.0000e+00   0.0000e+00   3.0464e+02
20261005_20:00:00   7.0646e-01   1.4540e+02   1.0725e+01   0.0000e+00   0.0000e+00   3.0643e+02
20261005_21:00:00   6.9603e-01   1.4319e+02   1.0663e+01   0.0000e+00   0.0000e+00   3.1206e+02
20261005_22:00:00   6.2418e-01   1.3243e+02   9.6440e+00   0.0000e+00   0.0000e+00   3.1560e+02
20261005_23:00:00   5.6466e-01   1.2340e+02   8.4994e+00   0.0000e+00   0.0000e+00   3.2136e+02
20261006_00:00:00   5.0458e-01   1.1369e+02   7.4087e+00   0.0000e+00   0.0000e+00   3.2943e+02
20261006_01:00:00   4.9925e-01   1.1253e+02   7.2376e+00   0.0000e+00   0.0000e+00   3.3297e+02
20261006_02:00:00   5.5970e-01   1.2171e+02   8.1065e+00   0.0000e+00   2.0220e-06   3.3857e+02
20261006_03:00:00   6.1562e-01   1.2985e+02   8.7676e+00   0.0000e+00   0.0000e+00   3.4513e+02
20261006_04:00:00   5.8530e-01   1.2517e+02   8.3150e+00   0.0000e+00   0.0000e+00   3.4812e+02
20261006_05:00:00   5.5775e-01   1.2073e+02   7.8762e+00   0.0000e+00   0.0000e+00   3.4931e+02
20261006_06:00:00   5.3212e-01   1.1653e+02   7.5023e+00   0.0000e+00   0.0000e+00   3.5042e+02
20261006_07:00:00   5.0403e-01   1.1187e+02   7.1123e+00   0.0000e+00   0.0000e+00   3.4774e+02
20261006_08:00:00   4.8070e-01   1.0793e+02   6.7659e+00   0.0000e+00   0.0000e+00   3.4624e+02
20261006_09:00:00   4.4417e-01   1.0170e+02   6.2604e+00   0.0000e+00   0.0000e+00   3.4665e+02
20261006_10:00:00   4.2958e-01   9.9129e+01   6.0942e+00   0.0000e+00   0.0000e+00   3.4476e+02
20261006_11:00:00   4.2405e-01   9.8055e+01   6.0731e+00   0.0000e+00   0.0000e+00   3.4451e+02
20261006_12:00:00   4.1355e-01   9.6159e+01   6.0306e+00   0.0000e+00   0.0000e+00   3.4194e+02
20261006_13:00:00   4.1275e-01   9.6094e+01   6.1541e+00   0.0000e+00   0.0000e+00   3.3920e+02
20261006_14:00:00   3.8175e-01   9.0541e+01   5.7920e+00   0.0000e+00   0.0000e+00   3.3910e+02
20261006_15:00:00   3.5007e-01   8.4666e+01   5.4561e+00   0.0000e+00   0.0000e+00   3.4022e+02
20261006_16:00:00   3.2961e-01   8.0672e+01   5.3133e+00   0.0000e+00   0.0000e+00   3.4030e+02
20261006_17:00:00   3.4006e-01   8.2582e+01   5.6079e+00   0.0000e+00   0.0000e+00   3.3903e+02
20261006_18:00:00   3.5415e-01   8.5263e+01   5.8921e+00   0.0000e+00   0.0000e+00   3.3680e+02
20261006_19:00:00   3.7202e-01   8.8644e+01   6.2275e+00   0.0000e+00   0.0000e+00   3.3470e+02
20261006_20:00:00   3.7925e-01   9.0058e+01   6.3984e+00   0.0000e+00   0.0000e+00   3.3121e+02
20261006_21:00:00   3.9499e-01   9.2991e+01   6.6507e+00   0.0000e+00   0.0000e+00   3.2918e+02
20261006_22:00:00   3.9500e-01   9.2916e+01   6.6486e+00   0.0000e+00   0.0000e+00   3.2787e+02
20261006_23:00:00   3.8903e-01   9.1740e+01   6.5281e+00   0.0000e+00   0.0000e+00   3.2843e+02
20261007_00:00:00   3.8508e-01   9.0832e+01   6.4820e+00   0.0000e+00   0.0000e+00   3.2764e+02
20261007_01:00:00   3.8561e-01   9.0730e+01   6.5350e+00   0.0000e+00   0.0000e+00   3.2699e+02
20261007_02:00:00   3.9320e-01   9.1950e+01   6.7017e+00   0.0000e+00   0.0000e+00   3.2718e+02
20261007_03:00:00   4.0800e-01   9.4429e+01   7.0302e+00   0.0000e+00   2.2720e-07   3.2541e+02
20261007_04:00:00   4.1535e-01   9.5746e+01   7.1690e+00   0.0000e+00   0.0000e+00   3.2564e+02
20261007_05:00:00   4.1926e-01   9.6537e+01   7.2355e+00   0.0000e+00   0.0000e+00   3.2407e+02
20261007_06:00:00   4.3098e-01   9.8681e+01   7.4677e+00   0.0000e+00   0.0000e+00   3.1994e+02
20261007_07:00:00   4.4543e-01   1.0125e+02   7.7450e+00   0.0000e+00   8.7980e-05   3.1722e+02
20261007_08:00:00   4.5540e-01   1.0299e+02   7.9485e+00   0.0000e+00   0.0000e+00   3.1608e+02
20261007_09:00:00   4.5585e-01   1.0318e+02   7.9585e+00   0.0000e+00   0.0000e+00   3.1513e+02
20261007_10:00:00   4.6217e-01   1.0437e+02   8.0543e+00   0.0000e+00   0.0000e+00   3.1422e+02
20261007_11:00:00   4.6405e-01   1.0477e+02   8.0856e+00   0.0000e+00   0.0000e+00   3.1487e+02
20261007_12:00:00   4.7031e-01   1.0595e+02   8.1800e+00   0.0000e+00   0.0000e+00   3.1379e+02
20261007_13:00:00   4.9144e-01   1.0964e+02   8.5660e+00   0.0000e+00   0.0000e+00   3.1249e+02
20261007_14:00:00   5.3282e-01   1.1658e+02   9.2881e+00   0.0000e+00   0.0000e+00   3.1119e+02
20261007_15:00:00   6.0521e-01   1.2775e+02   1.0642e+01   0.0000e+00   0.0000e+00   3.0803e+02
20261007_16:00:00   6.9349e-01   1.4050e+02   1.2163e+01   0.0000e+00   0.0000e+00   3.0656e+02
20261007_17:00:00   7.3173e-01   1.4591e+02   1.2823e+01   0.0000e+00   0.0000e+00   3.0571e+02
20261007_18:00:00   7.8694e-01   1.5332e+02   1.3650e+01   0.0000e+00   0.0000e+00   3.0525e+02
20261007_21:00:00   9.2331e-01   1.7008e+02   1.5789e+01   0.0000e+00   1.9314e-06   3.0810e+02
20261008_00:00:00   1.0136e+00   1.7986e+02   1.7110e+01   0.0000e+00   2.0560e-06   3.1154e+02
20261008_03:00:00   1.0305e+00   1.8150e+02   1.7244e+01   5.8760e-05   4.6820e-05   3.1726e+02
20261008_06:00:00   1.1591e+00   1.9425e+02   1.8616e+01   0.0000e+00   8.4520e-06   3.1897e+02
20261008_09:00:00   1.2087e+00   1.9856e+02   1.9385e+01   0.0000e+00   4.8280e-06   3.1523e+02
20261008_12:00:00   1.1304e+00   1.9211e+02   1.8503e+01   0.0000e+00   3.0606e-03   3.1288e+02
20261008_15:00:00   1.1812e+00   1.9735e+02   1.9224e+01   0.0000e+00   9.6660e-04   3.1121e+02
20261008_18:00:00   1.4698e+00   2.1999e+02   2.3307e+01   0.0000e+00   1.4011e-02   3.1341e+02
20261008_21:00:00   1.4908e+00   2.2199e+02   2.3233e+01   0.0000e+00   1.7612e-02   3.1660e+02
20261009_00:00:00   1.5521e+00   2.2528e+02   2.3852e+01   0.0000e+00   8.2626e-03   3.1366e+02
20261009_03:00:00   1.4633e+00   2.2031e+02   2.1963e+01   0.0000e+00   0.0000e+00   3.1631e+02
20261009_06:00:00   1.2782e+00   2.0677e+02   1.8962e+01   0.0000e+00   0.0000e+00   3.0814e+02
20261009_09:00:00   1.0632e+00   1.8706e+02   1.6695e+01   0.0000e+00   5.0764e-03   3.0252e+02
20261009_12:00:00   1.2139e+00   2.0050e+02   1.8928e+01   0.0000e+00   0.0000e+00   3.0446e+02
20261009_15:00:00   1.5212e+00   2.2401e+02   2.3408e+01   0.0000e+00   1.5694e-04   3.0562e+02
20261009_18:00:00   1.5547e+00   2.2667e+02   2.4401e+01   3.9563e-03   9.0547e-03   3.1163e+02
20261009_21:00:00   1.8484e+00   2.4213e+02   2.7830e+01   6.1250e-03   4.0587e-04   3.0437e+02
20261010_00:00:00   3.2315e+00   2.7275e+02   2.6689e+01   5.6896e-01   1.4373e-04   3.0526e+02
20261010_03:00:00   9.5205e-01   1.7588e+02   1.3684e+01   0.0000e+00   1.5674e-04   3.0996e+02
20261010_06:00:00   7.3222e-01   1.4851e+02   1.0535e+01   0.0000e+00   1.4512e-03   3.0767e+02
20261010_09:00:00   6.4002e-01   1.3457e+02   9.3440e+00   0.0000e+00   3.4945e-04   3.0119e+02
20261010_12:00:00   5.6299e-01   1.2190e+02   8.5069e+00   0.0000e+00   7.0599e-03   3.0642e+02
20261010_15:00:00   5.8789e-01   1.2555e+02   9.2777e+00   0.0000e+00   7.5677e-03   2.9824e+02
20261010_18:00:00   5.6410e-01   1.2208e+02   9.2316e+00   0.0000e+00   5.5780e-05   2.9487e+02
20261010_21:00:00   5.8364e-01   1.2491e+02   9.6282e+00   0.0000e+00   0.0000e+00   2.9125e+02
20261011_00:00:00   6.1119e-01   1.2834e+02   1.0139e+01   0.0000e+00   1.9314e-05   2.9161e+02
20261011_03:00:00   6.4823e-01   1.3325e+02   1.0908e+01   0.0000e+00   0.0000e+00   2.9334e+02
20261011_06:00:00   6.9858e-01   1.3983e+02   1.1849e+01   0.0000e+00   2.4600e-05   2.9365e+02
20261011_09:00:00   8.1722e-01   1.5473e+02   1.3817e+01   0.0000e+00   3.1720e-05   2.9330e+02
20261011_12:00:00   8.5004e-01   1.5932e+02   1.4331e+01   0.0000e+00   0.0000e+00   2.8230e+02
20261011_15:00:00   1.2148e+00   1.9523e+02   2.0369e+01   0.0000e+00   4.3964e-04   2.7759e+02
20261011_18:00:00   1.0452e+00   1.8147e+02   1.8235e+01   0.0000e+00   2.3451e-02   2.8648e+02
20261011_21:00:00   1.3064e+00   2.0540e+02   2.2059e+01   0.0000e+00   7.3274e-03   2.8432e+02
20261012_00:00:00   1.5913e+00   2.2577e+02   2.5411e+01   0.0000e+00   1.8586e-03   2.8251e+02
20261012_03:00:00   1.5781e+00   2.2646e+02   2.5080e+01   0.0000e+00   2.1816e-02   2.8324e+02
20261012_06:00:00   1.8665e+00   2.4204e+02   2.9492e+01   0.0000e+00   1.1123e-01   2.7979e+02
20261012_09:00:00   1.9486e+00   2.4612e+02   3.1100e+01   1.6134e-03   2.3651e-01   2.7522e+02
20261012_12:00:00   1.7257e+00   2.3671e+02   2.7960e+01   0.0000e+00   8.3297e-02   2.7231e+02
20261012_15:00:00   1.4146e+00   2.1972e+02   2.3187e+01   0.0000e+00   2.8112e-03   2.7007e+02
20261012_18:00:00   1.2688e+00   2.1138e+02   1.9824e+01   0.0000e+00   5.7597e-04   2.7144e+02
20261012_21:00:00   1.5845e+00   2.3353e+02   2.4037e+01   0.0000e+00   2.1516e-02   2.6888e+02
20261013_00:00:00   2.0470e+00   2.5256e+02   3.3038e+01   0.0000e+00   5.4752e-01   2.6618e+02
20261013_03:00:00   5.7905e+00   2.8744e+02   4.7485e+01   1.0488e+00   4.7032e-01   2.6448e+02
20261013_06:00:00   4.0149e+00   2.8177e+02   4.7045e+01   3.3271e-01   4.6306e-01   2.6412e+02
20261013_09:00:00   2.4187e+00   2.6184e+02   3.6230e+01   3.9720e-05   4.6758e-02   2.6585e+02
20261013_12:00:00   2.4429e+00   2.6281e+02   3.6558e+01   0.0000e+00   8.3002e-03   2.6721e+02
20261013_15:00:00   2.6508e+00   2.6853e+02   3.9671e+01   4.8140e-03   7.2438e-04   2.6574e+02
20261013_18:00:00   3.8036e+00   2.8225e+02   4.4737e+01   3.4288e-01   9.4841e-02   2.6552e+02
20261013_21:00:00   4.1588e+00   2.8336e+02   4.8415e+01   3.5457e-01   5.0443e-01   2.7021e+02
20261014_00:00:00   4.0317e+00   2.8225e+02   4.3163e+01   5.1956e-01   1.3487e-01   2.6915e+02
20261014_03:00:00   5.1061e+00   2.8698e+02   4.7658e+01   7.8330e-01   8.1197e-02   2.6383e+02
20261014_06:00:00   3.0918e+00   2.7617e+02   4.5287e+01   1.9096e-03   1.5977e-02   2.6574e+02
20261014_09:00:00   2.2561e+00   2.5900e+02   3.4214e+01   0.0000e+00   1.5296e-01   2.6583e+02
20261014_12:00:00   1.5816e+00   2.2964e+02   2.3514e+01   0.0000e+00   0.0000e+00   2.7244e+02
20261014_15:00:00   1.7628e+00   2.3982e+02   2.5660e+01   0.0000e+00   0.0000e+00   2.7008e+02
20261014_18:00:00   1.7588e+00   2.4049e+02   2.5198e+01   8.5620e-03   0.0000e+00   2.7119e+02
20261014_21:00:00   1.0707e+00   1.9097e+02   1.6621e+01   0.0000e+00   0.0000e+00   2.7940e+02
20261015_00:00:00   5.3047e-01   1.1858e+02   9.5497e+00   0.0000e+00   0.0000e+00   2.7506e+02
20261015_03:00:00   6.0769e-01   1.2932e+02   1.1253e+01   0.0000e+00   0.0000e+00   2.7197e+02
20261015_06:00:00   7.3942e-01   1.4709e+02   1.3565e+01   0.0000e+00   0.0000e+00   2.6887e+02
20261015_09:00:00   7.8159e-01   1.5227e+02   1.4157e+01   0.0000e+00   1.0062e-04   2.6452e+02
20261015_12:00:00   8.1087e-01   1.5554e+02   1.4636e+01   0.0000e+00   7.7480e-05   2.6370e+02
20261015_15:00:00   9.0794e-01   1.6738e+02   1.6047e+01   0.0000e+00   0.0000e+00   2.6407e+02
20261015_18:00:00   9.2594e-01   1.7032e+02   1.6158e+01   0.0000e+00   3.1822e-03   2.6673e+02
20261015_21:00:00   8.9451e-01   1.6732e+02   1.5700e+01   0.0000e+00   1.4988e-03   2.6585e+02
20261016_00:00:00   1.0915e+00   1.8682e+02   1.8818e+01   0.0000e+00   2.4679e-02   2.6869e+02
20261016_03:00:00   1.3976e+00   2.1128e+02   2.3502e+01   0.0000e+00   4.5912e-02   2.7172e+02
20261016_06:00:00   1.7004e+00   2.3052e+02   2.7545e+01   9.6560e-06   9.9451e-02   2.7032e+02
20261016_09:00:00   2.1985e+00   2.5176e+02   3.2807e+01   2.2226e-02   1.1935e-01   2.7127e+02
20261016_12:00:00   3.5460e+00   2.7738e+02   3.6356e+01   3.9824e-01   3.2983e-01   2.7413e+02
20261016_15:00:00   4.4919e+00   2.8244e+02   3.6439e+01   7.6909e-01   5.0771e-03   2.7616e+02
20261016_18:00:00   3.5190e+00   2.7479e+02   3.0877e+01   5.8298e-01   6.4665e-04   2.8062e+02
20261016_21:00:00   1.0725e+00   1.8592e+02   1.7560e+01   0.0000e+00   5.2773e-03   2.8206e+02
20261017_00:00:00   7.8478e-01   1.5373e+02   1.2405e+01   0.0000e+00   1.3646e-03   2.8334e+02
20261017_03:00:00   6.4932e-01   1.3511e+02   9.9169e+00   0.0000e+00   0.0000e+00   2.8569e+02
20261017_06:00:00   6.1090e-01   1.2887e+02   9.1457e+00   0.0000e+00   0.0000e+00   2.9378e+02
20261017_09:00:00   5.7919e-01   1.2347e+02   8.5136e+00   0.0000e+00   0.0000e+00   3.0501e+02
20261017_12:00:00   6.1647e-01   1.2841e+02   8.7565e+00   0.0000e+00   0.0000e+00   3.1866e+02
20261017_15:00:00   5.5836e-01   1.1987e+02   7.9759e+00   0.0000e+00   0.0000e+00   3.2957e+02
20261017_18:00:00   5.7275e-01   1.2201e+02   8.1529e+00   1.6224e-03   5.2143e-04   3.3212e+02
20261017_21:00:00   5.6701e-01   1.2106e+02   7.9935e+00   0.0000e+00   1.0180e-05   3.5411e+02
20261018_00:00:00   5.7176e-01   1.2140e+02   7.9946e+00   0.0000e+00   9.9057e-06   3.6058e+02
20261018_03:00:00   5.7548e-01   1.2157e+02   8.0240e+00   0.0000e+00   1.9314e-06   3.6497e+02
20261018_06:00:00   5.9908e-01   1.2469e+02   8.2931e+00   0.0000e+00   1.5165e-06   3.6213e+02
20261018_09:00:00   6.3040e-01   1.2878e+02   8.7731e+00   0.0000e+00   1.8017e-05   3.6490e+02
20261018_12:00:00   6.6851e-01   1.3366e+02   9.3733e+00   0.0000e+00   2.9325e-04   3.7020e+02
20261018_15:00:00   6.3511e-01   1.2927e+02   9.0167e+00   0.0000e+00   2.4074e-05   3.7250e+02
20261018_18:00:00   6.4175e-01   1.3017e+02   9.1201e+00   1.4944e-03   4.4532e-02   3.7534e+02
