#            date       tau255        Tb[K]      pwv[mm] lwp[kg*m^-2] iwp[kg*m^-2]       o3[DU]
20260725_12:00:00   1.2577e+00   2.0744e+02   1.8814e+01   0.0000e+00   0.0000e+00   3.3919e+02
20260725_13:00:00   1.2609e+00   2.0806e+02   1.8887e+01   0.0000e+00   0.0000e+00   3.3994e+02
20260725_14:00:00   1.2730e+00   2.0950e+02   1.9056e+01   0.0000e+00   0.0000e+00   3.3980e+02
20260725_15:00:00   1.2781e+00   2.1020e+02   1.9191e+01   0.0000e+00   0.0000e+00   3.4119e+02
20260725_16:00:00   1.2259e+00   2.0631e+02   1.8649e+01   0.0000e+00   0.0000e+00   3.4315e+02
20260725_17:00:00   1.3126e+00   2.1339e+02   1.9861e+01   0.0000e+00   0.0000e+00   3.4568e+02
20260725_18:00:00   1.3058e+00   2.1329e+02   1.9854e+01   0.0000e+00   0.0000e+00   3.4536e+02
20260725_19:00:00   1.3213e+00   2.1482e+02   2.0164e+01   0.0000e+00   0.0000e+00   3.4431e+02
20260725_20:00:00   1.3641e+00   2.1802e+02   2.0614e+01   0.0000e+00   0.0000e+00   3.4173e+02
20260725_21:00:00   1.3838e+00   2.1897e+02   2.0614e+01   0.0000e+00   0.0000e+00   3.3541e+02
20260725_22:00:00   1.3291e+00   2.1454e+02   1.9904e+01   0.0000e+00   0.0000e+00   3.3049e+02
20260725_23:00:00   1.3086e+00   2.1251e+02   1.9741e+01   0.0000e+00   9.7400e-06   3.2900e+02
20260726_00:00:00   1.2864e+00   2.1030e+02   1.9548e+01   0.0000e+00   3.0640e-04   3.2791e+02
20260726_01:00:00   1.2840e+00   2.0949e+02   1.9666e+01   0.0000e+00   4.2520e-04   3.2646e+02
20260726_02:00:00   1.2527e+00   2.0663e+02   1.9182e+01   0.0000e+00   0.0000e+00   3.2617e+02
20260726_03:00:00   1.2472e+00   2.0591e+02   1.9257e+01   0.0000e+00   0.0000e+00   3.2442e+02
20260726_04:00:00   1.2188e+00   2.0350e+02   1.8917e+01   0.0000e+00   0.0000e+00   3.2531e+02
20260726_05:00:00   1.1673e+00   1.9903e+02   1.8173e+01   0.0000e+00   0.0000e+00   3.2452e+02
20260726_06:00:00   1.1021e+00   1.9315e+02   1.7319e+01   0.0000e+00   0.0000e+00   3.2397e+02
20260726_07:00:00   1.1086e+00   1.9352e+02   1.7528e+01   0.0000e+00   0.0000e+00   3.2424e+02
20260726_08:00:00   1.1736e+00   1.9887e+02   1.8633e+01   0.0000e+00   1.1996e-05   3.2426e+02
20260726_09:00:00   1.1938e+00   2.0051e+02   1.8910e+01   0.0000e+00   0.0000e+00   3.2536e+02
20260726_10:00:00   1.1940e+00   2.0047e+02   1.8898e+01   0.0000e+00   5.9500e-05   3.2682e+02
20260726_11:00:00   1.2138e+00   2.0209e+02   1.9136e+01   0.0000e+00   3.1240e-05   3.2648e+02
20260726_12:00:00   1.2132e+00   2.0214e+02   1.9159e+01   0.0000e+00   1.1928e-05   3.2687e+02
20260726_13:00:00   1.1867e+00   2.0023e+02   1.8922e+01   0.0000e+00   0.0000e+00   3.2795e+02
20260726_14:00:00   1.1904e+00   2.0084e+02   1.9099e+01   0.0000e+00   0.0000e+00   3.2898e+02
20260726_15:00:00   1.2352e+00   2.0487e+02   1.9787e+01   0.0000e+00   0.0000e+00   3.2924e+02
20260726_16:00:00   1.2252e+00   2.0460e+02   1.9726e+01   0.0000e+00   4.8280e-06   3.2942e+02
20260726_17:00:00   1.2201e+00   2.0469e+02   1.9711e+01   0.0000e+00   6.2760e-05   3.3253e+02
20260726_18:00:00   1.2244e+00   2.0536e+02   1.9845e+01   0.0000e+00   1.0638e-04   3.3627e+02
20260726_19:00:00   1.2354e+00   2.0623e+02   2.0075e+01   0.0000e+00   5.4543e-04   3.4136e+02
20260726_20:00:00   1.2452e+00   2.0687e+02   2.0233e+01   0.0000e+00   8.8696e-04   3.4543e+02
20260726_21:00:00   1.2296e+00   2.0546e+02   1.9974e+01   0.0000e+00   4.1060e-04   3.4786e+02
20260726_22:00:00   1.2230e+00   2.0475e+02   1.9897e+01   0.0000e+00   1.2380e-05   3.4906e+02
20260726_23:00:00   1.2247e+00   2.0465e+02   1.9913e+01   0.0000e+00   0.0000e+00   3.4801e+02
20260727_00:00:00   1.2326e+00   2.0516e+02   2.0013e+01   0.0000e+00   3.2281e-04   3.4884e+02
20260727_01:00:00   1.2449e+00   2.0592e+02   2.0124e+01   0.0000e+00   1.0218e-04   3.4685e+02
20260727_02:00:00   1.2511e+00   2.0590e+02   2.0223e+01   0.0000e+00   0.0000e+00   3.4716e+02
20260727_03:00:00   1.2894e+00   2.0854e+02   2.0788e+01   0.0000e+00   0.0000e+00   3.4454e+02
20260727_04:00:00   1.3389e+00   2.1197e+02   2.1412e+01   0.0000e+00   0.0000e+00   3.4179e+02
20260727_05:00:00   1.3405e+00   2.1196e+02   2.1376e+01   0.0000e+00   0.0000e+00   3.4154e+02
20260727_06:00:00   1.3190e+00   2.1035e+02   2.1011e+01   0.0000e+00   0.0000e+00   3.4071e+02
20260727_07:00:00   1.2851e+00   2.0776e+02   2.0537e+01   0.0000e+00   0.0000e+00   3.3740e+02
20260727_08:00:00   1.2910e+00   2.0817e+02   2.0619e+01   0.0000e+00   0.0000e+00   3.3536e+02
20260727_09:00:00   1.3274e+00   2.1079e+02   2.1164e+01   0.0000e+00   0.0000e+00   3.3469e+02
20260727_10:00:00   1.3620e+00   2.1332e+02   2.1657e+01   0.0000e+00   0.0000e+00   3.3547e+02
20260727_11:00:00   1.3660e+00   2.1383e+02   2.1712e+01   0.0000e+00   0.0000e+00   3.3577e+02
20260727_12:00:00   1.3697e+00   2.1431e+02   2.1764e+01   0.0000e+00   0.0000e+00   3.3494e+02
20260727_13:00:00   1.3638e+00   2.1417e+02   2.1705e+01   0.0000e+00   0.0000e+00   3.3424e+02
20260727_14:00:00   1.3697e+00   2.1501e+02   2.1806e+01   0.0000e+00   0.0000e+00   3.3221e+02
20260727_15:00:00   1.3986e+00   2.1747e+02   2.2192e+01   0.0000e+00   0.0000e+00   3.3056e+02
20260727_16:00:00   1.4473e+00   2.2135e+02   2.2916e+01   0.0000e+00   0.0000e+00   3.2924e+02
20260727_17:00:00   1.4712e+00   2.2356e+02   2.3329e+01   0.0000e+00   0.0000e+00   3.3027e+02
20260727_18:00:00   1.4846e+00   2.2496e+02   2.3609e+01   0.0000e+00   0.0000e+00   3.3147e+02
20260727_19:00:00   1.5198e+00   2.2753e+02   2.4206e+01   0.0000e+00   0.0000e+00   3.3155e+02
20260727_20:00:00   1.5274e+00   2.2815e+02   2.4520e+01   0.0000e+00   0.0000e+00   3.3314e+02
20260727_21:00:00   1.4990e+00   2.2601e+02   2.4352e+01   2.1124e-03   0.0000e+00   3.3463e+02
20260727_22:00:00   1.7544e+00   2.3931e+02   2.6051e+01   5.8797e-02   0.0000e+00   3.3446e+02
20260727_23:00:00   2.2313e+00   2.5735e+02   2.8097e+01   1.8620e-01   0.0000e+00   3.3471e+02
20260728_00:00:00   2.6549e+00   2.6756e+02   2.9801e+01   2.9928e-01   2.7040e-05   3.3475e+02
20260728_01:00:00   2.6570e+00   2.6809e+02   3.0965e+01   2.5018e-01   0.0000e+00   3.3462e+02
20260728_02:00:00   2.5061e+00   2.6536e+02   3.1374e+01   1.7242e-01   0.0000e+00   3.3396e+02
20260728_03:00:00   2.2538e+00   2.5906e+02   3.1486e+01   5.9600e-02   0.0000e+00   3.3459e+02
20260728_04:00:00   2.0889e+00   2.5377e+02   3.1008e+01   0.0000e+00   0.0000e+00   3.3683e+02
20260728_05:00:00   2.0856e+00   2.5340e+02   3.0839e+01   0.0000e+00   0.0000e+00   3.3677e+02
20260728_06:00:00   2.1330e+00   2.5473e+02   3.1515e+01   0.0000e+00   0.0000e+00   3.3696e+02
20260728_07:00:00   2.1051e+00   2.5388e+02   3.1288e+01   0.0000e+00   0.0000e+00   3.4033e+02
20260728_08:00:00   2.1098e+00   2.5380e+02   3.1419e+01   0.0000e+00   0.0000e+00   3.4029e+02
20260728_09:00:00   2.0894e+00   2.5297e+02   3.1160e+01   0.0000e+00   0.0000e+00   3.4249e+02
20260728_10:00:00   1.9730e+00   2.4892e+02   2.9725e+01   0.0000e+00   0.0000e+00   3.4343e+02
20260728_11:00:00   1.9737e+00   2.4886e+02   2.9521e+01   0.0000e+00   0.0000e+00   3.4413e+02
20260728_12:00:00   2.0050e+00   2.5015e+02   2.9680e+01   0.0000e+00   0.0000e+00   3.4261e+02
20260728_13:00:00   2.0446e+00   2.5212e+02   3.0104e+01   0.0000e+00   0.0000e+00   3.4364e+02
20260728_14:00:00   2.0697e+00   2.5370e+02   3.0713e+01   0.0000e+00   0.0000e+00   3.4635e+02
20260728_15:00:00   2.0282e+00   2.5259e+02   3.0764e+01   0.0000e+00   0.0000e+00   3.4535e+02
20260728_16:00:00   1.9557e+00   2.4990e+02   3.0375e+01   0.0000e+00   0.0000e+00   3.4220e+02
20260728_17:00:00   2.0167e+00   2.5222e+02   3.1573e+01   0.0000e+00   9.8220e-06   3.4212e+02
20260728_18:00:00   2.2277e+00   2.5954e+02   3.3954e+01   2.3260e-02   7.0580e-04   3.3886e+02
20260728_19:00:00   2.7271e+00   2.7180e+02   3.5843e+01   1.6545e-01   1.6624e-04   3.3833e+02
20260728_20:00:00   2.5931e+00   2.6905e+02   3.6086e+01   9.7900e-02   2.2100e-03   3.3718e+02
20260728_21:00:00   2.4581e+00   2.6596e+02   3.5597e+01   5.5860e-02   5.7630e-03   3.3584e+02
20260728_22:00:00   2.2592e+00   2.6023e+02   3.4843e+01   3.7642e-03   2.1688e-02   3.3500e+02
20260728_23:00:00   2.1656e+00   2.5666e+02   3.3793e+01   0.0000e+00   2.2411e-02   3.3433e+02
20260729_00:00:00   2.1495e+00   2.5540e+02   3.3659e+01   0.0000e+00   8.7533e-02   3.3321e+02
20260729_01:00:00   2.1565e+00   2.5491e+02   3.3909e+01   0.0000e+00   2.1355e-02   3.3247e+02
20260729_02:00:00   2.1672e+00   2.5470e+02   3.4165e+01   0.0000e+00   2.3705e-02   3.3329e+02
20260729_03:00:00   2.1651e+00   2.5425e+02   3.4203e+01   0.0000e+00   5.1435e-02   3.3163e+02
20260729_04:00:00   2.1408e+00   2.5326e+02   3.3796e+01   0.0000e+00   3.0605e-02   3.3157e+02
20260729_05:00:00   2.1305e+00   2.5272e+02   3.3801e+01   0.0000e+00   3.7984e-02   3.3140e+02
20260729_06:00:00   2.1446e+00   2.5278e+02   3.4009e+01   0.0000e+00   1.2023e-01   3.3172e+02
20260729_07:00:00   2.1823e+00   2.5376e+02   3.4604e+01   0.0000e+00   2.6259e-01   3.3095e+02
20260729_08:00:00   2.2774e+00   2.5647e+02   3.5875e+01   2.0820e-03   3.5579e-01   3.2915e+02
20260729_09:00:00   2.7100e+00   2.6622e+02   3.6933e+01   1.4399e-01   5.8537e-01   3.3136e+02
20260729_10:00:00   3.4839e+00   2.7629e+02   3.8124e+01   4.1940e-01   5.5326e-01   3.3387e+02
20260729_11:00:00   3.8090e+00   2.7888e+02   3.9086e+01   5.1136e-01   3.7134e-01   3.3376e+02
20260729_12:00:00   4.5494e+00   2.8226e+02   4.0252e+01   7.7367e-01   5.4268e-01   3.3369e+02
20260729_13:00:00   4.5743e+00   2.8244e+02   4.0931e+01   7.5856e-01   5.4025e-01   3.3355e+02
20260729_14:00:00   4.8278e+00   2.8303e+02   4.2105e+01   8.1591e-01   6.7770e-01   3.3298e+02
20260729_15:00:00   4.6996e+00   2.8275e+02   4.2988e+01   7.2929e-01   6.3249e-01   3.3074e+02
20260729_16:00:00   4.7658e+00   2.8300e+02   4.3614e+01   7.2883e-01   6.8593e-01   3.3023e+02
20260729_17:00:00   5.1804e+00   2.8356e+02   4.3909e+01   8.9204e-01   7.6142e-01   3.3043e+02
20260729_18:00:00   4.9132e+00   2.8263e+02   4.3628e+01   7.9400e-01   7.8312e-01   3.2986e+02
20260729_19:00:00   4.9925e+00   2.8284e+02   4.4016e+01   8.0677e-01   7.4780e-01   3.2796e+02
20260729_20:00:00   5.3230e+00   2.8381e+02   4.4629e+01   9.1292e-01   7.6691e-01   3.2592e+02
20260729_21:00:00   5.1536e+00   2.8395e+02   4.4949e+01   8.2504e-01   7.9937e-01   3.2557e+02
20260729_22:00:00   5.5502e+00   2.8487e+02   4.4897e+01   9.7694e-01   9.6016e-01   3.2586e+02
20260729_23:00:00   5.3928e+00   2.8504e+02   4.4740e+01   9.1049e-01   9.5939e-01   3.2610e+02
20260730_00:00:00   4.9001e+00   2.8394e+02   4.3933e+01   7.4040e-01   8.0657e-01   3.3021e+02
20260730_01:00:00   4.3181e+00   2.8207e+02   4.3299e+01   5.2463e-01   5.9186e-01   3.3509e+02
20260730_02:00:00   4.9516e+00   2.8428e+02   4.3180e+01   7.6815e-01   3.4349e-01   3.3661e+02
20260730_03:00:00   6.3542e+00   2.8562e+02   4.3250e+01   1.3382e+00   4.0371e-01   3.3618e+02
20260730_04:00:00   6.0747e+00   2.8544e+02   4.2927e+01   1.2321e+00   4.1878e-01   3.3664e+02
20260730_05:00:00   6.2806e+00   2.8568e+02   4.2433e+01   1.3301e+00   4.6918e-01   3.3509e+02
20260730_06:00:00   5.5687e+00   2.8472e+02   4.1672e+01   1.0788e+00   4.9537e-01   3.3480e+02
20260730_07:00:00   3.5778e+00   2.7749e+02   4.0528e+01   3.0852e-01   3.1411e-01   3.3725e+02
20260730_08:00:00   2.9747e+00   2.7051e+02   3.9530e+01   1.0804e-01   2.7782e-01   3.3853e+02
20260730_09:00:00   3.3934e+00   2.7576e+02   3.8582e+01   2.8409e-01   2.6994e-01   3.4187e+02
20260730_10:00:00   2.8113e+00   2.6814e+02   3.7306e+01   8.8730e-02   2.3306e-01   3.4824e+02
20260730_11:00:00   2.6235e+00   2.6443e+02   3.6122e+01   4.7249e-02   1.8356e-01   3.4988e+02
20260730_12:00:00   2.5851e+00   2.6381e+02   3.5509e+01   5.1146e-02   2.3591e-01   3.5072e+02
20260730_15:00:00   3.7024e+00   2.7805e+02   3.4598e+01   5.3001e-01   8.4071e-02   3.5032e+02
20260730_18:00:00   2.4920e+00   2.6198e+02   3.4777e+01   4.3806e-02   3.7121e-02   3.5004e+02
20260730_21:00:00   2.7125e+00   2.6687e+02   3.1981e+01   2.2441e-01   6.7596e-03   3.4797e+02
20260731_00:00:00   2.3407e+00   2.5907e+02   3.2023e+01   6.1562e-02   3.8880e-05   3.5710e+02
20260731_03:00:00   2.4068e+00   2.6046e+02   3.0075e+01   1.3487e-01   0.0000e+00   3.5878e+02
20260731_06:00:00   2.1626e+00   2.5338e+02   2.9752e+01   3.6320e-02   1.6278e-03   3.6220e+02
20260731_09:00:00   2.6769e+00   2.6537e+02   3.1780e+01   1.9717e-01   7.7236e-03   3.6011e+02
20260731_12:00:00   3.9892e+00   2.7897e+02   3.5402e+01   6.5384e-01   2.5425e-02   3.4509e+02
20260731_15:00:00   3.5757e+00   2.7682e+02   3.5409e+01   4.6006e-01   5.0403e-04   3.4288e+02
20260731_18:00:00   2.7990e+00   2.6896e+02   3.6139e+01   1.2678e-01   4.8807e-05   3.3783e+02
20260731_21:00:00   2.3752e+00   2.6140e+02   3.5195e+01   5.0611e-04   1.8168e-07   3.3990e+02
20260801_00:00:00   2.4794e+00   2.6383e+02   3.6120e+01   1.7440e-02   3.9280e-06   3.4503e+02
20260801_03:00:00   2.4913e+00   2.6372e+02   3.7122e+01   0.0000e+00   0.0000e+00   3.4100e+02
20260801_06:00:00   2.3427e+00   2.5977e+02   3.5557e+01   0.0000e+00   2.5620e-04   3.3887e+02
20260801_09:00:00   2.2911e+00   2.5810e+02   3.5102e+01   2.0700e-03   4.8896e-03   3.4214e+02
20260801_12:00:00   2.1903e+00   2.5603e+02   3.3027e+01   0.0000e+00   0.0000e+00   3.3323e+02
20260801_15:00:00   1.9056e+00   2.4762e+02   2.8704e+01   0.0000e+00   0.0000e+00   3.2870e+02
20260801_18:00:00   1.7643e+00   2.4243e+02   2.7412e+01   4.3775e-03   0.0000e+00   3.2346e+02
20260801_21:00:00   1.8033e+00   2.4462e+02   2.8940e+01   4.2396e-03   1.5232e-03   3.2361e+02
20260802_00:00:00   2.0837e+00   2.5582e+02   3.2846e+01   9.7400e-05   3.1592e-02   3.2270e+02
20260802_03:00:00   1.9462e+00   2.4975e+02   3.0718e+01   0.0000e+00   8.4274e-03   3.2802e+02
20260802_06:00:00   1.9828e+00   2.5135e+02   3.1204e+01   2.8980e-04   2.6350e-01   3.2461e+02
20260802_09:00:00   2.2542e+00   2.6056e+02   3.4685e+01   4.3700e-04   2.7716e-02   3.2314e+02
20260802_12:00:00   2.4643e+00   2.6631e+02   3.7775e+01   3.1397e-04   5.2644e-03   3.2344e+02
20260802_15:00:00   2.4479e+00   2.6741e+02   3.7288e+01   0.0000e+00   6.0191e-03   3.2827e+02
20260802_18:00:00   2.3717e+00   2.6674e+02   3.6695e+01   6.7026e-04   0.0000e+00   3.2908e+02
20260802_21:00:00   2.4259e+00   2.6893e+02   3.5306e+01   3.0645e-02   0.0000e+00   3.2991e+02
20260803_00:00:00   2.0721e+00   2.5804e+02   3.0294e+01   8.1081e-05   0.0000e+00   3.3252e+02
20260803_03:00:00   1.8883e+00   2.4760e+02   2.7153e+01   0.0000e+00   0.0000e+00   3.3606e+02
20260803_06:00:00   9.8992e-01   1.8340e+02   1.5070e+01   0.0000e+00   0.0000e+00   3.3787e+02
20260803_09:00:00   7.3676e-01   1.5239e+02   1.1631e+01   0.0000e+00   0.0000e+00   3.3393e+02
20260803_12:00:00   8.1407e-01   1.6240e+02   1.2767e+01   0.0000e+00   0.0000e+00   3.3104e+02
20260803_15:00:00   8.5600e-01   1.6785e+02   1.3976e+01   0.0000e+00   0.0000e+00   3.3234e+02
20260803_18:00:00   8.8173e-01   1.7200e+02   1.5039e+01   0.0000e+00   0.0000e+00   3.2939e+02
20260803_21:00:00   9.8921e-01   1.8404e+02   1.7529e+01   0.0000e+00   0.0000e+00   3.2722e+02
20260804_00:00:00   1.1511e+00   1.9916e+02   2.0694e+01   0.0000e+00   0.0000e+00   3.2757e+02
20260804_03:00:00   1.3189e+00   2.1274e+02   2.3218e+01   0.0000e+00   0.0000e+00   3.2497e+02
20260804_06:00:00   1.5091e+00   2.2572e+02   2.5830e+01   0.0000e+00   4.9200e-05   3.1945e+02
20260804_09:00:00   1.4573e+00   2.2232e+02   2.4630e+01   0.0000e+00   5.0900e-05   3.1833e+02
20260804_12:00:00   1.4289e+00   2.2060e+02   2.4125e+01   0.0000e+00   4.2540e-04   3.1370e+02
20260804_15:00:00   1.5038e+00   2.2676e+02   2.5296e+01   0.0000e+00   0.0000e+00   3.1174e+02
20260804_18:00:00   1.6044e+00   2.3450e+02   2.7238e+01   0.0000e+00   1.1018e-04   3.1114e+02
20260804_21:00:00   1.7152e+00   2.4181e+02   2.8951e+01   0.0000e+00   0.0000e+00   3.0898e+02
20260805_00:00:00   1.7124e+00   2.4112e+02   2.8492e+01   0.0000e+00   0.0000e+00   3.1036e+02
20260805_03:00:00   2.0972e+00   2.5799e+02   3.2343e+01   0.0000e+00   0.0000e+00   3.1187e+02
20260805_06:00:00   2.2180e+00   2.6183e+02   3.3826e+01   0.0000e+00   0.0000e+00   3.1208e+02
20260805_09:00:00   2.3047e+00   2.6453e+02   3.4792e+01   0.0000e+00   4.6200e-06   3.0980e+02
20260805_12:00:00   2.3044e+00   2.6484e+02   3.4817e+01   0.0000e+00   5.5202e-04   3.1189e+02
20260805_15:00:00   2.5215e+00   2.7236e+02   3.7596e+01   0.0000e+00   4.8025e-02   3.1206e+02
20260805_18:00:00   2.6565e+00   2.7665e+02   4.0218e+01   0.0000e+00   4.4055e-03   3.0998e+02
20260805_21:00:00   2.7504e+00   2.7924e+02   4.2115e+01   0.0000e+00   1.1657e-01   3.0793e+02
20260806_00:00:00   2.9163e+00   2.7954e+02   4.4225e+01   0.0000e+00   1.9896e-02   3.0732e+02
20260806_03:00:00   2.9096e+00   2.7715e+02   4.3663e+01   0.0000e+00   1.2289e-02   3.0804e+02
20260806_06:00:00   2.4969e+00   2.6868e+02   3.8310e+01   0.0000e+00   5.7528e-03   3.0798e+02
20260806_09:00:00   2.4339e+00   2.6695e+02   3.7533e+01   0.0000e+00   3.6958e-07   3.0740e+02
20260806_12:00:00   2.3228e+00   2.6330e+02   3.6505e+01   0.0000e+00   0.0000e+00   3.0840e+02
20260806_15:00:00   2.4316e+00   2.6780e+02   3.7696e+01   0.0000e+00   7.9760e-06   3.0898e+02
20260806_18:00:00   2.5042e+00   2.7105e+02   3.9317e+01   0.0000e+00   1.1770e-04   3.0796e+02
20260806_21:00:00   3.0506e+00   2.8248e+02   4.2242e+01   1.1786e-01   3.2253e-04   3.1084e+02
20260807_00:00:00   3.5885e+00   2.8667e+02   4.8768e+01   9.8532e-02   3.2358e-02   3.0539e+02
20260807_03:00:00   3.1065e+00   2.8010e+02   4.6599e+01   0.0000e+00   2.2589e-03   3.0630e+02
20260807_06:00:00   3.2548e+00   2.8129e+02   4.8337e+01   0.0000e+00   6.4583e-03   3.0672e+02
20260807_09:00:00   3.0758e+00   2.7928e+02   4.6666e+01   0.0000e+00   4.0747e-02   3.1017e+02
20260807_12:00:00   3.1432e+00   2.8040e+02   4.7287e+01   0.0000e+00   1.6276e-04   3.0665e+02
20260807_15:00:00   3.2058e+00   2.8331e+02   4.7301e+01   0.0000e+00   8.4660e-06   3.0647e+02
20260807_18:00:00   3.2537e+00   2.8556e+02   4.5188e+01   1.1165e-01   1.7754e-03   3.1176e+02
20260807_21:00:00   3.1571e+00   2.8520e+02   4.4602e+01   8.8940e-02   1.1496e-05   3.1338e+02
20260808_00:00:00   2.8025e+00   2.7931e+02   4.1349e+01   6.9060e-04   0.0000e+00   3.2065e+02
20260808_03:00:00   2.6557e+00   2.7604e+02   3.9398e+01   0.0000e+00   0.0000e+00   3.2043e+02
20260808_06:00:00   2.5867e+00   2.7445e+02   3.8688e+01   0.0000e+00   2.3260e-04   3.1291e+02
20260808_09:00:00   2.5769e+00   2.7397e+02   3.9268e+01   0.0000e+00   0.0000e+00   3.1128e+02
20260808_12:00:00   2.7773e+00   2.7792e+02   4.2335e+01   0.0000e+00   0.0000e+00   3.0975e+02
20260808_15:00:00   3.0063e+00   2.8325e+02   4.5705e+01   0.0000e+00   1.2898e-03   3.0729e+02
20260808_18:00:00   2.9536e+00   2.8411e+02   4.5471e+01   3.4760e-03   1.2748e-03   3.0656e+02
20260808_21:00:00   3.5305e+00   2.9148e+02   4.9460e+01   1.1676e-01   5.7825e-04   3.0638e+02
20260809_00:00:00   3.1348e+00   2.8683e+02   4.8976e+01   1.8852e-03   1.7296e-03   3.0853e+02
20260809_03:00:00   3.2940e+00   2.8761e+02   4.9639e+01   0.0000e+00   1.7162e-03   3.0692e+02
20260809_06:00:00   3.3187e+00   2.8770e+02   5.0496e+01   0.0000e+00   1.3045e-02   3.0434e+02
20260809_09:00:00   3.4353e+00   2.8720e+02   4.5260e+01   2.6332e-01   2.0816e-02   3.0573e+02
20260809_12:00:00   3.1465e+00   2.8404e+02   4.8154e+01   6.4593e-04   3.3611e-03   3.0573e+02
20260809_15:00:00   3.1331e+00   2.8588e+02   4.6907e+01   0.0000e+00   1.1774e-04   3.0585e+02
20260809_18:00:00   2.4495e+00   2.7548e+02   4.0122e+01   0.0000e+00   2.5140e-04   3.0635e+02
20260809_21:00:00   2.1256e+00   2.6242e+02   3.7771e+01   0.0000e+00   3.6066e-03   3.0610e+02
20260810_00:00:00   1.2032e+00   2.0924e+02   2.0218e+01   0.0000e+00   5.6936e-02   3.1019e+02
20260810_03:00:00   1.5892e+00   2.3571e+02   2.3835e+01   0.0000e+00   8.1898e-02   3.1252e+02
20260810_06:00:00   1.4564e+00   2.2644e+02   2.2281e+01   0.0000e+00   6.4920e-04   3.1264e+02
20260810_09:00:00   1.3333e+00   2.1618e+02   2.0908e+01   0.0000e+00   2.5193e-02   3.2019e+02
20260810_12:00:00   1.4955e+00   2.2651e+02   2.3379e+01   0.0000e+00   1.0382e-01   3.2251e+02
