#            date       tau255        Tb[K]      pwv[mm] lwp[kg*m^-2] iwp[kg*m^-2]       o3[DU]
20260913_18:00:00   3.6866e+00   2.8204e+02   4.6473e+01   1.9739e-01   8.8776e-01   2.9754e+02
20260913_19:00:00   3.2358e+00   2.7830e+02   4.3863e+01   9.8419e-02   6.2209e-01   2.9928e+02
20260913_20:00:00   3.0283e+00   2.7598e+02   3.9353e+01   1.2522e-01   2.6693e-01   3.0022e+02
20260913_21:00:00   2.8442e+00   2.7353e+02   3.3111e+01   1.7520e-01   3.3021e-04   3.0151e+02
20260913_22:00:00   2.6931e+00   2.7060e+02   3.2481e+01   1.1580e-01   0.0000e+00   3.0556e+02
20260913_23:00:00   2.2836e+00   2.6078e+02   3.0341e+01   2.6948e-02   0.0000e+00   3.0052e+02
20260914_00:00:00   2.2367e+00   2.5945e+02   3.0723e+01   1.1562e-02   2.9900e-05   2.9825e+02
20260914_01:00:00   2.3125e+00   2.6173e+02   3.1895e+01   1.9031e-02   4.8280e-06   2.9861e+02
20260914_02:00:00   2.4160e+00   2.6443e+02   3.4849e+01   3.6973e-04   1.4712e-05   2.9609e+02
20260914_03:00:00   2.5929e+00   2.6853e+02   3.7997e+01   0.0000e+00   8.6742e-05   2.9944e+02
20260914_04:00:00   2.7547e+00   2.7173e+02   4.0755e+01   0.0000e+00   5.6587e-02   3.0187e+02
20260914_05:00:00   2.7001e+00   2.7070e+02   4.0688e+01   0.0000e+00   2.6223e-02   3.0029e+02
20260914_06:00:00   2.6941e+00   2.7040e+02   3.9862e+01   0.0000e+00   6.8596e-03   3.0293e+02
20260914_07:00:00   2.4850e+00   2.6446e+02   3.7320e+01   0.0000e+00   5.1196e-03   3.0926e+02
20260914_08:00:00   2.4134e+00   2.6131e+02   3.3775e+01   1.0340e-01   1.2332e-03   3.1170e+02
20260914_09:00:00   2.1930e+00   2.5360e+02   3.0038e+01   1.2739e-01   1.7236e-03   3.1755e+02
20260914_10:00:00   2.0841e+00   2.4867e+02   2.6409e+01   1.7976e-01   1.4418e-01   3.2246e+02
20260914_11:00:00   1.6148e+00   2.2779e+02   2.2764e+01   7.3762e-02   2.0354e-02   3.2346e+02
20260914_12:00:00   1.0012e+00   1.8177e+02   1.5152e+01   0.0000e+00   0.0000e+00   3.2643e+02
20260914_13:00:00   8.2353e-01   1.6243e+02   1.1483e+01   0.0000e+00   0.0000e+00   3.3036e+02
20260914_14:00:00   8.4183e-01   1.6442e+02   1.2081e+01   0.0000e+00   0.0000e+00   3.2948e+02
20260914_15:00:00   8.5067e-01   1.6527e+02   1.2410e+01   0.0000e+00   0.0000e+00   3.3132e+02
20260914_16:00:00   7.9025e-01   1.5793e+02   1.1612e+01   0.0000e+00   0.0000e+00   3.3083e+02
20260914_17:00:00   7.4316e-01   1.5201e+02   1.1088e+01   0.0000e+00   0.0000e+00   3.2897e+02
20260914_18:00:00   7.5824e-01   1.5404e+02   1.1413e+01   0.0000e+00   0.0000e+00   3.2795e+02
20260914_19:00:00   7.6901e-01   1.5543e+02   1.1583e+01   0.0000e+00   0.0000e+00   3.2545e+02
20260914_20:00:00   7.7099e-01   1.5565e+02   1.1644e+01   0.0000e+00   0.0000e+00   3.2044e+02
20260914_21:00:00   8.0003e-01   1.5923e+02   1.2051e+01   0.0000e+00   0.0000e+00   3.1957e+02
20260914_22:00:00   8.0255e-01   1.5930e+02   1.2025e+01   0.0000e+00   0.0000e+00   3.2109e+02
20260914_23:00:00   7.8499e-01   1.5677e+02   1.1748e+01   0.0000e+00   0.0000e+00   3.1676e+02
20260915_00:00:00   7.6624e-01   1.5407e+02   1.1545e+01   0.0000e+00   0.0000e+00   3.1150e+02
20260915_01:00:00   7.7421e-01   1.5488e+02   1.1694e+01   0.0000e+00   0.0000e+00   3.0946e+02
20260915_02:00:00   7.5955e-01   1.5281e+02   1.1499e+01   0.0000e+00   0.0000e+00   3.0954e+02
20260915_03:00:00   7.4143e-01   1.5036e+02   1.1228e+01   0.0000e+00   0.0000e+00   3.1033e+02
20260915_04:00:00   7.8739e-01   1.5612e+02   1.1797e+01   0.0000e+00   0.0000e+00   3.1275e+02
20260915_05:00:00   7.9837e-01   1.5736e+02   1.1843e+01   0.0000e+00   0.0000e+00   3.0916e+02
20260915_06:00:00   8.0529e-01   1.5799e+02   1.1866e+01   0.0000e+00   0.0000e+00   3.0574e+02
20260915_07:00:00   7.9354e-01   1.5650e+02   1.1645e+01   0.0000e+00   0.0000e+00   3.0275e+02
20260915_08:00:00   7.7859e-01   1.5456e+02   1.1389e+01   0.0000e+00   0.0000e+00   3.0338e+02
20260915_09:00:00   7.7551e-01   1.5399e+02   1.1382e+01   0.0000e+00   0.0000e+00   3.0446e+02
20260915_10:00:00   7.7503e-01   1.5377e+02   1.1457e+01   0.0000e+00   0.0000e+00   3.0311e+02
20260915_11:00:00   7.8793e-01   1.5531e+02   1.1692e+01   0.0000e+00   0.0000e+00   3.0255e+02
20260915_12:00:00   8.0584e-01   1.5748e+02   1.1938e+01   0.0000e+00   0.0000e+00   3.0181e+02
20260915_13:00:00   8.1111e-01   1.5844e+02   1.2021e+01   0.0000e+00   0.0000e+00   2.9827e+02
20260915_14:00:00   7.9251e-01   1.5665e+02   1.1847e+01   0.0000e+00   0.0000e+00   2.9473e+02
20260915_15:00:00   8.0764e-01   1.5892e+02   1.2082e+01   0.0000e+00   4.5420e-07   2.9705e+02
20260915_16:00:00   8.1917e-01   1.6079e+02   1.2336e+01   0.0000e+00   5.1660e-05   2.9706e+02
20260915_17:00:00   8.0430e-01   1.5945e+02   1.2332e+01   0.0000e+00   1.1472e-06   2.9827e+02
20260915_18:00:00   7.9199e-01   1.5831e+02   1.2300e+01   0.0000e+00   4.5661e-05   2.9844e+02
20260915_19:00:00   8.1262e-01   1.6100e+02   1.2896e+01   0.0000e+00   4.8740e-05   2.9739e+02
20260915_20:00:00   8.8455e-01   1.6954e+02   1.4324e+01   0.0000e+00   1.9796e-04   2.9705e+02
20260915_21:00:00   9.5223e-01   1.7698e+02   1.5603e+01   0.0000e+00   3.0147e-03   2.9526e+02
20260915_22:00:00   1.0607e+00   1.8743e+02   1.7756e+01   0.0000e+00   6.2506e-03   2.9464e+02
20260915_23:00:00   1.0712e+00   1.8795e+02   1.8093e+01   0.0000e+00   8.4475e-04   2.9376e+02
20260916_00:00:00   1.2377e+00   2.0204e+02   2.1296e+01   0.0000e+00   4.5274e-04   2.9348e+02
20260916_01:00:00   1.5224e+00   2.2168e+02   2.5977e+01   0.0000e+00   7.1196e-05   2.9505e+02
20260916_02:00:00   1.6497e+00   2.2899e+02   2.7961e+01   0.0000e+00   7.2553e-05   2.9511e+02
20260916_03:00:00   1.7031e+00   2.3180e+02   2.8812e+01   0.0000e+00   1.8759e-05   2.9480e+02
20260916_04:00:00   1.7228e+00   2.3269e+02   2.8986e+01   7.8220e-04   3.3549e-05   2.9453e+02
20260916_05:00:00   1.7987e+00   2.3626e+02   2.9090e+01   2.9042e-02   6.7680e-05   2.9443e+02
20260916_06:00:00   1.6192e+00   2.2727e+02   2.7546e+01   4.6387e-04   4.2114e-05   2.9501e+02
20260916_07:00:00   1.5815e+00   2.2508e+02   2.7030e+01   0.0000e+00   0.0000e+00   2.9541e+02
20260916_08:00:00   1.6886e+00   2.3128e+02   2.8543e+01   1.4486e-05   2.2720e-07   2.9520e+02
20260916_09:00:00   1.8729e+00   2.4061e+02   3.0811e+01   5.0417e-03   1.8018e-05   2.9548e+02
20260916_10:00:00   2.0003e+00   2.4628e+02   3.2586e+01   1.4388e-03   9.7435e-04   2.9540e+02
20260916_11:00:00   2.2223e+00   2.5421e+02   3.3643e+01   6.2160e-02   2.9020e-03   2.9452e+02
20260916_12:00:00   2.7326e+00   2.6659e+02   3.5570e+01   2.0799e-01   3.4500e-03   2.9416e+02
20260916_13:00:00   2.2281e+00   2.5506e+02   3.5772e+01   8.2954e-03   4.7380e-04   2.9415e+02
20260916_14:00:00   2.2386e+00   2.5620e+02   3.6142e+01   0.0000e+00   0.0000e+00   2.9526e+02
20260916_15:00:00   2.3810e+00   2.6091e+02   3.8066e+01   0.0000e+00   1.8168e-07   2.9327e+02
20260916_16:00:00   2.3979e+00   2.6212e+02   3.8276e+01   2.4620e-04   9.4719e-04   2.9323e+02
20260916_17:00:00   2.5329e+00   2.6588e+02   3.9358e+01   2.4541e-02   4.5610e-03   2.9392e+02
20260916_18:00:00   2.6197e+00   2.6812e+02   4.0154e+01   3.0251e-02   5.6361e-03   2.9268e+02
20260916_19:00:00   2.5393e+00   2.6654e+02   3.9877e+01   2.3660e-04   2.2839e-03   2.9157e+02
20260916_20:00:00   2.5618e+00   2.6747e+02   3.9693e+01   4.1482e-03   6.1860e-04   2.9086e+02
20260916_21:00:00   2.6548e+00   2.6972e+02   3.9576e+01   3.4064e-02   1.1208e-05   2.9044e+02
20260916_22:00:00   2.6610e+00   2.7010e+02   4.0132e+01   2.1723e-02   0.0000e+00   2.8987e+02
20260916_23:00:00   2.6568e+00   2.7002e+02   4.0533e+01   1.0804e-02   0.0000e+00   2.9024e+02
20260917_00:00:00   2.6779e+00   2.7025e+02   4.1136e+01   0.0000e+00   7.9900e-05   2.9055e+02
20260917_01:00:00   2.6834e+00   2.7024e+02   4.1178e+01   0.0000e+00   1.1974e-03   2.9124e+02
20260917_02:00:00   2.6968e+00   2.7029e+02   4.0976e+01   0.0000e+00   1.4678e-03   2.9162e+02
20260917_03:00:00   2.6850e+00   2.6991e+02   4.0626e+01   0.0000e+00   7.8417e-06   2.9263e+02
20260917_04:00:00   2.6704e+00   2.6935e+02   4.0138e+01   0.0000e+00   1.9968e-03   2.9187e+02
20260917_05:00:00   2.6693e+00   2.6916e+02   4.0157e+01   1.6168e-06   1.6278e-03   2.9133e+02
20260917_06:00:00   2.7132e+00   2.6971e+02   4.0995e+01   0.0000e+00   3.9694e-03   2.8931e+02
20260917_07:00:00   2.7025e+00   2.6930e+02   4.0814e+01   0.0000e+00   1.0503e-03   2.8701e+02
20260917_08:00:00   2.6777e+00   2.6877e+02   4.0509e+01   4.8280e-06   8.4377e-05   2.8604e+02
20260917_09:00:00   2.7187e+00   2.6929e+02   4.1123e+01   0.0000e+00   0.0000e+00   2.8490e+02
20260917_10:00:00   2.7419e+00   2.6946e+02   4.1401e+01   2.3828e-03   0.0000e+00   2.8403e+02
20260917_11:00:00   2.8395e+00   2.7087e+02   4.2677e+01   3.0698e-03   0.0000e+00   2.8208e+02
20260917_12:00:00   3.0062e+00   2.7342e+02   4.4140e+01   2.4913e-02   2.2508e-04   2.8227e+02
20260917_13:00:00   3.1126e+00   2.7516e+02   4.5195e+01   3.4260e-02   1.1392e-04   2.8091e+02
20260917_14:00:00   3.3273e+00   2.7797e+02   4.5720e+01   9.7584e-02   4.3668e-04   2.8025e+02
20260917_15:00:00   3.3106e+00   2.7814e+02   4.7652e+01   3.4999e-02   1.4364e-02   2.8061e+02
20260917_16:00:00   3.7020e+00   2.8204e+02   4.9097e+01   1.4400e-01   3.7978e-02   2.8115e+02
20260917_17:00:00   4.8545e+00   2.8763e+02   5.0427e+01   5.5348e-01   5.3572e-02   2.8181e+02
20260917_18:00:00   9.0078e+00   2.8937e+02   5.0497e+01   2.1714e+00   1.3103e-01   2.8212e+02
20260917_19:00:00   7.3371e+00   2.8746e+02   5.1371e+01   1.5038e+00   1.8262e-01   2.8259e+02
20260917_20:00:00   7.1980e+00   2.8748e+02   5.0980e+01   1.4590e+00   2.0734e-01   2.8262e+02
20260917_21:00:00   4.6268e+00   2.8477e+02   4.9889e+01   4.3548e-01   1.0276e+00   2.8408e+02
20260917_22:00:00   4.8959e+00   2.8541e+02   4.7818e+01   5.9884e-01   2.5228e-01   2.8650e+02
20260917_23:00:00   4.2031e+00   2.8332e+02   4.4392e+01   3.9284e-01   3.2656e-03   2.8916e+02
20260918_00:00:00   5.1394e+00   2.8590e+02   4.2082e+01   7.9737e-01   2.7601e-03   2.9528e+02
20260918_01:00:00   4.4444e+00   2.8404e+02   4.0273e+01   5.7370e-01   9.0680e-06   2.9743e+02
20260918_02:00:00   3.3508e+00   2.7709e+02   3.7880e+01   2.1764e-01   0.0000e+00   2.9934e+02
20260918_03:00:00   2.8509e+00   2.7022e+02   3.5252e+01   1.0146e-01   0.0000e+00   3.0033e+02
20260918_04:00:00   2.4232e+00   2.6127e+02   3.3217e+01   1.6218e-03   0.0000e+00   3.0313e+02
20260918_05:00:00   2.1719e+00   2.5399e+02   3.0359e+01   9.2400e-07   0.0000e+00   3.0671e+02
20260918_06:00:00   1.8963e+00   2.4348e+02   2.7042e+01   0.0000e+00   0.0000e+00   3.1015e+02
20260918_07:00:00   1.6872e+00   2.3336e+02   2.4468e+01   0.0000e+00   0.0000e+00   3.1405e+02
20260918_08:00:00   1.6205e+00   2.2950e+02   2.3432e+01   0.0000e+00   0.0000e+00   3.1798e+02
20260918_09:00:00   1.5749e+00   2.2677e+02   2.2541e+01   6.6564e-05   0.0000e+00   3.2338e+02
20260918_10:00:00   1.5718e+00   2.2638e+02   2.1478e+01   2.1267e-02   0.0000e+00   3.2238e+02
20260918_11:00:00   1.5827e+00   2.2696e+02   2.1260e+01   3.1722e-02   0.0000e+00   3.1991e+02
20260918_12:00:00   1.4015e+00   2.1530e+02   2.0198e+01   4.0506e-03   0.0000e+00   3.2060e+02
20260918_13:00:00   1.2698e+00   2.0552e+02   1.8967e+01   0.0000e+00   0.0000e+00   3.2073e+02
20260918_14:00:00   1.2991e+00   2.0797e+02   1.9482e+01   0.0000e+00   0.0000e+00   3.1681e+02
20260918_15:00:00   1.2785e+00   2.0671e+02   1.9323e+01   0.0000e+00   0.0000e+00   3.1469e+02
20260918_16:00:00   1.2811e+00   2.0711e+02   1.9388e+01   0.0000e+00   0.0000e+00   3.0953e+02
20260918_17:00:00   1.2885e+00   2.0796e+02   1.9462e+01   6.6680e-04   0.0000e+00   3.0705e+02
20260918_18:00:00   1.2798e+00   2.0761e+02   1.9431e+01   1.0296e-03   0.0000e+00   3.0614e+02
20260918_21:00:00   1.4458e+00   2.1955e+02   2.0718e+01   3.4715e-02   4.7360e-04   3.0628e+02
20260919_00:00:00   1.3311e+00   2.1139e+02   1.9907e+01   5.7280e-04   1.5528e-03   3.0704e+02
20260919_03:00:00   1.2368e+00   2.0362e+02   1.8555e+01   0.0000e+00   2.9198e-02   3.0239e+02
20260919_06:00:00   1.1591e+00   1.9610e+02   1.8022e+01   0.0000e+00   5.9603e-03   2.9491e+02
20260919_09:00:00   1.1068e+00   1.9045e+02   1.7623e+01   0.0000e+00   1.2556e-03   2.8916e+02
20260919_12:00:00   1.1541e+00   1.9402e+02   1.8681e+01   0.0000e+00   2.1762e-03   2.9140e+02
20260919_15:00:00   1.1902e+00   1.9778e+02   1.9515e+01   0.0000e+00   1.6946e-03   2.9352e+02
20260919_18:00:00   1.4917e+00   2.2086e+02   2.4307e+01   2.9460e-04   5.7104e-02   2.9347e+02
20260919_21:00:00   2.6832e+00   2.6464e+02   3.3603e+01   2.4078e-01   2.8547e-01   2.9539e+02
20260920_00:00:00   5.0905e+00   2.8155e+02   3.6169e+01   1.1146e+00   1.0692e-01   2.8910e+02
20260920_03:00:00   5.0687e+00   2.8183e+02   3.6778e+01   1.0364e+00   6.3358e-03   2.8863e+02
20260920_06:00:00   5.8235e+00   2.8337e+02   3.9414e+01   1.2509e+00   1.8928e-01   2.9192e+02
20260920_09:00:00   7.6652e+00   2.8531e+02   4.2466e+01   1.8889e+00   1.3939e-01   2.9204e+02
20260920_12:00:00   3.6774e+00   2.7948e+02   3.7567e+01   3.8523e-01   2.2822e-03   2.9677e+02
20260920_15:00:00   4.0456e+00   2.8134e+02   2.8840e+01   7.4083e-01   2.6410e-04   2.9880e+02
20260920_18:00:00   1.5702e+00   2.2785e+02   2.0139e+01   3.4823e-02   8.9205e-03   2.9739e+02
20260920_21:00:00   1.3501e+00   2.1497e+02   1.8849e+01   0.0000e+00   9.8220e-06   3.0006e+02
20260921_00:00:00   1.0163e+00   1.8500e+02   1.4450e+01   0.0000e+00   9.8220e-06   2.9651e+02
20260921_03:00:00   7.9550e-01   1.5867e+02   1.1585e+01   0.0000e+00   4.7802e-04   2.9753e+02
20260921_06:00:00   8.3584e-01   1.6206e+02   1.1893e+01   0.0000e+00   6.1275e-02   2.9549e+02
20260921_09:00:00   7.4478e-01   1.4935e+02   1.0931e+01   2.2665e-04   1.5394e-05   2.9001e+02
20260921_12:00:00   6.6653e-01   1.3754e+02   1.0533e+01   0.0000e+00   4.6985e-03   2.9044e+02
20260921_15:00:00   7.9109e-01   1.5339e+02   1.3216e+01   0.0000e+00   3.0523e-02   2.8927e+02
20260921_18:00:00   8.8094e-01   1.6470e+02   1.5342e+01   0.0000e+00   9.7158e-03   2.8767e+02
20260921_21:00:00   1.0119e+00   1.7927e+02   1.7473e+01   6.1860e-05   6.3442e-04   2.8630e+02
20260922_00:00:00   1.2398e+00   1.9855e+02   2.0962e+01   1.4627e-02   8.8768e-02   2.8754e+02
20260922_03:00:00   2.8009e+00   2.6098e+02   2.6342e+01   5.1675e-01   1.4595e-01   2.8684e+02
20260922_06:00:00   3.4252e+00   2.6880e+02   2.8859e+01   6.9700e-01   3.9141e-02   2.9016e+02
20260922_09:00:00   3.9274e+00   2.7255e+02   3.0468e+01   8.5068e-01   1.5177e-01   2.8821e+02
20260922_12:00:00   4.3043e+00   2.7416e+02   3.4073e+01   8.7294e-01   1.8093e-01   2.8693e+02
20260922_15:00:00   4.4287e+00   2.7461e+02   3.4964e+01   8.7860e-01   3.1067e-01   2.8891e+02
20260922_18:00:00   4.3179e+00   2.7467e+02   3.6485e+01   7.8401e-01   3.6544e-01   2.9014e+02
20260922_21:00:00   5.1719e+00   2.7686e+02   3.7173e+01   1.1200e+00   3.9099e-01   2.9039e+02
20260923_00:00:00   4.9896e+00   2.7640e+02   3.7132e+01   1.0523e+00   1.7466e-01   2.8783e+02
20260923_03:00:00   4.5101e+00   2.7524e+02   3.6662e+01   8.7426e-01   8.5242e-02   2.8496e+02
20260923_06:00:00   4.5786e+00   2.7576e+02   3.7278e+01   8.8136e-01   1.4543e-01   2.8510e+02
20260923_09:00:00   4.3450e+00   2.7486e+02   3.7177e+01   7.8851e-01   3.5746e-01   2.8713e+02
20260923_12:00:00   5.1605e+00   2.7735e+02   3.8096e+01   1.0971e+00   3.2220e-01   2.8807e+02
20260923_15:00:00   5.3940e+00   2.7807e+02   3.8044e+01   1.1551e+00   1.3226e-01   2.9168e+02
20260923_18:00:00   4.4669e+00   2.7601e+02   3.8411e+01   7.7711e-01   6.7768e-01   2.9374e+02
20260923_21:00:00   5.3725e+00   2.7876e+02   3.8989e+01   1.1254e+00   5.3221e-01   2.9039e+02
20260924_00:00:00   5.8785e+00   2.8066e+02   3.8290e+01   1.3377e+00   6.6233e-01   2.9199e+02
20260924_03:00:00   3.8049e+00   2.7560e+02   3.2228e+01   6.2428e-01   1.1181e-01   2.9749e+02
20260924_06:00:00   4.8907e+00   2.8033e+02   2.9312e+01   1.0963e+00   0.0000e+00   3.0093e+02
20260924_09:00:00   4.2175e+00   2.7770e+02   3.1080e+01   7.9738e-01   0.0000e+00   2.9824e+02
20260924_12:00:00   4.3180e+00   2.7809e+02   2.9081e+01   8.7749e-01   0.0000e+00   3.0678e+02
20260924_15:00:00   5.4218e+00   2.8048e+02   2.8504e+01   1.3243e+00   0.0000e+00   3.0252e+02
20260924_18:00:00   4.6710e+00   2.7953e+02   2.6546e+01   1.0776e+00   0.0000e+00   2.9934e+02
20260924_21:00:00   3.6212e+00   2.7522e+02   2.6854e+01   6.6437e-01   0.0000e+00   2.9872e+02
20260925_00:00:00   3.6531e+00   2.7550e+02   2.7861e+01   6.5652e-01   0.0000e+00   2.9901e+02
20260925_03:00:00   3.4708e+00   2.7455e+02   2.6839e+01   6.1429e-01   0.0000e+00   3.0020e+02
20260925_06:00:00   3.8164e+00   2.7776e+02   2.8072e+01   7.2010e-01   1.4494e-04   3.0052e+02
20260925_09:00:00   4.7725e+00   2.8195e+02   2.8986e+01   1.0585e+00   2.5760e-03   3.0291e+02
20260925_12:00:00   5.2169e+00   2.8299e+02   2.7261e+01   1.2651e+00   1.3586e-02   3.0696e+02
20260925_15:00:00   4.5342e+00   2.8176e+02   2.6864e+01   1.0055e+00   2.6131e-03   3.0607e+02
20260925_18:00:00   4.0131e+00   2.8038e+02   2.6470e+01   8.0779e-01   5.8967e-03   3.0816e+02
20260925_21:00:00   3.5898e+00   2.7798e+02   2.6627e+01   6.5836e-01   8.6918e-05   3.0920e+02
20260926_00:00:00   3.4848e+00   2.7758e+02   3.1601e+01   4.8474e-01   4.1120e-04   3.1104e+02
20260926_03:00:00   3.3721e+00   2.7719e+02   3.4516e+01   3.7263e-01   3.5028e-02   3.0840e+02
20260926_06:00:00   4.2385e+00   2.8385e+02   4.1981e+01   5.0270e-01   3.8059e-01   3.0328e+02
20260926_09:00:00   4.9083e+00   2.8590e+02   4.1356e+01   7.6183e-01   9.1421e-02   2.9985e+02
20260926_12:00:00   4.4345e+00   2.8480e+02   3.9663e+01   6.4087e-01   2.0337e-01   3.0314e+02
20260926_15:00:00   4.0232e+00   2.8329e+02   4.1739e+01   4.3687e-01   3.4114e-01   3.0231e+02
20260926_18:00:00   4.5506e+00   2.8615e+02   4.3653e+01   5.8825e-01   3.6437e-01   3.0272e+02
20260926_21:00:00   6.0648e+00   2.8870e+02   4.3299e+01   1.1418e+00   3.5576e-01   3.0520e+02
20260927_00:00:00   4.0602e+00   2.8520e+02   4.1066e+01   4.3007e-01   1.4186e-01   3.0279e+02
20260927_03:00:00   4.1551e+00   2.8606e+02   3.6946e+01   5.4189e-01   1.0377e-01   3.0434e+02
20260927_06:00:00   3.7680e+00   2.8351e+02   3.0439e+01   5.6105e-01   4.0780e-05   3.0781e+02
20260927_09:00:00   1.6538e+00   2.3512e+02   2.1410e+01   3.7843e-02   0.0000e+00   3.1572e+02
20260927_12:00:00   2.3371e+00   2.5984e+02   2.2735e+01   2.5122e-01   0.0000e+00   3.1544e+02
20260927_15:00:00   1.5085e+00   2.2312e+02   1.9837e+01   2.3382e-02   0.0000e+00   3.1753e+02
20260927_18:00:00   1.4033e+00   2.1592e+02   1.9758e+01   6.4250e-03   0.0000e+00   3.1392e+02
20260927_21:00:00   1.2595e+00   2.0433e+02   1.8166e+01   0.0000e+00   0.0000e+00   3.1421e+02
20260928_00:00:00   1.2228e+00   2.0046e+02   1.8275e+01   0.0000e+00   0.0000e+00   3.1489e+02
20260928_03:00:00   1.2087e+00   1.9829e+02   1.8245e+01   0.0000e+00   0.0000e+00   3.1922e+02
20260928_06:00:00   1.2925e+00   2.0406e+02   1.9065e+01   0.0000e+00   5.8124e-03   3.3247e+02
20260928_09:00:00   2.0376e+00   2.4250e+02   2.1656e+01   2.3144e-01   3.8065e-04   3.2351e+02
20260928_12:00:00   1.9337e+00   2.3661e+02   1.9715e+01   2.4575e-01   6.3170e-04   3.1520e+02
20260928_15:00:00   1.0451e+00   1.8027e+02   1.3415e+01   5.8160e-02   3.4194e-04   3.1952e+02
20260928_18:00:00   6.1435e-01   1.2980e+02   8.7805e+00   0.0000e+00   0.0000e+00   3.2690e+02
20260928_21:00:00   5.8736e-01   1.2529e+02   8.4170e+00   0.0000e+00   5.6760e-05   3.3559e+02
20260929_00:00:00   5.7772e-01   1.2324e+02   8.2286e+00   0.0000e+00   2.0220e-06   3.3911e+02
20260929_03:00:00   5.9160e-01   1.2505e+02   8.3771e+00   0.0000e+00   6.1930e-06   3.4244e+02
20260929_06:00:00   6.1725e-01   1.2799e+02   9.2735e+00   0.0000e+00   4.0780e-06   3.3834e+02
20260929_09:00:00   6.2316e-01   1.2839e+02   9.8636e+00   0.0000e+00   0.0000e+00   3.4745e+02
20260929_12:00:00   6.2423e-01   1.2912e+02   9.8385e+00   0.0000e+00   0.0000e+00   3.4007e+02
20260929_15:00:00   4.8042e-01   1.0806e+02   7.3824e+00   0.0000e+00   0.0000e+00   3.3250e+02
20260929_18:00:00   4.5496e-01   1.0468e+02   6.9042e+00   0.0000e+00   0.0000e+00   3.3091e+02
