#            date       tau255        Tb[K]      pwv[mm] lwp[kg*m^-2] iwp[kg*m^-2]       o3[DU]
20260916_06:00:00   1.7655e+00   2.3559e+02   2.9238e+01   0.0000e+00   0.0000e+00   3.0011e+02
20260916_07:00:00   1.7215e+00   2.3350e+02   2.8587e+01   0.0000e+00   3.2071e-03   2.9952e+02
20260916_08:00:00   1.8710e+00   2.4056e+02   3.1228e+01   0.0000e+00   5.6982e-03   2.9910e+02
20260916_09:00:00   2.0632e+00   2.4829e+02   3.3424e+01   1.8786e-02   6.0987e-03   2.9916e+02
20260916_10:00:00   2.0862e+00   2.4950e+02   3.4253e+01   7.4323e-04   2.2884e-03   2.9963e+02
20260916_11:00:00   2.1729e+00   2.5296e+02   3.5050e+01   9.0840e-07   2.5281e-05   2.9959e+02
20260916_12:00:00   2.2862e+00   2.5704e+02   3.6253e+01   1.3519e-03   9.5380e-05   2.9886e+02
20260916_13:00:00   2.4794e+00   2.6274e+02   3.8224e+01   1.4986e-02   1.0822e-04   2.9617e+02
20260916_14:00:00   2.4512e+00   2.6260e+02   3.8311e+01   0.0000e+00   9.9760e-05   2.9437e+02
20260916_15:00:00   2.5168e+00   2.6504e+02   3.9171e+01   0.0000e+00   0.0000e+00   2.9127e+02
20260916_16:00:00   2.5487e+00   2.6654e+02   3.9483e+01   0.0000e+00   0.0000e+00   2.9272e+02
20260916_17:00:00   2.5266e+00   2.6700e+02   3.9023e+01   0.0000e+00   2.0220e-05   2.9414e+02
20260916_18:00:00   2.5558e+00   2.6832e+02   3.9579e+01   0.0000e+00   3.1295e-03   2.9440e+02
20260916_19:00:00   2.5019e+00   2.6769e+02   3.8555e+01   0.0000e+00   2.5990e-02   2.9346e+02
20260916_20:00:00   2.5233e+00   2.6849e+02   3.8385e+01   0.0000e+00   3.1591e-02   2.9376e+02
20260916_21:00:00   2.4220e+00   2.6639e+02   3.6434e+01   0.0000e+00   1.9616e-02   2.9218e+02
20260916_22:00:00   2.3521e+00   2.6475e+02   3.5117e+01   0.0000e+00   1.1364e-03   2.9162e+02
20260916_23:00:00   2.3126e+00   2.6364e+02   3.4521e+01   0.0000e+00   6.1124e-04   2.9256e+02
20260917_00:00:00   2.2709e+00   2.6224e+02   3.4008e+01   0.0000e+00   2.3829e-03   2.9016e+02
20260917_01:00:00   2.2247e+00   2.6070e+02   3.3456e+01   0.0000e+00   2.7100e-03   2.8716e+02
20260917_02:00:00   2.2729e+00   2.6193e+02   3.4235e+01   0.0000e+00   9.1180e-04   2.8885e+02
20260917_03:00:00   2.3590e+00   2.6418e+02   3.5425e+01   0.0000e+00   4.3160e-05   2.8813e+02
20260917_04:00:00   2.3744e+00   2.6434e+02   3.5693e+01   0.0000e+00   0.0000e+00   2.8844e+02
20260917_05:00:00   2.3522e+00   2.6348e+02   3.5271e+01   0.0000e+00   0.0000e+00   2.8935e+02
20260917_06:00:00   2.3495e+00   2.6302e+02   3.4895e+01   0.0000e+00   0.0000e+00   2.8829e+02
20260917_07:00:00   2.3360e+00   2.6224e+02   3.4513e+01   6.2600e-05   0.0000e+00   2.8510e+02
20260917_08:00:00   2.3554e+00   2.6233e+02   3.4747e+01   2.9100e-03   1.0198e-05   2.8304e+02
20260917_09:00:00   2.4022e+00   2.6327e+02   3.5549e+01   9.3540e-03   0.0000e+00   2.8288e+02
20260917_10:00:00   2.5237e+00   2.6581e+02   3.7088e+01   2.2120e-02   0.0000e+00   2.8289e+02
20260917_11:00:00   2.5457e+00   2.6600e+02   3.7908e+01   1.5930e-02   0.0000e+00   2.8523e+02
20260917_12:00:00   2.5157e+00   2.6523e+02   3.8111e+01   5.0740e-03   0.0000e+00   2.8766e+02
20260917_13:00:00   2.5119e+00   2.6531e+02   3.8264e+01   5.4340e-04   1.3279e-03   2.8862e+02
20260917_14:00:00   2.5919e+00   2.6733e+02   3.9447e+01   1.6417e-04   6.6720e-03   2.8873e+02
20260917_15:00:00   2.7329e+00   2.7051e+02   4.1592e+01   3.6522e-03   5.2981e-03   2.8836e+02
20260917_16:00:00   3.1687e+00   2.7741e+02   4.4158e+01   1.0439e-01   9.0675e-02   2.8668e+02
20260917_17:00:00   3.7614e+00   2.8296e+02   4.6742e+01   2.6144e-01   2.7197e-02   2.8612e+02
20260917_18:00:00   4.7452e+00   2.8726e+02   4.8545e+01   6.0755e-01   2.7497e-02   2.8602e+02
20260917_19:00:00   5.0077e+00   2.8818e+02   4.9681e+01   6.6196e-01   6.8712e-02   2.8544e+02
20260917_20:00:00   6.5028e+00   2.8968e+02   5.1005e+01   1.1889e+00   6.8681e-03   2.8375e+02
20260917_21:00:00   7.3129e+00   2.8961e+02   5.1043e+01   1.4797e+00   1.8559e-02   2.8082e+02
20260917_22:00:00   7.0427e+00   2.8911e+02   4.8936e+01   1.3790e+00   3.3872e-04   2.8116e+02
20260917_23:00:00   7.0010e+00   2.8903e+02   4.8191e+01   1.3778e+00   3.7020e-04   2.8155e+02
20260918_00:00:00   6.2075e+00   2.8872e+02   4.6736e+01   1.0915e+00   4.7200e-04   2.8248e+02
20260918_01:00:00   5.1902e+00   2.8776e+02   4.6312e+01   7.0814e-01   1.1544e-04   2.8406e+02
20260918_02:00:00   5.3218e+00   2.8783e+02   4.6742e+01   7.4876e-01   7.2382e-05   2.8717e+02
20260918_03:00:00   4.1633e+00   2.8496e+02   4.5272e+01   3.4117e-01   0.0000e+00   2.8679e+02
20260918_04:00:00   4.1083e+00   2.8475e+02   4.5011e+01   3.2471e-01   6.2180e-04   2.8617e+02
20260918_05:00:00   3.5408e+00   2.8113e+02   4.4594e+01   1.1916e-01   0.0000e+00   2.8499e+02
20260918_06:00:00   3.2191e+00   2.7799e+02   4.4196e+01   4.9740e-03   2.9140e-05   2.8564e+02
20260918_07:00:00   3.1667e+00   2.7736e+02   4.3452e+01   4.9680e-03   2.8981e-04   2.8654e+02
20260918_08:00:00   3.2880e+00   2.7858e+02   4.2414e+01   7.3769e-02   2.9880e-05   2.8886e+02
20260918_09:00:00   3.0521e+00   2.7577e+02   4.0859e+01   2.5118e-02   9.5620e-04   2.8969e+02
20260918_10:00:00   3.1241e+00   2.7655e+02   3.8181e+01   1.3109e-01   0.0000e+00   2.9169e+02
20260918_11:00:00   3.1233e+00   2.7633e+02   3.4622e+01   2.3597e-01   2.5400e-05   2.9427e+02
20260918_12:00:00   2.1714e+00   2.5655e+02   3.0091e+01   3.8723e-04   2.0682e-05   2.9713e+02
20260918_13:00:00   1.8659e+00   2.4504e+02   2.6067e+01   0.0000e+00   1.1931e-05   2.9737e+02
20260918_14:00:00   1.6920e+00   2.3684e+02   2.3336e+01   8.0801e-05   5.2826e-04   3.0026e+02
20260918_15:00:00   1.4807e+00   2.2445e+02   2.1084e+01   3.2420e-04   3.2161e-04   3.0356e+02
20260918_16:00:00   1.4173e+00   2.2002e+02   2.0909e+01   0.0000e+00   2.6296e-04   3.0631e+02
20260918_17:00:00   1.4096e+00   2.1933e+02   2.1116e+01   0.0000e+00   2.3900e-03   3.0168e+02
20260918_18:00:00   1.3604e+00   2.1574e+02   2.0505e+01   0.0000e+00   2.0760e-03   2.9789e+02
20260918_19:00:00   1.2267e+00   2.0517e+02   1.8508e+01   0.0000e+00   2.7762e-03   2.9753e+02
20260918_20:00:00   1.0326e+00   1.8703e+02   1.5585e+01   0.0000e+00   4.5595e-03   3.0050e+02
20260918_21:00:00   8.4521e-01   1.6577e+02   1.2913e+01   0.0000e+00   4.5284e-03   3.0262e+02
20260918_22:00:00   7.4082e-01   1.5202e+02   1.1452e+01   0.0000e+00   4.6782e-03   3.0318e+02
20260918_23:00:00   6.3834e-01   1.3715e+02   9.9994e+00   0.0000e+00   9.7030e-03   3.0447e+02
20260919_00:00:00   5.5776e-01   1.2415e+02   8.9306e+00   0.0000e+00   3.2706e-02   3.0442e+02
20260919_01:00:00   4.7057e-01   1.0855e+02   7.9658e+00   0.0000e+00   4.1777e-02   3.0546e+02
20260919_02:00:00   4.4267e-01   1.0282e+02   7.8182e+00   0.0000e+00   6.1027e-02   3.0438e+02
20260919_03:00:00   4.3144e-01   1.0074e+02   7.6288e+00   0.0000e+00   3.2090e-02   3.0382e+02
20260919_04:00:00   4.4446e-01   1.0290e+02   7.8474e+00   0.0000e+00   1.6649e-02   3.0358e+02
20260919_05:00:00   4.4905e-01   1.0383e+02   7.7522e+00   0.0000e+00   2.3013e-03   3.0039e+02
20260919_06:00:00   4.6373e-01   1.0628e+02   7.9346e+00   0.0000e+00   3.7061e-04   2.9781e+02
20260919_07:00:00   4.8443e-01   1.0960e+02   8.2461e+00   0.0000e+00   5.1200e-04   2.9769e+02
20260919_08:00:00   5.1124e-01   1.1386e+02   8.6394e+00   0.0000e+00   1.0840e-03   2.9601e+02
20260919_09:00:00   5.2711e-01   1.1634e+02   8.8330e+00   0.0000e+00   1.7794e-04   2.9544e+02
20260919_10:00:00   5.2685e-01   1.1635e+02   8.6504e+00   0.0000e+00   1.1020e-05   2.9501e+02
20260919_11:00:00   5.4411e-01   1.1891e+02   8.9231e+00   0.0000e+00   5.8158e-04   2.9528e+02
20260919_12:00:00   5.6474e-01   1.2201e+02   9.2356e+00   0.0000e+00   2.9944e-04   2.9548e+02
20260919_13:00:00   5.9050e-01   1.2592e+02   9.7292e+00   0.0000e+00   3.7945e-03   2.9586e+02
20260919_14:00:00   6.0974e-01   1.2893e+02   1.0071e+01   0.0000e+00   5.5005e-03   2.9569e+02
20260919_15:00:00   6.3672e-01   1.3309e+02   1.0538e+01   0.0000e+00   7.9605e-03   2.9479e+02
20260919_16:00:00   6.2561e-01   1.3176e+02   1.0462e+01   0.0000e+00   1.6824e-02   2.9438e+02
20260919_17:00:00   6.2839e-01   1.3240e+02   1.0597e+01   0.0000e+00   1.7506e-02   2.9466e+02
20260919_18:00:00   6.7562e-01   1.3921e+02   1.1494e+01   0.0000e+00   1.0815e-02   2.9533e+02
20260919_19:00:00   7.0410e-01   1.4342e+02   1.1880e+01   0.0000e+00   4.9065e-03   2.9447e+02
20260919_20:00:00   7.2605e-01   1.4642e+02   1.2325e+01   0.0000e+00   2.5470e-02   2.9501e+02
20260919_21:00:00   7.3674e-01   1.4806e+02   1.2429e+01   0.0000e+00   2.3826e-02   2.9575e+02
20260919_22:00:00   7.6968e-01   1.5220e+02   1.2901e+01   0.0000e+00   1.3926e-02   2.9468e+02
20260919_23:00:00   7.8635e-01   1.5416e+02   1.3053e+01   0.0000e+00   2.6250e-03   2.9345e+02
20260920_00:00:00   8.0465e-01   1.5637e+02   1.3277e+01   0.0000e+00   7.5622e-04   2.9149e+02
20260920_01:00:00   8.4242e-01   1.6085e+02   1.3738e+01   0.0000e+00   1.9048e-04   2.9114e+02
20260920_02:00:00   8.5857e-01   1.6296e+02   1.3745e+01   0.0000e+00   9.0798e-05   2.9205e+02
20260920_03:00:00   8.8368e-01   1.6583e+02   1.4123e+01   0.0000e+00   4.1900e-04   2.9090e+02
20260920_04:00:00   9.0586e-01   1.6816e+02   1.4587e+01   0.0000e+00   3.5818e-03   2.8931e+02
20260920_05:00:00   9.3525e-01   1.7118e+02   1.5037e+01   0.0000e+00   1.4943e-03   2.8995e+02
20260920_06:00:00   9.8609e-01   1.7629e+02   1.6020e+01   0.0000e+00   1.7498e-03   2.8979e+02
20260920_07:00:00   1.0809e+00   1.8519e+02   1.7729e+01   2.4261e-03   5.3067e-03   2.8959e+02
20260920_08:00:00   1.4460e+00   2.1304e+02   2.0916e+01   7.8778e-02   8.7458e-03   2.8839e+02
20260920_09:00:00   2.2305e+00   2.4805e+02   2.4227e+01   3.1251e-01   6.2307e-02   2.8785e+02
20260920_10:00:00   2.7725e+00   2.6098e+02   2.6790e+01   4.5922e-01   1.0368e-02   2.8917e+02
20260920_11:00:00   3.9128e+00   2.7265e+02   2.8333e+01   8.8858e-01   1.4148e-02   2.9016e+02
20260920_12:00:00   3.2861e+00   2.6828e+02   2.9980e+01   5.7648e-01   1.4328e-02   2.8974e+02
20260920_13:00:00   4.5577e+00   2.7569e+02   3.1824e+01   1.0517e+00   3.2936e-01   2.8939e+02
20260920_14:00:00   3.7655e+00   2.7277e+02   3.2157e+01   6.9814e-01   4.2417e-01   2.9020e+02
20260920_15:00:00   3.4020e+00   2.6985e+02   3.4054e+01   4.8580e-01   5.6719e-01   2.9058e+02
20260920_16:00:00   3.7316e+00   2.7248e+02   3.5457e+01   5.7058e-01   1.0177e+00   2.9043e+02
20260920_17:00:00   3.7952e+00   2.7341e+02   3.7092e+01   5.4444e-01   8.0829e-01   2.9211e+02
20260920_18:00:00   4.5207e+00   2.7717e+02   3.7800e+01   8.1679e-01   7.0306e-01   2.9331e+02
20260920_19:00:00   5.4318e+00   2.7974e+02   3.8451e+01   1.1615e+00   6.8392e-01   2.9463e+02
20260920_20:00:00   6.4907e+00   2.8133e+02   3.9164e+01   1.5601e+00   7.5986e-01   2.9471e+02
20260920_21:00:00   5.6212e+00   2.8108e+02   3.9501e+01   1.1949e+00   4.8314e-01   2.9363e+02
20260920_22:00:00   5.8059e+00   2.8202e+02   4.0336e+01   1.2455e+00   4.7255e-01   2.9280e+02
20260920_23:00:00   5.7103e+00   2.8313e+02   4.0400e+01   1.1635e+00   1.7503e-01   2.9381e+02
20260921_00:00:00   6.1101e+00   2.8386e+02   3.7202e+01   1.3720e+00   2.0477e-01   2.9384e+02
20260921_01:00:00   5.4919e+00   2.8315e+02   3.4263e+01   1.1988e+00   1.7400e-01   2.9402e+02
20260921_02:00:00   4.8427e+00   2.8167e+02   3.0971e+01   1.0208e+00   3.3584e-02   2.9617e+02
20260921_03:00:00   4.3456e+00   2.8009e+02   2.8202e+01   8.8738e-01   3.3284e-03   2.9845e+02
20260921_04:00:00   3.9600e+00   2.7803e+02   2.5756e+01   8.0217e-01   2.4456e-03   2.9919e+02
20260921_05:00:00   3.3724e+00   2.7334e+02   2.2586e+01   6.6385e-01   1.1510e-05   2.9995e+02
20260921_06:00:00   2.7629e+00   2.6491e+02   1.9513e+01   5.1292e-01   2.9427e-05   2.9945e+02
20260921_09:00:00   1.4300e+00   2.1533e+02   1.5174e+01   1.1960e-01   8.9840e-04   2.9788e+02
20260921_12:00:00   8.4325e-01   1.6208e+02   1.2057e+01   0.0000e+00   9.8407e-04   2.9251e+02
20260921_15:00:00   8.0010e-01   1.5700e+02   1.1923e+01   0.0000e+00   5.5777e-03   2.9039e+02
20260921_18:00:00   8.1699e-01   1.5919e+02   1.3093e+01   0.0000e+00   1.0581e-02   2.8694e+02
20260921_21:00:00   8.9744e-01   1.6865e+02   1.4410e+01   0.0000e+00   5.1451e-02   2.8611e+02
20260922_00:00:00   1.0219e+00   1.8061e+02   1.6787e+01   0.0000e+00   4.9750e-02   2.8839e+02
20260922_03:00:00   1.1884e+00   1.9517e+02   1.9330e+01   1.1000e-03   8.5624e-02   2.9079e+02
20260922_06:00:00   1.5465e+00   2.1920e+02   2.2318e+01   8.5880e-02   1.0268e-01   2.9025e+02
20260922_09:00:00   1.1293e+00   1.8925e+02   1.9006e+01   0.0000e+00   3.4912e-02   2.9368e+02
20260922_12:00:00   9.4525e-01   1.7158e+02   1.5271e+01   0.0000e+00   1.4952e-02   2.9736e+02
20260922_15:00:00   1.0126e+00   1.7852e+02   1.6481e+01   0.0000e+00   2.4980e-01   2.9557e+02
20260922_18:00:00   1.0149e+00   1.7959e+02   1.6802e+01   0.0000e+00   1.4217e-05   2.9613e+02
20260922_21:00:00   1.0265e+00   1.8092e+02   1.6912e+01   0.0000e+00   0.0000e+00   2.9704e+02
20260923_00:00:00   9.5247e-01   1.7274e+02   1.5820e+01   0.0000e+00   0.0000e+00   2.9543e+02
20260923_03:00:00   1.0592e+00   1.8352e+02   1.7375e+01   1.3628e-05   9.1420e-04   2.9466e+02
20260923_06:00:00   1.2185e+00   1.9743e+02   1.9618e+01   5.0081e-03   8.5071e-03   2.9595e+02
20260923_09:00:00   1.4642e+00   2.1476e+02   2.4000e+01   0.0000e+00   4.2900e-02   2.9610e+02
20260923_12:00:00   2.0609e+00   2.4340e+02   2.9623e+01   8.1636e-02   5.2330e-01   2.9938e+02
20260923_15:00:00   3.7245e+00   2.7299e+02   3.3768e+01   6.2471e-01   3.6468e-01   2.9932e+02
20260923_18:00:00   5.1738e+00   2.7930e+02   3.4048e+01   1.1786e+00   2.1176e-02   2.9951e+02
20260923_21:00:00   4.2138e+00   2.7758e+02   3.2978e+01   7.8242e-01   5.7693e-04   3.0059e+02
20260924_00:00:00   3.1559e+00   2.7018e+02   3.1772e+01   3.7704e-01   1.9549e-03   3.0289e+02
20260924_03:00:00   3.7005e+00   2.7571e+02   3.2632e+01   5.5931e-01   2.5454e-02   3.0867e+02
20260924_06:00:00   3.9503e+00   2.7703e+02   3.1420e+01   6.9753e-01   6.3860e-03   3.1182e+02
20260924_09:00:00   4.6306e+00   2.8031e+02   2.7530e+01   1.0370e+00   1.7972e-05   3.0912e+02
20260924_12:00:00   1.5674e+00   2.2511e+02   2.1823e+01   4.7340e-04   6.7600e-05   3.1798e+02
20260924_15:00:00   1.1734e+00   1.9742e+02   1.7308e+01   0.0000e+00   8.2220e-04   3.1396e+02
20260924_18:00:00   1.1716e+00   1.9749e+02   1.8249e+01   0.0000e+00   1.3478e-04   3.1352e+02
20260924_21:00:00   1.2641e+00   2.0499e+02   1.9466e+01   3.9280e-04   0.0000e+00   3.1766e+02
20260925_00:00:00   1.1726e+00   1.9653e+02   1.8814e+01   0.0000e+00   0.0000e+00   3.1677e+02
20260925_03:00:00   1.1277e+00   1.9209e+02   1.9170e+01   0.0000e+00   5.6000e-06   3.1387e+02
20260925_06:00:00   1.2888e+00   2.0559e+02   2.1720e+01   0.0000e+00   0.0000e+00   3.1146e+02
20260925_09:00:00   1.2840e+00   2.0593e+02   2.1302e+01   0.0000e+00   0.0000e+00   3.0920e+02
20260925_12:00:00   1.4826e+00   2.2078e+02   2.3943e+01   0.0000e+00   0.0000e+00   3.1038e+02
20260925_15:00:00   1.5837e+00   2.2959e+02   2.4626e+01   0.0000e+00   0.0000e+00   3.0507e+02
20260925_18:00:00   2.1688e+00   2.5710e+02   3.2473e+01   1.6304e-03   1.4864e-04   3.0467e+02
20260925_21:00:00   3.6093e+00   2.8154e+02   3.7132e+01   3.9938e-01   1.8747e-02   3.0633e+02
20260926_00:00:00   1.6883e+00   2.3455e+02   2.6250e+01   3.0540e-04   7.6496e-05   3.0775e+02
20260926_03:00:00   1.2600e+00   2.0443e+02   1.9165e+01   0.0000e+00   0.0000e+00   3.1475e+02
20260926_06:00:00   9.1797e-01   1.7056e+02   1.3979e+01   0.0000e+00   4.7417e-04   3.1809e+02
20260926_09:00:00   7.3763e-01   1.4728e+02   1.1163e+01   0.0000e+00   6.5436e-04   3.1946e+02
20260926_12:00:00   5.4639e-01   1.1973e+02   8.1104e+00   0.0000e+00   4.8257e-05   3.2477e+02
20260926_15:00:00   4.4372e-01   1.0305e+02   6.4849e+00   0.0000e+00   0.0000e+00   3.2440e+02
20260926_18:00:00   4.7286e-01   1.0876e+02   7.0567e+00   0.0000e+00   0.0000e+00   3.2247e+02
20260926_21:00:00   5.5016e-01   1.2157e+02   8.4453e+00   0.0000e+00   0.0000e+00   3.1908e+02
20260927_00:00:00   5.0139e-01   1.1339e+02   7.6266e+00   0.0000e+00   0.0000e+00   3.1973e+02
20260927_03:00:00   4.4499e-01   1.0341e+02   6.8974e+00   0.0000e+00   0.0000e+00   3.2213e+02
20260927_06:00:00   4.4116e-01   1.0240e+02   7.0071e+00   0.0000e+00   0.0000e+00   3.1724e+02
20260927_09:00:00   4.8110e-01   1.0900e+02   7.8894e+00   0.0000e+00   0.0000e+00   3.1808e+02
20260927_12:00:00   5.6658e-01   1.2266e+02   9.3440e+00   0.0000e+00   0.0000e+00   3.1626e+02
20260927_15:00:00   6.4331e-01   1.3471e+02   1.0626e+01   0.0000e+00   0.0000e+00   3.1665e+02
20260927_18:00:00   7.0075e-01   1.4340e+02   1.1803e+01   0.0000e+00   0.0000e+00   3.1627e+02
20260927_21:00:00   7.8189e-01   1.5435e+02   1.3122e+01   0.0000e+00   0.0000e+00   3.1438e+02
20260928_00:00:00   8.3447e-01   1.6064e+02   1.3970e+01   0.0000e+00   0.0000e+00   3.1834e+02
20260928_03:00:00   9.0047e-01   1.6809e+02   1.4801e+01   0.0000e+00   0.0000e+00   3.1546e+02
20260928_06:00:00   8.9810e-01   1.6798e+02   1.4639e+01   0.0000e+00   0.0000e+00   3.1762e+02
20260928_09:00:00   8.8826e-01   1.6659e+02   1.4623e+01   0.0000e+00   0.0000e+00   3.1517e+02
20260928_12:00:00   9.1863e-01   1.6968e+02   1.5224e+01   0.0000e+00   9.6560e-06   3.1305e+02
20260928_15:00:00   9.6595e-01   1.7533e+02   1.5905e+01   0.0000e+00   3.2125e-03   3.1184e+02
20260928_18:00:00   9.7323e-01   1.7717e+02   1.6184e+01   0.0000e+00   8.7619e-03   3.0988e+02
20260928_21:00:00   1.0151e+00   1.8202e+02   1.7004e+01   0.0000e+00   2.4440e-04   3.0600e+02
20260929_00:00:00   1.0214e+00   1.8211e+02   1.6945e+01   0.0000e+00   0.0000e+00   3.0348e+02
20260929_03:00:00   1.0304e+00   1.8276e+02   1.7209e+01   0.0000e+00   0.0000e+00   3.0231e+02
20260929_06:00:00   1.0475e+00   1.8413e+02   1.7488e+01   0.0000e+00   0.0000e+00   2.9715e+02
20260929_09:00:00   1.0091e+00   1.8027e+02   1.7220e+01   0.0000e+00   0.0000e+00   2.9371e+02
20260929_12:00:00   9.8175e-01   1.7739e+02   1.6894e+01   0.0000e+00   0.0000e+00   2.9277e+02
20260929_15:00:00   9.9389e-01   1.7942e+02   1.7081e+01   0.0000e+00   0.0000e+00   2.9241e+02
20260929_18:00:00   9.9057e-01   1.8021e+02   1.7190e+01   0.0000e+00   1.3860e-06   2.9220e+02
20260929_21:00:00   1.0115e+00   1.8283e+02   1.7407e+01   0.0000e+00   0.0000e+00   2.9190e+02
20260930_00:00:00   9.5732e-01   1.7684e+02   1.6179e+01   0.0000e+00   0.0000e+00   2.8964e+02
20260930_03:00:00   7.7855e-01   1.5563e+02   1.2609e+01   0.0000e+00   3.3080e-04   2.8774e+02
20260930_06:00:00   7.7967e-01   1.5595e+02   1.2501e+01   0.0000e+00   0.0000e+00   2.8647e+02
20260930_09:00:00   1.3660e+00   2.1278e+02   2.2878e+01   0.0000e+00   0.0000e+00   2.8042e+02
20260930_12:00:00   2.1280e+00   2.5110e+02   3.3334e+01   0.0000e+00   1.0031e-04   2.8157e+02
20260930_15:00:00   2.4206e+00   2.6019e+02   3.7308e+01   0.0000e+00   7.4722e-03   2.7969e+02
20260930_18:00:00   2.9874e+00   2.7330e+02   3.9766e+01   1.2767e-01   8.2314e-04   2.8051e+02
20260930_21:00:00   5.2425e+00   2.8397e+02   3.8705e+01   1.0271e+00   1.1768e-02   2.8438e+02
20261001_00:00:00   2.4100e+00   2.5854e+02   3.4675e+01   4.8436e-02   1.7501e-02   2.9117e+02
20261001_03:00:00   1.5607e+00   2.2403e+02   2.4656e+01   0.0000e+00   5.2650e-03   2.9763e+02
20261001_06:00:00   1.1723e+00   1.9615e+02   1.7816e+01   0.0000e+00   2.7249e-03   2.9782e+02
20261001_09:00:00   1.2142e+00   1.9874e+02   1.8396e+01   0.0000e+00   3.5156e-02   2.9570e+02
20261001_12:00:00   1.1748e+00   1.9442e+02   1.7966e+01   0.0000e+00   3.3136e-01   2.9746e+02
20261001_15:00:00   1.4779e+00   2.1593e+02   2.1251e+01   2.2390e-02   4.8295e-01   2.9544e+02
20261001_18:00:00   3.0465e+00   2.6613e+02   2.1262e+01   6.3797e-01   2.8862e-01   2.9600e+02
20261001_21:00:00   3.7932e+00   2.7184e+02   1.8035e+01   1.0248e+00   1.2742e-01   3.0272e+02
20261002_00:00:00   1.5443e+00   2.1917e+02   1.5784e+01   1.7014e-01   7.7805e-02   3.0649e+02
20261002_03:00:00   9.1797e-01   1.6892e+02   1.2841e+01   2.7344e-03   1.2399e-02   3.1064e+02
20261002_06:00:00   7.9612e-01   1.5442e+02   1.1381e+01   5.4839e-04   1.2767e-03   3.1324e+02
