#            date       tau255        Tb[K]      pwv[mm] lwp[kg*m^-2] iwp[kg*m^-2]       o3[DU]
20260828_18:00:00   3.1383e+00   2.8042e+02   3.6728e+01   2.2681e-01   2.5820e-05   3.1333e+02
20260828_19:00:00   3.2957e+00   2.8177e+02   3.7741e+01   2.6280e-01   3.2096e-03   3.1303e+02
20260828_20:00:00   2.9335e+00   2.7649e+02   3.7976e+01   1.1405e-01   2.3036e-03   3.1276e+02
20260828_21:00:00   2.5970e+00   2.7028e+02   3.7076e+01   0.0000e+00   9.7750e-04   3.1304e+02
20260828_22:00:00   2.4738e+00   2.6747e+02   3.5296e+01   0.0000e+00   4.6201e-05   3.1285e+02
20260828_23:00:00   2.2599e+00   2.6145e+02   3.2403e+01   0.0000e+00   0.0000e+00   3.1243e+02
20260829_00:00:00   2.0463e+00   2.5404e+02   2.9513e+01   0.0000e+00   0.0000e+00   3.1231e+02
20260829_01:00:00   1.8786e+00   2.4677e+02   2.7100e+01   0.0000e+00   2.1001e-03   3.1088e+02
20260829_02:00:00   1.6666e+00   2.3580e+02   2.4080e+01   0.0000e+00   8.2080e-05   3.1188e+02
20260829_03:00:00   1.5553e+00   2.2868e+02   2.2436e+01   0.0000e+00   1.0278e-03   3.1373e+02
20260829_04:00:00   1.4003e+00   2.1804e+02   2.0537e+01   0.0000e+00   3.7280e-04   3.1565e+02
20260829_05:00:00   1.2459e+00   2.0604e+02   1.8525e+01   0.0000e+00   0.0000e+00   3.1752e+02
20260829_06:00:00   1.1122e+00   1.9393e+02   1.6757e+01   0.0000e+00   0.0000e+00   3.1755e+02
20260829_07:00:00   9.7118e-01   1.7948e+02   1.4939e+01   0.0000e+00   0.0000e+00   3.1663e+02
20260829_08:00:00   8.4288e-01   1.6460e+02   1.3197e+01   0.0000e+00   0.0000e+00   3.1733e+02
20260829_09:00:00   7.7111e-01   1.5556e+02   1.2022e+01   0.0000e+00   0.0000e+00   3.1962e+02
20260829_10:00:00   7.2441e-01   1.4935e+02   1.1059e+01   0.0000e+00   0.0000e+00   3.2179e+02
20260829_11:00:00   6.9569e-01   1.4536e+02   1.0453e+01   0.0000e+00   0.0000e+00   3.2322e+02
20260829_12:00:00   7.1181e-01   1.4759e+02   1.0661e+01   0.0000e+00   0.0000e+00   3.2422e+02
20260829_13:00:00   7.3624e-01   1.5105e+02   1.1018e+01   0.0000e+00   0.0000e+00   3.2518e+02
20260829_14:00:00   7.4850e-01   1.5295e+02   1.1257e+01   0.0000e+00   0.0000e+00   3.2671e+02
20260829_15:00:00   7.5807e-01   1.5451e+02   1.1492e+01   0.0000e+00   0.0000e+00   3.2550e+02
20260829_16:00:00   7.9403e-01   1.5936e+02   1.2096e+01   0.0000e+00   0.0000e+00   3.2247e+02
20260829_17:00:00   8.0501e-01   1.6107e+02   1.2440e+01   0.0000e+00   0.0000e+00   3.2097e+02
20260829_18:00:00   8.5796e-01   1.6770e+02   1.3344e+01   0.0000e+00   0.0000e+00   3.1922e+02
20260829_19:00:00   8.5571e-01   1.6771e+02   1.3466e+01   0.0000e+00   0.0000e+00   3.1878e+02
20260829_20:00:00   8.6438e-01   1.6890e+02   1.3693e+01   0.0000e+00   0.0000e+00   3.1648e+02
20260829_21:00:00   9.2211e-01   1.7561e+02   1.4565e+01   0.0000e+00   0.0000e+00   3.1658e+02
20260829_22:00:00   9.9488e-01   1.8353e+02   1.5652e+01   0.0000e+00   6.7014e-04   3.1914e+02
20260829_23:00:00   1.0486e+00   1.8885e+02   1.6549e+01   0.0000e+00   2.7906e-02   3.2160e+02
20260830_00:00:00   1.0691e+00   1.9056e+02   1.6799e+01   0.0000e+00   6.4674e-06   3.2220e+02
20260830_01:00:00   1.0226e+00   1.8583e+02   1.6158e+01   0.0000e+00   9.2620e-04   3.1999e+02
20260830_02:00:00   9.6322e-01   1.7940e+02   1.5528e+01   0.0000e+00   1.7779e-03   3.1729e+02
20260830_03:00:00   1.0160e+00   1.8462e+02   1.6462e+01   0.0000e+00   3.8135e-04   3.1587e+02
20260830_04:00:00   1.0639e+00   1.8917e+02   1.7351e+01   0.0000e+00   2.5848e-05   3.1431e+02
20260830_05:00:00   1.1388e+00   1.9609e+02   1.8568e+01   0.0000e+00   1.6411e-05   3.1323e+02
20260830_06:00:00   1.1558e+00   1.9741e+02   1.9083e+01   0.0000e+00   1.4829e-02   3.1293e+02
20260830_07:00:00   1.2089e+00   2.0162e+02   2.0227e+01   0.0000e+00   6.8668e-04   3.1225e+02
20260830_08:00:00   1.3128e+00   2.0968e+02   2.2094e+01   0.0000e+00   1.8346e-03   3.1185e+02
20260830_09:00:00   1.4486e+00   2.1920e+02   2.4263e+01   0.0000e+00   1.5198e-02   3.1105e+02
20260830_10:00:00   1.5677e+00   2.2670e+02   2.6060e+01   0.0000e+00   4.0263e-02   3.1211e+02
20260830_11:00:00   1.6028e+00   2.2907e+02   2.6434e+01   0.0000e+00   3.2078e-02   3.1311e+02
20260830_12:00:00   1.6236e+00   2.3051e+02   2.6687e+01   0.0000e+00   2.2716e-02   3.1271e+02
20260830_13:00:00   1.5646e+00   2.2763e+02   2.5674e+01   0.0000e+00   5.9513e-03   3.1156e+02
20260830_14:00:00   1.6446e+00   2.3253e+02   2.6872e+01   0.0000e+00   1.1086e-03   3.1019e+02
20260830_15:00:00   1.6725e+00   2.3441e+02   2.7517e+01   0.0000e+00   1.8337e-03   3.0888e+02
20260830_16:00:00   1.7182e+00   2.3710e+02   2.8562e+01   0.0000e+00   2.9930e-03   3.0721e+02
20260830_17:00:00   2.7308e+00   2.6986e+02   3.5376e+01   2.0132e-01   2.4237e-02   3.0647e+02
20260830_18:00:00   2.6611e+00   2.6863e+02   3.7686e+01   1.0792e-01   7.5695e-02   3.0736e+02
20260830_19:00:00   2.7919e+00   2.7134e+02   3.8275e+01   1.3994e-01   3.5668e-02   3.0633e+02
20260830_20:00:00   4.1658e+00   2.8404e+02   3.9947e+01   6.4959e-01   2.5369e-01   3.0659e+02
20260830_21:00:00   4.5211e+00   2.8394e+02   3.8528e+01   8.5006e-01   3.8454e-01   3.0833e+02
20260830_22:00:00   3.3239e+00   2.7603e+02   3.5545e+01   4.5825e-01   1.1143e-01   3.1051e+02
20260830_23:00:00   2.8128e+00   2.6997e+02   3.6773e+01   1.8394e-01   2.9258e-02   3.1263e+02
20260831_00:00:00   2.8427e+00   2.7048e+02   3.5719e+01   2.1214e-01   6.4567e-02   3.1383e+02
20260831_01:00:00   2.4798e+00   2.6373e+02   3.5177e+01   5.1294e-02   9.7457e-03   3.1535e+02
20260831_02:00:00   2.3588e+00   2.6072e+02   3.4047e+01   1.4340e-02   1.5871e-03   3.1479e+02
20260831_03:00:00   2.2873e+00   2.5871e+02   3.2943e+01   0.0000e+00   6.0841e-04   3.1571e+02
20260831_04:00:00   2.1754e+00   2.5527e+02   3.1194e+01   0.0000e+00   2.0021e-03   3.1751e+02
20260831_05:00:00   2.1109e+00   2.5297e+02   3.0308e+01   0.0000e+00   2.0803e-04   3.1693e+02
20260831_06:00:00   2.0416e+00   2.5050e+02   2.9408e+01   0.0000e+00   4.8298e-04   3.1682e+02
20260831_07:00:00   1.9723e+00   2.4795e+02   2.8629e+01   0.0000e+00   6.3820e-04   3.1645e+02
20260831_08:00:00   1.8562e+00   2.4320e+02   2.7375e+01   0.0000e+00   1.0006e-04   3.1619e+02
20260831_09:00:00   1.7647e+00   2.3889e+02   2.6384e+01   0.0000e+00   0.0000e+00   3.1540e+02
20260831_10:00:00   1.6972e+00   2.3549e+02   2.5430e+01   0.0000e+00   0.0000e+00   3.1687e+02
20260831_11:00:00   1.7025e+00   2.3568e+02   2.5243e+01   0.0000e+00   0.0000e+00   3.1919e+02
20260831_12:00:00   1.6701e+00   2.3424e+02   2.4526e+01   0.0000e+00   0.0000e+00   3.1937e+02
20260831_13:00:00   1.6110e+00   2.3137e+02   2.3458e+01   0.0000e+00   0.0000e+00   3.1948e+02
20260831_14:00:00   1.5420e+00   2.2780e+02   2.2414e+01   0.0000e+00   0.0000e+00   3.2076e+02
20260831_15:00:00   1.4266e+00   2.2091e+02   2.0944e+01   0.0000e+00   0.0000e+00   3.1972e+02
20260831_16:00:00   1.3943e+00   2.1896e+02   2.0572e+01   0.0000e+00   0.0000e+00   3.2063e+02
20260831_17:00:00   1.3861e+00   2.1859e+02   2.0529e+01   0.0000e+00   0.0000e+00   3.2014e+02
20260831_18:00:00   1.3793e+00   2.1839e+02   2.0703e+01   0.0000e+00   0.0000e+00   3.1847e+02
20260831_19:00:00   1.4429e+00   2.2293e+02   2.1772e+01   0.0000e+00   0.0000e+00   3.1652e+02
20260831_20:00:00   1.4617e+00   2.2443e+02   2.2142e+01   9.9320e-06   0.0000e+00   3.1686e+02
20260831_21:00:00   1.4805e+00   2.2580e+02   2.2420e+01   3.0140e-04   0.0000e+00   3.1533e+02
20260831_22:00:00   1.5090e+00   2.2774e+02   2.2476e+01   8.1960e-03   2.4040e-05   3.1381e+02
20260831_23:00:00   1.5783e+00   2.3169e+02   2.3363e+01   4.0880e-04   0.0000e+00   3.1265e+02
20260901_00:00:00   1.6722e+00   2.3626e+02   2.4178e+01   0.0000e+00   0.0000e+00   3.1272e+02
20260901_01:00:00   1.7711e+00   2.4093e+02   2.5516e+01   0.0000e+00   2.9880e-05   3.1286e+02
20260901_02:00:00   1.7535e+00   2.3975e+02   2.5410e+01   0.0000e+00   1.1434e-03   3.1222e+02
20260901_03:00:00   1.7681e+00   2.4022e+02   2.5902e+01   0.0000e+00   5.8055e-03   3.1173e+02
20260901_04:00:00   1.7779e+00   2.4051e+02   2.6172e+01   0.0000e+00   1.4656e-02   3.1155e+02
20260901_05:00:00   1.8224e+00   2.4238e+02   2.6711e+01   0.0000e+00   3.8515e-02   3.1060e+02
20260901_06:00:00   1.9165e+00   2.4606e+02   2.8077e+01   0.0000e+00   4.7625e-02   3.1044e+02
20260901_07:00:00   1.9366e+00   2.4667e+02   2.8372e+01   0.0000e+00   8.6074e-02   3.1023e+02
20260901_08:00:00   2.0195e+00   2.4962e+02   2.9536e+01   0.0000e+00   1.6754e-01   3.0920e+02
20260901_09:00:00   2.0850e+00   2.5192e+02   3.0337e+01   0.0000e+00   4.7824e-02   3.0887e+02
20260901_10:00:00   2.1271e+00   2.5327e+02   3.0620e+01   0.0000e+00   7.6041e-03   3.1157e+02
20260901_11:00:00   2.1840e+00   2.5501e+02   3.1136e+01   6.8140e-07   1.1090e-02   3.1174e+02
20260901_12:00:00   2.1830e+00   2.5524e+02   3.0920e+01   1.1582e-05   4.7667e-02   3.1049e+02
20260901_13:00:00   2.2572e+00   2.5767e+02   3.1394e+01   4.8611e-03   8.7718e-02   3.1174e+02
20260901_14:00:00   2.5495e+00   2.6579e+02   3.2773e+01   7.3479e-02   4.3786e-03   3.1490e+02
20260901_15:00:00   2.5794e+00   2.6696e+02   3.3231e+01   7.9120e-02   6.9371e-03   3.1649e+02
20260901_16:00:00   2.5574e+00   2.6681e+02   3.3626e+01   6.0733e-02   2.3179e-03   3.1656e+02
20260901_17:00:00   2.5312e+00   2.6640e+02   3.4352e+01   3.1914e-02   0.0000e+00   3.1440e+02
20260901_18:00:00   2.5629e+00   2.6698e+02   3.5391e+01   1.3671e-02   0.0000e+00   3.1344e+02
20260901_19:00:00   2.5826e+00   2.6740e+02   3.5964e+01   3.4709e-03   0.0000e+00   3.1343e+02
20260901_20:00:00   2.6741e+00   2.6921e+02   3.7161e+01   4.6734e-03   0.0000e+00   3.1258e+02
20260901_21:00:00   2.7197e+00   2.6990e+02   3.8293e+01   4.4490e-03   1.9451e-04   3.1257e+02
20260901_22:00:00   2.8867e+00   2.7238e+02   3.9861e+01   2.6588e-02   8.0596e-04   3.1477e+02
20260901_23:00:00   3.2581e+00   2.7721e+02   3.9392e+01   1.7406e-01   6.2980e-05   3.1603e+02
20260902_00:00:00   3.8592e+00   2.8216e+02   3.8727e+01   4.2035e-01   3.1920e-05   3.1499e+02
20260902_01:00:00   4.0012e+00   2.8289e+02   3.8614e+01   4.7343e-01   0.0000e+00   3.1326e+02
20260902_02:00:00   4.0628e+00   2.8305e+02   3.8862e+01   4.8866e-01   4.1840e-04   3.1099e+02
20260902_03:00:00   4.4677e+00   2.8444e+02   3.9185e+01   6.4023e-01   1.8978e-04   3.1016e+02
20260902_04:00:00   3.9213e+00   2.8178e+02   3.8724e+01   4.4757e-01   1.2630e-03   3.0851e+02
20260902_05:00:00   3.4843e+00   2.7820e+02   3.8626e+01   2.8472e-01   3.0683e-03   3.0652e+02
20260902_06:00:00   3.2984e+00   2.7613e+02   3.8195e+01   2.2450e-01   1.4702e-03   3.0454e+02
20260902_07:00:00   3.9245e+00   2.8073e+02   3.8923e+01   4.5160e-01   1.5900e-02   3.0218e+02
20260902_08:00:00   4.4516e+00   2.8290e+02   3.9066e+01   6.5771e-01   2.8679e-02   3.0220e+02
20260902_09:00:00   4.8905e+00   2.8413e+02   3.8476e+01   8.4581e-01   6.5799e-02   3.0400e+02
20260902_10:00:00   4.7185e+00   2.8370e+02   3.8862e+01   7.7667e-01   5.6925e-02   3.0405e+02
20260902_11:00:00   4.7766e+00   2.8395e+02   3.8769e+01   7.9980e-01   1.5856e-01   3.0376e+02
20260902_12:00:00   6.1375e+00   2.8590e+02   4.0053e+01   1.2994e+00   2.0613e-01   3.0215e+02
20260902_13:00:00   7.0808e+00   2.8623e+02   4.3287e+01   1.6049e+00   2.5207e-01   3.0081e+02
20260902_14:00:00   4.8142e+00   2.8427e+02   4.3660e+01   7.0101e-01   3.2271e-01   3.0048e+02
20260902_15:00:00   4.7019e+00   2.8377e+02   4.6035e+01   6.0099e-01   5.4860e-01   2.9843e+02
20260902_16:00:00   4.5873e+00   2.8338e+02   4.6501e+01   5.5333e-01   8.9904e-01   2.9838e+02
20260902_17:00:00   3.7323e+00   2.7973e+02   4.7199e+01   1.9434e-01   8.2746e-01   2.9749e+02
20260902_18:00:00   4.6115e+00   2.8457e+02   4.8935e+01   4.8698e-01   1.0670e+00   2.9935e+02
20260902_21:00:00   7.1522e+00   2.8937e+02   5.2030e+01   1.3173e+00   3.6589e-03   3.0240e+02
20260903_00:00:00   5.7728e+00   2.8968e+02   5.3127e+01   7.6348e-01   7.5854e-02   3.0348e+02
20260903_03:00:00   4.6903e+00   2.8872e+02   5.2110e+01   3.9914e-01   7.7172e-02   3.0869e+02
20260903_06:00:00   3.9925e+00   2.8678e+02   4.9676e+01   2.0132e-01   2.4488e-01   3.0128e+02
20260903_09:00:00   3.7886e+00   2.8586e+02   5.1048e+01   8.4673e-02   2.0221e-01   3.0697e+02
20260903_12:00:00   2.9743e+00   2.7834e+02   3.8065e+01   4.4698e-02   2.7916e-04   3.1096e+02
20260903_15:00:00   2.2487e+00   2.6392e+02   3.0624e+01   1.9818e-02   0.0000e+00   3.1582e+02
20260903_18:00:00   1.4326e+00   2.2465e+02   2.2090e+01   0.0000e+00   0.0000e+00   3.1597e+02
20260903_21:00:00   1.6005e+00   2.3513e+02   2.3849e+01   0.0000e+00   0.0000e+00   3.1526e+02
20260904_00:00:00   1.8370e+00   2.4574e+02   2.6167e+01   0.0000e+00   0.0000e+00   3.1515e+02
20260904_03:00:00   1.7290e+00   2.3873e+02   2.4125e+01   0.0000e+00   0.0000e+00   3.1966e+02
20260904_06:00:00   1.4009e+00   2.1798e+02   2.0521e+01   0.0000e+00   0.0000e+00   3.1992e+02
20260904_09:00:00   1.5115e+00   2.2430e+02   2.2377e+01   0.0000e+00   0.0000e+00   3.2163e+02
20260904_12:00:00   1.4864e+00   2.2234e+02   2.2164e+01   0.0000e+00   0.0000e+00   3.2057e+02
20260904_15:00:00   1.5245e+00   2.2512e+02   2.2892e+01   0.0000e+00   0.0000e+00   3.1864e+02
20260904_18:00:00   1.5646e+00   2.2805e+02   2.4177e+01   1.0642e-03   1.5564e-02   3.1515e+02
20260904_21:00:00   1.7908e+00   2.3934e+02   2.8071e+01   0.0000e+00   2.6349e-01   3.1611e+02
20260905_00:00:00   1.6642e+00   2.3234e+02   2.6073e+01   0.0000e+00   2.2986e-06   3.1284e+02
20260905_03:00:00   1.7751e+00   2.3784e+02   2.7126e+01   0.0000e+00   0.0000e+00   3.1290e+02
20260905_06:00:00   1.6627e+00   2.3229e+02   2.5291e+01   0.0000e+00   0.0000e+00   3.1534e+02
20260905_09:00:00   1.6288e+00   2.3028e+02   2.4567e+01   0.0000e+00   0.0000e+00   3.1591e+02
20260905_12:00:00   1.3692e+00   2.1340e+02   2.0875e+01   0.0000e+00   0.0000e+00   3.2074e+02
20260905_15:00:00   1.2013e+00   2.0041e+02   1.8834e+01   9.0840e-07   0.0000e+00   3.2815e+02
20260905_18:00:00   1.6592e+00   2.3098e+02   2.1012e+01   1.1586e-01   0.0000e+00   3.3913e+02
20260905_21:00:00   1.5987e+00   2.2730e+02   2.4584e+01   3.4232e-04   0.0000e+00   3.4390e+02
20260906_00:00:00   1.6743e+00   2.3083e+02   2.4790e+01   2.2720e-06   9.0840e-08   3.4405e+02
20260906_03:00:00   1.6114e+00   2.2692e+02   2.3944e+01   0.0000e+00   1.8324e-07   3.4425e+02
20260906_06:00:00   1.6043e+00   2.2643e+02   2.3838e+01   0.0000e+00   0.0000e+00   3.3571e+02
20260906_09:00:00   1.5163e+00   2.2122e+02   2.2775e+01   0.0000e+00   0.0000e+00   3.3299e+02
20260906_12:00:00   1.3656e+00   2.1132e+02   2.0594e+01   0.0000e+00   0.0000e+00   3.3699e+02
20260906_15:00:00   1.3968e+00   2.1437e+02   2.1010e+01   0.0000e+00   0.0000e+00   3.3893e+02
20260906_18:00:00   1.7087e+00   2.3335e+02   2.1266e+01   1.2246e-01   0.0000e+00   3.4583e+02
20260906_21:00:00   2.0044e+00   2.4615e+02   2.2121e+01   2.1420e-01   0.0000e+00   3.4557e+02
20260907_00:00:00   1.4781e+00   2.2041e+02   2.2288e+01   0.0000e+00   0.0000e+00   3.4471e+02
20260907_03:00:00   1.5018e+00   2.2140e+02   2.2607e+01   0.0000e+00   3.9280e-06   3.4019e+02
20260907_06:00:00   1.5263e+00   2.2262e+02   2.2172e+01   2.5552e-02   1.2700e-04   3.4016e+02
20260907_09:00:00   1.3264e+00   2.0933e+02   2.0278e+01   1.0706e-03   7.8580e-06   3.4616e+02
20260907_12:00:00   1.4720e+00   2.1897e+02   2.2842e+01   0.0000e+00   0.0000e+00   3.4262e+02
20260907_15:00:00   1.3276e+00   2.1013e+02   2.0583e+01   0.0000e+00   0.0000e+00   3.4527e+02
20260907_18:00:00   1.6244e+00   2.2935e+02   2.1489e+01   9.2920e-02   1.7102e-05   3.4201e+02
20260907_21:00:00   1.5938e+00   2.2814e+02   2.3652e+01   2.2719e-02   0.0000e+00   3.2938e+02
20260908_00:00:00   1.5228e+00   2.2425e+02   2.3403e+01   1.9260e-04   0.0000e+00   3.2488e+02
20260908_03:00:00   1.6042e+00   2.2876e+02   2.3900e+01   0.0000e+00   0.0000e+00   3.2690e+02
20260908_06:00:00   1.5047e+00   2.2261e+02   2.2212e+01   0.0000e+00   0.0000e+00   3.2622e+02
20260908_09:00:00   1.4260e+00   2.1743e+02   2.1152e+01   0.0000e+00   6.9160e-05   3.2116e+02
20260908_12:00:00   1.3625e+00   2.1299e+02   2.0473e+01   0.0000e+00   2.1721e-04   3.1644e+02
20260908_15:00:00   1.3598e+00   2.1399e+02   2.0503e+01   0.0000e+00   0.0000e+00   3.1193e+02
20260908_18:00:00   1.4476e+00   2.2085e+02   2.2574e+01   0.0000e+00   4.1040e-06   3.0690e+02
20260908_21:00:00   1.5207e+00   2.2624e+02   2.3710e+01   0.0000e+00   7.0247e-04   3.0617e+02
20260909_00:00:00   1.6023e+00   2.2997e+02   2.4638e+01   0.0000e+00   0.0000e+00   3.0675e+02
20260909_03:00:00   1.6203e+00   2.3073e+02   2.5077e+01   0.0000e+00   7.9720e-06   3.0539e+02
20260909_06:00:00   1.6704e+00   2.3313e+02   2.6322e+01   0.0000e+00   0.0000e+00   3.0208e+02
20260909_09:00:00   1.6945e+00   2.3432e+02   2.7587e+01   0.0000e+00   0.0000e+00   3.0146e+02
20260909_12:00:00   1.7529e+00   2.3744e+02   2.8972e+01   0.0000e+00   0.0000e+00   2.9787e+02
20260909_15:00:00   1.8074e+00   2.4172e+02   3.0176e+01   0.0000e+00   0.0000e+00   2.9800e+02
20260909_18:00:00   1.9659e+00   2.5011e+02   3.3224e+01   0.0000e+00   0.0000e+00   2.9654e+02
20260909_21:00:00   2.1046e+00   2.5611e+02   3.5408e+01   0.0000e+00   0.0000e+00   2.9036e+02
20260910_00:00:00   2.2684e+00   2.6098e+02   3.7025e+01   0.0000e+00   0.0000e+00   2.9425e+02
20260910_03:00:00   2.1629e+00   2.5738e+02   3.5390e+01   0.0000e+00   9.6560e-06   2.9017e+02
20260910_06:00:00   2.1561e+00   2.5697e+02   3.4799e+01   0.0000e+00   2.7100e-04   2.8880e+02
20260910_09:00:00   2.2115e+00   2.5836e+02   3.5234e+01   0.0000e+00   4.9905e-03   2.8824e+02
20260910_12:00:00   2.1956e+00   2.5842e+02   3.5101e+01   0.0000e+00   8.5280e-04   2.8722e+02
20260910_15:00:00   2.2592e+00   2.6187e+02   3.5967e+01   0.0000e+00   0.0000e+00   2.8730e+02
20260910_18:00:00   2.1781e+00   2.6114e+02   3.5159e+01   0.0000e+00   0.0000e+00   2.8607e+02
20260910_21:00:00   2.3406e+00   2.6643e+02   3.7044e+01   0.0000e+00   2.8100e-04   2.8766e+02
20260911_00:00:00   2.6581e+00   2.7290e+02   4.0778e+01   0.0000e+00   2.5380e-03   2.8951e+02
20260911_03:00:00   3.1633e+00   2.8001e+02   4.6670e+01   8.6920e-05   1.8585e-02   2.8684e+02
20260911_06:00:00   3.3911e+00   2.8244e+02   4.9734e+01   0.0000e+00   1.1220e-04   2.8494e+02
20260911_09:00:00   3.3997e+00   2.8259e+02   5.0522e+01   0.0000e+00   5.3007e-02   2.8674e+02
20260911_12:00:00   3.4885e+00   2.8358e+02   5.2259e+01   4.0080e-04   2.3705e-01   2.9000e+02
20260911_15:00:00   3.3759e+00   2.8274e+02   4.9759e+01   4.3567e-05   2.7156e-01   2.9428e+02
20260911_18:00:00   3.8861e+00   2.8806e+02   5.0852e+01   1.0288e-01   1.5332e-01   2.9342e+02
20260911_21:00:00   2.1521e+00   2.5912e+02   3.1023e+01   6.4220e-05   1.6074e-01   2.9850e+02
20260912_00:00:00   1.1340e+00   1.9794e+02   1.7153e+01   0.0000e+00   3.1865e-02   2.9922e+02
20260912_03:00:00   1.1843e+00   2.0074e+02   1.6837e+01   1.7324e-04   1.2194e-03   3.0108e+02
20260912_06:00:00   1.0439e+00   1.8644e+02   1.4741e+01   0.0000e+00   0.0000e+00   3.0568e+02
20260912_09:00:00   9.5467e-01   1.7678e+02   1.3547e+01   0.0000e+00   0.0000e+00   3.1050e+02
20260912_12:00:00   8.7830e-01   1.6796e+02   1.2442e+01   0.0000e+00   0.0000e+00   3.0445e+02
20260912_15:00:00   7.4838e-01   1.5260e+02   1.0810e+01   0.0000e+00   0.0000e+00   3.0204e+02
20260912_18:00:00   7.2425e-01   1.4994e+02   1.0904e+01   0.0000e+00   0.0000e+00   3.0103e+02
20260912_21:00:00   7.2957e-01   1.5082e+02   1.1082e+01   0.0000e+00   0.0000e+00   2.9855e+02
20260913_00:00:00   7.1689e-01   1.4830e+02   1.0969e+01   0.0000e+00   0.0000e+00   2.9433e+02
20260913_03:00:00   6.7001e-01   1.4128e+02   1.0361e+01   0.0000e+00   0.0000e+00   2.9291e+02
20260913_06:00:00   7.1441e-01   1.4724e+02   1.1062e+01   0.0000e+00   5.8180e-04   2.8960e+02
20260913_09:00:00   6.8211e-01   1.4275e+02   1.0634e+01   0.0000e+00   2.8980e-05   2.8958e+02
20260913_12:00:00   6.7855e-01   1.4216e+02   1.0628e+01   0.0000e+00   1.9870e-04   2.9032e+02
20260913_15:00:00   7.0909e-01   1.4727e+02   1.1291e+01   0.0000e+00   3.7205e-03   2.9036e+02
20260913_18:00:00   6.8458e-01   1.4507e+02   1.1132e+01   0.0000e+00   1.5654e-05   2.8234e+02
