#            date       tau255        Tb[K]      pwv[mm] lwp[kg*m^-2] iwp[kg*m^-2]       o3[DU]
20260728_18:00:00   2.8467e+00   2.7465e+02   4.1287e+01   4.5203e-03   7.0406e-03   3.4448e+02
20260728_19:00:00   2.9450e+00   2.7597e+02   4.2417e+01   5.8292e-04   3.4030e-03   3.4348e+02
20260728_20:00:00   2.9920e+00   2.7638e+02   4.3204e+01   9.6560e-05   5.2546e-03   3.4114e+02
20260728_21:00:00   2.9625e+00   2.7591e+02   4.2872e+01   5.9660e-04   8.6052e-03   3.3877e+02
20260728_22:00:00   2.8894e+00   2.7475e+02   4.2036e+01   0.0000e+00   4.3189e-02   3.3822e+02
20260728_23:00:00   2.9207e+00   2.7487e+02   4.2295e+01   0.0000e+00   6.6436e-02   3.3763e+02
20260729_00:00:00   2.8325e+00   2.7322e+02   4.1257e+01   0.0000e+00   3.7342e-02   3.3599e+02
20260729_01:00:00   2.7885e+00   2.7208e+02   4.0647e+01   1.9358e-04   4.7082e-02   3.3611e+02
20260729_02:00:00   2.7563e+00   2.7102e+02   4.0304e+01   9.6560e-06   2.4763e-02   3.3409e+02
20260729_03:00:00   2.7671e+00   2.7101e+02   4.0377e+01   0.0000e+00   9.5506e-03   3.3320e+02
20260729_04:00:00   2.7955e+00   2.7130e+02   4.0484e+01   0.0000e+00   1.5475e-02   3.3404e+02
20260729_05:00:00   2.8162e+00   2.7140e+02   4.0519e+01   9.8987e-05   4.4392e-03   3.3474e+02
20260729_06:00:00   2.7744e+00   2.7059e+02   3.9804e+01   9.1952e-04   5.2158e-03   3.3282e+02
20260729_07:00:00   2.7641e+00   2.7033e+02   3.9681e+01   1.9077e-03   7.6299e-03   3.3422e+02
20260729_08:00:00   2.8655e+00   2.7185e+02   3.9921e+01   4.3364e-02   1.3157e-02   3.3689e+02
20260729_09:00:00   2.9324e+00   2.7271e+02   4.0700e+01   4.5500e-02   7.9555e-03   3.3575e+02
20260729_10:00:00   3.0375e+00   2.7406e+02   4.1733e+01   7.3930e-02   1.5644e-02   3.3631e+02
20260729_11:00:00   3.2411e+00   2.7637e+02   4.2997e+01   1.2666e-01   3.7446e-02   3.3596e+02
20260729_12:00:00   3.2480e+00   2.7660e+02   4.4124e+01   9.0821e-02   2.9386e-01   3.3673e+02
20260729_13:00:00   5.0422e+00   2.8607e+02   4.5601e+01   7.7465e-01   4.8758e-01   3.3615e+02
20260729_14:00:00   5.4731e+00   2.8690e+02   4.6306e+01   9.2530e-01   5.1302e-01   3.3499e+02
20260729_15:00:00   6.2176e+00   2.8785e+02   4.6855e+01   1.1933e+00   6.7583e-01   3.3468e+02
20260729_16:00:00   6.0218e+00   2.8749e+02   4.7079e+01   1.1094e+00   6.1789e-01   3.3489e+02
20260729_17:00:00   6.1318e+00   2.8758e+02   4.6752e+01   1.1649e+00   6.2396e-01   3.3395e+02
20260729_18:00:00   5.0711e+00   2.8666e+02   4.6010e+01   7.5094e-01   6.1114e-01   3.3512e+02
20260729_19:00:00   5.5805e+00   2.8717e+02   4.5654e+01   9.8130e-01   5.7288e-01   3.3771e+02
20260729_20:00:00   5.2731e+00   2.8704e+02   4.5259e+01   8.4883e-01   2.6622e-01   3.4198e+02
20260729_21:00:00   5.6892e+00   2.8813e+02   4.4997e+01   9.8942e-01   2.0884e-01   3.4305e+02
20260729_22:00:00   6.1687e+00   2.8816e+02   4.4189e+01   1.1854e+00   1.9505e-02   3.4539e+02
20260729_23:00:00   7.3935e+00   2.8907e+02   4.3869e+01   1.6383e+00   8.4383e-04   3.4566e+02
20260730_00:00:00   7.4044e+00   2.8927e+02   4.2601e+01   1.6590e+00   4.1240e-04   3.4812e+02
20260730_01:00:00   6.8178e+00   2.8933e+02   4.1856e+01   1.4368e+00   6.5087e-05   3.5025e+02
20260730_02:00:00   6.2023e+00   2.8892e+02   4.1940e+01   1.2047e+00   2.6578e-05   3.5045e+02
20260730_03:00:00   6.0036e+00   2.8878e+02   4.1955e+01   1.1297e+00   1.3190e-04   3.5027e+02
20260730_04:00:00   5.4105e+00   2.8858e+02   4.1948e+01   8.9919e-01   5.1786e-04   3.5007e+02
20260730_05:00:00   5.2150e+00   2.8844e+02   4.1251e+01   8.3826e-01   1.7498e-04   3.5014e+02
20260730_06:00:00   5.3540e+00   2.8860e+02   4.0993e+01   8.9760e-01   9.5982e-06   3.5207e+02
20260730_07:00:00   5.7391e+00   2.8900e+02   4.0452e+01   1.0579e+00   6.3600e-06   3.5143e+02
20260730_08:00:00   5.9275e+00   2.8901e+02   4.0409e+01   1.1345e+00   0.0000e+00   3.5201e+02
20260730_09:00:00   5.6594e+00   2.8856e+02   4.0288e+01   1.0433e+00   0.0000e+00   3.5468e+02
20260730_10:00:00   5.6091e+00   2.8835e+02   4.0782e+01   1.0216e+00   2.2893e-03   3.5696e+02
20260730_11:00:00   5.3774e+00   2.8787e+02   4.1153e+01   9.3085e-01   6.0544e-03   3.5730e+02
20260730_12:00:00   5.2981e+00   2.8754e+02   4.1651e+01   8.8879e-01   4.9258e-02   3.5805e+02
20260730_13:00:00   5.0661e+00   2.8693e+02   4.1839e+01   7.9944e-01   1.6585e-01   3.5740e+02
20260730_14:00:00   5.6543e+00   2.8750e+02   4.1683e+01   1.0292e+00   6.4762e-02   3.5628e+02
20260730_15:00:00   6.1994e+00   2.8783e+02   4.1194e+01   1.2510e+00   6.3679e-03   3.5518e+02
20260730_16:00:00   5.8795e+00   2.8739e+02   4.1077e+01   1.1353e+00   2.0722e-03   3.5432e+02
20260730_17:00:00   5.4418e+00   2.8675e+02   4.0613e+01   9.8669e-01   9.2498e-03   3.5435e+02
20260730_18:00:00   5.1566e+00   2.8637e+02   4.0462e+01   8.8342e-01   2.6827e-02   3.5447e+02
20260730_19:00:00   5.3957e+00   2.8682e+02   4.0703e+01   9.7088e-01   5.3847e-02   3.5379e+02
20260730_20:00:00   5.4399e+00   2.8691e+02   4.0376e+01   9.9766e-01   9.2467e-02   3.5336e+02
20260730_21:00:00   5.3491e+00   2.8680e+02   4.0018e+01   9.7246e-01   1.3430e-01   3.5354e+02
20260730_22:00:00   5.4199e+00   2.8681e+02   3.9775e+01   1.0037e+00   8.3507e-02   3.5382e+02
20260730_23:00:00   5.5278e+00   2.8684e+02   3.9948e+01   1.0389e+00   4.4702e-02   3.5375e+02
20260731_00:00:00   5.3449e+00   2.8642e+02   3.9555e+01   9.7731e-01   2.1097e-02   3.5213e+02
20260731_01:00:00   4.6196e+00   2.8470e+02   3.7883e+01   7.4475e-01   2.4563e-05   3.5187e+02
20260731_02:00:00   4.5726e+00   2.8450e+02   3.6363e+01   7.6350e-01   1.2283e-05   3.4988e+02
20260731_03:00:00   4.3470e+00   2.8369e+02   3.5460e+01   6.9007e-01   2.1482e-05   3.4882e+02
20260731_04:00:00   3.9640e+00   2.8192e+02   3.4359e+01   5.6758e-01   8.1122e-05   3.4771e+02
20260731_05:00:00   4.3340e+00   2.8359e+02   3.4088e+01   7.1267e-01   0.0000e+00   3.4545e+02
20260731_06:00:00   4.4324e+00   2.8393e+02   3.4194e+01   7.4754e-01   0.0000e+00   3.4269e+02
20260731_07:00:00   4.4041e+00   2.8373e+02   3.4129e+01   7.3979e-01   0.0000e+00   3.3994e+02
20260731_08:00:00   4.3641e+00   2.8357e+02   3.3754e+01   7.3822e-01   0.0000e+00   3.3762e+02
20260731_09:00:00   3.7046e+00   2.8009e+02   3.3237e+01   5.0039e-01   0.0000e+00   3.3678e+02
20260731_10:00:00   3.3913e+00   2.7749e+02   3.2698e+01   3.9767e-01   0.0000e+00   3.3654e+02
20260731_11:00:00   3.5512e+00   2.7886e+02   3.2513e+01   4.6640e-01   0.0000e+00   3.3410e+02
20260731_12:00:00   3.7827e+00   2.8060e+02   3.3079e+01   5.3607e-01   0.0000e+00   3.3461e+02
20260731_13:00:00   3.5467e+00   2.7895e+02   3.3095e+01   4.4349e-01   0.0000e+00   3.3497e+02
20260731_14:00:00   3.2687e+00   2.7651e+02   3.3326e+01   3.3297e-01   0.0000e+00   3.3452e+02
20260731_15:00:00   3.3661e+00   2.7766e+02   3.4162e+01   3.5026e-01   0.0000e+00   3.3266e+02
20260731_16:00:00   3.3136e+00   2.7730e+02   3.4784e+01   3.1428e-01   0.0000e+00   3.3210e+02
20260731_17:00:00   3.1969e+00   2.7626e+02   3.5365e+01   2.5545e-01   0.0000e+00   3.3153e+02
20260731_18:00:00   3.1653e+00   2.7608e+02   3.6058e+01   2.2717e-01   0.0000e+00   3.3177e+02
20260731_19:00:00   3.2333e+00   2.7719e+02   3.6271e+01   2.5202e-01   0.0000e+00   3.3134e+02
20260731_20:00:00   3.0369e+00   2.7497e+02   3.6516e+01   1.7244e-01   0.0000e+00   3.3233e+02
20260731_21:00:00   2.6721e+00   2.6917e+02   3.5977e+01   5.3196e-02   0.0000e+00   3.3621e+02
20260731_22:00:00   2.5150e+00   2.6622e+02   3.5765e+01   4.3993e-03   0.0000e+00   3.3896e+02
20260731_23:00:00   2.4484e+00   2.6478e+02   3.5155e+01   0.0000e+00   0.0000e+00   3.4027e+02
20260801_00:00:00   2.4882e+00   2.6539e+02   3.5350e+01   0.0000e+00   0.0000e+00   3.4103e+02
20260801_01:00:00   2.5112e+00   2.6549e+02   3.5323e+01   0.0000e+00   0.0000e+00   3.3906e+02
20260801_02:00:00   2.4737e+00   2.6457e+02   3.4812e+01   0.0000e+00   0.0000e+00   3.3619e+02
20260801_03:00:00   2.4789e+00   2.6448e+02   3.4760e+01   0.0000e+00   0.0000e+00   3.3432e+02
20260801_04:00:00   2.4507e+00   2.6379e+02   3.4310e+01   0.0000e+00   0.0000e+00   3.3281e+02
20260801_05:00:00   2.4103e+00   2.6272e+02   3.3695e+01   0.0000e+00   0.0000e+00   3.3226e+02
20260801_06:00:00   2.4304e+00   2.6312e+02   3.3723e+01   0.0000e+00   0.0000e+00   3.3170e+02
20260801_07:00:00   2.4156e+00   2.6271e+02   3.3476e+01   0.0000e+00   0.0000e+00   3.3091e+02
20260801_08:00:00   2.4022e+00   2.6227e+02   3.3270e+01   0.0000e+00   0.0000e+00   3.2945e+02
20260801_09:00:00   2.3431e+00   2.6082e+02   3.2675e+01   0.0000e+00   0.0000e+00   3.2730e+02
20260801_10:00:00   2.3605e+00   2.6113e+02   3.2821e+01   0.0000e+00   0.0000e+00   3.2618e+02
20260801_11:00:00   2.3702e+00   2.6133e+02   3.2926e+01   0.0000e+00   0.0000e+00   3.2494e+02
20260801_12:00:00   2.3850e+00   2.6184e+02   3.3237e+01   0.0000e+00   0.0000e+00   3.2429e+02
20260801_13:00:00   2.3879e+00   2.6231e+02   3.3377e+01   7.1080e-05   0.0000e+00   3.2320e+02
20260801_14:00:00   2.4155e+00   2.6361e+02   3.3912e+01   2.4575e-03   0.0000e+00   3.2185e+02
20260801_15:00:00   2.4227e+00   2.6447e+02   3.4211e+01   3.4355e-03   0.0000e+00   3.1970e+02
20260801_16:00:00   2.6009e+00   2.6908e+02   3.4449e+01   6.9440e-02   0.0000e+00   3.1967e+02
20260801_17:00:00   2.5418e+00   2.6796e+02   3.4380e+01   5.2760e-02   0.0000e+00   3.2081e+02
20260801_18:00:00   2.5523e+00   2.6838e+02   3.4497e+01   5.7510e-02   0.0000e+00   3.2127e+02
20260801_19:00:00   2.5719e+00   2.6888e+02   3.4619e+01   6.4220e-02   0.0000e+00   3.2089e+02
20260801_20:00:00   2.5717e+00   2.6883e+02   3.4522e+01   7.0443e-02   0.0000e+00   3.2017e+02
20260801_21:00:00   2.3910e+00   2.6442e+02   3.4439e+01   6.9140e-03   0.0000e+00   3.1990e+02
20260801_22:00:00   2.4040e+00   2.6446e+02   3.4637e+01   9.7222e-04   0.0000e+00   3.2018e+02
20260801_23:00:00   2.3815e+00   2.6340e+02   3.4323e+01   0.0000e+00   2.8980e-05   3.1980e+02
20260802_00:00:00   2.3451e+00   2.6195e+02   3.3870e+01   0.0000e+00   0.0000e+00   3.2043e+02
20260802_01:00:00   2.3357e+00   2.6133e+02   3.3709e+01   0.0000e+00   1.9314e-05   3.2031e+02
20260802_02:00:00   2.3465e+00   2.6123e+02   3.3688e+01   0.0000e+00   0.0000e+00   3.1892e+02
20260802_03:00:00   2.2749e+00   2.5904e+02   3.2978e+01   0.0000e+00   1.2615e-04   3.1874e+02
20260802_04:00:00   2.3612e+00   2.6098e+02   3.3963e+01   0.0000e+00   4.4505e-04   3.1630e+02
20260802_05:00:00   2.4563e+00   2.6320e+02   3.5181e+01   0.0000e+00   8.8776e-04   3.1522e+02
20260802_06:00:00   2.4684e+00   2.6350e+02   3.5672e+01   0.0000e+00   3.1121e-03   3.1473e+02
20260802_07:00:00   2.5472e+00   2.6514e+02   3.7009e+01   3.5219e-04   1.6459e-02   3.1337e+02
20260802_08:00:00   2.6834e+00   2.6790e+02   3.9027e+01   5.1524e-03   2.3164e-02   3.1323e+02
20260802_09:00:00   2.7384e+00   2.6898e+02   4.0212e+01   1.2006e-03   2.0516e-02   3.1529e+02
20260802_10:00:00   2.8651e+00   2.7103e+02   4.1616e+01   2.0161e-03   9.3970e-03   3.1676e+02
20260802_11:00:00   2.9208e+00   2.7209e+02   4.2486e+01   0.0000e+00   8.0709e-03   3.1767e+02
20260802_12:00:00   3.0360e+00   2.7392e+02   4.3764e+01   3.1290e-03   4.8783e-03   3.1686e+02
20260802_13:00:00   3.0752e+00   2.7499e+02   4.4241e+01   5.9200e-03   1.5709e-02   3.1732e+02
20260802_14:00:00   3.1073e+00   2.7619e+02   4.4412e+01   1.6004e-02   7.4068e-02   3.1782e+02
20260802_15:00:00   3.2341e+00   2.7837e+02   4.4709e+01   5.4621e-02   1.0392e-01   3.1734e+02
20260802_16:00:00   3.3704e+00   2.8034e+02   4.5416e+01   9.1151e-02   2.7506e-01   3.1528e+02
20260802_17:00:00   3.2542e+00   2.7907e+02   4.4548e+01   7.9517e-02   2.5589e-01   3.1581e+02
20260802_18:00:00   3.9480e+00   2.8469e+02   4.4885e+01   3.5066e-01   3.6209e-01   3.1529e+02
20260802_21:00:00   4.8971e+00   2.8678e+02   4.3968e+01   7.8759e-01   8.0039e-02   3.2042e+02
20260803_00:00:00   4.7039e+00   2.8642e+02   4.7396e+01   5.8419e-01   6.0283e-02   3.1994e+02
20260803_03:00:00   3.3177e+00   2.7857e+02   4.5971e+01   7.1014e-02   6.8919e-03   3.2273e+02
20260803_06:00:00   2.9903e+00   2.7423e+02   4.2884e+01   4.1735e-02   1.4922e-03   3.2391e+02
20260803_09:00:00   2.7558e+00   2.7037e+02   4.1523e+01   0.0000e+00   4.9702e-03   3.2047e+02
20260803_12:00:00   3.8624e+00   2.8328e+02   5.0888e+01   1.1921e-01   2.4946e-02   3.1790e+02
20260803_15:00:00   4.3888e+00   2.8695e+02   5.2532e+01   2.6062e-01   1.8963e-01   3.1787e+02
20260803_18:00:00   4.1454e+00   2.8697e+02   5.3523e+01   1.2142e-01   7.5211e-02   3.1852e+02
20260803_21:00:00   3.6946e+00   2.8500e+02   5.0089e+01   3.4663e-02   6.2976e-03   3.2210e+02
20260804_00:00:00   4.0831e+00   2.8749e+02   5.1036e+01   1.6856e-01   2.4770e-02   3.2230e+02
20260804_03:00:00   2.4088e+00   2.6425e+02   3.4646e+01   5.9826e-03   0.0000e+00   3.4220e+02
20260804_06:00:00   2.1541e+00   2.5639e+02   2.9713e+01   0.0000e+00   0.0000e+00   3.4721e+02
20260804_09:00:00   2.2522e+00   2.5899e+02   3.0512e+01   3.8204e-03   0.0000e+00   3.5544e+02
20260804_12:00:00   2.4506e+00   2.6309e+02   3.4765e+01   4.0360e-03   0.0000e+00   3.5863e+02
20260804_15:00:00   2.2616e+00   2.5891e+02   3.2306e+01   1.7000e-02   0.0000e+00   3.6733e+02
20260804_18:00:00   1.9309e+00   2.4643e+02   2.8854e+01   2.0086e-02   4.9100e-06   3.5797e+02
20260804_21:00:00   2.3877e+00   2.6040e+02   3.5732e+01   1.6576e-02   1.8619e-03   3.3931e+02
20260805_00:00:00   2.5684e+00   2.6578e+02   3.7220e+01   2.8775e-02   2.2786e-04   3.4311e+02
20260805_03:00:00   2.0290e+00   2.5054e+02   3.1875e+01   6.6985e-06   1.8369e-02   3.3414e+02
20260805_06:00:00   1.5586e+00   2.2852e+02   2.5566e+01   0.0000e+00   7.9560e-04   3.3756e+02
20260805_09:00:00   1.5918e+00   2.3067e+02   2.6681e+01   0.0000e+00   1.3162e-03   3.3282e+02
20260805_12:00:00   1.8420e+00   2.4342e+02   3.0833e+01   0.0000e+00   0.0000e+00   3.2122e+02
20260805_15:00:00   2.2530e+00   2.6074e+02   3.6340e+01   0.0000e+00   0.0000e+00   3.1187e+02
20260805_18:00:00   2.4130e+00   2.6827e+02   3.7959e+01   0.0000e+00   0.0000e+00   3.1014e+02
20260805_21:00:00   2.6705e+00   2.7636e+02   4.0444e+01   3.9280e-05   0.0000e+00   3.0880e+02
20260806_00:00:00   3.2150e+00   2.8334e+02   4.1209e+01   1.7088e-01   0.0000e+00   3.1036e+02
20260806_03:00:00   2.9504e+00   2.7774e+02   4.3061e+01   0.0000e+00   3.6958e-03   3.0657e+02
20260806_06:00:00   2.8179e+00   2.7435e+02   4.0483e+01   0.0000e+00   3.8720e-03   3.0566e+02
20260806_09:00:00   2.7156e+00   2.7171e+02   3.9404e+01   2.5608e-04   8.8061e-05   3.0635e+02
20260806_12:00:00   2.6538e+00   2.7017e+02   3.7846e+01   9.3420e-04   2.0804e-03   3.1003e+02
20260806_15:00:00   2.6661e+00   2.7218e+02   3.7371e+01   4.8584e-05   6.3839e-04   3.1003e+02
20260806_18:00:00   2.9079e+00   2.7920e+02   4.0200e+01   2.6420e-02   2.4821e-03   3.0835e+02
20260806_21:00:00   2.9498e+00   2.7832e+02   4.1943e+01   9.2400e-07   2.8297e-03   3.1053e+02
20260807_00:00:00   2.5995e+00   2.6998e+02   4.0541e+01   1.4728e-03   2.0205e-01   3.1229e+02
20260807_03:00:00   2.2360e+00   2.6066e+02   3.3536e+01   3.1342e-03   1.5319e-04   3.1491e+02
20260807_06:00:00   2.5784e+00   2.6860e+02   3.7505e+01   2.7263e-02   5.1904e-03   3.1575e+02
20260807_09:00:00   2.6297e+00   2.6948e+02   3.9787e+01   0.0000e+00   1.9055e-02   3.2061e+02
20260807_12:00:00   2.8453e+00   2.7334e+02   4.2239e+01   9.3070e-04   2.6608e-02   3.1769e+02
20260807_15:00:00   3.2392e+00   2.7968e+02   4.4810e+01   7.7836e-02   8.9371e-02   3.2167e+02
20260807_18:00:00   3.0912e+00   2.7877e+02   4.5574e+01   3.3800e-05   3.4934e-03   3.2369e+02
20260807_21:00:00   3.2513e+00   2.8248e+02   4.6174e+01   3.2137e-02   1.0564e-02   3.2272e+02
20260808_00:00:00   3.0931e+00   2.7963e+02   4.4630e+01   0.0000e+00   1.8004e-03   3.2451e+02
20260808_03:00:00   2.9347e+00   2.7707e+02   4.2721e+01   0.0000e+00   2.1420e-03   3.2650e+02
20260808_06:00:00   2.8402e+00   2.7516e+02   4.1693e+01   0.0000e+00   1.1346e-02   3.2661e+02
20260808_09:00:00   2.9919e+00   2.7668e+02   4.3944e+01   0.0000e+00   2.4000e-02   3.2633e+02
20260808_12:00:00   3.1479e+00   2.7812e+02   4.6284e+01   5.4030e-05   2.2906e-02   3.2727e+02
20260808_15:00:00   3.3679e+00   2.8161e+02   4.8589e+01   1.0481e-02   8.0481e-02   3.2471e+02
20260808_18:00:00   5.8338e+00   2.9042e+02   5.1122e+01   9.3050e-01   8.1475e-03   3.2442e+02
20260808_21:00:00   6.2020e+00   2.8991e+02   5.3757e+01   9.4912e-01   5.1301e-02   3.2513e+02
20260809_00:00:00   8.0361e+00   2.9073e+02   5.2930e+01   1.6948e+00   8.9560e-02   3.3375e+02
20260809_03:00:00   5.7509e+00   2.8838e+02   4.9733e+01   8.8065e-01   2.5653e-01   3.3290e+02
20260809_06:00:00   3.9397e+00   2.8311e+02   4.6923e+01   2.3808e-01   1.8070e-02   3.3541e+02
20260809_09:00:00   2.9767e+00   2.7355e+02   4.0374e+01   3.7780e-02   0.0000e+00   3.3570e+02
20260809_12:00:00   3.2695e+00   2.7741e+02   3.8987e+01   1.7922e-01   0.0000e+00   3.3690e+02
20260809_15:00:00   2.5726e+00   2.6818e+02   3.5852e+01   7.9716e-04   0.0000e+00   3.3720e+02
20260809_18:00:00   2.9706e+00   2.7784e+02   3.4359e+01   1.8103e-01   0.0000e+00   3.3478e+02
20260809_21:00:00   2.5849e+00   2.7150e+02   3.5014e+01   2.7300e-04   0.0000e+00   3.3598e+02
20260810_00:00:00   2.6493e+00   2.7305e+02   3.5874e+01   0.0000e+00   0.0000e+00   3.3048e+02
20260810_03:00:00   2.8475e+00   2.7632e+02   3.8834e+01   0.0000e+00   0.0000e+00   3.3169e+02
20260810_06:00:00   2.7246e+00   2.7417e+02   3.7537e+01   0.0000e+00   1.0284e-05   3.3159e+02
20260810_09:00:00   3.2616e+00   2.8187e+02   4.6259e+01   0.0000e+00   0.0000e+00   3.2358e+02
20260810_12:00:00   3.0430e+00   2.7951e+02   4.2753e+01   5.7300e-03   0.0000e+00   3.2562e+02
20260810_15:00:00   2.9005e+00   2.7972e+02   4.0937e+01   2.5620e-04   0.0000e+00   3.2399e+02
20260810_18:00:00   2.8414e+00   2.8040e+02   4.0804e+01   2.8680e-02   0.0000e+00   3.2227e+02
20260810_21:00:00   3.0371e+00   2.8370e+02   4.4673e+01   2.9204e-02   3.8628e-05   3.2176e+02
20260811_00:00:00   4.3253e+00   2.9081e+02   4.9152e+01   3.9147e-01   5.6065e-02   3.2298e+02
20260811_03:00:00   2.0054e+00   2.5535e+02   2.9108e+01   0.0000e+00   0.0000e+00   3.2788e+02
20260811_06:00:00   1.6498e+00   2.3748e+02   2.3846e+01   0.0000e+00   0.0000e+00   3.2319e+02
20260811_09:00:00   1.5555e+00   2.3094e+02   2.3165e+01   0.0000e+00   0.0000e+00   3.2561e+02
20260811_12:00:00   1.3446e+00   2.1601e+02   2.0492e+01   0.0000e+00   0.0000e+00   3.3033e+02
20260811_15:00:00   1.2145e+00   2.0627e+02   1.8808e+01   0.0000e+00   0.0000e+00   3.2969e+02
20260811_18:00:00   1.4150e+00   2.2222e+02   2.2729e+01   0.0000e+00   0.0000e+00   3.2943e+02
20260811_21:00:00   1.5213e+00   2.2979e+02   2.4761e+01   0.0000e+00   0.0000e+00   3.2164e+02
20260812_00:00:00   1.6799e+00   2.3851e+02   2.7252e+01   0.0000e+00   2.6210e-04   3.1682e+02
20260812_03:00:00   1.9405e+00   2.4953e+02   3.2478e+01   0.0000e+00   8.3020e-05   3.1753e+02
20260812_06:00:00   1.7251e+00   2.4036e+02   2.7942e+01   0.0000e+00   0.0000e+00   3.1892e+02
20260812_09:00:00   2.0465e+00   2.5292e+02   3.4588e+01   4.5500e-03   1.3480e-02   3.1412e+02
20260812_12:00:00   2.7787e+00   2.7371e+02   4.3754e+01   0.0000e+00   2.7245e-02   3.1282e+02
20260812_15:00:00   2.8606e+00   2.7738e+02   4.2042e+01   0.0000e+00   2.4744e-03   3.1326e+02
20260812_18:00:00   3.0543e+00   2.8291e+02   3.9095e+01   9.7428e-02   0.0000e+00   3.1105e+02
20260812_21:00:00   2.5519e+00   2.7302e+02   3.5922e+01   1.3728e-03   0.0000e+00   3.1147e+02
20260813_00:00:00   2.0433e+00   2.5555e+02   2.9310e+01   0.0000e+00   0.0000e+00   3.1155e+02
20260813_03:00:00   1.4845e+00   2.2503e+02   2.2698e+01   0.0000e+00   2.1120e-03   3.1413e+02
20260813_06:00:00   1.1565e+00   1.9750e+02   1.9856e+01   0.0000e+00   1.1191e-03   3.1434e+02
20260813_09:00:00   1.1580e+00   1.9619e+02   1.9989e+01   0.0000e+00   6.0105e-02   3.1463e+02
20260813_12:00:00   1.1819e+00   1.9742e+02   2.0365e+01   0.0000e+00   3.3220e-02   3.1749e+02
20260813_15:00:00   9.7090e-01   1.7885e+02   1.6221e+01   0.0000e+00   8.7790e-03   3.2172e+02
20260813_18:00:00   1.0026e+00   1.8283e+02   1.6818e+01   0.0000e+00   1.6186e-03   3.2355e+02
