#            date       tau255        Tb[K]      pwv[mm] lwp[kg*m^-2] iwp[kg*m^-2]       o3[DU]
20260805_18:00:00   1.4311e+00   2.2406e+02   2.3573e+01   0.0000e+00   1.1486e-02   3.0911e+02
20260805_19:00:00   1.5202e+00   2.3011e+02   2.5232e+01   0.0000e+00   1.0948e-03   3.0932e+02
20260805_20:00:00   1.7313e+00   2.4210e+02   2.8677e+01   0.0000e+00   7.7320e-03   3.0919e+02
20260805_21:00:00   2.0201e+00   2.5496e+02   3.3012e+01   0.0000e+00   2.2682e-03   3.0779e+02
20260805_22:00:00   2.2402e+00   2.6292e+02   3.6147e+01   0.0000e+00   1.0156e-04   3.0737e+02
20260805_23:00:00   2.3917e+00   2.6731e+02   3.8430e+01   0.0000e+00   1.8017e-04   3.0612e+02
20260806_00:00:00   2.5430e+00   2.7083e+02   4.0592e+01   0.0000e+00   1.4560e-04   3.0434e+02
20260806_01:00:00   2.7591e+00   2.7483e+02   4.3608e+01   0.0000e+00   4.0440e-06   3.0280e+02
20260806_02:00:00   2.9550e+00   2.7764e+02   4.6124e+01   0.0000e+00   0.0000e+00   3.0248e+02
20260806_03:00:00   3.0619e+00   2.7895e+02   4.7247e+01   0.0000e+00   0.0000e+00   3.0378e+02
20260806_04:00:00   3.1677e+00   2.8029e+02   4.8614e+01   0.0000e+00   6.9425e-04   3.0485e+02
20260806_05:00:00   3.2732e+00   2.8154e+02   4.9768e+01   0.0000e+00   2.9573e-03   3.0579e+02
20260806_06:00:00   3.3377e+00   2.8229e+02   5.0240e+01   0.0000e+00   7.5424e-03   3.0686e+02
20260806_07:00:00   3.3115e+00   2.8218e+02   4.9567e+01   0.0000e+00   5.5681e-04   3.0961e+02
20260806_08:00:00   3.2696e+00   2.8186e+02   4.8574e+01   0.0000e+00   0.0000e+00   3.1195e+02
20260806_09:00:00   3.2953e+00   2.8218e+02   4.8772e+01   0.0000e+00   0.0000e+00   3.0955e+02
20260806_10:00:00   3.3586e+00   2.8282e+02   4.9391e+01   0.0000e+00   1.1627e-03   3.0772e+02
20260806_11:00:00   3.4288e+00   2.8360e+02   4.9846e+01   0.0000e+00   1.9950e-05   3.0740e+02
20260806_12:00:00   3.5050e+00   2.8469e+02   5.0417e+01   0.0000e+00   0.0000e+00   3.0780e+02
20260806_13:00:00   3.5477e+00   2.8577e+02   5.0559e+01   0.0000e+00   0.0000e+00   3.0779e+02
20260806_14:00:00   3.6084e+00   2.8709e+02   5.1182e+01   0.0000e+00   0.0000e+00   3.0753e+02
20260806_15:00:00   3.6253e+00   2.8786e+02   5.1178e+01   3.0920e-03   0.0000e+00   3.0800e+02
20260806_16:00:00   3.7207e+00   2.8914e+02   5.0984e+01   4.4960e-02   0.0000e+00   3.0773e+02
20260806_17:00:00   3.7679e+00   2.9000e+02   5.0683e+01   7.5482e-02   0.0000e+00   3.0758e+02
20260806_18:00:00   3.6928e+00   2.8955e+02   5.0734e+01   4.8419e-02   7.4100e-05   3.0771e+02
20260806_19:00:00   3.4965e+00   2.8787e+02   5.0072e+01   8.0320e-04   2.2720e-07   3.0876e+02
20260806_20:00:00   3.6573e+00   2.8990e+02   5.0353e+01   5.5244e-02   0.0000e+00   3.0950e+02
20260806_21:00:00   3.6506e+00   2.9001e+02   5.0580e+01   5.2729e-02   0.0000e+00   3.0888e+02
20260806_22:00:00   3.7713e+00   2.9045e+02   5.0754e+01   8.9419e-02   1.7382e-04   3.0871e+02
20260806_23:00:00   3.7173e+00   2.8988e+02   5.0065e+01   8.3520e-02   0.0000e+00   3.0922e+02
20260807_00:00:00   3.4449e+00   2.8729e+02   4.9742e+01   7.0960e-04   9.6560e-06   3.1059e+02
20260807_01:00:00   3.4284e+00   2.8689e+02   4.9530e+01   0.0000e+00   0.0000e+00   3.1080e+02
20260807_02:00:00   3.4380e+00   2.8672e+02   4.9464e+01   0.0000e+00   0.0000e+00   3.1318e+02
20260807_03:00:00   3.4114e+00   2.8621e+02   4.9063e+01   0.0000e+00   0.0000e+00   3.1460e+02
20260807_04:00:00   3.2836e+00   2.8471e+02   4.7619e+01   0.0000e+00   0.0000e+00   3.1564e+02
20260807_05:00:00   3.3005e+00   2.8476e+02   4.7918e+01   0.0000e+00   0.0000e+00   3.1640e+02
20260807_06:00:00   3.2871e+00   2.8447e+02   4.8110e+01   0.0000e+00   0.0000e+00   3.1645e+02
20260807_07:00:00   3.1285e+00   2.8242e+02   4.6468e+01   0.0000e+00   0.0000e+00   3.1753e+02
20260807_08:00:00   3.1907e+00   2.8294e+02   4.7200e+01   0.0000e+00   0.0000e+00   3.1831e+02
20260807_09:00:00   3.2003e+00   2.8296e+02   4.7383e+01   0.0000e+00   8.6920e-05   3.1895e+02
20260807_10:00:00   3.1888e+00   2.8261e+02   4.7365e+01   0.0000e+00   2.8980e-05   3.1837e+02
20260807_11:00:00   3.1477e+00   2.8203e+02   4.7003e+01   0.0000e+00   0.0000e+00   3.1854e+02
20260807_12:00:00   3.1434e+00   2.8210e+02   4.6934e+01   0.0000e+00   0.0000e+00   3.1887e+02
20260807_13:00:00   3.1240e+00   2.8219e+02   4.6579e+01   0.0000e+00   0.0000e+00   3.2037e+02
20260807_14:00:00   3.1497e+00   2.8301e+02   4.7199e+01   0.0000e+00   0.0000e+00   3.2287e+02
20260807_15:00:00   3.1476e+00   2.8362e+02   4.7188e+01   0.0000e+00   0.0000e+00   3.2404e+02
20260807_16:00:00   3.1989e+00   2.8477e+02   4.7797e+01   0.0000e+00   0.0000e+00   3.2359e+02
20260807_17:00:00   3.2232e+00   2.8551e+02   4.8299e+01   0.0000e+00   0.0000e+00   3.2482e+02
20260807_18:00:00   3.2266e+00   2.8597e+02   4.8534e+01   0.0000e+00   6.1240e-05   3.2474e+02
20260807_19:00:00   3.2870e+00   2.8696e+02   4.8692e+01   1.6792e-02   6.7340e-05   3.2460e+02
20260807_20:00:00   3.5419e+00   2.8962e+02   4.8767e+01   1.1420e-01   2.3260e-04   3.2534e+02
20260807_21:00:00   5.3098e+00   2.9578e+02   5.2861e+01   7.3544e-01   3.3838e-01   3.2398e+02
20260807_22:00:00   5.7643e+00   2.9371e+02   5.3380e+01   9.4137e-01   9.4280e-01   3.1813e+02
20260807_23:00:00   4.3571e+00   2.9015e+02   5.4473e+01   2.1688e-01   3.3205e-01   3.1954e+02
20260808_00:00:00   4.2017e+00   2.8857e+02   5.3400e+01   2.2116e-01   3.1596e-01   3.2021e+02
20260808_01:00:00   3.3364e+00   2.8288e+02   4.9379e+01   1.3626e-06   2.8971e-01   3.2106e+02
20260808_02:00:00   3.0699e+00   2.8000e+02   4.6406e+01   0.0000e+00   2.7137e-02   3.1869e+02
20260808_03:00:00   3.0726e+00   2.7990e+02   4.6352e+01   3.1899e-04   7.4837e-03   3.1745e+02
20260808_04:00:00   3.0732e+00   2.8003e+02   4.7016e+01   0.0000e+00   2.3875e-03   3.1536e+02
20260808_05:00:00   3.2482e+00   2.8223e+02   4.7936e+01   3.7728e-02   4.2066e-03   3.1237e+02
20260808_06:00:00   3.1590e+00   2.8128e+02   4.8222e+01   1.9986e-05   1.2913e-02   3.1251e+02
20260808_07:00:00   3.1642e+00   2.8103e+02   4.7814e+01   1.5142e-02   2.9719e-02   3.1584e+02
20260808_08:00:00   3.2451e+00   2.8170e+02   4.7675e+01   5.4618e-02   6.1483e-02   3.2186e+02
20260808_09:00:00   3.7095e+00   2.8562e+02   4.8614e+01   2.0159e-01   4.0060e-02   3.2328e+02
20260808_10:00:00   3.2325e+00   2.8136e+02   4.8313e+01   4.8257e-03   3.3162e-02   3.2517e+02
20260808_11:00:00   3.0044e+00   2.7841e+02   4.4837e+01   0.0000e+00   8.7744e-03   3.2534e+02
20260808_12:00:00   2.9109e+00   2.7722e+02   4.3145e+01   0.0000e+00   3.5267e-03   3.2064e+02
20260808_13:00:00   2.9311e+00   2.7776e+02   4.3263e+01   0.0000e+00   1.1411e-04   3.1896e+02
20260808_14:00:00   2.9769e+00   2.7910e+02   4.3997e+01   0.0000e+00   3.9600e-04   3.1943e+02
20260808_15:00:00   2.8747e+00   2.7821e+02   4.3091e+01   0.0000e+00   5.4015e-05   3.1904e+02
20260808_16:00:00   2.8116e+00   2.7755e+02   4.2547e+01   0.0000e+00   2.9859e-04   3.1797e+02
20260808_17:00:00   2.8512e+00   2.7864e+02   4.3206e+01   1.4708e-03   1.3939e-02   3.1707e+02
20260808_18:00:00   2.8514e+00   2.7902e+02   4.3718e+01   2.8000e-04   4.5164e-02   3.1619e+02
20260808_19:00:00   2.9282e+00   2.8025e+02   4.5355e+01   0.0000e+00   1.7808e-02   3.1598e+02
20260808_20:00:00   3.1077e+00   2.8302e+02   4.7707e+01   9.5336e-04   8.8500e-03   3.1482e+02
20260808_21:00:00   3.2288e+00   2.8483e+02   4.9038e+01   0.0000e+00   2.0420e-02   3.1627e+02
20260808_22:00:00   3.2902e+00   2.8526e+02   4.9420e+01   0.0000e+00   2.4494e-02   3.1749e+02
20260808_23:00:00   3.1603e+00   2.8302e+02   4.7851e+01   0.0000e+00   3.8881e-02   3.1856e+02
20260809_00:00:00   3.1035e+00   2.8193e+02   4.6781e+01   0.0000e+00   1.4186e-03   3.2233e+02
20260809_01:00:00   3.0136e+00   2.8054e+02   4.5314e+01   0.0000e+00   1.7428e-02   3.2437e+02
20260809_02:00:00   3.0509e+00   2.8064e+02   4.5756e+01   0.0000e+00   2.1811e-03   3.2280e+02
20260809_03:00:00   2.9193e+00   2.7849e+02   4.3332e+01   0.0000e+00   1.6414e-04   3.1954e+02
20260809_04:00:00   2.7485e+00   2.7545e+02   4.1182e+01   0.0000e+00   9.9340e-05   3.1862e+02
20260809_05:00:00   2.6646e+00   2.7341e+02   3.9748e+01   0.0000e+00   0.0000e+00   3.1954e+02
20260809_06:00:00   2.5814e+00   2.7171e+02   3.8518e+01   0.0000e+00   1.9768e-05   3.1932e+02
20260809_07:00:00   2.3189e+00   2.6527e+02   3.4678e+01   0.0000e+00   4.8140e-04   3.1923e+02
20260809_08:00:00   1.9950e+00   2.5443e+02   3.0218e+01   0.0000e+00   1.2138e-03   3.1959e+02
20260809_09:00:00   2.0949e+00   2.5804e+02   3.1542e+01   0.0000e+00   2.9862e-03   3.2084e+02
20260809_10:00:00   2.2485e+00   2.6290e+02   3.3662e+01   0.0000e+00   3.1461e-03   3.2121e+02
20260809_11:00:00   1.9950e+00   2.5417e+02   3.0546e+01   0.0000e+00   2.2462e-03   3.2425e+02
20260809_12:00:00   2.1798e+00   2.6087e+02   3.2995e+01   0.0000e+00   3.8713e-03   3.2806e+02
20260809_13:00:00   2.3281e+00   2.6564e+02   3.5022e+01   0.0000e+00   0.0000e+00   3.2740e+02
20260809_14:00:00   2.3329e+00   2.6636e+02   3.4418e+01   0.0000e+00   0.0000e+00   3.2602e+02
20260809_15:00:00   2.2014e+00   2.6296e+02   3.2619e+01   0.0000e+00   0.0000e+00   3.2490e+02
20260809_16:00:00   2.0776e+00   2.5901e+02   3.0993e+01   0.0000e+00   0.0000e+00   3.2428e+02
20260809_17:00:00   1.8449e+00   2.4967e+02   2.8073e+01   0.0000e+00   0.0000e+00   3.2395e+02
20260809_18:00:00   1.8318e+00   2.4876e+02   2.8327e+01   0.0000e+00   1.9642e-05   3.2200e+02
20260809_19:00:00   1.8287e+00   2.4861e+02   2.8506e+01   0.0000e+00   2.5278e-03   3.2250e+02
20260809_20:00:00   1.8751e+00   2.5088e+02   2.9171e+01   0.0000e+00   1.1392e-04   3.2363e+02
20260809_21:00:00   1.8357e+00   2.4923e+02   2.8662e+01   0.0000e+00   1.8674e-04   3.2385e+02
20260809_22:00:00   1.8313e+00   2.4874e+02   2.8730e+01   0.0000e+00   8.2320e-04   3.2361e+02
20260809_23:00:00   1.8199e+00   2.4776e+02   2.8940e+01   0.0000e+00   2.6742e-04   3.2124e+02
20260810_00:00:00   1.7589e+00   2.4441e+02   2.8381e+01   0.0000e+00   1.5105e-04   3.1986e+02
20260810_01:00:00   1.7207e+00   2.4232e+02   2.7876e+01   0.0000e+00   2.9354e-03   3.1894e+02
20260810_02:00:00   1.7104e+00   2.4168e+02   2.7672e+01   0.0000e+00   2.4640e-03   3.1886e+02
20260810_03:00:00   1.7109e+00   2.4120e+02   2.7971e+01   0.0000e+00   3.5402e-03   3.1684e+02
20260810_04:00:00   1.6592e+00   2.3802e+02   2.7310e+01   0.0000e+00   5.3239e-04   3.1690e+02
20260810_05:00:00   1.6557e+00   2.3745e+02   2.7165e+01   0.0000e+00   2.5108e-03   3.1662e+02
20260810_06:00:00   1.6912e+00   2.3883e+02   2.8010e+01   0.0000e+00   2.8217e-03   3.1458e+02
20260810_07:00:00   1.7736e+00   2.4247e+02   2.9315e+01   0.0000e+00   5.3303e-03   3.1409e+02
20260810_08:00:00   1.8525e+00   2.4576e+02   3.0383e+01   0.0000e+00   1.1925e-03   3.1427e+02
20260810_09:00:00   1.8846e+00   2.4707e+02   3.0764e+01   0.0000e+00   8.3815e-04   3.1537e+02
20260810_10:00:00   1.9007e+00   2.4785e+02   3.0855e+01   0.0000e+00   3.1140e-04   3.1524e+02
20260810_11:00:00   1.9619e+00   2.5042e+02   3.1433e+01   0.0000e+00   0.0000e+00   3.1488e+02
20260810_12:00:00   1.9928e+00   2.5172e+02   3.1827e+01   0.0000e+00   0.0000e+00   3.1469e+02
20260810_13:00:00   2.0358e+00   2.5369e+02   3.2168e+01   0.0000e+00   0.0000e+00   3.1430e+02
20260810_14:00:00   2.0775e+00   2.5568e+02   3.2828e+01   0.0000e+00   2.1140e-05   3.1527e+02
20260810_15:00:00   2.1042e+00   2.5728e+02   3.3296e+01   0.0000e+00   1.9545e-05   3.1519e+02
20260810_16:00:00   2.1069e+00   2.5800e+02   3.3459e+01   0.0000e+00   2.1079e-05   3.1525e+02
20260810_17:00:00   2.2617e+00   2.6360e+02   3.5505e+01   0.0000e+00   0.0000e+00   3.1523e+02
20260810_18:00:00   2.3200e+00   2.6580e+02   3.6535e+01   0.0000e+00   0.0000e+00   3.1601e+02
20260810_21:00:00   2.6107e+00   2.7365e+02   4.1157e+01   2.1935e-04   1.1588e-05   3.1552e+02
20260811_00:00:00   3.1773e+00   2.8143e+02   4.7415e+01   2.9040e-02   1.6857e-01   3.1328e+02
20260811_03:00:00   6.4020e+00   2.9116e+02   5.2832e+01   1.1357e+00   2.7086e-01   3.1447e+02
20260811_06:00:00   3.2744e+00   2.8078e+02   4.7437e+01   0.0000e+00   1.3110e-03   3.1517e+02
20260811_09:00:00   3.6572e+00   2.8368e+02   4.5014e+01   2.9913e-01   1.6853e-01   3.1674e+02
20260811_12:00:00   2.7243e+00   2.7281e+02   3.9947e+01   0.0000e+00   7.2440e-05   3.2234e+02
20260811_15:00:00   2.4555e+00   2.6892e+02   3.5047e+01   0.0000e+00   0.0000e+00   3.2193e+02
20260811_18:00:00   2.1506e+00   2.6048e+02   3.2684e+01   0.0000e+00   6.2400e-05   3.2037e+02
20260811_21:00:00   2.1148e+00   2.5971e+02   3.1872e+01   0.0000e+00   0.0000e+00   3.1731e+02
20260812_00:00:00   1.9695e+00   2.5309e+02   2.9946e+01   0.0000e+00   6.4446e-03   3.1647e+02
20260812_03:00:00   1.7044e+00   2.3914e+02   2.6789e+01   0.0000e+00   3.4204e-02   3.1950e+02
20260812_06:00:00   1.5539e+00   2.2944e+02   2.5165e+01   0.0000e+00   4.0525e-03   3.2252e+02
20260812_09:00:00   1.3971e+00   2.1816e+02   2.2711e+01   0.0000e+00   5.3150e-03   3.2537e+02
20260812_12:00:00   1.3597e+00   2.1545e+02   2.2061e+01   0.0000e+00   9.0903e-04   3.2886e+02
20260812_15:00:00   1.4054e+00   2.1930e+02   2.2569e+01   0.0000e+00   0.0000e+00   3.3334e+02
20260812_18:00:00   1.5514e+00   2.2986e+02   2.4467e+01   0.0000e+00   4.8280e-06   3.2657e+02
20260812_21:00:00   1.6887e+00   2.3859e+02   2.6313e+01   0.0000e+00   1.5132e-04   3.2413e+02
20260813_00:00:00   1.7247e+00   2.4048e+02   2.6473e+01   0.0000e+00   8.7700e-04   3.2559e+02
20260813_03:00:00   1.9610e+00   2.5009e+02   2.9972e+01   0.0000e+00   2.5760e-05   3.2068e+02
20260813_06:00:00   2.1939e+00   2.5783e+02   3.3881e+01   0.0000e+00   6.2938e-03   3.1724e+02
20260813_09:00:00   2.8760e+00   2.7356e+02   4.2635e+01   3.6040e-03   2.0708e-02   3.1669e+02
20260813_12:00:00   3.5210e+00   2.8241e+02   5.1089e+01   8.1119e-05   1.3914e-01   3.1985e+02
20260813_15:00:00   3.7364e+00   2.8506e+02   4.9249e+01   9.0361e-02   4.4715e-02   3.2453e+02
20260813_18:00:00   2.6604e+00   2.7381e+02   3.7991e+01   5.1542e-03   5.2782e-04   3.2831e+02
20260813_21:00:00   1.9728e+00   2.5316e+02   2.9707e+01   0.0000e+00   0.0000e+00   3.3290e+02
20260814_00:00:00   8.2140e-01   1.6504e+02   1.3019e+01   0.0000e+00   0.0000e+00   3.3936e+02
20260814_03:00:00   6.9116e-01   1.4651e+02   1.0714e+01   0.0000e+00   0.0000e+00   3.3889e+02
20260814_06:00:00   8.2272e-01   1.6299e+02   1.2453e+01   0.0000e+00   0.0000e+00   3.4100e+02
20260814_09:00:00   8.8643e-01   1.7016e+02   1.3384e+01   0.0000e+00   0.0000e+00   3.4367e+02
20260814_12:00:00   9.5145e-01   1.7695e+02   1.4623e+01   0.0000e+00   0.0000e+00   3.5153e+02
20260814_15:00:00   1.1820e+00   1.9997e+02   1.7993e+01   0.0000e+00   0.0000e+00   3.5852e+02
20260814_18:00:00   1.3313e+00   2.1267e+02   2.0876e+01   0.0000e+00   0.0000e+00   3.6489e+02
20260814_21:00:00   1.4001e+00   2.1896e+02   2.1702e+01   1.1582e-04   0.0000e+00   3.5964e+02
20260815_00:00:00   1.5160e+00   2.2565e+02   2.3262e+01   1.0232e-04   0.0000e+00   3.5173e+02
20260815_03:00:00   1.5007e+00   2.2356e+02   2.3629e+01   3.1920e-04   9.6560e-05   3.5285e+02
20260815_06:00:00   1.1900e+00   2.0085e+02   1.8207e+01   0.0000e+00   0.0000e+00   3.5778e+02
20260815_09:00:00   1.1965e+00   2.0092e+02   1.8542e+01   0.0000e+00   1.9794e-04   3.5567e+02
20260815_12:00:00   1.2629e+00   2.0631e+02   1.9474e+01   0.0000e+00   7.2678e-04   3.4231e+02
20260815_15:00:00   1.3439e+00   2.1331e+02   2.0810e+01   0.0000e+00   2.1020e-03   3.3959e+02
20260815_18:00:00   1.4143e+00   2.1924e+02   2.2227e+01   0.0000e+00   1.1482e-05   3.3464e+02
20260815_21:00:00   1.5889e+00   2.3105e+02   2.5071e+01   8.0960e-04   6.0021e-04   3.3004e+02
20260816_00:00:00   1.7649e+00   2.4014e+02   2.7730e+01   3.4840e-03   9.8400e-05   3.2578e+02
20260816_03:00:00   1.8551e+00   2.4281e+02   2.9321e+01   0.0000e+00   1.6666e-02   3.1902e+02
20260816_06:00:00   1.9577e+00   2.4609e+02   3.1649e+01   0.0000e+00   7.8694e-03   3.1791e+02
20260816_09:00:00   2.5582e+00   2.6321e+02   3.2340e+01   2.1038e-01   1.1977e-03   3.1968e+02
20260816_12:00:00   1.8712e+00   2.4320e+02   2.8599e+01   0.0000e+00   0.0000e+00   3.2140e+02
20260816_15:00:00   1.8391e+00   2.4320e+02   2.7645e+01   0.0000e+00   3.1800e-06   3.2243e+02
20260816_18:00:00   2.2502e+00   2.5909e+02   3.0932e+01   8.2935e-02   8.9669e-04   3.2245e+02
20260816_21:00:00   3.4525e+00   2.7871e+02   3.2990e+01   5.2519e-01   3.5564e-04   3.1877e+02
20260817_00:00:00   2.1782e+00   2.5684e+02   3.1022e+01   2.9086e-02   6.7453e-03   3.2013e+02
20260817_03:00:00   2.0786e+00   2.5290e+02   2.8911e+01   2.7680e-02   5.4507e-03   3.2074e+02
20260817_06:00:00   1.8789e+00   2.4437e+02   2.7163e+01   0.0000e+00   8.7176e-05   3.1740e+02
20260817_09:00:00   1.7883e+00   2.3904e+02   2.6026e+01   0.0000e+00   1.2928e-02   3.1658e+02
20260817_12:00:00   1.7598e+00   2.3720e+02   2.5668e+01   0.0000e+00   6.5254e-03   3.1713e+02
20260817_15:00:00   1.7216e+00   2.3631e+02   2.5099e+01   9.6560e-06   4.6702e-02   3.1778e+02
20260817_18:00:00   2.2140e+00   2.5666e+02   2.6087e+01   1.6915e-01   0.0000e+00   3.1987e+02
20260817_21:00:00   1.9933e+00   2.4885e+02   2.8166e+01   2.8382e-02   0.0000e+00   3.1849e+02
20260818_00:00:00   2.0485e+00   2.5049e+02   2.9995e+01   8.3263e-05   0.0000e+00   3.1803e+02
20260818_03:00:00   2.0769e+00   2.5122e+02   2.9634e+01   4.7124e-03   0.0000e+00   3.1962e+02
20260818_06:00:00   1.9325e+00   2.4579e+02   2.7710e+01   1.6031e-03   8.4684e-04   3.2535e+02
20260818_09:00:00   1.7921e+00   2.3910e+02   2.6584e+01   4.4320e-03   1.0889e-03   3.3596e+02
20260818_12:00:00   1.6651e+00   2.3189e+02   2.5482e+01   0.0000e+00   6.1636e-03   3.4141e+02
20260818_15:00:00   1.7091e+00   2.3472e+02   2.5727e+01   2.5040e-04   2.9312e-05   3.4576e+02
20260818_18:00:00   2.7920e+00   2.6583e+02   2.2510e+01   5.4883e-01   1.0423e-02   3.5461e+02
20260818_21:00:00   1.4891e+00   2.2154e+02   2.0512e+01   4.4777e-02   4.6266e-04   3.6112e+02
20260819_00:00:00   1.2821e+00   2.0639e+02   1.8891e+01   8.1080e-05   1.7538e-05   3.6321e+02
20260819_03:00:00   1.0986e+00   1.9004e+02   1.6334e+01   0.0000e+00   0.0000e+00   3.6208e+02
20260819_06:00:00   1.2125e+00   1.9978e+02   1.7786e+01   0.0000e+00   0.0000e+00   3.7327e+02
20260819_09:00:00   1.2860e+00   2.0513e+02   1.8727e+01   0.0000e+00   0.0000e+00   3.7157e+02
20260819_12:00:00   1.3103e+00   2.0675e+02   1.9123e+01   0.0000e+00   0.0000e+00   3.7361e+02
20260819_15:00:00   1.3186e+00   2.0807e+02   1.9485e+01   2.6160e-04   0.0000e+00   3.8022e+02
20260819_18:00:00   1.7244e+00   2.3233e+02   1.8984e+01   1.9919e-01   2.1362e-04   3.8102e+02
20260819_21:00:00   1.4231e+00   2.1597e+02   2.0322e+01   2.8798e-02   2.9460e-04   3.7916e+02
20260820_00:00:00   2.6529e+00   2.6156e+02   2.3319e+01   4.5817e-01   1.8072e-01   3.7844e+02
20260820_03:00:00   1.3770e+00   2.1244e+02   2.0250e+01   3.4797e-04   1.5486e-05   3.8421e+02
20260820_06:00:00   1.2389e+00   2.0160e+02   1.8436e+01   1.0070e-04   2.7720e-07   3.8956e+02
20260820_09:00:00   1.2582e+00   2.0272e+02   1.8588e+01   0.0000e+00   0.0000e+00   3.8717e+02
20260820_12:00:00   1.2876e+00   2.0506e+02   1.8822e+01   0.0000e+00   0.0000e+00   3.8505e+02
20260820_15:00:00   1.3627e+00   2.1192e+02   1.9772e+01   0.0000e+00   0.0000e+00   3.6472e+02
20260820_18:00:00   2.2706e+00   2.5425e+02   2.0891e+01   3.3345e-01   5.1751e-04   3.5801e+02
20260820_21:00:00   1.3363e+00   2.1125e+02   1.9296e+01   1.4540e-03   4.3520e-03   3.5279e+02
20260821_00:00:00   1.3278e+00   2.1007e+02   1.9177e+01   0.0000e+00   1.4264e-02   3.4482e+02
20260821_03:00:00   1.2291e+00   2.0180e+02   1.7955e+01   0.0000e+00   2.2476e-03   3.4313e+02
20260821_06:00:00   1.1956e+00   1.9865e+02   1.7364e+01   0.0000e+00   3.2100e-06   3.3936e+02
20260821_09:00:00   1.1110e+00   1.9086e+02   1.6361e+01   0.0000e+00   9.1620e-07   3.4069e+02
20260821_12:00:00   1.0282e+00   1.8256e+02   1.5529e+01   0.0000e+00   1.2957e-02   3.4288e+02
20260821_15:00:00   1.0678e+00   1.8738e+02   1.6318e+01   0.0000e+00   1.9267e-02   3.4231e+02
20260821_18:00:00   1.0942e+00   1.9043e+02   1.7328e+01   0.0000e+00   2.6937e-02   3.4186e+02
