#            date       tau255        Tb[K]      pwv[mm] lwp[kg*m^-2] iwp[kg*m^-2]       o3[DU]
20260808_00:00:00   2.6658e+00   2.7516e+02   4.1689e+01   0.0000e+00   0.0000e+00   3.1829e+02
20260808_01:00:00   2.7330e+00   2.7603e+02   4.2647e+01   0.0000e+00   1.2308e-03   3.1580e+02
20260808_02:00:00   2.7821e+00   2.7665e+02   4.3294e+01   0.0000e+00   2.1593e-02   3.1415e+02
20260808_03:00:00   2.8988e+00   2.7825e+02   4.4619e+01   0.0000e+00   7.5788e-02   3.1333e+02
20260808_04:00:00   3.1729e+00   2.8167e+02   4.8123e+01   3.3703e-03   7.8847e-02   3.1527e+02
20260808_05:00:00   3.8383e+00   2.8738e+02   5.0788e+01   1.8575e-01   8.9146e-03   3.2054e+02
20260808_06:00:00   3.4839e+00   2.8461e+02   5.0174e+01   5.5364e-02   3.7059e-02   3.2109e+02
20260808_07:00:00   3.3447e+00   2.8291e+02   4.9728e+01   1.3066e-02   4.3571e-02   3.2084e+02
20260808_08:00:00   3.2799e+00   2.8198e+02   4.9131e+01   1.6167e-05   2.5122e-03   3.2482e+02
20260808_09:00:00   3.2359e+00   2.8120e+02   4.8239e+01   0.0000e+00   1.9610e-03   3.2559e+02
20260808_10:00:00   3.1345e+00   2.7976e+02   4.7073e+01   0.0000e+00   5.1650e-04   3.2125e+02
20260808_11:00:00   3.0980e+00   2.7917e+02   4.6685e+01   0.0000e+00   1.6811e-03   3.1693e+02
20260808_12:00:00   3.0557e+00   2.7877e+02   4.5749e+01   0.0000e+00   7.5846e-04   3.1575e+02
20260808_13:00:00   3.0522e+00   2.7907e+02   4.5343e+01   0.0000e+00   1.1594e-03   3.1767e+02
20260808_14:00:00   3.0197e+00   2.7924e+02   4.4756e+01   0.0000e+00   1.1322e-03   3.1793e+02
20260808_15:00:00   2.9322e+00   2.7876e+02   4.3844e+01   0.0000e+00   6.1307e-03   3.1911e+02
20260808_16:00:00   2.8822e+00   2.7867e+02   4.2975e+01   0.0000e+00   6.3307e-03   3.2038e+02
20260808_17:00:00   2.8077e+00   2.7800e+02   4.1768e+01   2.6640e-03   4.6850e-03   3.2099e+02
20260808_18:00:00   2.8204e+00   2.7864e+02   4.1552e+01   2.0077e-02   1.1650e-03   3.1873e+02
20260808_19:00:00   3.2870e+00   2.8513e+02   4.1920e+01   2.0405e-01   2.7544e-05   3.1830e+02
20260808_20:00:00   3.5931e+00   2.8801e+02   4.2690e+01   2.9993e-01   0.0000e+00   3.1837e+02
20260808_21:00:00   2.8511e+00   2.7922e+02   4.2213e+01   4.1220e-02   4.1911e-03   3.1922e+02
20260808_22:00:00   2.8565e+00   2.7918e+02   4.3262e+01   1.8476e-02   3.1611e-02   3.1966e+02
20260808_23:00:00   2.9969e+00   2.8094e+02   4.5898e+01   0.0000e+00   1.9170e-02   3.2035e+02
20260809_00:00:00   3.5728e+00   2.8596e+02   4.9025e+01   9.7329e-02   5.4172e-01   3.2030e+02
20260809_01:00:00   3.2105e+00   2.8219e+02   4.5248e+01   3.7997e-02   1.9275e-03   3.2279e+02
20260809_02:00:00   2.7757e+00   2.7606e+02   4.1208e+01   0.0000e+00   0.0000e+00   3.2316e+02
20260809_03:00:00   2.6236e+00   2.7268e+02   3.9984e+01   0.0000e+00   0.0000e+00   3.2237e+02
20260809_04:00:00   2.5482e+00   2.7084e+02   3.8864e+01   0.0000e+00   0.0000e+00   3.2128e+02
20260809_05:00:00   2.4679e+00   2.6882e+02   3.7476e+01   0.0000e+00   0.0000e+00   3.2052e+02
20260809_06:00:00   2.4037e+00   2.6717e+02   3.6334e+01   0.0000e+00   0.0000e+00   3.2031e+02
20260809_07:00:00   2.2413e+00   2.6251e+02   3.4172e+01   0.0000e+00   4.8280e-06   3.2031e+02
20260809_08:00:00   2.0315e+00   2.5526e+02   3.1328e+01   0.0000e+00   3.8478e-03   3.2144e+02
20260809_09:00:00   2.1234e+00   2.5847e+02   3.2831e+01   0.0000e+00   1.1428e-02   3.2340e+02
20260809_10:00:00   2.2074e+00   2.6117e+02   3.4138e+01   0.0000e+00   8.8586e-03   3.2478e+02
20260809_11:00:00   2.2520e+00   2.6260e+02   3.5136e+01   0.0000e+00   3.0004e-04   3.2661e+02
20260809_12:00:00   2.3734e+00   2.6624e+02   3.6539e+01   0.0000e+00   0.0000e+00   3.2849e+02
20260809_13:00:00   2.5529e+00   2.7106e+02   3.8594e+01   0.0000e+00   0.0000e+00   3.2766e+02
20260809_14:00:00   2.5645e+00   2.7191e+02   3.8205e+01   0.0000e+00   0.0000e+00   3.2763e+02
20260809_15:00:00   2.5846e+00   2.7281e+02   3.7996e+01   0.0000e+00   0.0000e+00   3.2619e+02
20260809_16:00:00   2.5407e+00   2.7240e+02   3.6985e+01   1.9542e-03   0.0000e+00   3.2584e+02
20260809_17:00:00   2.4779e+00   2.7150e+02   3.5825e+01   9.2820e-03   0.0000e+00   3.2701e+02
20260809_18:00:00   2.4794e+00   2.7168e+02   3.4044e+01   6.7130e-02   0.0000e+00   3.2735e+02
20260809_19:00:00   2.1678e+00   2.6253e+02   3.1238e+01   3.5439e-02   0.0000e+00   3.2607e+02
20260809_20:00:00   1.9480e+00   2.5410e+02   3.0037e+01   8.0020e-04   0.0000e+00   3.2614e+02
20260809_21:00:00   1.8018e+00   2.4747e+02   2.8180e+01   0.0000e+00   0.0000e+00   3.2919e+02
20260809_22:00:00   1.6892e+00   2.4133e+02   2.6571e+01   0.0000e+00   0.0000e+00   3.2817e+02
20260809_23:00:00   1.6359e+00   2.3813e+02   2.5776e+01   0.0000e+00   0.0000e+00   3.2543e+02
20260810_00:00:00   1.5547e+00   2.3304e+02   2.4579e+01   0.0000e+00   0.0000e+00   3.2675e+02
20260810_01:00:00   1.3603e+00   2.1922e+02   2.2252e+01   0.0000e+00   0.0000e+00   3.2601e+02
20260810_02:00:00   1.2499e+00   2.1011e+02   2.0942e+01   0.0000e+00   0.0000e+00   3.2435e+02
20260810_03:00:00   1.2784e+00   2.1238e+02   2.1196e+01   0.0000e+00   0.0000e+00   3.2227e+02
20260810_04:00:00   1.3423e+00   2.1728e+02   2.1976e+01   0.0000e+00   0.0000e+00   3.2128e+02
20260810_05:00:00   1.4442e+00   2.2423e+02   2.3404e+01   0.0000e+00   1.5394e-05   3.2009e+02
20260810_06:00:00   1.4443e+00   2.2387e+02   2.3541e+01   0.0000e+00   1.9836e-05   3.1902e+02
20260810_07:00:00   1.4040e+00   2.2064e+02   2.3259e+01   0.0000e+00   9.1980e-04   3.1937e+02
20260810_08:00:00   1.3762e+00   2.1843e+02   2.2911e+01   0.0000e+00   1.1058e-03   3.1914e+02
20260810_09:00:00   1.3958e+00   2.1963e+02   2.3159e+01   0.0000e+00   1.4028e-04   3.1944e+02
20260810_10:00:00   1.4812e+00   2.2499e+02   2.4381e+01   0.0000e+00   6.5136e-04   3.2009e+02
20260810_11:00:00   1.4452e+00   2.2266e+02   2.3757e+01   0.0000e+00   2.8444e-04   3.1993e+02
20260810_12:00:00   1.5060e+00   2.2629e+02   2.5238e+01   0.0000e+00   3.2720e-04   3.2017e+02
20260810_13:00:00   1.5469e+00   2.2881e+02   2.6118e+01   0.0000e+00   3.3355e-05   3.1936e+02
20260810_14:00:00   1.5793e+00   2.3125e+02   2.6521e+01   0.0000e+00   8.4590e-04   3.2073e+02
20260810_15:00:00   1.6980e+00   2.3855e+02   2.8016e+01   0.0000e+00   2.4924e-04   3.2053e+02
20260810_16:00:00   2.1205e+00   2.5695e+02   3.4191e+01   0.0000e+00   6.3573e-04   3.1905e+02
20260810_17:00:00   2.1741e+00   2.5968e+02   3.4286e+01   0.0000e+00   1.4938e-03   3.1912e+02
20260810_18:00:00   2.1735e+00   2.6054e+02   3.4184e+01   1.1356e-06   4.8120e-05   3.2024e+02
20260810_19:00:00   2.1309e+00   2.5954e+02   3.3634e+01   6.1780e-04   0.0000e+00   3.2035e+02
20260810_20:00:00   2.6541e+00   2.7397e+02   3.6895e+01   1.0972e-01   0.0000e+00   3.2215e+02
20260810_21:00:00   2.8215e+00   2.7714e+02   3.9266e+01   1.1860e-01   2.1340e-04   3.2317e+02
20260810_22:00:00   3.2685e+00   2.8316e+02   4.3103e+01   1.8473e-01   2.0839e-01   3.2099e+02
20260810_23:00:00   3.7343e+00   2.8553e+02   4.6711e+01   2.4067e-01   1.5623e-01   3.2192e+02
20260811_00:00:00   3.0460e+00   2.7910e+02   4.5404e+01   1.6729e-02   4.2508e-02   3.2216e+02
20260811_01:00:00   2.9728e+00   2.7794e+02   4.4591e+01   5.8397e-03   2.5085e-02   3.2340e+02
20260811_02:00:00   2.9551e+00   2.7780e+02   4.3647e+01   9.1471e-05   4.3565e-03   3.2526e+02
20260811_03:00:00   2.8917e+00   2.7679e+02   4.1949e+01   0.0000e+00   0.0000e+00   3.2529e+02
20260811_04:00:00   2.7194e+00   2.7393e+02   3.9347e+01   0.0000e+00   6.8434e-04   3.2376e+02
20260811_05:00:00   2.6858e+00   2.7308e+02   3.8735e+01   0.0000e+00   5.0832e-03   3.2338e+02
20260811_06:00:00   2.6731e+00   2.7244e+02   3.8506e+01   0.0000e+00   1.1752e-02   3.2487e+02
20260811_07:00:00   2.5945e+00   2.7061e+02   3.7256e+01   0.0000e+00   1.5568e-02   3.2398e+02
20260811_08:00:00   2.4312e+00   2.6676e+02   3.4814e+01   0.0000e+00   1.0746e-05   3.2399e+02
20260811_09:00:00   2.2744e+00   2.6238e+02   3.2727e+01   0.0000e+00   0.0000e+00   3.2372e+02
20260811_10:00:00   2.1396e+00   2.5810e+02   3.1275e+01   0.0000e+00   5.9853e-05   3.2209e+02
20260811_11:00:00   2.1207e+00   2.5735e+02   3.1332e+01   0.0000e+00   0.0000e+00   3.2363e+02
20260811_12:00:00   1.9874e+00   2.5236e+02   3.0096e+01   0.0000e+00   1.9642e-05   3.2389e+02
20260811_13:00:00   2.0306e+00   2.5421e+02   3.1007e+01   0.0000e+00   3.0964e-03   3.2380e+02
20260811_14:00:00   2.0197e+00   2.5432e+02   3.1053e+01   0.0000e+00   5.5441e-03   3.2535e+02
20260811_15:00:00   2.0197e+00   2.5461e+02   3.1582e+01   0.0000e+00   1.8099e-03   3.2322e+02
20260811_16:00:00   2.0721e+00   2.5710e+02   3.2309e+01   0.0000e+00   6.2428e-04   3.2077e+02
20260811_17:00:00   2.1173e+00   2.5919e+02   3.3320e+01   0.0000e+00   1.9351e-03   3.1926e+02
20260811_18:00:00   2.2484e+00   2.6356e+02   3.4792e+01   2.7360e-02   3.1358e-04   3.1865e+02
20260811_19:00:00   2.4654e+00   2.6944e+02   3.8189e+01   2.6361e-02   6.1940e-05   3.1711e+02
20260811_20:00:00   2.4024e+00   2.6807e+02   3.8401e+01   0.0000e+00   1.6834e-04   3.1817e+02
20260811_21:00:00   2.4509e+00   2.6929e+02   3.9175e+01   0.0000e+00   4.3473e-04   3.1854e+02
20260811_22:00:00   2.8917e+00   2.7747e+02   4.1571e+01   1.1628e-01   7.0589e-03   3.1797e+02
20260811_23:00:00   2.9744e+00   2.7871e+02   4.2065e+01   1.2912e-01   3.6493e-02   3.1962e+02
20260812_00:00:00   4.2374e+00   2.8872e+02   4.4170e+01   5.6396e-01   9.1898e-02   3.1853e+02
20260812_01:00:00   5.5133e+00   2.9121e+02   4.7280e+01   9.6954e-01   8.5535e-02   3.1893e+02
20260812_02:00:00   5.5943e+00   2.9034e+02   4.9952e+01   9.2785e-01   9.1997e-01   3.1943e+02
20260812_03:00:00   3.8751e+00   2.8525e+02   5.0624e+01   1.8155e-01   7.0951e-01   3.1987e+02
20260812_04:00:00   5.6428e+00   2.8961e+02   5.2063e+01   8.3217e-01   8.7181e-01   3.1897e+02
20260812_05:00:00   5.1024e+00   2.8841e+02   5.2445e+01   5.8694e-01   5.0002e-01   3.1919e+02
20260812_06:00:00   6.0079e+00   2.8902e+02   5.1556e+01   1.0039e+00   1.6714e-01   3.1905e+02
20260812_07:00:00   5.9093e+00   2.8910e+02   4.9716e+01   9.8508e-01   1.0675e-01   3.1922e+02
20260812_08:00:00   3.5484e+00   2.8190e+02   4.5337e+01   1.3423e-01   3.0879e-04   3.2311e+02
20260812_09:00:00   4.0070e+00   2.8501e+02   4.5816e+01   2.6657e-01   1.3743e-05   3.2642e+02
20260812_10:00:00   5.6925e+00   2.8961e+02   4.4498e+01   9.2634e-01   5.5124e-07   3.3206e+02
20260812_11:00:00   5.9646e+00   2.8916e+02   4.3296e+01   1.0656e+00   0.0000e+00   3.3422e+02
20260812_12:00:00   3.6966e+00   2.8165e+02   4.0746e+01   2.8392e-01   0.0000e+00   3.3302e+02
20260812_13:00:00   2.8163e+00   2.7129e+02   3.8625e+01   2.2384e-02   2.1160e-04   3.3189e+02
20260812_14:00:00   2.7156e+00   2.6979e+02   3.7266e+01   3.0969e-02   1.7481e-03   3.3165e+02
20260812_15:00:00   2.6796e+00   2.6972e+02   3.6436e+01   4.3243e-02   6.8634e-04   3.3235e+02
20260812_16:00:00   2.5343e+00   2.6720e+02   3.5869e+01   1.4237e-02   6.0760e-04   3.3047e+02
20260812_17:00:00   2.5568e+00   2.6829e+02   3.6137e+01   1.9172e-02   7.1126e-04   3.3086e+02
20260812_18:00:00   2.9446e+00   2.7608e+02   3.6960e+01   1.4187e-01   1.6368e-03   3.3001e+02
20260812_19:00:00   2.8511e+00   2.7452e+02   3.6834e+01   1.0330e-01   9.0120e-05   3.3060e+02
20260812_20:00:00   2.5689e+00   2.6910e+02   3.6581e+01   1.0823e-03   1.4942e-03   3.2945e+02
20260812_21:00:00   2.5893e+00   2.6967e+02   3.6562e+01   0.0000e+00   0.0000e+00   3.3073e+02
20260812_22:00:00   2.5321e+00   2.6844e+02   3.5962e+01   0.0000e+00   0.0000e+00   3.3137e+02
20260812_23:00:00   2.3642e+00   2.6393e+02   3.3767e+01   1.2301e-02   0.0000e+00   3.3357e+02
20260813_00:00:00   2.0865e+00   2.5502e+02   3.0793e+01   6.9300e-07   0.0000e+00   3.3505e+02
20260813_03:00:00   1.8184e+00   2.4225e+02   2.7863e+01   0.0000e+00   0.0000e+00   3.3888e+02
20260813_06:00:00   1.2593e+00   2.0696e+02   1.9969e+01   0.0000e+00   0.0000e+00   3.4203e+02
20260813_09:00:00   1.3066e+00   2.0996e+02   2.0618e+01   0.0000e+00   0.0000e+00   3.4125e+02
20260813_12:00:00   1.4576e+00   2.2109e+02   2.2750e+01   0.0000e+00   8.5333e-04   3.4803e+02
20260813_15:00:00   1.6017e+00   2.3136e+02   2.4768e+01   0.0000e+00   2.0196e-03   3.5024e+02
20260813_18:00:00   1.8887e+00   2.4610e+02   2.8295e+01   3.5902e-02   7.0680e-03   3.4638e+02
20260813_21:00:00   1.7542e+00   2.4026e+02   2.8340e+01   0.0000e+00   1.8118e-03   3.3839e+02
20260814_00:00:00   1.9686e+00   2.4945e+02   3.1801e+01   1.4732e-05   5.0823e-02   3.3347e+02
20260814_03:00:00   2.1622e+00   2.5588e+02   3.4469e+01   0.0000e+00   8.1567e-02   3.2972e+02
20260814_06:00:00   2.3158e+00   2.6046e+02   3.6691e+01   0.0000e+00   1.8456e-01   3.2678e+02
20260814_09:00:00   5.2198e+00   2.8549e+02   4.4649e+01   8.9132e-01   6.2219e-01   3.1962e+02
20260814_12:00:00   7.6031e+00   2.8877e+02   4.3524e+01   1.7080e+00   1.8168e-07   3.2145e+02
20260814_15:00:00   3.0256e+00   2.7600e+02   3.3226e+01   2.0722e-01   0.0000e+00   3.2907e+02
20260814_18:00:00   1.3658e+00   2.1860e+02   2.0181e+01   0.0000e+00   0.0000e+00   3.3569e+02
20260814_21:00:00   1.3593e+00   2.1800e+02   2.0190e+01   0.0000e+00   0.0000e+00   3.3956e+02
20260815_00:00:00   1.4328e+00   2.2156e+02   2.0827e+01   0.0000e+00   0.0000e+00   3.4346e+02
20260815_03:00:00   1.3742e+00   2.1597e+02   2.0474e+01   0.0000e+00   0.0000e+00   3.3615e+02
20260815_06:00:00   1.3713e+00   2.1518e+02   2.0748e+01   0.0000e+00   0.0000e+00   3.3459e+02
20260815_09:00:00   1.3522e+00   2.1341e+02   2.0856e+01   0.0000e+00   0.0000e+00   3.3230e+02
20260815_12:00:00   1.3291e+00   2.1140e+02   2.0788e+01   0.0000e+00   0.0000e+00   3.3154e+02
20260815_15:00:00   1.3513e+00   2.1284e+02   2.1555e+01   0.0000e+00   0.0000e+00   3.2752e+02
20260815_18:00:00   1.4186e+00   2.1772e+02   2.3409e+01   0.0000e+00   0.0000e+00   3.2480e+02
20260815_21:00:00   1.7587e+00   2.3786e+02   2.7595e+01   1.7549e-02   2.3183e-03   3.2290e+02
20260816_00:00:00   1.7485e+00   2.3612e+02   2.7931e+01   1.3273e-03   6.8903e-03   3.2451e+02
20260816_03:00:00   1.6592e+00   2.3066e+02   2.5996e+01   0.0000e+00   1.4260e-01   3.2926e+02
20260816_06:00:00   1.4911e+00   2.2035e+02   2.3090e+01   0.0000e+00   3.0270e-03   3.3576e+02
20260816_09:00:00   1.3011e+00   2.0620e+02   2.0474e+01   0.0000e+00   4.0594e-03   3.4554e+02
20260816_12:00:00   1.1202e+00   1.9219e+02   1.6803e+01   0.0000e+00   0.0000e+00   3.6443e+02
20260816_15:00:00   1.0727e+00   1.8820e+02   1.5987e+01   0.0000e+00   0.0000e+00   3.7180e+02
20260816_18:00:00   1.0508e+00   1.8618e+02   1.6281e+01   6.4760e-04   0.0000e+00   3.7411e+02
20260816_21:00:00   1.0825e+00   1.8982e+02   1.6771e+01   0.0000e+00   1.3366e-04   3.7040e+02
20260817_00:00:00   1.0955e+00   1.9079e+02   1.6787e+01   0.0000e+00   9.2400e-08   3.6804e+02
20260817_03:00:00   1.2020e+00   1.9905e+02   1.7978e+01   3.3400e-04   1.5806e-05   3.6967e+02
20260817_06:00:00   1.1159e+00   1.9104e+02   1.6780e+01   0.0000e+00   2.0560e-06   3.7121e+02
20260817_09:00:00   1.0470e+00   1.8456e+02   1.5614e+01   0.0000e+00   0.0000e+00   3.7189e+02
20260817_12:00:00   9.5682e-01   1.7556e+02   1.4333e+01   0.0000e+00   0.0000e+00   3.6725e+02
20260817_15:00:00   9.7972e-01   1.7858e+02   1.4654e+01   0.0000e+00   0.0000e+00   3.6113e+02
20260817_18:00:00   1.0449e+00   1.8573e+02   1.6068e+01   0.0000e+00   3.5240e-03   3.4897e+02
20260817_21:00:00   1.0579e+00   1.8735e+02   1.6746e+01   0.0000e+00   9.1153e-04   3.4132e+02
20260818_00:00:00   1.1629e+00   1.9696e+02   1.8280e+01   7.4280e-04   4.4592e-05   3.3880e+02
20260818_03:00:00   1.2119e+00   2.0110e+02   1.8665e+01   0.0000e+00   1.3493e-04   3.3714e+02
20260818_06:00:00   1.1952e+00   1.9897e+02   1.8757e+01   0.0000e+00   2.6694e-04   3.3508e+02
20260818_09:00:00   1.1421e+00   1.9378e+02   1.8265e+01   0.0000e+00   1.8675e-03   3.3152e+02
20260818_12:00:00   1.2601e+00   2.0291e+02   2.0456e+01   0.0000e+00   6.8430e-02   3.2929e+02
20260818_15:00:00   1.3718e+00   2.1178e+02   2.2244e+01   0.0000e+00   8.9294e-02   3.3016e+02
20260818_18:00:00   1.4659e+00   2.1984e+02   2.3270e+01   2.2140e-03   2.3053e-03   3.2986e+02
20260818_21:00:00   2.5066e+00   2.6162e+02   2.7679e+01   2.9616e-01   1.6876e-03   3.3288e+02
20260819_00:00:00   2.0207e+00   2.4797e+02   2.9357e+01   1.4746e-02   9.2727e-04   3.2870e+02
20260819_03:00:00   2.4616e+00   2.6012e+02   2.9459e+01   1.8355e-01   8.6251e-03   3.3255e+02
20260819_06:00:00   2.3797e+00   2.5780e+02   2.8639e+01   1.7605e-01   4.1417e-02   3.3433e+02
20260819_09:00:00   3.9054e+00   2.7700e+02   3.0129e+01   7.7881e-01   6.0812e-02   3.3555e+02
20260819_12:00:00   2.9410e+00   2.6769e+02   3.0952e+01   3.7051e-01   2.6492e-02   3.3657e+02
20260819_15:00:00   3.2246e+00   2.7146e+02   3.2736e+01   4.4581e-01   8.5196e-02   3.3300e+02
20260819_18:00:00   3.8852e+00   2.7683e+02   3.5918e+01   5.9462e-01   5.2662e-01   3.3035e+02
20260819_21:00:00   4.8457e+00   2.8070e+02   3.7740e+01   9.1431e-01   4.2458e-01   3.3353e+02
20260820_00:00:00   3.0669e+00   2.7051e+02   3.7042e+01   1.9702e-01   1.3993e-01   3.4020e+02
20260820_03:00:00   3.3641e+00   2.7417e+02   3.5609e+01   3.4255e-01   7.0940e-03   3.4327e+02
20260820_06:00:00   2.8699e+00   2.6897e+02   3.3198e+01   1.7813e-01   1.7840e-05   3.3941e+02
20260820_09:00:00   3.0130e+00   2.7181e+02   3.2178e+01   2.5125e-01   0.0000e+00   3.3831e+02
20260820_12:00:00   3.5167e+00   2.7809e+02   3.2285e+01   4.3198e-01   0.0000e+00   3.4133e+02
20260820_15:00:00   5.5118e+00   2.8658e+02   3.5713e+01   1.1024e+00   9.9720e-05   3.4095e+02
20260820_18:00:00   4.5603e+00   2.8509e+02   3.6092e+01   7.1705e-01   2.9383e-03   3.4087e+02
20260820_21:00:00   4.9238e+00   2.8718e+02   3.8308e+01   7.9514e-01   2.4921e-03   3.4041e+02
20260821_00:00:00   3.5336e+00   2.8120e+02   3.8942e+01   2.5330e-01   1.8868e-02   3.4231e+02
20260821_03:00:00   3.0446e+00   2.7567e+02   3.8909e+01   7.7523e-02   4.4753e-03   3.3821e+02
20260821_06:00:00   2.7729e+00   2.7095e+02   3.8778e+01   1.1112e-02   0.0000e+00   3.2931e+02
20260821_09:00:00   2.7128e+00   2.6950e+02   3.8418e+01   1.4847e-04   9.6560e-06   3.2925e+02
20260821_12:00:00   2.9493e+00   2.7385e+02   4.1178e+01   1.5939e-04   1.0198e-05   3.2826e+02
20260821_15:00:00   3.0259e+00   2.7662e+02   4.1473e+01   3.7089e-02   4.1520e-05   3.2481e+02
20260821_18:00:00   3.1062e+00   2.7845e+02   4.3868e+01   4.0183e-04   2.6956e-03   3.2086e+02
20260821_21:00:00   3.1559e+00   2.7901e+02   4.5455e+01   3.6581e-04   1.1387e-01   3.2068e+02
20260822_00:00:00   3.3276e+00   2.8033e+02   4.8037e+01   1.3500e-03   3.7651e-01   3.1712e+02
20260822_03:00:00   3.6715e+00   2.8279e+02   4.7919e+01   1.4805e-01   3.2517e-01   3.1603e+02
20260822_06:00:00   3.4591e+00   2.8090e+02   4.6075e+01   1.2955e-01   1.0005e-01   3.1575e+02
20260822_09:00:00   4.7520e+00   2.8742e+02   4.7028e+01   5.7970e-01   1.8542e-02   3.1635e+02
20260822_12:00:00   2.4746e+00   2.6231e+02   3.5604e+01   8.4454e-03   0.0000e+00   3.1970e+02
20260822_15:00:00   7.3315e-01   1.5146e+02   1.0971e+01   0.0000e+00   0.0000e+00   3.2778e+02
20260822_18:00:00   8.0743e-01   1.6058e+02   1.2825e+01   0.0000e+00   0.0000e+00   3.3222e+02
20260822_21:00:00   9.1538e-01   1.7295e+02   1.4590e+01   0.0000e+00   2.5446e-04   3.3542e+02
20260823_00:00:00   1.0486e+00   1.8618e+02   1.5821e+01   0.0000e+00   0.0000e+00   3.4797e+02
20260823_03:00:00   1.1075e+00   1.9005e+02   1.6631e+01   0.0000e+00   2.1480e-06   3.6349e+02
20260823_06:00:00   1.3623e+00   2.0939e+02   2.0598e+01   0.0000e+00   3.9860e-06   3.6484e+02
20260823_09:00:00   1.3452e+00   2.0745e+02   2.0568e+01   0.0000e+00   1.8324e-07   3.6022e+02
20260823_12:00:00   1.3646e+00   2.0841e+02   2.0961e+01   0.0000e+00   0.0000e+00   3.6548e+02
20260823_15:00:00   9.3736e-01   1.7314e+02   1.4067e+01   0.0000e+00   0.0000e+00   3.6343e+02
20260823_18:00:00   9.0686e-01   1.7134e+02   1.3694e+01   0.0000e+00   0.0000e+00   3.5998e+02
20260823_21:00:00   9.2646e-01   1.7395e+02   1.4356e+01   0.0000e+00   0.0000e+00   3.4865e+02
20260824_00:00:00   9.9232e-01   1.8100e+02   1.4933e+01   0.0000e+00   0.0000e+00   3.4217e+02
