#            date       tau255        Tb[K]      pwv[mm] lwp[kg*m^-2] iwp[kg*m^-2]       o3[DU]
20260906_18:00:00   3.0327e-02   1.1234e+01   1.7422e-01   0.0000e+00   3.4804e-03   2.3125e+02
20260906_19:00:00   3.0841e-02   1.1352e+01   1.8678e-01   0.0000e+00   2.9077e-03   2.3015e+02
20260906_20:00:00   3.1714e-02   1.1553e+01   2.0622e-01   0.0000e+00   2.1200e-03   2.2560e+02
20260906_21:00:00   3.2326e-02   1.1695e+01   2.1967e-01   0.0000e+00   1.6156e-03   2.1522e+02
20260906_22:00:00   3.2994e-02   1.1850e+01   2.3283e-01   0.0000e+00   1.8606e-03   2.0713e+02
20260906_23:00:00   3.3626e-02   1.1997e+01   2.4462e-01   0.0000e+00   3.0864e-03   2.0569e+02
20260907_00:00:00   3.4534e-02   1.2206e+01   2.6235e-01   0.0000e+00   2.7866e-03   2.0718e+02
20260907_01:00:00   3.4502e-02   1.2195e+01   2.6165e-01   0.0000e+00   3.0240e-03   2.0924e+02
20260907_02:00:00   3.4031e-02   1.2083e+01   2.5287e-01   0.0000e+00   3.8354e-03   2.0353e+02
20260907_03:00:00   3.3662e-02   1.1995e+01   2.4570e-01   0.0000e+00   4.7869e-03   1.9748e+02
20260907_04:00:00   3.3419e-02   1.1938e+01   2.4063e-01   0.0000e+00   5.1251e-03   1.9514e+02
20260907_05:00:00   3.3385e-02   1.1929e+01   2.3857e-01   0.0000e+00   6.2100e-03   1.9248e+02
20260907_06:00:00   3.3631e-02   1.1984e+01   2.4105e-01   0.0000e+00   7.6521e-03   1.9329e+02
20260907_07:00:00   3.4465e-02   1.2177e+01   2.5421e-01   0.0000e+00   8.6746e-03   1.9763e+02
20260907_08:00:00   3.5517e-02   1.2417e+01   2.6870e-01   0.0000e+00   1.1348e-02   2.0003e+02
20260907_09:00:00   3.6374e-02   1.2617e+01   2.8192e-01   0.0000e+00   1.2706e-02   1.9932e+02
20260907_10:00:00   3.6890e-02   1.2737e+01   2.9068e-01   0.0000e+00   1.1908e-02   1.9448e+02
20260907_11:00:00   3.6861e-02   1.2728e+01   2.9037e-01   0.0000e+00   9.9890e-03   1.8615e+02
20260907_12:00:00   3.6636e-02   1.2679e+01   2.8535e-01   0.0000e+00   9.7443e-03   1.8415e+02
20260907_13:00:00   3.6296e-02   1.2597e+01   2.7675e-01   0.0000e+00   1.2226e-02   1.9036e+02
20260907_14:00:00   3.5986e-02   1.2522e+01   2.6908e-01   0.0000e+00   1.3666e-02   1.9556e+02
20260907_15:00:00   3.5770e-02   1.2470e+01   2.6484e-01   0.0000e+00   1.2629e-02   1.9504e+02
20260907_16:00:00   3.5361e-02   1.2376e+01   2.5736e-01   0.0000e+00   9.7257e-03   1.9197e+02
20260907_17:00:00   3.4987e-02   1.2293e+01   2.5056e-01   0.0000e+00   6.2354e-03   1.9362e+02
20260907_18:00:00   3.4616e-02   1.2205e+01   2.4397e-01   0.0000e+00   4.2880e-03   1.9525e+02
20260907_19:00:00   3.4093e-02   1.2082e+01   2.3409e-01   0.0000e+00   2.8333e-03   1.9903e+02
20260907_20:00:00   3.3325e-02   1.1909e+01   2.1997e-01   0.0000e+00   1.5466e-03   1.9976e+02
20260907_21:00:00   3.2319e-02   1.1681e+01   2.0196e-01   0.0000e+00   3.8384e-04   1.9974e+02
20260907_22:00:00   3.1111e-02   1.1404e+01   1.8068e-01   0.0000e+00   1.8369e-05   2.0102e+02
20260907_23:00:00   2.9913e-02   1.1123e+01   1.5965e-01   0.0000e+00   1.8375e-05   2.0221e+02
20260908_00:00:00   2.9217e-02   1.0957e+01   1.4748e-01   0.0000e+00   1.9390e-04   2.0218e+02
20260908_01:00:00   3.0490e-02   1.1247e+01   1.7607e-01   0.0000e+00   8.9959e-04   2.0164e+02
20260908_02:00:00   3.3334e-02   1.1908e+01   2.3218e-01   0.0000e+00   5.9141e-03   2.0074e+02
20260908_03:00:00   3.4631e-02   1.2220e+01   2.5654e-01   0.0000e+00   5.9593e-03   2.0082e+02
20260908_04:00:00   3.5497e-02   1.2427e+01   2.7032e-01   0.0000e+00   8.7637e-03   1.9931e+02
20260908_05:00:00   3.7496e-02   1.2900e+01   3.0293e-01   0.0000e+00   1.5910e-02   1.9790e+02
20260908_06:00:00   3.7697e-02   1.2953e+01   3.0441e-01   0.0000e+00   2.0429e-02   1.9546e+02
20260908_07:00:00   3.7423e-02   1.2897e+01   2.9766e-01   0.0000e+00   2.3386e-02   1.9433e+02
20260908_08:00:00   3.7455e-02   1.2907e+01   2.9830e-01   0.0000e+00   2.2149e-02   1.9383e+02
20260908_09:00:00   3.7186e-02   1.2847e+01   2.9159e-01   0.0000e+00   2.5801e-02   1.9405e+02
20260908_10:00:00   3.7266e-02   1.2871e+01   2.9260e-01   0.0000e+00   2.6788e-02   1.9213e+02
20260908_11:00:00   3.8041e-02   1.3057e+01   3.0581e-01   0.0000e+00   3.4577e-02   1.9025e+02
20260908_12:00:00   3.8999e-02   1.3282e+01   3.2132e-01   0.0000e+00   4.3541e-02   1.9031e+02
20260908_13:00:00   3.9735e-02   1.3452e+01   3.3161e-01   0.0000e+00   5.6940e-02   1.8918e+02
20260908_14:00:00   4.0493e-02   1.3633e+01   3.5069e-01   0.0000e+00   4.6346e-02   1.8812e+02
20260908_15:00:00   4.0554e-02   1.3653e+01   3.5835e-01   0.0000e+00   3.3523e-02   1.8787e+02
20260908_16:00:00   4.0658e-02   1.3683e+01   3.6032e-01   0.0000e+00   3.5911e-02   1.8858e+02
20260908_17:00:00   4.0716e-02   1.3699e+01   3.6162e-01   0.0000e+00   3.6703e-02   1.9016e+02
20260908_18:00:00   4.0899e-02   1.3749e+01   3.6666e-01   0.0000e+00   3.2574e-02   1.8966e+02
20260908_19:00:00   4.2647e-02   1.4165e+01   3.9732e-01   0.0000e+00   3.1123e-02   1.8902e+02
20260908_20:00:00   4.3272e-02   1.4318e+01   4.1094e-01   0.0000e+00   2.7897e-02   1.8941e+02
20260908_21:00:00   4.3459e-02   1.4361e+01   4.1484e-01   0.0000e+00   2.8068e-02   1.9135e+02
20260908_22:00:00   4.3872e-02   1.4457e+01   4.2263e-01   0.0000e+00   2.9655e-02   1.9331e+02
20260908_23:00:00   4.4133e-02   1.4519e+01   4.2713e-01   0.0000e+00   3.0980e-02   1.9456e+02
20260909_00:00:00   4.4079e-02   1.4514e+01   4.2483e-01   0.0000e+00   3.2126e-02   1.9530e+02
20260909_01:00:00   4.3216e-02   1.4326e+01   4.0557e-01   0.0000e+00   3.1459e-02   2.0026e+02
20260909_02:00:00   4.2150e-02   1.4082e+01   3.8508e-01   0.0000e+00   2.6853e-02   2.0924e+02
20260909_03:00:00   4.1266e-02   1.3872e+01   3.7268e-01   0.0000e+00   1.7604e-02   2.1020e+02
20260909_04:00:00   4.0089e-02   1.3598e+01   3.5327e-01   0.0000e+00   1.1448e-02   2.0820e+02
20260909_05:00:00   3.8529e-02   1.3233e+01   3.2608e-01   0.0000e+00   7.7780e-03   2.0615e+02
20260909_06:00:00   3.7574e-02   1.3000e+01   3.0913e-01   0.0000e+00   6.9014e-03   2.0499e+02
20260909_07:00:00   3.6301e-02   1.2686e+01   2.8989e-01   0.0000e+00   6.0910e-03   2.0563e+02
20260909_08:00:00   3.6211e-02   1.2651e+01   2.9001e-01   0.0000e+00   5.2171e-03   2.0618e+02
20260909_09:00:00   3.6308e-02   1.2662e+01   2.9319e-01   0.0000e+00   4.8609e-03   2.0580e+02
20260909_10:00:00   3.6252e-02   1.2642e+01   2.9118e-01   0.0000e+00   5.0874e-03   2.0562e+02
20260909_11:00:00   3.6012e-02   1.2577e+01   2.8640e-01   0.0000e+00   4.0468e-03   2.0558e+02
20260909_12:00:00   3.5343e-02   1.2415e+01   2.7335e-01   0.0000e+00   3.9215e-03   2.0564e+02
20260909_13:00:00   3.4859e-02   1.2297e+01   2.6525e-01   0.0000e+00   3.3983e-03   2.0616e+02
20260909_14:00:00   3.4744e-02   1.2261e+01   2.6506e-01   0.0000e+00   1.9546e-03   2.0545e+02
20260909_15:00:00   3.4552e-02   1.2208e+01   2.6471e-01   0.0000e+00   1.6726e-03   2.0524e+02
20260909_16:00:00   3.5181e-02   1.2345e+01   2.7718e-01   0.0000e+00   3.7697e-03   2.0695e+02
20260909_17:00:00   3.5589e-02   1.2434e+01   2.8276e-01   0.0000e+00   4.9741e-03   2.0893e+02
20260909_18:00:00   3.5733e-02   1.2463e+01   2.8331e-01   0.0000e+00   6.0259e-03   2.1100e+02
20260909_19:00:00   3.6253e-02   1.2580e+01   2.8987e-01   0.0000e+00   8.3279e-03   2.1290e+02
20260909_20:00:00   3.6566e-02   1.2650e+01   2.9311e-01   0.0000e+00   1.0998e-02   2.1406e+02
20260909_21:00:00   3.6593e-02   1.2656e+01   2.9273e-01   0.0000e+00   1.2514e-02   2.1518e+02
20260909_22:00:00   3.6662e-02   1.2674e+01   2.9333e-01   0.0000e+00   1.2267e-02   2.1588e+02
20260909_23:00:00   3.6829e-02   1.2719e+01   2.9643e-01   0.0000e+00   1.0374e-02   2.1660e+02
20260910_00:00:00   3.6652e-02   1.2681e+01   2.9372e-01   0.0000e+00   7.9665e-03   2.1759e+02
20260910_01:00:00   3.6425e-02   1.2628e+01   2.9028e-01   0.0000e+00   6.3374e-03   2.1690e+02
20260910_02:00:00   3.6141e-02   1.2557e+01   2.8572e-01   0.0000e+00   4.3225e-03   2.1611e+02
20260910_03:00:00   3.5696e-02   1.2444e+01   2.7693e-01   0.0000e+00   4.5344e-03   2.1612e+02
20260910_04:00:00   3.5514e-02   1.2394e+01   2.7217e-01   0.0000e+00   6.6277e-03   2.1582e+02
20260910_05:00:00   3.5347e-02   1.2348e+01   2.6709e-01   0.0000e+00   7.8693e-03   2.1499e+02
20260910_06:00:00   3.5183e-02   1.2311e+01   2.6327e-01   0.0000e+00   7.3920e-03   2.1474e+02
20260910_07:00:00   3.4914e-02   1.2247e+01   2.5755e-01   0.0000e+00   6.9489e-03   2.1542e+02
20260910_08:00:00   3.4697e-02   1.2194e+01   2.5264e-01   0.0000e+00   6.8654e-03   2.1455e+02
20260910_09:00:00   3.4423e-02   1.2125e+01   2.4667e-01   0.0000e+00   6.9805e-03   2.1443e+02
20260910_10:00:00   3.4185e-02   1.2067e+01   2.4197e-01   0.0000e+00   7.1749e-03   2.1514e+02
20260910_11:00:00   3.4083e-02   1.2041e+01   2.3986e-01   0.0000e+00   7.2041e-03   2.1120e+02
20260910_12:00:00   3.4032e-02   1.2023e+01   2.3764e-01   0.0000e+00   7.8508e-03   2.1105e+02
20260910_13:00:00   3.3914e-02   1.1995e+01   2.3528e-01   0.0000e+00   8.3657e-03   2.1334e+02
20260910_14:00:00   3.3694e-02   1.1943e+01   2.3148e-01   0.0000e+00   7.0138e-03   2.1271e+02
20260910_15:00:00   3.3440e-02   1.1882e+01   2.2654e-01   0.0000e+00   6.6074e-03   2.1394e+02
20260910_16:00:00   3.3268e-02   1.1842e+01   2.2389e-01   0.0000e+00   6.2850e-03   2.1356e+02
20260910_17:00:00   3.3161e-02   1.1815e+01   2.2145e-01   0.0000e+00   6.8875e-03   2.1132e+02
20260910_18:00:00   3.3042e-02   1.1791e+01   2.2015e-01   0.0000e+00   6.6098e-03   2.1130e+02
20260910_19:00:00   3.2886e-02   1.1754e+01   2.1865e-01   0.0000e+00   5.7302e-03   2.1284e+02
20260910_20:00:00   3.2908e-02   1.1757e+01   2.1913e-01   0.0000e+00   6.4843e-03   2.1472e+02
20260910_21:00:00   3.3018e-02   1.1780e+01   2.2127e-01   0.0000e+00   6.4129e-03   2.1827e+02
20260910_22:00:00   3.3037e-02   1.1783e+01   2.2220e-01   0.0000e+00   6.3882e-03   2.1993e+02
20260910_23:00:00   3.3017e-02   1.1776e+01   2.2271e-01   0.0000e+00   6.5159e-03   2.2396e+02
20260911_00:00:00   3.3082e-02   1.1791e+01   2.2480e-01   0.0000e+00   6.1897e-03   2.3002e+02
20260911_01:00:00   3.3156e-02   1.1806e+01   2.2685e-01   0.0000e+00   6.6389e-03   2.3406e+02
20260911_02:00:00   3.3213e-02   1.1820e+01   2.2900e-01   0.0000e+00   6.8963e-03   2.3690e+02
20260911_03:00:00   3.3421e-02   1.1870e+01   2.3397e-01   0.0000e+00   6.3394e-03   2.3788e+02
20260911_04:00:00   3.3595e-02   1.1911e+01   2.3825e-01   0.0000e+00   5.5538e-03   2.3703e+02
20260911_05:00:00   3.3695e-02   1.1939e+01   2.4118e-01   0.0000e+00   4.6072e-03   2.3654e+02
20260911_06:00:00   3.3745e-02   1.1951e+01   2.4263e-01   0.0000e+00   3.7746e-03   2.3558e+02
20260911_07:00:00   3.3850e-02   1.1976e+01   2.4497e-01   0.0000e+00   2.8757e-03   2.3467e+02
20260911_08:00:00   3.3942e-02   1.2000e+01   2.4698e-01   0.0000e+00   1.9440e-03   2.3426e+02
20260911_09:00:00   3.4156e-02   1.2053e+01   2.5090e-01   0.0000e+00   1.8621e-03   2.3318e+02
20260911_10:00:00   3.4589e-02   1.2160e+01   2.5926e-01   0.0000e+00   2.7716e-03   2.3340e+02
20260911_11:00:00   3.4741e-02   1.2199e+01   2.6162e-01   0.0000e+00   3.8392e-03   2.3357e+02
20260911_12:00:00   3.4955e-02   1.2247e+01   2.6436e-01   0.0000e+00   5.2501e-03   2.3674e+02
20260911_13:00:00   3.5169e-02   1.2297e+01   2.6793e-01   0.0000e+00   6.0033e-03   2.3914e+02
20260911_14:00:00   3.5313e-02   1.2328e+01   2.6977e-01   0.0000e+00   5.6332e-03   2.4143e+02
20260911_15:00:00   3.5331e-02   1.2328e+01   2.6915e-01   0.0000e+00   6.2712e-03   2.4382e+02
20260911_16:00:00   3.5292e-02   1.2314e+01   2.6759e-01   0.0000e+00   6.8900e-03   2.4456e+02
20260911_17:00:00   3.5384e-02   1.2335e+01   2.6863e-01   0.0000e+00   7.6459e-03   2.4461e+02
20260911_18:00:00   3.5421e-02   1.2343e+01   2.6846e-01   0.0000e+00   8.3308e-03   2.4456e+02
20260911_21:00:00   3.4704e-02   1.2166e+01   2.5315e-01   0.0000e+00   5.6723e-03   2.4557e+02
20260912_00:00:00   3.4094e-02   1.2017e+01   2.4170e-01   0.0000e+00   2.9336e-03   2.4504e+02
20260912_03:00:00   3.3433e-02   1.1859e+01   2.2973e-01   0.0000e+00   7.4306e-04   2.4956e+02
20260912_06:00:00   3.3122e-02   1.1779e+01   2.2306e-01   0.0000e+00   7.4490e-04   2.4415e+02
20260912_09:00:00   3.2774e-02   1.1697e+01   2.1684e-01   0.0000e+00   5.0690e-04   2.3071e+02
20260912_12:00:00   3.1596e-02   1.1416e+01   1.9537e-01   0.0000e+00   9.7198e-05   2.2364e+02
20260912_15:00:00   2.8671e-02   1.0721e+01   1.4157e-01   0.0000e+00   1.4880e-08   2.2324e+02
20260912_18:00:00   2.5302e-02   9.9139e+00   8.0222e-02   0.0000e+00   2.0080e-08   2.1279e+02
20260912_21:00:00   2.5126e-02   9.8657e+00   7.6334e-02   0.0000e+00   8.6960e-09   2.1521e+02
20260913_00:00:00   2.4986e-02   9.8284e+00   7.3441e-02   0.0000e+00   8.2640e-09   2.2062e+02
20260913_03:00:00   2.5190e-02   9.8722e+00   7.7107e-02   0.0000e+00   1.0296e-08   2.2174e+02
20260913_06:00:00   2.5096e-02   9.8511e+00   7.5124e-02   0.0000e+00   6.7160e-08   2.2368e+02
20260913_09:00:00   2.5050e-02   9.8418e+00   7.4099e-02   0.0000e+00   1.1042e-07   2.4245e+02
20260913_12:00:00   2.5276e-02   9.9030e+00   7.9543e-02   0.0000e+00   1.0234e-07   2.3826e+02
20260913_15:00:00   2.6241e-02   1.0141e+01   9.9099e-02   0.0000e+00   1.4644e-07   2.3867e+02
20260913_18:00:00   2.7556e-02   1.0456e+01   1.2544e-01   0.0000e+00   8.1947e-06   2.3774e+02
20260913_21:00:00   2.7801e-02   1.0526e+01   1.3086e-01   0.0000e+00   8.1790e-06   2.3827e+02
20260914_00:00:00   2.7989e-02   1.0577e+01   1.3615e-01   0.0000e+00   8.2104e-06   2.3827e+02
20260914_03:00:00   2.7786e-02   1.0529e+01   1.3359e-01   0.0000e+00   2.9200e-09   2.2757e+02
20260914_06:00:00   2.7206e-02   1.0393e+01   1.2531e-01   0.0000e+00   7.2660e-08   2.1417e+02
20260914_09:00:00   2.6810e-02   1.0299e+01   1.2122e-01   0.0000e+00   8.3540e-08   2.1235e+02
20260914_12:00:00   2.7641e-02   1.0485e+01   1.3626e-01   0.0000e+00   1.5397e-03   2.1612e+02
20260914_15:00:00   2.7754e-02   1.0503e+01   1.3278e-01   0.0000e+00   2.2773e-04   2.2150e+02
20260914_18:00:00   2.4257e-02   9.6577e+00   6.5033e-02   0.0000e+00   1.1562e-05   2.2101e+02
20260914_21:00:00   2.3537e-02   9.4656e+00   4.9242e-02   0.0000e+00   0.0000e+00   2.2825e+02
20260915_00:00:00   2.3656e-02   9.4803e+00   4.8843e-02   0.0000e+00   1.1522e-05   2.2546e+02
20260915_03:00:00   2.3716e-02   9.5004e+00   5.0407e-02   0.0000e+00   1.1453e-05   2.3089e+02
20260915_06:00:00   2.3460e-02   9.4567e+00   4.7625e-02   0.0000e+00   0.0000e+00   2.3677e+02
20260915_09:00:00   2.3821e-02   9.5593e+00   5.6547e-02   0.0000e+00   0.0000e+00   2.4765e+02
20260915_12:00:00   2.6749e-02   1.0275e+01   1.1207e-01   0.0000e+00   1.6316e-05   2.5558e+02
20260915_15:00:00   2.7330e-02   1.0445e+01   1.2742e-01   0.0000e+00   3.5750e-05   2.5246e+02
20260915_18:00:00   2.9541e-02   1.0981e+01   1.7961e-01   0.0000e+00   2.7539e-05   2.3766e+02
20260915_21:00:00   3.2346e-02   1.1635e+01   2.3963e-01   0.0000e+00   6.4954e-04   2.3173e+02
20260916_00:00:00   3.2659e-02   1.1697e+01   2.3973e-01   0.0000e+00   5.6917e-03   2.2620e+02
20260916_03:00:00   3.1966e-02   1.1542e+01   2.2754e-01   0.0000e+00   5.5003e-05   2.2213e+02
20260916_06:00:00   3.1313e-02   1.1379e+01   2.1252e-01   0.0000e+00   4.3808e-05   2.1973e+02
20260916_09:00:00   3.0072e-02   1.1070e+01   1.8259e-01   0.0000e+00   6.2130e-05   2.1848e+02
20260916_12:00:00   2.7934e-02   1.0568e+01   1.3600e-01   0.0000e+00   3.5589e-05   2.1628e+02
20260916_15:00:00   2.6230e-02   1.0157e+01   9.8639e-02   0.0000e+00   1.6316e-05   2.1606e+02
20260916_18:00:00   2.5044e-02   9.8701e+00   7.5986e-02   0.0000e+00   0.0000e+00   2.1434e+02
20260916_21:00:00   2.4569e-02   9.7527e+00   6.6008e-02   0.0000e+00   0.0000e+00   2.1977e+02
20260917_00:00:00   2.4353e-02   9.7038e+00   6.2041e-02   0.0000e+00   0.0000e+00   2.2230e+02
20260917_03:00:00   2.4117e-02   9.6541e+00   5.8265e-02   0.0000e+00   0.0000e+00   2.2068e+02
20260917_06:00:00   2.3977e-02   9.6268e+00   5.5879e-02   0.0000e+00   0.0000e+00   2.2016e+02
20260917_09:00:00   2.3877e-02   9.6046e+00   5.3591e-02   0.0000e+00   0.0000e+00   2.2531e+02
20260917_12:00:00   2.3842e-02   9.5976e+00   5.3152e-02   0.0000e+00   0.0000e+00   2.2856e+02
20260917_15:00:00   2.3787e-02   9.5791e+00   5.1024e-02   0.0000e+00   0.0000e+00   2.3270e+02
20260917_18:00:00   2.3673e-02   9.5497e+00   4.9264e-02   0.0000e+00   0.0000e+00   2.3112e+02
20260917_21:00:00   2.3770e-02   9.5722e+00   5.1645e-02   0.0000e+00   0.0000e+00   2.3304e+02
20260918_00:00:00   2.3669e-02   9.5484e+00   4.9538e-02   0.0000e+00   0.0000e+00   2.3643e+02
20260918_03:00:00   2.3627e-02   9.5394e+00   4.8820e-02   0.0000e+00   0.0000e+00   2.4003e+02
20260918_06:00:00   2.3700e-02   9.5581e+00   5.1073e-02   0.0000e+00   0.0000e+00   2.2913e+02
20260918_09:00:00   2.4321e-02   9.7105e+00   6.2339e-02   0.0000e+00   1.1005e-05   2.2908e+02
20260918_12:00:00   2.5770e-02   1.0067e+01   8.8674e-02   0.0000e+00   1.8522e-04   2.2854e+02
20260918_15:00:00   2.9212e-02   1.0898e+01   1.5217e-01   0.0000e+00   3.2551e-03   2.2150e+02
20260918_18:00:00   3.1693e-02   1.1496e+01   1.9955e-01   0.0000e+00   6.6069e-03   2.2314e+02
20260918_21:00:00   3.3260e-02   1.1878e+01   2.3105e-01   0.0000e+00   6.8970e-03   2.2187e+02
20260919_00:00:00   3.4669e-02   1.2225e+01   2.6112e-01   0.0000e+00   7.4358e-03   2.2218e+02
20260919_03:00:00   3.3939e-02   1.2074e+01   2.5236e-01   0.0000e+00   2.9493e-03   2.2368e+02
20260919_06:00:00   3.4467e-02   1.2226e+01   2.6251e-01   0.0000e+00   4.5479e-03   2.3114e+02
20260919_09:00:00   3.7074e-02   1.2852e+01   3.1171e-01   0.0000e+00   7.9678e-03   2.3016e+02
20260919_12:00:00   4.0904e-02   1.3746e+01   3.8388e-01   0.0000e+00   1.2804e-02   2.3109e+02
20260919_15:00:00   4.1732e-02   1.3948e+01   3.9816e-01   0.0000e+00   1.2044e-02   2.3000e+02
20260919_18:00:00   4.1614e-02   1.3913e+01   3.8842e-01   0.0000e+00   2.3599e-02   2.2813e+02
20260919_21:00:00   4.1333e-02   1.3838e+01   3.8310e-01   0.0000e+00   1.7847e-02   2.2950e+02
20260920_00:00:00   4.1012e-02   1.3755e+01   3.7426e-01   0.0000e+00   2.0180e-02   2.3004e+02
20260920_03:00:00   4.0670e-02   1.3672e+01   3.6586e-01   0.0000e+00   2.0136e-02   2.2815e+02
20260920_06:00:00   4.0705e-02   1.3677e+01   3.6771e-01   0.0000e+00   1.2481e-02   2.2883e+02
20260920_09:00:00   4.0284e-02   1.3567e+01   3.5804e-01   0.0000e+00   1.1055e-02   2.3206e+02
20260920_12:00:00   3.9095e-02   1.3272e+01   3.3464e-01   0.0000e+00   9.4338e-03   2.3299e+02
20260920_15:00:00   3.8172e-02   1.3045e+01   3.1746e-01   0.0000e+00   6.0504e-03   2.3257e+02
20260920_18:00:00   3.7881e-02   1.2967e+01   3.0928e-01   0.0000e+00   6.8286e-03   2.3646e+02
20260920_21:00:00   3.7342e-02   1.2841e+01   2.9715e-01   0.0000e+00   5.6172e-03   2.3324e+02
20260921_00:00:00   3.7093e-02   1.2771e+01   2.9072e-01   0.0000e+00   4.8769e-03   2.3905e+02
20260921_03:00:00   3.5831e-02   1.2481e+01   2.6589e-01   0.0000e+00   1.8512e-04   2.3650e+02
20260921_06:00:00   3.6443e-02   1.2637e+01   2.7613e-01   0.0000e+00   3.2326e-04   2.3514e+02
20260921_09:00:00   3.9439e-02   1.3346e+01   3.2989e-01   0.0000e+00   8.4410e-03   2.2796e+02
20260921_12:00:00   4.3847e-02   1.4419e+01   4.1063e-01   0.0000e+00   1.8241e-02   2.1312e+02
20260921_15:00:00   5.2315e-02   1.6422e+01   5.6062e-01   0.0000e+00   6.3927e-03   2.1765e+02
20260921_18:00:00   5.8676e-02   1.7916e+01   6.7513e-01   0.0000e+00   8.7326e-03   2.1983e+02
20260921_21:00:00   5.9370e-02   1.8099e+01   6.8978e-01   0.0000e+00   3.0943e-03   2.1547e+02
20260922_00:00:00   5.6485e-02   1.7456e+01   6.4505e-01   0.0000e+00   1.6715e-03   2.0623e+02
20260922_03:00:00   5.0272e-02   1.6021e+01   5.3674e-01   0.0000e+00   1.6234e-03   2.0626e+02
20260922_06:00:00   4.7580e-02   1.5360e+01   4.8456e-01   0.0000e+00   4.3234e-04   2.0320e+02
20260922_09:00:00   4.6459e-02   1.5093e+01   4.5987e-01   0.0000e+00   3.7034e-04   2.0503e+02
20260922_12:00:00   3.2471e-02   1.1777e+01   2.2005e-01   0.0000e+00   1.6499e-03   2.1263e+02
20260922_15:00:00   3.8202e-02   1.3128e+01   3.2150e-01   0.0000e+00   0.0000e+00   2.1788e+02
20260922_18:00:00   3.2139e-02   1.1691e+01   2.0619e-01   0.0000e+00   0.0000e+00   2.1997e+02
