#            date       tau255        Tb[K]      pwv[mm] lwp[kg*m^-2] iwp[kg*m^-2]       o3[DU]
20260825_06:00:00   2.9584e-02   1.0962e+01   1.6228e-01   0.0000e+00   3.6842e-05   2.9374e+02
20260825_07:00:00   2.9375e-02   1.0920e+01   1.5912e-01   0.0000e+00   3.7045e-05   2.9151e+02
20260825_08:00:00   2.9120e-02   1.0866e+01   1.5505e-01   0.0000e+00   3.7272e-05   2.9424e+02
20260825_09:00:00   2.8885e-02   1.0817e+01   1.5137e-01   0.0000e+00   2.1011e-05   2.9795e+02
20260825_10:00:00   2.8586e-02   1.0756e+01   1.4702e-01   0.0000e+00   1.2835e-05   2.9762e+02
20260825_11:00:00   2.8321e-02   1.0701e+01   1.4261e-01   0.0000e+00   1.2675e-05   2.9708e+02
20260825_12:00:00   2.8010e-02   1.0634e+01   1.3682e-01   0.0000e+00   1.2610e-05   2.9855e+02
20260825_13:00:00   2.7780e-02   1.0584e+01   1.3274e-01   0.0000e+00   1.2623e-05   2.9708e+02
20260825_14:00:00   2.7591e-02   1.0544e+01   1.3000e-01   0.0000e+00   1.2620e-05   2.9205e+02
20260825_15:00:00   2.7377e-02   1.0498e+01   1.2620e-01   0.0000e+00   1.2566e-05   2.9633e+02
20260825_16:00:00   2.6999e-02   1.0417e+01   1.2115e-01   0.0000e+00   1.2461e-05   2.8618e+02
20260825_17:00:00   2.7014e-02   1.0425e+01   1.2261e-01   0.0000e+00   1.2570e-05   2.7595e+02
20260825_18:00:00   2.7471e-02   1.0534e+01   1.3252e-01   0.0000e+00   1.2595e-05   2.7162e+02
20260825_19:00:00   2.8356e-02   1.0746e+01   1.5469e-01   0.0000e+00   7.8882e-05   2.6869e+02
20260825_20:00:00   3.0761e-02   1.1311e+01   2.0443e-01   0.0000e+00   7.2533e-03   2.6636e+02
20260825_21:00:00   3.4118e-02   1.2104e+01   2.6524e-01   0.0000e+00   1.7013e-02   2.6200e+02
20260825_22:00:00   3.8781e-02   1.3203e+01   3.4362e-01   0.0000e+00   3.4545e-02   2.5865e+02
20260825_23:00:00   4.0778e-02   1.3671e+01   3.7317e-01   0.0000e+00   5.1012e-02   2.5850e+02
20260826_00:00:00   4.1648e-02   1.3875e+01   3.7945e-01   0.0000e+00   7.8355e-02   2.5805e+02
20260826_01:00:00   4.1889e-02   1.3934e+01   3.8183e-01   0.0000e+00   8.2740e-02   2.5757e+02
20260826_02:00:00   4.2145e-02   1.4002e+01   3.8694e-01   0.0000e+00   7.9900e-02   2.5851e+02
20260826_03:00:00   4.2063e-02   1.3986e+01   3.8838e-01   0.0000e+00   6.7951e-02   2.5859e+02
20260826_04:00:00   4.1823e-02   1.3930e+01   3.8509e-01   0.0000e+00   6.1648e-02   2.6028e+02
20260826_05:00:00   4.1859e-02   1.3941e+01   3.8454e-01   0.0000e+00   6.0083e-02   2.6267e+02
20260826_06:00:00   4.1643e-02   1.3898e+01   3.8687e-01   0.0000e+00   3.9035e-02   2.6440e+02
20260826_07:00:00   4.1260e-02   1.3819e+01   3.8730e-01   0.0000e+00   1.6607e-02   2.5841e+02
20260826_08:00:00   4.1075e-02   1.3772e+01   3.8552e-01   0.0000e+00   1.1753e-02   2.5667e+02
20260826_09:00:00   4.1436e-02   1.3847e+01   3.9183e-01   0.0000e+00   1.2281e-02   2.5873e+02
20260826_10:00:00   4.1569e-02   1.3874e+01   3.9433e-01   0.0000e+00   9.7694e-03   2.5705e+02
20260826_11:00:00   4.1517e-02   1.3859e+01   3.8825e-01   0.0000e+00   1.7988e-02   2.5797e+02
20260826_12:00:00   4.1295e-02   1.3817e+01   3.8319e-01   0.0000e+00   1.3412e-02   2.5742e+02
20260826_13:00:00   4.1239e-02   1.3818e+01   3.8080e-01   0.0000e+00   1.0484e-02   2.5376e+02
20260826_14:00:00   3.9769e-02   1.3484e+01   3.5295e-01   0.0000e+00   3.9338e-03   2.5145e+02
20260826_15:00:00   3.8062e-02   1.3082e+01   3.2018e-01   0.0000e+00   2.6503e-03   2.5272e+02
20260826_16:00:00   3.9510e-02   1.3407e+01   3.4793e-01   0.0000e+00   2.3429e-03   2.5587e+02
20260826_17:00:00   4.0446e-02   1.3616e+01   3.6489e-01   0.0000e+00   4.9937e-03   2.6157e+02
20260826_18:00:00   4.0801e-02   1.3704e+01   3.6883e-01   0.0000e+00   7.5278e-03   2.6153e+02
20260826_19:00:00   4.0161e-02   1.3563e+01   3.5743e-01   0.0000e+00   2.6627e-03   2.6456e+02
20260826_20:00:00   3.7853e-02   1.3028e+01   3.1327e-01   0.0000e+00   6.8635e-05   2.7079e+02
20260826_21:00:00   3.5453e-02   1.2466e+01   2.6602e-01   0.0000e+00   9.4436e-06   2.7062e+02
20260826_22:00:00   3.3226e-02   1.1944e+01   2.2379e-01   0.0000e+00   1.9702e-05   2.6868e+02
20260826_23:00:00   3.2959e-02   1.1876e+01   2.1867e-01   0.0000e+00   1.8937e-05   2.6606e+02
20260827_00:00:00   3.2807e-02   1.1837e+01   2.1610e-01   0.0000e+00   1.8799e-05   2.6991e+02
20260827_01:00:00   3.2412e-02   1.1745e+01   2.0999e-01   0.0000e+00   1.0635e-05   2.7430e+02
20260827_02:00:00   3.1969e-02   1.1644e+01   2.0354e-01   0.0000e+00   4.9280e-07   2.7656e+02
20260827_03:00:00   3.1449e-02   1.1522e+01   1.9449e-01   0.0000e+00   1.0497e-05   2.7703e+02
20260827_04:00:00   3.0901e-02   1.1394e+01   1.8481e-01   0.0000e+00   1.0479e-05   2.7527e+02
20260827_05:00:00   3.0262e-02   1.1245e+01   1.7435e-01   0.0000e+00   4.9520e-07   2.7516e+02
20260827_06:00:00   3.0154e-02   1.1222e+01   1.7447e-01   0.0000e+00   2.5801e-05   2.7562e+02
20260827_07:00:00   3.0193e-02   1.1236e+01   1.7784e-01   0.0000e+00   4.1001e-05   2.7582e+02
20260827_08:00:00   3.0706e-02   1.1355e+01   1.9018e-01   0.0000e+00   6.1320e-05   2.7457e+02
20260827_09:00:00   3.0935e-02   1.1405e+01   1.9525e-01   0.0000e+00   6.1310e-05   2.6917e+02
20260827_10:00:00   3.1224e-02   1.1472e+01   2.0245e-01   0.0000e+00   1.2247e-04   2.6611e+02
20260827_11:00:00   3.1753e-02   1.1594e+01   2.1459e-01   0.0000e+00   7.5099e-04   2.6467e+02
20260827_12:00:00   3.3702e-02   1.2069e+01   2.5282e-01   0.0000e+00   1.0040e-03   2.6435e+02
20260827_13:00:00   3.4634e-02   1.2291e+01   2.7323e-01   0.0000e+00   1.0427e-03   2.6392e+02
20260827_14:00:00   3.4471e-02   1.2244e+01   2.7225e-01   0.0000e+00   3.4722e-04   2.6313e+02
20260827_15:00:00   3.5167e-02   1.2393e+01   2.8599e-01   0.0000e+00   2.7048e-03   2.6208e+02
20260827_16:00:00   3.7292e-02   1.2887e+01   3.2294e-01   0.0000e+00   8.4026e-03   2.6110e+02
20260827_17:00:00   3.9943e-02   1.3511e+01   3.6862e-01   0.0000e+00   1.6035e-02   2.5973e+02
20260827_18:00:00   4.2454e-02   1.4096e+01   4.0683e-01   0.0000e+00   2.7240e-02   2.6075e+02
20260827_19:00:00   4.3272e-02   1.4268e+01   4.1262e-01   0.0000e+00   3.5687e-02   2.6159e+02
20260827_20:00:00   4.3827e-02   1.4388e+01   4.1787e-01   0.0000e+00   3.6367e-02   2.6179e+02
20260827_21:00:00   4.3412e-02   1.4282e+01   4.0507e-01   0.0000e+00   3.9203e-02   2.6242e+02
20260827_22:00:00   4.2822e-02   1.4144e+01   3.9435e-01   0.0000e+00   3.2809e-02   2.6303e+02
20260827_23:00:00   4.2246e-02   1.4005e+01   3.8502e-01   0.0000e+00   2.2897e-02   2.6115e+02
20260828_00:00:00   4.1650e-02   1.3862e+01   3.7437e-01   0.0000e+00   1.6083e-02   2.5907e+02
20260828_01:00:00   4.1169e-02   1.3746e+01   3.6534e-01   0.0000e+00   1.3387e-02   2.6062e+02
20260828_02:00:00   4.0780e-02   1.3650e+01   3.5753e-01   0.0000e+00   1.3999e-02   2.6118e+02
20260828_03:00:00   4.0360e-02   1.3549e+01   3.5101e-01   0.0000e+00   9.8029e-03   2.6074e+02
20260828_04:00:00   4.0196e-02   1.3507e+01   3.4755e-01   0.0000e+00   9.0623e-03   2.6058e+02
20260828_05:00:00   3.9955e-02   1.3453e+01   3.4378e-01   0.0000e+00   6.4569e-03   2.5759e+02
20260828_06:00:00   3.9409e-02   1.3330e+01   3.3427e-01   0.0000e+00   3.0673e-03   2.5455e+02
20260828_07:00:00   3.8440e-02   1.3102e+01   3.1609e-01   0.0000e+00   9.6027e-04   2.5356e+02
20260828_08:00:00   3.7660e-02   1.2920e+01   3.0122e-01   0.0000e+00   2.5803e-04   2.5221e+02
20260828_09:00:00   3.8268e-02   1.3057e+01   3.1126e-01   0.0000e+00   1.4845e-03   2.5324e+02
20260828_10:00:00   3.8587e-02   1.3128e+01   3.1530e-01   0.0000e+00   4.3999e-03   2.5294e+02
20260828_11:00:00   3.8304e-02   1.3065e+01   3.1097e-01   0.0000e+00   1.9999e-03   2.5052e+02
20260828_12:00:00   3.7791e-02   1.2946e+01   3.0161e-01   0.0000e+00   1.2887e-03   2.4567e+02
20260828_13:00:00   3.7513e-02   1.2887e+01   2.9663e-01   0.0000e+00   6.2696e-04   2.4534e+02
20260828_14:00:00   3.6771e-02   1.2723e+01   2.8323e-01   0.0000e+00   6.6914e-05   2.4734e+02
20260828_15:00:00   3.6157e-02   1.2580e+01   2.7255e-01   0.0000e+00   1.8425e-05   2.5160e+02
20260828_16:00:00   3.5720e-02   1.2478e+01   2.6551e-01   0.0000e+00   2.4557e-05   2.5187e+02
20260828_17:00:00   3.5625e-02   1.2458e+01   2.6467e-01   0.0000e+00   2.4482e-05   2.5000e+02
20260828_18:00:00   3.5544e-02   1.2435e+01   2.6370e-01   0.0000e+00   3.2634e-05   2.4852e+02
20260828_19:00:00   3.4996e-02   1.2313e+01   2.5428e-01   0.0000e+00   6.5264e-05   2.4746e+02
20260828_20:00:00   3.4491e-02   1.2205e+01   2.4597e-01   0.0000e+00   1.5704e-04   2.4373e+02
20260828_21:00:00   3.4357e-02   1.2174e+01   2.4457e-01   0.0000e+00   1.3868e-04   2.3871e+02
20260828_22:00:00   3.4693e-02   1.2251e+01   2.5291e-01   0.0000e+00   1.0808e-04   2.3307e+02
20260828_23:00:00   3.4846e-02   1.2286e+01   2.5726e-01   0.0000e+00   4.6914e-05   2.3007e+02
20260829_00:00:00   3.5192e-02   1.2368e+01   2.6604e-01   0.0000e+00   2.4474e-05   2.3170e+02
20260829_01:00:00   3.5651e-02   1.2476e+01   2.7673e-01   0.0000e+00   4.4871e-05   2.3315e+02
20260829_02:00:00   3.6066e-02   1.2571e+01   2.8600e-01   0.0000e+00   9.1776e-05   2.3136e+02
20260829_03:00:00   3.6663e-02   1.2706e+01   2.9714e-01   0.0000e+00   1.3400e-03   2.3152e+02
20260829_04:00:00   3.7291e-02   1.2856e+01   3.0919e-01   0.0000e+00   3.6057e-03   2.3454e+02
20260829_05:00:00   3.8107e-02   1.3043e+01   3.2195e-01   0.0000e+00   6.2819e-03   2.3985e+02
20260829_06:00:00   3.8972e-02   1.3252e+01   3.3742e-01   0.0000e+00   8.4406e-03   2.4569e+02
20260829_07:00:00   3.9461e-02   1.3363e+01   3.4449e-01   0.0000e+00   1.1325e-02   2.4802e+02
20260829_08:00:00   3.9919e-02   1.3463e+01   3.4697e-01   0.0000e+00   2.1067e-02   2.4841e+02
20260829_09:00:00   4.0665e-02   1.3636e+01   3.5672e-01   0.0000e+00   2.7558e-02   2.4731e+02
20260829_10:00:00   4.0802e-02   1.3663e+01   3.5646e-01   0.0000e+00   3.0167e-02   2.4453e+02
20260829_11:00:00   4.0418e-02   1.3570e+01   3.4834e-01   0.0000e+00   2.9929e-02   2.4389e+02
20260829_12:00:00   3.9552e-02   1.3360e+01   3.3214e-01   0.0000e+00   2.7846e-02   2.4384e+02
20260829_13:00:00   3.8476e-02   1.3100e+01   3.1293e-01   0.0000e+00   2.2387e-02   2.4551e+02
20260829_14:00:00   3.7172e-02   1.2799e+01   2.8874e-01   0.0000e+00   1.4619e-02   2.4752e+02
20260829_15:00:00   3.5999e-02   1.2524e+01   2.6624e-01   0.0000e+00   1.0985e-02   2.4997e+02
20260829_16:00:00   3.5417e-02   1.2380e+01   2.5510e-01   0.0000e+00   8.5246e-03   2.5211e+02
20260829_17:00:00   3.5193e-02   1.2324e+01   2.5154e-01   0.0000e+00   6.9240e-03   2.5616e+02
20260829_18:00:00   3.5085e-02   1.2293e+01   2.4967e-01   0.0000e+00   5.0268e-03   2.6046e+02
20260829_19:00:00   3.5033e-02   1.2272e+01   2.4784e-01   0.0000e+00   4.8393e-03   2.6465e+02
20260829_20:00:00   3.4969e-02   1.2253e+01   2.4520e-01   0.0000e+00   5.6951e-03   2.6555e+02
20260829_21:00:00   3.4922e-02   1.2245e+01   2.4446e-01   0.0000e+00   4.2925e-03   2.6338e+02
20260829_22:00:00   3.4650e-02   1.2181e+01   2.3890e-01   0.0000e+00   3.7758e-03   2.6574e+02
20260829_23:00:00   3.4600e-02   1.2169e+01   2.3742e-01   0.0000e+00   3.5814e-03   2.6052e+02
20260830_00:00:00   3.4713e-02   1.2201e+01   2.4018e-01   0.0000e+00   2.0744e-03   2.5172e+02
20260830_01:00:00   3.4551e-02   1.2169e+01   2.3831e-01   0.0000e+00   3.0036e-04   2.4946e+02
20260830_02:00:00   3.4635e-02   1.2186e+01   2.3927e-01   0.0000e+00   2.1288e-04   2.4770e+02
20260830_03:00:00   3.4354e-02   1.2124e+01   2.3497e-01   0.0000e+00   3.4364e-05   2.4692e+02
20260830_04:00:00   3.3442e-02   1.1913e+01   2.1951e-01   0.0000e+00   1.8022e-05   2.4751e+02
20260830_05:00:00   3.2394e-02   1.1672e+01   2.0131e-01   0.0000e+00   1.0652e-04   2.4611e+02
20260830_06:00:00   3.1972e-02   1.1576e+01   1.9287e-01   0.0000e+00   2.5306e-04   2.4358e+02
20260830_09:00:00   3.2658e-02   1.1748e+01   2.0223e-01   0.0000e+00   2.7549e-05   2.4416e+02
20260830_12:00:00   3.2782e-02   1.1791e+01   2.0374e-01   0.0000e+00   1.7783e-05   2.4731e+02
20260830_15:00:00   3.2333e-02   1.1700e+01   1.9591e-01   0.0000e+00   2.5869e-05   2.4961e+02
20260830_18:00:00   3.1295e-02   1.1472e+01   1.7877e-01   0.0000e+00   9.4970e-06   2.4409e+02
20260830_21:00:00   3.0242e-02   1.1235e+01   1.6106e-01   0.0000e+00   0.0000e+00   2.3988e+02
20260831_00:00:00   2.8870e-02   1.0923e+01   1.3790e-01   0.0000e+00   0.0000e+00   2.3959e+02
20260831_03:00:00   2.7489e-02   1.0611e+01   1.1546e-01   0.0000e+00   2.2845e-05   2.3523e+02
20260831_06:00:00   2.7350e-02   1.0595e+01   1.1556e-01   0.0000e+00   9.7890e-06   2.2246e+02
20260831_09:00:00   2.7411e-02   1.0615e+01   1.2425e-01   0.0000e+00   3.6715e-05   2.1654e+02
20260831_12:00:00   2.9205e-02   1.1048e+01   1.6693e-01   0.0000e+00   5.0181e-05   2.1390e+02
20260831_15:00:00   3.2497e-02   1.1844e+01   2.4071e-01   0.0000e+00   8.6063e-05   2.0956e+02
20260831_18:00:00   3.8352e-02   1.3240e+01   3.6286e-01   0.0000e+00   5.7371e-04   2.0988e+02
20260831_21:00:00   5.1539e-02   1.6352e+01   6.1752e-01   0.0000e+00   4.0835e-03   2.1176e+02
20260901_00:00:00   6.2951e-02   1.8986e+01   8.2171e-01   0.0000e+00   5.6700e-03   2.1669e+02
20260901_03:00:00   6.4178e-02   1.9280e+01   8.4414e-01   0.0000e+00   4.6349e-03   2.2073e+02
20260901_06:00:00   6.6962e-02   1.9931e+01   8.9947e-01   0.0000e+00   6.5576e-03   2.2134e+02
20260901_09:00:00   7.4951e-02   2.1724e+01   1.0334e+00   0.0000e+00   2.6839e-02   2.2494e+02
20260901_12:00:00   7.9694e-02   2.2780e+01   1.0943e+00   0.0000e+00   6.9287e-02   2.2355e+02
20260901_15:00:00   7.8266e-02   2.2464e+01   1.0613e+00   0.0000e+00   7.3702e-02   2.2720e+02
20260901_18:00:00   7.3954e-02   2.1427e+01   9.4957e-01   0.0000e+00   1.4867e-01   2.3752e+02
20260901_21:00:00   6.4264e-02   1.9211e+01   7.8762e-01   0.0000e+00   7.2626e-02   2.5366e+02
20260902_00:00:00   6.2968e-02   1.8937e+01   7.6576e-01   0.0000e+00   4.0724e-02   2.5066e+02
20260902_03:00:00   5.9703e-02   1.8184e+01   7.0346e-01   0.0000e+00   2.2843e-02   2.5144e+02
20260902_06:00:00   5.2848e-02   1.6616e+01   5.8219e-01   0.0000e+00   5.8454e-03   2.4160e+02
20260902_09:00:00   4.9188e-02   1.5740e+01   5.1270e-01   0.0000e+00   3.6363e-03   2.3929e+02
20260902_12:00:00   4.5202e-02   1.4780e+01   4.4447e-01   0.0000e+00   3.3944e-03   2.3952e+02
20260902_15:00:00   4.1091e-02   1.3785e+01   3.7087e-01   0.0000e+00   9.0537e-03   2.4274e+02
20260902_18:00:00   4.0318e-02   1.3588e+01   3.5395e-01   0.0000e+00   1.3228e-02   2.4540e+02
20260902_21:00:00   4.0235e-02   1.3548e+01   3.5374e-01   0.0000e+00   5.5368e-03   2.5536e+02
20260903_00:00:00   4.0797e-02   1.3672e+01   3.6276e-01   0.0000e+00   1.0450e-02   2.5623e+02
20260903_03:00:00   4.1571e-02   1.3873e+01   3.7972e-01   0.0000e+00   4.5951e-03   2.5693e+02
20260903_06:00:00   3.9505e-02   1.3438e+01   3.4639e-01   0.0000e+00   8.1580e-06   2.5412e+02
20260903_09:00:00   3.8835e-02   1.3301e+01   3.3070e-01   0.0000e+00   1.6316e-05   2.4970e+02
20260903_12:00:00   3.5966e-02   1.2611e+01   2.7684e-01   0.0000e+00   8.1580e-06   2.5303e+02
20260903_15:00:00   3.2722e-02   1.1818e+01   2.2015e-01   0.0000e+00   0.0000e+00   2.4822e+02
20260903_18:00:00   2.7676e-02   1.0602e+01   1.2633e-01   0.0000e+00   0.0000e+00   2.4830e+02
20260903_21:00:00   2.8427e-02   1.0794e+01   1.3689e-01   0.0000e+00   5.2200e-08   2.4821e+02
20260904_00:00:00   3.0692e-02   1.1346e+01   1.7678e-01   0.0000e+00   4.2580e-07   2.5019e+02
20260904_03:00:00   3.1539e-02   1.1552e+01   1.9302e-01   0.0000e+00   8.1580e-09   2.4486e+02
20260904_06:00:00   3.2677e-02   1.1813e+01   2.1287e-01   0.0000e+00   6.1180e-05   2.4906e+02
20260904_09:00:00   3.1419e-02   1.1502e+01   1.9216e-01   0.0000e+00   2.4481e-05   2.4636e+02
20260904_12:00:00   3.0506e-02   1.1277e+01   1.7523e-01   0.0000e+00   0.0000e+00   2.5092e+02
20260904_15:00:00   2.9266e-02   1.0970e+01   1.5241e-01   0.0000e+00   0.0000e+00   2.4985e+02
20260904_18:00:00   2.7834e-02   1.0624e+01   1.2764e-01   0.0000e+00   0.0000e+00   2.4030e+02
20260904_21:00:00   2.7204e-02   1.0464e+01   1.1778e-01   0.0000e+00   3.0599e-05   2.3862e+02
20260905_00:00:00   2.7027e-02   1.0415e+01   1.1617e-01   0.0000e+00   1.0197e-04   2.3597e+02
20260905_03:00:00   2.7916e-02   1.0620e+01   1.3516e-01   0.0000e+00   2.0395e-04   2.4389e+02
20260905_06:00:00   2.8572e-02   1.0771e+01   1.4834e-01   0.0000e+00   5.7723e-04   2.4124e+02
20260905_09:00:00   3.0731e-02   1.1279e+01   1.8832e-01   0.0000e+00   2.8956e-03   2.4483e+02
20260905_12:00:00   3.2526e-02   1.1700e+01   2.1994e-01   0.0000e+00   6.2634e-03   2.5153e+02
20260905_15:00:00   3.3656e-02   1.1965e+01   2.4031e-01   0.0000e+00   6.6951e-03   2.5690e+02
20260905_18:00:00   3.5315e-02   1.2347e+01   2.6626e-01   0.0000e+00   9.5302e-03   2.5182e+02
20260905_21:00:00   3.5935e-02   1.2488e+01   2.7350e-01   0.0000e+00   1.5116e-02   2.5043e+02
20260906_00:00:00   3.6517e-02   1.2614e+01   2.8555e-01   0.0000e+00   1.9088e-02   2.4989e+02
20260906_03:00:00   3.6823e-02   1.2680e+01   2.8688e-01   0.0000e+00   3.3900e-02   2.4828e+02
20260906_06:00:00   3.6902e-02   1.2692e+01   2.8505e-01   0.0000e+00   4.0560e-02   2.5459e+02
20260906_09:00:00   3.6929e-02   1.2694e+01   2.8426e-01   0.0000e+00   3.9673e-02   2.6144e+02
20260906_12:00:00   3.6628e-02   1.2616e+01   2.7720e-01   0.0000e+00   3.6233e-02   2.6372e+02
20260906_15:00:00   3.6129e-02   1.2490e+01   2.6613e-01   0.0000e+00   3.2197e-02   2.6166e+02
20260906_18:00:00   3.5560e-02   1.2351e+01   2.5554e-01   0.0000e+00   2.3144e-02   2.5893e+02
20260906_21:00:00   3.5029e-02   1.2223e+01   2.4531e-01   0.0000e+00   1.2798e-02   2.5749e+02
20260907_00:00:00   3.4729e-02   1.2150e+01   2.3881e-01   0.0000e+00   8.0574e-03   2.4665e+02
20260907_03:00:00   3.4284e-02   1.2039e+01   2.2635e-01   0.0000e+00   9.2252e-03   2.5565e+02
20260907_06:00:00   3.3649e-02   1.1888e+01   2.1297e-01   0.0000e+00   8.1314e-03   2.5612e+02
20260907_09:00:00   3.3193e-02   1.1776e+01   2.0335e-01   0.0000e+00   6.0063e-03   2.5822e+02
20260907_12:00:00   3.2636e-02   1.1643e+01   1.9202e-01   0.0000e+00   4.5850e-03   2.5967e+02
20260907_15:00:00   3.1582e-02   1.1400e+01   1.7341e-01   0.0000e+00   5.0346e-04   2.5485e+02
20260907_18:00:00   3.1072e-02   1.1281e+01   1.6388e-01   0.0000e+00   4.1536e-04   2.5567e+02
20260907_21:00:00   3.0036e-02   1.1043e+01   1.4495e-01   0.0000e+00   9.7509e-05   2.4915e+02
20260908_00:00:00   2.9218e-02   1.0851e+01   1.3036e-01   0.0000e+00   6.7959e-05   2.5649e+02
20260908_03:00:00   2.8991e-02   1.0802e+01   1.2719e-01   0.0000e+00   2.4369e-04   2.5913e+02
20260908_06:00:00   2.7934e-02   1.0558e+01   1.0930e-01   0.0000e+00   8.8579e-05   2.6153e+02
20260908_09:00:00   2.7139e-02   1.0384e+01   1.0238e-01   0.0000e+00   2.3378e-05   2.5301e+02
20260908_12:00:00   2.8061e-02   1.0594e+01   1.2812e-01   0.0000e+00   2.4778e-03   2.5532e+02
20260908_15:00:00   3.0151e-02   1.1079e+01   1.7229e-01   0.0000e+00   5.6212e-03   2.4504e+02
20260908_18:00:00   3.2941e-02   1.1734e+01   2.2485e-01   0.0000e+00   8.7491e-03   2.5505e+02
20260908_21:00:00   3.3455e-02   1.1855e+01   2.3440e-01   0.0000e+00   1.1975e-02   2.5474e+02
20260909_00:00:00   3.3527e-02   1.1875e+01   2.3559e-01   0.0000e+00   1.3777e-02   2.5591e+02
20260909_03:00:00   3.3373e-02   1.1836e+01   2.3220e-01   0.0000e+00   1.4223e-02   2.5408e+02
20260909_06:00:00   3.3171e-02   1.1790e+01   2.2995e-01   0.0000e+00   8.7018e-03   2.5146e+02
20260909_09:00:00   3.2932e-02   1.1741e+01   2.2873e-01   0.0000e+00   1.6626e-03   2.5504e+02
20260909_12:00:00   3.2863e-02   1.1726e+01   2.2742e-01   0.0000e+00   1.0553e-03   2.5697e+02
20260909_15:00:00   3.2588e-02   1.1670e+01   2.2315e-01   0.0000e+00   9.7725e-04   2.6364e+02
20260909_18:00:00   3.2079e-02   1.1553e+01   2.1541e-01   0.0000e+00   1.3849e-03   2.6149e+02
20260909_21:00:00   3.1955e-02   1.1524e+01   2.1241e-01   0.0000e+00   4.4515e-03   2.6626e+02
20260910_00:00:00   3.2484e-02   1.1652e+01   2.2097e-01   0.0000e+00   5.6826e-03   2.7201e+02
20260910_03:00:00   3.2673e-02   1.1697e+01   2.2126e-01   0.0000e+00   1.0709e-02   2.7170e+02
20260910_06:00:00   3.2418e-02   1.1636e+01   2.1006e-01   0.0000e+00   2.3488e-02   2.7412e+02
