#            date       tau255        Tb[K]      pwv[mm] lwp[kg*m^-2] iwp[kg*m^-2]       o3[DU]
20260927_12:00:00   3.2079e-02   1.1600e+01   2.1555e-01   0.0000e+00   9.1703e-03   1.5792e+02
20260927_13:00:00   3.2250e-02   1.1641e+01   2.1886e-01   0.0000e+00   9.1322e-03   1.5629e+02
20260927_14:00:00   3.2371e-02   1.1668e+01   2.2150e-01   0.0000e+00   8.1266e-03   1.5472e+02
20260927_15:00:00   3.2516e-02   1.1701e+01   2.2366e-01   0.0000e+00   8.4579e-03   1.5404e+02
20260927_16:00:00   3.2621e-02   1.1727e+01   2.2452e-01   0.0000e+00   9.1615e-03   1.5300e+02
20260927_17:00:00   3.2700e-02   1.1742e+01   2.2599e-01   0.0000e+00   8.7085e-03   1.5218e+02
20260927_18:00:00   3.2749e-02   1.1751e+01   2.2660e-01   0.0000e+00   8.0875e-03   1.5377e+02
20260927_19:00:00   3.2682e-02   1.1733e+01   2.2443e-01   0.0000e+00   8.3998e-03   1.5582e+02
20260927_20:00:00   3.2717e-02   1.1740e+01   2.2401e-01   0.0000e+00   8.7490e-03   1.5522e+02
20260927_21:00:00   3.2716e-02   1.1739e+01   2.2356e-01   0.0000e+00   7.7916e-03   1.5378e+02
20260927_22:00:00   3.2722e-02   1.1739e+01   2.2334e-01   0.0000e+00   7.4228e-03   1.5307e+02
20260927_23:00:00   3.2769e-02   1.1748e+01   2.2376e-01   0.0000e+00   7.0512e-03   1.5348e+02
20260928_00:00:00   3.2847e-02   1.1764e+01   2.2476e-01   0.0000e+00   6.6247e-03   1.5362e+02
20260928_01:00:00   3.2847e-02   1.1763e+01   2.2492e-01   0.0000e+00   6.1632e-03   1.5239e+02
20260928_02:00:00   3.2783e-02   1.1747e+01   2.2382e-01   0.0000e+00   5.5911e-03   1.5138e+02
20260928_03:00:00   3.2830e-02   1.1758e+01   2.2531e-01   0.0000e+00   4.6390e-03   1.5008e+02
20260928_04:00:00   3.2906e-02   1.1774e+01   2.2721e-01   0.0000e+00   4.8997e-03   1.5010e+02
20260928_05:00:00   3.3139e-02   1.1827e+01   2.3213e-01   0.0000e+00   5.1804e-03   1.5082e+02
20260928_06:00:00   3.3303e-02   1.1862e+01   2.3526e-01   0.0000e+00   5.4932e-03   1.5161e+02
20260928_07:00:00   3.3403e-02   1.1883e+01   2.3751e-01   0.0000e+00   4.9889e-03   1.5277e+02
20260928_08:00:00   3.3568e-02   1.1918e+01   2.4069e-01   0.0000e+00   5.2330e-03   1.5362e+02
20260928_09:00:00   3.3434e-02   1.1885e+01   2.3777e-01   0.0000e+00   5.4120e-03   1.5305e+02
20260928_10:00:00   3.3173e-02   1.1825e+01   2.3256e-01   0.0000e+00   5.2181e-03   1.5245e+02
20260928_11:00:00   3.2870e-02   1.1757e+01   2.2707e-01   0.0000e+00   4.0473e-03   1.5317e+02
20260928_12:00:00   3.2717e-02   1.1726e+01   2.2460e-01   0.0000e+00   3.4907e-03   1.5427e+02
20260928_13:00:00   3.2610e-02   1.1702e+01   2.2280e-01   0.0000e+00   3.4096e-03   1.5454e+02
20260928_14:00:00   3.2530e-02   1.1681e+01   2.2095e-01   0.0000e+00   4.2763e-03   1.5374e+02
20260928_15:00:00   3.2408e-02   1.1652e+01   2.1850e-01   0.0000e+00   5.1143e-03   1.5217e+02
20260928_16:00:00   3.2375e-02   1.1645e+01   2.1814e-01   0.0000e+00   5.1527e-03   1.5258e+02
20260928_17:00:00   3.2358e-02   1.1639e+01   2.1800e-01   0.0000e+00   4.8712e-03   1.5337e+02
20260928_18:00:00   3.2335e-02   1.1634e+01   2.1839e-01   0.0000e+00   4.6075e-03   1.5404e+02
20260928_19:00:00   3.2330e-02   1.1631e+01   2.1842e-01   0.0000e+00   4.4175e-03   1.5304e+02
20260928_20:00:00   3.2262e-02   1.1615e+01   2.1747e-01   0.0000e+00   4.2344e-03   1.5198e+02
20260928_21:00:00   3.2103e-02   1.1577e+01   2.1460e-01   0.0000e+00   4.9775e-03   1.5323e+02
20260928_22:00:00   3.2003e-02   1.1558e+01   2.1335e-01   0.0000e+00   4.9040e-03   1.5480e+02
20260928_23:00:00   3.1818e-02   1.1513e+01   2.1030e-01   0.0000e+00   3.9357e-03   1.5452e+02
20260929_00:00:00   3.1678e-02   1.1481e+01   2.0849e-01   0.0000e+00   3.4171e-03   1.5408e+02
20260929_01:00:00   3.1632e-02   1.1472e+01   2.0830e-01   0.0000e+00   3.0758e-03   1.5458e+02
20260929_02:00:00   3.1558e-02   1.1456e+01   2.0772e-01   0.0000e+00   2.6373e-03   1.5540e+02
20260929_03:00:00   3.1596e-02   1.1467e+01   2.0905e-01   0.0000e+00   1.4955e-03   1.5651e+02
20260929_04:00:00   3.1587e-02   1.1465e+01   2.0914e-01   0.0000e+00   1.2091e-03   1.5681e+02
20260929_05:00:00   3.1610e-02   1.1472e+01   2.0994e-01   0.0000e+00   5.2545e-04   1.5730e+02
20260929_06:00:00   3.1517e-02   1.1452e+01   2.0842e-01   0.0000e+00   3.6525e-04   1.5742e+02
20260929_07:00:00   3.1429e-02   1.1434e+01   2.0734e-01   0.0000e+00   1.5893e-04   1.5602e+02
20260929_08:00:00   3.1297e-02   1.1405e+01   2.0516e-01   0.0000e+00   7.0425e-05   1.5603e+02
20260929_09:00:00   3.1120e-02   1.1365e+01   2.0214e-01   0.0000e+00   6.7123e-05   1.5671e+02
20260929_10:00:00   3.0878e-02   1.1312e+01   1.9841e-01   0.0000e+00   5.5653e-05   1.5611e+02
20260929_11:00:00   3.0670e-02   1.1266e+01   1.9484e-01   0.0000e+00   5.5653e-05   1.5765e+02
20260929_12:00:00   3.0494e-02   1.1226e+01   1.9184e-01   0.0000e+00   4.7515e-05   1.5896e+02
20260929_13:00:00   3.0305e-02   1.1183e+01   1.8868e-01   0.0000e+00   5.3285e-05   1.5970e+02
20260929_14:00:00   3.0150e-02   1.1146e+01   1.8586e-01   0.0000e+00   8.2075e-05   1.5997e+02
20260929_15:00:00   3.0066e-02   1.1126e+01   1.8422e-01   0.0000e+00   4.7485e-05   1.5953e+02
20260929_16:00:00   2.9992e-02   1.1111e+01   1.8349e-01   0.0000e+00   5.8985e-05   1.5948e+02
20260929_17:00:00   2.9971e-02   1.1107e+01   1.8360e-01   0.0000e+00   4.7455e-05   1.6029e+02
20260929_18:00:00   2.9973e-02   1.1106e+01   1.8349e-01   0.0000e+00   9.3215e-05   1.6267e+02
20260929_19:00:00   2.9974e-02   1.1107e+01   1.8356e-01   0.0000e+00   7.0215e-05   1.6293e+02
20260929_20:00:00   2.9925e-02   1.1101e+01   1.8312e-01   0.0000e+00   7.8353e-05   1.6302e+02
20260929_21:00:00   2.9797e-02   1.1074e+01   1.8066e-01   0.0000e+00   5.8725e-05   1.6412e+02
20260929_22:00:00   2.9563e-02   1.1024e+01   1.7600e-01   0.0000e+00   2.7702e-05   1.6357e+02
20260929_23:00:00   2.9177e-02   1.0938e+01   1.6871e-01   0.0000e+00   1.9526e-05   1.6336e+02
20260930_00:00:00   2.9120e-02   1.0924e+01   1.6916e-01   0.0000e+00   1.9516e-05   1.6275e+02
20260930_01:00:00   2.9407e-02   1.0994e+01   1.7644e-01   0.0000e+00   2.2708e-05   1.6329e+02
20260930_02:00:00   3.0169e-02   1.1175e+01   1.9212e-01   0.0000e+00   3.0806e-05   1.6449e+02
20260930_03:00:00   3.1519e-02   1.1493e+01   2.2056e-01   0.0000e+00   1.1564e-04   1.6417e+02
20260930_04:00:00   3.3832e-02   1.2039e+01   2.6452e-01   0.0000e+00   3.9938e-04   1.6585e+02
20260930_05:00:00   3.5232e-02   1.2366e+01   2.9010e-01   0.0000e+00   2.2367e-03   1.6548e+02
20260930_06:00:00   3.6528e-02   1.2671e+01   3.1356e-01   0.0000e+00   4.3052e-03   1.6603e+02
20260930_07:00:00   3.7502e-02   1.2902e+01   3.3158e-01   0.0000e+00   6.6453e-03   1.6589e+02
20260930_08:00:00   3.8113e-02   1.3052e+01   3.4415e-01   0.0000e+00   8.0522e-03   1.6546e+02
20260930_09:00:00   3.8605e-02   1.3170e+01   3.5449e-01   0.0000e+00   9.0296e-03   1.6489e+02
20260930_10:00:00   3.9001e-02   1.3262e+01   3.6098e-01   0.0000e+00   1.3708e-02   1.6651e+02
20260930_11:00:00   3.9397e-02   1.3357e+01   3.6558e-01   0.0000e+00   2.1460e-02   1.6423e+02
20260930_12:00:00   3.9713e-02   1.3433e+01   3.7058e-01   0.0000e+00   2.4738e-02   1.6324e+02
20260930_13:00:00   4.0066e-02   1.3521e+01   3.7795e-01   0.0000e+00   2.1174e-02   1.6266e+02
20260930_14:00:00   4.0446e-02   1.3616e+01   3.8424e-01   0.0000e+00   2.2088e-02   1.6433e+02
20260930_15:00:00   4.0556e-02   1.3646e+01   3.8744e-01   0.0000e+00   1.7544e-02   1.6472e+02
20260930_16:00:00   4.0742e-02   1.3694e+01   3.9168e-01   0.0000e+00   1.2867e-02   1.6602e+02
20260930_17:00:00   4.0644e-02   1.3670e+01   3.8867e-01   0.0000e+00   1.2104e-02   1.6714e+02
20260930_18:00:00   4.0620e-02   1.3671e+01   3.8739e-01   0.0000e+00   9.4304e-03   1.6697e+02
20260930_19:00:00   4.0377e-02   1.3615e+01   3.8218e-01   0.0000e+00   5.4074e-03   1.6642e+02
20260930_20:00:00   3.9977e-02   1.3526e+01   3.7303e-01   0.0000e+00   5.1290e-03   1.6508e+02
20260930_21:00:00   3.9976e-02   1.3522e+01   3.7160e-01   0.0000e+00   5.9154e-03   1.6525e+02
20260930_22:00:00   4.0254e-02   1.3582e+01   3.7622e-01   0.0000e+00   6.0653e-03   1.6541e+02
20260930_23:00:00   4.0370e-02   1.3610e+01   3.7731e-01   0.0000e+00   6.7295e-03   1.6390e+02
20261001_00:00:00   4.0282e-02   1.3588e+01   3.7384e-01   0.0000e+00   8.5960e-03   1.6173e+02
20261001_01:00:00   4.0591e-02   1.3662e+01   3.7861e-01   0.0000e+00   9.5273e-03   1.5929e+02
20261001_02:00:00   4.0790e-02   1.3712e+01   3.8096e-01   0.0000e+00   1.1683e-02   1.5829e+02
20261001_03:00:00   4.0888e-02   1.3736e+01   3.8321e-01   0.0000e+00   8.3759e-03   1.5930e+02
20261001_04:00:00   4.1065e-02   1.3781e+01   3.8717e-01   0.0000e+00   5.9657e-03   1.5895e+02
20261001_05:00:00   4.1282e-02   1.3830e+01   3.9174e-01   0.0000e+00   4.5786e-03   1.5962e+02
20261001_06:00:00   4.1319e-02   1.3835e+01   3.9118e-01   0.0000e+00   6.3576e-03   1.5876e+02
20261001_07:00:00   4.1500e-02   1.3877e+01   3.9474e-01   0.0000e+00   5.7695e-03   1.5729e+02
20261001_08:00:00   4.1386e-02   1.3849e+01   3.9211e-01   0.0000e+00   4.9799e-03   1.5670e+02
20261001_09:00:00   4.1161e-02   1.3803e+01   3.8829e-01   0.0000e+00   3.4854e-03   1.5725e+02
20261001_10:00:00   4.1356e-02   1.3843e+01   3.9096e-01   0.0000e+00   3.5698e-03   1.5703e+02
20261001_11:00:00   4.1323e-02   1.3829e+01   3.8932e-01   0.0000e+00   6.3433e-03   1.5472e+02
20261001_12:00:00   4.1507e-02   1.3881e+01   3.9464e-01   0.0000e+00   5.8884e-03   1.5306e+02
20261001_13:00:00   4.0281e-02   1.3613e+01   3.6834e-01   0.0000e+00   2.0958e-03   1.5295e+02
20261001_14:00:00   3.7431e-02   1.2958e+01   3.0805e-01   0.0000e+00   4.7110e-03   1.5420e+02
20261001_15:00:00   3.5400e-02   1.2486e+01   2.7435e-01   0.0000e+00   3.2235e-03   1.5585e+02
20261001_16:00:00   3.4672e-02   1.2306e+01   2.6663e-01   0.0000e+00   2.3059e-03   1.5804e+02
20261001_17:00:00   3.6380e-02   1.2706e+01   3.0620e-01   0.0000e+00   2.4953e-03   1.5668e+02
20261001_18:00:00   3.9894e-02   1.3540e+01   3.7680e-01   0.0000e+00   6.5423e-03   1.5692e+02
20261001_19:00:00   4.3960e-02   1.4486e+01   4.4858e-01   0.0000e+00   1.8791e-02   1.5707e+02
20261001_20:00:00   5.0255e-02   1.5948e+01   5.5550e-01   0.0000e+00   3.5744e-02   1.5822e+02
20261001_21:00:00   5.1264e-02   1.6178e+01   5.5960e-01   0.0000e+00   7.7623e-02   1.5847e+02
20261001_22:00:00   5.1732e-02   1.6291e+01   5.6401e-01   0.0000e+00   9.2443e-02   1.5773e+02
20261001_23:00:00   5.2347e-02   1.6441e+01   5.7447e-01   0.0000e+00   1.0000e-01   1.5644e+02
20261002_00:00:00   5.2926e-02   1.6586e+01   5.8733e-01   0.0000e+00   9.4464e-02   1.5514e+02
20261002_01:00:00   5.4358e-02   1.6933e+01   6.0963e-01   0.0000e+00   1.0658e-01   1.5549e+02
20261002_02:00:00   5.6814e-02   1.7497e+01   6.6055e-01   0.0000e+00   7.3434e-02   1.5596e+02
20261002_03:00:00   5.8354e-02   1.7875e+01   6.9735e-01   0.0000e+00   5.3388e-02   1.5568e+02
20261002_04:00:00   5.9157e-02   1.8075e+01   7.1506e-01   0.0000e+00   4.4849e-02   1.5539e+02
20261002_05:00:00   5.9279e-02   1.8110e+01   7.1814e-01   0.0000e+00   4.0049e-02   1.5589e+02
20261002_06:00:00   5.8339e-02   1.7902e+01   6.9527e-01   0.0000e+00   4.1808e-02   1.5649e+02
20261002_07:00:00   6.0395e-02   1.8363e+01   7.1916e-01   0.0000e+00   6.6346e-02   1.5741e+02
20261002_08:00:00   5.9271e-02   1.8119e+01   7.0093e-01   0.0000e+00   5.4870e-02   1.5825e+02
20261002_09:00:00   5.6553e-02   1.7486e+01   6.6175e-01   0.0000e+00   1.9774e-02   1.5826e+02
20261002_10:00:00   5.3815e-02   1.6861e+01   6.1185e-01   0.0000e+00   9.1704e-03   1.5757e+02
20261002_11:00:00   5.1771e-02   1.6391e+01   5.7594e-01   0.0000e+00   2.2475e-03   1.5748e+02
20261002_12:00:00   5.1862e-02   1.6414e+01   5.7569e-01   0.0000e+00   1.4991e-03   1.5782e+02
20261002_15:00:00   5.3154e-02   1.6709e+01   5.7653e-01   0.0000e+00   4.5293e-02   1.5691e+02
20261002_18:00:00   4.9763e-02   1.5935e+01   5.1625e-01   0.0000e+00   3.2237e-02   1.5737e+02
20261002_21:00:00   4.7358e-02   1.5370e+01   4.7771e-01   0.0000e+00   2.0647e-02   1.5731e+02
20261003_00:00:00   4.6444e-02   1.5155e+01   4.6258e-01   0.0000e+00   2.1882e-02   1.5651e+02
20261003_03:00:00   4.3128e-02   1.4388e+01   4.1121e-01   0.0000e+00   1.0286e-02   1.5597e+02
20261003_06:00:00   4.1720e-02   1.4059e+01   3.8797e-01   0.0000e+00   4.2651e-03   1.5716e+02
20261003_09:00:00   4.2949e-02   1.4344e+01   4.1428e-01   0.0000e+00   2.8078e-03   1.5646e+02
20261003_12:00:00   5.1768e-02   1.6357e+01   5.9798e-01   0.0000e+00   3.9901e-03   1.5596e+02
20261003_15:00:00   5.7342e-02   1.7639e+01   6.9534e-01   0.0000e+00   2.3355e-02   1.5513e+02
20261003_18:00:00   6.0650e-02   1.8428e+01   7.4481e-01   0.0000e+00   5.7645e-02   1.6120e+02
20261003_21:00:00   6.1829e-02   1.8703e+01   7.5293e-01   0.0000e+00   9.4866e-02   1.5974e+02
20261004_00:00:00   5.7470e-02   1.7689e+01   6.8619e-01   0.0000e+00   3.0082e-02   1.5802e+02
20261004_03:00:00   5.4229e-02   1.6959e+01   6.3135e-01   0.0000e+00   2.6545e-03   1.5796e+02
20261004_06:00:00   5.3488e-02   1.6799e+01   6.2097e-01   0.0000e+00   1.0681e-03   1.5540e+02
20261004_09:00:00   5.3678e-02   1.6856e+01   6.3871e-01   0.0000e+00   4.0637e-03   1.5532e+02
20261004_12:00:00   6.5332e-02   1.9502e+01   8.4450e-01   0.0000e+00   3.2133e-02   1.5729e+02
20261004_15:00:00   6.8335e-02   2.0183e+01   8.8394e-01   0.0000e+00   7.0046e-02   1.5757e+02
20261004_18:00:00   6.7986e-02   2.0099e+01   8.8066e-01   0.0000e+00   5.7931e-02   1.5682e+02
20261004_21:00:00   6.8675e-02   2.0259e+01   8.9698e-01   0.0000e+00   4.0693e-02   1.5731e+02
20261005_00:00:00   6.7640e-02   2.0008e+01   8.8088e-01   0.0000e+00   2.7355e-02   1.6031e+02
20261005_03:00:00   6.7445e-02   1.9969e+01   8.7665e-01   0.0000e+00   1.7795e-02   1.6376e+02
20261005_06:00:00   6.6429e-02   1.9750e+01   8.5230e-01   0.0000e+00   1.3883e-02   1.6382e+02
20261005_09:00:00   6.4124e-02   1.9227e+01   8.1238e-01   0.0000e+00   2.9673e-03   1.6438e+02
20261005_12:00:00   5.9875e-02   1.8256e+01   7.4158e-01   0.0000e+00   2.1084e-03   1.6440e+02
20261005_15:00:00   5.7563e-02   1.7738e+01   7.0064e-01   0.0000e+00   6.9338e-04   1.6475e+02
20261005_18:00:00   5.4433e-02   1.7002e+01   6.3778e-01   0.0000e+00   5.5630e-03   1.6480e+02
20261005_21:00:00   5.5136e-02   1.7153e+01   6.4841e-01   0.0000e+00   1.2595e-02   1.6692e+02
20261006_00:00:00   5.5085e-02   1.7131e+01   6.4409e-01   0.0000e+00   2.0749e-02   1.6650e+02
20261006_03:00:00   5.5851e-02   1.7308e+01   6.5967e-01   0.0000e+00   8.1502e-03   1.6581e+02
20261006_06:00:00   5.3787e-02   1.6853e+01   6.2468e-01   0.0000e+00   1.4418e-03   1.6566e+02
20261006_09:00:00   5.2337e-02   1.6538e+01   5.9697e-01   0.0000e+00   1.7132e-04   1.6457e+02
20261006_12:00:00   5.2038e-02   1.6473e+01   5.9621e-01   0.0000e+00   7.5456e-05   1.6615e+02
20261006_15:00:00   5.2294e-02   1.6534e+01   6.0849e-01   0.0000e+00   6.0379e-04   1.6469e+02
20261006_18:00:00   5.2369e-02   1.6554e+01   6.1429e-01   0.0000e+00   4.4263e-04   1.6460e+02
20261006_21:00:00   5.2778e-02   1.6645e+01   6.2642e-01   0.0000e+00   9.7484e-04   1.6666e+02
20261007_00:00:00   5.3937e-02   1.6908e+01   6.4609e-01   0.0000e+00   5.6047e-03   1.6918e+02
20261007_03:00:00   5.4694e-02   1.7075e+01   6.5714e-01   0.0000e+00   1.1511e-02   1.7212e+02
20261007_06:00:00   5.4544e-02   1.7032e+01   6.5366e-01   0.0000e+00   1.3246e-02   1.7092e+02
20261007_09:00:00   5.5535e-02   1.7251e+01   6.6554e-01   0.0000e+00   2.0557e-02   1.7109e+02
20261007_12:00:00   5.4707e-02   1.7055e+01   6.5310e-01   0.0000e+00   1.2388e-02   1.6996e+02
20261007_15:00:00   5.2225e-02   1.6481e+01   6.1185e-01   0.0000e+00   8.1721e-03   1.7099e+02
20261007_18:00:00   5.1286e-02   1.6256e+01   5.9607e-01   0.0000e+00   6.1181e-03   1.6968e+02
20261007_21:00:00   5.0057e-02   1.5975e+01   5.7705e-01   0.0000e+00   2.6023e-03   1.6650e+02
20261008_00:00:00   4.9050e-02   1.5730e+01   5.5875e-01   0.0000e+00   5.0495e-03   1.6694e+02
20261008_03:00:00   4.7914e-02   1.5459e+01   5.3665e-01   0.0000e+00   8.5915e-03   1.6558e+02
20261008_06:00:00   4.7695e-02   1.5406e+01   5.3037e-01   0.0000e+00   1.0118e-02   1.6389e+02
20261008_09:00:00   4.5786e-02   1.4962e+01   4.9675e-01   0.0000e+00   2.7127e-03   1.6396e+02
20261008_12:00:00   4.3248e-02   1.4363e+01   4.5341e-01   0.0000e+00   3.0305e-03   1.6509e+02
20261008_15:00:00   4.2690e-02   1.4223e+01   4.4323e-01   0.0000e+00   3.6543e-03   1.6460e+02
20261008_18:00:00   4.1236e-02   1.3882e+01   4.1661e-01   0.0000e+00   2.4555e-03   1.6393e+02
20261008_21:00:00   3.8692e-02   1.3276e+01   3.6882e-01   0.0000e+00   3.1609e-03   1.6740e+02
20261009_00:00:00   3.5671e-02   1.2557e+01   3.1237e-01   0.0000e+00   8.2802e-04   1.6711e+02
20261009_03:00:00   3.4024e-02   1.2173e+01   2.7917e-01   0.0000e+00   1.8356e-05   1.6441e+02
20261009_06:00:00   3.2330e-02   1.1776e+01   2.4286e-01   0.0000e+00   8.1580e-06   1.6509e+02
20261009_09:00:00   3.0940e-02   1.1449e+01   2.1511e-01   0.0000e+00   0.0000e+00   1.6599e+02
20261009_12:00:00   2.9513e-02   1.1110e+01   1.8598e-01   0.0000e+00   0.0000e+00   1.6531e+02
20261009_15:00:00   2.7496e-02   1.0633e+01   1.4192e-01   0.0000e+00   0.0000e+00   1.6995e+02
20261009_18:00:00   2.9789e-02   1.1196e+01   1.8302e-01   0.0000e+00   0.0000e+00   1.6846e+02
20261009_21:00:00   3.1748e-02   1.1669e+01   2.2418e-01   0.0000e+00   0.0000e+00   1.6688e+02
20261010_00:00:00   3.2392e-02   1.1827e+01   2.3543e-01   0.0000e+00   0.0000e+00   1.7051e+02
20261010_03:00:00   3.0510e-02   1.1375e+01   1.9784e-01   0.0000e+00   0.0000e+00   1.6784e+02
20261010_06:00:00   3.0306e-02   1.1320e+01   1.9339e-01   0.0000e+00   0.0000e+00   1.6692e+02
20261010_09:00:00   3.0072e-02   1.1257e+01   1.8628e-01   0.0000e+00   0.0000e+00   1.6412e+02
20261010_12:00:00   3.1457e-02   1.1581e+01   2.0947e-01   0.0000e+00   0.0000e+00   1.6039e+02
20261010_15:00:00   2.9625e-02   1.1140e+01   1.7375e-01   0.0000e+00   0.0000e+00   1.5902e+02
20261010_18:00:00   2.9175e-02   1.1022e+01   1.6324e-01   0.0000e+00   0.0000e+00   1.6130e+02
20261010_21:00:00   2.8804e-02   1.0923e+01   1.5369e-01   0.0000e+00   0.0000e+00   1.6230e+02
20261011_00:00:00   2.8543e-02   1.0857e+01   1.4736e-01   0.0000e+00   0.0000e+00   1.6106e+02
20261011_03:00:00   2.8456e-02   1.0834e+01   1.4442e-01   0.0000e+00   0.0000e+00   1.6101e+02
20261011_06:00:00   2.8707e-02   1.0890e+01   1.4661e-01   0.0000e+00   0.0000e+00   1.6013e+02
20261011_09:00:00   2.8918e-02   1.0943e+01   1.4897e-01   0.0000e+00   9.6480e-06   1.6499e+02
20261011_12:00:00   2.9372e-02   1.1057e+01   1.5594e-01   0.0000e+00   9.5580e-06   1.6633e+02
20261011_15:00:00   2.9950e-02   1.1198e+01   1.6503e-01   0.0000e+00   9.4670e-06   1.6980e+02
20261011_18:00:00   3.0111e-02   1.1250e+01   1.6899e-01   0.0000e+00   9.4010e-06   1.6793e+02
20261011_21:00:00   3.0730e-02   1.1399e+01   1.8378e-01   0.0000e+00   9.3170e-06   1.6524e+02
20261012_00:00:00   3.2293e-02   1.1768e+01   2.2273e-01   0.0000e+00   5.1906e-04   1.6509e+02
20261012_03:00:00   3.6669e-02   1.2797e+01   3.1276e-01   0.0000e+00   6.9425e-03   1.6623e+02
20261012_06:00:00   4.4302e-02   1.4603e+01   4.5288e-01   0.0000e+00   2.0764e-02   1.6234e+02
20261012_09:00:00   5.5673e-02   1.7234e+01   6.4701e-01   0.0000e+00   4.5149e-02   1.5607e+02
20261012_12:00:00   5.9202e-02   1.8052e+01   7.0433e-01   0.0000e+00   6.6515e-02   1.5773e+02
20261012_15:00:00   6.1202e-02   1.8533e+01   7.4282e-01   0.0000e+00   6.9261e-02   1.5741e+02
20261012_18:00:00   6.5135e-02   1.9449e+01   8.0657e-01   0.0000e+00   7.5483e-02   1.6016e+02
20261012_21:00:00   6.6844e-02   1.9872e+01   8.4316e-01   0.0000e+00   5.8684e-02   1.6280e+02
20261013_00:00:00   7.0034e-02   2.0641e+01   8.9184e-01   0.0000e+00   7.7714e-02   1.6978e+02
20261013_03:00:00   7.1012e-02   2.0891e+01   9.0366e-01   0.0000e+00   8.7331e-02   1.6887e+02
20261013_06:00:00   6.8652e-02   2.0367e+01   8.7455e-01   0.0000e+00   3.9630e-02   1.7324e+02
20261013_09:00:00   6.4317e-02   1.9367e+01   7.9345e-01   0.0000e+00   2.9244e-02   1.7669e+02
20261013_12:00:00   5.5745e-02   1.7347e+01   6.3268e-01   0.0000e+00   1.9933e-02   1.8006e+02
