#            date       tau255        Tb[K]      pwv[mm] lwp[kg*m^-2] iwp[kg*m^-2]       o3[DU]
20260928_06:00:00   3.3278e-02   1.1859e+01   2.3555e-01   0.0000e+00   4.3531e-03   1.5240e+02
20260928_07:00:00   3.3555e-02   1.1919e+01   2.4069e-01   0.0000e+00   4.4545e-03   1.5368e+02
20260928_08:00:00   3.3616e-02   1.1929e+01   2.4151e-01   0.0000e+00   4.8966e-03   1.5356e+02
20260928_09:00:00   3.3528e-02   1.1906e+01   2.3935e-01   0.0000e+00   5.7331e-03   1.5364e+02
20260928_10:00:00   3.3283e-02   1.1850e+01   2.3459e-01   0.0000e+00   5.1454e-03   1.5368e+02
20260928_11:00:00   3.2974e-02   1.1784e+01   2.2874e-01   0.0000e+00   4.3299e-03   1.5509e+02
20260928_12:00:00   3.2803e-02   1.1746e+01   2.2552e-01   0.0000e+00   4.3260e-03   1.5566e+02
20260928_13:00:00   3.2795e-02   1.1746e+01   2.2547e-01   0.0000e+00   4.6180e-03   1.5380e+02
20260928_14:00:00   3.2721e-02   1.1728e+01   2.2428e-01   0.0000e+00   4.9538e-03   1.5213e+02
20260928_15:00:00   3.2748e-02   1.1732e+01   2.2465e-01   0.0000e+00   5.6597e-03   1.5068e+02
20260928_16:00:00   3.2837e-02   1.1755e+01   2.2693e-01   0.0000e+00   5.3682e-03   1.4926e+02
20260928_17:00:00   3.2866e-02   1.1762e+01   2.2768e-01   0.0000e+00   5.1977e-03   1.4938e+02
20260928_18:00:00   3.2869e-02   1.1765e+01   2.2836e-01   0.0000e+00   4.9320e-03   1.5052e+02
20260928_19:00:00   3.2844e-02   1.1758e+01   2.2817e-01   0.0000e+00   4.8678e-03   1.5149e+02
20260928_20:00:00   3.2934e-02   1.1778e+01   2.2993e-01   0.0000e+00   5.2413e-03   1.5131e+02
20260928_21:00:00   3.2931e-02   1.1780e+01   2.3042e-01   0.0000e+00   5.0825e-03   1.5136e+02
20260928_22:00:00   3.2820e-02   1.1757e+01   2.2945e-01   0.0000e+00   4.2324e-03   1.5103e+02
20260928_23:00:00   3.2751e-02   1.1741e+01   2.2884e-01   0.0000e+00   3.4748e-03   1.5025e+02
20260929_00:00:00   3.2580e-02   1.1704e+01   2.2642e-01   0.0000e+00   3.0391e-03   1.5064e+02
20260929_01:00:00   3.2320e-02   1.1647e+01   2.2217e-01   0.0000e+00   2.6988e-03   1.5221e+02
20260929_02:00:00   3.2115e-02   1.1601e+01   2.1929e-01   0.0000e+00   1.6128e-03   1.5201e+02
20260929_03:00:00   3.2090e-02   1.1597e+01   2.1917e-01   0.0000e+00   1.3482e-03   1.5142e+02
20260929_04:00:00   3.1901e-02   1.1557e+01   2.1681e-01   0.0000e+00   2.8778e-04   1.5081e+02
20260929_05:00:00   3.1722e-02   1.1519e+01   2.1432e-01   0.0000e+00   8.1755e-05   1.5095e+02
20260929_06:00:00   3.1619e-02   1.1496e+01   2.1260e-01   0.0000e+00   3.5936e-05   1.5127e+02
20260929_07:00:00   3.1342e-02   1.1435e+01   2.0800e-01   0.0000e+00   3.5947e-05   1.5302e+02
20260929_08:00:00   3.1022e-02   1.1362e+01   2.0242e-01   0.0000e+00   3.5953e-05   1.5363e+02
20260929_09:00:00   3.0874e-02   1.1328e+01   1.9983e-01   0.0000e+00   3.5953e-05   1.5288e+02
20260929_10:00:00   3.0605e-02   1.1268e+01   1.9534e-01   0.0000e+00   2.7801e-05   1.5251e+02
20260929_11:00:00   3.0383e-02   1.1219e+01   1.9171e-01   0.0000e+00   2.7799e-05   1.5175e+02
20260929_12:00:00   3.0200e-02   1.1179e+01   1.8857e-01   0.0000e+00   2.7800e-05   1.5065e+02
20260929_13:00:00   3.0016e-02   1.1136e+01   1.8514e-01   0.0000e+00   2.7792e-05   1.5001e+02
20260929_14:00:00   2.9862e-02   1.1101e+01   1.8231e-01   0.0000e+00   2.7793e-05   1.4999e+02
20260929_15:00:00   2.9778e-02   1.1086e+01   1.8112e-01   0.0000e+00   2.7785e-05   1.5102e+02
20260929_16:00:00   2.9626e-02   1.1051e+01   1.7833e-01   0.0000e+00   2.7778e-05   1.5184e+02
20260929_17:00:00   2.9537e-02   1.1032e+01   1.7650e-01   0.0000e+00   1.9597e-05   1.5197e+02
20260929_18:00:00   2.9534e-02   1.1032e+01   1.7634e-01   0.0000e+00   1.9569e-05   1.5196e+02
20260929_19:00:00   2.9536e-02   1.1035e+01   1.7657e-01   0.0000e+00   1.9549e-05   1.5485e+02
20260929_20:00:00   2.9306e-02   1.0987e+01   1.7307e-01   0.0000e+00   5.3679e-05   1.5596e+02
20260929_21:00:00   2.9107e-02   1.0944e+01   1.6970e-01   0.0000e+00   1.1053e-04   1.5576e+02
20260929_22:00:00   2.8905e-02   1.0898e+01   1.6595e-01   0.0000e+00   1.6716e-04   1.5530e+02
20260929_23:00:00   2.8967e-02   1.0915e+01   1.6726e-01   0.0000e+00   1.2152e-04   1.5629e+02
20260930_00:00:00   2.8806e-02   1.0882e+01   1.6510e-01   0.0000e+00   1.9274e-04   1.5868e+02
20260930_01:00:00   2.8654e-02   1.0847e+01   1.6320e-01   0.0000e+00   1.6998e-04   1.6043e+02
20260930_02:00:00   2.8613e-02   1.0840e+01   1.6356e-01   0.0000e+00   1.6968e-04   1.6076e+02
20260930_03:00:00   2.8721e-02   1.0866e+01   1.6652e-01   0.0000e+00   1.9184e-04   1.6188e+02
20260930_04:00:00   2.8794e-02   1.0883e+01   1.6846e-01   0.0000e+00   1.9164e-04   1.6367e+02
20260930_05:00:00   2.8957e-02   1.0926e+01   1.7230e-01   0.0000e+00   1.2372e-04   1.6586e+02
20260930_06:00:00   2.9162e-02   1.0979e+01   1.7776e-01   0.0000e+00   2.0222e-04   1.6706e+02
20260930_07:00:00   2.9733e-02   1.1116e+01   1.8946e-01   0.0000e+00   2.1260e-04   1.6538e+02
20260930_08:00:00   3.0629e-02   1.1331e+01   2.0758e-01   0.0000e+00   1.0032e-04   1.6370e+02
20260930_09:00:00   3.1638e-02   1.1576e+01   2.2878e-01   0.0000e+00   1.3355e-04   1.6121e+02
20260930_10:00:00   3.2924e-02   1.1878e+01   2.5378e-01   0.0000e+00   2.0476e-04   1.6066e+02
20260930_11:00:00   3.4544e-02   1.2257e+01   2.8481e-01   0.0000e+00   7.4034e-04   1.5897e+02
20260930_12:00:00   3.5916e-02   1.2579e+01   3.1155e-01   0.0000e+00   6.6830e-04   1.5825e+02
20260930_13:00:00   3.6959e-02   1.2831e+01   3.3161e-01   0.0000e+00   6.1824e-04   1.5871e+02
20260930_14:00:00   3.8321e-02   1.3146e+01   3.5585e-01   0.0000e+00   2.6526e-03   1.5907e+02
20260930_15:00:00   3.9792e-02   1.3485e+01   3.8077e-01   0.0000e+00   5.5270e-03   1.6279e+02
20260930_16:00:00   4.1254e-02   1.3823e+01   4.0629e-01   0.0000e+00   9.4294e-03   1.6622e+02
20260930_17:00:00   4.1693e-02   1.3919e+01   4.1251e-01   0.0000e+00   1.5387e-02   1.6806e+02
20260930_18:00:00   4.2073e-02   1.4007e+01   4.1818e-01   0.0000e+00   1.9248e-02   1.6967e+02
20260930_19:00:00   4.2237e-02   1.4049e+01   4.2304e-01   0.0000e+00   1.2468e-02   1.6999e+02
20260930_20:00:00   4.2047e-02   1.3999e+01   4.1555e-01   0.0000e+00   1.8483e-02   1.7177e+02
20260930_21:00:00   4.2350e-02   1.4072e+01   4.1895e-01   0.0000e+00   2.0926e-02   1.7375e+02
20260930_22:00:00   4.2393e-02   1.4084e+01   4.2019e-01   0.0000e+00   1.6326e-02   1.7376e+02
20260930_23:00:00   4.1876e-02   1.3956e+01   4.0969e-01   0.0000e+00   1.2699e-02   1.7370e+02
20261001_00:00:00   4.1998e-02   1.3986e+01   4.0988e-01   0.0000e+00   1.3939e-02   1.7324e+02
20261001_01:00:00   4.2181e-02   1.4031e+01   4.1106e-01   0.0000e+00   1.6599e-02   1.7195e+02
20261001_02:00:00   4.1998e-02   1.3986e+01   4.0708e-01   0.0000e+00   1.4642e-02   1.6947e+02
20261001_03:00:00   4.2110e-02   1.4017e+01   4.0994e-01   0.0000e+00   1.1209e-02   1.6757e+02
20261001_04:00:00   4.1778e-02   1.3936e+01   4.0389e-01   0.0000e+00   8.2017e-03   1.6637e+02
20261001_05:00:00   4.1774e-02   1.3932e+01   4.0296e-01   0.0000e+00   7.0485e-03   1.6536e+02
20261001_06:00:00   4.1851e-02   1.3950e+01   4.0329e-01   0.0000e+00   7.4796e-03   1.6388e+02
20261001_07:00:00   4.1438e-02   1.3851e+01   3.9441e-01   0.0000e+00   7.3300e-03   1.6442e+02
20261001_08:00:00   4.1189e-02   1.3790e+01   3.8887e-01   0.0000e+00   7.9047e-03   1.6304e+02
20261001_09:00:00   4.0918e-02   1.3729e+01   3.8441e-01   0.0000e+00   5.7800e-03   1.6266e+02
20261001_10:00:00   4.0287e-02   1.3579e+01   3.7307e-01   0.0000e+00   3.7642e-03   1.6162e+02
20261001_11:00:00   4.0010e-02   1.3512e+01   3.6804e-01   0.0000e+00   2.4273e-03   1.6156e+02
20261001_12:00:00   3.9895e-02   1.3488e+01   3.6658e-01   0.0000e+00   1.2574e-03   1.6121e+02
20261001_13:00:00   3.9448e-02   1.3387e+01   3.5893e-01   0.0000e+00   6.0478e-04   1.6033e+02
20261001_14:00:00   3.8177e-02   1.3095e+01   3.3476e-01   0.0000e+00   3.4230e-04   1.5972e+02
20261001_15:00:00   3.6861e-02   1.2790e+01   3.0824e-01   0.0000e+00   6.5118e-04   1.5896e+02
20261001_16:00:00   3.5649e-02   1.2511e+01   2.8477e-01   0.0000e+00   8.4758e-04   1.6095e+02
20261001_17:00:00   3.5325e-02   1.2434e+01   2.7756e-01   0.0000e+00   1.0200e-03   1.6105e+02
20261001_18:00:00   3.5863e-02   1.2563e+01   2.8556e-01   0.0000e+00   7.4415e-04   1.6028e+02
20261001_19:00:00   3.5005e-02   1.2372e+01   2.6798e-01   0.0000e+00   2.8698e-04   1.5888e+02
20261001_20:00:00   3.2607e-02   1.1809e+01   2.2169e-01   0.0000e+00   8.5195e-04   1.5710e+02
20261001_21:00:00   3.1482e-02   1.1531e+01   2.0350e-01   0.0000e+00   1.5582e-03   1.5613e+02
20261001_22:00:00   3.2742e-02   1.1821e+01   2.3143e-01   0.0000e+00   1.8646e-03   1.5828e+02
20261001_23:00:00   3.4309e-02   1.2189e+01   2.6875e-01   0.0000e+00   2.3429e-03   1.5733e+02
20261002_00:00:00   3.6837e-02   1.2788e+01   3.1957e-01   0.0000e+00   4.3669e-03   1.5716e+02
20261002_01:00:00   4.0016e-02   1.3545e+01   3.7900e-01   0.0000e+00   9.5499e-03   1.5758e+02
20261002_02:00:00   4.3331e-02   1.4331e+01   4.3799e-01   0.0000e+00   1.2480e-02   1.5579e+02
20261002_03:00:00   4.8195e-02   1.5465e+01   5.2285e-01   0.0000e+00   2.8072e-02   1.5426e+02
20261002_04:00:00   4.9422e-02   1.5764e+01   5.4892e-01   0.0000e+00   2.7236e-02   1.5361e+02
20261002_05:00:00   5.1446e-02   1.6239e+01   5.7957e-01   0.0000e+00   5.8603e-02   1.5170e+02
20261002_06:00:00   5.2612e-02   1.6500e+01   5.8145e-01   0.0000e+00   1.1599e-01   1.5062e+02
20261002_07:00:00   5.1876e-02   1.6329e+01   5.7639e-01   0.0000e+00   9.1224e-02   1.5318e+02
20261002_08:00:00   5.1112e-02   1.6137e+01   5.5015e-01   0.0000e+00   1.1817e-01   1.5372e+02
20261002_09:00:00   4.9904e-02   1.5861e+01   5.3965e-01   0.0000e+00   7.7367e-02   1.5396e+02
20261002_10:00:00   4.9883e-02   1.5869e+01   5.4767e-01   0.0000e+00   5.0737e-02   1.5438e+02
20261002_11:00:00   5.0940e-02   1.6122e+01   5.6262e-01   0.0000e+00   6.3503e-02   1.5483e+02
20261002_12:00:00   5.1077e-02   1.6151e+01   5.5003e-01   0.0000e+00   9.7248e-02   1.5553e+02
20261002_13:00:00   4.9493e-02   1.5785e+01   5.2269e-01   0.0000e+00   7.6224e-02   1.5764e+02
20261002_14:00:00   4.8235e-02   1.5517e+01   5.1575e-01   0.0000e+00   2.0535e-02   1.5834e+02
20261002_15:00:00   4.7739e-02   1.5414e+01   5.1092e-01   0.0000e+00   7.7306e-03   1.5771e+02
20261002_16:00:00   4.9026e-02   1.5717e+01   5.3281e-01   0.0000e+00   3.4222e-03   1.5951e+02
20261002_17:00:00   4.9498e-02   1.5823e+01   5.4488e-01   0.0000e+00   5.2892e-03   1.5995e+02
20261002_18:00:00   5.1184e-02   1.6206e+01   5.7571e-01   0.0000e+00   2.4602e-02   1.6023e+02
20261002_19:00:00   5.6690e-02   1.7476e+01   6.6165e-01   0.0000e+00   6.9931e-02   1.5902e+02
20261002_20:00:00   5.8319e-02   1.7862e+01   6.9158e-01   0.0000e+00   8.0999e-02   1.5925e+02
20261002_21:00:00   5.9431e-02   1.8118e+01   7.0391e-01   0.0000e+00   1.0867e-01   1.5897e+02
20261002_22:00:00   6.1670e-02   1.8642e+01   7.3043e-01   0.0000e+00   1.5360e-01   1.5819e+02
20261002_23:00:00   6.5566e-02   1.9529e+01   8.0782e-01   0.0000e+00   1.5101e-01   1.5807e+02
20261003_00:00:00   6.6150e-02   1.9687e+01   8.4378e-01   0.0000e+00   8.7807e-02   1.5823e+02
20261003_01:00:00   6.7479e-02   2.0007e+01   8.7362e-01   0.0000e+00   7.8991e-02   1.5756e+02
20261003_02:00:00   6.8333e-02   2.0217e+01   8.9691e-01   0.0000e+00   6.0352e-02   1.5735e+02
20261003_03:00:00   6.9145e-02   2.0404e+01   9.0189e-01   0.0000e+00   8.5902e-02   1.5693e+02
20261003_04:00:00   7.0277e-02   2.0662e+01   9.3183e-01   0.0000e+00   5.0426e-02   1.5630e+02
20261003_05:00:00   6.9674e-02   2.0529e+01   9.2616e-01   0.0000e+00   2.9814e-02   1.5620e+02
20261003_06:00:00   6.9409e-02   2.0468e+01   9.1468e-01   0.0000e+00   4.0088e-02   1.5667e+02
20261003_09:00:00   7.1037e-02   2.0818e+01   9.1856e-01   0.0000e+00   1.1223e-01   1.5464e+02
20261003_12:00:00   6.6493e-02   1.9778e+01   8.1364e-01   0.0000e+00   1.4366e-01   1.5644e+02
20261003_15:00:00   6.4649e-02   1.9340e+01   7.7854e-01   0.0000e+00   1.3571e-01   1.5894e+02
20261003_18:00:00   6.2775e-02   1.8906e+01   7.4574e-01   0.0000e+00   1.1446e-01   1.6026e+02
20261003_21:00:00   6.1053e-02   1.8515e+01   7.2516e-01   0.0000e+00   7.1258e-02   1.5222e+02
20261004_00:00:00   5.9928e-02   1.8265e+01   7.0086e-01   0.0000e+00   7.4257e-02   1.5285e+02
20261004_03:00:00   5.8791e-02   1.7976e+01   6.7592e-01   0.0000e+00   9.5303e-02   1.5469e+02
20261004_06:00:00   5.3965e-02   1.6860e+01   6.0847e-01   0.0000e+00   4.6383e-02   1.5094e+02
20261004_09:00:00   5.6063e-02   1.7330e+01   6.3888e-01   0.0000e+00   7.6755e-02   1.5125e+02
20261004_12:00:00   5.3209e-02   1.6696e+01   5.9325e-01   0.0000e+00   3.6197e-02   1.5300e+02
20261004_15:00:00   5.3911e-02   1.6847e+01   6.1198e-01   0.0000e+00   2.3207e-02   1.5357e+02
20261004_18:00:00   5.9021e-02   1.8041e+01   7.0988e-01   0.0000e+00   1.7790e-02   1.5208e+02
20261004_21:00:00   6.2407e-02   1.8833e+01   7.7589e-01   0.0000e+00   2.3622e-02   1.5129e+02
20261005_00:00:00   6.3102e-02   1.8989e+01   7.8950e-01   0.0000e+00   2.9333e-02   1.5260e+02
20261005_03:00:00   6.2413e-02   1.8802e+01   7.6405e-01   0.0000e+00   6.2488e-02   1.5737e+02
20261005_06:00:00   6.2190e-02   1.8748e+01   7.6806e-01   0.0000e+00   4.2161e-02   1.5646e+02
20261005_09:00:00   5.7651e-02   1.7700e+01   6.8756e-01   0.0000e+00   2.8203e-02   1.5426e+02
20261005_12:00:00   5.7321e-02   1.7620e+01   6.8534e-01   0.0000e+00   1.1906e-02   1.5674e+02
20261005_15:00:00   5.7314e-02   1.7609e+01   6.8206e-01   0.0000e+00   1.0316e-02   1.6283e+02
20261005_18:00:00   5.7394e-02   1.7632e+01   6.8086e-01   0.0000e+00   7.8104e-03   1.5788e+02
20261005_21:00:00   5.4023e-02   1.6902e+01   6.1340e-01   0.0000e+00   2.1124e-03   1.5830e+02
20261006_00:00:00   5.6419e-02   1.7460e+01   6.6375e-01   0.0000e+00   1.4210e-03   1.5865e+02
20261006_03:00:00   6.2509e-02   1.8851e+01   7.8029e-01   0.0000e+00   2.6073e-02   1.5698e+02
20261006_06:00:00   7.1396e-02   2.0894e+01   9.3980e-01   0.0000e+00   6.3953e-02   1.5722e+02
20261006_09:00:00   8.0821e-02   2.3073e+01   1.0943e+00   0.0000e+00   1.1882e-01   1.5869e+02
20261006_12:00:00   8.4295e-02   2.3897e+01   1.1652e+00   0.0000e+00   1.1212e-01   1.5919e+02
20261006_15:00:00   8.7541e-02   2.4654e+01   1.2225e+00   0.0000e+00   1.3260e-01   1.5987e+02
20261006_18:00:00   8.8516e-02   2.4901e+01   1.2628e+00   0.0000e+00   8.9216e-02   1.6092e+02
20261006_21:00:00   9.0045e-02   2.5263e+01   1.2881e+00   0.0000e+00   9.8184e-02   1.6033e+02
20261007_00:00:00   9.2260e-02   2.5798e+01   1.3300e+00   0.0000e+00   9.1481e-02   1.5961e+02
20261007_03:00:00   9.0046e-02   2.5279e+01   1.2884e+00   0.0000e+00   8.6118e-02   1.6078e+02
20261007_06:00:00   8.7720e-02   2.4736e+01   1.2420e+00   0.0000e+00   9.0453e-02   1.5970e+02
20261007_09:00:00   8.4644e-02   2.4025e+01   1.1909e+00   0.0000e+00   6.6233e-02   1.6033e+02
20261007_12:00:00   8.0974e-02   2.3183e+01   1.1324e+00   0.0000e+00   2.3793e-02   1.6374e+02
20261007_15:00:00   6.2391e-02   1.8976e+01   7.8330e-01   0.0000e+00   1.5065e-03   1.6588e+02
20261007_18:00:00   6.8525e-02   2.0322e+01   8.8520e-01   0.0000e+00   2.5366e-02   1.6551e+02
20261007_21:00:00   7.1475e-02   2.0966e+01   8.9635e-01   0.0000e+00   1.3828e-01   1.6217e+02
20261008_00:00:00   6.9804e-02   2.0614e+01   8.8890e-01   0.0000e+00   6.2889e-02   1.6640e+02
20261008_03:00:00   6.9968e-02   2.0662e+01   8.9766e-01   0.0000e+00   4.1758e-02   1.6414e+02
20261008_06:00:00   7.0270e-02   2.0743e+01   9.1098e-01   0.0000e+00   2.1917e-02   1.6270e+02
20261008_09:00:00   7.0924e-02   2.0885e+01   9.1505e-01   0.0000e+00   4.8342e-02   1.7078e+02
20261008_12:00:00   7.2392e-02   2.1249e+01   9.4886e-01   0.0000e+00   3.7724e-02   1.6646e+02
20261008_15:00:00   7.4382e-02   2.1712e+01   9.9395e-01   0.0000e+00   3.1018e-02   1.6333e+02
20261008_18:00:00   8.0429e-02   2.3074e+01   1.1103e+00   0.0000e+00   3.1704e-02   1.6260e+02
20261008_21:00:00   8.1041e-02   2.3220e+01   1.1228e+00   0.0000e+00   2.9989e-02   1.6118e+02
20261009_00:00:00   8.0367e-02   2.3043e+01   1.1173e+00   0.0000e+00   2.1998e-02   1.5813e+02
20261009_03:00:00   7.9413e-02   2.2811e+01   1.1055e+00   0.0000e+00   1.5270e-02   1.5983e+02
20261009_06:00:00   7.8271e-02   2.2542e+01   1.0862e+00   0.0000e+00   1.2027e-02   1.6039e+02
20261009_09:00:00   7.3303e-02   2.1402e+01   9.9699e-01   0.0000e+00   4.4459e-03   1.5619e+02
20261009_12:00:00   6.2477e-02   1.8932e+01   7.9688e-01   0.0000e+00   5.4648e-04   1.5268e+02
20261009_15:00:00   5.1707e-02   1.6437e+01   6.0890e-01   0.0000e+00   1.0471e-04   1.5215e+02
20261009_18:00:00   4.7279e-02   1.5397e+01   5.2871e-01   0.0000e+00   8.1580e-06   1.5705e+02
20261009_21:00:00   4.1446e-02   1.4051e+01   4.0741e-01   0.0000e+00   9.5100e-06   1.6035e+02
20261010_00:00:00   3.3883e-02   1.2270e+01   2.6146e-01   0.0000e+00   0.0000e+00   1.6083e+02
20261010_03:00:00   3.0309e-02   1.1401e+01   1.9586e-01   0.0000e+00   0.0000e+00   1.5885e+02
20261010_06:00:00   3.1090e-02   1.1594e+01   2.1029e-01   0.0000e+00   0.0000e+00   1.6216e+02
20261010_09:00:00   3.4420e-02   1.2400e+01   2.7463e-01   0.0000e+00   0.0000e+00   1.5951e+02
20261010_12:00:00   3.6327e-02   1.2860e+01   3.1344e-01   0.0000e+00   1.3256e-04   1.5948e+02
20261010_15:00:00   3.8585e-02   1.3365e+01   3.5766e-01   0.0000e+00   3.2840e-04   1.6284e+02
20261010_18:00:00   3.1775e-02   1.1723e+01   2.2306e-01   0.0000e+00   0.0000e+00   1.6788e+02
20261010_21:00:00   2.6366e-02   1.0405e+01   1.1392e-01   0.0000e+00   0.0000e+00   1.6821e+02
20261011_00:00:00   2.5317e-02   1.0140e+01   9.3540e-02   0.0000e+00   0.0000e+00   1.6828e+02
20261011_03:00:00   2.9126e-02   1.1059e+01   1.6099e-01   0.0000e+00   0.0000e+00   1.6901e+02
20261011_06:00:00   2.7297e-02   1.0594e+01   1.3051e-01   0.0000e+00   0.0000e+00   1.6806e+02
20261011_09:00:00   3.4770e-02   1.2374e+01   2.6316e-01   0.0000e+00   0.0000e+00   1.6788e+02
20261011_12:00:00   3.9996e-02   1.3601e+01   3.5061e-01   0.0000e+00   5.3237e-05   1.7918e+02
20261011_15:00:00   3.7969e-02   1.3134e+01   3.0696e-01   0.0000e+00   1.7253e-05   1.8193e+02
20261011_18:00:00   4.2367e-02   1.4150e+01   3.8701e-01   0.0000e+00   1.2297e-04   1.8046e+02
20261011_21:00:00   4.8285e-02   1.5524e+01   4.8995e-01   0.0000e+00   7.0414e-04   1.7023e+02
20261012_00:00:00   4.9070e-02   1.5720e+01   5.0658e-01   0.0000e+00   1.4802e-04   1.6645e+02
20261012_03:00:00   4.9339e-02   1.5797e+01   5.1460e-01   0.0000e+00   3.3155e-05   1.6714e+02
20261012_06:00:00   4.9191e-02   1.5792e+01   5.1772e-01   0.0000e+00   1.6316e-05   1.6759e+02
20261012_09:00:00   4.4802e-02   1.4793e+01   4.4711e-01   0.0000e+00   1.6316e-05   1.6667e+02
20261012_12:00:00   3.3825e-02   1.2224e+01   2.4514e-01   0.0000e+00   0.0000e+00   1.6711e+02
20261012_15:00:00   3.6101e-02   1.2760e+01   2.9060e-01   0.0000e+00   0.0000e+00   1.6746e+02
20261012_18:00:00   4.4578e-02   1.4774e+01   4.5056e-01   0.0000e+00   0.0000e+00   1.6732e+02
20261012_21:00:00   4.6898e-02   1.5317e+01   5.0528e-01   0.0000e+00   0.0000e+00   1.6847e+02
20261013_00:00:00   3.6644e-02   1.2918e+01   3.0807e-01   0.0000e+00   1.6010e-03   1.7270e+02
20261013_03:00:00   3.9920e-02   1.3699e+01   3.5569e-01   0.0000e+00   0.0000e+00   1.7463e+02
20261013_06:00:00   3.9041e-02   1.3488e+01   3.3579e-01   0.0000e+00   0.0000e+00   1.7499e+02
20261013_09:00:00   3.7505e-02   1.3130e+01   3.1068e-01   0.0000e+00   0.0000e+00   1.6959e+02
20261013_12:00:00   3.7311e-02   1.3078e+01   3.0773e-01   0.0000e+00   3.3580e-06   1.6958e+02
20261013_15:00:00   3.7549e-02   1.3126e+01   3.1437e-01   0.0000e+00   1.3256e-04   1.6888e+02
20261013_18:00:00   3.8482e-02   1.3340e+01   3.3092e-01   0.0000e+00   5.0979e-05   1.7065e+02
20261013_21:00:00   4.1857e-02   1.4157e+01   3.8676e-01   0.0000e+00   0.0000e+00   1.7106e+02
20261014_00:00:00   4.8327e-02   1.5645e+01   5.1770e-01   0.0000e+00   2.0398e-05   1.7391e+02
20261014_03:00:00   5.3882e-02   1.6906e+01   6.1634e-01   0.0000e+00   2.6454e-03   1.7355e+02
20261014_06:00:00   6.3699e-02   1.9151e+01   7.7202e-01   0.0000e+00   1.0757e-02   1.7463e+02
