#            date       tau255        Tb[K]      pwv[mm] lwp[kg*m^-2] iwp[kg*m^-2]       o3[DU]
20260914_06:00:00   2.7239e-02   1.0474e+01   1.2666e-01   0.0000e+00   1.4280e-04   2.0075e+02
20260914_07:00:00   2.7524e-02   1.0538e+01   1.3078e-01   0.0000e+00   3.0682e-05   2.0093e+02
20260914_08:00:00   2.7639e-02   1.0563e+01   1.3215e-01   0.0000e+00   6.7700e-08   2.0088e+02
20260914_09:00:00   2.7714e-02   1.0576e+01   1.3335e-01   0.0000e+00   2.2020e-08   1.9894e+02
20260914_10:00:00   2.7647e-02   1.0554e+01   1.3250e-01   0.0000e+00   1.5500e-08   1.9535e+02
20260914_11:00:00   2.7404e-02   1.0490e+01   1.2807e-01   0.0000e+00   9.7900e-09   1.9450e+02
20260914_12:00:00   2.6939e-02   1.0374e+01   1.1931e-01   0.0000e+00   9.7900e-09   1.9527e+02
20260914_13:00:00   2.6683e-02   1.0307e+01   1.1385e-01   0.0000e+00   9.7900e-09   1.9408e+02
20260914_14:00:00   2.6766e-02   1.0321e+01   1.1500e-01   0.0000e+00   9.7900e-09   1.9191e+02
20260914_15:00:00   2.7057e-02   1.0383e+01   1.1926e-01   0.0000e+00   9.7900e-09   1.9325e+02
20260914_16:00:00   2.7299e-02   1.0433e+01   1.2286e-01   0.0000e+00   1.6316e-08   1.9344e+02
20260914_17:00:00   2.7313e-02   1.0431e+01   1.2188e-01   0.0000e+00   1.3052e-08   1.9032e+02
20260914_18:00:00   2.7208e-02   1.0403e+01   1.1860e-01   0.0000e+00   1.0771e-05   1.9145e+02
20260914_19:00:00   2.7186e-02   1.0394e+01   1.1646e-01   0.0000e+00   1.0742e-05   1.9599e+02
20260914_20:00:00   2.7207e-02   1.0394e+01   1.1519e-01   0.0000e+00   1.0712e-05   1.9776e+02
20260914_21:00:00   2.7302e-02   1.0415e+01   1.1584e-01   0.0000e+00   2.1368e-05   1.9588e+02
20260914_22:00:00   2.7383e-02   1.0434e+01   1.1613e-01   0.0000e+00   2.1298e-05   1.9528e+02
20260914_23:00:00   2.7372e-02   1.0432e+01   1.1503e-01   0.0000e+00   1.0620e-05   1.9533e+02
20260915_00:00:00   2.7350e-02   1.0426e+01   1.1378e-01   0.0000e+00   1.0598e-05   1.9572e+02
20260915_01:00:00   2.7361e-02   1.0430e+01   1.1399e-01   0.0000e+00   1.0586e-05   1.9590e+02
20260915_02:00:00   2.7472e-02   1.0457e+01   1.1623e-01   0.0000e+00   1.0579e-05   1.9375e+02
20260915_03:00:00   2.7766e-02   1.0526e+01   1.2193e-01   0.0000e+00   1.0560e-05   1.8771e+02
20260915_04:00:00   2.8043e-02   1.0593e+01   1.2745e-01   0.0000e+00   1.0548e-05   1.8446e+02
20260915_05:00:00   2.8167e-02   1.0625e+01   1.3030e-01   0.0000e+00   1.0539e-05   1.8028e+02
20260915_06:00:00   2.8197e-02   1.0634e+01   1.3130e-01   0.0000e+00   1.0541e-05   1.7720e+02
20260915_07:00:00   2.8208e-02   1.0638e+01   1.3154e-01   0.0000e+00   1.0532e-05   1.8128e+02
20260915_08:00:00   2.8161e-02   1.0630e+01   1.3086e-01   0.0000e+00   1.0538e-05   1.8658e+02
20260915_09:00:00   2.8056e-02   1.0609e+01   1.2948e-01   0.0000e+00   1.0550e-05   1.8803e+02
20260915_10:00:00   2.7985e-02   1.0594e+01   1.2843e-01   0.0000e+00   1.0557e-05   1.8746e+02
20260915_11:00:00   2.7936e-02   1.0582e+01   1.2767e-01   0.0000e+00   1.0562e-05   1.8737e+02
20260915_12:00:00   2.7838e-02   1.0562e+01   1.2647e-01   0.0000e+00   1.0594e-05   1.8935e+02
20260915_13:00:00   2.7747e-02   1.0543e+01   1.2532e-01   0.0000e+00   1.0627e-05   1.9157e+02
20260915_14:00:00   2.7569e-02   1.0503e+01   1.2267e-01   0.0000e+00   1.0665e-05   1.9066e+02
20260915_15:00:00   2.7443e-02   1.0475e+01   1.2116e-01   0.0000e+00   1.0712e-05   1.8802e+02
20260915_16:00:00   2.7354e-02   1.0453e+01   1.2023e-01   0.0000e+00   1.0757e-05   1.8818e+02
20260915_17:00:00   2.7323e-02   1.0447e+01   1.2025e-01   0.0000e+00   1.0805e-05   1.8824e+02
20260915_18:00:00   2.7275e-02   1.0434e+01   1.1965e-01   0.0000e+00   1.0842e-05   1.9004e+02
20260915_19:00:00   2.7123e-02   1.0401e+01   1.1811e-01   0.0000e+00   1.0904e-05   1.9110e+02
20260915_20:00:00   2.7091e-02   1.0393e+01   1.1782e-01   0.0000e+00   1.0940e-05   1.9046e+02
20260915_21:00:00   2.7012e-02   1.0374e+01   1.1717e-01   0.0000e+00   1.0996e-05   1.9028e+02
20260915_22:00:00   2.6919e-02   1.0354e+01   1.1669e-01   0.0000e+00   1.1065e-05   1.8907e+02
20260915_23:00:00   2.6827e-02   1.0333e+01   1.1596e-01   0.0000e+00   1.1123e-05   1.8763e+02
20260916_00:00:00   2.6821e-02   1.0330e+01   1.1595e-01   0.0000e+00   1.1162e-05   1.8496e+02
20260916_01:00:00   2.6734e-02   1.0310e+01   1.1521e-01   0.0000e+00   1.1215e-05   1.8293e+02
20260916_02:00:00   2.6658e-02   1.0292e+01   1.1448e-01   0.0000e+00   1.1272e-05   1.8269e+02
20260916_03:00:00   2.6597e-02   1.0276e+01   1.1383e-01   0.0000e+00   1.1329e-05   1.8346e+02
20260916_04:00:00   2.6495e-02   1.0253e+01   1.1254e-01   0.0000e+00   1.1377e-05   1.8638e+02
20260916_05:00:00   2.6399e-02   1.0231e+01   1.1123e-01   0.0000e+00   2.2848e-05   1.8996e+02
20260916_06:00:00   2.6434e-02   1.0241e+01   1.1215e-01   0.0000e+00   1.1453e-05   1.9276e+02
20260916_07:00:00   2.6406e-02   1.0235e+01   1.1217e-01   0.0000e+00   2.2968e-05   1.9291e+02
20260916_08:00:00   2.6342e-02   1.0221e+01   1.1168e-01   0.0000e+00   2.3058e-05   1.9220e+02
20260916_09:00:00   2.6348e-02   1.0222e+01   1.1203e-01   0.0000e+00   1.1544e-05   1.9129e+02
20260916_10:00:00   2.6254e-02   1.0200e+01   1.1072e-01   0.0000e+00   4.8620e-11   1.9046e+02
20260916_11:00:00   2.6139e-02   1.0173e+01   1.0933e-01   0.0000e+00   4.7640e-11   1.8958e+02
20260916_12:00:00   2.6138e-02   1.0173e+01   1.0993e-01   0.0000e+00   3.5160e-11   1.8671e+02
20260916_13:00:00   2.6247e-02   1.0201e+01   1.1301e-01   0.0000e+00   1.1748e-11   1.8346e+02
20260916_14:00:00   2.6582e-02   1.0281e+01   1.1992e-01   0.0000e+00   1.3868e-12   1.8306e+02
20260916_15:00:00   2.8383e-02   1.0711e+01   1.5390e-01   0.0000e+00   4.8136e-04   1.8372e+02
20260916_16:00:00   3.0412e-02   1.1190e+01   1.9037e-01   0.0000e+00   2.4232e-03   1.8417e+02
20260916_17:00:00   3.1531e-02   1.1452e+01   2.0816e-01   0.0000e+00   6.8629e-03   1.8440e+02
20260916_18:00:00   3.2503e-02   1.1682e+01   2.2250e-01   0.0000e+00   1.4866e-02   1.8457e+02
20260916_19:00:00   3.2905e-02   1.1779e+01   2.2838e-01   0.0000e+00   2.0152e-02   1.8516e+02
20260916_20:00:00   3.3152e-02   1.1838e+01   2.3261e-01   0.0000e+00   2.1313e-02   1.8554e+02
20260916_21:00:00   3.3510e-02   1.1923e+01   2.4077e-01   0.0000e+00   1.7595e-02   1.8425e+02
20260916_22:00:00   3.3944e-02   1.2027e+01   2.4871e-01   0.0000e+00   2.0856e-02   1.8102e+02
20260916_23:00:00   3.3946e-02   1.2026e+01   2.5045e-01   0.0000e+00   1.6745e-02   1.7930e+02
20260917_00:00:00   3.3476e-02   1.1915e+01   2.4521e-01   0.0000e+00   7.6385e-03   1.8072e+02
20260917_01:00:00   3.2872e-02   1.1770e+01   2.3416e-01   0.0000e+00   6.2465e-03   1.8385e+02
20260917_02:00:00   3.2942e-02   1.1783e+01   2.3475e-01   0.0000e+00   6.2157e-03   1.8549e+02
20260917_03:00:00   3.3122e-02   1.1825e+01   2.3749e-01   0.0000e+00   6.5261e-03   1.8495e+02
20260917_04:00:00   3.3319e-02   1.1870e+01   2.4073e-01   0.0000e+00   6.1405e-03   1.8480e+02
20260917_05:00:00   3.3291e-02   1.1862e+01   2.3956e-01   0.0000e+00   5.9442e-03   1.8456e+02
20260917_06:00:00   3.3309e-02   1.1865e+01   2.3926e-01   0.0000e+00   5.8280e-03   1.8526e+02
20260917_07:00:00   3.3452e-02   1.1897e+01   2.4101e-01   0.0000e+00   5.8392e-03   1.8649e+02
20260917_08:00:00   3.3703e-02   1.1952e+01   2.4385e-01   0.0000e+00   7.9106e-03   1.8715e+02
20260917_09:00:00   3.3750e-02   1.1962e+01   2.4388e-01   0.0000e+00   8.6225e-03   1.8663e+02
20260917_10:00:00   3.3670e-02   1.1941e+01   2.4159e-01   0.0000e+00   8.7757e-03   1.8681e+02
20260917_11:00:00   3.3517e-02   1.1904e+01   2.3758e-01   0.0000e+00   8.9335e-03   1.8800e+02
20260917_12:00:00   3.3345e-02   1.1864e+01   2.3349e-01   0.0000e+00   8.6849e-03   1.8919e+02
20260917_13:00:00   3.3169e-02   1.1824e+01   2.2950e-01   0.0000e+00   8.4918e-03   1.8749e+02
20260917_14:00:00   3.3177e-02   1.1827e+01   2.3029e-01   0.0000e+00   6.3362e-03   1.8595e+02
20260917_15:00:00   3.3153e-02   1.1818e+01   2.2968e-01   0.0000e+00   5.5294e-03   1.8512e+02
20260917_16:00:00   3.3377e-02   1.1867e+01   2.3390e-01   0.0000e+00   5.7021e-03   1.8539e+02
20260917_17:00:00   3.3691e-02   1.1937e+01   2.4002e-01   0.0000e+00   5.4643e-03   1.8629e+02
20260917_18:00:00   3.3905e-02   1.1983e+01   2.4268e-01   0.0000e+00   7.4379e-03   1.8922e+02
20260917_19:00:00   3.4007e-02   1.2006e+01   2.4380e-01   0.0000e+00   8.1192e-03   1.9124e+02
20260917_20:00:00   3.3967e-02   1.1993e+01   2.4265e-01   0.0000e+00   8.1182e-03   1.9013e+02
20260917_21:00:00   3.4004e-02   1.2000e+01   2.4274e-01   0.0000e+00   7.9523e-03   1.9006e+02
20260917_22:00:00   3.4042e-02   1.2010e+01   2.4355e-01   0.0000e+00   6.5083e-03   1.9035e+02
20260917_23:00:00   3.4022e-02   1.2007e+01   2.4356e-01   0.0000e+00   4.9853e-03   1.9140e+02
20260918_00:00:00   3.3885e-02   1.1973e+01   2.4058e-01   0.0000e+00   4.4703e-03   1.9345e+02
20260918_01:00:00   3.3803e-02   1.1954e+01   2.3874e-01   0.0000e+00   4.0650e-03   1.9799e+02
20260918_02:00:00   3.3734e-02   1.1936e+01   2.3673e-01   0.0000e+00   4.1608e-03   2.0283e+02
20260918_03:00:00   3.3604e-02   1.1902e+01   2.3366e-01   0.0000e+00   4.0414e-03   2.0257e+02
20260918_04:00:00   3.3462e-02   1.1868e+01   2.3153e-01   0.0000e+00   3.2199e-03   2.0313e+02
20260918_05:00:00   3.3456e-02   1.1865e+01   2.3170e-01   0.0000e+00   2.2741e-03   2.0330e+02
20260918_06:00:00   3.3589e-02   1.1892e+01   2.3390e-01   0.0000e+00   2.3656e-03   2.0119e+02
20260918_07:00:00   3.3631e-02   1.1901e+01   2.3475e-01   0.0000e+00   1.9824e-03   2.0019e+02
20260918_08:00:00   3.3540e-02   1.1877e+01   2.3278e-01   0.0000e+00   1.0961e-03   1.9917e+02
20260918_09:00:00   3.3393e-02   1.1843e+01   2.2959e-01   0.0000e+00   1.0640e-03   1.9842e+02
20260918_10:00:00   3.3187e-02   1.1793e+01   2.2542e-01   0.0000e+00   1.6000e-03   1.9755e+02
20260918_11:00:00   3.2997e-02   1.1748e+01   2.2212e-01   0.0000e+00   4.4174e-04   1.9721e+02
20260918_12:00:00   3.2922e-02   1.1729e+01   2.2085e-01   0.0000e+00   1.3013e-04   1.9780e+02
20260918_13:00:00   3.2652e-02   1.1667e+01   2.1632e-01   0.0000e+00   1.5209e-04   1.9914e+02
20260918_14:00:00   3.2411e-02   1.1611e+01   2.1191e-01   0.0000e+00   5.4363e-05   2.0050e+02
20260918_15:00:00   3.2086e-02   1.1537e+01   2.0565e-01   0.0000e+00   2.9916e-05   2.0399e+02
20260918_16:00:00   3.1309e-02   1.1354e+01   1.9132e-01   0.0000e+00   2.4474e-05   2.0899e+02
20260918_17:00:00   3.0872e-02   1.1249e+01   1.8309e-01   0.0000e+00   2.4474e-05   2.1436e+02
20260918_18:00:00   3.0641e-02   1.1195e+01   1.7873e-01   0.0000e+00   2.9931e-05   2.1736e+02
20260918_19:00:00   3.0470e-02   1.1156e+01   1.7569e-01   0.0000e+00   3.5404e-05   2.1863e+02
20260918_20:00:00   3.0069e-02   1.1064e+01   1.6883e-01   0.0000e+00   2.1793e-05   2.1864e+02
20260918_21:00:00   2.9731e-02   1.0984e+01   1.6267e-01   0.0000e+00   3.5435e-05   2.1770e+02
20260918_22:00:00   2.9309e-02   1.0887e+01   1.5554e-01   0.0000e+00   1.0976e-05   2.1615e+02
20260918_23:00:00   2.8918e-02   1.0795e+01   1.4893e-01   0.0000e+00   1.0994e-05   2.1326e+02
20260919_00:00:00   2.8609e-02   1.0723e+01   1.4365e-01   0.0000e+00   1.1011e-05   2.1068e+02
20260919_01:00:00   2.8353e-02   1.0663e+01   1.3901e-01   0.0000e+00   1.1023e-05   2.1222e+02
20260919_02:00:00   2.8143e-02   1.0614e+01   1.3530e-01   0.0000e+00   1.1041e-05   2.1564e+02
20260919_03:00:00   2.7885e-02   1.0554e+01   1.3114e-01   0.0000e+00   5.5370e-06   2.1663e+02
20260919_04:00:00   2.7796e-02   1.0534e+01   1.3042e-01   0.0000e+00   5.5510e-06   2.1469e+02
20260919_05:00:00   2.7692e-02   1.0511e+01   1.2959e-01   0.0000e+00   0.0000e+00   2.1226e+02
20260919_06:00:00   2.7587e-02   1.0486e+01   1.2818e-01   0.0000e+00   3.2640e-15   2.1107e+02
20260919_09:00:00   2.7193e-02   1.0393e+01   1.2130e-01   0.0000e+00   5.6090e-06   2.1098e+02
20260919_12:00:00   2.6451e-02   1.0222e+01   1.0959e-01   0.0000e+00   5.6550e-06   2.0621e+02
20260919_15:00:00   2.5904e-02   1.0092e+01   1.0077e-01   0.0000e+00   0.0000e+00   2.0185e+02
20260919_18:00:00   2.5405e-02   9.9766e+00   9.3489e-02   0.0000e+00   0.0000e+00   1.9120e+02
20260919_21:00:00   2.5028e-02   9.8858e+00   8.7127e-02   0.0000e+00   0.0000e+00   1.8859e+02
20260920_00:00:00   2.4933e-02   9.8598e+00   8.4975e-02   0.0000e+00   0.0000e+00   1.9134e+02
20260920_03:00:00   2.4707e-02   9.8048e+00   8.0661e-02   0.0000e+00   0.0000e+00   1.9233e+02
20260920_06:00:00   2.4510e-02   9.7580e+00   7.6200e-02   0.0000e+00   0.0000e+00   1.9586e+02
20260920_09:00:00   2.4596e-02   9.7783e+00   7.7031e-02   0.0000e+00   0.0000e+00   1.9567e+02
20260920_12:00:00   2.4902e-02   9.8502e+00   8.1367e-02   0.0000e+00   0.0000e+00   1.9726e+02
20260920_15:00:00   2.5231e-02   9.9294e+00   8.6747e-02   0.0000e+00   0.0000e+00   2.0553e+02
20260920_18:00:00   2.5860e-02   1.0081e+01   9.8824e-02   0.0000e+00   0.0000e+00   2.0095e+02
20260920_21:00:00   2.7198e-02   1.0400e+01   1.2527e-01   0.0000e+00   8.1580e-06   1.9404e+02
20260921_00:00:00   2.8457e-02   1.0699e+01   1.4857e-01   0.0000e+00   1.6316e-05   1.9146e+02
20260921_03:00:00   2.8994e-02   1.0828e+01   1.5852e-01   0.0000e+00   1.6316e-05   1.8865e+02
20260921_06:00:00   2.8427e-02   1.0692e+01   1.4639e-01   0.0000e+00   1.6316e-05   1.9228e+02
20260921_09:00:00   2.6941e-02   1.0333e+01   1.1656e-01   0.0000e+00   0.0000e+00   1.8896e+02
20260921_12:00:00   2.5575e-02   1.0005e+01   8.8084e-02   0.0000e+00   5.4120e-06   1.9436e+02
20260921_15:00:00   2.5200e-02   9.9134e+00   7.8731e-02   0.0000e+00   0.0000e+00   1.9832e+02
20260921_18:00:00   2.5531e-02   9.9904e+00   8.2702e-02   0.0000e+00   1.0701e-05   2.0416e+02
20260921_21:00:00   2.5703e-02   1.0037e+01   8.5433e-02   0.0000e+00   0.0000e+00   1.9971e+02
20260922_00:00:00   2.5621e-02   1.0028e+01   8.3622e-02   0.0000e+00   0.0000e+00   2.0010e+02
20260922_03:00:00   2.5867e-02   1.0100e+01   8.8162e-02   0.0000e+00   0.0000e+00   2.0064e+02
20260922_06:00:00   2.6120e-02   1.0176e+01   9.3117e-02   0.0000e+00   0.0000e+00   1.9621e+02
20260922_09:00:00   2.5641e-02   1.0080e+01   8.4672e-02   0.0000e+00   0.0000e+00   1.9671e+02
20260922_12:00:00   2.5481e-02   1.0056e+01   8.2603e-02   0.0000e+00   0.0000e+00   1.9821e+02
20260922_15:00:00   2.5732e-02   1.0131e+01   8.9679e-02   0.0000e+00   0.0000e+00   1.9648e+02
20260922_18:00:00   2.5913e-02   1.0189e+01   9.5060e-02   0.0000e+00   0.0000e+00   1.8575e+02
20260922_21:00:00   2.6217e-02   1.0288e+01   1.0704e-01   0.0000e+00   0.0000e+00   1.7877e+02
20260923_00:00:00   2.7652e-02   1.0641e+01   1.4296e-01   0.0000e+00   1.0198e-05   1.7781e+02
20260923_03:00:00   2.9420e-02   1.1080e+01   1.8698e-01   0.0000e+00   2.0400e-05   1.7226e+02
20260923_06:00:00   3.1053e-02   1.1491e+01   2.2426e-01   0.0000e+00   2.0400e-05   1.7027e+02
20260923_09:00:00   3.2721e-02   1.1909e+01   2.6203e-01   0.0000e+00   4.0790e-05   1.6945e+02
20260923_12:00:00   3.7584e-02   1.3087e+01   3.6524e-01   0.0000e+00   5.9146e-05   1.6907e+02
20260923_15:00:00   3.9712e-02   1.3600e+01   4.1346e-01   0.0000e+00   4.7519e-04   1.7199e+02
20260923_18:00:00   4.1615e-02   1.4049e+01   4.5934e-01   0.0000e+00   1.6376e-03   1.7339e+02
20260923_21:00:00   4.1951e-02   1.4089e+01   4.5678e-01   0.0000e+00   1.6903e-02   1.7402e+02
20260924_00:00:00   4.2847e-02   1.4263e+01   4.5603e-01   0.0000e+00   3.7043e-02   1.7357e+02
20260924_03:00:00   4.3104e-02   1.4290e+01   4.4991e-01   0.0000e+00   3.7547e-02   1.7549e+02
20260924_06:00:00   4.3137e-02   1.4279e+01   4.4167e-01   0.0000e+00   3.7801e-02   1.7640e+02
20260924_09:00:00   4.2297e-02   1.4075e+01   4.2459e-01   0.0000e+00   2.7099e-02   1.8128e+02
20260924_12:00:00   4.1436e-02   1.3861e+01   4.0663e-01   0.0000e+00   1.7906e-02   1.8279e+02
20260924_15:00:00   4.1009e-02   1.3752e+01   3.9503e-01   0.0000e+00   1.4624e-02   1.8352e+02
20260924_18:00:00   4.0781e-02   1.3689e+01   3.8465e-01   0.0000e+00   1.3459e-02   1.8416e+02
20260924_21:00:00   4.0580e-02   1.3640e+01   3.7590e-01   0.0000e+00   8.4933e-03   1.8523e+02
20260925_00:00:00   3.9691e-02   1.3448e+01   3.5508e-01   0.0000e+00   4.6209e-03   1.8712e+02
20260925_03:00:00   3.8884e-02   1.3256e+01   3.4076e-01   0.0000e+00   1.8630e-03   1.8897e+02
20260925_06:00:00   3.8177e-02   1.3083e+01   3.2648e-01   0.0000e+00   1.9024e-04   1.8862e+02
20260925_09:00:00   3.7668e-02   1.2965e+01   3.1588e-01   0.0000e+00   6.7130e-04   1.9088e+02
20260925_12:00:00   3.6394e-02   1.2670e+01   2.9449e-01   0.0000e+00   5.6343e-05   1.8994e+02
20260925_15:00:00   3.5156e-02   1.2373e+01   2.7210e-01   0.0000e+00   1.2242e-04   1.9439e+02
20260925_18:00:00   3.3414e-02   1.1957e+01   2.4221e-01   0.0000e+00   2.7289e-04   1.9876e+02
20260925_21:00:00   3.2754e-02   1.1800e+01   2.3369e-01   0.0000e+00   1.1277e-04   1.9624e+02
20260926_00:00:00   3.2786e-02   1.1796e+01   2.3875e-01   0.0000e+00   6.0863e-04   1.9407e+02
20260926_03:00:00   3.3490e-02   1.1962e+01   2.5646e-01   0.0000e+00   1.5636e-03   1.9608e+02
20260926_06:00:00   3.4727e-02   1.2250e+01   2.8159e-01   0.0000e+00   5.7039e-03   1.9927e+02
20260926_09:00:00   3.7018e-02   1.2790e+01   3.2332e-01   0.0000e+00   1.1065e-02   2.0154e+02
20260926_12:00:00   3.8532e-02   1.3142e+01   3.4631e-01   0.0000e+00   2.4798e-02   2.0175e+02
20260926_15:00:00   3.8893e-02   1.3221e+01   3.5068e-01   0.0000e+00   3.0496e-02   2.0329e+02
20260926_18:00:00   4.0309e-02   1.3564e+01   3.8057e-01   0.0000e+00   3.5278e-02   2.0569e+02
20260926_21:00:00   4.1964e-02   1.3966e+01   4.1796e-01   0.0000e+00   3.6892e-02   1.9930e+02
20260927_00:00:00   4.4465e-02   1.4579e+01   4.6767e-01   0.0000e+00   4.2521e-02   1.9984e+02
20260927_03:00:00   4.7034e-02   1.5195e+01   5.1217e-01   0.0000e+00   6.8413e-02   2.0085e+02
20260927_06:00:00   4.7456e-02   1.5294e+01   5.2457e-01   0.0000e+00   5.7365e-02   1.9924e+02
20260927_09:00:00   4.7566e-02   1.5327e+01   5.2532e-01   0.0000e+00   5.5251e-02   1.9752e+02
20260927_12:00:00   4.7253e-02   1.5256e+01   5.1794e-01   0.0000e+00   4.7596e-02   1.9624e+02
20260927_15:00:00   4.6686e-02   1.5123e+01   5.0692e-01   0.0000e+00   3.6123e-02   1.9535e+02
20260927_18:00:00   5.0113e-02   1.5922e+01   5.6538e-01   0.0000e+00   3.4380e-02   1.9526e+02
20260927_21:00:00   5.1002e-02   1.6141e+01   5.7305e-01   0.0000e+00   4.9910e-02   1.9362e+02
20260928_00:00:00   5.0967e-02   1.6124e+01   5.6438e-01   0.0000e+00   7.1002e-02   1.9402e+02
20260928_03:00:00   4.6072e-02   1.4972e+01   4.8229e-01   0.0000e+00   5.0912e-02   1.8886e+02
20260928_06:00:00   4.4869e-02   1.4684e+01   4.6849e-01   0.0000e+00   2.5724e-02   1.8513e+02
20260928_09:00:00   4.4357e-02   1.4569e+01   4.6444e-01   0.0000e+00   1.2262e-02   1.8403e+02
20260928_12:00:00   4.3455e-02   1.4350e+01   4.4616e-01   0.0000e+00   1.4868e-02   1.8254e+02
20260928_15:00:00   4.3270e-02   1.4299e+01   4.4143e-01   0.0000e+00   1.9119e-02   1.8001e+02
20260928_18:00:00   4.2729e-02   1.4165e+01   4.2767e-01   0.0000e+00   2.3875e-02   1.8004e+02
20260928_21:00:00   4.2212e-02   1.4035e+01   4.1435e-01   0.0000e+00   2.6992e-02   1.7843e+02
20260929_00:00:00   4.1603e-02   1.3887e+01   4.0346e-01   0.0000e+00   2.0001e-02   1.7862e+02
20260929_03:00:00   4.0506e-02   1.3618e+01   3.7869e-01   0.0000e+00   2.3594e-02   1.8020e+02
20260929_06:00:00   3.9404e-02   1.3346e+01   3.5540e-01   0.0000e+00   1.9639e-02   1.8151e+02
20260929_09:00:00   3.8397e-02   1.3098e+01   3.3306e-01   0.0000e+00   1.9306e-02   1.8178e+02
20260929_12:00:00   3.7335e-02   1.2832e+01   3.0950e-01   0.0000e+00   1.8121e-02   1.8038e+02
20260929_15:00:00   3.6491e-02   1.2624e+01   2.9280e-01   0.0000e+00   1.2227e-02   1.8337e+02
20260929_18:00:00   3.5997e-02   1.2499e+01   2.8150e-01   0.0000e+00   1.0222e-02   1.8518e+02
20260929_21:00:00   3.5559e-02   1.2384e+01   2.6993e-01   0.0000e+00   1.1002e-02   1.9270e+02
20260930_00:00:00   3.5063e-02   1.2260e+01   2.5837e-01   0.0000e+00   1.2381e-02   2.0064e+02
20260930_03:00:00   3.4621e-02   1.2149e+01   2.4992e-01   0.0000e+00   9.9307e-03   2.0503e+02
20260930_06:00:00   3.4265e-02   1.2063e+01   2.4392e-01   0.0000e+00   8.1756e-03   2.0670e+02
