#            date       tau255        Tb[K]      pwv[mm] lwp[kg*m^-2] iwp[kg*m^-2]       o3[DU]
20260910_12:00:00   2.7487e-02   1.0448e+01   1.2466e-01   0.0000e+00   1.9625e-05   2.2748e+02
20260910_13:00:00   2.7626e-02   1.0483e+01   1.2800e-01   0.0000e+00   1.9562e-05   2.2943e+02
20260910_14:00:00   2.7478e-02   1.0453e+01   1.2616e-01   0.0000e+00   1.1395e-05   2.2853e+02
20260910_15:00:00   2.7237e-02   1.0398e+01   1.2250e-01   0.0000e+00   1.1394e-05   2.2697e+02
20260910_16:00:00   2.7056e-02   1.0358e+01   1.1925e-01   0.0000e+00   1.1393e-05   2.2845e+02
20260910_17:00:00   2.7024e-02   1.0352e+01   1.1858e-01   0.0000e+00   1.1430e-05   2.3276e+02
20260910_18:00:00   2.7010e-02   1.0351e+01   1.1839e-01   0.0000e+00   5.8433e-06   2.3624e+02
20260910_19:00:00   2.6944e-02   1.0335e+01   1.1723e-01   0.0000e+00   5.9370e-06   2.3834e+02
20260910_20:00:00   2.6851e-02   1.0313e+01   1.1542e-01   0.0000e+00   3.1840e-07   2.3965e+02
20260910_21:00:00   2.6707e-02   1.0281e+01   1.1299e-01   0.0000e+00   5.9652e-06   2.3800e+02
20260910_22:00:00   2.6593e-02   1.0256e+01   1.1125e-01   0.0000e+00   3.4580e-07   2.3944e+02
20260910_23:00:00   2.6583e-02   1.0252e+01   1.1083e-01   0.0000e+00   3.6040e-07   2.4215e+02
20260911_00:00:00   2.6602e-02   1.0258e+01   1.1161e-01   0.0000e+00   3.6360e-07   2.4139e+02
20260911_01:00:00   2.6588e-02   1.0255e+01   1.1159e-01   0.0000e+00   3.0620e-07   2.4162e+02
20260911_02:00:00   2.6676e-02   1.0274e+01   1.1298e-01   0.0000e+00   1.9018e-07   2.4503e+02
20260911_03:00:00   2.6761e-02   1.0292e+01   1.1388e-01   0.0000e+00   1.2032e-07   2.4683e+02
20260911_04:00:00   2.6743e-02   1.0289e+01   1.1355e-01   0.0000e+00   1.1228e-07   2.4563e+02
20260911_05:00:00   2.6687e-02   1.0277e+01   1.1270e-01   0.0000e+00   1.2700e-07   2.4318e+02
20260911_06:00:00   2.6605e-02   1.0259e+01   1.1146e-01   0.0000e+00   1.2158e-07   2.4069e+02
20260911_07:00:00   2.6507e-02   1.0238e+01   1.0989e-01   0.0000e+00   9.9500e-08   2.4061e+02
20260911_08:00:00   2.6414e-02   1.0217e+01   1.0812e-01   0.0000e+00   6.9760e-08   2.4138e+02
20260911_09:00:00   2.6313e-02   1.0193e+01   1.0607e-01   0.0000e+00   5.8240e-08   2.4249e+02
20260911_10:00:00   2.6190e-02   1.0167e+01   1.0399e-01   0.0000e+00   5.7024e-06   2.4264e+02
20260911_11:00:00   2.6103e-02   1.0146e+01   1.0223e-01   0.0000e+00   5.7060e-06   2.4239e+02
20260911_12:00:00   2.5985e-02   1.0121e+01   1.0013e-01   0.0000e+00   5.6932e-06   2.4290e+02
20260911_13:00:00   2.5809e-02   1.0080e+01   9.7034e-02   0.0000e+00   5.6879e-06   2.4340e+02
20260911_14:00:00   2.5746e-02   1.0064e+01   9.5538e-02   0.0000e+00   5.6993e-06   2.4371e+02
20260911_15:00:00   2.5697e-02   1.0055e+01   9.4769e-02   0.0000e+00   5.7306e-06   2.4312e+02
20260911_16:00:00   2.5663e-02   1.0049e+01   9.4397e-02   0.0000e+00   5.7448e-06   2.4373e+02
20260911_17:00:00   2.5677e-02   1.0052e+01   9.4230e-02   0.0000e+00   5.7297e-06   2.4536e+02
20260911_18:00:00   2.5761e-02   1.0075e+01   9.5860e-02   0.0000e+00   5.7218e-06   2.4893e+02
20260911_19:00:00   2.5883e-02   1.0104e+01   9.7466e-02   0.0000e+00   1.4240e-07   2.5303e+02
20260911_20:00:00   2.6008e-02   1.0133e+01   9.9051e-02   0.0000e+00   5.7265e-06   2.5408e+02
20260911_21:00:00   2.6016e-02   1.0135e+01   9.8863e-02   0.0000e+00   1.8134e-07   2.5296e+02
20260911_22:00:00   2.5845e-02   1.0095e+01   9.5945e-02   0.0000e+00   2.1480e-07   2.5110e+02
20260911_23:00:00   2.5680e-02   1.0054e+01   9.2655e-02   0.0000e+00   5.7343e-06   2.5069e+02
20260912_00:00:00   2.5513e-02   1.0013e+01   8.9520e-02   0.0000e+00   5.7084e-06   2.5210e+02
20260912_01:00:00   2.5459e-02   9.9984e+00   8.8363e-02   0.0000e+00   5.7193e-06   2.5388e+02
20260912_02:00:00   2.5471e-02   1.0001e+01   8.8607e-02   0.0000e+00   1.8464e-07   2.5463e+02
20260912_03:00:00   2.5524e-02   1.0013e+01   8.9659e-02   0.0000e+00   5.7046e-06   2.5352e+02
20260912_04:00:00   2.5616e-02   1.0034e+01   9.1757e-02   0.0000e+00   1.7450e-07   2.4980e+02
20260912_05:00:00   2.5751e-02   1.0064e+01   9.4244e-02   0.0000e+00   1.7474e-07   2.4705e+02
20260912_06:00:00   2.5901e-02   1.0097e+01   9.6563e-02   0.0000e+00   1.6220e-07   2.4624e+02
20260912_07:00:00   2.5934e-02   1.0104e+01   9.6424e-02   0.0000e+00   1.2876e-07   2.4547e+02
20260912_08:00:00   2.5971e-02   1.0113e+01   9.6819e-02   0.0000e+00   1.3896e-07   2.4646e+02
20260912_09:00:00   2.5902e-02   1.0094e+01   9.4881e-02   0.0000e+00   1.5710e-07   2.4655e+02
20260912_10:00:00   2.5752e-02   1.0057e+01   9.1750e-02   0.0000e+00   1.7176e-07   2.4515e+02
20260912_11:00:00   2.5580e-02   1.0014e+01   8.8914e-02   0.0000e+00   1.8192e-07   2.3707e+02
20260912_12:00:00   2.5264e-02   9.9379e+00   8.3217e-02   0.0000e+00   1.7702e-07   2.2449e+02
20260912_13:00:00   2.4928e-02   9.8578e+00   7.7304e-02   0.0000e+00   1.5254e-07   2.1741e+02
20260912_14:00:00   2.4820e-02   9.8313e+00   7.5460e-02   0.0000e+00   8.8760e-08   2.1437e+02
20260912_15:00:00   2.4843e-02   9.8352e+00   7.5835e-02   0.0000e+00   3.0340e-08   2.0921e+02
20260912_16:00:00   2.4807e-02   9.8261e+00   7.5131e-02   0.0000e+00   3.2640e-08   2.0670e+02
20260912_17:00:00   2.4634e-02   9.7836e+00   7.1131e-02   0.0000e+00   6.5100e-08   2.1125e+02
20260912_18:00:00   2.4502e-02   9.7520e+00   6.7883e-02   0.0000e+00   9.8060e-08   2.1394e+02
20260912_19:00:00   2.4443e-02   9.7412e+00   6.6764e-02   0.0000e+00   9.2480e-08   2.1473e+02
20260912_20:00:00   2.4440e-02   9.7435e+00   6.6626e-02   0.0000e+00   2.8920e-08   2.1436e+02
20260912_21:00:00   2.4502e-02   9.7617e+00   6.7733e-02   0.0000e+00   0.0000e+00   2.1353e+02
20260912_22:00:00   2.4614e-02   9.7932e+00   6.9909e-02   0.0000e+00   0.0000e+00   2.1513e+02
20260912_23:00:00   2.4747e-02   9.8280e+00   7.2314e-02   0.0000e+00   0.0000e+00   2.1515e+02
20260913_00:00:00   2.4839e-02   9.8540e+00   7.4238e-02   0.0000e+00   1.6316e-09   2.2024e+02
20260913_01:00:00   2.4882e-02   9.8694e+00   7.5486e-02   0.0000e+00   3.0180e-08   2.2499e+02
20260913_02:00:00   2.4914e-02   9.8808e+00   7.6249e-02   0.0000e+00   6.8520e-08   2.2528e+02
20260913_03:00:00   2.4903e-02   9.8839e+00   7.6697e-02   0.0000e+00   7.0160e-08   2.2395e+02
20260913_04:00:00   2.4853e-02   9.8772e+00   7.6495e-02   0.0000e+00   6.6900e-08   2.1909e+02
20260913_05:00:00   2.4823e-02   9.8748e+00   7.6488e-02   0.0000e+00   7.3420e-08   2.1696e+02
20260913_06:00:00   2.4837e-02   9.8812e+00   7.6990e-02   0.0000e+00   8.4840e-08   2.1667e+02
20260913_07:00:00   2.4859e-02   9.8906e+00   7.8315e-02   0.0000e+00   8.8100e-08   2.1566e+02
20260913_08:00:00   2.4822e-02   9.8882e+00   7.8855e-02   0.0000e+00   8.8100e-08   2.1401e+02
20260913_09:00:00   2.4844e-02   9.8965e+00   8.0376e-02   0.0000e+00   8.4840e-08   2.1377e+02
20260913_10:00:00   2.4893e-02   9.9094e+00   8.1945e-02   0.0000e+00   8.1580e-08   2.1386e+02
20260913_11:00:00   2.4937e-02   9.9207e+00   8.3409e-02   0.0000e+00   9.4620e-08   2.1425e+02
20260913_12:00:00   2.4966e-02   9.9284e+00   8.4193e-02   0.0000e+00   8.8100e-08   2.1411e+02
20260913_13:00:00   2.5091e-02   9.9546e+00   8.5761e-02   0.0000e+00   2.0478e-05   2.1508e+02
20260913_14:00:00   2.5232e-02   9.9828e+00   8.7231e-02   0.0000e+00   1.0206e-04   2.1741e+02
20260913_15:00:00   2.5302e-02   9.9975e+00   8.8210e-02   0.0000e+00   6.1278e-05   2.1888e+02
20260913_16:00:00   2.5407e-02   1.0021e+01   9.0062e-02   0.0000e+00   8.1664e-05   2.1994e+02
20260913_17:00:00   2.5369e-02   1.0014e+01   8.9637e-02   0.0000e+00   1.1226e-04   2.1941e+02
20260913_18:00:00   2.5389e-02   1.0020e+01   9.0405e-02   0.0000e+00   1.0202e-04   2.1743e+02
20260913_19:00:00   2.5541e-02   1.0055e+01   9.3543e-02   0.0000e+00   2.6523e-04   2.1593e+02
20260913_20:00:00   2.5702e-02   1.0092e+01   9.6489e-02   0.0000e+00   2.9788e-04   2.1384e+02
20260913_21:00:00   2.5859e-02   1.0128e+01   9.9412e-02   0.0000e+00   3.9785e-04   2.1130e+02
20260913_22:00:00   2.6113e-02   1.0188e+01   1.0491e-01   0.0000e+00   4.1410e-04   2.0774e+02
20260913_23:00:00   2.6339e-02   1.0241e+01   1.0902e-01   0.0000e+00   4.6706e-04   2.0714e+02
20260914_00:00:00   2.6428e-02   1.0262e+01   1.1012e-01   0.0000e+00   3.1827e-04   2.1081e+02
20260914_01:00:00   2.6510e-02   1.0281e+01   1.1096e-01   0.0000e+00   1.8569e-04   2.1532e+02
20260914_02:00:00   2.6530e-02   1.0285e+01   1.1048e-01   0.0000e+00   1.3468e-04   2.1615e+02
20260914_03:00:00   2.6525e-02   1.0286e+01   1.1004e-01   0.0000e+00   9.9965e-05   2.1510e+02
20260914_04:00:00   2.6451e-02   1.0269e+01   1.0786e-01   0.0000e+00   8.1587e-05   2.1589e+02
20260914_05:00:00   2.6237e-02   1.0219e+01   1.0340e-01   0.0000e+00   8.1727e-06   2.0695e+02
20260914_06:00:00   2.6061e-02   1.0177e+01   9.9234e-02   0.0000e+00   8.1906e-06   2.0063e+02
20260914_07:00:00   2.5938e-02   1.0147e+01   9.6198e-02   0.0000e+00   6.8520e-08   1.9959e+02
20260914_08:00:00   2.5849e-02   1.0128e+01   9.4663e-02   0.0000e+00   7.9940e-08   1.9808e+02
20260914_09:00:00   2.5809e-02   1.0118e+01   9.3989e-02   0.0000e+00   8.3200e-08   1.9838e+02
20260914_10:00:00   2.5838e-02   1.0125e+01   9.4518e-02   0.0000e+00   6.3640e-08   1.9901e+02
20260914_11:00:00   2.5853e-02   1.0129e+01   9.4903e-02   0.0000e+00   4.4700e-08   1.9998e+02
20260914_12:00:00   2.5928e-02   1.0146e+01   9.6213e-02   0.0000e+00   1.5500e-08   1.9987e+02
20260914_13:00:00   2.6002e-02   1.0161e+01   9.7322e-02   0.0000e+00   1.6316e-09   1.9908e+02
20260914_14:00:00   2.6063e-02   1.0176e+01   9.8178e-02   0.0000e+00   0.0000e+00   1.9885e+02
20260914_15:00:00   2.6107e-02   1.0185e+01   9.8816e-02   0.0000e+00   0.0000e+00   1.9859e+02
20260914_16:00:00   2.6151e-02   1.0196e+01   9.9596e-02   0.0000e+00   0.0000e+00   1.9826e+02
20260914_17:00:00   2.6188e-02   1.0204e+01   1.0015e-01   0.0000e+00   0.0000e+00   1.9422e+02
20260914_18:00:00   2.6146e-02   1.0194e+01   9.9699e-02   0.0000e+00   0.0000e+00   1.9015e+02
20260914_19:00:00   2.6271e-02   1.0222e+01   1.0161e-01   0.0000e+00   0.0000e+00   1.8873e+02
20260914_20:00:00   2.6493e-02   1.0272e+01   1.0553e-01   0.0000e+00   0.0000e+00   1.9022e+02
20260914_21:00:00   2.6818e-02   1.0350e+01   1.1206e-01   0.0000e+00   8.1580e-06   1.9121e+02
20260914_22:00:00   2.7236e-02   1.0446e+01   1.1991e-01   0.0000e+00   4.0788e-05   1.9192e+02
20260914_23:00:00   2.7608e-02   1.0531e+01   1.2661e-01   0.0000e+00   7.3420e-05   1.9253e+02
20260915_00:00:00   2.7907e-02   1.0603e+01   1.3245e-01   0.0000e+00   4.0789e-05   1.9164e+02
20260915_01:00:00   2.8144e-02   1.0659e+01   1.3684e-01   0.0000e+00   8.1580e-06   1.9063e+02
20260915_02:00:00   2.8532e-02   1.0749e+01   1.4371e-01   0.0000e+00   0.0000e+00   1.9197e+02
20260915_03:00:00   2.8957e-02   1.0847e+01   1.5126e-01   0.0000e+00   0.0000e+00   1.9275e+02
20260915_04:00:00   2.9433e-02   1.0956e+01   1.5926e-01   0.0000e+00   2.4480e-05   1.9399e+02
20260915_05:00:00   2.9866e-02   1.1057e+01   1.6688e-01   0.0000e+00   1.7947e-04   1.9510e+02
20260915_06:00:00   3.0288e-02   1.1159e+01   1.7464e-01   0.0000e+00   7.3419e-05   1.9515e+02
20260915_07:00:00   3.0684e-02   1.1255e+01   1.8211e-01   0.0000e+00   1.6316e-05   1.9317e+02
20260915_08:00:00   3.1106e-02   1.1357e+01   1.8993e-01   0.0000e+00   3.2638e-05   1.9190e+02
20260915_09:00:00   3.1481e-02   1.1446e+01   1.9620e-01   0.0000e+00   1.0809e-04   1.9125e+02
20260915_10:00:00   3.1804e-02   1.1521e+01   2.0164e-01   0.0000e+00   4.0796e-05   1.9047e+02
20260915_11:00:00   3.2002e-02   1.1568e+01   2.0507e-01   0.0000e+00   2.4474e-05   1.9057e+02
20260915_12:00:00   3.2136e-02   1.1600e+01   2.0724e-01   0.0000e+00   2.4474e-05   1.9409e+02
20260915_15:00:00   3.2214e-02   1.1619e+01   2.0760e-01   0.0000e+00   7.3419e-05   1.9614e+02
20260915_18:00:00   3.1224e-02   1.1388e+01   1.8978e-01   0.0000e+00   8.1580e-06   1.9460e+02
20260915_21:00:00   2.8757e-02   1.0800e+01   1.4472e-01   0.0000e+00   1.9578e-12   1.9398e+02
20260916_00:00:00   2.6937e-02   1.0362e+01   1.1253e-01   0.0000e+00   2.9360e-12   1.9591e+02
20260916_03:00:00   2.7082e-02   1.0386e+01   1.1430e-01   0.0000e+00   0.0000e+00   1.9805e+02
20260916_06:00:00   2.5731e-02   1.0059e+01   8.7744e-02   0.0000e+00   0.0000e+00   2.0477e+02
20260916_09:00:00   2.5659e-02   1.0039e+01   8.5295e-02   0.0000e+00   4.4060e-12   2.1408e+02
20260916_12:00:00   2.5637e-02   1.0037e+01   8.4644e-02   0.0000e+00   3.1660e-11   2.1500e+02
20260916_15:00:00   2.5662e-02   1.0051e+01   8.5134e-02   0.0000e+00   4.8940e-13   2.1214e+02
20260916_18:00:00   2.5802e-02   1.0089e+01   8.6771e-02   0.0000e+00   0.0000e+00   2.1987e+02
20260916_21:00:00   2.6123e-02   1.0172e+01   9.3032e-02   0.0000e+00   8.1580e-12   2.1922e+02
20260917_00:00:00   2.6566e-02   1.0283e+01   1.0179e-01   0.0000e+00   5.8560e-09   2.2898e+02
20260917_03:00:00   2.7236e-02   1.0453e+01   1.1662e-01   0.0000e+00   2.4500e-09   2.2776e+02
20260917_06:00:00   2.8241e-02   1.0700e+01   1.3561e-01   0.0000e+00   1.2236e-11   2.2517e+02
20260917_09:00:00   2.8975e-02   1.0887e+01   1.5011e-01   0.0000e+00   0.0000e+00   2.2050e+02
20260917_12:00:00   2.9332e-02   1.0982e+01   1.5772e-01   0.0000e+00   5.0979e-05   2.1317e+02
20260917_15:00:00   3.0239e-02   1.1198e+01   1.7872e-01   0.0000e+00   4.4866e-04   2.1087e+02
20260917_18:00:00   3.0725e-02   1.1309e+01   1.9062e-01   0.0000e+00   9.1780e-05   2.0599e+02
20260917_21:00:00   3.0951e-02   1.1355e+01   1.9674e-01   0.0000e+00   1.0646e-03   2.0246e+02
20260918_00:00:00   3.2993e-02   1.1827e+01   2.3707e-01   0.0000e+00   9.4435e-04   2.0210e+02
20260918_03:00:00   3.5176e-02   1.2330e+01   2.7469e-01   0.0000e+00   3.7664e-03   2.0538e+02
20260918_06:00:00   3.6022e-02   1.2524e+01   2.8739e-01   0.0000e+00   4.6092e-03   2.0563e+02
20260918_09:00:00   3.6838e-02   1.2712e+01   2.9946e-01   0.0000e+00   4.2130e-03   2.0591e+02
20260918_12:00:00   3.7073e-02   1.2758e+01   2.9961e-01   0.0000e+00   6.5292e-03   2.0161e+02
20260918_15:00:00   3.6970e-02   1.2737e+01   2.9964e-01   0.0000e+00   3.2668e-03   1.9173e+02
20260918_18:00:00   3.6795e-02   1.2696e+01   2.9788e-01   0.0000e+00   3.6744e-04   1.8865e+02
20260918_21:00:00   3.6154e-02   1.2552e+01   2.8370e-01   0.0000e+00   6.3353e-05   1.8955e+02
20260919_00:00:00   3.5864e-02   1.2481e+01   2.7844e-01   0.0000e+00   6.8347e-05   1.8518e+02
20260919_03:00:00   3.5359e-02   1.2359e+01   2.6830e-01   0.0000e+00   1.0913e-04   1.9060e+02
20260919_06:00:00   3.5039e-02   1.2289e+01   2.6262e-01   0.0000e+00   6.3313e-05   2.0139e+02
20260919_09:00:00   3.5077e-02   1.2286e+01   2.6009e-01   0.0000e+00   1.9545e-03   2.0460e+02
20260919_12:00:00   3.4279e-02   1.2108e+01   2.4360e-01   0.0000e+00   1.0425e-03   2.0022e+02
20260919_15:00:00   3.2214e-02   1.1639e+01   2.0490e-01   0.0000e+00   2.1170e-04   1.9510e+02
20260919_18:00:00   2.9770e-02   1.1069e+01   1.6095e-01   0.0000e+00   2.6751e-05   1.9882e+02
20260919_21:00:00   2.7550e-02   1.0542e+01   1.2496e-01   0.0000e+00   1.0471e-05   2.0198e+02
20260920_00:00:00   2.7091e-02   1.0429e+01   1.1873e-01   0.0000e+00   0.0000e+00   2.0608e+02
20260920_03:00:00   2.5983e-02   1.0165e+01   1.0135e-01   0.0000e+00   0.0000e+00   2.0970e+02
20260920_06:00:00   2.5736e-02   1.0102e+01   9.6861e-02   0.0000e+00   0.0000e+00   2.1081e+02
20260920_09:00:00   2.5207e-02   9.9808e+00   8.7622e-02   0.0000e+00   0.0000e+00   2.0780e+02
20260920_12:00:00   2.5138e-02   9.9746e+00   8.8613e-02   0.0000e+00   0.0000e+00   2.0090e+02
20260920_15:00:00   2.4685e-02   9.8820e+00   8.1946e-02   0.0000e+00   0.0000e+00   1.9726e+02
20260920_18:00:00   2.4756e-02   9.8990e+00   8.4626e-02   0.0000e+00   5.4000e-06   1.9577e+02
20260920_21:00:00   2.5385e-02   1.0049e+01   9.7705e-02   0.0000e+00   5.3980e-06   1.9093e+02
20260921_00:00:00   2.6430e-02   1.0298e+01   1.1850e-01   0.0000e+00   1.0766e-05   1.9051e+02
20260921_03:00:00   2.7881e-02   1.0646e+01   1.4545e-01   0.0000e+00   1.6035e-05   1.9188e+02
20260921_06:00:00   3.4700e-02   1.2280e+01   2.7197e-01   0.0000e+00   1.3739e-03   1.9090e+02
20260921_09:00:00   3.7677e-02   1.2988e+01   3.3268e-01   0.0000e+00   4.3662e-03   1.9048e+02
20260921_12:00:00   4.2699e-02   1.4154e+01   4.1819e-01   0.0000e+00   4.2668e-02   1.9247e+02
20260921_15:00:00   4.5873e-02   1.4906e+01   4.7463e-01   0.0000e+00   3.4688e-02   1.9148e+02
20260921_18:00:00   4.6190e-02   1.4994e+01   4.7774e-01   0.0000e+00   2.7923e-02   1.9515e+02
20260921_21:00:00   4.9828e-02   1.5881e+01   5.3828e-01   0.0000e+00   1.3536e-02   1.9732e+02
20260922_00:00:00   5.0041e-02   1.5999e+01   5.4414e-01   0.0000e+00   3.1057e-03   1.9647e+02
20260922_03:00:00   4.3545e-02   1.4541e+01   4.3150e-01   0.0000e+00   0.0000e+00   1.9177e+02
20260922_06:00:00   4.4834e-02   1.4814e+01   4.7926e-01   0.0000e+00   1.7336e-03   1.8767e+02
20260922_09:00:00   6.4443e-02   1.9306e+01   8.3409e-01   0.0000e+00   8.1330e-02   1.8775e+02
20260922_12:00:00   7.0852e-02   2.0806e+01   9.5351e-01   0.0000e+00   6.4495e-02   1.9514e+02
20260922_15:00:00   7.0150e-02   2.0693e+01   9.3065e-01   0.0000e+00   5.2426e-02   2.0228e+02
20260922_18:00:00   7.5285e-02   2.1919e+01   1.0417e+00   0.0000e+00   9.9406e-03   2.0429e+02
20260922_21:00:00   7.3433e-02   2.1476e+01   1.0031e+00   0.0000e+00   1.3110e-02   2.0487e+02
20260923_00:00:00   6.8106e-02   2.0215e+01   9.0960e-01   0.0000e+00   5.6241e-03   2.0242e+02
20260923_03:00:00   6.5337e-02   1.9517e+01   8.5528e-01   0.0000e+00   1.3651e-02   2.0065e+02
20260923_06:00:00   6.0365e-02   1.8375e+01   7.5506e-01   0.0000e+00   1.5055e-02   1.9945e+02
20260923_09:00:00   5.8911e-02   1.8041e+01   7.2621e-01   0.0000e+00   7.2907e-03   2.0092e+02
20260923_12:00:00   5.8275e-02   1.7871e+01   7.0296e-01   0.0000e+00   2.1441e-02   2.0511e+02
20260923_15:00:00   5.7609e-02   1.7701e+01   6.8811e-01   0.0000e+00   1.5426e-02   2.0893e+02
20260923_18:00:00   5.7730e-02   1.7733e+01   6.8658e-01   0.0000e+00   1.3690e-02   2.0796e+02
20260923_21:00:00   5.7094e-02   1.7583e+01   6.7250e-01   0.0000e+00   1.1325e-02   2.0851e+02
20260924_00:00:00   5.5466e-02   1.7200e+01   6.4339e-01   0.0000e+00   4.1674e-03   2.0312e+02
20260924_03:00:00   5.2366e-02   1.6485e+01   5.8309e-01   0.0000e+00   3.8680e-03   2.0102e+02
20260924_06:00:00   4.9248e-02   1.5784e+01   5.2576e-01   0.0000e+00   8.4802e-04   1.9693e+02
20260924_09:00:00   4.4182e-02   1.4593e+01   4.4699e-01   0.0000e+00   1.9885e-04   1.9574e+02
20260924_12:00:00   4.4311e-02   1.4625e+01   4.6904e-01   0.0000e+00   3.0607e-03   1.9773e+02
20260924_15:00:00   4.1945e-02   1.4039e+01   4.3213e-01   0.0000e+00   7.7239e-03   1.9976e+02
20260924_18:00:00   4.3914e-02   1.4474e+01   4.4883e-01   0.0000e+00   3.6383e-02   2.0355e+02
20260924_21:00:00   4.3534e-02   1.4361e+01   4.3586e-01   0.0000e+00   2.7535e-02   2.0782e+02
20260925_00:00:00   4.3704e-02   1.4390e+01   4.3521e-01   0.0000e+00   2.3693e-02   2.0973e+02
20260925_03:00:00   4.3710e-02   1.4385e+01   4.3051e-01   0.0000e+00   2.6921e-02   2.1383e+02
20260925_06:00:00   4.2665e-02   1.4134e+01   4.0965e-01   0.0000e+00   2.5230e-02   2.1496e+02
20260925_09:00:00   4.1737e-02   1.3921e+01   3.9765e-01   0.0000e+00   9.1536e-03   2.0935e+02
20260925_12:00:00   3.9931e-02   1.3501e+01   3.6450e-01   0.0000e+00   4.9363e-03   2.0938e+02
20260925_15:00:00   3.9261e-02   1.3343e+01   3.5297e-01   0.0000e+00   2.8572e-03   2.1079e+02
20260925_18:00:00   3.8611e-02   1.3179e+01   3.4045e-01   0.0000e+00   2.5830e-03   2.1097e+02
20260925_21:00:00   3.8305e-02   1.3108e+01   3.3526e-01   0.0000e+00   2.0658e-03   2.1147e+02
20260926_00:00:00   3.7958e-02   1.3020e+01   3.2942e-01   0.0000e+00   7.2686e-04   2.1187e+02
20260926_03:00:00   3.7397e-02   1.2872e+01   3.1708e-01   0.0000e+00   2.1460e-03   2.1612e+02
20260926_06:00:00   3.7090e-02   1.2800e+01   3.1268e-01   0.0000e+00   2.4150e-04   2.1684e+02
20260926_09:00:00   3.7098e-02   1.2802e+01   3.1144e-01   0.0000e+00   6.4881e-04   2.1632e+02
20260926_12:00:00   3.7267e-02   1.2832e+01   3.1117e-01   0.0000e+00   8.9480e-03   2.1275e+02
