#            date       tau255        Tb[K]      pwv[mm] lwp[kg*m^-2] iwp[kg*m^-2]       o3[DU]
20261001_06:00:00   3.3633e-02   1.2055e+01   2.4272e-01   0.0000e+00   8.8280e-04   1.5721e+02
20261001_07:00:00   3.2562e-02   1.1809e+01   2.2254e-01   0.0000e+00   3.1470e-04   1.5440e+02
20261001_08:00:00   3.3807e-02   1.2104e+01   2.4478e-01   0.0000e+00   3.4490e-04   1.4932e+02
20261001_09:00:00   3.5341e-02   1.2471e+01   2.7296e-01   0.0000e+00   5.7185e-04   1.4854e+02
20261001_10:00:00   3.6718e-02   1.2791e+01   2.9951e-01   0.0000e+00   2.5850e-03   1.4904e+02
20261001_11:00:00   3.7544e-02   1.2986e+01   3.2122e-01   0.0000e+00   5.1097e-03   1.4965e+02
20261001_12:00:00   4.1432e-02   1.3887e+01   4.0346e-01   0.0000e+00   7.6868e-03   1.5038e+02
20261001_13:00:00   4.4326e-02   1.4559e+01   4.5641e-01   0.0000e+00   1.9796e-02   1.5219e+02
20261001_14:00:00   4.5449e-02   1.4823e+01   4.6363e-01   0.0000e+00   6.0945e-02   1.5130e+02
20261001_15:00:00   4.9274e-02   1.5716e+01   5.2336e-01   0.0000e+00   8.4540e-02   1.5290e+02
20261001_16:00:00   5.0073e-02   1.5913e+01   5.3926e-01   0.0000e+00   8.6353e-02   1.5485e+02
20261001_17:00:00   5.1175e-02   1.6177e+01   5.5300e-01   0.0000e+00   1.0658e-01   1.5592e+02
20261001_18:00:00   5.2302e-02   1.6446e+01   5.6537e-01   0.0000e+00   1.2870e-01   1.5612e+02
20261001_19:00:00   5.5989e-02   1.7307e+01   6.3069e-01   0.0000e+00   1.1789e-01   1.5794e+02
20261001_20:00:00   5.6524e-02   1.7438e+01   6.3871e-01   0.0000e+00   1.1892e-01   1.5906e+02
20261001_21:00:00   5.5204e-02   1.7156e+01   6.4156e-01   0.0000e+00   4.3644e-02   1.6076e+02
20261001_22:00:00   5.1426e-02   1.6287e+01   5.7797e-01   0.0000e+00   2.3491e-02   1.5973e+02
20261001_23:00:00   5.3483e-02   1.6759e+01   6.0884e-01   0.0000e+00   4.2456e-02   1.5889e+02
20261002_00:00:00   5.5220e-02   1.7146e+01   6.2306e-01   0.0000e+00   8.6654e-02   1.5780e+02
20261002_01:00:00   5.4509e-02   1.6979e+01   6.0833e-01   0.0000e+00   8.8434e-02   1.5822e+02
20261002_02:00:00   5.4476e-02   1.6969e+01   6.1424e-01   0.0000e+00   5.8673e-02   1.5976e+02
20261002_03:00:00   5.3898e-02   1.6836e+01   6.0710e-01   0.0000e+00   4.5710e-02   1.6044e+02
20261002_04:00:00   5.3529e-02   1.6750e+01   5.9911e-01   0.0000e+00   4.4526e-02   1.5953e+02
20261002_05:00:00   5.3160e-02   1.6663e+01   5.9305e-01   0.0000e+00   3.9580e-02   1.5689e+02
20261002_06:00:00   5.2258e-02   1.6447e+01   5.7728e-01   0.0000e+00   3.1606e-02   1.5725e+02
20261002_07:00:00   4.8253e-02   1.5514e+01   5.0531e-01   0.0000e+00   2.7605e-02   1.6049e+02
20261002_08:00:00   4.5895e-02   1.4951e+01   4.6473e-01   0.0000e+00   2.2454e-02   1.6213e+02
20261002_09:00:00   4.1900e-02   1.4007e+01   4.0025e-01   0.0000e+00   9.5553e-03   1.6154e+02
20261002_10:00:00   4.0851e-02   1.3753e+01   3.8085e-01   0.0000e+00   5.1238e-03   1.6203e+02
20261002_11:00:00   3.9930e-02   1.3525e+01   3.6156e-01   0.0000e+00   7.2181e-03   1.5884e+02
20261002_12:00:00   3.9073e-02   1.3321e+01   3.4439e-01   0.0000e+00   7.8585e-03   1.5768e+02
20261002_13:00:00   3.8256e-02   1.3125e+01   3.2937e-01   0.0000e+00   4.6294e-03   1.5742e+02
20261002_14:00:00   3.7401e-02   1.2920e+01   3.1373e-01   0.0000e+00   1.8111e-03   1.5641e+02
20261002_15:00:00   3.6677e-02   1.2745e+01   3.0011e-01   0.0000e+00   1.6323e-03   1.5328e+02
20261002_16:00:00   3.6116e-02   1.2607e+01   2.8918e-01   0.0000e+00   1.7478e-03   1.5141e+02
20261002_17:00:00   3.5725e-02   1.2511e+01   2.8084e-01   0.0000e+00   2.5116e-03   1.5462e+02
20261002_18:00:00   3.5388e-02   1.2425e+01   2.7303e-01   0.0000e+00   4.4060e-03   1.5699e+02
20261002_19:00:00   3.5287e-02   1.2393e+01   2.7016e-01   0.0000e+00   4.7085e-03   1.5688e+02
20261002_20:00:00   3.4874e-02   1.2292e+01   2.6274e-01   0.0000e+00   3.0603e-03   1.5688e+02
20261002_21:00:00   3.4758e-02   1.2266e+01   2.6069e-01   0.0000e+00   1.4607e-03   1.5749e+02
20261002_22:00:00   3.4628e-02   1.2237e+01   2.5877e-01   0.0000e+00   4.9392e-04   1.5609e+02
20261002_23:00:00   3.4266e-02   1.2151e+01   2.5246e-01   0.0000e+00   6.9983e-05   1.5647e+02
20261003_00:00:00   3.4212e-02   1.2142e+01   2.5202e-01   0.0000e+00   3.5165e-05   1.5783e+02
20261003_01:00:00   3.3994e-02   1.2094e+01   2.4850e-01   0.0000e+00   4.3338e-05   1.5759e+02
20261003_02:00:00   3.3803e-02   1.2049e+01   2.4527e-01   0.0000e+00   3.7993e-05   1.5775e+02
20261003_03:00:00   3.3761e-02   1.2035e+01   2.4438e-01   0.0000e+00   3.7997e-05   1.5751e+02
20261003_04:00:00   3.3642e-02   1.2006e+01   2.4223e-01   0.0000e+00   2.9838e-05   1.5805e+02
20261003_05:00:00   3.3558e-02   1.1987e+01   2.4083e-01   0.0000e+00   2.9836e-05   1.5747e+02
20261003_06:00:00   3.3644e-02   1.2007e+01   2.4233e-01   0.0000e+00   4.3345e-05   1.5646e+02
20261003_07:00:00   3.4055e-02   1.2102e+01   2.4945e-01   0.0000e+00   3.7978e-05   1.5534e+02
20261003_08:00:00   3.4415e-02   1.2186e+01   2.5593e-01   0.0000e+00   4.3303e-05   1.5564e+02
20261003_09:00:00   3.4112e-02   1.2115e+01   2.5017e-01   0.0000e+00   3.5121e-05   1.5558e+02
20261003_10:00:00   3.3422e-02   1.1956e+01   2.3767e-01   0.0000e+00   2.9788e-05   1.5506e+02
20261003_11:00:00   3.2852e-02   1.1827e+01   2.2783e-01   0.0000e+00   2.9782e-05   1.5577e+02
20261003_12:00:00   3.2005e-02   1.1632e+01   2.1352e-01   0.0000e+00   1.8767e-05   1.5521e+02
20261003_13:00:00   3.1105e-02   1.1426e+01   1.9870e-01   0.0000e+00   1.0609e-05   1.5341e+02
20261003_14:00:00   3.0812e-02   1.1359e+01   1.9428e-01   0.0000e+00   5.2920e-06   1.5002e+02
20261003_15:00:00   3.1024e-02   1.1410e+01   2.0003e-01   0.0000e+00   5.2800e-06   1.4650e+02
20261003_16:00:00   3.1537e-02   1.1533e+01   2.1226e-01   0.0000e+00   5.2750e-06   1.4683e+02
20261003_17:00:00   3.2642e-02   1.1797e+01   2.3610e-01   0.0000e+00   1.3434e-05   1.4691e+02
20261003_18:00:00   3.4250e-02   1.2182e+01   2.7010e-01   0.0000e+00   6.7316e-05   1.4772e+02
20261003_19:00:00   3.5735e-02   1.2537e+01   3.0162e-01   0.0000e+00   9.9120e-04   1.4894e+02
20261003_20:00:00   3.7744e-02   1.3014e+01   3.4139e-01   0.0000e+00   3.5588e-03   1.4974e+02
20261003_21:00:00   4.0199e-02   1.3596e+01   3.8640e-01   0.0000e+00   1.1425e-02   1.4780e+02
20261003_22:00:00   4.3110e-02   1.4297e+01   4.4048e-01   0.0000e+00   1.7074e-02   1.4681e+02
20261003_23:00:00   4.4248e-02   1.4556e+01   4.5464e-01   0.0000e+00   3.5699e-02   1.4619e+02
20261004_00:00:00   4.5564e-02   1.4861e+01   4.7839e-01   0.0000e+00   3.9232e-02   1.4495e+02
20261004_01:00:00   4.6704e-02   1.5128e+01   4.9732e-01   0.0000e+00   5.0620e-02   1.4500e+02
20261004_02:00:00   4.7449e-02   1.5307e+01   5.1048e-01   0.0000e+00   5.7674e-02   1.4655e+02
20261004_03:00:00   4.8077e-02   1.5458e+01   5.2231e-01   0.0000e+00   6.1022e-02   1.4749e+02
20261004_04:00:00   5.1911e-02   1.6349e+01   5.8878e-01   0.0000e+00   6.7986e-02   1.4696e+02
20261004_05:00:00   5.2610e-02   1.6517e+01   6.0482e-01   0.0000e+00   6.1404e-02   1.4665e+02
20261004_06:00:00   5.2802e-02   1.6568e+01   6.1657e-01   0.0000e+00   3.9351e-02   1.4724e+02
20261004_07:00:00   5.3321e-02   1.6693e+01   6.2625e-01   0.0000e+00   3.8510e-02   1.4688e+02
20261004_08:00:00   5.3069e-02   1.6634e+01   6.2274e-01   0.0000e+00   3.1588e-02   1.4791e+02
20261004_09:00:00   5.2459e-02   1.6491e+01   6.0992e-01   0.0000e+00   2.9573e-02   1.5007e+02
20261004_10:00:00   5.2392e-02   1.6472e+01   6.0718e-01   0.0000e+00   2.9610e-02   1.5221e+02
20261004_11:00:00   5.2676e-02   1.6538e+01   6.0889e-01   0.0000e+00   3.5085e-02   1.5302e+02
20261004_12:00:00   5.1796e-02   1.6328e+01   5.9041e-01   0.0000e+00   3.2774e-02   1.5295e+02
20261004_13:00:00   4.8286e-02   1.5513e+01   5.2615e-01   0.0000e+00   2.7981e-02   1.5295e+02
20261004_14:00:00   5.1747e-02   1.6310e+01   5.8085e-01   0.0000e+00   3.8737e-02   1.5425e+02
20261004_15:00:00   5.2503e-02   1.6492e+01   5.9290e-01   0.0000e+00   4.0170e-02   1.5453e+02
20261004_16:00:00   5.6210e-02   1.7353e+01   6.5518e-01   0.0000e+00   3.5806e-02   1.5529e+02
20261004_17:00:00   5.6892e-02   1.7517e+01   6.6662e-01   0.0000e+00   3.3272e-02   1.5660e+02
20261004_18:00:00   5.7816e-02   1.7750e+01   6.8567e-01   0.0000e+00   2.1259e-02   1.5749e+02
20261004_19:00:00   5.8573e-02   1.7943e+01   6.9889e-01   0.0000e+00   1.5421e-02   1.5797e+02
20261004_20:00:00   6.1197e-02   1.8550e+01   7.3818e-01   0.0000e+00   2.0433e-02   1.5887e+02
20261004_21:00:00   6.1746e-02   1.8686e+01   7.4553e-01   0.0000e+00   2.0238e-02   1.5973e+02
20261004_22:00:00   6.2672e-02   1.8915e+01   7.6452e-01   0.0000e+00   1.1545e-02   1.5820e+02
20261004_23:00:00   6.1976e-02   1.8772e+01   7.5287e-01   0.0000e+00   5.0842e-03   1.5649e+02
20261005_00:00:00   6.2704e-02   1.8940e+01   7.6605e-01   0.0000e+00   6.3766e-03   1.5655e+02
20261005_01:00:00   6.3168e-02   1.9040e+01   7.7233e-01   0.0000e+00   1.2549e-02   1.5741e+02
20261005_02:00:00   6.3597e-02   1.9154e+01   7.8677e-01   0.0000e+00   5.9634e-03   1.5895e+02
20261005_03:00:00   6.1325e-02   1.8645e+01   7.5431e-01   0.0000e+00   6.8517e-03   1.5821e+02
20261005_04:00:00   6.3837e-02   1.9212e+01   8.0499e-01   0.0000e+00   8.6334e-03   1.5797e+02
20261005_05:00:00   6.6221e-02   1.9746e+01   8.4360e-01   0.0000e+00   2.2479e-02   1.5692e+02
20261005_06:00:00   6.9782e-02   2.0555e+01   9.0946e-01   0.0000e+00   3.1355e-02   1.5621e+02
20261005_07:00:00   7.4023e-02   2.1514e+01   9.7919e-01   0.0000e+00   4.4071e-02   1.5623e+02
20261005_08:00:00   7.5958e-02   2.1954e+01   1.0070e+00   0.0000e+00   6.7879e-02   1.5780e+02
20261005_09:00:00   7.5943e-02   2.1946e+01   1.0085e+00   0.0000e+00   6.8708e-02   1.6077e+02
20261005_10:00:00   7.3172e-02   2.1328e+01   9.7457e-01   0.0000e+00   3.4865e-02   1.6085e+02
20261005_11:00:00   7.5360e-02   2.1820e+01   1.0169e+00   0.0000e+00   3.3363e-02   1.6060e+02
20261005_12:00:00   7.5031e-02   2.1754e+01   1.0182e+00   0.0000e+00   2.4380e-02   1.5975e+02
20261005_13:00:00   7.1401e-02   2.0947e+01   9.5839e-01   0.0000e+00   2.2164e-02   1.5862e+02
20261005_14:00:00   6.8127e-02   2.0211e+01   9.0405e-01   0.0000e+00   2.8790e-02   1.5722e+02
20261005_15:00:00   7.0777e-02   2.0826e+01   9.4656e-01   0.0000e+00   2.7072e-02   1.5588e+02
20261005_16:00:00   7.0211e-02   2.0716e+01   9.2749e-01   0.0000e+00   2.6720e-02   1.5568e+02
20261005_17:00:00   7.9050e-02   2.2654e+01   1.0907e+00   0.0000e+00   7.2992e-02   1.5441e+02
20261005_18:00:00   7.8882e-02   2.2640e+01   1.0975e+00   0.0000e+00   4.4805e-02   1.5517e+02
20261005_19:00:00   7.9457e-02   2.2792e+01   1.1200e+00   0.0000e+00   2.2708e-02   1.5624e+02
20261005_20:00:00   7.9744e-02   2.2863e+01   1.1285e+00   0.0000e+00   2.0389e-02   1.5647e+02
20261005_21:00:00   8.0933e-02   2.3124e+01   1.1442e+00   0.0000e+00   4.8487e-02   1.5776e+02
20261005_22:00:00   8.3780e-02   2.3778e+01   1.2062e+00   0.0000e+00   3.9697e-02   1.5598e+02
20261005_23:00:00   8.4574e-02   2.3971e+01   1.2159e+00   0.0000e+00   4.9669e-02   1.5678e+02
20261006_00:00:00   8.5310e-02   2.4147e+01   1.2226e+00   0.0000e+00   6.2581e-02   1.5685e+02
20261006_01:00:00   8.5710e-02   2.4242e+01   1.2338e+00   0.0000e+00   5.4974e-02   1.5666e+02
20261006_02:00:00   8.7443e-02   2.4633e+01   1.2766e+00   0.0000e+00   3.9895e-02   1.5746e+02
20261006_03:00:00   8.8951e-02   2.4973e+01   1.2959e+00   0.0000e+00   6.3872e-02   1.5663e+02
20261006_04:00:00   8.8379e-02   2.4837e+01   1.2878e+00   0.0000e+00   5.5971e-02   1.5662e+02
20261006_05:00:00   8.8684e-02   2.4904e+01   1.2867e+00   0.0000e+00   6.9433e-02   1.5849e+02
20261006_06:00:00   8.8790e-02   2.4941e+01   1.2975e+00   0.0000e+00   4.7088e-02   1.5890e+02
20261006_09:00:00   9.0763e-02   2.5400e+01   1.3299e+00   0.0000e+00   6.0340e-02   1.6092e+02
20261006_12:00:00   9.3459e-02   2.6026e+01   1.3832e+00   0.0000e+00   5.3198e-02   1.6247e+02
20261006_15:00:00   9.2540e-02   2.5828e+01   1.3698e+00   0.0000e+00   2.7850e-02   1.6110e+02
20261006_18:00:00   9.2396e-02   2.5799e+01   1.3683e+00   0.0000e+00   1.7811e-02   1.6093e+02
20261006_21:00:00   9.1181e-02   2.5516e+01   1.3452e+00   0.0000e+00   1.5450e-02   1.6177e+02
20261007_00:00:00   9.1887e-02   2.5667e+01   1.3506e+00   0.0000e+00   2.7047e-02   1.6346e+02
20261007_03:00:00   9.0613e-02   2.5377e+01   1.3287e+00   0.0000e+00   1.6725e-02   1.6091e+02
20261007_06:00:00   8.7150e-02   2.4606e+01   1.2526e+00   0.0000e+00   1.3970e-02   1.6274e+02
20261007_09:00:00   8.2927e-02   2.3636e+01   1.1694e+00   0.0000e+00   8.9497e-03   1.6426e+02
20261007_12:00:00   6.5824e-02   1.9807e+01   8.4098e-01   0.0000e+00   1.9476e-03   1.6363e+02
20261007_15:00:00   6.0874e-02   1.8662e+01   7.4811e-01   0.0000e+00   2.3730e-03   1.6646e+02
20261007_18:00:00   6.7405e-02   2.0114e+01   8.8280e-01   0.0000e+00   5.3193e-03   1.6438e+02
20261007_21:00:00   8.2810e-02   2.3574e+01   1.1640e+00   0.0000e+00   2.3222e-02   1.6530e+02
20261008_00:00:00   8.2233e-02   2.3447e+01   1.1460e+00   0.0000e+00   3.1322e-02   1.6387e+02
20261008_03:00:00   7.9248e-02   2.2748e+01   1.0828e+00   0.0000e+00   4.3479e-02   1.5778e+02
20261008_06:00:00   7.4927e-02   2.1727e+01   9.8654e-01   0.0000e+00   7.2299e-02   1.5608e+02
20261008_09:00:00   6.7977e-02   2.0146e+01   8.6371e-01   0.0000e+00   4.3299e-02   1.5564e+02
20261008_12:00:00   6.4875e-02   1.9425e+01   8.0707e-01   0.0000e+00   3.1923e-02   1.5524e+02
20261008_15:00:00   6.2201e-02   1.8813e+01   7.6488e-01   0.0000e+00   8.4986e-03   1.5457e+02
20261008_18:00:00   6.0775e-02   1.8474e+01   7.3984e-01   0.0000e+00   8.8668e-03   1.5445e+02
20261008_21:00:00   6.0315e-02   1.8372e+01   7.3798e-01   0.0000e+00   4.3069e-03   1.5111e+02
20261009_00:00:00   6.5891e-02   1.9647e+01   8.4582e-01   0.0000e+00   1.7873e-02   1.5033e+02
20261009_03:00:00   7.2047e-02   2.1062e+01   9.5903e-01   0.0000e+00   3.4041e-02   1.4995e+02
20261009_06:00:00   7.5097e-02   2.1778e+01   1.0098e+00   0.0000e+00   5.2599e-02   1.4923e+02
20261009_09:00:00   7.5696e-02   2.1927e+01   1.0219e+00   0.0000e+00   4.7636e-02   1.4900e+02
20261009_12:00:00   7.5094e-02   2.1800e+01   1.0209e+00   0.0000e+00   1.7403e-02   1.4722e+02
20261009_15:00:00   7.1993e-02   2.1117e+01   9.6474e-01   0.0000e+00   5.4002e-03   1.4810e+02
20261009_18:00:00   7.0678e-02   2.0790e+01   9.3991e-01   0.0000e+00   8.0154e-03   1.4783e+02
20261009_21:00:00   7.0915e-02   2.0817e+01   9.4414e-01   0.0000e+00   9.8779e-03   1.4880e+02
20261010_00:00:00   6.8839e-02   2.0335e+01   9.0719e-01   0.0000e+00   4.3383e-03   1.4901e+02
20261010_03:00:00   6.3826e-02   1.9192e+01   8.2178e-01   0.0000e+00   1.2343e-03   1.4844e+02
20261010_06:00:00   5.6364e-02   1.7483e+01   6.8845e-01   0.0000e+00   7.5221e-05   1.4832e+02
20261010_09:00:00   5.2700e-02   1.6618e+01   6.2249e-01   0.0000e+00   3.2632e-05   1.4810e+02
20261010_12:00:00   4.5447e-02   1.4942e+01   4.9048e-01   0.0000e+00   2.4474e-05   1.4957e+02
20261010_15:00:00   3.7573e-02   1.3094e+01   3.3763e-01   0.0000e+00   0.0000e+00   1.5043e+02
20261010_18:00:00   3.5861e-02   1.2677e+01   3.0519e-01   0.0000e+00   0.0000e+00   1.5139e+02
20261010_21:00:00   3.4720e-02   1.2399e+01   2.8495e-01   0.0000e+00   0.0000e+00   1.5200e+02
20261011_00:00:00   3.1718e-02   1.1679e+01   2.2787e-01   0.0000e+00   0.0000e+00   1.5275e+02
20261011_03:00:00   3.1257e-02   1.1569e+01   2.1871e-01   0.0000e+00   0.0000e+00   1.5432e+02
20261011_06:00:00   3.0492e-02   1.1384e+01   2.0195e-01   0.0000e+00   0.0000e+00   1.5426e+02
20261011_09:00:00   3.1960e-02   1.1734e+01   2.2430e-01   0.0000e+00   0.0000e+00   1.5473e+02
20261011_12:00:00   3.3431e-02   1.2081e+01   2.4791e-01   0.0000e+00   5.5870e-04   1.5649e+02
20261011_15:00:00   3.6064e-02   1.2705e+01   2.9541e-01   0.0000e+00   1.0968e-04   1.5604e+02
20261011_18:00:00   3.5895e-02   1.2652e+01   2.9325e-01   0.0000e+00   0.0000e+00   1.5672e+02
20261011_21:00:00   3.5141e-02   1.2470e+01   2.7843e-01   0.0000e+00   7.3410e-04   1.5938e+02
20261012_00:00:00   3.5806e-02   1.2622e+01   2.8879e-01   0.0000e+00   1.1583e-03   1.6035e+02
20261012_03:00:00   3.7242e-02   1.2945e+01   3.1644e-01   0.0000e+00   1.2179e-03   1.5780e+02
20261012_06:00:00   3.8246e-02   1.3162e+01   3.3501e-01   0.0000e+00   1.8380e-03   1.5726e+02
20261012_09:00:00   4.0784e-02   1.3736e+01   3.8199e-01   0.0000e+00   4.4212e-03   1.5730e+02
20261012_12:00:00   4.2225e-02   1.4064e+01   4.0361e-01   0.0000e+00   6.3354e-03   1.5712e+02
20261012_15:00:00   4.1654e-02   1.3928e+01   3.9012e-01   0.0000e+00   9.4005e-03   1.5994e+02
20261012_18:00:00   4.0829e-02   1.3741e+01   3.7401e-01   0.0000e+00   5.8925e-03   1.6014e+02
20261012_21:00:00   4.0988e-02   1.3774e+01   3.7772e-01   0.0000e+00   4.5423e-03   1.6429e+02
20261013_00:00:00   4.1289e-02   1.3836e+01   3.8303e-01   0.0000e+00   6.2831e-03   1.6666e+02
20261013_03:00:00   4.0816e-02   1.3721e+01   3.7374e-01   0.0000e+00   7.5518e-03   1.6664e+02
20261013_06:00:00   4.0317e-02   1.3600e+01   3.6497e-01   0.0000e+00   6.0251e-03   1.6691e+02
20261013_09:00:00   3.9964e-02   1.3511e+01   3.5906e-01   0.0000e+00   3.9491e-03   1.6867e+02
20261013_12:00:00   3.9413e-02   1.3375e+01   3.4830e-01   0.0000e+00   4.4926e-03   1.6971e+02
20261013_15:00:00   3.8832e-02   1.3234e+01   3.3747e-01   0.0000e+00   3.9633e-03   1.6938e+02
20261013_18:00:00   3.8276e-02   1.3101e+01   3.2799e-01   0.0000e+00   1.5331e-03   1.6941e+02
20261013_21:00:00   3.7719e-02   1.2972e+01   3.1793e-01   0.0000e+00   1.4545e-04   1.6912e+02
20261014_00:00:00   3.7497e-02   1.2916e+01   3.1479e-01   0.0000e+00   1.1509e-04   1.6980e+02
20261014_03:00:00   3.7073e-02   1.2814e+01   3.0716e-01   0.0000e+00   2.8899e-04   1.7177e+02
20261014_06:00:00   3.6439e-02   1.2668e+01   2.9542e-01   0.0000e+00   6.3863e-05   1.7162e+02
20261014_09:00:00   3.5798e-02   1.2517e+01   2.8432e-01   0.0000e+00   7.4453e-05   1.7074e+02
20261014_12:00:00   3.5062e-02   1.2348e+01   2.7165e-01   0.0000e+00   1.1662e-04   1.7004e+02
20261014_15:00:00   3.4334e-02   1.2186e+01   2.5928e-01   0.0000e+00   4.8429e-05   1.6818e+02
20261014_18:00:00   3.3445e-02   1.1988e+01   2.4343e-01   0.0000e+00   3.7900e-05   1.6964e+02
20261014_21:00:00   3.2417e-02   1.1762e+01   2.2584e-01   0.0000e+00   2.4474e-05   1.7310e+02
20261015_00:00:00   3.1307e-02   1.1520e+01   2.0749e-01   0.0000e+00   1.8695e-05   1.6775e+02
20261015_03:00:00   3.0454e-02   1.1333e+01   1.9638e-01   0.0000e+00   1.3426e-05   1.6637e+02
20261015_06:00:00   3.0481e-02   1.1354e+01   2.0705e-01   0.0000e+00   3.0598e-05   1.6112e+02
20261015_09:00:00   3.4035e-02   1.2187e+01   2.8859e-01   0.0000e+00   1.1039e-02   1.6309e+02
20261015_12:00:00   4.4182e-02   1.4542e+01   4.6917e-01   0.0000e+00   4.4870e-02   1.7045e+02
20261015_15:00:00   4.5155e-02   1.4763e+01   4.7943e-01   0.0000e+00   5.2630e-02   1.6990e+02
20261015_18:00:00   4.6045e-02   1.4987e+01   4.9598e-01   0.0000e+00   3.8001e-02   1.6997e+02
20261015_21:00:00   5.0282e-02   1.5995e+01   5.6874e-01   0.0000e+00   2.8543e-02   1.7009e+02
20261016_00:00:00   5.1701e-02   1.6330e+01   5.8678e-01   0.0000e+00   3.5089e-02   1.7026e+02
20261016_03:00:00   5.5093e-02   1.7133e+01   6.4420e-01   0.0000e+00   1.2545e-02   1.7420e+02
20261016_06:00:00   5.7155e-02   1.7625e+01   6.8085e-01   0.0000e+00   1.5213e-02   1.7419e+02
20261016_09:00:00   5.9577e-02   1.8197e+01   7.2940e-01   0.0000e+00   1.1629e-02   1.7140e+02
20261016_12:00:00   5.9967e-02   1.8272e+01   7.3738e-01   0.0000e+00   2.6755e-02   1.5970e+02
20261016_15:00:00   6.3082e-02   1.9000e+01   7.9392e-01   0.0000e+00   4.3908e-02   1.5947e+02
20261016_18:00:00   6.9465e-02   2.0440e+01   9.0677e-01   0.0000e+00   6.5574e-02   1.6100e+02
20261016_21:00:00   6.9292e-02   2.0395e+01   9.0700e-01   0.0000e+00   6.6670e-02   1.6275e+02
20261017_00:00:00   6.6486e-02   1.9757e+01   8.7249e-01   0.0000e+00   3.9354e-02   1.6102e+02
20261017_03:00:00   6.4966e-02   1.9396e+01   8.4800e-01   0.0000e+00   2.7864e-02   1.6119e+02
20261017_06:00:00   6.1921e-02   1.8711e+01   7.8698e-01   0.0000e+00   3.3914e-02   1.6289e+02
