#            date       tau255        Tb[K]      pwv[mm] lwp[kg*m^-2] iwp[kg*m^-2]       o3[DU]
20260805_12:00:00   4.2588e-02   1.4068e+01   3.9378e-01   0.0000e+00   2.8663e-02   2.7474e+02
20260805_13:00:00   4.1978e-02   1.3919e+01   3.8063e-01   0.0000e+00   2.8878e-02   2.7589e+02
20260805_14:00:00   4.1622e-02   1.3836e+01   3.7366e-01   0.0000e+00   2.6377e-02   2.7750e+02
20260805_15:00:00   4.1053e-02   1.3702e+01   3.6348e-01   0.0000e+00   2.0694e-02   2.7819e+02
20260805_16:00:00   4.0551e-02   1.3585e+01   3.5629e-01   0.0000e+00   1.3871e-02   2.7955e+02
20260805_17:00:00   3.9656e-02   1.3378e+01   3.4440e-01   0.0000e+00   7.6029e-03   2.8205e+02
20260805_18:00:00   3.8176e-02   1.3033e+01   3.2053e-01   0.0000e+00   3.9463e-03   2.8429e+02
20260805_19:00:00   3.6052e-02   1.2537e+01   2.8563e-01   0.0000e+00   3.6704e-04   2.8383e+02
20260805_20:00:00   3.2129e-02   1.1620e+01   2.1573e-01   0.0000e+00   1.6397e-05   2.8370e+02
20260805_21:00:00   2.7953e-02   1.0640e+01   1.3492e-01   0.0000e+00   8.2546e-06   2.8886e+02
20260805_22:00:00   2.6598e-02   1.0334e+01   1.0527e-01   0.0000e+00   8.2440e-06   2.9319e+02
20260805_23:00:00   2.6742e-02   1.0371e+01   1.0990e-01   0.0000e+00   8.1968e-06   2.9318e+02
20260806_00:00:00   2.7384e-02   1.0528e+01   1.2506e-01   0.0000e+00   8.1576e-06   2.9312e+02
20260806_01:00:00   2.8423e-02   1.0780e+01   1.4795e-01   0.0000e+00   8.2094e-06   2.9422e+02
20260806_02:00:00   3.1592e-02   1.1543e+01   2.1011e-01   0.0000e+00   8.3460e-06   2.8732e+02
20260806_03:00:00   3.5325e-02   1.2431e+01   2.7954e-01   0.0000e+00   1.3369e-05   2.8786e+02
20260806_04:00:00   3.5137e-02   1.2381e+01   2.7853e-01   0.0000e+00   2.8917e-05   2.9037e+02
20260806_05:00:00   3.5840e-02   1.2543e+01   2.9395e-01   0.0000e+00   4.5601e-04   2.9500e+02
20260806_06:00:00   3.6666e-02   1.2730e+01   3.0992e-01   0.0000e+00   2.3384e-03   2.9729e+02
20260806_07:00:00   3.7140e-02   1.2835e+01   3.1831e-01   0.0000e+00   3.6988e-03   3.0086e+02
20260806_08:00:00   3.7006e-02   1.2799e+01   3.1487e-01   0.0000e+00   4.3284e-03   3.0504e+02
20260806_09:00:00   3.5940e-02   1.2547e+01   2.9411e-01   0.0000e+00   2.6732e-03   3.0424e+02
20260806_10:00:00   3.3865e-02   1.2065e+01   2.5461e-01   0.0000e+00   1.6351e-04   3.0150e+02
20260806_11:00:00   3.1614e-02   1.1541e+01   2.0960e-01   0.0000e+00   8.5084e-06   2.9666e+02
20260806_12:00:00   2.8984e-02   1.0919e+01   1.6018e-01   0.0000e+00   5.2494e-06   2.8974e+02
20260806_13:00:00   2.7451e-02   1.0548e+01   1.3350e-01   0.0000e+00   8.5108e-06   2.8950e+02
20260806_14:00:00   2.9828e-02   1.1114e+01   1.7948e-01   0.0000e+00   5.2454e-06   2.8722e+02
20260806_15:00:00   3.1989e-02   1.1633e+01   2.1863e-01   0.0000e+00   8.5062e-06   2.8387e+02
20260806_16:00:00   3.2416e-02   1.1733e+01   2.2646e-01   0.0000e+00   8.5072e-06   2.8279e+02
20260806_17:00:00   3.2754e-02   1.1811e+01   2.3197e-01   0.0000e+00   1.9788e-06   2.8155e+02
20260806_18:00:00   3.2212e-02   1.1681e+01   2.2100e-01   0.0000e+00   1.2177e-05   2.7784e+02
20260806_19:00:00   3.1821e-02   1.1587e+01   2.1272e-01   0.0000e+00   8.5080e-06   2.7510e+02
20260806_20:00:00   3.1907e-02   1.1607e+01   2.1354e-01   0.0000e+00   1.8706e-05   2.7305e+02
20260806_21:00:00   3.1709e-02   1.1555e+01   2.0880e-01   0.0000e+00   8.5074e-06   2.7229e+02
20260806_22:00:00   3.1360e-02   1.1467e+01   2.0183e-01   0.0000e+00   8.5066e-06   2.7097e+02
20260806_23:00:00   3.0795e-02   1.1328e+01   1.9118e-01   0.0000e+00   8.5096e-06   2.6768e+02
20260807_00:00:00   2.9807e-02   1.1089e+01   1.7282e-01   0.0000e+00   8.5168e-06   2.6697e+02
20260807_01:00:00   2.9096e-02   1.0918e+01   1.5898e-01   0.0000e+00   8.5226e-06   2.6498e+02
20260807_02:00:00   2.9054e-02   1.0903e+01   1.5699e-01   0.0000e+00   5.2630e-06   2.6552e+02
20260807_03:00:00   2.9381e-02   1.0978e+01   1.6245e-01   0.0000e+00   8.5280e-06   2.6580e+02
20260807_04:00:00   2.9898e-02   1.1094e+01   1.7153e-01   0.0000e+00   1.0164e-05   2.6608e+02
20260807_05:00:00   3.0556e-02   1.1247e+01   1.8253e-01   0.0000e+00   8.5280e-06   2.6620e+02
20260807_06:00:00   3.1256e-02   1.1409e+01   1.9370e-01   0.0000e+00   1.6664e-05   2.6717e+02
20260807_07:00:00   3.1969e-02   1.1573e+01   2.0502e-01   0.0000e+00   1.3192e-05   2.6810e+02
20260807_08:00:00   3.2478e-02   1.1685e+01   2.1209e-01   0.0000e+00   2.3364e-05   2.6648e+02
20260807_09:00:00   3.2620e-02   1.1714e+01   2.1275e-01   0.0000e+00   2.6748e-05   2.6573e+02
20260807_10:00:00   3.2917e-02   1.1777e+01   2.1687e-01   0.0000e+00   2.6903e-05   2.6917e+02
20260807_11:00:00   3.3156e-02   1.1824e+01   2.2022e-01   0.0000e+00   4.3211e-05   2.7380e+02
20260807_12:00:00   3.3305e-02   1.1853e+01   2.2234e-01   0.0000e+00   3.0722e-05   2.7486e+02
20260807_13:00:00   3.3359e-02   1.1859e+01   2.2258e-01   0.0000e+00   3.6152e-05   2.7516e+02
20260807_14:00:00   3.3398e-02   1.1864e+01   2.2247e-01   0.0000e+00   4.2664e-05   2.7560e+02
20260807_15:00:00   3.3286e-02   1.1837e+01   2.1937e-01   0.0000e+00   4.2966e-05   2.7772e+02
20260807_16:00:00   3.3061e-02   1.1786e+01   2.1480e-01   0.0000e+00   3.6607e-05   2.7730e+02
20260807_17:00:00   3.2729e-02   1.1711e+01   2.0878e-01   0.0000e+00   4.2733e-05   2.7617e+02
20260807_18:00:00   3.2414e-02   1.1638e+01   2.0300e-01   0.0000e+00   4.2432e-05   2.7545e+02
20260807_19:00:00   3.2111e-02   1.1568e+01   1.9755e-01   0.0000e+00   4.3004e-05   2.7443e+02
20260807_20:00:00   3.1549e-02   1.1438e+01   1.8717e-01   0.0000e+00   3.7018e-05   2.7739e+02
20260807_21:00:00   3.0742e-02   1.1251e+01   1.7147e-01   0.0000e+00   1.8655e-05   2.8131e+02
20260807_22:00:00   2.9965e-02   1.1072e+01   1.5750e-01   0.0000e+00   1.9944e-06   2.7962e+02
20260807_23:00:00   2.9633e-02   1.0995e+01   1.5190e-01   0.0000e+00   8.4374e-06   2.7617e+02
20260808_00:00:00   2.9476e-02   1.0959e+01   1.4932e-01   0.0000e+00   1.6440e-06   2.7119e+02
20260808_01:00:00   2.9467e-02   1.0960e+01   1.4935e-01   0.0000e+00   7.8598e-06   2.6640e+02
20260808_02:00:00   2.9508e-02   1.0972e+01   1.5003e-01   0.0000e+00   1.4320e-05   2.6566e+02
20260808_03:00:00   2.9533e-02   1.0980e+01   1.5033e-01   0.0000e+00   1.5834e-05   2.6692e+02
20260808_04:00:00   2.9523e-02   1.0981e+01   1.5102e-01   0.0000e+00   8.5900e-07   2.6457e+02
20260808_05:00:00   2.9571e-02   1.0994e+01   1.5354e-01   0.0000e+00   8.4630e-06   2.6073e+02
20260808_06:00:00   2.9896e-02   1.1073e+01   1.6126e-01   0.0000e+00   8.3856e-06   2.5972e+02
20260808_07:00:00   3.0583e-02   1.1236e+01   1.7515e-01   0.0000e+00   8.3018e-06   2.6218e+02
20260808_08:00:00   3.1717e-02   1.1507e+01   1.9774e-01   0.0000e+00   1.6394e-05   2.6181e+02
20260808_09:00:00   3.2669e-02   1.1735e+01   2.1661e-01   0.0000e+00   1.6372e-05   2.6013e+02
20260808_10:00:00   3.3283e-02   1.1883e+01   2.2926e-01   0.0000e+00   2.4508e-05   2.5973e+02
20260808_11:00:00   3.4277e-02   1.2124e+01   2.4809e-01   0.0000e+00   7.3441e-05   2.6113e+02
20260808_12:00:00   3.5580e-02   1.2437e+01   2.7154e-01   0.0000e+00   1.3053e-04   2.6201e+02
20260808_13:00:00   3.6734e-02   1.2708e+01   2.9228e-01   0.0000e+00   1.4066e-04   2.6218e+02
20260808_14:00:00   3.6673e-02   1.2696e+01   2.9097e-01   0.0000e+00   9.1719e-05   2.6265e+02
20260808_15:00:00   3.5757e-02   1.2484e+01   2.7446e-01   0.0000e+00   4.2791e-05   2.6541e+02
20260808_16:00:00   3.4789e-02   1.2260e+01   2.5815e-01   0.0000e+00   2.6481e-05   2.6466e+02
20260808_17:00:00   3.4026e-02   1.2082e+01   2.4527e-01   0.0000e+00   1.6316e-05   2.6283e+02
20260808_18:00:00   3.3434e-02   1.1942e+01   2.3519e-01   0.0000e+00   1.6316e-05   2.6393e+02
20260808_19:00:00   3.2908e-02   1.1816e+01   2.2590e-01   0.0000e+00   1.4684e-05   2.6627e+02
20260808_20:00:00   3.2578e-02   1.1741e+01   2.2080e-01   0.0000e+00   1.1421e-05   2.6752e+02
20260808_21:00:00   3.2449e-02   1.1709e+01   2.1878e-01   0.0000e+00   1.4684e-05   2.6715e+02
20260808_22:00:00   3.2500e-02   1.1721e+01   2.2014e-01   0.0000e+00   8.1580e-06   2.6557e+02
20260808_23:00:00   3.2555e-02   1.1732e+01   2.2151e-01   0.0000e+00   1.6316e-05   2.6378e+02
20260809_00:00:00   3.2584e-02   1.1735e+01   2.2193e-01   0.0000e+00   1.6316e-05   2.6347e+02
20260809_01:00:00   3.2566e-02   1.1727e+01   2.2140e-01   0.0000e+00   1.6317e-05   2.6421e+02
20260809_02:00:00   3.2513e-02   1.1710e+01   2.1978e-01   0.0000e+00   1.6319e-05   2.6555e+02
20260809_03:00:00   3.2389e-02   1.1674e+01   2.1675e-01   0.0000e+00   1.6323e-05   2.6765e+02
20260809_04:00:00   3.2170e-02   1.1621e+01   2.1258e-01   0.0000e+00   2.4478e-05   2.6966e+02
20260809_05:00:00   3.1943e-02   1.1563e+01   2.0733e-01   0.0000e+00   3.4643e-05   2.6925e+02
20260809_06:00:00   3.1403e-02   1.1436e+01   1.9599e-01   0.0000e+00   2.6591e-05   2.6922e+02
20260809_07:00:00   3.0809e-02   1.1288e+01   1.8289e-01   0.0000e+00   1.8380e-05   2.6864e+02
20260809_08:00:00   3.0286e-02   1.1156e+01   1.7214e-01   0.0000e+00   1.1484e-05   2.6682e+02
20260809_09:00:00   2.9676e-02   1.1009e+01   1.5955e-01   0.0000e+00   8.2043e-06   2.6572e+02
20260809_10:00:00   2.9420e-02   1.0943e+01   1.5249e-01   0.0000e+00   8.2340e-06   2.6365e+02
20260809_11:00:00   2.9646e-02   1.0991e+01   1.5536e-01   0.0000e+00   8.1730e-06   2.6394e+02
20260809_12:00:00   2.9812e-02   1.1026e+01   1.5766e-01   0.0000e+00   8.1653e-06   2.6503e+02
20260809_13:00:00   2.9959e-02   1.1056e+01   1.5976e-01   0.0000e+00   5.6999e-05   2.6516e+02
20260809_14:00:00   2.9888e-02   1.1036e+01   1.5831e-01   0.0000e+00   2.0140e-04   2.6657e+02
20260809_15:00:00   2.9332e-02   1.0905e+01   1.4817e-01   0.0000e+00   2.7301e-04   2.6821e+02
20260809_16:00:00   2.8744e-02   1.0768e+01   1.3702e-01   0.0000e+00   4.4869e-04   2.6918e+02
20260809_17:00:00   2.8296e-02   1.0663e+01   1.2792e-01   0.0000e+00   6.0241e-04   2.6950e+02
20260809_18:00:00   2.8194e-02   1.0637e+01   1.2449e-01   0.0000e+00   9.7909e-04   2.6910e+02
20260809_19:00:00   2.8299e-02   1.0663e+01   1.2571e-01   0.0000e+00   9.6746e-04   2.6755e+02
20260809_20:00:00   2.8368e-02   1.0676e+01   1.2587e-01   0.0000e+00   1.3646e-03   2.6694e+02
20260809_21:00:00   2.8294e-02   1.0659e+01   1.2429e-01   0.0000e+00   1.5592e-03   2.6780e+02
20260809_22:00:00   2.8318e-02   1.0665e+01   1.2437e-01   0.0000e+00   1.7704e-03   2.6800e+02
20260809_23:00:00   2.8574e-02   1.0728e+01   1.2884e-01   0.0000e+00   1.9342e-03   2.6812e+02
20260810_00:00:00   2.8882e-02   1.0798e+01   1.3377e-01   0.0000e+00   2.3795e-03   2.6787e+02
20260810_01:00:00   2.8960e-02   1.0814e+01   1.3454e-01   0.0000e+00   2.6283e-03   2.6898e+02
20260810_02:00:00   2.9054e-02   1.0837e+01   1.3658e-01   0.0000e+00   2.7323e-03   2.6960e+02
20260810_03:00:00   2.9179e-02   1.0866e+01   1.3870e-01   0.0000e+00   2.6872e-03   2.6926e+02
20260810_04:00:00   2.9297e-02   1.0893e+01   1.4115e-01   0.0000e+00   2.8243e-03   2.6959e+02
20260810_05:00:00   2.9388e-02   1.0914e+01   1.4315e-01   0.0000e+00   2.8555e-03   2.7072e+02
20260810_06:00:00   2.9581e-02   1.0960e+01   1.4704e-01   0.0000e+00   2.9780e-03   2.7078e+02
20260810_07:00:00   2.9791e-02   1.1009e+01   1.5123e-01   0.0000e+00   3.0405e-03   2.7013e+02
20260810_08:00:00   3.0056e-02   1.1073e+01   1.5676e-01   0.0000e+00   2.8609e-03   2.7136e+02
20260810_09:00:00   3.0293e-02   1.1127e+01   1.6145e-01   0.0000e+00   3.1008e-03   2.7216e+02
20260810_10:00:00   3.0494e-02   1.1176e+01   1.6618e-01   0.0000e+00   2.8984e-03   2.7198e+02
20260810_11:00:00   3.0664e-02   1.1217e+01   1.7025e-01   0.0000e+00   2.8713e-03   2.7354e+02
20260810_12:00:00   3.0899e-02   1.1271e+01   1.7571e-01   0.0000e+00   2.7517e-03   2.7360e+02
20260810_15:00:00   3.2116e-02   1.1554e+01   2.0173e-01   0.0000e+00   3.2366e-03   2.7256e+02
20260810_18:00:00   3.2540e-02   1.1656e+01   2.0986e-01   0.0000e+00   5.3331e-03   2.7176e+02
20260810_21:00:00   3.3132e-02   1.1798e+01   2.2080e-01   0.0000e+00   9.4037e-03   2.7296e+02
20260811_00:00:00   3.3839e-02   1.1966e+01   2.3140e-01   0.0000e+00   1.8379e-02   2.7020e+02
20260811_03:00:00   3.4297e-02   1.2082e+01   2.4127e-01   0.0000e+00   1.6888e-02   2.7048e+02
20260811_06:00:00   3.5099e-02   1.2281e+01   2.6047e-01   0.0000e+00   1.1476e-02   2.7058e+02
20260811_09:00:00   3.6251e-02   1.2560e+01   2.8160e-01   0.0000e+00   1.5281e-02   2.7256e+02
20260811_12:00:00   3.7830e-02   1.2936e+01   3.0888e-01   0.0000e+00   2.2423e-02   2.7309e+02
20260811_15:00:00   3.8242e-02   1.3041e+01   3.1786e-01   0.0000e+00   1.8111e-02   2.6818e+02
20260811_18:00:00   3.8000e-02   1.2986e+01   3.1124e-01   0.0000e+00   1.5452e-02   2.6949e+02
20260811_21:00:00   3.7632e-02   1.2900e+01   3.0347e-01   0.0000e+00   1.3015e-02   2.7210e+02
20260812_00:00:00   3.7246e-02   1.2811e+01   2.9437e-01   0.0000e+00   1.2681e-02   2.7578e+02
20260812_03:00:00   3.7076e-02   1.2773e+01   2.9059e-01   0.0000e+00   1.0830e-02   2.7649e+02
20260812_06:00:00   3.6930e-02   1.2738e+01   2.8789e-01   0.0000e+00   8.2862e-03   2.7538e+02
20260812_09:00:00   3.6704e-02   1.2685e+01   2.8440e-01   0.0000e+00   3.9043e-03   2.7775e+02
20260812_12:00:00   3.6334e-02   1.2597e+01   2.7828e-01   0.0000e+00   1.2968e-03   2.7709e+02
20260812_15:00:00   3.5995e-02   1.2519e+01   2.7285e-01   0.0000e+00   1.4404e-04   2.7281e+02
20260812_18:00:00   3.4864e-02   1.2257e+01   2.5383e-01   0.0000e+00   3.4491e-05   2.7171e+02
20260812_21:00:00   3.2684e-02   1.1746e+01   2.1554e-01   0.0000e+00   2.3632e-05   2.7803e+02
20260813_00:00:00   2.9614e-02   1.1028e+01   1.5713e-01   0.0000e+00   8.0294e-06   2.7911e+02
20260813_03:00:00   2.6848e-02   1.0377e+01   1.0656e-01   0.0000e+00   7.7258e-06   2.7480e+02
20260813_06:00:00   2.5494e-02   1.0057e+01   8.5350e-02   0.0000e+00   7.1516e-06   2.6881e+02
20260813_09:00:00   2.6055e-02   1.0201e+01   9.7698e-02   0.0000e+00   7.9134e-06   2.6800e+02
20260813_12:00:00   2.5687e-02   1.0123e+01   9.3412e-02   0.0000e+00   7.8926e-06   2.6577e+02
20260813_15:00:00   2.6009e-02   1.0209e+01   1.0087e-01   0.0000e+00   7.5434e-06   2.7623e+02
20260813_18:00:00   2.6592e-02   1.0351e+01   1.1415e-01   0.0000e+00   4.0478e-06   2.7892e+02
20260813_21:00:00   2.7859e-02   1.0654e+01   1.4018e-01   0.0000e+00   6.7886e-06   2.8626e+02
20260814_00:00:00   2.9106e-02   1.0951e+01   1.6364e-01   0.0000e+00   6.7708e-06   2.8557e+02
20260814_03:00:00   2.9768e-02   1.1109e+01   1.7220e-01   0.0000e+00   6.6728e-06   2.8286e+02
20260814_06:00:00   2.9775e-02   1.1104e+01   1.6874e-01   0.0000e+00   3.4946e-06   2.7911e+02
20260814_09:00:00   2.9292e-02   1.0980e+01   1.5824e-01   0.0000e+00   6.6582e-06   2.7756e+02
20260814_12:00:00   2.8030e-02   1.0669e+01   1.3389e-01   0.0000e+00   6.6304e-06   2.7607e+02
20260814_15:00:00   2.6403e-02   1.0273e+01   1.0278e-01   0.0000e+00   6.8882e-06   2.7172e+02
20260814_18:00:00   2.6681e-02   1.0337e+01   1.0624e-01   0.0000e+00   6.7952e-06   2.7520e+02
20260814_21:00:00   2.7490e-02   1.0534e+01   1.2105e-01   0.0000e+00   6.8082e-06   2.8117e+02
20260815_00:00:00   2.7158e-02   1.0454e+01   1.1409e-01   0.0000e+00   8.5660e-08   2.8409e+02
20260815_03:00:00   2.9777e-02   1.1084e+01   1.6306e-01   0.0000e+00   7.3100e-06   2.7912e+02
20260815_06:00:00   3.1903e-02   1.1594e+01   2.0575e-01   0.0000e+00   7.4006e-06   2.7679e+02
20260815_09:00:00   3.3103e-02   1.1890e+01   2.2852e-01   0.0000e+00   7.4608e-06   2.7691e+02
20260815_12:00:00   3.2321e-02   1.1716e+01   2.1396e-01   0.0000e+00   1.0968e-06   2.7554e+02
20260815_15:00:00   3.4880e-02   1.2315e+01   2.6008e-01   0.0000e+00   1.3176e-06   2.8082e+02
20260815_18:00:00   3.2381e-02   1.1719e+01   2.1008e-01   0.0000e+00   1.6390e-06   2.7880e+02
20260815_21:00:00   3.0249e-02   1.1197e+01   1.6856e-01   0.0000e+00   8.4988e-06   2.7984e+02
20260816_00:00:00   3.0976e-02   1.1347e+01   1.8046e-01   0.0000e+00   1.9934e-06   2.7982e+02
20260816_03:00:00   3.1439e-02   1.1438e+01   1.8877e-01   0.0000e+00   1.6604e-05   2.8431e+02
20260816_06:00:00   3.1934e-02   1.1539e+01   1.9709e-01   0.0000e+00   5.6738e-05   2.8386e+02
20260816_09:00:00   3.2070e-02   1.1570e+01   1.9966e-01   0.0000e+00   4.8310e-05   2.8692e+02
20260816_12:00:00   3.1570e-02   1.1456e+01   1.9135e-01   0.0000e+00   7.3092e-06   2.9065e+02
20260816_15:00:00   3.0657e-02   1.1244e+01   1.7474e-01   0.0000e+00   5.9720e-07   2.8934e+02
20260816_18:00:00   3.0351e-02   1.1173e+01   1.6849e-01   0.0000e+00   6.7740e-06   2.9463e+02
20260816_21:00:00   3.0247e-02   1.1151e+01   1.6717e-01   0.0000e+00   6.7022e-06   2.9470e+02
20260817_00:00:00   3.0483e-02   1.1208e+01   1.7208e-01   0.0000e+00   6.7234e-06   2.9418e+02
20260817_03:00:00   3.0328e-02   1.1181e+01   1.7057e-01   0.0000e+00   6.6272e-06   2.9180e+02
20260817_06:00:00   3.0498e-02   1.1223e+01   1.7535e-01   0.0000e+00   6.5994e-06   2.8870e+02
20260817_09:00:00   3.0169e-02   1.1155e+01   1.7305e-01   0.0000e+00   6.8426e-06   2.7596e+02
20260817_12:00:00   2.9869e-02   1.1090e+01   1.6787e-01   0.0000e+00   6.8262e-06   2.7273e+02
20260817_15:00:00   2.9059e-02   1.0918e+01   1.5295e-01   0.0000e+00   7.4168e-06   2.7715e+02
20260817_18:00:00   2.8638e-02   1.0823e+01   1.4915e-01   0.0000e+00   7.3222e-06   2.7402e+02
20260817_21:00:00   2.8841e-02   1.0877e+01   1.5871e-01   0.0000e+00   6.9012e-06   2.7048e+02
20260818_00:00:00   3.0503e-02   1.1281e+01   1.9491e-01   0.0000e+00   7.3092e-06   2.7489e+02
20260818_03:00:00   3.4065e-02   1.2127e+01   2.6964e-01   0.0000e+00   2.0839e-05   2.6672e+02
20260818_06:00:00   3.5288e-02   1.2429e+01   2.8923e-01   0.0000e+00   3.4702e-05   2.6307e+02
20260818_09:00:00   3.3461e-02   1.2001e+01   2.5319e-01   0.0000e+00   2.1620e-07   2.6369e+02
20260818_12:00:00   3.2118e-02   1.1690e+01   2.2778e-01   0.0000e+00   6.5994e-06   2.6360e+02
20260818_15:00:00   3.2168e-02   1.1701e+01   2.3069e-01   0.0000e+00   6.7153e-06   2.6232e+02
20260818_18:00:00   3.2523e-02   1.1785e+01   2.3915e-01   0.0000e+00   3.2630e-06   2.6279e+02
20260818_21:00:00   3.1916e-02   1.1652e+01   2.2663e-01   0.0000e+00   3.2630e-06   2.6454e+02
20260819_00:00:00   3.0503e-02   1.1324e+01   1.9679e-01   0.0000e+00   6.6157e-06   2.6168e+02
20260819_03:00:00   3.0782e-02   1.1389e+01   2.0169e-01   0.0000e+00   6.5358e-06   2.6167e+02
20260819_06:00:00   3.2804e-02   1.1856e+01   2.3773e-01   0.0000e+00   6.8520e-08   2.6258e+02
20260819_09:00:00   3.4791e-02   1.2311e+01   2.7566e-01   0.0000e+00   7.8059e-05   2.6530e+02
20260819_12:00:00   3.5563e-02   1.2461e+01   2.8818e-01   0.0000e+00   2.2477e-04   2.6578e+02
20260819_15:00:00   2.8951e-02   1.0873e+01   1.6014e-01   0.0000e+00   2.8159e-04   2.6910e+02
20260819_18:00:00   2.7736e-02   1.0571e+01   1.3239e-01   0.0000e+00   1.8152e-04   2.6684e+02
20260819_21:00:00   2.7287e-02   1.0463e+01   1.2018e-01   0.0000e+00   8.8100e-09   2.7488e+02
20260820_00:00:00   2.7223e-02   1.0462e+01   1.1422e-01   0.0000e+00   4.4060e-09   2.8308e+02
20260820_03:00:00   2.8120e-02   1.0692e+01   1.3141e-01   0.0000e+00   8.1580e-10   2.7357e+02
20260820_06:00:00   2.9812e-02   1.1116e+01   1.6717e-01   0.0000e+00   6.5260e-06   2.7293e+02
20260820_09:00:00   3.2020e-02   1.1668e+01   2.1150e-01   0.0000e+00   6.5741e-06   2.6542e+02
20260820_12:00:00   2.7615e-02   1.0604e+01   1.3489e-01   0.0000e+00   6.9722e-06   2.5798e+02
20260820_15:00:00   3.3276e-02   1.1957e+01   2.4230e-01   0.0000e+00   6.6378e-06   2.5708e+02
20260820_18:00:00   3.2963e-02   1.1883e+01   2.3468e-01   0.0000e+00   8.9740e-08   2.6206e+02
20260820_21:00:00   3.2707e-02   1.1819e+01   2.3034e-01   0.0000e+00   1.4276e-08   2.6804e+02
20260821_00:00:00   3.2772e-02   1.1833e+01   2.3176e-01   0.0000e+00   9.1360e-08   2.7000e+02
20260821_03:00:00   3.2658e-02   1.1802e+01   2.2970e-01   0.0000e+00   1.1666e-08   2.7527e+02
20260821_06:00:00   3.3841e-02   1.2069e+01   2.5042e-01   0.0000e+00   4.0780e-09   2.7213e+02
20260821_09:00:00   3.3286e-02   1.1928e+01   2.3712e-01   0.0000e+00   1.4690e-05   2.7428e+02
20260821_12:00:00   2.9914e-02   1.1122e+01   1.7307e-01   0.0000e+00   6.5480e-06   2.7856e+02
