#            date       tau255        Tb[K]      pwv[mm] lwp[kg*m^-2] iwp[kg*m^-2]       o3[DU]
20260912_06:00:00   2.6036e-02   1.0150e+01   1.0083e-01   0.0000e+00   1.6462e-07   2.5365e+02
20260912_07:00:00   2.6104e-02   1.0167e+01   1.0160e-01   0.0000e+00   1.5500e-07   2.5237e+02
20260912_08:00:00   2.6224e-02   1.0194e+01   1.0371e-01   0.0000e+00   1.4358e-07   2.4853e+02
20260912_09:00:00   2.6370e-02   1.0229e+01   1.0667e-01   0.0000e+00   1.3868e-07   2.4286e+02
20260912_10:00:00   2.6479e-02   1.0254e+01   1.0929e-01   0.0000e+00   1.2074e-07   2.3479e+02
20260912_11:00:00   2.6957e-02   1.0366e+01   1.1946e-01   0.0000e+00   7.5060e-08   2.2956e+02
20260912_12:00:00   2.7769e-02   1.0558e+01   1.3707e-01   0.0000e+00   1.6373e-05   2.1632e+02
20260912_13:00:00   2.8268e-02   1.0678e+01   1.4876e-01   0.0000e+00   2.4548e-05   1.9893e+02
20260912_14:00:00   2.8364e-02   1.0700e+01   1.5068e-01   0.0000e+00   1.6428e-05   1.9950e+02
20260912_15:00:00   2.8110e-02   1.0638e+01   1.4502e-01   0.0000e+00   1.2074e-07   2.0974e+02
20260912_16:00:00   2.7644e-02   1.0526e+01   1.3507e-01   0.0000e+00   1.0302e-05   2.2153e+02
20260912_17:00:00   2.7280e-02   1.0442e+01   1.2810e-01   0.0000e+00   8.2253e-06   2.2750e+02
20260912_18:00:00   2.6975e-02   1.0375e+01   1.2284e-01   0.0000e+00   4.0780e-09   2.2336e+02
20260912_19:00:00   2.6789e-02   1.0338e+01   1.2040e-01   0.0000e+00   0.0000e+00   2.0898e+02
20260912_20:00:00   2.6925e-02   1.0374e+01   1.2387e-01   0.0000e+00   0.0000e+00   2.0238e+02
20260912_21:00:00   2.7067e-02   1.0411e+01   1.2681e-01   0.0000e+00   4.0802e-05   1.9951e+02
20260912_22:00:00   2.7017e-02   1.0405e+01   1.2622e-01   0.0000e+00   1.0218e-05   1.9856e+02
20260912_23:00:00   2.6928e-02   1.0394e+01   1.2561e-01   0.0000e+00   2.0436e-05   2.0097e+02
20260913_00:00:00   2.6943e-02   1.0406e+01   1.2719e-01   0.0000e+00   7.1425e-05   2.0028e+02
20260913_01:00:00   2.7071e-02   1.0445e+01   1.3197e-01   0.0000e+00   1.6323e-04   1.9556e+02
20260913_02:00:00   2.7448e-02   1.0541e+01   1.4182e-01   0.0000e+00   2.2440e-04   1.9266e+02
20260913_03:00:00   2.7788e-02   1.0627e+01   1.5034e-01   0.0000e+00   1.5300e-04   1.9214e+02
20260913_04:00:00   2.8334e-02   1.0761e+01   1.6357e-01   0.0000e+00   1.0198e-04   1.9274e+02
20260913_05:00:00   2.9126e-02   1.0951e+01   1.8166e-01   0.0000e+00   9.3807e-04   1.9518e+02
20260913_06:00:00   2.9882e-02   1.1130e+01   1.9705e-01   0.0000e+00   4.4769e-03   1.9507e+02
20260913_07:00:00   3.0656e-02   1.1314e+01   2.1162e-01   0.0000e+00   7.7599e-03   1.9523e+02
20260913_08:00:00   3.1704e-02   1.1565e+01   2.3125e-01   0.0000e+00   1.1275e-02   1.9603e+02
20260913_09:00:00   3.2664e-02   1.1790e+01   2.4831e-01   0.0000e+00   1.4914e-02   1.9743e+02
20260913_10:00:00   3.3419e-02   1.1969e+01   2.6158e-01   0.0000e+00   1.6444e-02   1.9680e+02
20260913_11:00:00   3.4301e-02   1.2175e+01   2.7523e-01   0.0000e+00   2.0011e-02   1.9660e+02
20260913_12:00:00   3.5121e-02   1.2367e+01   2.8888e-01   0.0000e+00   2.1340e-02   1.9614e+02
20260913_13:00:00   3.5574e-02   1.2469e+01   2.9570e-01   0.0000e+00   2.2447e-02   1.9597e+02
20260913_14:00:00   3.6068e-02   1.2584e+01   3.0417e-01   0.0000e+00   2.1119e-02   1.9681e+02
20260913_15:00:00   3.6552e-02   1.2697e+01   3.1267e-01   0.0000e+00   1.9926e-02   1.9638e+02
20260913_16:00:00   3.6834e-02   1.2762e+01   3.1777e-01   0.0000e+00   1.7770e-02   1.9765e+02
20260913_17:00:00   3.6834e-02   1.2760e+01   3.1780e-01   0.0000e+00   1.5231e-02   1.9847e+02
20260913_18:00:00   3.6606e-02   1.2705e+01   3.1357e-01   0.0000e+00   1.4388e-02   1.9909e+02
20260913_19:00:00   3.5857e-02   1.2526e+01   2.9911e-01   0.0000e+00   1.4367e-02   2.0024e+02
20260913_20:00:00   3.5085e-02   1.2346e+01   2.8652e-01   0.0000e+00   1.0244e-02   2.0025e+02
20260913_21:00:00   3.3578e-02   1.1984e+01   2.5880e-01   0.0000e+00   7.1031e-03   2.0043e+02
20260913_22:00:00   3.2056e-02   1.1621e+01   2.3014e-01   0.0000e+00   6.2061e-03   2.0208e+02
20260913_23:00:00   3.1091e-02   1.1388e+01   2.1115e-01   0.0000e+00   5.4345e-03   2.0575e+02
20260914_00:00:00   3.0775e-02   1.1310e+01   2.0379e-01   0.0000e+00   6.6000e-03   2.0673e+02
20260914_01:00:00   3.0868e-02   1.1333e+01   2.0533e-01   0.0000e+00   6.8343e-03   2.0616e+02
20260914_02:00:00   3.0689e-02   1.1285e+01   2.0049e-01   0.0000e+00   6.4990e-03   2.0500e+02
20260914_03:00:00   3.0376e-02   1.1210e+01   1.9440e-01   0.0000e+00   5.0413e-03   2.0324e+02
20260914_04:00:00   2.9941e-02   1.1103e+01   1.8568e-01   0.0000e+00   3.3687e-03   2.0209e+02
20260914_05:00:00   2.9076e-02   1.0894e+01   1.6755e-01   0.0000e+00   1.5948e-03   2.0158e+02
20260914_06:00:00   2.7941e-02   1.0624e+01   1.4410e-01   0.0000e+00   1.6728e-04   2.0104e+02
20260914_07:00:00   2.7319e-02   1.0477e+01   1.3065e-01   0.0000e+00   7.9575e-05   2.0245e+02
20260914_08:00:00   2.7278e-02   1.0466e+01   1.2854e-01   0.0000e+00   1.4280e-04   2.0431e+02
20260914_09:00:00   2.7401e-02   1.0492e+01   1.3019e-01   0.0000e+00   1.3260e-04   2.0257e+02
20260914_10:00:00   2.7513e-02   1.0515e+01   1.3174e-01   0.0000e+00   5.1018e-05   1.9641e+02
20260914_11:00:00   2.7620e-02   1.0539e+01   1.3336e-01   0.0000e+00   1.0256e-05   1.9146e+02
20260914_12:00:00   2.7692e-02   1.0553e+01   1.3429e-01   0.0000e+00   2.2840e-08   1.8920e+02
20260914_13:00:00   2.7693e-02   1.0551e+01   1.3416e-01   0.0000e+00   3.2640e-09   1.8785e+02
20260914_14:00:00   2.7618e-02   1.0531e+01   1.3206e-01   0.0000e+00   0.0000e+00   1.8804e+02
20260914_15:00:00   2.7415e-02   1.0479e+01   1.2716e-01   0.0000e+00   0.0000e+00   1.8712e+02
20260914_16:00:00   2.7220e-02   1.0429e+01   1.2238e-01   0.0000e+00   0.0000e+00   1.8521e+02
20260914_17:00:00   2.7107e-02   1.0396e+01   1.1965e-01   0.0000e+00   0.0000e+00   1.8432e+02
20260914_18:00:00   2.7139e-02   1.0398e+01   1.1974e-01   0.0000e+00   0.0000e+00   1.8496e+02
20260914_19:00:00   2.7216e-02   1.0412e+01   1.2125e-01   0.0000e+00   0.0000e+00   1.8589e+02
20260914_20:00:00   2.7435e-02   1.0455e+01   1.2438e-01   0.0000e+00   0.0000e+00   1.8819e+02
20260914_21:00:00   2.7583e-02   1.0483e+01   1.2601e-01   0.0000e+00   0.0000e+00   1.8859e+02
20260914_22:00:00   2.7687e-02   1.0503e+01   1.2657e-01   0.0000e+00   1.0727e-05   1.8756e+02
20260914_23:00:00   2.7870e-02   1.0543e+01   1.2858e-01   0.0000e+00   1.0699e-05   1.8682e+02
20260915_00:00:00   2.8159e-02   1.0608e+01   1.3286e-01   0.0000e+00   1.0675e-05   1.8672e+02
20260915_01:00:00   2.8443e-02   1.0670e+01   1.3688e-01   0.0000e+00   3.1950e-05   1.8626e+02
20260915_02:00:00   2.8510e-02   1.0682e+01   1.3716e-01   0.0000e+00   4.8196e-05   1.8530e+02
20260915_03:00:00   2.8402e-02   1.0656e+01   1.3480e-01   0.0000e+00   4.8126e-05   1.8671e+02
20260915_04:00:00   2.8230e-02   1.0617e+01   1.3135e-01   0.0000e+00   2.9346e-05   1.8974e+02
20260915_05:00:00   2.8156e-02   1.0599e+01   1.2938e-01   0.0000e+00   3.7434e-05   1.9177e+02
20260915_06:00:00   2.8087e-02   1.0583e+01   1.2762e-01   0.0000e+00   3.4498e-05   1.9127e+02
20260915_07:00:00   2.7993e-02   1.0563e+01   1.2570e-01   0.0000e+00   2.9186e-05   1.9051e+02
20260915_08:00:00   2.7930e-02   1.0549e+01   1.2423e-01   0.0000e+00   5.0178e-05   1.8942e+02
20260915_09:00:00   2.7890e-02   1.0543e+01   1.2350e-01   0.0000e+00   3.1500e-05   1.8902e+02
20260915_10:00:00   2.7861e-02   1.0539e+01   1.2275e-01   0.0000e+00   2.0988e-05   1.8974e+02
20260915_11:00:00   2.7848e-02   1.0539e+01   1.2235e-01   0.0000e+00   4.1960e-05   1.9083e+02
20260915_12:00:00   2.7833e-02   1.0539e+01   1.2199e-01   0.0000e+00   4.1990e-05   1.9096e+02
20260915_13:00:00   2.7887e-02   1.0556e+01   1.2290e-01   0.0000e+00   2.0998e-05   1.9050e+02
20260915_14:00:00   2.7953e-02   1.0576e+01   1.2411e-01   0.0000e+00   2.1018e-05   1.9028e+02
20260915_15:00:00   2.7987e-02   1.0590e+01   1.2518e-01   0.0000e+00   2.1068e-05   1.9152e+02
20260915_16:00:00   2.8055e-02   1.0610e+01   1.2676e-01   0.0000e+00   1.0555e-05   1.9207e+02
20260915_17:00:00   2.8132e-02   1.0635e+01   1.2886e-01   0.0000e+00   1.0589e-05   1.9313e+02
20260915_18:00:00   2.8228e-02   1.0664e+01   1.3116e-01   0.0000e+00   1.0609e-05   1.9228e+02
20260915_19:00:00   2.8286e-02   1.0684e+01   1.3282e-01   0.0000e+00   1.8796e-05   1.9232e+02
20260915_20:00:00   2.8395e-02   1.0714e+01   1.3499e-01   0.0000e+00   1.8814e-05   1.9099e+02
20260915_21:00:00   2.8513e-02   1.0747e+01   1.3781e-01   0.0000e+00   4.0249e-05   1.9052e+02
20260915_22:00:00   2.8589e-02   1.0772e+01   1.4035e-01   0.0000e+00   1.8901e-05   1.8935e+02
20260915_23:00:00   2.9011e-02   1.0878e+01   1.4898e-01   0.0000e+00   4.0489e-05   1.8760e+02
20260916_00:00:00   2.9701e-02   1.1045e+01   1.6255e-01   0.0000e+00   3.4368e-04   1.8808e+02
20260916_01:00:00   3.1271e-02   1.1417e+01   1.9359e-01   0.0000e+00   5.6248e-04   1.8888e+02
20260916_02:00:00   3.3707e-02   1.1986e+01   2.4169e-01   0.0000e+00   1.3460e-03   1.8896e+02
20260916_03:00:00   3.5534e-02   1.2413e+01   2.7901e-01   0.0000e+00   1.9478e-03   1.9003e+02
20260916_04:00:00   3.6539e-02   1.2653e+01   2.9968e-01   0.0000e+00   4.0530e-03   1.9018e+02
20260916_05:00:00   3.7295e-02   1.2838e+01   3.1519e-01   0.0000e+00   6.6780e-03   1.8886e+02
20260916_06:00:00   3.7430e-02   1.2879e+01   3.1838e-01   0.0000e+00   7.2503e-03   1.8797e+02
20260916_07:00:00   3.6263e-02   1.2621e+01   2.9850e-01   0.0000e+00   2.6281e-03   1.8907e+02
20260916_08:00:00   3.2872e-02   1.1835e+01   2.3808e-01   0.0000e+00   3.7714e-05   1.9130e+02
20260916_09:00:00   3.0793e-02   1.1347e+01   1.9991e-01   0.0000e+00   0.0000e+00   1.9250e+02
20260916_10:00:00   2.9322e-02   1.1001e+01   1.7376e-01   0.0000e+00   0.0000e+00   1.9245e+02
20260916_11:00:00   2.8763e-02   1.0868e+01   1.6514e-01   0.0000e+00   0.0000e+00   1.9202e+02
20260916_12:00:00   2.8995e-02   1.0919e+01   1.7341e-01   0.0000e+00   0.0000e+00   1.9135e+02
20260916_13:00:00   2.8729e-02   1.0850e+01   1.7179e-01   0.0000e+00   0.0000e+00   1.9118e+02
20260916_14:00:00   2.8242e-02   1.0731e+01   1.6542e-01   0.0000e+00   8.1580e-06   1.9088e+02
20260916_15:00:00   2.7995e-02   1.0670e+01   1.6234e-01   0.0000e+00   8.1580e-06   1.9076e+02
20260916_16:00:00   2.8821e-02   1.0864e+01   1.7971e-01   0.0000e+00   6.5466e-04   1.9141e+02
20260916_17:00:00   3.0921e-02   1.1364e+01   2.2049e-01   0.0000e+00   2.9999e-03   1.9102e+02
20260916_18:00:00   3.2576e-02   1.1761e+01   2.5199e-01   0.0000e+00   4.7242e-03   1.8985e+02
20260916_19:00:00   3.4203e-02   1.2142e+01   2.8038e-01   0.0000e+00   5.5904e-03   1.8837e+02
20260916_20:00:00   3.5627e-02   1.2477e+01   3.0502e-01   0.0000e+00   6.7999e-03   1.8727e+02
20260916_21:00:00   3.6495e-02   1.2682e+01   3.1952e-01   0.0000e+00   5.8686e-03   1.8755e+02
20260916_22:00:00   3.6470e-02   1.2678e+01   3.1733e-01   0.0000e+00   4.6478e-03   1.8701e+02
20260916_23:00:00   3.6841e-02   1.2767e+01   3.2328e-01   0.0000e+00   3.1205e-03   1.8752e+02
20260917_00:00:00   3.6507e-02   1.2685e+01   3.1658e-01   0.0000e+00   2.6427e-04   1.8825e+02
20260917_01:00:00   3.5733e-02   1.2495e+01   2.9966e-01   0.0000e+00   5.9138e-05   1.8815e+02
20260917_02:00:00   3.5200e-02   1.2365e+01   2.8741e-01   0.0000e+00   1.0243e-03   1.8851e+02
20260917_03:00:00   3.4841e-02   1.2278e+01   2.7888e-01   0.0000e+00   1.6946e-03   1.8828e+02
20260917_04:00:00   3.4661e-02   1.2232e+01   2.7408e-01   0.0000e+00   1.4529e-03   1.8862e+02
20260917_05:00:00   3.4381e-02   1.2165e+01   2.6800e-01   0.0000e+00   6.6943e-04   1.8884e+02
20260917_06:00:00   3.3980e-02   1.2066e+01   2.5953e-01   0.0000e+00   1.1623e-03   1.8957e+02
20260917_09:00:00   3.3328e-02   1.1905e+01   2.4411e-01   0.0000e+00   1.1826e-03   1.9180e+02
20260917_12:00:00   3.0264e-02   1.1170e+01   1.8770e-01   0.0000e+00   9.9106e-04   1.9341e+02
20260917_15:00:00   2.9900e-02   1.1080e+01   1.7952e-01   0.0000e+00   4.2792e-04   1.9389e+02
20260917_18:00:00   3.0369e-02   1.1192e+01   1.8412e-01   0.0000e+00   3.5312e-04   1.9396e+02
20260917_21:00:00   3.1127e-02   1.1366e+01   1.9598e-01   0.0000e+00   2.9631e-04   1.9535e+02
20260918_00:00:00   3.0808e-02   1.1293e+01   1.8732e-01   0.0000e+00   2.1102e-04   1.9489e+02
20260918_03:00:00   3.1176e-02   1.1370e+01   1.9566e-01   0.0000e+00   7.3469e-04   2.0206e+02
20260918_06:00:00   3.1795e-02   1.1512e+01   2.0751e-01   0.0000e+00   4.8058e-04   2.0967e+02
20260918_09:00:00   3.2824e-02   1.1754e+01   2.2585e-01   0.0000e+00   4.8594e-04   2.1194e+02
20260918_12:00:00   3.3755e-02   1.1981e+01   2.4278e-01   0.0000e+00   2.3659e-04   2.1240e+02
20260918_15:00:00   3.4622e-02   1.2182e+01   2.5809e-01   0.0000e+00   6.3258e-04   2.1419e+02
20260918_18:00:00   3.5662e-02   1.2421e+01   2.7449e-01   0.0000e+00   8.0195e-03   2.1016e+02
20260918_21:00:00   3.7240e-02   1.2780e+01   2.9622e-01   0.0000e+00   2.2504e-02   2.0582e+02
20260919_00:00:00   3.6213e-02   1.2533e+01   2.7830e-01   0.0000e+00   1.2203e-02   2.0450e+02
20260919_03:00:00   3.5426e-02   1.2346e+01   2.6523e-01   0.0000e+00   3.3943e-03   2.0319e+02
20260919_06:00:00   3.4724e-02   1.2184e+01   2.5339e-01   0.0000e+00   1.0019e-04   2.0548e+02
20260919_09:00:00   3.3767e-02   1.1961e+01   2.3425e-01   0.0000e+00   1.6316e-05   2.0988e+02
20260919_12:00:00   3.2664e-02   1.1710e+01   2.1417e-01   0.0000e+00   2.4474e-05   1.9838e+02
20260919_15:00:00   3.1874e-02   1.1532e+01   2.0071e-01   0.0000e+00   1.8694e-05   2.0319e+02
20260919_18:00:00   3.1095e-02   1.1354e+01   1.8703e-01   0.0000e+00   1.3426e-05   2.0318e+02
20260919_21:00:00   3.0702e-02   1.1264e+01   1.8173e-01   0.0000e+00   5.2730e-06   1.9368e+02
20260920_00:00:00   3.1200e-02   1.1383e+01   1.9150e-01   0.0000e+00   1.0555e-05   1.9475e+02
20260920_03:00:00   3.1839e-02   1.1542e+01   2.0518e-01   0.0000e+00   3.3855e-05   1.9294e+02
20260920_06:00:00   3.3276e-02   1.1877e+01   2.3299e-01   0.0000e+00   3.7141e-05   1.8815e+02
20260920_09:00:00   3.5712e-02   1.2445e+01   2.7901e-01   0.0000e+00   2.4035e-03   1.8209e+02
20260920_12:00:00   3.5839e-02   1.2485e+01   2.8465e-01   0.0000e+00   7.6849e-04   1.8519e+02
20260920_15:00:00   3.5874e-02   1.2492e+01   2.8680e-01   0.0000e+00   3.1832e-03   1.8862e+02
20260920_18:00:00   3.6396e-02   1.2624e+01   2.9588e-01   0.0000e+00   5.8572e-03   1.8963e+02
20260920_21:00:00   3.6830e-02   1.2727e+01   3.0592e-01   0.0000e+00   7.2284e-03   1.8836e+02
20260921_00:00:00   3.7296e-02   1.2844e+01   3.1706e-01   0.0000e+00   4.8648e-03   1.8995e+02
20260921_03:00:00   3.8095e-02   1.3033e+01   3.3335e-01   0.0000e+00   1.1469e-02   1.8995e+02
20260921_06:00:00   3.8448e-02   1.3111e+01   3.3529e-01   0.0000e+00   2.8979e-02   1.9159e+02
20260921_09:00:00   3.7888e-02   1.2976e+01   3.2463e-01   0.0000e+00   2.8526e-02   1.9691e+02
20260921_12:00:00   3.7309e-02   1.2840e+01   3.1499e-01   0.0000e+00   2.2088e-02   1.9741e+02
20260921_15:00:00   3.6713e-02   1.2695e+01   3.0439e-01   0.0000e+00   1.3849e-02   2.0028e+02
20260921_18:00:00   3.6303e-02   1.2594e+01   2.9706e-01   0.0000e+00   1.0305e-02   2.0327e+02
20260921_21:00:00   3.5779e-02   1.2479e+01   2.8768e-01   0.0000e+00   3.6650e-03   2.0586e+02
20260922_00:00:00   3.4328e-02   1.2133e+01   2.5860e-01   0.0000e+00   1.4865e-03   2.0378e+02
20260922_03:00:00   3.3523e-02   1.1934e+01   2.4159e-01   0.0000e+00   7.0569e-04   2.0068e+02
20260922_06:00:00   3.2547e-02   1.1693e+01   2.2078e-01   0.0000e+00   3.1560e-03   2.0093e+02
20260922_09:00:00   2.9359e-02   1.0931e+01   1.6441e-01   0.0000e+00   1.6118e-03   2.0490e+02
20260922_12:00:00   2.6772e-02   1.0299e+01   1.1836e-01   0.0000e+00   8.0610e-05   2.0866e+02
20260922_15:00:00   2.4673e-02   9.7884e+00   7.9901e-02   0.0000e+00   1.5155e-04   2.0819e+02
20260922_18:00:00   2.4292e-02   9.6858e+00   7.2709e-02   0.0000e+00   5.9050e-05   2.1198e+02
20260922_21:00:00   2.4375e-02   9.6938e+00   7.3647e-02   0.0000e+00   1.1937e-05   2.1265e+02
20260923_00:00:00   2.3761e-02   9.5404e+00   6.3595e-02   0.0000e+00   1.2032e-05   2.1313e+02
20260923_03:00:00   2.4406e-02   9.6943e+00   7.8014e-02   0.0000e+00   2.4248e-05   2.1107e+02
20260923_06:00:00   2.4747e-02   9.7749e+00   8.4118e-02   0.0000e+00   2.4308e-05   2.0961e+02
20260923_09:00:00   2.4720e-02   9.7678e+00   8.3394e-02   0.0000e+00   2.4328e-05   2.1116e+02
20260923_12:00:00   2.4717e-02   9.7660e+00   8.2897e-02   0.0000e+00   3.6410e-05   2.1263e+02
20260923_15:00:00   2.4783e-02   9.7796e+00   8.3112e-02   0.0000e+00   4.8300e-05   2.1078e+02
20260923_18:00:00   2.4595e-02   9.7357e+00   7.8744e-02   0.0000e+00   6.0030e-05   2.0845e+02
20260923_21:00:00   2.4748e-02   9.7716e+00   8.1022e-02   0.0000e+00   8.3370e-05   2.0755e+02
20260924_00:00:00   2.6742e-02   1.0237e+01   1.1632e-01   0.0000e+00   6.6486e-04   2.0688e+02
20260924_03:00:00   2.8128e-02   1.0558e+01   1.3854e-01   0.0000e+00   8.8544e-04   2.0677e+02
20260924_06:00:00   2.8724e-02   1.0693e+01   1.4528e-01   0.0000e+00   3.2555e-03   2.0941e+02
20260924_09:00:00   2.8405e-02   1.0621e+01   1.3588e-01   0.0000e+00   2.8757e-03   2.1321e+02
20260924_12:00:00   2.8313e-02   1.0600e+01   1.3195e-01   0.0000e+00   4.3718e-03   2.1158e+02
20260924_15:00:00   2.7670e-02   1.0447e+01   1.1799e-01   0.0000e+00   1.6158e-03   2.2518e+02
20260924_18:00:00   2.7134e-02   1.0319e+01   1.0664e-01   0.0000e+00   6.3942e-04   2.2622e+02
20260924_21:00:00   2.6361e-02   1.0135e+01   9.2551e-02   0.0000e+00   9.6609e-05   2.1607e+02
20260925_00:00:00   2.5902e-02   1.0025e+01   8.3667e-02   0.0000e+00   5.4930e-05   2.1767e+02
20260925_03:00:00   2.5579e-02   9.9487e+00   7.8135e-02   0.0000e+00   7.6640e-05   2.2369e+02
20260925_06:00:00   2.5445e-02   9.9176e+00   7.6733e-02   0.0000e+00   6.5620e-05   2.1770e+02
20260925_09:00:00   2.5381e-02   9.9037e+00   7.5907e-02   0.0000e+00   3.2840e-05   2.1749e+02
20260925_12:00:00   2.5535e-02   9.9368e+00   7.8209e-02   0.0000e+00   1.0943e-05   2.1868e+02
20260925_15:00:00   2.5422e-02   9.9119e+00   7.6891e-02   0.0000e+00   1.0975e-05   2.1945e+02
20260925_18:00:00   2.5067e-02   9.8305e+00   7.1066e-02   0.0000e+00   1.1011e-05   2.1835e+02
20260925_21:00:00   2.4593e-02   9.7156e+00   6.2393e-02   0.0000e+00   1.1023e-05   2.1562e+02
20260926_00:00:00   2.4648e-02   9.7306e+00   6.4336e-02   0.0000e+00   1.1058e-05   2.1338e+02
20260926_03:00:00   2.4604e-02   9.7241e+00   6.4532e-02   0.0000e+00   1.1110e-05   2.1332e+02
20260926_06:00:00   2.4569e-02   9.7176e+00   6.4888e-02   0.0000e+00   1.1150e-05   2.0243e+02
20260926_09:00:00   2.4517e-02   9.7088e+00   6.5240e-02   0.0000e+00   5.6060e-06   1.9276e+02
20260926_12:00:00   2.4538e-02   9.7167e+00   6.6541e-02   0.0000e+00   1.1277e-05   1.9414e+02
20260926_15:00:00   2.4695e-02   9.7602e+00   7.1503e-02   0.0000e+00   4.5470e-05   1.9483e+02
20260926_18:00:00   2.5137e-02   9.8697e+00   8.1704e-02   0.0000e+00   1.4289e-04   1.9483e+02
20260926_21:00:00   2.5968e-02   1.0070e+01   9.9607e-02   0.0000e+00   1.8608e-04   1.9682e+02
20260927_00:00:00   2.7240e-02   1.0372e+01   1.2484e-01   0.0000e+00   4.9779e-04   1.9732e+02
20260927_03:00:00   2.8392e-02   1.0645e+01   1.4591e-01   0.0000e+00   1.0033e-03   1.9437e+02
20260927_06:00:00   2.9123e-02   1.0817e+01   1.5744e-01   0.0000e+00   1.5232e-03   1.9616e+02
20260927_09:00:00   2.9466e-02   1.0897e+01   1.6159e-01   0.0000e+00   8.1606e-04   1.9480e+02
20260927_12:00:00   3.0192e-02   1.1070e+01   1.7221e-01   0.0000e+00   8.6529e-04   1.9838e+02
20260927_15:00:00   3.0648e-02   1.1174e+01   1.7772e-01   0.0000e+00   5.6124e-04   1.9773e+02
20260927_18:00:00   3.0837e-02   1.1222e+01   1.7897e-01   0.0000e+00   5.4473e-05   1.9967e+02
20260927_21:00:00   3.1085e-02   1.1287e+01   1.8229e-01   0.0000e+00   4.3414e-05   1.9959e+02
20260928_00:00:00   3.1295e-02   1.1336e+01   1.8463e-01   0.0000e+00   6.3656e-05   1.9827e+02
20260928_03:00:00   3.1445e-02   1.1374e+01   1.8462e-01   0.0000e+00   4.8397e-04   2.0085e+02
20260928_06:00:00   3.1033e-02   1.1284e+01   1.7461e-01   0.0000e+00   6.1625e-05   2.0650e+02
