#            date       tau255        Tb[K]      pwv[mm] lwp[kg*m^-2] iwp[kg*m^-2]       o3[DU]
20260810_18:00:00   1.5430e-01   4.2409e+01   3.1256e+00   0.0000e+00   6.2751e-04   2.7334e+02
20260810_19:00:00   1.5713e-01   4.3100e+01   3.1919e+00   0.0000e+00   2.2226e-03   2.7300e+02
20260810_20:00:00   1.6022e-01   4.3740e+01   3.2502e+00   0.0000e+00   8.8762e-04   2.7289e+02
20260810_21:00:00   1.6244e-01   4.4174e+01   3.3096e+00   0.0000e+00   1.3617e-03   2.7138e+02
20260810_22:00:00   1.6380e-01   4.4360e+01   3.3582e+00   0.0000e+00   5.6319e-03   2.7107e+02
20260810_23:00:00   1.7610e-01   4.6925e+01   3.6346e+00   0.0000e+00   2.9026e-02   2.7112e+02
20260811_00:00:00   1.7997e-01   4.7726e+01   3.7173e+00   0.0000e+00   4.4230e-02   2.7096e+02
20260811_01:00:00   1.8792e-01   4.9247e+01   3.8780e+00   0.0000e+00   1.2667e-01   2.7207e+02
20260811_02:00:00   1.9316e-01   5.0362e+01   3.9863e+00   0.0000e+00   1.3885e-01   2.7331e+02
20260811_03:00:00   2.0602e-01   5.3159e+01   4.2422e+00   0.0000e+00   1.5348e-01   2.7341e+02
20260811_04:00:00   2.1340e-01   5.4877e+01   4.4044e+00   0.0000e+00   6.2919e-02   2.7261e+02
20260811_05:00:00   2.2237e-01   5.6538e+01   4.5925e+00   0.0000e+00   1.1999e-01   2.7205e+02
20260811_06:00:00   2.4136e-01   6.0344e+01   4.9191e+00   0.0000e+00   2.4090e-01   2.7182e+02
20260811_07:00:00   2.3008e-01   5.7964e+01   4.6946e+00   0.0000e+00   2.4899e-01   2.7230e+02
20260811_08:00:00   2.1627e-01   5.5043e+01   4.4730e+00   0.0000e+00   1.3041e-01   2.7300e+02
20260811_09:00:00   2.1714e-01   5.5223e+01   4.4489e+00   0.0000e+00   1.6091e-01   2.7397e+02
20260811_10:00:00   2.2389e-01   5.6617e+01   4.6212e+00   0.0000e+00   1.3467e-01   2.7418e+02
20260811_11:00:00   2.2272e-01   5.6344e+01   4.5815e+00   0.0000e+00   1.4396e-01   2.7491e+02
20260811_12:00:00   2.1631e-01   5.5018e+01   4.4306e+00   0.0000e+00   1.7977e-01   2.7519e+02
20260811_13:00:00   2.3277e-01   5.8610e+01   4.7647e+00   0.0000e+00   1.4257e-01   2.7606e+02
20260811_14:00:00   2.7188e-01   6.6845e+01   5.5645e+00   0.0000e+00   8.8753e-02   2.7782e+02
20260811_15:00:00   3.2014e-01   7.6864e+01   6.4656e+00   0.0000e+00   7.9903e-02   2.7762e+02
20260811_16:00:00   3.8944e-01   9.0260e+01   7.6657e+00   0.0000e+00   7.8746e-02   2.7659e+02
20260811_17:00:00   4.6558e-01   1.0371e+02   8.9433e+00   0.0000e+00   1.0278e-01   2.7730e+02
20260811_18:00:00   4.3984e-01   9.9446e+01   8.4486e+00   0.0000e+00   8.1216e-02   2.7570e+02
20260811_19:00:00   5.2344e-01   1.1332e+02   9.8383e+00   0.0000e+00   5.4021e-02   2.7657e+02
20260811_20:00:00   6.2396e-01   1.2896e+02   1.1094e+01   4.7380e-03   3.1111e-02   2.7751e+02
20260811_21:00:00   6.3597e-01   1.3030e+02   1.1523e+01   9.8778e-05   1.9102e-01   2.7745e+02
20260811_22:00:00   5.3843e-01   1.1520e+02   1.0031e+01   7.0530e-05   3.2570e-01   2.7935e+02
20260811_23:00:00   5.5292e-01   1.1667e+02   9.4003e+00   3.2020e-02   1.0308e-01   2.7662e+02
20260812_00:00:00   4.6492e-01   1.0291e+02   8.8566e+00   3.5540e-03   1.0939e-01   2.7540e+02
20260812_01:00:00   4.5758e-01   1.0172e+02   8.8666e+00   3.0680e-05   6.8489e-02   2.7531e+02
20260812_02:00:00   5.3923e-01   1.1491e+02   1.0184e+01   1.3070e-03   2.5542e-01   2.7695e+02
20260812_03:00:00   6.6026e-01   1.3286e+02   1.1965e+01   8.5680e-05   6.1217e-01   2.7602e+02
20260812_04:00:00   8.5624e-01   1.5761e+02   1.2869e+01   5.6389e-02   5.1906e-01   2.7664e+02
20260812_05:00:00   6.8516e-01   1.3680e+02   1.2381e+01   2.9915e-03   2.1257e-01   2.7753e+02
20260812_06:00:00   8.3441e-01   1.5530e+02   1.3491e+01   3.2828e-02   2.3820e-01   2.7956e+02
20260812_07:00:00   1.0675e+00   1.7976e+02   1.4052e+01   1.0696e-01   5.7634e-01   2.8060e+02
20260812_08:00:00   1.3250e+00   2.0119e+02   1.4388e+01   1.9857e-01   7.9256e-01   2.8225e+02
20260812_09:00:00   1.1716e+00   1.8939e+02   1.4511e+01   1.3020e-01   5.4726e-01   2.8539e+02
20260812_10:00:00   1.2044e+00   1.9212e+02   1.3954e+01   1.6175e-01   5.5728e-01   2.8766e+02
20260812_11:00:00   8.9192e-01   1.6194e+02   1.3701e+01   4.0318e-02   4.6755e-01   2.9008e+02
20260812_12:00:00   1.1999e+00   1.9130e+02   1.3763e+01   1.6643e-01   6.1591e-01   2.9195e+02
20260812_13:00:00   8.7461e-01   1.6015e+02   1.3171e+01   4.8230e-02   4.8211e-01   2.9333e+02
20260812_14:00:00   8.8732e-01   1.6138e+02   1.3533e+01   3.9824e-02   4.4334e-01   2.9500e+02
20260812_15:00:00   8.5690e-01   1.5797e+02   1.3197e+01   3.6057e-02   3.4519e-01   2.9507e+02
20260812_16:00:00   8.2130e-01   1.5384e+02   1.2832e+01   3.1819e-02   3.6080e-01   2.9414e+02
20260812_17:00:00   8.4005e-01   1.5622e+02   1.2797e+01   4.1181e-02   1.1872e-01   2.9326e+02
20260812_18:00:00   7.5206e-01   1.4570e+02   1.1968e+01   2.4692e-02   4.3990e-02   2.9390e+02
20260812_19:00:00   6.5375e-01   1.3276e+02   1.1111e+01   3.9876e-03   4.6097e-03   2.9500e+02
20260812_20:00:00   6.2661e-01   1.2903e+02   1.0547e+01   8.1527e-03   1.2036e-03   2.9644e+02
20260812_21:00:00   5.8204e-01   1.2220e+02   1.0260e+01   1.4871e-04   3.0823e-04   2.9777e+02
20260812_22:00:00   5.7569e-01   1.2095e+02   1.0277e+01   1.5320e-05   2.4608e-03   2.9920e+02
20260812_23:00:00   5.5784e-01   1.1830e+02   9.9196e+00   0.0000e+00   3.3351e-03   2.9952e+02
20260813_00:00:00   5.0406e-01   1.0998e+02   9.0034e+00   0.0000e+00   3.7549e-05   2.9890e+02
20260813_01:00:00   4.2558e-01   9.7017e+01   7.7058e+00   0.0000e+00   3.8300e-06   2.9954e+02
20260813_02:00:00   3.9433e-01   9.1588e+01   7.1558e+00   0.0000e+00   2.8100e-05   2.9815e+02
20260813_03:00:00   3.8555e-01   9.0044e+01   7.0087e+00   0.0000e+00   6.8040e-06   2.9518e+02
20260813_04:00:00   3.7876e-01   8.8942e+01   6.8593e+00   0.0000e+00   0.0000e+00   2.9277e+02
20260813_05:00:00   3.5103e-01   8.4008e+01   6.3409e+00   0.0000e+00   0.0000e+00   2.9426e+02
20260813_06:00:00   3.1803e-01   7.7841e+01   5.7432e+00   0.0000e+00   0.0000e+00   2.9315e+02
20260813_07:00:00   2.9403e-01   7.3070e+01   5.3700e+00   0.0000e+00   0.0000e+00   2.9270e+02
20260813_08:00:00   3.0276e-01   7.4690e+01   5.5734e+00   0.0000e+00   4.0981e-04   2.9097e+02
20260813_09:00:00   3.0679e-01   7.5414e+01   5.6842e+00   0.0000e+00   3.5277e-03   2.9029e+02
20260813_10:00:00   2.8614e-01   7.1294e+01   5.3442e+00   0.0000e+00   9.1740e-03   2.9024e+02
20260813_11:00:00   2.8612e-01   7.1219e+01   5.3713e+00   0.0000e+00   2.1313e-02   2.8901e+02
20260813_12:00:00   3.0488e-01   7.5055e+01   5.6849e+00   0.0000e+00   1.3474e-02   2.8849e+02
20260813_13:00:00   3.3657e-01   8.1181e+01   6.2716e+00   0.0000e+00   3.8220e-03   2.8881e+02
20260813_14:00:00   3.9830e-01   9.2243e+01   7.4655e+00   0.0000e+00   9.3245e-02   2.9067e+02
20260813_15:00:00   3.8395e-01   8.9986e+01   7.1495e+00   0.0000e+00   2.8590e-02   2.8908e+02
20260813_16:00:00   4.1613e-01   9.5806e+01   7.7126e+00   0.0000e+00   1.8955e-02   2.8861e+02
20260813_17:00:00   4.2468e-01   9.7411e+01   7.7838e+00   1.4668e-03   1.7863e-02   2.8774e+02
20260813_18:00:00   4.4082e-01   1.0025e+02   8.1157e+00   2.6180e-04   1.4974e-02   2.8706e+02
20260813_19:00:00   4.4506e-01   1.0101e+02   8.2038e+00   8.3260e-05   1.6497e-02   2.8609e+02
20260813_20:00:00   4.4181e-01   1.0049e+02   8.1465e+00   1.2462e-04   3.7813e-03   2.8578e+02
20260813_21:00:00   4.5239e-01   1.0223e+02   8.3329e+00   1.4422e-04   2.4665e-03   2.8485e+02
20260813_22:00:00   4.4878e-01   1.0157e+02   8.2351e+00   7.1360e-04   5.0506e-03   2.8342e+02
20260813_23:00:00   4.4780e-01   1.0138e+02   8.2456e+00   4.6580e-04   1.6892e-02   2.8187e+02
20260814_00:00:00   4.5213e-01   1.0196e+02   8.3591e+00   4.3700e-04   9.7162e-02   2.8057e+02
20260814_01:00:00   4.4178e-01   1.0016e+02   8.2321e+00   8.5780e-05   1.2839e-01   2.7971e+02
20260814_02:00:00   4.5843e-01   1.0303e+02   8.4917e+00   0.0000e+00   1.6896e-01   2.7873e+02
20260814_03:00:00   4.8091e-01   1.0668e+02   8.8850e+00   0.0000e+00   1.9402e-01   2.7960e+02
20260814_04:00:00   4.9311e-01   1.0862e+02   9.1031e+00   0.0000e+00   1.8618e-01   2.8021e+02
20260814_05:00:00   4.8576e-01   1.0743e+02   8.9958e+00   0.0000e+00   1.5422e-01   2.8050e+02
20260814_06:00:00   4.6524e-01   1.0417e+02   8.5531e+00   0.0000e+00   1.1935e-01   2.7996e+02
20260814_07:00:00   4.5558e-01   1.0257e+02   8.3917e+00   2.6880e-06   7.3719e-02   2.8008e+02
20260814_08:00:00   4.5056e-01   1.0152e+02   8.3334e+00   5.3760e-06   1.2739e-01   2.7865e+02
20260814_09:00:00   4.6403e-01   1.0361e+02   8.5794e+00   7.5516e-04   1.1898e-01   2.7958e+02
20260814_10:00:00   4.8378e-01   1.0663e+02   8.9277e+00   2.4031e-03   1.0068e-01   2.7853e+02
20260814_11:00:00   4.7790e-01   1.0578e+02   8.8237e+00   3.3631e-04   1.2902e-01   2.7772e+02
20260814_12:00:00   4.9861e-01   1.0904e+02   9.2123e+00   2.2840e-05   1.5134e-01   2.7737e+02
20260814_13:00:00   4.9046e-01   1.0804e+02   8.9430e+00   2.5325e-04   8.4355e-02   2.7620e+02
20260814_14:00:00   4.9485e-01   1.0851e+02   9.1404e+00   4.7980e-06   1.4965e-01   2.7576e+02
20260814_15:00:00   4.9941e-01   1.0919e+02   9.2420e+00   0.0000e+00   1.6450e-01   2.7500e+02
20260814_16:00:00   4.9039e-01   1.0789e+02   9.0496e+00   8.3260e-05   1.1731e-01   2.7531e+02
20260814_17:00:00   4.6864e-01   1.0449e+02   8.6891e+00   1.5264e-04   5.8129e-02   2.7596e+02
20260814_18:00:00   4.5822e-01   1.0272e+02   8.5380e+00   4.6260e-06   8.1152e-02   2.7574e+02
20260814_19:00:00   4.3818e-01   9.9250e+01   8.2627e+00   0.0000e+00   6.1262e-02   2.7675e+02
20260814_20:00:00   4.2628e-01   9.7065e+01   8.1091e+00   4.2980e-05   8.8136e-02   2.7572e+02
20260814_21:00:00   4.1092e-01   9.4292e+01   7.8034e+00   2.7300e-04   1.7289e-01   2.7415e+02
20260814_22:00:00   3.9811e-01   9.1884e+01   7.6103e+00   1.1194e-03   1.7037e-01   2.7413e+02
20260814_23:00:00   3.9998e-01   9.2175e+01   7.6993e+00   0.0000e+00   1.6567e-01   2.7536e+02
20260815_00:00:00   3.8690e-01   8.9838e+01   7.4289e+00   0.0000e+00   2.0988e-01   2.7537e+02
20260815_01:00:00   3.8606e-01   8.9665e+01   7.3868e+00   0.0000e+00   2.4686e-01   2.7726e+02
20260815_02:00:00   3.8636e-01   8.9791e+01   7.3898e+00   0.0000e+00   1.7341e-01   2.7533e+02
20260815_03:00:00   4.0321e-01   9.2951e+01   7.5990e+00   0.0000e+00   2.0715e-01   2.7455e+02
20260815_04:00:00   4.0397e-01   9.3241e+01   7.5749e+00   0.0000e+00   1.4420e-01   2.7390e+02
20260815_05:00:00   4.1353e-01   9.4892e+01   7.7174e+00   0.0000e+00   1.5104e-01   2.7247e+02
20260815_06:00:00   3.9299e-01   9.1188e+01   7.3723e+00   0.0000e+00   1.0155e-01   2.7244e+02
20260815_07:00:00   3.9672e-01   9.1744e+01   7.3805e+00   2.0410e-06   1.7064e-01   2.7178e+02
20260815_08:00:00   3.9714e-01   9.1660e+01   7.3839e+00   1.1760e-05   2.1727e-01   2.7204e+02
20260815_09:00:00   4.0669e-01   9.3306e+01   7.5158e+00   6.9700e-05   1.8698e-01   2.7383e+02
20260815_10:00:00   4.0618e-01   9.3083e+01   7.5033e+00   1.2912e-04   2.2547e-01   2.7612e+02
20260815_11:00:00   4.1073e-01   9.3795e+01   7.6064e+00   1.8238e-04   1.8910e-01   2.7833e+02
20260815_12:00:00   4.2506e-01   9.6286e+01   7.8620e+00   1.6250e-04   1.1919e-01   2.8138e+02
20260815_13:00:00   4.1990e-01   9.5492e+01   7.7503e+00   5.3740e-05   6.8186e-02   2.8477e+02
20260815_14:00:00   4.3248e-01   9.7743e+01   7.9298e+00   2.0120e-04   4.9014e-02   2.8717e+02
20260815_15:00:00   4.1413e-01   9.4735e+01   7.5667e+00   5.1100e-04   3.7143e-02   2.8722e+02
20260815_16:00:00   4.3461e-01   9.8403e+01   7.7880e+00   2.3199e-03   1.1727e-02   2.8829e+02
20260815_17:00:00   4.3385e-01   9.8351e+01   7.7741e+00   1.0186e-03   4.4778e-03   2.9079e+02
20260815_18:00:00   4.4357e-01   1.0008e+02   7.7521e+00   4.3290e-03   1.6388e-03   2.9220e+02
20260815_21:00:00   4.5354e-01   1.0165e+02   7.8534e+00   2.7346e-03   8.3706e-05   2.8955e+02
20260816_00:00:00   4.3809e-01   9.8671e+01   7.6890e+00   0.0000e+00   2.7537e-04   2.9149e+02
20260816_03:00:00   4.1577e-01   9.4557e+01   7.3384e+00   2.8844e-04   1.4141e-03   2.9292e+02
20260816_06:00:00   4.0854e-01   9.2890e+01   7.1917e+00   1.0689e-03   2.4028e-03   2.9663e+02
20260816_09:00:00   4.3658e-01   9.7425e+01   7.5763e+00   2.0079e-03   6.4809e-03   3.0143e+02
20260816_12:00:00   4.9740e-01   1.0712e+02   8.2645e+00   1.0085e-02   9.0542e-02   3.0345e+02
20260816_15:00:00   6.3562e-01   1.2783e+02   8.9361e+00   4.8196e-02   1.6668e-01   3.0615e+02
20260816_18:00:00   9.0112e-01   1.6198e+02   8.9721e+00   1.5441e-01   1.7735e-01   3.0359e+02
20260816_21:00:00   6.0914e-01   1.2460e+02   9.1538e+00   2.9331e-02   1.3135e-01   3.0388e+02
20260817_00:00:00   6.3118e-01   1.2786e+02   8.8352e+00   4.5606e-02   1.9048e-01   3.0542e+02
20260817_03:00:00   1.3422e+00   1.9987e+02   8.7754e+00   3.4554e-01   3.7589e-01   3.0690e+02
20260817_06:00:00   5.1292e-01   1.1069e+02   7.0028e+00   3.7184e-02   6.0917e-02   3.1620e+02
20260817_09:00:00   4.0696e-01   9.2787e+01   6.7550e+00   7.1746e-04   1.8031e-03   3.1570e+02
20260817_12:00:00   3.8069e-01   8.8505e+01   6.4438e+00   0.0000e+00   5.3994e-03   3.1652e+02
20260817_15:00:00   3.8623e-01   8.9714e+01   6.6222e+00   0.0000e+00   6.3139e-04   3.2244e+02
20260817_18:00:00   7.1105e-01   1.4005e+02   8.5748e+00   8.1056e-02   3.1718e-03   3.2310e+02
20260817_21:00:00   1.7923e+00   2.2770e+02   8.5471e+00   5.2899e-01   4.0323e-03   3.2188e+02
20260818_00:00:00   2.8386e+00   2.5699e+02   8.4011e+00   9.6878e-01   4.0134e-02   3.2301e+02
20260818_03:00:00   1.8194e+00   2.2788e+02   8.8643e+00   5.3993e-01   3.1493e-02   3.3026e+02
20260818_06:00:00   2.0575e+00   2.3707e+02   8.8750e+00   6.3765e-01   3.4396e-01   3.4704e+02
20260818_09:00:00   5.3452e-01   1.1251e+02   8.1409e+00   2.0363e-02   4.5961e-01   3.5030e+02
20260818_12:00:00   3.7742e-01   8.6701e+01   6.5407e+00   9.8860e-06   6.5917e-02   3.5093e+02
20260818_15:00:00   3.5055e-01   8.1799e+01   6.0738e+00   0.0000e+00   1.1592e-01   3.5745e+02
20260818_18:00:00   4.0533e-01   9.1801e+01   6.7562e+00   4.4586e-03   3.2647e-02   3.5718e+02
20260818_21:00:00   4.3224e-01   9.6346e+01   7.3417e+00   2.0664e-03   2.2772e-02   3.5758e+02
20260819_00:00:00   5.2532e-01   1.1190e+02   7.2660e+00   4.2653e-02   9.4946e-02   3.5500e+02
20260819_03:00:00   3.7010e-01   8.5454e+01   6.5382e+00   0.0000e+00   7.1346e-03   3.5464e+02
20260819_06:00:00   3.3806e-01   7.9747e+01   6.0412e+00   0.0000e+00   1.8502e-06   3.4363e+02
20260819_09:00:00   2.8275e-01   6.9336e+01   5.1225e+00   0.0000e+00   0.0000e+00   3.1260e+02
20260819_12:00:00   2.3684e-01   6.0172e+01   4.3654e+00   0.0000e+00   0.0000e+00   3.0338e+02
20260819_15:00:00   2.0250e-01   5.3064e+01   3.8313e+00   0.0000e+00   0.0000e+00   3.0137e+02
20260819_18:00:00   2.3729e-01   6.0420e+01   4.6333e+00   0.0000e+00   0.0000e+00   2.9589e+02
20260819_21:00:00   3.5446e-01   8.3632e+01   7.0750e+00   0.0000e+00   3.8300e-06   2.9015e+02
20260820_00:00:00   3.1362e-01   7.6302e+01   6.3411e+00   0.0000e+00   1.3182e-05   2.8494e+02
20260820_03:00:00   2.5573e-01   6.4730e+01   5.3487e+00   0.0000e+00   0.0000e+00   2.7994e+02
20260820_06:00:00   2.3908e-01   6.1129e+01   5.1311e+00   0.0000e+00   0.0000e+00   2.8192e+02
20260820_09:00:00   2.3517e-01   6.0192e+01   5.0930e+00   0.0000e+00   0.0000e+00   2.8094e+02
20260820_12:00:00   2.1530e-01   5.6091e+01   4.6440e+00   0.0000e+00   1.0572e-05   2.7667e+02
20260820_15:00:00   2.2639e-01   5.8652e+01   4.8854e+00   0.0000e+00   2.7459e-04   2.7262e+02
20260820_18:00:00   2.4338e-01   6.2438e+01   5.2364e+00   0.0000e+00   0.0000e+00   2.6983e+02
20260820_21:00:00   2.5945e-01   6.5898e+01   5.5710e+00   0.0000e+00   1.0214e-05   2.6858e+02
20260821_00:00:00   2.4298e-01   6.2525e+01   5.1992e+00   0.0000e+00   0.0000e+00   2.6609e+02
20260821_03:00:00   2.4579e-01   6.3239e+01   5.2376e+00   0.0000e+00   0.0000e+00   2.6072e+02
20260821_06:00:00   2.3368e-01   6.0837e+01   4.9740e+00   0.0000e+00   0.0000e+00   2.5353e+02
20260821_09:00:00   2.2660e-01   5.9402e+01   4.8211e+00   0.0000e+00   0.0000e+00   2.4918e+02
20260821_12:00:00   2.2596e-01   5.9321e+01   4.7915e+00   0.0000e+00   0.0000e+00   2.4863e+02
20260821_15:00:00   2.4250e-01   6.2923e+01   5.1386e+00   0.0000e+00   0.0000e+00   2.5097e+02
20260821_18:00:00   2.6975e-01   6.8456e+01   5.7507e+00   0.0000e+00   0.0000e+00   2.4983e+02
20260821_21:00:00   2.8184e-01   7.0607e+01   6.0279e+00   0.0000e+00   7.3184e-05   2.4888e+02
20260822_00:00:00   2.8230e-01   7.0487e+01   6.0229e+00   0.0000e+00   1.3736e-05   2.5037e+02
20260822_03:00:00   2.8884e-01   7.1840e+01   6.0922e+00   0.0000e+00   9.6624e-05   2.5263e+02
20260822_06:00:00   2.9212e-01   7.2496e+01   6.0386e+00   0.0000e+00   4.7440e-05   2.6070e+02
20260822_09:00:00   3.0934e-01   7.5723e+01   6.3853e+00   0.0000e+00   6.7200e-07   2.6018e+02
20260822_12:00:00   3.1884e-01   7.7483e+01   6.5904e+00   0.0000e+00   1.0370e-02   2.6857e+02
20260822_15:00:00   3.4052e-01   8.1756e+01   6.9808e+00   0.0000e+00   1.3613e-02   2.7442e+02
20260822_18:00:00   3.4807e-01   8.2824e+01   7.1110e+00   0.0000e+00   2.5632e-01   2.7605e+02
20260822_21:00:00   3.7537e-01   8.7625e+01   7.6074e+00   0.0000e+00   2.3931e-01   2.7730e+02
20260823_00:00:00   3.8936e-01   8.9806e+01   7.7888e+00   0.0000e+00   4.2397e-01   2.8405e+02
20260823_03:00:00   3.8601e-01   8.9275e+01   7.7190e+00   0.0000e+00   2.6151e-01   2.8882e+02
20260823_06:00:00   4.2120e-01   9.5860e+01   8.2614e+00   0.0000e+00   1.7120e-01   2.9433e+02
20260823_09:00:00   4.2298e-01   9.5511e+01   8.1380e+00   1.1830e-04   3.7943e-01   2.9782e+02
20260823_12:00:00   4.1421e-01   9.3842e+01   7.8993e+00   0.0000e+00   4.0707e-01   3.0188e+02
20260823_15:00:00   4.0056e-01   9.1622e+01   7.7371e+00   4.6260e-06   5.1126e-02   2.9910e+02
20260823_18:00:00   3.3955e-01   8.0279e+01   6.6653e+00   0.0000e+00   2.1418e-02   2.9621e+02
20260823_21:00:00   2.9544e-01   7.2054e+01   5.7550e+00   0.0000e+00   3.5461e-04   2.9132e+02
20260824_00:00:00   3.0668e-01   7.4050e+01   5.9049e+00   0.0000e+00   1.0864e-01   2.9194e+02
20260824_03:00:00   3.4863e-01   8.1737e+01   6.6129e+00   0.0000e+00   2.9422e-01   2.8979e+02
20260824_06:00:00   3.1698e-01   7.5699e+01   6.0232e+00   1.3820e-05   2.0713e-01   2.8962e+02
20260824_09:00:00   3.4574e-01   8.1413e+01   6.3536e+00   2.4014e-03   7.8427e-02   2.8357e+02
20260824_12:00:00   3.4190e-01   8.0638e+01   6.2513e+00   2.8683e-03   1.1561e-02   2.8435e+02
20260824_15:00:00   3.4703e-01   8.1556e+01   6.3602e+00   1.2432e-03   3.2183e-02   2.9233e+02
20260824_18:00:00   3.4167e-01   8.0462e+01   6.3113e+00   6.1420e-05   2.5870e-02   2.9364e+02
20260824_21:00:00   3.6431e-01   8.4786e+01   6.6401e+00   0.0000e+00   5.9712e-02   2.9224e+02
20260825_00:00:00   3.3996e-01   8.0873e+01   5.7346e+00   7.8762e-03   1.2404e-03   2.9244e+02
20260825_03:00:00   3.2401e-01   7.8232e+01   5.1748e+00   8.2865e-03   2.1180e-06   2.8624e+02
20260825_06:00:00   2.6678e-01   6.6940e+01   4.5422e+00   4.8290e-05   0.0000e+00   2.8578e+02
20260825_09:00:00   2.9947e-01   7.3463e+01   4.3291e+00   1.8334e-02   0.0000e+00   2.8043e+02
20260825_12:00:00   1.9688e-01   5.2040e+01   3.3800e+00   1.1740e-03   0.0000e+00   2.8379e+02
20260825_15:00:00   1.8643e-01   4.9371e+01   3.5207e+00   0.0000e+00   0.0000e+00   2.8020e+02
20260825_18:00:00   2.6372e-01   6.5413e+01   5.1828e+00   0.0000e+00   7.2328e-03   2.7898e+02
20260825_21:00:00   3.0020e-01   7.2355e+01   5.9695e+00   8.0640e-06   1.8650e-01   2.7540e+02
20260826_00:00:00   3.2607e-01   7.7488e+01   6.5164e+00   0.0000e+00   1.5220e-01   2.7531e+02
20260826_03:00:00   3.1618e-01   7.5563e+01   6.4062e+00   0.0000e+00   1.2979e-01   2.7184e+02
20260826_06:00:00   3.2213e-01   7.6584e+01   6.6453e+00   0.0000e+00   4.7750e-02   2.7028e+02
20260826_09:00:00   3.3216e-01   7.8732e+01   6.7501e+00   2.0160e-06   9.5437e-02   2.6996e+02
20260826_12:00:00   3.6720e-01   8.5275e+01   7.4422e+00   1.8736e-05   1.2033e-01   2.7000e+02
20260826_15:00:00   3.9222e-01   8.9815e+01   7.9203e+00   6.4010e-04   4.1966e-02   2.7196e+02
20260826_18:00:00   4.2279e-01   9.5378e+01   8.4370e+00   1.8842e-03   5.6361e-02   2.7250e+02
