#            date       tau255        Tb[K]      pwv[mm] lwp[kg*m^-2] iwp[kg*m^-2]       o3[DU]
20260813_06:00:00   2.4735e-01   6.3365e+01   4.7400e+00   0.0000e+00   2.1592e-03   2.9278e+02
20260813_07:00:00   3.0390e-01   7.4910e+01   5.7554e+00   0.0000e+00   2.9403e-04   2.9219e+02
20260813_08:00:00   3.7348e-01   8.8026e+01   7.0179e+00   0.0000e+00   1.9548e-03   2.9216e+02
20260813_09:00:00   4.3082e-01   9.8136e+01   8.0199e+00   2.4520e-04   6.6718e-02   2.9220e+02
20260813_10:00:00   4.7446e-01   1.0557e+02   8.7758e+00   0.0000e+00   8.3062e-02   2.9273e+02
20260813_11:00:00   4.7565e-01   1.0567e+02   8.8223e+00   1.3440e-06   1.3004e-01   2.9438e+02
20260813_12:00:00   5.1704e-01   1.1253e+02   9.5150e+00   0.0000e+00   4.4178e-02   2.9579e+02
20260813_13:00:00   5.7613e-01   1.2157e+02   1.0451e+01   5.6239e-04   1.2296e-01   2.9692e+02
20260813_14:00:00   6.2075e-01   1.2797e+02   1.1189e+01   0.0000e+00   2.8535e-01   2.9506e+02
20260813_15:00:00   6.6556e-01   1.3436e+02   1.1717e+01   5.7410e-03   4.9849e-02   2.9383e+02
20260813_16:00:00   7.2535e-01   1.4231e+02   1.2285e+01   1.4462e-02   5.7349e-02   2.9384e+02
20260813_17:00:00   7.4945e-01   1.4548e+02   1.3023e+01   4.3959e-03   1.9750e-01   2.9305e+02
20260813_18:00:00   8.1231e-01   1.5355e+02   1.3334e+01   1.7773e-02   8.7210e-02   2.9234e+02
20260813_19:00:00   9.4793e-01   1.6905e+02   1.3437e+01   6.8080e-02   6.2074e-02   2.8954e+02
20260813_20:00:00   7.6859e-01   1.4859e+02   1.2866e+01   8.6003e-03   2.5186e-02   2.8890e+02
20260813_21:00:00   7.1087e-01   1.4131e+02   1.2275e+01   6.7310e-04   7.4621e-03   2.9041e+02
20260813_22:00:00   6.5570e-01   1.3399e+02   1.1438e+01   1.5220e-05   4.5544e-03   2.9000e+02
20260813_23:00:00   6.1104e-01   1.2774e+02   1.0682e+01   0.0000e+00   3.5638e-03   2.8829e+02
20260814_00:00:00   6.0686e-01   1.2722e+02   1.0506e+01   0.0000e+00   2.8858e-03   2.8584e+02
20260814_01:00:00   6.0564e-01   1.2702e+02   1.0405e+01   5.0880e-05   1.1680e-02   2.8481e+02
20260814_02:00:00   6.0898e-01   1.2753e+02   1.0267e+01   4.1750e-03   3.4981e-02   2.8545e+02
20260814_03:00:00   5.7752e-01   1.2286e+02   9.9481e+00   0.0000e+00   3.9255e-02   2.8503e+02
20260814_04:00:00   5.7088e-01   1.2177e+02   9.9194e+00   0.0000e+00   2.7226e-02   2.8328e+02
20260814_05:00:00   5.7866e-01   1.2277e+02   1.0076e+01   0.0000e+00   7.8117e-02   2.8157e+02
20260814_06:00:00   5.7349e-01   1.2188e+02   9.9827e+00   0.0000e+00   1.4909e-01   2.8062e+02
20260814_07:00:00   5.9123e-01   1.2448e+02   1.0133e+01   3.0411e-03   1.6534e-01   2.7991e+02
20260814_08:00:00   5.6037e-01   1.1956e+02   9.9174e+00   0.0000e+00   1.5755e-01   2.7804e+02
20260814_09:00:00   5.7222e-01   1.2134e+02   1.0071e+01   0.0000e+00   1.5703e-01   2.7587e+02
20260814_10:00:00   5.7296e-01   1.2132e+02   1.0146e+01   0.0000e+00   1.1888e-01   2.7323e+02
20260814_11:00:00   5.7733e-01   1.2189e+02   1.0246e+01   0.0000e+00   1.8462e-01   2.7044e+02
20260814_12:00:00   5.7832e-01   1.2196e+02   1.0347e+01   2.5376e-05   7.2680e-02   2.6943e+02
20260814_13:00:00   5.7182e-01   1.2092e+02   1.0227e+01   1.5554e-03   1.0280e-01   2.6939e+02
20260814_14:00:00   5.4834e-01   1.1742e+02   9.8397e+00   1.8586e-03   8.1517e-02   2.6808e+02
20260814_15:00:00   5.1617e-01   1.1253e+02   9.3789e+00   0.0000e+00   4.7311e-02   2.6957e+02
20260814_16:00:00   4.9885e-01   1.0971e+02   9.1439e+00   0.0000e+00   1.3486e-01   2.6955e+02
20260814_17:00:00   4.6944e-01   1.0483e+02   8.7306e+00   0.0000e+00   1.3869e-01   2.6849e+02
20260814_18:00:00   4.7375e-01   1.0566e+02   8.7896e+00   0.0000e+00   6.7011e-02   2.6854e+02
20260814_19:00:00   4.3428e-01   9.9094e+01   8.1435e+00   0.0000e+00   1.6024e-03   2.6852e+02
20260814_20:00:00   4.0228e-01   9.3531e+01   7.5811e+00   0.0000e+00   3.9583e-03   2.6747e+02
20260814_21:00:00   3.9004e-01   9.1394e+01   7.3231e+00   0.0000e+00   2.0201e-03   2.6766e+02
20260814_22:00:00   3.8976e-01   9.1349e+01   7.2803e+00   0.0000e+00   5.6076e-05   2.6862e+02
20260814_23:00:00   3.8129e-01   8.9776e+01   7.1285e+00   0.0000e+00   1.6798e-06   2.6790e+02
20260815_00:00:00   3.8077e-01   8.9642e+01   7.0818e+00   0.0000e+00   0.0000e+00   2.6717e+02
20260815_01:00:00   3.7271e-01   8.8134e+01   6.9432e+00   0.0000e+00   0.0000e+00   2.6980e+02
20260815_02:00:00   3.7208e-01   8.7961e+01   6.9375e+00   5.0580e-05   1.3320e-04   2.7003e+02
20260815_03:00:00   3.9230e-01   9.1636e+01   7.2563e+00   6.1670e-05   1.5410e-03   2.7211e+02
20260815_04:00:00   4.1445e-01   9.5576e+01   7.5846e+00   0.0000e+00   0.0000e+00   2.7504e+02
20260815_05:00:00   4.1116e-01   9.4864e+01   7.5535e+00   0.0000e+00   0.0000e+00   2.7493e+02
20260815_06:00:00   4.1411e-01   9.5309e+01   7.5775e+00   2.6610e-06   0.0000e+00   2.7532e+02
20260815_07:00:00   4.1257e-01   9.4936e+01   7.5266e+00   1.4240e-05   0.0000e+00   2.7768e+02
20260815_08:00:00   4.1661e-01   9.5537e+01   7.5343e+00   3.9384e-04   6.7042e-05   2.8219e+02
20260815_09:00:00   4.2677e-01   9.7173e+01   7.6322e+00   1.7765e-03   1.6693e-03   2.8541e+02
20260815_10:00:00   4.3295e-01   9.8257e+01   7.5766e+00   4.6668e-03   4.0225e-03   2.9211e+02
20260815_11:00:00   4.3372e-01   9.8368e+01   7.5586e+00   5.2980e-03   7.5605e-03   2.9752e+02
20260815_12:00:00   4.5878e-01   1.0271e+02   7.7350e+00   1.0222e-02   2.3085e-03   2.9995e+02
20260815_13:00:00   5.2901e-01   1.1448e+02   8.0069e+00   2.8994e-02   2.1808e-03   2.9593e+02
20260815_14:00:00   4.8762e-01   1.0777e+02   7.7968e+00   1.6666e-02   2.6416e-04   2.9309e+02
20260815_15:00:00   5.2983e-01   1.1488e+02   7.7470e+00   3.3395e-02   2.8632e-04   2.9166e+02
20260815_16:00:00   4.7387e-01   1.0560e+02   7.6741e+00   1.2344e-02   5.8456e-05   2.9015e+02
20260815_17:00:00   4.4037e-01   9.9706e+01   7.6456e+00   1.4441e-03   3.7385e-03   2.8969e+02
20260815_18:00:00   4.3383e-01   9.8641e+01   7.3315e+00   6.0900e-03   1.0257e-03   2.8724e+02
20260815_19:00:00   4.0019e-01   9.2675e+01   7.0138e+00   9.2380e-05   1.6288e-04   2.8729e+02
20260815_20:00:00   4.0268e-01   9.3090e+01   7.0269e+00   4.1092e-05   1.0752e-06   2.8808e+02
20260815_21:00:00   4.0809e-01   9.3966e+01   7.1073e+00   7.2923e-05   6.7542e-04   2.8485e+02
20260815_22:00:00   3.9606e-01   9.1806e+01   6.8484e+00   6.5799e-04   0.0000e+00   2.8528e+02
20260815_23:00:00   3.8870e-01   9.0399e+01   6.7639e+00   1.4107e-04   0.0000e+00   2.8440e+02
20260816_00:00:00   3.8441e-01   8.9537e+01   6.7098e+00   6.2810e-06   6.7199e-07   2.8306e+02
20260816_01:00:00   3.7696e-01   8.8035e+01   6.6564e+00   0.0000e+00   0.0000e+00   2.8574e+02
20260816_02:00:00   3.6790e-01   8.6303e+01   6.5426e+00   0.0000e+00   0.0000e+00   2.8529e+02
20260816_03:00:00   3.6176e-01   8.5244e+01   6.4245e+00   0.0000e+00   0.0000e+00   2.8697e+02
20260816_04:00:00   3.7571e-01   8.7759e+01   6.6614e+00   2.7200e-06   0.0000e+00   2.8760e+02
20260816_05:00:00   3.9147e-01   9.0606e+01   6.9025e+00   4.2719e-05   0.0000e+00   2.8832e+02
20260816_06:00:00   3.9944e-01   9.2025e+01   6.9991e+00   2.8220e-04   7.9223e-05   2.8714e+02
20260816_07:00:00   4.0011e-01   9.2231e+01   6.8575e+00   2.5107e-03   3.8655e-04   2.8698e+02
20260816_08:00:00   4.1590e-01   9.4976e+01   6.9478e+00   7.0050e-03   4.3400e-05   2.8602e+02
20260816_09:00:00   3.9254e-01   9.0787e+01   6.7154e+00   2.7090e-03   9.3300e-06   2.8514e+02
20260816_10:00:00   3.8278e-01   8.8971e+01   6.6303e+00   1.0625e-03   0.0000e+00   2.8441e+02
20260816_11:00:00   3.8604e-01   8.9437e+01   6.7445e+00   1.1705e-04   0.0000e+00   2.8352e+02
20260816_12:00:00   3.7584e-01   8.7629e+01   6.5774e+00   0.0000e+00   0.0000e+00   2.8551e+02
20260816_13:00:00   3.7792e-01   8.8009e+01   6.6103e+00   0.0000e+00   2.6118e-05   2.8591e+02
20260816_14:00:00   3.6184e-01   8.5168e+01   6.3346e+00   0.0000e+00   3.5754e-04   2.8736e+02
20260816_15:00:00   3.6644e-01   8.6059e+01   6.4028e+00   1.6866e-05   8.9959e-04   2.8992e+02
20260816_16:00:00   3.6236e-01   8.5483e+01   6.2523e+00   3.5980e-04   2.6471e-04   2.9123e+02
20260816_17:00:00   3.6286e-01   8.5650e+01   6.2412e+00   4.5370e-05   8.0177e-04   2.9286e+02
20260816_18:00:00   3.4984e-01   8.3277e+01   6.0411e+00   3.8300e-06   1.2912e-03   2.9339e+02
20260816_19:00:00   3.4135e-01   8.1661e+01   5.9258e+00   0.0000e+00   1.9481e-03   2.9271e+02
20260816_20:00:00   3.4266e-01   8.1921e+01   5.9309e+00   0.0000e+00   2.7508e-03   2.9305e+02
20260816_21:00:00   3.3631e-01   8.0717e+01   5.8155e+00   0.0000e+00   2.7121e-03   2.9481e+02
20260816_22:00:00   3.2477e-01   7.8510e+01   5.6086e+00   0.0000e+00   2.1117e-03   2.9573e+02
20260816_23:00:00   3.2512e-01   7.8566e+01   5.6061e+00   7.7630e-05   2.5665e-03   2.9451e+02
20260817_00:00:00   3.0958e-01   7.5644e+01   5.3389e+00   4.8216e-05   6.3243e-03   2.9615e+02
20260817_01:00:00   3.0583e-01   7.4968e+01   5.2673e+00   3.0277e-05   4.3546e-03   2.9879e+02
20260817_02:00:00   3.0937e-01   7.5715e+01   5.2919e+00   2.6251e-04   3.5518e-03   3.0326e+02
20260817_03:00:00   3.0703e-01   7.5294e+01   5.1811e+00   1.4422e-03   6.3624e-04   3.0610e+02
20260817_04:00:00   2.7885e-01   6.9780e+01   4.7253e+00   4.5780e-04   3.7000e-05   3.1088e+02
20260817_05:00:00   2.4539e-01   6.2970e+01   4.1804e+00   5.0850e-07   0.0000e+00   3.1235e+02
20260817_06:00:00   2.3437e-01   6.0643e+01   3.9862e+00   0.0000e+00   0.0000e+00   3.1763e+02
20260817_07:00:00   2.1555e-01   5.6650e+01   3.6731e+00   0.0000e+00   0.0000e+00   3.1738e+02
20260817_08:00:00   2.2158e-01   5.7914e+01   3.7676e+00   0.0000e+00   0.0000e+00   3.1852e+02
20260817_09:00:00   2.4416e-01   6.2606e+01   4.1171e+00   1.2735e-04   0.0000e+00   3.1389e+02
20260817_10:00:00   2.7984e-01   6.9801e+01   4.6322e+00   8.8037e-04   0.0000e+00   3.1422e+02
20260817_11:00:00   2.9934e-01   7.3606e+01   4.8876e+00   1.9521e-03   5.0880e-07   3.1274e+02
20260817_12:00:00   3.0156e-01   7.3988e+01   4.9747e+00   3.2075e-04   5.0790e-07   3.1332e+02
20260817_13:00:00   2.8805e-01   7.1386e+01   4.7698e+00   4.7514e-04   5.0710e-07   3.1222e+02
20260817_14:00:00   2.9645e-01   7.3087e+01   4.8431e+00   2.3429e-03   0.0000e+00   3.1177e+02
20260817_15:00:00   2.9096e-01   7.2032e+01   4.8333e+00   6.9060e-04   8.9040e-07   3.1056e+02
20260817_16:00:00   3.2110e-01   7.7846e+01   5.3513e+00   1.6260e-04   0.0000e+00   3.1223e+02
20260817_17:00:00   3.2977e-01   7.9472e+01   5.5205e+00   4.7720e-05   4.2168e-05   3.1513e+02
20260817_18:00:00   3.5063e-01   8.3341e+01   5.8396e+00   5.1739e-06   5.0329e-05   3.1395e+02
20260817_19:00:00   3.8102e-01   8.8738e+01   6.2947e+00   8.5273e-04   3.8046e-04   3.2042e+02
20260817_20:00:00   4.3174e-01   9.7312e+01   6.6831e+00   1.3362e-02   1.6491e-02   3.2229e+02
20260817_21:00:00   4.4560e-01   9.9515e+01   6.7599e+00   1.8524e-02   6.1215e-02   3.2643e+02
20260817_22:00:00   4.5412e-01   1.0114e+02   6.5599e+00   2.6953e-02   9.2834e-02   3.2587e+02
20260817_23:00:00   3.7841e-01   8.7849e+01   6.0144e+00   1.0702e-02   5.8053e-02   3.2682e+02
20260818_00:00:00   5.2680e-01   1.1323e+02   6.2020e+00   6.7222e-02   6.2040e-02   3.2532e+02
20260818_01:00:00   3.9237e-01   8.9999e+01   6.3430e+00   9.6338e-03   8.1702e-02   3.2808e+02
20260818_02:00:00   4.0316e-01   9.1800e+01   6.6153e+00   6.8800e-03   9.3032e-02   3.3102e+02
20260818_03:00:00   3.7485e-01   8.6532e+01   6.4933e+00   1.2094e-05   1.1186e-01   3.3052e+02
20260818_04:00:00   3.3218e-01   7.9072e+01   5.7310e+00   0.0000e+00   2.8016e-02   3.3185e+02
20260818_05:00:00   2.8149e-01   6.9581e+01   4.8346e+00   1.4054e-05   9.8771e-03   3.3244e+02
20260818_06:00:00   2.4281e-01   6.1848e+01   4.1811e+00   4.3810e-05   2.4833e-03   3.3452e+02
20260818_09:00:00   2.4078e-01   6.1219e+01   4.3709e+00   7.5640e-06   1.2981e-02   3.3148e+02
20260818_12:00:00   3.3746e-01   8.0475e+01   6.2167e+00   0.0000e+00   4.3443e-03   3.2757e+02
20260818_15:00:00   4.1280e-01   9.4129e+01   7.8000e+00   0.0000e+00   3.1997e-02   3.2724e+02
20260818_18:00:00   4.1304e-01   9.4606e+01   7.7459e+00   0.0000e+00   1.0343e-01   3.2371e+02
20260818_21:00:00   4.4585e-01   1.0065e+02   8.2471e+00   0.0000e+00   3.2159e-02   3.2177e+02
20260819_00:00:00   5.1803e-01   1.1209e+02   9.3583e+00   0.0000e+00   3.4712e-02   3.2576e+02
20260819_03:00:00   4.8796e-01   1.0705e+02   8.9276e+00   0.0000e+00   1.2656e-01   3.2031e+02
20260819_06:00:00   4.7820e-01   1.0577e+02   7.6652e+00   2.3610e-02   1.2955e-03   3.3125e+02
20260819_09:00:00   3.8410e-01   8.8858e+01   7.2411e+00   0.0000e+00   4.1544e-02   3.3421e+02
20260819_12:00:00   3.7391e-01   8.6911e+01   7.0833e+00   0.0000e+00   1.0864e-02   3.3364e+02
20260819_15:00:00   3.6445e-01   8.5172e+01   6.9248e+00   0.0000e+00   3.1542e-03   3.2485e+02
20260819_18:00:00   3.9938e-01   9.1679e+01   7.3671e+00   4.6700e-04   1.4501e-03   3.1703e+02
20260819_21:00:00   4.0079e-01   9.2704e+01   7.0876e+00   2.0841e-03   6.5473e-05   3.0269e+02
20260820_00:00:00   3.4430e-01   8.2879e+01   6.2079e+00   0.0000e+00   0.0000e+00   2.9197e+02
20260820_03:00:00   3.2991e-01   8.0441e+01   5.9117e+00   0.0000e+00   0.0000e+00   2.8337e+02
20260820_06:00:00   2.6344e-01   6.7303e+01   4.7368e+00   0.0000e+00   0.0000e+00   2.8081e+02
20260820_09:00:00   2.0083e-01   5.3756e+01   3.9038e+00   0.0000e+00   0.0000e+00   2.7576e+02
20260820_12:00:00   1.9294e-01   5.2266e+01   3.7659e+00   0.0000e+00   0.0000e+00   2.7637e+02
20260820_15:00:00   1.7376e-01   4.8064e+01   3.4184e+00   0.0000e+00   0.0000e+00   2.7657e+02
20260820_18:00:00   1.7404e-01   4.8035e+01   3.5196e+00   0.0000e+00   4.1900e-05   2.7657e+02
20260820_21:00:00   2.1981e-01   5.7358e+01   4.7537e+00   0.0000e+00   8.7270e-03   2.7738e+02
20260821_00:00:00   1.7711e-01   4.8371e+01   3.7516e+00   0.0000e+00   1.3182e-05   2.7859e+02
20260821_03:00:00   1.5019e-01   4.2445e+01   3.1074e+00   0.0000e+00   0.0000e+00   2.7779e+02
20260821_06:00:00   1.5042e-01   4.2581e+01   3.1015e+00   0.0000e+00   2.2440e-05   2.7694e+02
20260821_09:00:00   1.5407e-01   4.3563e+01   3.1525e+00   0.0000e+00   9.6400e-05   2.7494e+02
20260821_12:00:00   1.6298e-01   4.5611e+01   3.3524e+00   0.0000e+00   1.3756e-03   2.7339e+02
20260821_15:00:00   1.6309e-01   4.5671e+01   3.3681e+00   0.0000e+00   3.2363e-03   2.7589e+02
20260821_18:00:00   1.6349e-01   4.5847e+01   3.3562e+00   0.0000e+00   2.3197e-03   2.7434e+02
20260821_21:00:00   1.6721e-01   4.6512e+01   3.4528e+00   0.0000e+00   4.2354e-03   2.7250e+02
20260822_00:00:00   1.7916e-01   4.9057e+01   3.7226e+00   0.0000e+00   4.1237e-03   2.7593e+02
20260822_03:00:00   1.8549e-01   5.0422e+01   3.8459e+00   0.0000e+00   2.4979e-03   2.7154e+02
20260822_06:00:00   1.9386e-01   5.2311e+01   3.9604e+00   0.0000e+00   0.0000e+00   2.7404e+02
20260822_09:00:00   1.8428e-01   5.0217e+01   3.7209e+00   0.0000e+00   0.0000e+00   2.7981e+02
20260822_12:00:00   2.1888e-01   5.7845e+01   4.3862e+00   0.0000e+00   0.0000e+00   2.8633e+02
20260822_15:00:00   1.8194e-01   4.9202e+01   3.7490e+00   0.0000e+00   1.8430e-02   2.8807e+02
20260822_18:00:00   1.5658e-01   4.3293e+01   3.2434e+00   1.0326e-05   1.3282e-02   2.8553e+02
20260822_21:00:00   1.6424e-01   4.4477e+01   3.4438e+00   4.0320e-07   1.3482e-01   2.9435e+02
20260823_00:00:00   1.6766e-01   4.5378e+01   3.5109e+00   0.0000e+00   1.0058e-01   2.9026e+02
20260823_03:00:00   2.0388e-01   5.3516e+01   4.1763e+00   0.0000e+00   2.2875e-01   2.9119e+02
20260823_06:00:00   2.0552e-01   5.3562e+01   4.2703e+00   0.0000e+00   2.2236e-01   2.9386e+02
20260823_09:00:00   2.1032e-01   5.4260e+01   4.3555e+00   0.0000e+00   3.0825e-01   2.9122e+02
20260823_12:00:00   2.3603e-01   5.9499e+01   4.9590e+00   0.0000e+00   2.6718e-01   2.8636e+02
20260823_15:00:00   2.9831e-01   7.1974e+01   6.2331e+00   0.0000e+00   3.4263e-01   2.8305e+02
20260823_18:00:00   2.9968e-01   7.2016e+01   6.2546e+00   0.0000e+00   4.3464e-01   2.7662e+02
20260823_21:00:00   3.2000e-01   7.5938e+01   6.6231e+00   0.0000e+00   4.2600e-01   2.7295e+02
20260824_00:00:00   3.5832e-01   8.3331e+01   7.4060e+00   0.0000e+00   3.2632e-01   2.7201e+02
20260824_03:00:00   3.9067e-01   8.9244e+01   8.0485e+00   0.0000e+00   2.1935e-01   2.7521e+02
20260824_06:00:00   3.6220e-01   8.3937e+01   7.4869e+00   0.0000e+00   2.3471e-01   2.7510e+02
20260824_09:00:00   3.4515e-01   8.0440e+01   7.0248e+00   0.0000e+00   5.8425e-01   2.7171e+02
20260824_12:00:00   3.2836e-01   7.7759e+01   6.7954e+00   0.0000e+00   2.1166e-01   2.6922e+02
20260824_15:00:00   3.3418e-01   7.9045e+01   6.9706e+00   0.0000e+00   6.5767e-02   2.7052e+02
20260824_18:00:00   3.4022e-01   7.9991e+01   7.0009e+00   3.7930e-05   2.3610e-01   2.7144e+02
20260824_21:00:00   3.4085e-01   8.0053e+01   7.0572e+00   0.0000e+00   2.3022e-01   2.7497e+02
20260825_00:00:00   3.4807e-01   8.1517e+01   7.2060e+00   0.0000e+00   1.7554e-01   2.7700e+02
20260825_03:00:00   3.6151e-01   8.4168e+01   7.5268e+00   0.0000e+00   1.2371e-01   2.7629e+02
20260825_06:00:00   3.9793e-01   9.0699e+01   8.1954e+00   0.0000e+00   3.7336e-01   2.7211e+02
20260825_09:00:00   4.5646e-01   1.0103e+02   9.2188e+00   0.0000e+00   4.0379e-01   2.7354e+02
20260825_12:00:00   5.1497e-01   1.1121e+02   9.9317e+00   1.0060e-02   7.0068e-02   2.7489e+02
20260825_15:00:00   5.0536e-01   1.1043e+02   9.4509e+00   1.4200e-02   2.1468e-02   2.7855e+02
20260825_18:00:00   5.8074e-01   1.2197e+02   1.1245e+01   5.9301e-03   5.4382e-02   2.7739e+02
20260825_21:00:00   5.6817e-01   1.1993e+02   1.1227e+01   0.0000e+00   2.9184e-01   2.7568e+02
20260826_00:00:00   5.4468e-01   1.1649e+02   1.0966e+01   0.0000e+00   1.4518e-01   2.8141e+02
20260826_03:00:00   5.0077e-01   1.0955e+02   1.0152e+01   0.0000e+00   2.7572e-01   2.8255e+02
20260826_06:00:00   4.6914e-01   1.0415e+02   9.6788e+00   0.0000e+00   1.0446e-01   2.7999e+02
20260826_09:00:00   4.8767e-01   1.0682e+02   9.8996e+00   2.7380e-05   2.1100e-01   2.8123e+02
20260826_12:00:00   4.8905e-01   1.0680e+02   9.8425e+00   1.2823e-04   1.9958e-01   2.8273e+02
20260826_15:00:00   4.7543e-01   1.0444e+02   9.5161e+00   3.0097e-03   4.8473e-02   2.8226e+02
20260826_18:00:00   4.8342e-01   1.0558e+02   9.5309e+00   5.1439e-03   2.2075e-01   2.8008e+02
20260826_21:00:00   4.9361e-01   1.0731e+02   9.8106e+00   1.3346e-03   3.4783e-01   2.7703e+02
20260827_00:00:00   4.6721e-01   1.0350e+02   9.4347e+00   5.5806e-04   4.6623e-02   2.7507e+02
20260827_03:00:00   4.5882e-01   1.0214e+02   9.2930e+00   0.0000e+00   1.9465e-01   2.6914e+02
20260827_06:00:00   4.5034e-01   1.0098e+02   9.1874e+00   0.0000e+00   1.0447e-01   2.6528e+02
20260827_09:00:00   4.2777e-01   9.7635e+01   8.6171e+00   0.0000e+00   2.7467e-02   2.6654e+02
20260827_12:00:00   3.8347e-01   9.0327e+01   7.6585e+00   0.0000e+00   3.7421e-03   2.6626e+02
20260827_15:00:00   3.5896e-01   8.6159e+01   7.1930e+00   0.0000e+00   2.0158e-03   2.6734e+02
20260827_18:00:00   3.2730e-01   8.0467e+01   6.5589e+00   0.0000e+00   2.0659e-03   2.6642e+02
20260827_21:00:00   3.0790e-01   7.6927e+01   6.1469e+00   0.0000e+00   6.3420e-04   2.6568e+02
20260828_00:00:00   2.6619e-01   6.8662e+01   5.3429e+00   0.0000e+00   2.8763e-03   2.6291e+02
20260828_03:00:00   2.1766e-01   5.8258e+01   4.4509e+00   0.0000e+00   2.6596e-04   2.6170e+02
20260828_06:00:00   1.9180e-01   5.2439e+01   3.9501e+00   0.0000e+00   2.8107e-03   2.6099e+02
20260828_09:00:00   1.8318e-01   5.0491e+01   3.7590e+00   0.0000e+00   2.0580e-04   2.6153e+02
20260828_12:00:00   1.7522e-01   4.8706e+01   3.5880e+00   0.0000e+00   0.0000e+00   2.5850e+02
20260828_15:00:00   1.8020e-01   4.9872e+01   3.7071e+00   0.0000e+00   9.1160e-06   2.5934e+02
20260828_18:00:00   2.0693e-01   5.5867e+01   4.2510e+00   0.0000e+00   5.7100e-05   2.5673e+02
20260828_21:00:00   2.4990e-01   6.4700e+01   5.2160e+00   0.0000e+00   1.6254e-02   2.5748e+02
20260829_00:00:00   2.3623e-01   6.2038e+01   4.8085e+00   0.0000e+00   1.4384e-03   2.6035e+02
20260829_03:00:00   2.2958e-01   6.0592e+01   4.6400e+00   0.0000e+00   3.4845e-03   2.6319e+02
20260829_06:00:00   2.1931e-01   5.8031e+01   4.5616e+00   0.0000e+00   4.6881e-04   2.6521e+02
