#            date       tau255        Tb[K]      pwv[mm] lwp[kg*m^-2] iwp[kg*m^-2]       o3[DU]
20260803_00:00:00   3.1049e-01   7.6115e+01   6.5039e+00   0.0000e+00   3.4476e-03   2.7502e+02
20260803_01:00:00   3.1538e-01   7.7053e+01   6.6098e+00   0.0000e+00   1.2252e-03   2.7223e+02
20260803_02:00:00   3.2938e-01   7.9651e+01   6.9057e+00   0.0000e+00   3.7339e-03   2.6957e+02
20260803_03:00:00   3.3832e-01   8.1283e+01   7.0973e+00   0.0000e+00   1.4357e-02   2.6419e+02
20260803_04:00:00   3.4785e-01   8.3061e+01   7.2741e+00   0.0000e+00   2.5320e-02   2.6322e+02
20260803_05:00:00   3.4771e-01   8.3092e+01   7.2414e+00   0.0000e+00   3.0305e-02   2.6241e+02
20260803_06:00:00   3.3825e-01   8.1428e+01   7.0320e+00   0.0000e+00   6.5238e-03   2.6726e+02
20260803_07:00:00   3.1440e-01   7.7024e+01   6.5170e+00   0.0000e+00   2.9925e-03   2.7233e+02
20260803_08:00:00   3.0523e-01   7.5231e+01   6.3283e+00   0.0000e+00   7.4842e-03   2.6994e+02
20260803_09:00:00   2.9284e-01   7.2888e+01   6.0452e+00   0.0000e+00   2.5406e-02   2.6776e+02
20260803_10:00:00   2.8635e-01   7.1750e+01   5.8744e+00   0.0000e+00   3.7370e-03   2.7183e+02
20260803_11:00:00   2.8022e-01   7.0609e+01   5.7257e+00   0.0000e+00   3.5685e-03   2.7605e+02
20260803_12:00:00   2.7166e-01   6.8970e+01   5.5272e+00   0.0000e+00   2.8900e-03   2.8204e+02
20260803_13:00:00   2.5867e-01   6.6416e+01   5.2393e+00   0.0000e+00   3.6608e-03   2.8217e+02
20260803_14:00:00   2.4168e-01   6.2928e+01   4.9024e+00   0.0000e+00   1.6598e-03   2.8222e+02
20260803_15:00:00   2.3358e-01   6.1142e+01   4.7681e+00   0.0000e+00   2.3074e-03   2.8137e+02
20260803_16:00:00   2.1640e-01   5.7471e+01   4.4216e+00   0.0000e+00   4.1216e-03   2.8189e+02
20260803_17:00:00   2.1506e-01   5.7040e+01   4.4337e+00   0.0000e+00   8.7301e-03   2.8163e+02
20260803_18:00:00   2.1451e-01   5.7010e+01   4.4069e+00   0.0000e+00   3.3038e-03   2.8304e+02
20260803_19:00:00   2.0867e-01   5.5720e+01   4.2950e+00   0.0000e+00   3.7655e-03   2.8476e+02
20260803_20:00:00   2.0220e-01   5.4397e+01   4.1346e+00   0.0000e+00   5.8579e-04   2.8373e+02
20260803_21:00:00   1.9329e-01   5.2436e+01   3.9448e+00   0.0000e+00   6.2639e-05   2.8081e+02
20260803_22:00:00   1.8104e-01   4.9756e+01   3.6637e+00   0.0000e+00   6.4479e-04   2.7706e+02
20260803_23:00:00   1.6564e-01   4.6300e+01   3.3181e+00   0.0000e+00   1.4064e-03   2.7479e+02
20260804_00:00:00   1.5787e-01   4.4343e+01   3.1852e+00   0.0000e+00   5.1745e-03   2.7891e+02
20260804_01:00:00   1.5080e-01   4.2588e+01   3.0558e+00   0.0000e+00   9.5341e-03   2.7881e+02
20260804_02:00:00   1.5229e-01   4.2842e+01   3.1043e+00   0.0000e+00   1.5611e-02   2.8048e+02
20260804_03:00:00   1.6490e-01   4.5470e+01   3.4237e+00   0.0000e+00   1.5684e-02   2.7988e+02
20260804_04:00:00   1.3897e-01   3.9855e+01   2.7796e+00   0.0000e+00   2.9539e-03   2.8003e+02
20260804_05:00:00   1.2814e-01   3.7483e+01   2.4868e+00   0.0000e+00   1.8076e-03   2.8081e+02
20260804_06:00:00   1.2246e-01   3.6175e+01   2.3388e+00   0.0000e+00   1.6427e-03   2.8120e+02
20260804_07:00:00   1.1846e-01   3.5175e+01   2.2507e+00   0.0000e+00   1.1560e-03   2.8291e+02
20260804_08:00:00   1.1202e-01   3.3565e+01   2.1182e+00   0.0000e+00   7.4626e-04   2.8172e+02
20260804_09:00:00   1.0755e-01   3.2326e+01   2.0509e+00   0.0000e+00   1.6677e-03   2.8150e+02
20260804_10:00:00   1.0283e-01   3.1176e+01   1.9445e+00   0.0000e+00   2.4062e-03   2.7896e+02
20260804_11:00:00   9.5326e-02   2.9347e+01   1.7729e+00   0.0000e+00   9.1810e-04   2.7642e+02
20260804_12:00:00   9.9841e-02   3.0438e+01   1.8730e+00   0.0000e+00   1.5390e-03   2.7509e+02
20260804_13:00:00   9.8076e-02   2.9943e+01   1.8479e+00   0.0000e+00   1.3752e-03   2.7634e+02
20260804_14:00:00   9.8394e-02   2.9991e+01   1.8626e+00   0.0000e+00   1.8250e-03   2.7905e+02
20260804_15:00:00   9.6298e-02   2.9451e+01   1.8230e+00   0.0000e+00   2.2435e-04   2.8000e+02
20260804_16:00:00   9.8051e-02   2.9847e+01   1.8749e+00   0.0000e+00   7.7140e-04   2.8162e+02
20260804_17:00:00   1.0303e-01   3.1075e+01   1.9891e+00   0.0000e+00   5.5890e-04   2.8096e+02
20260804_18:00:00   1.0660e-01   3.1955e+01   2.0696e+00   0.0000e+00   8.6880e-04   2.8090e+02
20260804_19:00:00   1.0821e-01   3.2383e+01   2.0995e+00   0.0000e+00   3.3100e-04   2.7991e+02
20260804_20:00:00   1.0871e-01   3.2476e+01   2.1162e+00   0.0000e+00   6.2894e-04   2.7750e+02
20260804_21:00:00   1.0873e-01   3.2458e+01   2.1198e+00   0.0000e+00   4.7962e-04   2.7737e+02
20260804_22:00:00   1.1116e-01   3.2978e+01   2.1826e+00   0.0000e+00   5.6260e-04   2.7831e+02
20260804_23:00:00   1.1186e-01   3.3076e+01   2.2128e+00   0.0000e+00   4.8739e-04   2.7920e+02
20260805_00:00:00   1.1259e-01   3.3160e+01   2.2406e+00   0.0000e+00   5.9669e-04   2.8045e+02
20260805_01:00:00   1.1370e-01   3.3411e+01   2.2610e+00   0.0000e+00   2.6640e-04   2.7858e+02
20260805_02:00:00   1.1289e-01   3.3190e+01   2.2474e+00   0.0000e+00   2.5500e-04   2.7941e+02
20260805_03:00:00   1.1230e-01   3.3006e+01   2.2402e+00   0.0000e+00   2.5860e-04   2.7669e+02
20260805_04:00:00   1.1196e-01   3.2923e+01   2.2337e+00   0.0000e+00   3.5140e-04   2.7469e+02
20260805_05:00:00   1.1063e-01   3.2560e+01   2.2142e+00   0.0000e+00   5.6060e-04   2.7225e+02
20260805_06:00:00   1.1108e-01   3.2670e+01   2.2227e+00   0.0000e+00   6.0540e-05   2.7296e+02
20260805_07:00:00   1.1010e-01   3.2419e+01   2.2002e+00   0.0000e+00   6.6180e-06   2.7474e+02
20260805_08:00:00   1.0671e-01   3.1623e+01   2.1194e+00   0.0000e+00   0.0000e+00   2.7393e+02
20260805_09:00:00   1.0639e-01   3.1541e+01   2.1114e+00   0.0000e+00   0.0000e+00   2.7332e+02
20260805_10:00:00   1.0446e-01   3.1100e+01   2.0628e+00   0.0000e+00   0.0000e+00   2.7231e+02
20260805_11:00:00   1.0200e-01   3.0511e+01   2.0036e+00   0.0000e+00   0.0000e+00   2.6965e+02
20260805_12:00:00   1.0002e-01   3.0029e+01   1.9583e+00   0.0000e+00   0.0000e+00   2.6731e+02
20260805_13:00:00   9.7793e-02   2.9494e+01   1.9077e+00   0.0000e+00   0.0000e+00   2.6551e+02
20260805_14:00:00   9.6749e-02   2.9175e+01   1.9011e+00   0.0000e+00   0.0000e+00   2.6546e+02
20260805_15:00:00   9.6347e-02   2.9089e+01   1.8922e+00   0.0000e+00   0.0000e+00   2.6548e+02
20260805_16:00:00   9.7353e-02   2.9348e+01   1.9143e+00   0.0000e+00   0.0000e+00   2.6426e+02
20260805_17:00:00   9.8946e-02   2.9775e+01   1.9445e+00   0.0000e+00   0.0000e+00   2.6372e+02
20260805_18:00:00   1.0256e-01   3.0666e+01   2.0245e+00   0.0000e+00   0.0000e+00   2.6365e+02
20260805_19:00:00   1.0469e-01   3.1185e+01   2.0687e+00   0.0000e+00   0.0000e+00   2.6304e+02
20260805_20:00:00   1.0619e-01   3.1541e+01   2.1038e+00   0.0000e+00   0.0000e+00   2.6359e+02
20260805_21:00:00   1.0328e-01   3.0759e+01   2.0550e+00   0.0000e+00   0.0000e+00   2.6434e+02
20260805_22:00:00   1.0101e-01   3.0212e+01   2.0012e+00   0.0000e+00   0.0000e+00   2.6349e+02
20260805_23:00:00   1.0180e-01   3.0327e+01   2.0312e+00   0.0000e+00   0.0000e+00   2.6248e+02
20260806_00:00:00   1.0185e-01   3.0285e+01   2.0405e+00   0.0000e+00   0.0000e+00   2.6161e+02
20260806_01:00:00   1.0511e-01   3.0996e+01   2.1277e+00   0.0000e+00   0.0000e+00   2.5958e+02
20260806_02:00:00   1.0965e-01   3.1996e+01   2.2498e+00   0.0000e+00   3.2978e-05   2.5916e+02
20260806_03:00:00   1.1378e-01   3.2936e+01   2.3516e+00   0.0000e+00   1.9452e-05   2.6007e+02
20260806_04:00:00   1.1913e-01   3.4178e+01   2.4754e+00   0.0000e+00   4.2675e-05   2.6077e+02
20260806_05:00:00   1.2503e-01   3.5563e+01   2.6022e+00   0.0000e+00   1.0910e-04   2.6086e+02
20260806_06:00:00   1.2860e-01   3.6368e+01   2.6863e+00   0.0000e+00   6.0700e-05   2.6142e+02
20260806_07:00:00   1.3544e-01   3.7913e+01   2.8452e+00   0.0000e+00   9.2920e-05   2.6140e+02
20260806_08:00:00   1.4158e-01   3.9316e+01   2.9784e+00   0.0000e+00   8.4020e-05   2.6130e+02
20260806_09:00:00   1.4970e-01   4.1182e+01   3.1471e+00   0.0000e+00   7.0040e-05   2.6179e+02
20260806_10:00:00   1.5640e-01   4.2741e+01   3.2719e+00   0.0000e+00   4.3940e-05   2.6249e+02
20260806_11:00:00   1.5978e-01   4.3563e+01   3.3269e+00   0.0000e+00   0.0000e+00   2.6240e+02
20260806_12:00:00   1.6438e-01   4.4648e+01   3.4052e+00   0.0000e+00   0.0000e+00   2.6267e+02
20260806_13:00:00   1.7156e-01   4.6303e+01   3.5421e+00   0.0000e+00   0.0000e+00   2.6400e+02
20260806_14:00:00   1.7641e-01   4.7500e+01   3.6112e+00   0.0000e+00   0.0000e+00   2.6421e+02
20260806_15:00:00   1.8023e-01   4.8484e+01   3.6712e+00   0.0000e+00   0.0000e+00   2.6378e+02
20260806_16:00:00   1.9152e-01   5.1078e+01   3.8869e+00   0.0000e+00   0.0000e+00   2.6303e+02
20260806_17:00:00   2.0670e-01   5.4496e+01   4.1630e+00   0.0000e+00   0.0000e+00   2.6381e+02
20260806_18:00:00   2.1999e-01   5.7418e+01   4.4105e+00   0.0000e+00   0.0000e+00   2.6422e+02
20260806_19:00:00   2.4550e-01   6.2848e+01   4.8955e+00   0.0000e+00   0.0000e+00   2.6499e+02
20260806_20:00:00   2.7131e-01   6.8261e+01   5.3764e+00   0.0000e+00   0.0000e+00   2.6514e+02
20260806_21:00:00   2.8433e-01   7.0922e+01   5.6191e+00   0.0000e+00   0.0000e+00   2.6421e+02
20260806_22:00:00   2.8962e-01   7.1998e+01   5.7151e+00   0.0000e+00   0.0000e+00   2.6567e+02
20260806_23:00:00   2.8714e-01   7.1555e+01   5.6616e+00   0.0000e+00   0.0000e+00   2.6679e+02
20260807_00:00:00   2.7907e-01   6.9894e+01   5.5155e+00   0.0000e+00   0.0000e+00   2.6682e+02
20260807_01:00:00   2.8238e-01   7.0554e+01   5.5944e+00   0.0000e+00   0.0000e+00   2.6835e+02
20260807_02:00:00   2.8498e-01   7.1054e+01   5.6384e+00   0.0000e+00   0.0000e+00   2.6843e+02
20260807_03:00:00   2.8860e-01   7.1705e+01   5.7032e+00   0.0000e+00   0.0000e+00   2.6985e+02
20260807_04:00:00   2.8846e-01   7.1619e+01   5.7193e+00   0.0000e+00   0.0000e+00   2.7000e+02
20260807_05:00:00   2.8996e-01   7.1850e+01   5.7656e+00   0.0000e+00   0.0000e+00   2.7048e+02
20260807_06:00:00   2.9749e-01   7.3290e+01   5.9203e+00   0.0000e+00   0.0000e+00   2.7067e+02
20260807_07:00:00   3.1423e-01   7.6556e+01   6.2303e+00   0.0000e+00   0.0000e+00   2.7231e+02
20260807_08:00:00   3.3931e-01   8.1347e+01   6.7031e+00   0.0000e+00   0.0000e+00   2.7343e+02
20260807_09:00:00   3.6593e-01   8.6326e+01   7.1642e+00   0.0000e+00   0.0000e+00   2.7407e+02
20260807_10:00:00   3.8530e-01   8.9894e+01   7.4914e+00   0.0000e+00   0.0000e+00   2.7468e+02
20260807_11:00:00   3.9534e-01   9.1744e+01   7.6524e+00   0.0000e+00   0.0000e+00   2.7587e+02
20260807_12:00:00   3.9411e-01   9.1532e+01   7.6435e+00   0.0000e+00   0.0000e+00   2.7422e+02
20260807_13:00:00   3.9110e-01   9.0965e+01   7.6047e+00   0.0000e+00   0.0000e+00   2.7362e+02
20260807_14:00:00   3.8923e-01   9.0659e+01   7.5523e+00   0.0000e+00   0.0000e+00   2.7352e+02
20260807_15:00:00   3.8438e-01   8.9792e+01   7.4840e+00   0.0000e+00   6.7200e-07   2.7380e+02
20260807_16:00:00   3.9593e-01   9.1730e+01   7.7179e+00   0.0000e+00   5.0400e-06   2.7467e+02
20260807_17:00:00   4.0305e-01   9.2936e+01   7.9011e+00   0.0000e+00   2.3836e-05   2.7373e+02
20260807_18:00:00   4.0721e-01   9.3660e+01   7.9675e+00   0.0000e+00   1.8428e-05   2.7249e+02
20260807_19:00:00   4.0629e-01   9.3452e+01   7.9210e+00   0.0000e+00   7.0160e-06   2.7180e+02
20260807_20:00:00   3.7433e-01   8.7640e+01   7.3587e+00   0.0000e+00   0.0000e+00   2.7245e+02
20260807_21:00:00   3.4633e-01   8.2436e+01   6.8353e+00   0.0000e+00   0.0000e+00   2.7062e+02
20260807_22:00:00   3.3053e-01   7.9498e+01   6.4675e+00   0.0000e+00   0.0000e+00   2.6871e+02
20260807_23:00:00   2.8729e-01   7.1194e+01   5.5692e+00   0.0000e+00   0.0000e+00   2.6708e+02
20260808_00:00:00   2.4211e-01   6.2094e+01   4.6195e+00   0.0000e+00   0.0000e+00   2.6649e+02
20260808_03:00:00   2.0334e-01   5.3826e+01   3.8059e+00   0.0000e+00   0.0000e+00   2.6786e+02
20260808_06:00:00   1.6257e-01   4.4421e+01   3.1157e+00   0.0000e+00   0.0000e+00   2.6838e+02
20260808_09:00:00   1.4053e-01   3.9262e+01   2.7006e+00   0.0000e+00   0.0000e+00   2.6513e+02
20260808_12:00:00   1.3474e-01   3.7978e+01   2.5675e+00   0.0000e+00   0.0000e+00   2.6409e+02
20260808_15:00:00   1.2590e-01   3.6129e+01   2.3396e+00   0.0000e+00   0.0000e+00   2.6801e+02
20260808_18:00:00   1.4788e-01   4.1251e+01   2.7972e+00   0.0000e+00   5.4545e-05   2.7292e+02
20260808_21:00:00   1.7091e-01   4.6243e+01   3.3307e+00   0.0000e+00   4.6260e-06   2.7450e+02
20260809_00:00:00   1.7425e-01   4.6757e+01   3.4442e+00   0.0000e+00   5.2260e-05   2.7606e+02
20260809_03:00:00   1.7166e-01   4.6003e+01   3.4260e+00   0.0000e+00   7.3640e-04   2.7745e+02
20260809_06:00:00   1.7715e-01   4.7142e+01   3.5364e+00   0.0000e+00   9.2500e-06   2.7994e+02
20260809_09:00:00   1.3585e-01   3.8028e+01   2.5993e+00   0.0000e+00   2.2760e-05   2.7704e+02
20260809_12:00:00   9.7692e-02   2.9246e+01   1.7169e+00   0.0000e+00   0.0000e+00   2.8282e+02
20260809_15:00:00   7.8252e-02   2.4763e+01   1.2438e+00   0.0000e+00   0.0000e+00   2.8780e+02
20260809_18:00:00   1.0882e-01   3.2384e+01   1.8447e+00   0.0000e+00   0.0000e+00   2.8466e+02
20260809_21:00:00   1.2526e-01   3.6204e+01   2.2197e+00   0.0000e+00   0.0000e+00   2.8142e+02
20260810_00:00:00   1.1335e-01   3.3233e+01   2.0136e+00   0.0000e+00   0.0000e+00   2.7992e+02
20260810_03:00:00   1.0283e-01   3.0661e+01   1.8093e+00   0.0000e+00   0.0000e+00   2.8151e+02
20260810_06:00:00   8.9353e-02   2.7519e+01   1.4942e+00   0.0000e+00   0.0000e+00   2.8344e+02
20260810_09:00:00   6.9305e-02   2.2583e+01   1.0814e+00   0.0000e+00   0.0000e+00   2.8432e+02
20260810_12:00:00   5.9399e-02   2.0037e+01   8.9063e-01   0.0000e+00   0.0000e+00   2.8369e+02
20260810_15:00:00   5.7614e-02   1.9558e+01   8.7772e-01   0.0000e+00   0.0000e+00   2.8385e+02
20260810_18:00:00   6.5496e-02   2.1582e+01   1.0755e+00   0.0000e+00   0.0000e+00   2.8073e+02
20260810_21:00:00   8.0443e-02   2.5353e+01   1.4305e+00   0.0000e+00   0.0000e+00   2.7874e+02
20260811_00:00:00   7.7533e-02   2.4552e+01   1.3924e+00   0.0000e+00   0.0000e+00   2.7786e+02
20260811_03:00:00   8.2617e-02   2.5510e+01   1.5791e+00   0.0000e+00   4.9500e-05   2.7523e+02
20260811_06:00:00   1.0874e-01   3.1419e+01   2.2447e+00   0.0000e+00   9.8992e-04   2.7602e+02
20260811_09:00:00   1.2013e-01   3.3900e+01   2.5305e+00   0.0000e+00   8.3101e-03   2.7646e+02
20260811_12:00:00   1.2059e-01   3.4007e+01   2.5399e+00   0.0000e+00   3.5897e-03   2.7796e+02
20260811_15:00:00   1.7128e-01   4.5369e+01   3.6800e+00   0.0000e+00   3.7875e-03   2.7628e+02
20260811_18:00:00   2.1568e-01   5.4943e+01   4.6054e+00   0.0000e+00   5.5000e-02   2.7760e+02
20260811_21:00:00   2.6015e-01   6.4328e+01   5.4926e+00   0.0000e+00   1.0529e-01   2.7673e+02
20260812_00:00:00   2.7430e-01   6.7105e+01   5.7101e+00   0.0000e+00   2.6810e-01   2.7640e+02
20260812_03:00:00   3.2526e-01   7.7353e+01   6.6856e+00   0.0000e+00   3.6524e-01   2.7762e+02
20260812_06:00:00   3.3431e-01   7.8933e+01   6.7161e+00   0.0000e+00   5.0730e-01   2.7783e+02
20260812_09:00:00   5.9988e-01   1.2463e+02   1.1137e+01   0.0000e+00   4.7776e-01   2.8043e+02
20260812_12:00:00   4.0592e-01   9.3654e+01   7.8321e+00   0.0000e+00   4.3043e-02   2.8570e+02
20260812_15:00:00   3.8698e-01   9.0460e+01   7.4092e+00   4.6260e-06   2.5923e-02   2.8892e+02
20260812_18:00:00   3.1347e-01   7.7179e+01   5.9769e+00   0.0000e+00   1.8814e-05   2.8334e+02
20260812_21:00:00   2.6480e-01   6.7939e+01   4.9847e+00   0.0000e+00   0.0000e+00   2.7780e+02
20260813_00:00:00   2.0323e-01   5.4804e+01   3.8684e+00   0.0000e+00   0.0000e+00   2.7297e+02
20260813_03:00:00   1.9895e-01   5.3370e+01   3.9881e+00   0.0000e+00   8.4370e-03   2.6840e+02
20260813_06:00:00   2.3615e-01   6.1455e+01   4.7851e+00   0.0000e+00   2.3825e-04   2.6932e+02
20260813_09:00:00   2.9072e-01   7.2900e+01   5.8742e+00   0.0000e+00   4.6077e-03   2.6919e+02
20260813_12:00:00   3.1550e-01   7.7702e+01   6.4716e+00   0.0000e+00   9.2298e-03   2.7225e+02
20260813_15:00:00   3.4174e-01   8.2707e+01   7.0697e+00   0.0000e+00   3.1314e-02   2.7488e+02
20260813_18:00:00   3.6935e-01   8.8046e+01   7.5511e+00   0.0000e+00   4.4819e-02   2.7524e+02
20260813_21:00:00   3.7136e-01   8.7958e+01   7.6316e+00   0.0000e+00   8.8054e-03   2.7829e+02
20260814_00:00:00   3.0804e-01   7.5454e+01   6.2841e+00   0.0000e+00   2.4192e-01   2.8033e+02
20260814_03:00:00   2.6937e-01   6.7723e+01   5.4264e+00   0.0000e+00   1.7817e-01   2.8229e+02
20260814_06:00:00   2.5527e-01   6.4923e+01   5.0910e+00   1.6251e-04   6.9576e-03   2.8267e+02
20260814_09:00:00   2.2188e-01   5.8254e+01   4.3035e+00   0.0000e+00   0.0000e+00   2.8233e+02
20260814_12:00:00   1.8126e-01   4.9568e+01   3.3837e+00   0.0000e+00   0.0000e+00   2.8534e+02
20260814_15:00:00   1.6586e-01   4.5948e+01   3.1375e+00   0.0000e+00   0.0000e+00   2.9046e+02
20260814_18:00:00   1.5960e-01   4.4320e+01   3.1269e+00   0.0000e+00   0.0000e+00   2.9207e+02
20260814_21:00:00   1.6336e-01   4.5094e+01   3.2818e+00   0.0000e+00   2.9000e-04   2.9139e+02
20260815_00:00:00   1.5731e-01   4.3719e+01   3.2046e+00   0.0000e+00   3.4480e-04   2.8808e+02
20260815_03:00:00   1.5815e-01   4.4094e+01   3.2345e+00   0.0000e+00   3.1877e-04   2.8431e+02
20260815_06:00:00   1.5265e-01   4.2540e+01   3.2010e+00   0.0000e+00   9.1730e-04   2.8588e+02
20260815_09:00:00   1.7217e-01   4.6696e+01   3.7044e+00   0.0000e+00   5.8758e-03   2.8537e+02
20260815_12:00:00   2.0009e-01   5.2750e+01   4.3527e+00   0.0000e+00   1.3511e-03   2.8701e+02
20260815_15:00:00   2.5733e-01   6.4793e+01   5.6526e+00   0.0000e+00   4.0303e-03   2.8789e+02
20260815_18:00:00   2.7234e-01   6.8346e+01   5.9359e+00   0.0000e+00   2.9409e-03   2.7983e+02
20260815_21:00:00   2.9106e-01   7.2162e+01   6.3134e+00   0.0000e+00   4.4685e-02   2.8021e+02
20260816_00:00:00   2.5245e-01   6.5030e+01   5.3659e+00   0.0000e+00   1.6010e-02   2.7744e+02
20260816_03:00:00   2.0308e-01   5.4758e+01   4.2319e+00   0.0000e+00   3.0980e-03   2.7649e+02
20260816_06:00:00   1.6137e-01   4.5463e+01   3.3016e+00   0.0000e+00   1.4928e-03   2.7397e+02
20260816_09:00:00   1.4595e-01   4.1708e+01   2.9883e+00   0.0000e+00   3.6935e-04   2.7163e+02
20260816_12:00:00   1.4710e-01   4.1865e+01   3.0228e+00   0.0000e+00   1.4788e-04   2.7241e+02
20260816_15:00:00   1.5815e-01   4.4191e+01   3.3259e+00   0.0000e+00   1.1560e-04   2.7248e+02
20260816_18:00:00   1.7126e-01   4.7143e+01   3.6115e+00   0.0000e+00   4.0193e-03   2.7190e+02
20260816_21:00:00   1.7974e-01   4.8886e+01   3.8059e+00   0.0000e+00   1.6419e-02   2.7399e+02
20260817_00:00:00   1.5910e-01   4.4335e+01   3.3268e+00   0.0000e+00   0.0000e+00   2.7678e+02
20260817_03:00:00   1.5351e-01   4.3390e+01   3.1419e+00   0.0000e+00   0.0000e+00   2.7763e+02
20260817_06:00:00   1.3042e-01   3.8036e+01   2.6163e+00   0.0000e+00   3.0980e-05   2.7796e+02
20260817_09:00:00   1.3018e-01   3.7929e+01   2.6302e+00   0.0000e+00   0.0000e+00   2.7654e+02
20260817_12:00:00   1.3389e-01   3.8833e+01   2.7151e+00   0.0000e+00   4.2840e-05   2.7333e+02
20260817_15:00:00   1.3492e-01   3.9169e+01   2.7317e+00   0.0000e+00   0.0000e+00   2.7405e+02
20260817_18:00:00   1.4526e-01   4.1863e+01   2.9199e+00   0.0000e+00   0.0000e+00   2.7221e+02
20260817_21:00:00   1.5488e-01   4.4129e+01   3.1207e+00   0.0000e+00   9.0930e-04   2.6657e+02
20260818_00:00:00   1.4251e-01   4.1108e+01   2.8760e+00   0.0000e+00   5.8841e-04   2.6668e+02
20260818_03:00:00   1.4757e-01   4.2323e+01   2.9790e+00   0.0000e+00   1.2371e-03   2.6684e+02
20260818_06:00:00   1.5370e-01   4.3689e+01   3.1100e+00   0.0000e+00   9.0460e-03   2.6499e+02
20260818_09:00:00   1.6274e-01   4.5717e+01   3.3035e+00   0.0000e+00   2.6207e-03   2.6132e+02
20260818_12:00:00   1.9326e-01   5.2567e+01   3.9502e+00   0.0000e+00   5.5034e-03   2.6149e+02
20260818_15:00:00   2.0965e-01   5.6096e+01   4.2887e+00   0.0000e+00   7.5280e-03   2.6247e+02
20260818_18:00:00   2.4221e-01   6.2709e+01   5.0328e+00   0.0000e+00   5.6064e-04   2.6146e+02
20260818_21:00:00   2.2783e-01   5.9531e+01   4.7053e+00   0.0000e+00   4.9300e-03   2.6272e+02
20260819_00:00:00   2.3246e-01   6.0566e+01   4.7421e+00   0.0000e+00   9.3520e-05   2.6725e+02
