#            date       tau255        Tb[K]      pwv[mm] lwp[kg*m^-2] iwp[kg*m^-2]       o3[DU]
20260905_00:00:00   2.3088e-01   5.9633e+01   4.7533e+00   0.0000e+00   2.1300e-04   2.8318e+02
20260905_01:00:00   2.3637e-01   6.0661e+01   4.8722e+00   0.0000e+00   1.2949e-03   2.8485e+02
20260905_02:00:00   2.1597e-01   5.6321e+01   4.4497e+00   0.0000e+00   7.7385e-04   2.8570e+02
20260905_03:00:00   2.1764e-01   5.6550e+01   4.4813e+00   0.0000e+00   5.3150e-03   2.8610e+02
20260905_04:00:00   2.2423e-01   5.7976e+01   4.6054e+00   1.0752e-06   9.0442e-04   2.8703e+02
20260905_05:00:00   2.2459e-01   5.8035e+01   4.6136e+00   0.0000e+00   1.4983e-03   2.8736e+02
20260905_06:00:00   2.2999e-01   5.9155e+01   4.7189e+00   0.0000e+00   2.1504e-03   2.8700e+02
20260905_07:00:00   2.3271e-01   5.9786e+01   4.7646e+00   0.0000e+00   2.0642e-04   2.8625e+02
20260905_08:00:00   2.3233e-01   5.9727e+01   4.7424e+00   0.0000e+00   9.5280e-05   2.8464e+02
20260905_09:00:00   2.3301e-01   5.9831e+01   4.7551e+00   0.0000e+00   4.4560e-04   2.8409e+02
20260905_10:00:00   2.3499e-01   6.0270e+01   4.7984e+00   0.0000e+00   2.5579e-04   2.8361e+02
20260905_11:00:00   2.2860e-01   5.9031e+01   4.6484e+00   0.0000e+00   0.0000e+00   2.8427e+02
20260905_12:00:00   2.2871e-01   5.9052e+01   4.6519e+00   0.0000e+00   0.0000e+00   2.8600e+02
20260905_13:00:00   2.2407e-01   5.8134e+01   4.5518e+00   0.0000e+00   0.0000e+00   2.8639e+02
20260905_14:00:00   2.2904e-01   5.9169e+01   4.6581e+00   0.0000e+00   0.0000e+00   2.8589e+02
20260905_15:00:00   2.4344e-01   6.2037e+01   4.9855e+00   0.0000e+00   1.7384e-03   2.8385e+02
20260905_16:00:00   2.5847e-01   6.5102e+01   5.2921e+00   2.6480e-06   1.7886e-03   2.8192e+02
20260905_17:00:00   2.6251e-01   6.6100e+01   5.3541e+00   0.0000e+00   1.1126e-03   2.7888e+02
20260905_18:00:00   2.6542e-01   6.6816e+01   5.3960e+00   0.0000e+00   7.6879e-04   2.7728e+02
20260905_19:00:00   2.7361e-01   6.8501e+01   5.5575e+00   0.0000e+00   2.4879e-03   2.7701e+02
20260905_20:00:00   2.7925e-01   6.9670e+01   5.6642e+00   0.0000e+00   6.2601e-03   2.7765e+02
20260905_21:00:00   2.7507e-01   6.8815e+01   5.5840e+00   0.0000e+00   1.2764e-02   2.8112e+02
20260905_22:00:00   2.7378e-01   6.8509e+01   5.5569e+00   0.0000e+00   7.9922e-03   2.8552e+02
20260905_23:00:00   2.7439e-01   6.8487e+01   5.5722e+00   0.0000e+00   1.5882e-02   2.8814e+02
20260906_00:00:00   2.6486e-01   6.6473e+01   5.3937e+00   0.0000e+00   1.5546e-02   2.9167e+02
20260906_01:00:00   2.4970e-01   6.3426e+01   5.0874e+00   0.0000e+00   1.4038e-02   2.9359e+02
20260906_02:00:00   2.4254e-01   6.2039e+01   4.9269e+00   0.0000e+00   1.1769e-02   2.9346e+02
20260906_03:00:00   2.3831e-01   6.1265e+01   4.8238e+00   0.0000e+00   2.2669e-03   2.9544e+02
20260906_04:00:00   2.3021e-01   5.9716e+01   4.6203e+00   0.0000e+00   1.7023e-03   2.9608e+02
20260906_05:00:00   2.3111e-01   5.9912e+01   4.6261e+00   0.0000e+00   5.0062e-04   2.9320e+02
20260906_06:00:00   2.2696e-01   5.9020e+01   4.5344e+00   0.0000e+00   3.6644e-04   2.9366e+02
20260906_07:00:00   2.3203e-01   5.9964e+01   4.6499e+00   0.0000e+00   7.1341e-04   2.9228e+02
20260906_08:00:00   2.4030e-01   6.1594e+01   4.8196e+00   0.0000e+00   1.1560e-03   2.9148e+02
20260906_09:00:00   2.4256e-01   6.1970e+01   4.8781e+00   0.0000e+00   5.5846e-03   2.9031e+02
20260906_10:00:00   2.4255e-01   6.1889e+01   4.8623e+00   0.0000e+00   3.8437e-02   2.8907e+02
20260906_11:00:00   2.3655e-01   6.0745e+01   4.7343e+00   0.0000e+00   9.3624e-03   2.8785e+02
20260906_12:00:00   2.3729e-01   6.0876e+01   4.7481e+00   2.6880e-06   1.1839e-02   2.8686e+02
20260906_13:00:00   2.3498e-01   6.0415e+01   4.6962e+00   0.0000e+00   1.1758e-03   2.8659e+02
20260906_14:00:00   2.3305e-01   6.0036e+01   4.6561e+00   0.0000e+00   1.0206e-03   2.8563e+02
20260906_15:00:00   2.2762e-01   5.9007e+01   4.5379e+00   0.0000e+00   1.7954e-04   2.8532e+02
20260906_16:00:00   2.4177e-01   6.1960e+01   4.8215e+00   0.0000e+00   4.3505e-04   2.8413e+02
20260906_17:00:00   2.3359e-01   6.0380e+01   4.6392e+00   0.0000e+00   8.3660e-05   2.8311e+02
20260906_18:00:00   2.3433e-01   6.0643e+01   4.6401e+00   0.0000e+00   1.0988e-05   2.8135e+02
20260906_19:00:00   2.2890e-01   5.9585e+01   4.5094e+00   0.0000e+00   2.9220e-05   2.8062e+02
20260906_20:00:00   2.2837e-01   5.9499e+01   4.4888e+00   0.0000e+00   0.0000e+00   2.7956e+02
20260906_21:00:00   2.2215e-01   5.8151e+01   4.3656e+00   0.0000e+00   0.0000e+00   2.7738e+02
20260906_22:00:00   2.0796e-01   5.5025e+01   4.0893e+00   0.0000e+00   0.0000e+00   2.7796e+02
20260906_23:00:00   1.9636e-01   5.2438e+01   3.8613e+00   0.0000e+00   0.0000e+00   2.7844e+02
20260907_00:00:00   1.9690e-01   5.2524e+01   3.8703e+00   0.0000e+00   0.0000e+00   2.7987e+02
20260907_01:00:00   1.9816e-01   5.2735e+01   3.9028e+00   0.0000e+00   0.0000e+00   2.8014e+02
20260907_02:00:00   1.9390e-01   5.1748e+01   3.8247e+00   0.0000e+00   0.0000e+00   2.8119e+02
20260907_03:00:00   1.9335e-01   5.1579e+01   3.8145e+00   0.0000e+00   0.0000e+00   2.8340e+02
20260907_04:00:00   1.9177e-01   5.1194e+01   3.7838e+00   0.0000e+00   0.0000e+00   2.8453e+02
20260907_05:00:00   2.0281e-01   5.3428e+01   4.0382e+00   0.0000e+00   9.6660e-06   2.8467e+02
20260907_06:00:00   2.0127e-01   5.3030e+01   4.0183e+00   0.0000e+00   9.3980e-04   2.8475e+02
20260907_07:00:00   1.9791e-01   5.2263e+01   3.9534e+00   0.0000e+00   1.2215e-03   2.8509e+02
20260907_08:00:00   1.9375e-01   5.1354e+01   3.8712e+00   0.0000e+00   2.2982e-03   2.8455e+02
20260907_09:00:00   1.9382e-01   5.1368e+01   3.8599e+00   0.0000e+00   7.7180e-03   2.8498e+02
20260907_10:00:00   1.9590e-01   5.1775e+01   3.9126e+00   0.0000e+00   1.6295e-02   2.8630e+02
20260907_11:00:00   1.9888e-01   5.2416e+01   3.9710e+00   0.0000e+00   8.5139e-03   2.8645e+02
20260907_12:00:00   1.9895e-01   5.2464e+01   3.9643e+00   0.0000e+00   1.0359e-02   2.8780e+02
20260907_13:00:00   2.0158e-01   5.3041e+01   4.0138e+00   0.0000e+00   2.5242e-03   2.8769e+02
20260907_14:00:00   2.0481e-01   5.3816e+01   4.0638e+00   0.0000e+00   8.5460e-05   2.8840e+02
20260907_15:00:00   2.0816e-01   5.4607e+01   4.1136e+00   0.0000e+00   0.0000e+00   2.8897e+02
20260907_16:00:00   2.1214e-01   5.5541e+01   4.1778e+00   0.0000e+00   0.0000e+00   2.8884e+02
20260907_17:00:00   2.1354e-01   5.5974e+01   4.1851e+00   0.0000e+00   0.0000e+00   2.8764e+02
20260907_18:00:00   2.1512e-01   5.6404e+01   4.2020e+00   0.0000e+00   0.0000e+00   2.8657e+02
20260907_19:00:00   2.1753e-01   5.6991e+01   4.2325e+00   0.0000e+00   0.0000e+00   2.8546e+02
20260907_20:00:00   2.1809e-01   5.7222e+01   4.2162e+00   0.0000e+00   0.0000e+00   2.8444e+02
20260907_21:00:00   2.2175e-01   5.7975e+01   4.2927e+00   0.0000e+00   0.0000e+00   2.8300e+02
20260907_22:00:00   2.1933e-01   5.7460e+01   4.2367e+00   0.0000e+00   0.0000e+00   2.8282e+02
20260907_23:00:00   2.1216e-01   5.5838e+01   4.1138e+00   0.0000e+00   0.0000e+00   2.8303e+02
20260908_00:00:00   2.0852e-01   5.5045e+01   4.0460e+00   0.0000e+00   0.0000e+00   2.8376e+02
20260908_01:00:00   2.0611e-01   5.4511e+01   4.0017e+00   0.0000e+00   0.0000e+00   2.8363e+02
20260908_02:00:00   2.0064e-01   5.3293e+01   3.9050e+00   0.0000e+00   0.0000e+00   2.8356e+02
20260908_03:00:00   2.0064e-01   5.3278e+01   3.9087e+00   0.0000e+00   0.0000e+00   2.8412e+02
20260908_04:00:00   2.0097e-01   5.3325e+01   3.9188e+00   0.0000e+00   0.0000e+00   2.8273e+02
20260908_05:00:00   2.0206e-01   5.3547e+01   3.9377e+00   0.0000e+00   0.0000e+00   2.8257e+02
20260908_06:00:00   2.0078e-01   5.3266e+01   3.9087e+00   0.0000e+00   0.0000e+00   2.8122e+02
20260908_07:00:00   2.0268e-01   5.3666e+01   3.9376e+00   0.0000e+00   0.0000e+00   2.7990e+02
20260908_08:00:00   2.0333e-01   5.3793e+01   3.9427e+00   0.0000e+00   0.0000e+00   2.7864e+02
20260908_09:00:00   2.0540e-01   5.4228e+01   3.9758e+00   0.0000e+00   0.0000e+00   2.7793e+02
20260908_10:00:00   2.0566e-01   5.4290e+01   3.9668e+00   0.0000e+00   0.0000e+00   2.7867e+02
20260908_11:00:00   2.0697e-01   5.4560e+01   3.9836e+00   0.0000e+00   0.0000e+00   2.7794e+02
20260908_12:00:00   2.0885e-01   5.4970e+01   4.0120e+00   0.0000e+00   0.0000e+00   2.7810e+02
20260908_13:00:00   2.0992e-01   5.5213e+01   4.0247e+00   0.0000e+00   0.0000e+00   2.7906e+02
20260908_14:00:00   2.1326e-01   5.5952e+01   4.0822e+00   0.0000e+00   0.0000e+00   2.8078e+02
20260908_15:00:00   2.1373e-01   5.6126e+01   4.0806e+00   0.0000e+00   0.0000e+00   2.8137e+02
20260908_16:00:00   2.1683e-01   5.6852e+01   4.1375e+00   0.0000e+00   0.0000e+00   2.7976e+02
20260908_17:00:00   2.2201e-01   5.8008e+01   4.2348e+00   0.0000e+00   0.0000e+00   2.7825e+02
20260908_18:00:00   2.2998e-01   5.9738e+01   4.3811e+00   0.0000e+00   0.0000e+00   2.7733e+02
20260908_19:00:00   2.3047e-01   5.9837e+01   4.3902e+00   0.0000e+00   0.0000e+00   2.7704e+02
20260908_20:00:00   2.2679e-01   5.9068e+01   4.3183e+00   0.0000e+00   0.0000e+00   2.7564e+02
20260908_21:00:00   2.2402e-01   5.8478e+01   4.2592e+00   0.0000e+00   0.0000e+00   2.7537e+02
20260908_22:00:00   2.1374e-01   5.6238e+01   4.0627e+00   0.0000e+00   0.0000e+00   2.7453e+02
20260908_23:00:00   2.0454e-01   5.4199e+01   3.8898e+00   0.0000e+00   0.0000e+00   2.7355e+02
20260909_00:00:00   1.9892e-01   5.2988e+01   3.7753e+00   0.0000e+00   0.0000e+00   2.7529e+02
20260909_01:00:00   1.9388e-01   5.1844e+01   3.6801e+00   0.0000e+00   0.0000e+00   2.7610e+02
20260909_02:00:00   1.8890e-01   5.0714e+01   3.5903e+00   0.0000e+00   0.0000e+00   2.7572e+02
20260909_03:00:00   1.8672e-01   5.0157e+01   3.5682e+00   0.0000e+00   0.0000e+00   2.7381e+02
20260909_04:00:00   1.8496e-01   4.9718e+01   3.5420e+00   0.0000e+00   0.0000e+00   2.7135e+02
20260909_05:00:00   1.8743e-01   5.0246e+01   3.5920e+00   0.0000e+00   0.0000e+00   2.7038e+02
20260909_06:00:00   2.0111e-01   5.3312e+01   3.8395e+00   0.0000e+00   0.0000e+00   2.7051e+02
20260909_07:00:00   2.1208e-01   5.5713e+01   4.0329e+00   0.0000e+00   0.0000e+00   2.7104e+02
20260909_08:00:00   2.1894e-01   5.7181e+01   4.1510e+00   0.0000e+00   0.0000e+00   2.7287e+02
20260909_09:00:00   2.2159e-01   5.7689e+01   4.2035e+00   0.0000e+00   0.0000e+00   2.7434e+02
20260909_10:00:00   2.1851e-01   5.6984e+01   4.1466e+00   0.0000e+00   0.0000e+00   2.7551e+02
20260909_11:00:00   2.1376e-01   5.5937e+01   4.0548e+00   0.0000e+00   0.0000e+00   2.7544e+02
20260909_12:00:00   2.1662e-01   5.6481e+01   4.1171e+00   0.0000e+00   0.0000e+00   2.7795e+02
20260909_13:00:00   2.2967e-01   5.9164e+01   4.3735e+00   0.0000e+00   5.2438e-04   2.7940e+02
20260909_14:00:00   2.3105e-01   5.9488e+01   4.3949e+00   0.0000e+00   6.2779e-04   2.8020e+02
20260909_15:00:00   2.3937e-01   6.1255e+01   4.5468e+00   0.0000e+00   1.1464e-03   2.8344e+02
20260909_16:00:00   2.4473e-01   6.2395e+01   4.6299e+00   2.0980e-04   2.2220e-03   2.8599e+02
20260909_17:00:00   2.3929e-01   6.1250e+01   4.4991e+00   1.1218e-03   4.3772e-03   2.8937e+02
20260909_18:00:00   2.0668e-01   5.4601e+01   3.8805e+00   0.0000e+00   1.2118e-04   2.8906e+02
20260909_19:00:00   1.8628e-01   5.0282e+01   3.4682e+00   0.0000e+00   0.0000e+00   2.8777e+02
20260909_20:00:00   1.6919e-01   4.6502e+01   3.1382e+00   0.0000e+00   0.0000e+00   2.8674e+02
20260909_21:00:00   1.6052e-01   4.4489e+01   2.9927e+00   0.0000e+00   1.1374e-04   2.8586e+02
20260909_22:00:00   1.6917e-01   4.6369e+01   3.1976e+00   0.0000e+00   1.2855e-04   2.8474e+02
20260909_23:00:00   1.7968e-01   4.8746e+01   3.4040e+00   0.0000e+00   9.3928e-05   2.8641e+02
20260910_00:00:00   1.9556e-01   5.2219e+01   3.7431e+00   0.0000e+00   6.4395e-04   2.8928e+02
20260910_03:00:00   2.2732e-01   5.9277e+01   4.3730e+00   0.0000e+00   1.4546e-03   3.0581e+02
20260910_06:00:00   2.2284e-01   5.8443e+01   4.2407e+00   0.0000e+00   3.1137e-03   3.0153e+02
20260910_09:00:00   2.1663e-01   5.7112e+01   4.0843e+00   0.0000e+00   1.0558e-02   3.0030e+02
20260910_12:00:00   2.3359e-01   6.0566e+01   4.3854e+00   0.0000e+00   1.5642e-03   2.9860e+02
20260910_15:00:00   2.5568e-01   6.4983e+01   4.8194e+00   0.0000e+00   0.0000e+00   2.9261e+02
20260910_18:00:00   2.8148e-01   7.0146e+01   5.2974e+00   0.0000e+00   3.7620e-06   2.9728e+02
20260910_21:00:00   3.0532e-01   7.4662e+01   5.6838e+00   9.5750e-07   8.5448e-04   3.1040e+02
20260911_00:00:00   3.4877e-01   8.2828e+01   6.2558e+00   0.0000e+00   1.8223e-03   3.2488e+02
20260911_03:00:00   4.0200e-01   9.2004e+01   6.7179e+00   8.1580e-03   6.1654e-04   3.3877e+02
20260911_06:00:00   3.4689e-01   8.1508e+01   5.8687e+00   4.7459e-03   7.6200e-04   3.4866e+02
20260911_09:00:00   3.6270e-01   8.4296e+01   5.3547e+00   2.3114e-02   3.7828e-04   3.5574e+02
20260911_12:00:00   2.7167e-01   6.6918e+01   4.7075e+00   1.1510e-04   6.5961e-06   3.5394e+02
20260911_15:00:00   2.4479e-01   6.1858e+01   4.2337e+00   0.0000e+00   1.0482e-05   3.5458e+02
20260911_18:00:00   2.6330e-01   6.6000e+01   4.5451e+00   1.2829e-04   7.2323e-04   3.4788e+02
20260911_21:00:00   2.7197e-01   6.7993e+01   4.6860e+00   8.3958e-04   1.5843e-03   3.3594e+02
20260912_00:00:00   2.0250e-01   5.3859e+01   3.4878e+00   0.0000e+00   0.0000e+00   3.2750e+02
20260912_03:00:00   1.5107e-01   4.2537e+01   2.5392e+00   0.0000e+00   0.0000e+00   3.1857e+02
20260912_06:00:00   1.0359e-01   3.1302e+01   1.6687e+00   0.0000e+00   0.0000e+00   3.1467e+02
20260912_09:00:00   6.2907e-02   2.1053e+01   9.1282e-01   0.0000e+00   0.0000e+00   3.0687e+02
20260912_12:00:00   5.3691e-02   1.8488e+01   7.8661e-01   0.0000e+00   0.0000e+00   2.9875e+02
20260912_15:00:00   6.1340e-02   2.0350e+01   1.0076e+00   0.0000e+00   0.0000e+00   2.9159e+02
20260912_18:00:00   8.5919e-02   2.6298e+01   1.6369e+00   0.0000e+00   9.9086e-04   2.9298e+02
20260912_21:00:00   1.1476e-01   3.2991e+01   2.3520e+00   0.0000e+00   8.5847e-04   2.9473e+02
20260913_00:00:00   1.1160e-01   3.2015e+01   2.3176e+00   0.0000e+00   3.5079e-03   2.9358e+02
20260913_03:00:00   1.0643e-01   3.0730e+01   2.1955e+00   0.0000e+00   5.1845e-05   2.9430e+02
20260913_06:00:00   1.0523e-01   3.0207e+01   2.1742e+00   0.0000e+00   6.8670e-03   2.9290e+02
20260913_09:00:00   1.1661e-01   3.2850e+01   2.3177e+00   0.0000e+00   1.6122e-01   2.9633e+02
20260913_12:00:00   1.2150e-01   3.4306e+01   2.4507e+00   0.0000e+00   1.3019e-02   2.9659e+02
20260913_15:00:00   1.4269e-01   3.9535e+01   2.9044e+00   0.0000e+00   0.0000e+00   2.9766e+02
20260913_18:00:00   1.6667e-01   4.5353e+01   3.3935e+00   0.0000e+00   0.0000e+00   3.0173e+02
20260913_21:00:00   1.7384e-01   4.7137e+01   3.5448e+00   0.0000e+00   3.4780e-05   3.0348e+02
20260914_00:00:00   1.6160e-01   4.4431e+01   3.2923e+00   0.0000e+00   4.9340e-04   3.0184e+02
20260914_03:00:00   1.6165e-01   4.4498e+01   3.3010e+00   0.0000e+00   9.8180e-03   2.9606e+02
20260914_06:00:00   1.6560e-01   4.5682e+01   3.3692e+00   0.0000e+00   3.2676e-03   2.9108e+02
20260914_09:00:00   1.6035e-01   4.4443e+01   3.2578e+00   0.0000e+00   2.9250e-03   2.8980e+02
20260914_12:00:00   1.7052e-01   4.6723e+01   3.4663e+00   0.0000e+00   1.4896e-03   2.8831e+02
20260914_15:00:00   1.7064e-01   4.6820e+01   3.4730e+00   0.0000e+00   5.5560e-04   2.8605e+02
20260914_18:00:00   1.7728e-01   4.8606e+01   3.5899e+00   0.0000e+00   0.0000e+00   2.8593e+02
20260914_21:00:00   2.1525e-01   5.7053e+01   4.3927e+00   0.0000e+00   0.0000e+00   2.8588e+02
20260915_00:00:00   2.3458e-01   6.1128e+01   4.8198e+00   0.0000e+00   0.0000e+00   2.8377e+02
20260915_03:00:00   2.3747e-01   6.1627e+01   4.9092e+00   0.0000e+00   3.0682e-03   2.8096e+02
20260915_06:00:00   2.2319e-01   5.8629e+01   4.6105e+00   0.0000e+00   1.9004e-03   2.7915e+02
20260915_09:00:00   2.1950e-01   5.7688e+01   4.5452e+00   0.0000e+00   7.6673e-03   2.8200e+02
20260915_12:00:00   2.0886e-01   5.5384e+01   4.3147e+00   0.0000e+00   6.8492e-03   2.8687e+02
20260915_15:00:00   2.0828e-01   5.5352e+01   4.2711e+00   0.0000e+00   1.7225e-02   2.8786e+02
20260915_18:00:00   2.2912e-01   6.0099e+01   4.6428e+00   0.0000e+00   3.2857e-03   2.8917e+02
20260915_21:00:00   2.4438e-01   6.3417e+01   4.9192e+00   0.0000e+00   4.5524e-03   2.8611e+02
20260916_00:00:00   2.1257e-01   5.6382e+01   4.3165e+00   0.0000e+00   5.7565e-04   2.8675e+02
20260916_03:00:00   1.9671e-01   5.2464e+01   4.0935e+00   0.0000e+00   9.2343e-03   2.8210e+02
20260916_06:00:00   2.0789e-01   5.4584e+01   4.4064e+00   0.0000e+00   1.7020e-02   2.8086e+02
20260916_09:00:00   2.0031e-01   5.2912e+01   4.2312e+00   0.0000e+00   4.2766e-02   2.8106e+02
20260916_12:00:00   1.7553e-01   4.8004e+01   3.5730e+00   0.0000e+00   1.7971e-02   2.8132e+02
20260916_15:00:00   1.7613e-01   4.8273e+01   3.5750e+00   0.0000e+00   1.9980e-02   2.8420e+02
20260916_18:00:00   1.9789e-01   5.3545e+01   3.9478e+00   0.0000e+00   1.3398e-02   2.8376e+02
20260916_21:00:00   2.0117e-01   5.4385e+01   3.9806e+00   0.0000e+00   1.3545e-02   2.8320e+02
20260917_00:00:00   1.9099e-01   5.1699e+01   3.8351e+00   0.0000e+00   7.2742e-02   2.8473e+02
20260917_03:00:00   1.9428e-01   5.2496e+01   3.8911e+00   0.0000e+00   4.7259e-02   2.8733e+02
20260917_06:00:00   1.8734e-01   5.0941e+01   3.7357e+00   0.0000e+00   3.4367e-02   2.8868e+02
20260917_09:00:00   2.0359e-01   5.4359e+01   4.0319e+00   0.0000e+00   8.5271e-02   2.8726e+02
20260917_12:00:00   2.0820e-01   5.5341e+01   4.1196e+00   0.0000e+00   2.3211e-02   2.8761e+02
20260917_15:00:00   1.9428e-01   5.2154e+01   3.8696e+00   0.0000e+00   1.8616e-02   2.8699e+02
20260917_18:00:00   1.8987e-01   5.1364e+01   3.7453e+00   0.0000e+00   0.0000e+00   2.8647e+02
20260917_21:00:00   1.7197e-01   4.7324e+01   3.3740e+00   0.0000e+00   0.0000e+00   2.8116e+02
20260918_00:00:00   1.6779e-01   4.6219e+01   3.2981e+00   0.0000e+00   4.3816e-03   2.8315e+02
20260918_03:00:00   1.6931e-01   4.6528e+01   3.3373e+00   0.0000e+00   2.0160e-03   2.8097e+02
20260918_06:00:00   1.9415e-01   5.2180e+01   3.8058e+00   0.0000e+00   6.2140e-05   2.7904e+02
20260918_09:00:00   2.0155e-01   5.3711e+01   3.9347e+00   0.0000e+00   1.2656e-04   2.8242e+02
20260918_12:00:00   1.9852e-01   5.2972e+01   3.8717e+00   0.0000e+00   1.9758e-04   2.8208e+02
20260918_15:00:00   1.9585e-01   5.2215e+01   3.8695e+00   0.0000e+00   0.0000e+00   2.8584e+02
20260918_18:00:00   2.1900e-01   5.7196e+01   4.3615e+00   0.0000e+00   4.9097e-03   2.9320e+02
20260918_21:00:00   2.2629e-01   5.8748e+01   4.4905e+00   0.0000e+00   8.7340e-04   2.9569e+02
20260919_00:00:00   2.1341e-01   5.5919e+01   4.2346e+00   0.0000e+00   1.2262e-05   2.9695e+02
20260919_03:00:00   2.2671e-01   5.9068e+01   4.4169e+00   0.0000e+00   0.0000e+00   2.9342e+02
20260919_06:00:00   2.2691e-01   5.9175e+01   4.3431e+00   0.0000e+00   0.0000e+00   2.9579e+02
20260919_09:00:00   2.1814e-01   5.7055e+01   4.1803e+00   0.0000e+00   0.0000e+00   2.9749e+02
20260919_12:00:00   2.0714e-01   5.4434e+01   4.0088e+00   0.0000e+00   0.0000e+00   3.0011e+02
20260919_15:00:00   2.1992e-01   5.7201e+01   4.2551e+00   0.0000e+00   0.0000e+00   2.9932e+02
20260919_18:00:00   2.2063e-01   5.7494e+01   4.2682e+00   0.0000e+00   1.8814e-06   3.0059e+02
20260919_21:00:00   1.9981e-01   5.3188e+01   3.8482e+00   0.0000e+00   3.7860e-04   2.9568e+02
20260920_00:00:00   1.8467e-01   4.9902e+01   3.5615e+00   0.0000e+00   2.1460e-05   2.9447e+02
20260920_03:00:00   1.9435e-01   5.1908e+01   3.8283e+00   0.0000e+00   7.6587e-03   2.9123e+02
20260920_06:00:00   2.0007e-01   5.3140e+01   3.9027e+00   0.0000e+00   4.4960e-02   2.9563e+02
20260920_09:00:00   1.9379e-01   5.1650e+01   3.7265e+00   0.0000e+00   7.4457e-02   3.0336e+02
20260920_12:00:00   1.8178e-01   4.9039e+01   3.4648e+00   0.0000e+00   3.3120e-04   3.1164e+02
20260920_15:00:00   1.8075e-01   4.8921e+01   3.4285e+00   0.0000e+00   1.0920e-03   3.1309e+02
20260920_18:00:00   1.9318e-01   5.1980e+01   3.6560e+00   0.0000e+00   0.0000e+00   3.1268e+02
20260920_21:00:00   1.7759e-01   4.8634e+01   3.3515e+00   0.0000e+00   0.0000e+00   3.1068e+02
20260921_00:00:00   1.6905e-01   4.6745e+01   3.1908e+00   0.0000e+00   0.0000e+00   3.1355e+02
