#            date       tau255        Tb[K]      pwv[mm] lwp[kg*m^-2] iwp[kg*m^-2]       o3[DU]
20260819_18:00:00   2.9279e-01   7.2475e+01   5.1964e+00   0.0000e+00   0.0000e+00   2.9145e+02
20260819_19:00:00   3.0975e-01   7.5877e+01   5.4925e+00   0.0000e+00   0.0000e+00   2.9349e+02
20260819_20:00:00   3.0133e-01   7.4306e+01   5.3846e+00   0.0000e+00   0.0000e+00   2.9462e+02
20260819_21:00:00   2.7989e-01   7.0097e+01   5.0623e+00   0.0000e+00   0.0000e+00   2.9471e+02
20260819_22:00:00   2.6873e-01   6.7909e+01   4.8763e+00   0.0000e+00   0.0000e+00   2.9474e+02
20260819_23:00:00   2.3909e-01   6.1811e+01   4.3951e+00   0.0000e+00   0.0000e+00   2.9500e+02
20260820_00:00:00   2.1932e-01   5.7610e+01   4.0819e+00   0.0000e+00   0.0000e+00   2.9416e+02
20260820_01:00:00   1.9798e-01   5.3024e+01   3.7114e+00   0.0000e+00   0.0000e+00   2.9448e+02
20260820_02:00:00   1.9027e-01   5.1397e+01   3.5551e+00   0.0000e+00   0.0000e+00   2.9388e+02
20260820_03:00:00   1.8487e-01   5.0248e+01   3.4407e+00   0.0000e+00   0.0000e+00   2.9442e+02
20260820_04:00:00   1.6862e-01   4.6653e+01   3.1107e+00   0.0000e+00   0.0000e+00   2.9476e+02
20260820_05:00:00   1.4419e-01   4.0961e+01   2.6878e+00   0.0000e+00   0.0000e+00   2.9278e+02
20260820_06:00:00   1.2399e-01   3.6146e+01   2.3288e+00   0.0000e+00   0.0000e+00   2.9149e+02
20260820_07:00:00   1.1835e-01   3.4661e+01   2.2687e+00   0.0000e+00   0.0000e+00   2.8780e+02
20260820_08:00:00   1.1604e-01   3.4060e+01   2.2446e+00   0.0000e+00   0.0000e+00   2.8575e+02
20260820_09:00:00   1.1256e-01   3.3206e+01   2.1842e+00   0.0000e+00   0.0000e+00   2.8668e+02
20260820_10:00:00   1.0923e-01   3.2402e+01   2.1210e+00   0.0000e+00   0.0000e+00   2.8903e+02
20260820_11:00:00   1.0638e-01   3.1670e+01   2.0885e+00   0.0000e+00   0.0000e+00   2.8859e+02
20260820_12:00:00   1.0656e-01   3.1714e+01   2.0994e+00   0.0000e+00   0.0000e+00   2.9020e+02
20260820_13:00:00   1.0862e-01   3.2229e+01   2.1497e+00   0.0000e+00   0.0000e+00   2.8679e+02
20260820_14:00:00   1.1259e-01   3.3213e+01   2.2419e+00   0.0000e+00   0.0000e+00   2.8510e+02
20260820_15:00:00   1.1524e-01   3.3913e+01   2.3006e+00   0.0000e+00   0.0000e+00   2.8339e+02
20260820_16:00:00   1.1679e-01   3.4321e+01   2.3364e+00   0.0000e+00   0.0000e+00   2.8348e+02
20260820_17:00:00   1.2405e-01   3.6076e+01   2.5146e+00   0.0000e+00   0.0000e+00   2.8234e+02
20260820_18:00:00   1.3331e-01   3.8293e+01   2.7296e+00   0.0000e+00   0.0000e+00   2.8085e+02
20260820_19:00:00   1.5018e-01   4.2195e+01   3.1193e+00   0.0000e+00   7.7397e-05   2.7910e+02
20260820_20:00:00   1.6626e-01   4.5649e+01   3.5304e+00   0.0000e+00   2.6621e-03   2.7759e+02
20260820_21:00:00   1.9011e-01   5.0695e+01   4.1118e+00   0.0000e+00   2.7373e-02   2.7680e+02
20260820_22:00:00   2.1257e-01   5.5406e+01   4.6381e+00   0.0000e+00   2.1784e-02   2.7650e+02
20260820_23:00:00   2.0007e-01   5.2916e+01   4.3381e+00   0.0000e+00   1.5145e-02   2.7757e+02
20260821_00:00:00   1.8440e-01   4.9581e+01   3.9848e+00   0.0000e+00   8.3073e-03   2.7758e+02
20260821_01:00:00   1.7128e-01   4.6719e+01   3.6774e+00   0.0000e+00   6.0200e-03   2.8081e+02
20260821_02:00:00   1.5935e-01   4.3946e+01   3.4152e+00   0.0000e+00   1.4310e-03   2.8146e+02
20260821_03:00:00   1.4184e-01   3.9905e+01   3.0108e+00   0.0000e+00   2.5090e-03   2.8468e+02
20260821_04:00:00   1.2931e-01   3.6972e+01   2.7140e+00   0.0000e+00   1.6890e-03   2.8419e+02
20260821_05:00:00   1.2155e-01   3.5203e+01   2.5281e+00   0.0000e+00   2.7528e-03   2.8169e+02
20260821_06:00:00   1.1960e-01   3.4779e+01   2.4746e+00   0.0000e+00   5.7362e-03   2.8202e+02
20260821_07:00:00   1.1053e-01   3.2775e+01   2.2347e+00   0.0000e+00   1.2218e-03   2.8024e+02
20260821_08:00:00   1.0275e-01   3.1014e+01   2.0258e+00   0.0000e+00   1.3896e-03   2.7837e+02
20260821_09:00:00   1.0020e-01   3.0380e+01   1.9670e+00   0.0000e+00   7.1016e-04   2.7775e+02
20260821_10:00:00   9.8195e-02   2.9903e+01   1.9172e+00   0.0000e+00   1.0344e-04   2.8067e+02
20260821_11:00:00   9.6369e-02   2.9431e+01   1.8762e+00   0.0000e+00   5.2980e-06   2.8294e+02
20260821_12:00:00   9.2871e-02   2.8550e+01   1.7988e+00   0.0000e+00   6.7200e-07   2.8270e+02
20260821_13:00:00   9.5836e-02   2.9227e+01   1.8800e+00   0.0000e+00   0.0000e+00   2.7966e+02
20260821_14:00:00   1.0283e-01   3.0848e+01   2.0627e+00   0.0000e+00   0.0000e+00   2.7947e+02
20260821_15:00:00   1.0846e-01   3.2258e+01   2.1926e+00   0.0000e+00   0.0000e+00   2.8047e+02
20260821_16:00:00   1.1426e-01   3.3748e+01   2.3122e+00   0.0000e+00   0.0000e+00   2.8037e+02
20260821_17:00:00   1.2259e-01   3.5761e+01   2.5065e+00   0.0000e+00   0.0000e+00   2.7941e+02
20260821_18:00:00   1.2063e-01   3.5400e+01   2.4482e+00   0.0000e+00   0.0000e+00   2.7859e+02
20260821_19:00:00   1.2327e-01   3.6137e+01   2.4903e+00   0.0000e+00   0.0000e+00   2.7979e+02
20260821_20:00:00   1.2607e-01   3.6890e+01   2.5426e+00   0.0000e+00   0.0000e+00   2.8066e+02
20260821_21:00:00   1.3033e-01   3.7920e+01   2.6320e+00   0.0000e+00   0.0000e+00   2.8202e+02
20260821_22:00:00   1.2882e-01   3.7576e+01   2.5949e+00   0.0000e+00   2.6335e-05   2.8154e+02
20260821_23:00:00   1.2752e-01   3.7298e+01   2.5549e+00   0.0000e+00   1.9150e-06   2.8107e+02
20260822_00:00:00   1.2571e-01   3.6879e+01   2.5116e+00   0.0000e+00   0.0000e+00   2.8217e+02
20260822_01:00:00   1.2358e-01   3.6351e+01   2.4677e+00   0.0000e+00   6.0900e-04   2.8037e+02
20260822_02:00:00   1.2138e-01   3.5794e+01   2.4275e+00   0.0000e+00   1.1816e-05   2.7764e+02
20260822_03:00:00   1.1765e-01   3.4844e+01   2.3561e+00   0.0000e+00   0.0000e+00   2.7681e+02
20260822_04:00:00   1.1876e-01   3.5074e+01   2.3892e+00   0.0000e+00   0.0000e+00   2.7615e+02
20260822_05:00:00   1.2175e-01   3.5762e+01   2.4617e+00   0.0000e+00   0.0000e+00   2.7830e+02
20260822_06:00:00   1.3561e-01   3.8904e+01   2.8030e+00   0.0000e+00   0.0000e+00   2.7812e+02
20260822_07:00:00   1.5065e-01   4.2274e+01   3.1640e+00   0.0000e+00   0.0000e+00   2.7705e+02
20260822_08:00:00   1.6045e-01   4.4452e+01   3.3911e+00   0.0000e+00   0.0000e+00   2.7589e+02
20260822_09:00:00   1.6973e-01   4.6507e+01   3.5988e+00   0.0000e+00   0.0000e+00   2.7480e+02
20260822_10:00:00   1.7461e-01   4.7608e+01   3.6988e+00   0.0000e+00   0.0000e+00   2.7602e+02
20260822_11:00:00   1.7884e-01   4.8547e+01   3.7869e+00   0.0000e+00   0.0000e+00   2.7770e+02
20260822_12:00:00   1.8061e-01   4.8949e+01   3.8210e+00   0.0000e+00   0.0000e+00   2.7843e+02
20260822_13:00:00   1.8072e-01   4.9011e+01   3.8157e+00   0.0000e+00   0.0000e+00   2.7725e+02
20260822_14:00:00   1.7880e-01   4.8589e+01   3.7696e+00   0.0000e+00   0.0000e+00   2.7707e+02
20260822_15:00:00   1.7880e-01   4.8591e+01   3.7654e+00   0.0000e+00   0.0000e+00   2.7749e+02
20260822_16:00:00   1.8351e-01   4.9670e+01   3.8632e+00   0.0000e+00   0.0000e+00   2.7313e+02
20260822_17:00:00   1.9344e-01   5.1879e+01   4.0788e+00   0.0000e+00   0.0000e+00   2.7345e+02
20260822_18:00:00   2.0323e-01   5.4063e+01   4.2797e+00   0.0000e+00   0.0000e+00   2.7314e+02
20260822_19:00:00   2.1367e-01   5.6385e+01   4.4847e+00   0.0000e+00   0.0000e+00   2.7469e+02
20260822_20:00:00   2.2555e-01   5.9027e+01   4.7173e+00   0.0000e+00   0.0000e+00   2.7317e+02
20260822_21:00:00   2.3584e-01   6.1275e+01   4.9234e+00   0.0000e+00   0.0000e+00   2.7339e+02
20260822_22:00:00   2.3810e-01   6.1775e+01   4.9628e+00   0.0000e+00   0.0000e+00   2.7429e+02
20260822_23:00:00   2.3784e-01   6.1640e+01   4.9605e+00   0.0000e+00   0.0000e+00   2.7455e+02
20260823_00:00:00   2.3082e-01   6.0162e+01   4.8093e+00   0.0000e+00   0.0000e+00   2.7476e+02
20260823_01:00:00   2.2147e-01   5.8133e+01   4.6075e+00   0.0000e+00   0.0000e+00   2.7599e+02
20260823_02:00:00   2.0741e-01   5.5135e+01   4.2955e+00   0.0000e+00   0.0000e+00   2.7731e+02
20260823_03:00:00   2.0690e-01   5.5100e+01   4.2649e+00   0.0000e+00   0.0000e+00   2.7647e+02
20260823_04:00:00   2.0991e-01   5.5843e+01   4.2973e+00   0.0000e+00   0.0000e+00   2.7603e+02
20260823_05:00:00   2.1173e-01   5.6313e+01   4.3087e+00   0.0000e+00   0.0000e+00   2.7387e+02
20260823_06:00:00   2.0765e-01   5.5507e+01   4.1933e+00   0.0000e+00   0.0000e+00   2.7396e+02
20260823_07:00:00   2.0904e-01   5.5868e+01   4.1940e+00   0.0000e+00   0.0000e+00   2.7487e+02
20260823_08:00:00   2.0569e-01   5.5127e+01   4.1172e+00   0.0000e+00   0.0000e+00   2.7572e+02
20260823_09:00:00   2.0060e-01   5.3974e+01   4.0162e+00   0.0000e+00   0.0000e+00   2.7520e+02
20260823_10:00:00   2.0528e-01   5.5010e+01   4.1048e+00   0.0000e+00   0.0000e+00   2.7509e+02
20260823_11:00:00   2.0887e-01   5.5737e+01   4.1844e+00   0.0000e+00   0.0000e+00   2.7538e+02
20260823_12:00:00   2.0756e-01   5.5440e+01   4.1604e+00   0.0000e+00   0.0000e+00   2.7266e+02
20260823_13:00:00   2.0345e-01   5.4562e+01   4.0790e+00   0.0000e+00   0.0000e+00   2.7456e+02
20260823_14:00:00   2.0394e-01   5.4756e+01   4.0772e+00   0.0000e+00   0.0000e+00   2.7640e+02
20260823_15:00:00   2.1744e-01   5.7818e+01   4.3263e+00   0.0000e+00   0.0000e+00   2.7799e+02
20260823_16:00:00   2.3422e-01   6.1501e+01   4.6396e+00   0.0000e+00   0.0000e+00   2.7934e+02
20260823_17:00:00   2.3711e-01   6.2211e+01   4.6754e+00   0.0000e+00   0.0000e+00   2.7961e+02
20260823_18:00:00   2.3316e-01   6.1386e+01   4.5745e+00   0.0000e+00   0.0000e+00   2.7935e+02
20260823_19:00:00   2.2328e-01   5.9327e+01   4.3484e+00   0.0000e+00   0.0000e+00   2.7819e+02
20260823_20:00:00   2.2057e-01   5.8811e+01   4.2567e+00   0.0000e+00   0.0000e+00   2.7690e+02
20260823_21:00:00   2.0517e-01   5.5422e+01   3.9663e+00   0.0000e+00   0.0000e+00   2.7644e+02
20260823_22:00:00   1.9719e-01   5.3672e+01   3.8064e+00   0.0000e+00   0.0000e+00   2.7810e+02
20260823_23:00:00   1.9182e-01   5.2477e+01   3.6962e+00   0.0000e+00   0.0000e+00   2.7766e+02
20260824_00:00:00   1.8525e-01   5.0950e+01   3.5869e+00   0.0000e+00   0.0000e+00   2.7849e+02
20260824_01:00:00   1.9276e-01   5.2620e+01   3.7375e+00   0.0000e+00   0.0000e+00   2.7858e+02
20260824_02:00:00   1.8902e-01   5.1736e+01   3.6754e+00   0.0000e+00   0.0000e+00   2.7729e+02
20260824_03:00:00   1.8015e-01   4.9683e+01   3.5150e+00   0.0000e+00   0.0000e+00   2.7893e+02
20260824_04:00:00   1.8321e-01   5.0366e+01   3.5747e+00   0.0000e+00   2.3184e-05   2.7881e+02
20260824_05:00:00   1.7536e-01   4.8524e+01   3.4330e+00   0.0000e+00   7.0870e-05   2.7783e+02
20260824_06:00:00   1.6866e-01   4.6930e+01   3.3171e+00   0.0000e+00   2.8158e-05   2.7675e+02
20260824_07:00:00   1.6655e-01   4.6424e+01   3.2815e+00   0.0000e+00   0.0000e+00   2.7657e+02
20260824_08:00:00   1.7261e-01   4.7819e+01   3.4040e+00   0.0000e+00   0.0000e+00   2.7509e+02
20260824_09:00:00   1.8727e-01   5.1128e+01   3.6984e+00   0.0000e+00   2.3120e-04   2.7436e+02
20260824_10:00:00   2.0595e-01   5.5227e+01   4.0785e+00   0.0000e+00   5.3700e-04   2.7557e+02
20260824_11:00:00   2.0034e-01   5.3875e+01   3.9892e+00   0.0000e+00   0.0000e+00   2.7712e+02
20260824_12:00:00   2.1487e-01   5.6640e+01   4.3787e+00   0.0000e+00   7.7696e-04   2.7755e+02
20260824_13:00:00   2.2561e-01   5.8943e+01   4.5807e+00   0.0000e+00   5.8485e-04   2.7636e+02
20260824_14:00:00   2.2865e-01   5.9688e+01   4.6301e+00   0.0000e+00   1.5156e-04   2.7347e+02
20260824_15:00:00   2.1649e-01   5.7203e+01   4.3567e+00   0.0000e+00   0.0000e+00   2.7079e+02
20260824_16:00:00   2.0673e-01   5.5081e+01   4.1710e+00   0.0000e+00   1.3182e-05   2.7170e+02
20260824_17:00:00   2.0595e-01   5.4896e+01   4.1832e+00   0.0000e+00   1.1572e-03   2.7034e+02
20260824_18:00:00   2.0738e-01   5.5162e+01   4.2469e+00   0.0000e+00   1.9700e-04   2.7051e+02
20260824_21:00:00   2.3265e-01   6.0432e+01   4.8706e+00   0.0000e+00   6.5650e-03   2.7029e+02
20260825_00:00:00   2.6801e-01   6.7410e+01   5.7412e+00   0.0000e+00   1.1097e-02   2.6788e+02
20260825_03:00:00   3.0819e-01   7.5616e+01   6.5788e+00   0.0000e+00   1.8297e-04   2.6643e+02
20260825_06:00:00   3.1769e-01   7.7493e+01   6.7578e+00   0.0000e+00   7.5620e-05   2.6587e+02
20260825_09:00:00   3.5729e-01   8.5007e+01   7.5085e+00   0.0000e+00   3.9461e-05   2.6315e+02
20260825_12:00:00   3.7385e-01   8.7930e+01   7.8338e+00   0.0000e+00   1.1257e-03   2.6486e+02
20260825_15:00:00   3.7979e-01   8.9576e+01   7.8797e+00   0.0000e+00   0.0000e+00   2.6659e+02
20260825_18:00:00   3.4218e-01   8.3262e+01   7.0960e+00   0.0000e+00   0.0000e+00   2.6508e+02
20260825_21:00:00   3.4020e-01   8.3252e+01   7.0282e+00   0.0000e+00   0.0000e+00   2.6102e+02
20260826_00:00:00   3.3713e-01   8.2733e+01   7.0088e+00   0.0000e+00   0.0000e+00   2.5781e+02
20260826_03:00:00   3.2136e-01   7.9475e+01   6.7501e+00   0.0000e+00   0.0000e+00   2.5537e+02
20260826_06:00:00   3.4151e-01   8.3324e+01   7.1692e+00   0.0000e+00   5.2739e-06   2.5457e+02
20260826_09:00:00   3.2933e-01   8.0841e+01   6.9700e+00   0.0000e+00   4.7837e-05   2.5165e+02
20260826_12:00:00   3.4741e-01   8.4079e+01   7.3296e+00   0.0000e+00   8.2884e-04   2.4935e+02
20260826_15:00:00   3.4747e-01   8.4162e+01   7.3420e+00   0.0000e+00   1.5830e-04   2.4721e+02
20260826_18:00:00   3.4572e-01   8.4044e+01   7.2813e+00   0.0000e+00   0.0000e+00   2.4402e+02
20260826_21:00:00   3.6517e-01   8.7753e+01   7.6389e+00   0.0000e+00   0.0000e+00   2.4288e+02
20260827_00:00:00   3.7636e-01   8.9794e+01   7.8253e+00   0.0000e+00   0.0000e+00   2.4526e+02
20260827_03:00:00   3.9579e-01   9.3425e+01   8.1330e+00   0.0000e+00   0.0000e+00   2.4573e+02
20260827_06:00:00   4.0096e-01   9.4435e+01   8.1471e+00   0.0000e+00   0.0000e+00   2.4533e+02
20260827_09:00:00   4.1647e-01   9.7361e+01   8.3219e+00   0.0000e+00   0.0000e+00   2.4415e+02
20260827_12:00:00   4.4325e-01   1.0226e+02   8.7028e+00   0.0000e+00   0.0000e+00   2.4389e+02
20260827_15:00:00   4.5412e-01   1.0431e+02   8.9024e+00   0.0000e+00   0.0000e+00   2.4677e+02
20260827_18:00:00   4.6550e-01   1.0636e+02   9.1438e+00   0.0000e+00   0.0000e+00   2.5404e+02
20260827_21:00:00   4.9752e-01   1.1165e+02   9.6597e+00   0.0000e+00   0.0000e+00   2.5451e+02
20260828_00:00:00   4.7172e-01   1.0737e+02   9.2215e+00   0.0000e+00   0.0000e+00   2.5638e+02
20260828_03:00:00   4.3968e-01   1.0192e+02   8.6430e+00   0.0000e+00   0.0000e+00   2.5958e+02
20260828_06:00:00   4.4462e-01   1.0271e+02   8.6604e+00   0.0000e+00   0.0000e+00   2.6178e+02
20260828_09:00:00   4.5824e-01   1.0483e+02   8.8578e+00   0.0000e+00   0.0000e+00   2.6466e+02
20260828_12:00:00   4.4165e-01   1.0194e+02   8.6018e+00   0.0000e+00   0.0000e+00   2.6683e+02
20260828_15:00:00   4.7824e-01   1.0782e+02   9.4259e+00   0.0000e+00   0.0000e+00   2.6715e+02
20260828_18:00:00   5.1041e-01   1.1311e+02   9.8064e+00   0.0000e+00   0.0000e+00   2.6535e+02
20260828_21:00:00   4.5998e-01   1.0495e+02   8.8168e+00   0.0000e+00   0.0000e+00   2.6697e+02
20260829_00:00:00   4.3264e-01   9.9981e+01   8.3230e+00   0.0000e+00   0.0000e+00   2.6987e+02
20260829_03:00:00   3.7331e-01   8.9040e+01   7.3569e+00   1.2970e-04   2.9407e-03   2.7114e+02
20260829_06:00:00   3.6547e-01   8.7177e+01   7.3136e+00   0.0000e+00   3.0736e-02   2.7330e+02
20260829_09:00:00   3.3431e-01   8.1000e+01   6.7579e+00   0.0000e+00   4.4916e-02   2.7443e+02
20260829_12:00:00   3.2714e-01   7.9203e+01   6.7312e+00   0.0000e+00   2.3203e-02   2.7355e+02
20260829_15:00:00   3.4708e-01   8.2537e+01   7.1266e+00   1.5056e-03   9.7464e-02   2.7062e+02
20260829_18:00:00   3.8551e-01   8.9071e+01   7.8500e+00   0.0000e+00   4.8890e-01   2.6978e+02
20260829_21:00:00   3.5400e-01   8.3062e+01   7.4427e+00   6.9916e-05   1.7704e-01   2.7171e+02
20260830_00:00:00   3.2337e-01   7.7231e+01   6.8563e+00   6.7200e-07   1.9930e-01   2.7110e+02
20260830_03:00:00   2.9474e-01   7.1891e+01   6.2505e+00   0.0000e+00   1.2105e-01   2.7073e+02
20260830_06:00:00   2.8282e-01   6.9763e+01   6.0142e+00   0.0000e+00   1.0352e-02   2.7147e+02
20260830_09:00:00   2.9622e-01   7.2696e+01   6.1848e+00   1.3266e-04   7.6460e-03   2.7232e+02
20260830_12:00:00   3.1754e-01   7.6893e+01   6.5671e+00   1.6126e-06   3.2683e-03   2.7264e+02
20260830_15:00:00   3.1666e-01   7.6816e+01   6.5250e+00   0.0000e+00   4.6083e-03   2.7250e+02
20260830_18:00:00   3.1491e-01   7.6739e+01   6.4737e+00   0.0000e+00   1.8484e-03   2.7110e+02
20260830_21:00:00   3.0199e-01   7.4359e+01   6.1774e+00   2.8640e-04   5.9875e-03   2.7263e+02
20260831_00:00:00   2.9233e-01   7.2337e+01   6.0335e+00   4.4260e-05   2.9858e-02   2.7561e+02
20260831_03:00:00   3.0006e-01   7.3592e+01   6.2544e+00   0.0000e+00   1.0500e-01   2.7690e+02
20260831_06:00:00   2.9452e-01   7.2307e+01   6.1876e+00   0.0000e+00   5.4931e-02   2.7614e+02
20260831_09:00:00   2.8251e-01   6.9478e+01   5.9530e+00   0.0000e+00   1.3647e-01   2.7678e+02
20260831_12:00:00   3.0059e-01   7.3080e+01   6.2778e+00   1.2591e-04   6.0673e-03   2.7667e+02
20260831_15:00:00   3.4417e-01   8.1248e+01   7.1131e+00   2.8564e-04   1.3790e-02   2.7831e+02
20260831_18:00:00   3.7522e-01   8.6815e+01   7.6428e+00   1.7760e-04   1.4360e-01   2.8100e+02
20260831_21:00:00   3.4278e-01   8.0988e+01   6.9488e+00   3.9609e-04   1.0824e-01   2.8126e+02
20260901_00:00:00   2.8716e-01   7.0727e+01   5.7273e+00   7.8457e-04   5.8629e-03   2.8444e+02
20260901_03:00:00   2.5686e-01   6.5006e+01   5.1104e+00   2.5820e-05   2.1262e-04   2.8549e+02
20260901_06:00:00   1.8307e-01   4.9548e+01   3.5808e+00   0.0000e+00   2.5900e-05   2.8359e+02
20260901_09:00:00   1.4844e-01   4.1884e+01   2.7902e+00   0.0000e+00   0.0000e+00   2.8106e+02
20260901_12:00:00   1.6057e-01   4.4702e+01   3.0248e+00   0.0000e+00   0.0000e+00   2.8091e+02
20260901_15:00:00   1.9710e-01   5.2930e+01   3.7741e+00   0.0000e+00   0.0000e+00   2.8188e+02
20260901_18:00:00   2.0101e-01   5.3708e+01   3.9051e+00   0.0000e+00   0.0000e+00   2.8260e+02
20260901_21:00:00   1.9550e-01   5.2425e+01   3.8208e+00   0.0000e+00   0.0000e+00   2.8164e+02
20260902_00:00:00   2.0609e-01   5.4487e+01   4.0574e+00   0.0000e+00   0.0000e+00   2.8402e+02
20260902_03:00:00   2.2635e-01   5.8449e+01   4.4935e+00   0.0000e+00   6.4745e-04   2.8499e+02
20260902_06:00:00   2.0697e-01   5.4421e+01   4.0328e+00   0.0000e+00   5.5844e-05   2.8764e+02
20260902_09:00:00   1.6790e-01   4.6031e+01   3.1513e+00   0.0000e+00   0.0000e+00   2.8962e+02
20260902_12:00:00   1.5038e-01   4.2199e+01   2.7302e+00   0.0000e+00   0.0000e+00   2.9271e+02
20260902_15:00:00   1.5071e-01   4.2374e+01   2.7087e+00   0.0000e+00   0.0000e+00   2.9433e+02
20260902_18:00:00   1.4443e-01   4.0991e+01   2.5794e+00   0.0000e+00   0.0000e+00   2.9330e+02
20260902_21:00:00   1.2461e-01   3.6371e+01   2.2000e+00   0.0000e+00   0.0000e+00   2.9518e+02
20260903_00:00:00   1.2265e-01   3.5831e+01   2.2057e+00   0.0000e+00   0.0000e+00   2.9432e+02
20260903_03:00:00   1.3828e-01   3.9352e+01   2.6030e+00   0.0000e+00   4.9059e-04   2.9205e+02
20260903_06:00:00   1.5044e-01   4.1996e+01   2.9146e+00   0.0000e+00   4.6406e-03   2.8898e+02
20260903_09:00:00   1.4811e-01   4.1273e+01   2.9192e+00   0.0000e+00   6.3309e-03   2.8961e+02
20260903_12:00:00   1.5310e-01   4.2218e+01   3.0728e+00   0.0000e+00   8.3854e-04   2.8965e+02
20260903_15:00:00   1.5132e-01   4.2080e+01   2.9911e+00   0.0000e+00   3.7704e-04   2.8642e+02
20260903_18:00:00   1.5702e-01   4.3553e+01   3.0959e+00   0.0000e+00   8.3103e-04   2.8488e+02
20260903_21:00:00   1.7279e-01   4.6938e+01   3.4569e+00   4.6260e-06   5.1039e-03   2.8368e+02
20260904_00:00:00   1.7838e-01   4.8053e+01   3.5882e+00   0.0000e+00   9.7233e-03   2.8700e+02
20260904_03:00:00   2.1943e-01   5.6794e+01   4.4172e+00   0.0000e+00   1.2722e-01   2.8733e+02
20260904_06:00:00   2.2461e-01   5.7846e+01   4.5065e+00   0.0000e+00   1.7000e-01   2.8980e+02
20260904_09:00:00   2.3477e-01   5.9775e+01   4.7272e+00   0.0000e+00   1.6966e-01   2.8965e+02
20260904_12:00:00   2.1932e-01   5.6313e+01   4.4240e+00   0.0000e+00   1.6083e-01   2.9084e+02
20260904_15:00:00   2.0600e-01   5.3454e+01   4.1553e+00   0.0000e+00   1.2408e-01   2.8981e+02
20260904_18:00:00   2.3254e-01   5.9398e+01   4.6751e+00   0.0000e+00   6.0707e-02   2.8922e+02
