#            date       tau255        Tb[K]      pwv[mm] lwp[kg*m^-2] iwp[kg*m^-2]       o3[DU]
20260828_06:00:00   2.3110e-01   5.9734e+01   4.4079e+00   0.0000e+00   2.6352e-03   2.7584e+02
20260828_07:00:00   2.1922e-01   5.7179e+01   4.1924e+00   0.0000e+00   1.0802e-03   2.7785e+02
20260828_08:00:00   2.1403e-01   5.6046e+01   4.0698e+00   0.0000e+00   0.0000e+00   2.8004e+02
20260828_09:00:00   2.1439e-01   5.6065e+01   4.0722e+00   0.0000e+00   7.5380e-04   2.8257e+02
20260828_10:00:00   2.1317e-01   5.5772e+01   4.0526e+00   0.0000e+00   4.6260e-06   2.8252e+02
20260828_11:00:00   2.0923e-01   5.4938e+01   3.9736e+00   0.0000e+00   0.0000e+00   2.8286e+02
20260828_12:00:00   2.1365e-01   5.5904e+01   4.0544e+00   0.0000e+00   0.0000e+00   2.8415e+02
20260828_13:00:00   2.1899e-01   5.7159e+01   4.1057e+00   0.0000e+00   0.0000e+00   2.8746e+02
20260828_14:00:00   2.1453e-01   5.6231e+01   4.0256e+00   0.0000e+00   0.0000e+00   2.8914e+02
20260828_15:00:00   2.2415e-01   5.8293e+01   4.2059e+00   0.0000e+00   0.0000e+00   2.9062e+02
20260828_16:00:00   2.3704e-01   6.1017e+01   4.4305e+00   0.0000e+00   0.0000e+00   2.9023e+02
20260828_17:00:00   2.3802e-01   6.1209e+01   4.4540e+00   0.0000e+00   0.0000e+00   2.8907e+02
20260828_18:00:00   2.4779e-01   6.3214e+01   4.6394e+00   0.0000e+00   0.0000e+00   2.8842e+02
20260828_19:00:00   2.4299e-01   6.2231e+01   4.5353e+00   0.0000e+00   0.0000e+00   2.8876e+02
20260828_20:00:00   2.3786e-01   6.1090e+01   4.4624e+00   0.0000e+00   0.0000e+00   2.8735e+02
20260828_21:00:00   2.2791e-01   5.8919e+01   4.3011e+00   0.0000e+00   0.0000e+00   2.8514e+02
20260828_22:00:00   2.0772e-01   5.4481e+01   3.9733e+00   0.0000e+00   0.0000e+00   2.8480e+02
20260828_23:00:00   1.9223e-01   5.1011e+01   3.7347e+00   0.0000e+00   0.0000e+00   2.8430e+02
20260829_00:00:00   1.8417e-01   4.9162e+01   3.6183e+00   0.0000e+00   2.0120e-04   2.8337e+02
20260829_01:00:00   1.8153e-01   4.8486e+01   3.6214e+00   0.0000e+00   4.1956e-04   2.8338e+02
20260829_02:00:00   1.8065e-01   4.8252e+01   3.6248e+00   0.0000e+00   1.3820e-03   2.8466e+02
20260829_03:00:00   1.8743e-01   4.9714e+01   3.7815e+00   0.0000e+00   3.0982e-03   2.8428e+02
20260829_04:00:00   1.9902e-01   5.2316e+01   3.9925e+00   0.0000e+00   6.8580e-03   2.8200e+02
20260829_05:00:00   2.1262e-01   5.5248e+01   4.2490e+00   1.3440e-07   4.9965e-02   2.8110e+02
20260829_06:00:00   2.2788e-01   5.8321e+01   4.5907e+00   1.1060e-04   9.3303e-02   2.8117e+02
20260829_07:00:00   2.3649e-01   6.0034e+01   4.7610e+00   1.8500e-06   1.5147e-01   2.8047e+02
20260829_08:00:00   2.4613e-01   6.1987e+01   4.9248e+00   2.2210e-05   2.1524e-01   2.8084e+02
20260829_09:00:00   2.4179e-01   6.1065e+01   4.8640e+00   0.0000e+00   1.9120e-01   2.8059e+02
20260829_10:00:00   2.5162e-01   6.2848e+01   5.0926e+00   0.0000e+00   2.6006e-01   2.8081e+02
20260829_11:00:00   2.4939e-01   6.2355e+01   5.0525e+00   0.0000e+00   2.7606e-01   2.8260e+02
20260829_12:00:00   2.6675e-01   6.5748e+01   5.3970e+00   0.0000e+00   3.3305e-01   2.8289e+02
20260829_13:00:00   2.6220e-01   6.4792e+01   5.3062e+00   0.0000e+00   3.4569e-01   2.8067e+02
20260829_14:00:00   2.7037e-01   6.6334e+01   5.4750e+00   0.0000e+00   4.0672e-01   2.7839e+02
20260829_15:00:00   2.6667e-01   6.5675e+01   5.3985e+00   0.0000e+00   3.5991e-01   2.7796e+02
20260829_16:00:00   2.6968e-01   6.6277e+01   5.4398e+00   0.0000e+00   4.0682e-01   2.7825e+02
20260829_17:00:00   2.7563e-01   6.7383e+01   5.5741e+00   0.0000e+00   4.4587e-01   2.7726e+02
20260829_18:00:00   2.7498e-01   6.7220e+01   5.5612e+00   0.0000e+00   4.3474e-01   2.7846e+02
20260829_19:00:00   2.8331e-01   6.8789e+01   5.7013e+00   0.0000e+00   4.8824e-01   2.7911e+02
20260829_20:00:00   2.6691e-01   6.5603e+01   5.3823e+00   0.0000e+00   4.0045e-01   2.8060e+02
20260829_21:00:00   2.8533e-01   6.9124e+01   5.7048e+00   0.0000e+00   4.7715e-01   2.8102e+02
20260829_22:00:00   2.8876e-01   6.9763e+01   5.7651e+00   0.0000e+00   4.4952e-01   2.8026e+02
20260829_23:00:00   2.6913e-01   6.5908e+01   5.3774e+00   0.0000e+00   4.2549e-01   2.7990e+02
20260830_00:00:00   3.1093e-01   7.3983e+01   6.1912e+00   8.7594e-05   4.5336e-01   2.8108e+02
20260830_01:00:00   2.9657e-01   7.1338e+01   5.8723e+00   2.2816e-05   3.9813e-01   2.8099e+02
20260830_02:00:00   2.8058e-01   6.8507e+01   5.6091e+00   1.4443e-04   1.4091e-01   2.8290e+02
20260830_03:00:00   2.4160e-01   6.0897e+01   4.8085e+00   1.4338e-04   7.2789e-02   2.8223e+02
20260830_04:00:00   2.0610e-01   5.3849e+01   4.0188e+00   9.2510e-07   1.2843e-02   2.8353e+02
20260830_05:00:00   2.0110e-01   5.3185e+01   3.7704e+00   0.0000e+00   1.8410e-04   2.8627e+02
20260830_06:00:00   2.0092e-01   5.3208e+01   3.7246e+00   0.0000e+00   0.0000e+00   2.8677e+02
20260830_07:00:00   2.1219e-01   5.5511e+01   3.9455e+00   0.0000e+00   5.5320e-04   2.8682e+02
20260830_08:00:00   2.0693e-01   5.4598e+01   3.7484e+00   0.0000e+00   0.0000e+00   2.8614e+02
20260830_09:00:00   2.1890e-01   5.7213e+01   3.8986e+00   0.0000e+00   0.0000e+00   2.8601e+02
20260830_10:00:00   2.2636e-01   5.8843e+01   3.9775e+00   0.0000e+00   0.0000e+00   2.8548e+02
20260830_11:00:00   2.4898e-01   6.3570e+01   4.3440e+00   0.0000e+00   0.0000e+00   2.8465e+02
20260830_12:00:00   2.7815e-01   6.9468e+01   4.8271e+00   0.0000e+00   0.0000e+00   2.8442e+02
20260830_13:00:00   2.8756e-01   7.1321e+01   5.0106e+00   0.0000e+00   0.0000e+00   2.8411e+02
20260830_14:00:00   2.8495e-01   7.0796e+01   4.9913e+00   0.0000e+00   0.0000e+00   2.8320e+02
20260830_15:00:00   2.9354e-01   7.2481e+01   5.1527e+00   0.0000e+00   2.3880e-06   2.8268e+02
20260830_16:00:00   2.7309e-01   6.8439e+01   4.8128e+00   0.0000e+00   5.1067e-06   2.8204e+02
20260830_17:00:00   2.6618e-01   6.7002e+01   4.7227e+00   0.0000e+00   1.3439e-06   2.8180e+02
20260830_18:00:00   2.6623e-01   6.6969e+01   4.7452e+00   0.0000e+00   8.6002e-06   2.7999e+02
20260830_19:00:00   2.6154e-01   6.5924e+01   4.6861e+00   0.0000e+00   3.4944e-06   2.7737e+02
20260830_20:00:00   2.5475e-01   6.4521e+01   4.5660e+00   0.0000e+00   1.6126e-06   2.7507e+02
20260830_21:00:00   2.5444e-01   6.4409e+01   4.5742e+00   0.0000e+00   1.0752e-06   2.7246e+02
20260830_22:00:00   2.5144e-01   6.3788e+01   4.5209e+00   0.0000e+00   0.0000e+00   2.7101e+02
20260830_23:00:00   2.5120e-01   6.3774e+01   4.4994e+00   0.0000e+00   0.0000e+00   2.7087e+02
20260831_00:00:00   2.5136e-01   6.3835e+01   4.4931e+00   0.0000e+00   0.0000e+00   2.7045e+02
20260831_01:00:00   2.5159e-01   6.3866e+01   4.5086e+00   0.0000e+00   0.0000e+00   2.6892e+02
20260831_02:00:00   2.5624e-01   6.4817e+01   4.5950e+00   0.0000e+00   0.0000e+00   2.6798e+02
20260831_03:00:00   2.7177e-01   6.7950e+01   4.8635e+00   0.0000e+00   0.0000e+00   2.7002e+02
20260831_04:00:00   2.8893e-01   7.1482e+01   5.1293e+00   0.0000e+00   0.0000e+00   2.7092e+02
20260831_05:00:00   2.9485e-01   7.2712e+01   5.2099e+00   0.0000e+00   0.0000e+00   2.7289e+02
20260831_06:00:00   2.8225e-01   7.0240e+01   4.9862e+00   0.0000e+00   0.0000e+00   2.7481e+02
20260831_07:00:00   2.6816e-01   6.7403e+01   4.7458e+00   0.0000e+00   0.0000e+00   2.7553e+02
20260831_08:00:00   2.6551e-01   6.6828e+01   4.7077e+00   0.0000e+00   0.0000e+00   2.7576e+02
20260831_09:00:00   2.4418e-01   6.2496e+01   4.3353e+00   0.0000e+00   0.0000e+00   2.7631e+02
20260831_10:00:00   2.3120e-01   5.9817e+01   4.1147e+00   0.0000e+00   0.0000e+00   2.7354e+02
20260831_11:00:00   2.2051e-01   5.7585e+01   3.9315e+00   0.0000e+00   0.0000e+00   2.7056e+02
20260831_12:00:00   1.9184e-01   5.1461e+01   3.4172e+00   0.0000e+00   0.0000e+00   2.6953e+02
20260831_13:00:00   1.7445e-01   4.7663e+01   3.1052e+00   0.0000e+00   0.0000e+00   2.6721e+02
20260831_14:00:00   1.5799e-01   4.4023e+01   2.8030e+00   0.0000e+00   0.0000e+00   2.6656e+02
20260831_15:00:00   1.5667e-01   4.3797e+01   2.7820e+00   0.0000e+00   0.0000e+00   2.6646e+02
20260831_16:00:00   1.6069e-01   4.4825e+01   2.8614e+00   0.0000e+00   0.0000e+00   2.6679e+02
20260831_17:00:00   1.7654e-01   4.8500e+01   3.1685e+00   0.0000e+00   0.0000e+00   2.6779e+02
20260831_18:00:00   1.9635e-01   5.2969e+01   3.5588e+00   0.0000e+00   0.0000e+00   2.6828e+02
20260831_19:00:00   2.0119e-01   5.4125e+01   3.6577e+00   0.0000e+00   0.0000e+00   2.6697e+02
20260831_20:00:00   1.9228e-01   5.2272e+01   3.4781e+00   0.0000e+00   0.0000e+00   2.6539e+02
20260831_21:00:00   1.8331e-01   5.0335e+01   3.3051e+00   0.0000e+00   0.0000e+00   2.6478e+02
20260831_22:00:00   1.8255e-01   5.0221e+01   3.2781e+00   0.0000e+00   0.0000e+00   2.6486e+02
20260831_23:00:00   1.7264e-01   4.8003e+01   3.0833e+00   0.0000e+00   0.0000e+00   2.6560e+02
20260901_00:00:00   1.4838e-01   4.2397e+01   2.6447e+00   0.0000e+00   0.0000e+00   2.6608e+02
20260901_01:00:00   1.3177e-01   3.8459e+01   2.3367e+00   0.0000e+00   0.0000e+00   2.6657e+02
20260901_02:00:00   1.2145e-01   3.5964e+01   2.1494e+00   0.0000e+00   0.0000e+00   2.6722e+02
20260901_03:00:00   1.1355e-01   3.4012e+01   2.0070e+00   0.0000e+00   0.0000e+00   2.6774e+02
20260901_04:00:00   1.0469e-01   3.1804e+01   1.8435e+00   0.0000e+00   0.0000e+00   2.6853e+02
20260901_05:00:00   9.7080e-02   2.9880e+01   1.7112e+00   0.0000e+00   0.0000e+00   2.6827e+02
20260901_06:00:00   9.3328e-02   2.8892e+01   1.6562e+00   0.0000e+00   0.0000e+00   2.6822e+02
20260901_07:00:00   8.6545e-02   2.7131e+01   1.5410e+00   0.0000e+00   0.0000e+00   2.6852e+02
20260901_08:00:00   8.4861e-02   2.6649e+01   1.5305e+00   0.0000e+00   0.0000e+00   2.6952e+02
20260901_09:00:00   9.6071e-02   2.9472e+01   1.7772e+00   0.0000e+00   0.0000e+00   2.7041e+02
20260901_10:00:00   1.0412e-01   3.1510e+01   1.9433e+00   0.0000e+00   0.0000e+00   2.6962e+02
20260901_11:00:00   1.0164e-01   3.0972e+01   1.8762e+00   0.0000e+00   0.0000e+00   2.6769e+02
20260901_12:00:00   9.9090e-02   3.0384e+01   1.8187e+00   0.0000e+00   0.0000e+00   2.6689e+02
20260901_13:00:00   9.6360e-02   2.9733e+01   1.7623e+00   0.0000e+00   0.0000e+00   2.6657e+02
20260901_14:00:00   9.6721e-02   2.9852e+01   1.7668e+00   0.0000e+00   0.0000e+00   2.6718e+02
20260901_15:00:00   9.6512e-02   2.9840e+01   1.7644e+00   0.0000e+00   0.0000e+00   2.6697e+02
20260901_16:00:00   9.8223e-02   3.0304e+01   1.8034e+00   0.0000e+00   0.0000e+00   2.6707e+02
20260901_17:00:00   1.0047e-01   3.0894e+01   1.8533e+00   0.0000e+00   0.0000e+00   2.6647e+02
20260901_18:00:00   1.0978e-01   3.3209e+01   2.0573e+00   0.0000e+00   0.0000e+00   2.6562e+02
20260901_19:00:00   1.1266e-01   3.3908e+01   2.1275e+00   0.0000e+00   0.0000e+00   2.6533e+02
20260901_20:00:00   1.1400e-01   3.4275e+01   2.1440e+00   0.0000e+00   1.3438e-06   2.6550e+02
20260901_21:00:00   1.1485e-01   3.4510e+01   2.1553e+00   0.0000e+00   0.0000e+00   2.6400e+02
20260901_22:00:00   1.1493e-01   3.4533e+01   2.1512e+00   0.0000e+00   0.0000e+00   2.6276e+02
20260901_23:00:00   1.0877e-01   3.3013e+01   2.0225e+00   0.0000e+00   0.0000e+00   2.6327e+02
20260902_00:00:00   1.0061e-01   3.0986e+01   1.8520e+00   0.0000e+00   0.0000e+00   2.6344e+02
20260902_01:00:00   9.7814e-02   3.0278e+01   1.7980e+00   0.0000e+00   0.0000e+00   2.6348e+02
20260902_02:00:00   1.0073e-01   3.0988e+01   1.8651e+00   0.0000e+00   0.0000e+00   2.6326e+02
20260902_03:00:00   1.0159e-01   3.1158e+01   1.8978e+00   0.0000e+00   0.0000e+00   2.6421e+02
20260902_04:00:00   1.0233e-01   3.1305e+01   1.9229e+00   0.0000e+00   0.0000e+00   2.6412e+02
20260902_05:00:00   1.0341e-01   3.1556e+01   1.9522e+00   0.0000e+00   0.0000e+00   2.6355e+02
20260902_06:00:00   1.0217e-01   3.1204e+01   1.9369e+00   0.0000e+00   0.0000e+00   2.6337e+02
20260902_09:00:00   9.9404e-02   3.0399e+01   1.8997e+00   0.0000e+00   0.0000e+00   2.6464e+02
20260902_12:00:00   1.0608e-01   3.1936e+01   2.0729e+00   0.0000e+00   0.0000e+00   2.6673e+02
20260902_15:00:00   1.1889e-01   3.4985e+01   2.3817e+00   0.0000e+00   0.0000e+00   2.6637e+02
20260902_18:00:00   1.3981e-01   3.9951e+01   2.8590e+00   0.0000e+00   0.0000e+00   2.6773e+02
20260902_21:00:00   1.6328e-01   4.5469e+01   3.3587e+00   0.0000e+00   0.0000e+00   2.6880e+02
20260903_00:00:00   1.5528e-01   4.3268e+01   3.2515e+00   0.0000e+00   0.0000e+00   2.7127e+02
20260903_03:00:00   1.7081e-01   4.6588e+01   3.6079e+00   0.0000e+00   5.9800e-06   2.7344e+02
20260903_06:00:00   1.8488e-01   4.9548e+01   3.9291e+00   0.0000e+00   1.0120e-04   2.7430e+02
20260903_09:00:00   1.7972e-01   4.8413e+01   3.8168e+00   0.0000e+00   2.3240e-05   2.7350e+02
20260903_12:00:00   1.7712e-01   4.7824e+01   3.7638e+00   0.0000e+00   2.4180e-06   2.7804e+02
20260903_15:00:00   1.7963e-01   4.8440e+01   3.8204e+00   0.0000e+00   0.0000e+00   2.7569e+02
20260903_18:00:00   1.9779e-01   5.2636e+01   4.2018e+00   0.0000e+00   0.0000e+00   2.7535e+02
20260903_21:00:00   2.0841e-01   5.5033e+01   4.4280e+00   0.0000e+00   0.0000e+00   2.7605e+02
20260904_00:00:00   2.0134e-01   5.3044e+01   4.3581e+00   0.0000e+00   0.0000e+00   2.7676e+02
20260904_03:00:00   1.8788e-01   5.0032e+01   4.0741e+00   0.0000e+00   1.6190e-05   2.7497e+02
20260904_06:00:00   1.6795e-01   4.5786e+01   3.6070e+00   0.0000e+00   0.0000e+00   2.7547e+02
20260904_09:00:00   1.7570e-01   4.7528e+01   3.7770e+00   0.0000e+00   1.5720e-03   2.7555e+02
20260904_12:00:00   2.1744e-01   5.6818e+01   4.6412e+00   0.0000e+00   9.5414e-03   2.7699e+02
20260904_15:00:00   2.2836e-01   5.9539e+01   4.7930e+00   0.0000e+00   3.5286e-03   2.7673e+02
20260904_18:00:00   2.5488e-01   6.5482e+01   5.2553e+00   0.0000e+00   5.8964e-03   2.7845e+02
20260904_21:00:00   2.5096e-01   6.4071e+01   5.2379e+00   0.0000e+00   5.5785e-02   2.7972e+02
20260905_00:00:00   2.9201e-01   7.2459e+01   5.9982e+00   0.0000e+00   6.7044e-02   2.8010e+02
20260905_03:00:00   2.9219e-01   7.1926e+01   6.1478e+00   0.0000e+00   4.6192e-02   2.8291e+02
20260905_06:00:00   2.6131e-01   6.5799e+01   5.4350e+00   0.0000e+00   7.9751e-03   2.8413e+02
20260905_09:00:00   2.3803e-01   6.1302e+01   4.7764e+00   0.0000e+00   6.6484e-03   2.8490e+02
20260905_12:00:00   2.7179e-01   6.7735e+01   5.4973e+00   0.0000e+00   3.7224e-03   2.8693e+02
20260905_15:00:00   2.6760e-01   6.6844e+01   5.3532e+00   0.0000e+00   8.3676e-04   2.8798e+02
20260905_18:00:00   2.9270e-01   7.1995e+01   5.7674e+00   1.5322e-04   4.3463e-03   2.8621e+02
20260905_21:00:00   3.0928e-01   7.5587e+01   5.8701e+00   7.1820e-04   1.3242e-03   2.8940e+02
20260906_00:00:00   2.8326e-01   7.0715e+01   5.2454e+00   0.0000e+00   7.9380e-06   2.8870e+02
20260906_03:00:00   2.0897e-01   5.5457e+01   3.7779e+00   0.0000e+00   0.0000e+00   2.8659e+02
20260906_06:00:00   1.7012e-01   4.6866e+01   3.0451e+00   0.0000e+00   0.0000e+00   2.8369e+02
20260906_09:00:00   1.6124e-01   4.4889e+01   2.8659e+00   0.0000e+00   0.0000e+00   2.8001e+02
20260906_12:00:00   1.4788e-01   4.1877e+01   2.6013e+00   0.0000e+00   0.0000e+00   2.8077e+02
20260906_15:00:00   1.4137e-01   4.0385e+01   2.5019e+00   0.0000e+00   0.0000e+00   2.8367e+02
20260906_18:00:00   1.7814e-01   4.8982e+01   3.1962e+00   0.0000e+00   0.0000e+00   2.8449e+02
20260906_21:00:00   1.6923e-01   4.6973e+01   3.0332e+00   0.0000e+00   0.0000e+00   2.8490e+02
20260907_00:00:00   1.6495e-01   4.5979e+01   2.9472e+00   0.0000e+00   0.0000e+00   2.8258e+02
20260907_03:00:00   1.5666e-01   4.4101e+01   2.7941e+00   0.0000e+00   0.0000e+00   2.8007e+02
20260907_06:00:00   1.6032e-01   4.4951e+01   2.8468e+00   0.0000e+00   0.0000e+00   2.8010e+02
20260907_09:00:00   1.4038e-01   4.0181e+01   2.4855e+00   0.0000e+00   0.0000e+00   2.7632e+02
20260907_12:00:00   1.1786e-01   3.4627e+01   2.1249e+00   0.0000e+00   0.0000e+00   2.7629e+02
20260907_15:00:00   1.1175e-01   3.3138e+01   2.0371e+00   0.0000e+00   0.0000e+00   2.7737e+02
20260907_18:00:00   1.1860e-01   3.4773e+01   2.2131e+00   0.0000e+00   0.0000e+00   2.7630e+02
20260907_21:00:00   1.2538e-01   3.6045e+01   2.4626e+00   0.0000e+00   0.0000e+00   2.7273e+02
20260908_00:00:00   1.1732e-01   3.3990e+01   2.3334e+00   0.0000e+00   2.3120e-06   2.6599e+02
20260908_03:00:00   1.2920e-01   3.6775e+01   2.6188e+00   0.0000e+00   0.0000e+00   2.6447e+02
20260908_06:00:00   1.3965e-01   3.9170e+01   2.8619e+00   0.0000e+00   4.1418e-04   2.6529e+02
20260908_09:00:00   1.4802e-01   4.0875e+01   3.0699e+00   0.0000e+00   1.0483e-03   2.6508e+02
20260908_12:00:00   1.4046e-01   3.9098e+01   2.9007e+00   0.0000e+00   8.4620e-04   2.6714e+02
20260908_15:00:00   1.4917e-01   4.0958e+01   3.1128e+00   0.0000e+00   2.0477e-03   2.6641e+02
20260908_18:00:00   1.6312e-01   4.4137e+01   3.4259e+00   0.0000e+00   3.0606e-03   2.6511e+02
20260908_21:00:00   1.4648e-01   4.0460e+01   3.0709e+00   0.0000e+00   4.8500e-04   2.6168e+02
20260909_00:00:00   1.6734e-01   4.5234e+01   3.5394e+00   0.0000e+00   9.1386e-06   2.5983e+02
20260909_03:00:00   1.9764e-01   5.2000e+01   4.1939e+00   0.0000e+00   2.1463e-04   2.5940e+02
20260909_06:00:00   2.0087e-01   5.2935e+01   4.2138e+00   0.0000e+00   3.2157e-04   2.5990e+02
20260909_09:00:00   2.0453e-01   5.3725e+01   4.2803e+00   0.0000e+00   1.1914e-04   2.6159e+02
20260909_12:00:00   2.1990e-01   5.6970e+01   4.5937e+00   0.0000e+00   1.4982e-04   2.6341e+02
20260909_15:00:00   2.4373e-01   6.2114e+01   5.0683e+00   0.0000e+00   9.7465e-04   2.6264e+02
20260909_18:00:00   3.7848e-01   8.8648e+01   7.6785e+00   4.5380e-05   1.3063e-03   2.6579e+02
20260909_21:00:00   4.9594e-01   1.0860e+02   9.5572e+00   5.1393e-03   3.4575e-03   2.6764e+02
20260910_00:00:00   5.1762e-01   1.1296e+02   9.7988e+00   1.8860e-03   4.6724e-04   2.6966e+02
20260910_03:00:00   5.3772e-01   1.1684e+02   9.9718e+00   1.4212e-05   2.5373e-03   2.7178e+02
20260910_06:00:00   4.7177e-01   1.0692e+02   8.4618e+00   0.0000e+00   1.8502e-05   2.7149e+02
20260910_09:00:00   4.5626e-01   1.0415e+02   8.1488e+00   0.0000e+00   2.0021e-03   2.7822e+02
20260910_12:00:00   4.7534e-01   1.0728e+02   8.5119e+00   0.0000e+00   1.1123e-04   2.8150e+02
20260910_15:00:00   5.4328e-01   1.1809e+02   9.7476e+00   2.9600e-04   6.5080e-03   2.8814e+02
20260910_18:00:00   5.8781e-01   1.2474e+02   1.0129e+01   1.2282e-02   2.4124e-03   2.9544e+02
20260910_21:00:00   6.1723e-01   1.2858e+02   1.0601e+01   1.6390e-02   1.3029e-03   2.9772e+02
20260911_00:00:00   5.5587e-01   1.1859e+02   1.0373e+01   1.1564e-04   3.3125e-01   3.0258e+02
20260911_03:00:00   5.0595e-01   1.1051e+02   9.4802e+00   2.8486e-03   2.5701e-01   3.0698e+02
20260911_06:00:00   4.9706e-01   1.0841e+02   9.3942e+00   8.7180e-04   4.4233e-01   3.0534e+02
20260911_09:00:00   4.7339e-01   1.0410e+02   9.0168e+00   1.6216e-04   4.4109e-01   3.0972e+02
20260911_12:00:00   4.5956e-01   1.0138e+02   8.1134e+00   2.4709e-02   4.9369e-02   3.1091e+02
20260911_15:00:00   4.1333e-01   9.3741e+01   8.1466e+00   1.4628e-03   1.2298e-01   3.1063e+02
20260911_18:00:00   4.1709e-01   9.4311e+01   8.2131e+00   1.8922e-03   2.3097e-01   3.1021e+02
20260911_21:00:00   4.4242e-01   9.8545e+01   8.6281e+00   0.0000e+00   5.0322e-01   3.0655e+02
20260912_00:00:00   5.8217e-01   1.2110e+02   1.0772e+01   0.0000e+00   5.0496e-01   3.0658e+02
20260912_03:00:00   7.1559e-01   1.3961e+02   1.2888e+01   6.7200e-07   5.4486e-01   3.0143e+02
20260912_06:00:00   8.2648e-01   1.5373e+02   1.3108e+01   3.7911e-02   4.1048e-01   3.0031e+02
20260912_09:00:00   9.9062e-01   1.7215e+02   1.2876e+01   1.0823e-01   2.0897e-01   3.0294e+02
20260912_12:00:00   7.1084e-01   1.3971e+02   1.1693e+01   2.6061e-02   7.5553e-02   3.1000e+02
20260912_15:00:00   5.2467e-01   1.1217e+02   9.8355e+00   1.0546e-04   2.2584e-01   3.1172e+02
20260912_18:00:00   5.9247e-01   1.2289e+02   1.0858e+01   2.6880e-05   2.4854e-01   3.1199e+02
20260912_21:00:00   6.0844e-01   1.2540e+02   1.1085e+01   1.1791e-03   1.0561e-01   3.0767e+02
20260913_00:00:00   6.2412e-01   1.2727e+02   1.1290e+01   1.1489e-05   2.5268e-01   3.0575e+02
20260913_03:00:00   6.4884e-01   1.3024e+02   1.1603e+01   0.0000e+00   3.1946e-01   3.0632e+02
20260913_06:00:00   6.2376e-01   1.2640e+02   1.1102e+01   0.0000e+00   3.1076e-01   3.0613e+02
