#            date       tau255        Tb[K]      pwv[mm] lwp[kg*m^-2] iwp[kg*m^-2]       o3[DU]
20260915_12:00:00   5.9072e-02   1.9896e+01   1.0009e+00   0.0000e+00   7.7360e-04   2.7656e+02
20260915_13:00:00   6.2393e-02   2.0748e+01   1.0834e+00   0.0000e+00   6.6960e-05   2.7879e+02
20260915_14:00:00   6.9252e-02   2.2533e+01   1.2397e+00   0.0000e+00   2.8441e-04   2.7878e+02
20260915_15:00:00   8.0175e-02   2.5382e+01   1.4820e+00   0.0000e+00   8.0940e-04   2.8029e+02
20260915_16:00:00   9.6576e-02   2.9599e+01   1.8336e+00   0.0000e+00   3.9424e-04   2.8089e+02
20260915_17:00:00   1.1709e-01   3.4754e+01   2.2576e+00   0.0000e+00   1.1362e-04   2.7896e+02
20260915_18:00:00   1.2857e-01   3.7621e+01   2.4780e+00   0.0000e+00   6.6781e-04   2.7923e+02
20260915_19:00:00   1.4069e-01   4.0560e+01   2.7111e+00   0.0000e+00   7.4179e-04   2.7907e+02
20260915_20:00:00   1.5233e-01   4.3333e+01   2.9435e+00   0.0000e+00   2.0520e-04   2.7943e+02
20260915_21:00:00   1.6040e-01   4.5154e+01   3.1270e+00   0.0000e+00   9.5740e-07   2.8078e+02
20260915_22:00:00   1.4308e-01   4.0962e+01   2.8107e+00   0.0000e+00   0.0000e+00   2.8056e+02
20260915_23:00:00   1.3344e-01   3.8632e+01   2.6143e+00   0.0000e+00   0.0000e+00   2.8040e+02
20260916_00:00:00   1.2514e-01   3.6571e+01   2.4549e+00   0.0000e+00   0.0000e+00   2.8049e+02
20260916_01:00:00   1.2264e-01   3.5944e+01   2.4052e+00   0.0000e+00   0.0000e+00   2.8232e+02
20260916_02:00:00   1.2619e-01   3.6842e+01   2.4670e+00   0.0000e+00   0.0000e+00   2.8203e+02
20260916_03:00:00   1.2735e-01   3.7146e+01   2.4818e+00   0.0000e+00   0.0000e+00   2.8034e+02
20260916_04:00:00   1.2572e-01   3.6768e+01   2.4397e+00   0.0000e+00   0.0000e+00   2.7903e+02
20260916_05:00:00   1.2685e-01   3.7073e+01   2.4513e+00   0.0000e+00   0.0000e+00   2.7829e+02
20260916_06:00:00   1.3005e-01   3.7803e+01   2.5232e+00   0.0000e+00   0.0000e+00   2.7687e+02
20260916_07:00:00   1.3178e-01   3.8174e+01   2.5651e+00   0.0000e+00   0.0000e+00   2.7615e+02
20260916_08:00:00   1.3165e-01   3.8120e+01   2.5650e+00   0.0000e+00   0.0000e+00   2.7732e+02
20260916_09:00:00   1.3135e-01   3.8037e+01   2.5597e+00   0.0000e+00   0.0000e+00   2.7698e+02
20260916_10:00:00   1.3529e-01   3.8960e+01   2.6411e+00   0.0000e+00   0.0000e+00   2.7667e+02
20260916_11:00:00   1.3875e-01   3.9759e+01   2.7181e+00   0.0000e+00   0.0000e+00   2.7938e+02
20260916_12:00:00   1.4407e-01   4.0999e+01   2.8478e+00   0.0000e+00   0.0000e+00   2.7892e+02
20260916_13:00:00   1.5716e-01   4.4073e+01   3.1337e+00   0.0000e+00   0.0000e+00   2.7693e+02
20260916_14:00:00   1.6672e-01   4.6333e+01   3.3298e+00   0.0000e+00   0.0000e+00   2.7730e+02
20260916_15:00:00   1.7117e-01   4.7450e+01   3.4051e+00   0.0000e+00   0.0000e+00   2.7676e+02
20260916_16:00:00   1.7638e-01   4.8759e+01   3.4824e+00   0.0000e+00   0.0000e+00   2.7750e+02
20260916_17:00:00   1.8752e-01   5.1403e+01   3.6810e+00   0.0000e+00   0.0000e+00   2.7756e+02
20260916_18:00:00   1.9379e-01   5.2908e+01   3.7825e+00   0.0000e+00   0.0000e+00   2.7936e+02
20260916_19:00:00   1.9503e-01   5.3233e+01   3.7978e+00   0.0000e+00   0.0000e+00   2.7906e+02
20260916_20:00:00   1.9079e-01   5.2311e+01   3.7049e+00   0.0000e+00   0.0000e+00   2.7931e+02
20260916_21:00:00   1.7951e-01   4.9730e+01   3.4798e+00   0.0000e+00   0.0000e+00   2.8005e+02
20260916_22:00:00   1.7014e-01   4.7563e+01   3.2830e+00   0.0000e+00   2.2080e-05   2.7943e+02
20260916_23:00:00   1.5819e-01   4.4708e+01   3.0514e+00   0.0000e+00   1.1208e-03   2.7849e+02
20260917_00:00:00   1.4821e-01   4.2324e+01   2.8533e+00   0.0000e+00   3.7705e-04   2.7757e+02
20260917_01:00:00   1.4628e-01   4.1843e+01   2.8164e+00   0.0000e+00   1.5070e-03   2.7879e+02
20260917_02:00:00   1.4592e-01   4.1727e+01   2.8076e+00   0.0000e+00   2.4286e-03   2.7986e+02
20260917_03:00:00   1.3598e-01   3.9270e+01   2.6273e+00   0.0000e+00   3.2063e-03   2.8032e+02
20260917_04:00:00   1.4409e-01   4.1188e+01   2.7998e+00   0.0000e+00   3.2219e-03   2.7724e+02
20260917_05:00:00   1.5268e-01   4.3213e+01   2.9735e+00   0.0000e+00   4.6510e-03   2.7523e+02
20260917_06:00:00   1.4985e-01   4.2559e+01   2.9130e+00   0.0000e+00   4.0901e-03   2.7767e+02
20260917_07:00:00   1.4429e-01   4.1200e+01   2.8087e+00   0.0000e+00   4.0533e-03   2.7757e+02
20260917_08:00:00   1.5254e-01   4.3101e+01   2.9995e+00   0.0000e+00   1.7589e-03   2.7656e+02
20260917_09:00:00   1.6666e-01   4.6353e+01   3.2989e+00   0.0000e+00   1.7138e-03   2.8017e+02
20260917_10:00:00   1.6611e-01   4.6250e+01   3.2793e+00   0.0000e+00   6.0040e-04   2.7911e+02
20260917_11:00:00   1.5860e-01   4.4444e+01   3.1392e+00   0.0000e+00   2.5564e-03   2.8050e+02
20260917_12:00:00   1.5938e-01   4.4577e+01   3.1627e+00   0.0000e+00   2.8601e-03   2.7900e+02
20260917_13:00:00   1.5895e-01   4.4482e+01   3.1499e+00   0.0000e+00   2.7858e-03   2.7766e+02
20260917_14:00:00   1.6481e-01   4.5810e+01   3.2770e+00   0.0000e+00   2.5634e-03   2.7848e+02
20260917_15:00:00   1.7816e-01   4.8819e+01   3.5428e+00   0.0000e+00   2.6539e-02   2.7832e+02
20260917_16:00:00   1.8577e-01   5.0514e+01   3.6857e+00   0.0000e+00   3.5057e-02   2.7940e+02
20260917_17:00:00   1.7584e-01   4.8231e+01   3.5170e+00   0.0000e+00   5.5480e-03   2.7861e+02
20260917_18:00:00   1.8211e-01   4.9638e+01   3.6437e+00   0.0000e+00   7.0924e-03   2.7691e+02
20260917_19:00:00   1.7283e-01   4.7432e+01   3.4637e+00   0.0000e+00   3.4374e-03   2.7672e+02
20260917_20:00:00   1.6067e-01   4.4434e+01   3.2413e+00   0.0000e+00   1.6783e-02   2.7702e+02
20260917_21:00:00   1.5508e-01   4.3114e+01   3.1157e+00   0.0000e+00   1.6868e-02   2.7708e+02
20260917_22:00:00   1.4941e-01   4.1718e+01   3.0048e+00   0.0000e+00   1.2603e-02   2.7895e+02
20260917_23:00:00   1.4787e-01   4.1446e+01   2.9457e+00   0.0000e+00   6.0680e-04   2.8248e+02
20260918_00:00:00   1.5654e-01   4.3300e+01   3.1508e+00   0.0000e+00   5.4613e-03   2.8093e+02
20260918_01:00:00   1.7133e-01   4.6798e+01   3.4132e+00   0.0000e+00   1.1562e-05   2.8002e+02
20260918_02:00:00   2.1441e-01   5.6652e+01   4.2247e+00   0.0000e+00   3.9315e-05   2.8183e+02
20260918_03:00:00   2.0365e-01   5.4215e+01   4.0392e+00   0.0000e+00   0.0000e+00   2.8218e+02
20260918_04:00:00   2.0621e-01   5.4652e+01   4.1080e+00   0.0000e+00   0.0000e+00   2.8173e+02
20260918_05:00:00   2.3667e-01   6.1032e+01   4.7494e+00   0.0000e+00   3.3300e-05   2.8193e+02
20260918_06:00:00   2.9892e-01   7.3948e+01   5.8782e+00   0.0000e+00   0.0000e+00   2.8199e+02
20260918_07:00:00   3.8271e-01   8.9844e+01   7.3613e+00   0.0000e+00   1.1600e-04   2.8235e+02
20260918_08:00:00   4.2630e-01   9.7536e+01   8.1872e+00   1.3876e-05   1.1388e-03   2.8230e+02
20260918_09:00:00   4.5016e-01   1.0207e+02   8.5349e+00   0.0000e+00   1.5356e-04   2.8051e+02
20260918_10:00:00   5.0661e-01   1.1121e+02   9.5881e+00   0.0000e+00   1.9086e-03   2.7729e+02
20260918_11:00:00   5.4272e-01   1.1676e+02   1.0188e+01   0.0000e+00   1.3890e-02   2.7691e+02
20260918_12:00:00   5.3660e-01   1.1590e+02   1.0057e+01   0.0000e+00   1.6022e-03   2.7976e+02
20260918_13:00:00   5.1059e-01   1.1151e+02   9.7541e+00   0.0000e+00   8.7966e-05   2.8087e+02
20260918_14:00:00   4.9499e-01   1.0907e+02   9.5026e+00   0.0000e+00   4.9917e-05   2.8318e+02
20260918_15:00:00   4.9499e-01   1.0926e+02   9.4714e+00   0.0000e+00   6.6881e-06   2.8279e+02
20260918_16:00:00   4.9036e-01   1.0875e+02   9.3482e+00   7.4000e-05   4.9707e-04   2.8278e+02
20260918_17:00:00   4.9407e-01   1.0955e+02   9.3062e+00   1.5902e-03   8.9712e-03   2.8328e+02
20260918_18:00:00   4.9846e-01   1.1039e+02   9.4202e+00   3.8999e-04   7.6354e-03   2.8403e+02
20260918_19:00:00   5.2909e-01   1.1521e+02   9.9597e+00   9.1580e-04   3.0124e-02   2.8581e+02
20260918_20:00:00   5.8020e-01   1.2287e+02   1.0893e+01   3.2817e-04   2.8157e-02   2.8475e+02
20260918_21:00:00   6.1595e-01   1.2824e+02   1.1345e+01   1.9220e-03   2.9738e-02   2.8460e+02
20260918_22:00:00   6.5540e-01   1.3364e+02   1.2047e+01   1.3304e-03   2.4725e-02   2.8482e+02
20260918_23:00:00   6.4893e-01   1.3280e+02   1.1915e+01   6.8453e-04   5.0474e-02   2.8754e+02
20260919_00:00:00   6.0947e-01   1.2729e+02   1.1200e+01   3.3600e-07   1.1411e-01   2.9113e+02
20260919_01:00:00   5.9550e-01   1.2528e+02   1.0935e+01   0.0000e+00   2.2130e-02   2.9207e+02
20260919_02:00:00   5.5447e-01   1.1906e+02   1.0229e+01   0.0000e+00   1.7554e-03   2.9207e+02
20260919_03:00:00   5.4800e-01   1.1799e+02   1.0071e+01   0.0000e+00   1.0224e-03   2.9479e+02
20260919_04:00:00   4.9775e-01   1.0997e+02   9.2260e+00   1.2934e-05   4.9062e-04   2.9556e+02
20260919_05:00:00   4.5995e-01   1.0381e+02   8.5740e+00   0.0000e+00   1.2634e-04   2.9808e+02
20260919_06:00:00   4.4391e-01   1.0117e+02   8.2741e+00   0.0000e+00   2.3880e-06   3.0037e+02
20260919_07:00:00   4.3520e-01   9.9719e+01   8.1079e+00   0.0000e+00   0.0000e+00   3.0002e+02
20260919_08:00:00   4.3096e-01   9.9110e+01   7.9339e+00   0.0000e+00   0.0000e+00   2.9941e+02
20260919_09:00:00   4.2891e-01   9.8811e+01   7.8484e+00   0.0000e+00   0.0000e+00   2.9655e+02
20260919_10:00:00   4.3858e-01   1.0037e+02   8.0379e+00   0.0000e+00   0.0000e+00   2.9596e+02
20260919_11:00:00   4.0393e-01   9.4376e+01   7.4371e+00   0.0000e+00   4.9160e-04   2.9569e+02
20260919_12:00:00   3.5451e-01   8.5401e+01   6.5936e+00   0.0000e+00   2.8256e-04   2.9597e+02
20260919_13:00:00   3.1131e-01   7.7267e+01   5.8062e+00   0.0000e+00   0.0000e+00   2.9844e+02
20260919_14:00:00   2.7220e-01   6.9264e+01   5.1719e+00   0.0000e+00   0.0000e+00   3.0046e+02
20260919_15:00:00   2.7794e-01   7.0383e+01   5.3123e+00   0.0000e+00   0.0000e+00   3.0097e+02
20260919_16:00:00   3.0553e-01   7.5907e+01   5.8468e+00   0.0000e+00   0.0000e+00   3.0282e+02
20260919_17:00:00   3.1782e-01   7.8374e+01   6.0910e+00   0.0000e+00   0.0000e+00   3.0560e+02
20260919_18:00:00   3.2355e-01   7.9465e+01   6.2356e+00   0.0000e+00   1.3708e-05   3.0699e+02
20260919_19:00:00   3.4507e-01   8.3637e+01   6.6511e+00   0.0000e+00   1.2472e-05   3.0567e+02
20260919_20:00:00   3.8050e-01   9.0551e+01   7.2153e+00   0.0000e+00   8.7240e-05   3.0368e+02
20260919_21:00:00   3.5995e-01   8.6929e+01   6.7778e+00   0.0000e+00   1.0831e-04   3.0199e+02
20260919_22:00:00   3.2888e-01   8.1013e+01   6.2165e+00   0.0000e+00   1.8890e-04   3.0091e+02
20260919_23:00:00   3.2211e-01   7.9644e+01   6.1070e+00   0.0000e+00   2.3180e-03   2.9946e+02
20260920_00:00:00   3.2767e-01   8.0676e+01   6.2296e+00   0.0000e+00   6.7719e-04   2.9941e+02
20260920_01:00:00   3.3063e-01   8.1264e+01   6.2915e+00   0.0000e+00   1.7365e-03   3.0038e+02
20260920_02:00:00   3.3438e-01   8.1774e+01   6.4526e+00   0.0000e+00   2.9305e-03   2.9940e+02
20260920_03:00:00   3.6029e-01   8.6576e+01   6.9802e+00   0.0000e+00   1.0848e-03   2.9958e+02
20260920_04:00:00   3.6111e-01   8.6733e+01   6.9675e+00   0.0000e+00   9.6998e-04   2.9942e+02
20260920_05:00:00   3.8351e-01   9.0605e+01   7.5155e+00   0.0000e+00   6.3403e-03   2.9922e+02
20260920_06:00:00   4.1245e-01   9.5562e+01   8.1537e+00   0.0000e+00   1.4616e-02   2.9632e+02
20260920_07:00:00   4.1739e-01   9.6296e+01   8.3078e+00   0.0000e+00   2.0347e-02   2.9579e+02
20260920_08:00:00   4.0486e-01   9.3901e+01   8.1583e+00   0.0000e+00   1.1113e-02   2.9630e+02
20260920_09:00:00   3.9918e-01   9.2761e+01   8.0832e+00   0.0000e+00   1.8300e-02   2.9532e+02
20260920_10:00:00   3.9927e-01   9.2785e+01   8.0813e+00   0.0000e+00   1.1324e-02   2.9363e+02
20260920_11:00:00   4.0303e-01   9.3389e+01   8.1678e+00   0.0000e+00   4.6255e-03   2.9403e+02
20260920_12:00:00   4.1431e-01   9.5479e+01   8.3757e+00   0.0000e+00   1.7597e-03   2.9538e+02
20260920_15:00:00   4.6178e-01   1.0418e+02   9.1823e+00   0.0000e+00   7.6600e-07   2.9311e+02
20260920_18:00:00   4.5609e-01   1.0276e+02   9.2785e+00   0.0000e+00   2.8523e-02   2.9234e+02
20260920_21:00:00   5.1608e-01   1.1257e+02   1.0371e+01   0.0000e+00   9.2653e-02   2.9519e+02
20260921_00:00:00   4.2871e-01   9.7755e+01   8.8857e+00   0.0000e+00   4.9481e-02   3.0174e+02
20260921_03:00:00   3.9735e-01   9.2817e+01   8.1723e+00   0.0000e+00   2.0598e-04   3.0549e+02
20260921_06:00:00   3.7708e-01   8.9224e+01   7.7582e+00   0.0000e+00   1.5842e-05   3.0698e+02
20260921_09:00:00   3.5582e-01   8.5159e+01   7.4018e+00   0.0000e+00   0.0000e+00   3.0400e+02
20260921_12:00:00   3.3623e-01   8.1465e+01   6.9762e+00   0.0000e+00   0.0000e+00   2.9928e+02
20260921_15:00:00   3.7380e-01   8.8898e+01   7.7190e+00   0.0000e+00   0.0000e+00   2.9930e+02
20260921_18:00:00   4.2067e-01   9.7610e+01   8.5438e+00   0.0000e+00   1.3548e-03   2.9999e+02
20260921_21:00:00   4.4773e-01   1.0192e+02   9.1777e+00   0.0000e+00   5.1089e-04   3.0231e+02
20260922_00:00:00   4.0511e-01   9.4780e+01   8.2271e+00   0.0000e+00   0.0000e+00   3.0096e+02
20260922_03:00:00   3.6367e-01   8.7316e+01   7.3885e+00   0.0000e+00   0.0000e+00   2.9487e+02
20260922_06:00:00   3.7747e-01   8.9771e+01   7.6983e+00   0.0000e+00   0.0000e+00   2.9331e+02
20260922_09:00:00   3.5637e-01   8.6229e+01   7.1900e+00   0.0000e+00   0.0000e+00   2.9012e+02
20260922_12:00:00   3.2340e-01   7.9987e+01   6.5654e+00   0.0000e+00   0.0000e+00   2.8749e+02
20260922_15:00:00   3.2917e-01   8.1154e+01   6.7230e+00   0.0000e+00   0.0000e+00   2.8331e+02
20260922_18:00:00   3.7648e-01   9.0297e+01   7.6368e+00   0.0000e+00   0.0000e+00   2.7710e+02
20260922_21:00:00   4.2367e-01   9.8593e+01   8.5875e+00   0.0000e+00   3.3694e-04   2.7369e+02
20260923_00:00:00   3.7334e-01   8.8797e+01   7.8364e+00   0.0000e+00   2.3324e-04   2.7563e+02
20260923_03:00:00   4.0058e-01   9.3607e+01   8.4004e+00   0.0000e+00   3.3095e-04   2.7559e+02
20260923_06:00:00   3.8004e-01   8.9751e+01   8.0105e+00   0.0000e+00   3.2197e-04   2.7569e+02
20260923_09:00:00   3.2904e-01   7.9760e+01   7.1190e+00   0.0000e+00   1.4693e-03   2.7172e+02
20260923_12:00:00   2.7704e-01   6.9590e+01   6.0261e+00   0.0000e+00   6.4440e-05   2.7140e+02
20260923_15:00:00   2.5495e-01   6.5424e+01   5.5063e+00   0.0000e+00   5.9662e-05   2.7367e+02
20260923_18:00:00   2.8825e-01   7.2732e+01   6.0872e+00   0.0000e+00   5.8712e-03   2.7691e+02
20260923_21:00:00   2.8792e-01   7.2753e+01   6.0190e+00   0.0000e+00   1.6967e-02   2.7575e+02
20260924_00:00:00   2.4818e-01   6.4146e+01   5.2591e+00   0.0000e+00   3.1994e-02   2.7064e+02
20260924_03:00:00   2.3163e-01   6.0433e+01   4.9089e+00   0.0000e+00   7.5838e-02   2.6922e+02
20260924_06:00:00   2.0284e-01   5.4275e+01   4.2641e+00   0.0000e+00   6.7490e-02   2.7113e+02
20260924_09:00:00   1.9561e-01   5.2680e+01   4.0709e+00   0.0000e+00   6.7804e-02   2.7297e+02
20260924_12:00:00   1.8898e-01   5.1208e+01   3.9583e+00   0.0000e+00   2.3206e-02   2.6365e+02
20260924_15:00:00   2.0444e-01   5.4535e+01   4.3473e+00   0.0000e+00   3.0693e-02   2.6216e+02
20260924_18:00:00   2.1563e-01   5.6579e+01   4.6893e+00   2.1500e-05   2.0490e-02   2.6246e+02
20260924_21:00:00   2.4964e-01   6.3481e+01   5.4325e+00   5.3880e-04   1.5202e-02   2.6238e+02
20260925_00:00:00   2.8475e-01   6.9936e+01   6.1879e+00   3.2380e-04   2.0703e-01   2.6572e+02
20260925_03:00:00   3.1488e-01   7.5523e+01   6.8538e+00   0.0000e+00   2.1355e-01   2.7339e+02
20260925_06:00:00   3.5513e-01   8.2993e+01   7.6263e+00   0.0000e+00   2.8455e-01   2.6897e+02
20260925_09:00:00   3.8604e-01   8.8577e+01   8.2024e+00   0.0000e+00   3.5354e-01   2.7238e+02
20260925_12:00:00   4.1421e-01   9.3777e+01   8.8386e+00   0.0000e+00   1.5872e-01   2.7269e+02
20260925_15:00:00   4.0098e-01   9.1604e+01   8.6694e+00   9.3600e-05   4.1174e-02   2.7152e+02
20260925_18:00:00   3.6734e-01   8.5609e+01   8.0002e+00   1.4183e-03   1.7969e-02   2.7378e+02
20260925_21:00:00   3.3200e-01   7.9484e+01   7.3083e+00   4.0320e-06   7.6289e-03   2.7851e+02
20260926_00:00:00   2.2388e-01   5.8310e+01   4.9230e+00   0.0000e+00   4.0338e-03   2.8154e+02
20260926_03:00:00   1.4026e-01   3.9956e+01   2.9729e+00   0.0000e+00   9.0784e-03   2.8277e+02
20260926_06:00:00   1.1708e-01   3.4320e+01   2.4458e+00   0.0000e+00   1.0442e-02   2.8041e+02
20260926_09:00:00   1.2139e-01   3.5225e+01   2.5597e+00   0.0000e+00   6.3465e-03   2.8246e+02
20260926_12:00:00   1.3040e-01   3.7348e+01   2.7550e+00   0.0000e+00   6.8345e-03   2.8652e+02
20260926_15:00:00   1.5019e-01   4.2143e+01   3.1674e+00   0.0000e+00   3.4556e-03   2.8963e+02
20260926_18:00:00   1.9556e-01   5.2783e+01   4.0870e+00   0.0000e+00   2.3780e-03   2.9371e+02
20260926_21:00:00   3.3515e-01   8.1746e+01   6.8425e+00   0.0000e+00   1.6038e-03   2.9726e+02
20260927_00:00:00   3.0968e-01   7.6621e+01   6.3671e+00   0.0000e+00   1.5394e-03   3.0016e+02
20260927_03:00:00   2.8841e-01   7.2232e+01   6.0037e+00   0.0000e+00   5.1580e-04   2.9746e+02
20260927_06:00:00   2.8269e-01   7.0770e+01   5.9255e+00   0.0000e+00   1.3974e-03   2.9275e+02
20260927_09:00:00   2.8567e-01   7.1133e+01   5.9842e+00   0.0000e+00   1.8990e-03   2.8738e+02
20260927_12:00:00   2.7938e-01   6.9801e+01   5.8401e+00   0.0000e+00   0.0000e+00   2.8358e+02
20260927_15:00:00   2.9134e-01   7.2310e+01   6.0472e+00   0.0000e+00   0.0000e+00   2.7866e+02
20260927_18:00:00   3.1072e-01   7.6321e+01   6.4220e+00   0.0000e+00   1.6544e-03   2.8053e+02
20260927_21:00:00   2.9877e-01   7.4200e+01   6.1317e+00   0.0000e+00   2.1380e-03   2.8133e+02
20260928_00:00:00   2.2133e-01   5.8220e+01   4.5441e+00   0.0000e+00   2.1040e-03   2.8313e+02
20260928_03:00:00   1.7346e-01   4.7618e+01   3.5309e+00   0.0000e+00   1.0876e-04   2.8614e+02
20260928_06:00:00   1.5445e-01   4.3217e+01   3.1032e+00   0.0000e+00   2.4500e-04   2.8639e+02
20260928_09:00:00   1.4014e-01   3.9769e+01   2.7970e+00   0.0000e+00   0.0000e+00   2.8560e+02
20260928_12:00:00   1.3911e-01   3.9453e+01   2.7771e+00   0.0000e+00   0.0000e+00   2.8606e+02
20260928_15:00:00   1.8072e-01   4.8943e+01   3.6830e+00   0.0000e+00   0.0000e+00   2.8166e+02
20260928_18:00:00   2.4334e-01   6.2381e+01   5.0077e+00   0.0000e+00   1.3876e-05   2.8361e+02
20260928_21:00:00   2.5648e-01   6.4924e+01   5.3035e+00   0.0000e+00   2.7060e-04   2.8363e+02
20260929_00:00:00   2.2981e-01   5.9286e+01   4.7666e+00   0.0000e+00   4.0878e-04   2.8272e+02
20260929_03:00:00   1.8846e-01   5.0266e+01   3.8874e+00   0.0000e+00   4.9924e-04   2.8391e+02
20260929_06:00:00   1.4749e-01   4.0909e+01   3.0135e+00   0.0000e+00   4.5083e-04   2.8337e+02
20260929_09:00:00   1.1148e-01   3.2615e+01   2.1654e+00   0.0000e+00   6.9380e-06   2.8509e+02
20260929_12:00:00   9.6221e-02   2.9117e+01   1.7677e+00   0.0000e+00   0.0000e+00   2.8850e+02
20260929_15:00:00   9.4275e-02   2.8907e+01   1.6482e+00   0.0000e+00   0.0000e+00   2.9233e+02
20260929_18:00:00   1.0422e-01   3.1419e+01   1.8395e+00   0.0000e+00   0.0000e+00   2.8977e+02
20260929_21:00:00   1.2127e-01   3.5575e+01   2.1637e+00   0.0000e+00   0.0000e+00   2.9180e+02
20260930_00:00:00   1.0154e-01   3.0498e+01   1.8854e+00   0.0000e+00   0.0000e+00   2.9165e+02
20260930_03:00:00   1.1126e-01   3.2536e+01   2.1721e+00   0.0000e+00   3.3999e-04   2.9003e+02
20260930_06:00:00   1.3356e-01   3.7571e+01   2.6846e+00   0.0000e+00   8.6158e-03   2.9397e+02
20260930_09:00:00   1.3465e-01   3.7727e+01   2.6880e+00   0.0000e+00   3.3488e-02   3.0033e+02
20260930_12:00:00   1.2164e-01   3.4849e+01   2.3461e+00   9.9900e-05   3.1120e-03   3.0275e+02
20260930_15:00:00   8.7993e-02   2.7112e+01   1.5476e+00   0.0000e+00   9.7140e-05   3.0380e+02
20260930_18:00:00   8.3094e-02   2.6321e+01   1.3514e+00   0.0000e+00   0.0000e+00   3.0599e+02
20260930_21:00:00   9.9380e-02   3.0515e+01   1.6840e+00   0.0000e+00   0.0000e+00   3.0818e+02
20261001_00:00:00   1.0910e-01   3.2870e+01   1.9129e+00   0.0000e+00   0.0000e+00   3.0724e+02
20261001_03:00:00   1.1031e-01   3.2890e+01   2.0424e+00   0.0000e+00   8.3481e-04   3.0199e+02
20261001_06:00:00   1.4311e-01   4.0655e+01   2.7376e+00   0.0000e+00   0.0000e+00   3.0552e+02
20261001_09:00:00   1.3820e-01   3.9436e+01   2.6547e+00   0.0000e+00   0.0000e+00   3.0228e+02
20261001_12:00:00   1.6230e-01   4.4882e+01   3.1955e+00   0.0000e+00   4.1842e-05   3.0479e+02
