#            date       tau255        Tb[K]      pwv[mm] lwp[kg*m^-2] iwp[kg*m^-2]       o3[DU]
20260826_18:00:00   5.4747e-01   1.1765e+02   1.0539e+01   4.6107e-03   1.2248e-02   2.6281e+02
20260826_19:00:00   5.4774e-01   1.1777e+02   1.0571e+01   3.8357e-03   1.4829e-02   2.6236e+02
20260826_20:00:00   5.2712e-01   1.1462e+02   1.0267e+01   1.5826e-03   5.7642e-03   2.6212e+02
20260826_21:00:00   4.9857e-01   1.0997e+02   9.8364e+00   3.9431e-04   1.5038e-03   2.6292e+02
20260826_22:00:00   4.8028e-01   1.0690e+02   9.5133e+00   1.8096e-04   9.8403e-04   2.6228e+02
20260826_23:00:00   4.5140e-01   1.0200e+02   8.9968e+00   9.7040e-06   4.5401e-04   2.6244e+02
20260827_00:00:00   4.2849e-01   9.8017e+01   8.5727e+00   0.0000e+00   1.6524e-04   2.6227e+02
20260827_01:00:00   4.1536e-01   9.5661e+01   8.3241e+00   0.0000e+00   5.5666e-04   2.6241e+02
20260827_02:00:00   4.0185e-01   9.3282e+01   8.0689e+00   0.0000e+00   3.6329e-04   2.6338e+02
20260827_03:00:00   3.9009e-01   9.1149e+01   7.8386e+00   0.0000e+00   1.4204e-03   2.6432e+02
20260827_04:00:00   3.8159e-01   8.9562e+01   7.6639e+00   0.0000e+00   2.4370e-03   2.6516e+02
20260827_05:00:00   3.7500e-01   8.8374e+01   7.5206e+00   0.0000e+00   8.0332e-04   2.6736e+02
20260827_06:00:00   3.8234e-01   8.9604e+01   7.6466e+00   0.0000e+00   1.1030e-03   2.6935e+02
20260827_07:00:00   3.7874e-01   8.8903e+01   7.5921e+00   0.0000e+00   9.6942e-04   2.7032e+02
20260827_08:00:00   3.7829e-01   8.8711e+01   7.5763e+00   0.0000e+00   4.4189e-04   2.7181e+02
20260827_09:00:00   3.7370e-01   8.7783e+01   7.5033e+00   0.0000e+00   2.1662e-03   2.7159e+02
20260827_10:00:00   3.6941e-01   8.6948e+01   7.4322e+00   0.0000e+00   1.9078e-03   2.7062e+02
20260827_11:00:00   3.6572e-01   8.6209e+01   7.3640e+00   0.0000e+00   1.9902e-03   2.6871e+02
20260827_12:00:00   3.6129e-01   8.5384e+01   7.2638e+00   0.0000e+00   2.3080e-03   2.6826e+02
20260827_13:00:00   3.5449e-01   8.4140e+01   7.1137e+00   0.0000e+00   3.4260e-03   2.6569e+02
20260827_14:00:00   3.4959e-01   8.3201e+01   7.0315e+00   0.0000e+00   2.6096e-03   2.6527e+02
20260827_15:00:00   3.4814e-01   8.2972e+01   6.9942e+00   0.0000e+00   2.0778e-03   2.6450e+02
20260827_16:00:00   3.5557e-01   8.4363e+01   7.1211e+00   0.0000e+00   1.2596e-03   2.6372e+02
20260827_17:00:00   3.5242e-01   8.3814e+01   7.0324e+00   0.0000e+00   4.6260e-06   2.6727e+02
20260827_18:00:00   3.4903e-01   8.3211e+01   6.9498e+00   0.0000e+00   0.0000e+00   2.6691e+02
20260827_19:00:00   3.5736e-01   8.4795e+01   7.0747e+00   0.0000e+00   1.4130e-04   2.6908e+02
20260827_20:00:00   3.6445e-01   8.6106e+01   7.1485e+00   0.0000e+00   8.9300e-04   2.7120e+02
20260827_21:00:00   3.5331e-01   8.4017e+01   6.9191e+00   0.0000e+00   1.0548e-03   2.7307e+02
20260827_22:00:00   3.3062e-01   7.9741e+01   6.4815e+00   0.0000e+00   2.5280e-04   2.7396e+02
20260827_23:00:00   3.1998e-01   7.7807e+01   6.2256e+00   0.0000e+00   6.6860e-04   2.6898e+02
20260828_00:00:00   3.1523e-01   7.6959e+01   6.1031e+00   0.0000e+00   1.5518e-04   2.6983e+02
20260828_01:00:00   3.0086e-01   7.4147e+01   5.8244e+00   0.0000e+00   0.0000e+00   2.6994e+02
20260828_02:00:00   2.8540e-01   7.1082e+01   5.5186e+00   0.0000e+00   7.7240e-05   2.7059e+02
20260828_03:00:00   2.8120e-01   7.0201e+01   5.4094e+00   0.0000e+00   8.5720e-05   2.7224e+02
20260828_04:00:00   2.6197e-01   6.6298e+01   5.0433e+00   0.0000e+00   9.3020e-04   2.7459e+02
20260828_05:00:00   2.5358e-01   6.4561e+01   4.8594e+00   0.0000e+00   5.1080e-04   2.7435e+02
20260828_06:00:00   2.4516e-01   6.2788e+01   4.7017e+00   0.0000e+00   4.8600e-04   2.7370e+02
20260828_07:00:00   2.4029e-01   6.1749e+01   4.6055e+00   0.0000e+00   3.0380e-04   2.7337e+02
20260828_08:00:00   2.3805e-01   6.1277e+01   4.5392e+00   0.0000e+00   0.0000e+00   2.7511e+02
20260828_09:00:00   2.4345e-01   6.2369e+01   4.6230e+00   0.0000e+00   0.0000e+00   2.7517e+02
20260828_10:00:00   2.5130e-01   6.3943e+01   4.7623e+00   0.0000e+00   9.5020e-04   2.7796e+02
20260828_11:00:00   2.4217e-01   6.2089e+01   4.5739e+00   0.0000e+00   1.4670e-04   2.8104e+02
20260828_12:00:00   2.5152e-01   6.4010e+01   4.7333e+00   0.0000e+00   2.2440e-05   2.8028e+02
20260828_13:00:00   2.5599e-01   6.4933e+01   4.8170e+00   0.0000e+00   0.0000e+00   2.8106e+02
20260828_14:00:00   2.5666e-01   6.5157e+01   4.7795e+00   0.0000e+00   0.0000e+00   2.8374e+02
20260828_15:00:00   2.6167e-01   6.6210e+01   4.8614e+00   0.0000e+00   0.0000e+00   2.8575e+02
20260828_16:00:00   2.7222e-01   6.8345e+01   5.0429e+00   0.0000e+00   0.0000e+00   2.8516e+02
20260828_17:00:00   2.6849e-01   6.7628e+01   4.9564e+00   0.0000e+00   0.0000e+00   2.8668e+02
20260828_18:00:00   2.7038e-01   6.7994e+01   4.9878e+00   0.0000e+00   0.0000e+00   2.8726e+02
20260828_19:00:00   2.6205e-01   6.6304e+01   4.8474e+00   0.0000e+00   0.0000e+00   2.8748e+02
20260828_20:00:00   2.5683e-01   6.5148e+01   4.7879e+00   0.0000e+00   0.0000e+00   2.8578e+02
20260828_21:00:00   2.4254e-01   6.2087e+01   4.5709e+00   0.0000e+00   0.0000e+00   2.8483e+02
20260828_22:00:00   2.2922e-01   5.9228e+01   4.3541e+00   0.0000e+00   0.0000e+00   2.8383e+02
20260828_23:00:00   2.1306e-01   5.5670e+01   4.1067e+00   0.0000e+00   0.0000e+00   2.8367e+02
20260829_00:00:00   2.1206e-01   5.5355e+01   4.1326e+00   0.0000e+00   0.0000e+00   2.8401e+02
20260829_01:00:00   2.0194e-01   5.3055e+01   3.9994e+00   0.0000e+00   0.0000e+00   2.8391e+02
20260829_02:00:00   1.9435e-01   5.1266e+01   3.9211e+00   0.0000e+00   1.0416e-05   2.8416e+02
20260829_03:00:00   1.9414e-01   5.1099e+01   3.9637e+00   0.0000e+00   7.9761e-04   2.8372e+02
20260829_04:00:00   1.9822e-01   5.1926e+01   4.0304e+00   5.2220e-04   1.8195e-02   2.8308e+02
20260829_05:00:00   2.0708e-01   5.3791e+01   4.2130e+00   4.4900e-04   4.9619e-02   2.8138e+02
20260829_06:00:00   2.1235e-01   5.5005e+01   4.3051e+00   6.4660e-04   1.8769e-02   2.7966e+02
20260829_07:00:00   2.2399e-01   5.7466e+01   4.5676e+00   8.5700e-06   2.0523e-02   2.7927e+02
20260829_08:00:00   2.2968e-01   5.8596e+01   4.6806e+00   9.2500e-06   6.2665e-02   2.7954e+02
20260829_09:00:00   2.3398e-01   5.9443e+01   4.7234e+00   2.3040e-05   1.5741e-01   2.7840e+02
20260829_10:00:00   2.3803e-01   6.0210e+01   4.7912e+00   0.0000e+00   1.9895e-01   2.7904e+02
20260829_11:00:00   2.4269e-01   6.1051e+01   4.9133e+00   0.0000e+00   2.0486e-01   2.8091e+02
20260829_12:00:00   2.4852e-01   6.2160e+01   5.0166e+00   0.0000e+00   2.3654e-01   2.8253e+02
20260829_13:00:00   2.4631e-01   6.1714e+01   5.0068e+00   0.0000e+00   1.6768e-01   2.8365e+02
20260829_14:00:00   2.4971e-01   6.2360e+01   5.0314e+00   0.0000e+00   2.4808e-01   2.8496e+02
20260829_15:00:00   2.5009e-01   6.2381e+01   5.0368e+00   1.9920e-05   2.7616e-01   2.8539e+02
20260829_16:00:00   2.6029e-01   6.4362e+01   5.2321e+00   0.0000e+00   3.2687e-01   2.8414e+02
20260829_17:00:00   2.6059e-01   6.4429e+01   5.1877e+00   0.0000e+00   4.0090e-01   2.8412e+02
20260829_18:00:00   2.8081e-01   6.8262e+01   5.5886e+00   0.0000e+00   4.7373e-01   2.8384e+02
20260829_19:00:00   2.8916e-01   6.9853e+01   5.7307e+00   0.0000e+00   4.8792e-01   2.8276e+02
20260829_20:00:00   2.7941e-01   6.7899e+01   5.5384e+00   0.0000e+00   4.9362e-01   2.8237e+02
20260829_21:00:00   2.7778e-01   6.7596e+01   5.4898e+00   0.0000e+00   4.9010e-01   2.8248e+02
20260829_22:00:00   2.9140e-01   7.0251e+01   5.7474e+00   0.0000e+00   4.7773e-01   2.8190e+02
20260829_23:00:00   2.7954e-01   6.7894e+01   5.5547e+00   0.0000e+00   3.9218e-01   2.8356e+02
20260830_00:00:00   2.4262e-01   6.0769e+01   4.8816e+00   7.3580e-05   9.5958e-02   2.8511e+02
20260830_01:00:00   2.1606e-01   5.5491e+01   4.2777e+00   2.9090e-05   1.0601e-01   2.8488e+02
20260830_02:00:00   1.7986e-01   4.8102e+01   3.4856e+00   0.0000e+00   3.6610e-03   2.8520e+02
20260830_03:00:00   1.7191e-01   4.6628e+01   3.2418e+00   0.0000e+00   7.8680e-04   2.8594e+02
20260830_04:00:00   1.7765e-01   4.8206e+01   3.2339e+00   0.0000e+00   5.7820e-05   2.8758e+02
20260830_05:00:00   1.8484e-01   4.9925e+01   3.3007e+00   0.0000e+00   0.0000e+00   2.8806e+02
20260830_06:00:00   2.0712e-01   5.4887e+01   3.6423e+00   0.0000e+00   0.0000e+00   2.8890e+02
20260830_07:00:00   2.2688e-01   5.9128e+01   3.9475e+00   0.0000e+00   0.0000e+00   2.8772e+02
20260830_08:00:00   2.3927e-01   6.1657e+01   4.1462e+00   0.0000e+00   0.0000e+00   2.8759e+02
20260830_09:00:00   2.5301e-01   6.4435e+01   4.3728e+00   0.0000e+00   0.0000e+00   2.8698e+02
20260830_10:00:00   2.8245e-01   7.0307e+01   4.8561e+00   0.0000e+00   0.0000e+00   2.8861e+02
20260830_11:00:00   2.7693e-01   6.9083e+01   4.7847e+00   0.0000e+00   4.5519e-05   2.8902e+02
20260830_12:00:00   2.7025e-01   6.7646e+01   4.6825e+00   3.4692e-04   2.1789e-04   2.8922e+02
20260830_13:00:00   2.4699e-01   6.2865e+01   4.3280e+00   0.0000e+00   0.0000e+00   2.9002e+02
20260830_14:00:00   2.3891e-01   6.1117e+01   4.2158e+00   0.0000e+00   0.0000e+00   2.8991e+02
20260830_15:00:00   2.3945e-01   6.1168e+01   4.2563e+00   0.0000e+00   0.0000e+00   2.9158e+02
20260830_16:00:00   2.2813e-01   5.8772e+01   4.0891e+00   0.0000e+00   0.0000e+00   2.9201e+02
20260830_17:00:00   2.1180e-01   5.5331e+01   3.8048e+00   0.0000e+00   8.0640e-07   2.9000e+02
20260830_18:00:00   2.0228e-01   5.3320e+01   3.6302e+00   0.0000e+00   0.0000e+00   2.8812e+02
20260830_19:00:00   1.9650e-01   5.2096e+01   3.5253e+00   0.0000e+00   0.0000e+00   2.8530e+02
20260830_20:00:00   1.9131e-01   5.1001e+01   3.4247e+00   0.0000e+00   0.0000e+00   2.8134e+02
20260830_21:00:00   1.8631e-01   4.9942e+01   3.3266e+00   0.0000e+00   0.0000e+00   2.8091e+02
20260830_22:00:00   1.8608e-01   4.9926e+01   3.3128e+00   0.0000e+00   0.0000e+00   2.7824e+02
20260830_23:00:00   1.8789e-01   5.0372e+01   3.3325e+00   0.0000e+00   0.0000e+00   2.7675e+02
20260831_00:00:00   1.9247e-01   5.1461e+01   3.3973e+00   0.0000e+00   0.0000e+00   2.7628e+02
20260831_01:00:00   2.0459e-01   5.4147e+01   3.6120e+00   0.0000e+00   0.0000e+00   2.7513e+02
20260831_02:00:00   2.2210e-01   5.7978e+01   3.9127e+00   0.0000e+00   0.0000e+00   2.7522e+02
20260831_03:00:00   2.4757e-01   6.3354e+01   4.3445e+00   0.0000e+00   0.0000e+00   2.7519e+02
20260831_04:00:00   2.4746e-01   6.3386e+01   4.3237e+00   0.0000e+00   0.0000e+00   2.7523e+02
20260831_05:00:00   2.4074e-01   6.1995e+01   4.2075e+00   0.0000e+00   0.0000e+00   2.7680e+02
20260831_06:00:00   2.2747e-01   5.9213e+01   3.9825e+00   0.0000e+00   0.0000e+00   2.7747e+02
20260831_07:00:00   2.2398e-01   5.8469e+01   3.9205e+00   0.0000e+00   0.0000e+00   2.7951e+02
20260831_08:00:00   2.0998e-01   5.5490e+01   3.6688e+00   0.0000e+00   0.0000e+00   2.8063e+02
20260831_09:00:00   1.9917e-01   5.3167e+01   3.4842e+00   0.0000e+00   0.0000e+00   2.7905e+02
20260831_10:00:00   1.8983e-01   5.1135e+01   3.3219e+00   0.0000e+00   0.0000e+00   2.7941e+02
20260831_11:00:00   1.7442e-01   4.7745e+01   3.0501e+00   0.0000e+00   0.0000e+00   2.7937e+02
20260831_12:00:00   1.6103e-01   4.4728e+01   2.8150e+00   0.0000e+00   0.0000e+00   2.7961e+02
20260831_13:00:00   1.5100e-01   4.2457e+01   2.6454e+00   0.0000e+00   0.0000e+00   2.7766e+02
20260831_14:00:00   1.4711e-01   4.1612e+01   2.5795e+00   0.0000e+00   0.0000e+00   2.7584e+02
20260831_15:00:00   1.5529e-01   4.3553e+01   2.7431e+00   0.0000e+00   0.0000e+00   2.7313e+02
20260831_16:00:00   1.6745e-01   4.6400e+01   2.9770e+00   0.0000e+00   0.0000e+00   2.7098e+02
20260831_17:00:00   1.8633e-01   5.0684e+01   3.3427e+00   0.0000e+00   0.0000e+00   2.7081e+02
20260831_18:00:00   1.9803e-01   5.3354e+01   3.5596e+00   0.0000e+00   0.0000e+00   2.7013e+02
20260831_21:00:00   2.0655e-01   5.5327e+01   3.7170e+00   0.0000e+00   0.0000e+00   2.6920e+02
20260901_00:00:00   1.7149e-01   4.7651e+01   3.0432e+00   0.0000e+00   0.0000e+00   2.6959e+02
20260901_03:00:00   1.4490e-01   4.1495e+01   2.5801e+00   0.0000e+00   0.0000e+00   2.6880e+02
20260901_06:00:00   1.3716e-01   3.9589e+01   2.4969e+00   0.0000e+00   0.0000e+00   2.7016e+02
20260901_09:00:00   1.3309e-01   3.8640e+01   2.4422e+00   0.0000e+00   0.0000e+00   2.6992e+02
20260901_12:00:00   9.5361e-02   2.9495e+01   1.6959e+00   0.0000e+00   0.0000e+00   2.7093e+02
20260901_15:00:00   9.6145e-02   2.9759e+01   1.7274e+00   0.0000e+00   0.0000e+00   2.7035e+02
20260901_18:00:00   1.1428e-01   3.4286e+01   2.1117e+00   0.0000e+00   0.0000e+00   2.6538e+02
20260901_21:00:00   1.2586e-01   3.7155e+01   2.3269e+00   0.0000e+00   0.0000e+00   2.6530e+02
20260902_00:00:00   1.2690e-01   3.7197e+01   2.4126e+00   0.0000e+00   0.0000e+00   2.6466e+02
20260902_03:00:00   1.2656e-01   3.7026e+01   2.4303e+00   0.0000e+00   0.0000e+00   2.6573e+02
20260902_06:00:00   1.2354e-01   3.6291e+01   2.3597e+00   0.0000e+00   0.0000e+00   2.6559e+02
20260902_09:00:00   1.1899e-01   3.5049e+01   2.3082e+00   0.0000e+00   0.0000e+00   2.6843e+02
20260902_12:00:00   1.1537e-01   3.4046e+01   2.2708e+00   0.0000e+00   0.0000e+00   2.6916e+02
20260902_15:00:00   1.1508e-01   3.4043e+01   2.2631e+00   0.0000e+00   0.0000e+00   2.7002e+02
20260902_18:00:00   1.3035e-01   3.7801e+01   2.5787e+00   0.0000e+00   0.0000e+00   2.6855e+02
20260902_21:00:00   1.4449e-01   4.1140e+01   2.8862e+00   0.0000e+00   0.0000e+00   2.6934e+02
20260903_00:00:00   1.2775e-01   3.6989e+01   2.5729e+00   0.0000e+00   0.0000e+00   2.6666e+02
20260903_03:00:00   1.3344e-01   3.8163e+01   2.7429e+00   0.0000e+00   0.0000e+00   2.6859e+02
20260903_06:00:00   1.5770e-01   4.3445e+01   3.3384e+00   0.0000e+00   0.0000e+00   2.6964e+02
20260903_09:00:00   1.6634e-01   4.5171e+01   3.5476e+00   0.0000e+00   0.0000e+00   2.7180e+02
20260903_12:00:00   1.5674e-01   4.2927e+01   3.3336e+00   0.0000e+00   1.0656e-05   2.7284e+02
20260903_15:00:00   1.6906e-01   4.5725e+01   3.6000e+00   0.0000e+00   7.7940e-06   2.7419e+02
20260903_18:00:00   1.9090e-01   5.0953e+01   4.0487e+00   0.0000e+00   5.3760e-07   2.7434e+02
20260903_21:00:00   1.9497e-01   5.2154e+01   4.0943e+00   0.0000e+00   1.8822e-04   2.7373e+02
20260904_00:00:00   1.6536e-01   4.5324e+01   3.4938e+00   0.0000e+00   1.9220e-03   2.7380e+02
20260904_03:00:00   1.6447e-01   4.4993e+01   3.4941e+00   0.0000e+00   9.8020e-03   2.7311e+02
20260904_06:00:00   1.7963e-01   4.8078e+01   3.8460e+00   0.0000e+00   6.2840e-02   2.7384e+02
20260904_09:00:00   2.1547e-01   5.5683e+01   4.6242e+00   0.0000e+00   5.5443e-02   2.7476e+02
20260904_12:00:00   2.1850e-01   5.6675e+01   4.5942e+00   0.0000e+00   5.0782e-02   2.7960e+02
20260904_15:00:00   2.0699e-01   5.4817e+01   4.2156e+00   0.0000e+00   1.6412e-03   2.8186e+02
20260904_18:00:00   2.5553e-01   6.5489e+01   5.0705e+00   0.0000e+00   3.4555e-02   2.8243e+02
20260904_21:00:00   2.9739e-01   7.4325e+01   5.7357e+00   0.0000e+00   4.3641e-02   2.8467e+02
20260905_00:00:00   2.7594e-01   6.9280e+01   5.5037e+00   0.0000e+00   3.7651e-02   2.8801e+02
20260905_03:00:00   3.4041e-01   8.1617e+01   6.6967e+00   0.0000e+00   1.4567e-01   2.8948e+02
20260905_06:00:00   2.9038e-01   7.2482e+01   5.6508e+00   0.0000e+00   2.9062e-04   2.8985e+02
20260905_09:00:00   2.9315e-01   7.3017e+01   5.6542e+00   0.0000e+00   9.7323e-03   2.8844e+02
20260905_12:00:00   3.0297e-01   7.4699e+01   5.8942e+00   0.0000e+00   2.9983e-02   2.9175e+02
20260905_15:00:00   2.6153e-01   6.6732e+01   5.0414e+00   0.0000e+00   0.0000e+00   2.9068e+02
20260905_18:00:00   2.6941e-01   6.8704e+01   5.0906e+00   0.0000e+00   0.0000e+00   2.8540e+02
20260905_21:00:00   2.3953e-01   6.2530e+01   4.4585e+00   0.0000e+00   0.0000e+00   2.8243e+02
20260906_00:00:00   1.7988e-01   4.9306e+01   3.3689e+00   0.0000e+00   0.0000e+00   2.8148e+02
20260906_03:00:00   1.5406e-01   4.3366e+01   2.8886e+00   0.0000e+00   0.0000e+00   2.7984e+02
20260906_06:00:00   1.4669e-01   4.1570e+01   2.7578e+00   0.0000e+00   0.0000e+00   2.7912e+02
20260906_09:00:00   1.5086e-01   4.2526e+01   2.8295e+00   0.0000e+00   0.0000e+00   2.8071e+02
20260906_12:00:00   1.5308e-01   4.3028e+01   2.8731e+00   0.0000e+00   0.0000e+00   2.7975e+02
20260906_15:00:00   1.5546e-01   4.3496e+01   2.9775e+00   0.0000e+00   0.0000e+00   2.7744e+02
20260906_18:00:00   1.9308e-01   5.2197e+01   3.7136e+00   0.0000e+00   0.0000e+00   2.7507e+02
20260906_21:00:00   1.8744e-01   5.1027e+01   3.5759e+00   0.0000e+00   0.0000e+00   2.7204e+02
20260907_00:00:00   1.4001e-01   3.9947e+01   2.6907e+00   0.0000e+00   1.3876e-05   2.7088e+02
20260907_03:00:00   1.1948e-01   3.5055e+01   2.2824e+00   0.0000e+00   1.5858e-04   2.7183e+02
20260907_06:00:00   1.2995e-01   3.7361e+01   2.5800e+00   0.0000e+00   6.9559e-04   2.7128e+02
20260907_09:00:00   1.4182e-01   4.0056e+01   2.8930e+00   0.0000e+00   0.0000e+00   2.6983e+02
20260907_12:00:00   1.1307e-01   3.3262e+01   2.2623e+00   0.0000e+00   1.3182e-05   2.6729e+02
20260907_15:00:00   1.1046e-01   3.2521e+01   2.2140e+00   0.0000e+00   0.0000e+00   2.7042e+02
20260907_18:00:00   1.3939e-01   3.9313e+01   2.8673e+00   0.0000e+00   0.0000e+00   2.7051e+02
20260907_21:00:00   1.4609e-01   4.0970e+01   3.0008e+00   0.0000e+00   0.0000e+00   2.7262e+02
20260908_00:00:00   1.4002e-01   3.9521e+01   2.8685e+00   0.0000e+00   0.0000e+00   2.7448e+02
20260908_03:00:00   1.3097e-01   3.7435e+01   2.6606e+00   0.0000e+00   0.0000e+00   2.7186e+02
20260908_06:00:00   1.1788e-01   3.4531e+01   2.3351e+00   0.0000e+00   0.0000e+00   2.7006e+02
20260908_09:00:00   1.0250e-01   3.1035e+01   1.9393e+00   0.0000e+00   0.0000e+00   2.6941e+02
20260908_12:00:00   1.0864e-01   3.2596e+01   2.0574e+00   0.0000e+00   0.0000e+00   2.7081e+02
20260908_15:00:00   1.2215e-01   3.5972e+01   2.3287e+00   0.0000e+00   0.0000e+00   2.7180e+02
20260908_18:00:00   1.4005e-01   4.0324e+01   2.6982e+00   0.0000e+00   0.0000e+00   2.7120e+02
20260908_21:00:00   1.3912e-01   4.0115e+01   2.6991e+00   0.0000e+00   0.0000e+00   2.7036e+02
20260909_00:00:00   1.2611e-01   3.7043e+01   2.4396e+00   0.0000e+00   0.0000e+00   2.7339e+02
20260909_03:00:00   1.2094e-01   3.5890e+01   2.3293e+00   0.0000e+00   0.0000e+00   2.7197e+02
20260909_06:00:00   1.2924e-01   3.7896e+01   2.5119e+00   0.0000e+00   0.0000e+00   2.7296e+02
20260909_09:00:00   1.2666e-01   3.7275e+01   2.4577e+00   0.0000e+00   0.0000e+00   2.7014e+02
20260909_12:00:00   1.1722e-01   3.4839e+01   2.3068e+00   0.0000e+00   0.0000e+00   2.7013e+02
20260909_15:00:00   1.3636e-01   3.9379e+01   2.7394e+00   0.0000e+00   0.0000e+00   2.7440e+02
20260909_18:00:00   1.5549e-01   4.3793e+01   3.1687e+00   0.0000e+00   0.0000e+00   2.7514e+02
20260909_21:00:00   1.6331e-01   4.5435e+01   3.3774e+00   0.0000e+00   0.0000e+00   2.7470e+02
20260910_00:00:00   1.5495e-01   4.3463e+01   3.2091e+00   0.0000e+00   0.0000e+00   2.7431e+02
20260910_03:00:00   1.7769e-01   4.8379e+01   3.7747e+00   0.0000e+00   0.0000e+00   2.7423e+02
20260910_06:00:00   2.4767e-01   6.3127e+01   5.3345e+00   0.0000e+00   0.0000e+00   2.7609e+02
20260910_09:00:00   3.0980e-01   7.4948e+01   6.5886e+00   1.9196e-04   4.9140e-02   2.7680e+02
20260910_12:00:00   3.3880e-01   8.0332e+01   7.1539e+00   0.0000e+00   3.9617e-02   2.7978e+02
20260910_15:00:00   3.5601e-01   8.3762e+01   7.4774e+00   0.0000e+00   8.5914e-02   2.8317e+02
20260910_18:00:00   3.7834e-01   8.8191e+01   7.8934e+00   0.0000e+00   1.6332e-01   2.8453e+02
20260910_21:00:00   3.8467e-01   8.9484e+01   8.0519e+00   0.0000e+00   1.0681e-01   2.8510e+02
20260911_00:00:00   3.6711e-01   8.6358e+01   7.6921e+00   0.0000e+00   6.4046e-02   2.8198e+02
20260911_03:00:00   3.5666e-01   8.4468e+01   7.4033e+00   0.0000e+00   1.5459e-01   2.8101e+02
20260911_06:00:00   4.4821e-01   1.0048e+02   9.0830e+00   0.0000e+00   1.7339e-01   2.8307e+02
20260911_09:00:00   5.3052e-01   1.1358e+02   1.0219e+01   5.5434e-03   2.6108e-01   2.8463e+02
20260911_12:00:00   5.0154e-01   1.0863e+02   9.8288e+00   0.0000e+00   4.0259e-01   2.8561e+02
20260911_15:00:00   5.4972e-01   1.1627e+02   1.0636e+01   0.0000e+00   3.8630e-01   2.8496e+02
20260911_18:00:00   4.3887e-01   9.8068e+01   8.7748e+00   0.0000e+00   3.4214e-01   2.8088e+02
