#            date       tau255        Tb[K]      pwv[mm] lwp[kg*m^-2] iwp[kg*m^-2]       o3[DU]
20260914_12:00:00   9.6590e-02   2.9448e+01   1.7535e+00   0.0000e+00   0.0000e+00   2.9403e+02
20260914_13:00:00   9.7834e-02   2.9696e+01   1.7949e+00   0.0000e+00   0.0000e+00   2.9113e+02
20260914_14:00:00   9.9848e-02   3.0158e+01   1.8480e+00   0.0000e+00   0.0000e+00   2.9243e+02
20260914_15:00:00   9.9239e-02   2.9964e+01   1.8490e+00   0.0000e+00   0.0000e+00   2.8903e+02
20260914_16:00:00   9.9643e-02   3.0018e+01   1.8721e+00   0.0000e+00   0.0000e+00   2.8615e+02
20260914_17:00:00   1.0334e-01   3.1025e+01   1.9396e+00   0.0000e+00   0.0000e+00   2.8613e+02
20260914_18:00:00   1.1448e-01   3.3870e+01   2.1604e+00   0.0000e+00   0.0000e+00   2.8735e+02
20260914_19:00:00   1.1391e-01   3.3903e+01   2.1254e+00   0.0000e+00   0.0000e+00   2.8867e+02
20260914_20:00:00   1.0744e-01   3.2476e+01   1.9567e+00   0.0000e+00   0.0000e+00   2.8653e+02
20260914_21:00:00   1.0345e-01   3.1560e+01   1.8612e+00   0.0000e+00   0.0000e+00   2.8372e+02
20260914_22:00:00   9.8965e-02   3.0442e+01   1.7727e+00   0.0000e+00   0.0000e+00   2.8388e+02
20260914_23:00:00   9.5080e-02   2.9494e+01   1.6912e+00   0.0000e+00   0.0000e+00   2.8344e+02
20260915_00:00:00   9.4114e-02   2.9299e+01   1.6620e+00   0.0000e+00   0.0000e+00   2.8169e+02
20260915_01:00:00   8.8770e-02   2.7971e+01   1.5520e+00   0.0000e+00   0.0000e+00   2.8221e+02
20260915_02:00:00   8.6992e-02   2.7530e+01   1.5130e+00   0.0000e+00   0.0000e+00   2.8267e+02
20260915_03:00:00   8.7196e-02   2.7591e+01   1.5144e+00   0.0000e+00   0.0000e+00   2.8327e+02
20260915_04:00:00   8.5615e-02   2.7151e+01   1.4880e+00   0.0000e+00   0.0000e+00   2.8284e+02
20260915_05:00:00   8.6354e-02   2.7310e+01   1.5083e+00   0.0000e+00   0.0000e+00   2.8243e+02
20260915_06:00:00   8.4043e-02   2.6672e+01   1.4710e+00   0.0000e+00   0.0000e+00   2.8151e+02
20260915_07:00:00   8.1282e-02   2.5927e+01   1.4237e+00   0.0000e+00   0.0000e+00   2.7967e+02
20260915_08:00:00   7.5806e-02   2.4471e+01   1.3216e+00   0.0000e+00   0.0000e+00   2.7540e+02
20260915_09:00:00   6.9953e-02   2.2903e+01   1.2077e+00   0.0000e+00   0.0000e+00   2.7410e+02
20260915_10:00:00   6.5563e-02   2.1706e+01   1.1256e+00   0.0000e+00   0.0000e+00   2.7483e+02
20260915_11:00:00   6.1676e-02   2.0639e+01   1.0518e+00   0.0000e+00   0.0000e+00   2.7508e+02
20260915_12:00:00   6.1000e-02   2.0429e+01   1.0464e+00   0.0000e+00   2.3880e-04   2.7697e+02
20260915_13:00:00   6.5668e-02   2.1595e+01   1.1644e+00   0.0000e+00   4.5560e-05   2.7843e+02
20260915_14:00:00   7.2645e-02   2.3344e+01   1.3360e+00   0.0000e+00   9.1600e-05   2.7795e+02
20260915_15:00:00   7.8442e-02   2.4864e+01   1.4635e+00   0.0000e+00   2.6399e-04   2.7918e+02
20260915_16:00:00   8.7308e-02   2.7228e+01   1.6417e+00   0.0000e+00   7.7412e-05   2.7917e+02
20260915_17:00:00   1.0411e-01   3.1543e+01   1.9868e+00   0.0000e+00   2.6880e-06   2.7863e+02
20260915_18:00:00   1.2329e-01   3.6273e+01   2.3922e+00   0.0000e+00   4.5020e-06   2.7735e+02
20260915_19:00:00   1.4248e-01   4.0913e+01   2.7832e+00   0.0000e+00   9.4080e-06   2.7674e+02
20260915_20:00:00   1.5580e-01   4.4079e+01   3.0464e+00   0.0000e+00   0.0000e+00   2.7694e+02
20260915_21:00:00   1.6267e-01   4.5662e+01   3.1881e+00   0.0000e+00   0.0000e+00   2.7850e+02
20260915_22:00:00   1.5580e-01   4.3983e+01   3.0692e+00   0.0000e+00   0.0000e+00   2.8069e+02
20260915_23:00:00   1.4360e-01   4.1080e+01   2.8246e+00   0.0000e+00   0.0000e+00   2.8114e+02
20260916_00:00:00   1.3491e-01   3.8960e+01   2.6592e+00   0.0000e+00   0.0000e+00   2.7994e+02
20260916_01:00:00   1.3187e-01   3.8196e+01   2.6002e+00   0.0000e+00   0.0000e+00   2.8083e+02
20260916_02:00:00   1.3321e-01   3.8581e+01   2.6101e+00   0.0000e+00   0.0000e+00   2.8107e+02
20260916_03:00:00   1.3116e-01   3.8122e+01   2.5530e+00   0.0000e+00   0.0000e+00   2.7954e+02
20260916_04:00:00   1.3334e-01   3.8670e+01   2.5832e+00   0.0000e+00   0.0000e+00   2.7766e+02
20260916_05:00:00   1.3470e-01   3.8995e+01   2.6029e+00   0.0000e+00   0.0000e+00   2.7820e+02
20260916_06:00:00   1.3362e-01   3.8691e+01   2.5859e+00   0.0000e+00   0.0000e+00   2.7846e+02
20260916_07:00:00   1.3317e-01   3.8524e+01   2.5892e+00   0.0000e+00   0.0000e+00   2.7947e+02
20260916_08:00:00   1.3138e-01   3.8055e+01   2.5591e+00   0.0000e+00   0.0000e+00   2.7926e+02
20260916_09:00:00   1.3311e-01   3.8430e+01   2.6049e+00   0.0000e+00   0.0000e+00   2.7827e+02
20260916_10:00:00   1.3876e-01   3.9766e+01   2.7219e+00   0.0000e+00   0.0000e+00   2.7884e+02
20260916_11:00:00   1.4558e-01   4.1369e+01   2.8650e+00   0.0000e+00   0.0000e+00   2.7769e+02
20260916_12:00:00   1.5602e-01   4.3812e+01   3.0908e+00   0.0000e+00   0.0000e+00   2.7866e+02
20260916_13:00:00   1.6617e-01   4.6215e+01   3.2994e+00   0.0000e+00   0.0000e+00   2.7861e+02
20260916_14:00:00   1.7324e-01   4.7946e+01   3.4226e+00   0.0000e+00   0.0000e+00   2.7758e+02
20260916_15:00:00   1.7171e-01   4.7718e+01   3.3671e+00   0.0000e+00   0.0000e+00   2.7761e+02
20260916_16:00:00   1.7654e-01   4.8915e+01   3.4448e+00   0.0000e+00   0.0000e+00   2.7851e+02
20260916_17:00:00   1.9268e-01   5.2666e+01   3.7435e+00   0.0000e+00   0.0000e+00   2.7892e+02
20260916_18:00:00   1.9875e-01   5.4074e+01   3.8500e+00   0.0000e+00   0.0000e+00   2.8011e+02
20260916_19:00:00   1.9237e-01   5.2672e+01   3.7142e+00   0.0000e+00   0.0000e+00   2.7956e+02
20260916_20:00:00   1.8101e-01   5.0091e+01   3.4881e+00   0.0000e+00   0.0000e+00   2.7846e+02
20260916_21:00:00   1.7133e-01   4.7860e+01   3.2897e+00   0.0000e+00   0.0000e+00   2.7829e+02
20260916_22:00:00   1.5528e-01   4.4045e+01   2.9857e+00   0.0000e+00   9.2500e-06   2.7803e+02
20260916_23:00:00   1.4272e-01   4.1003e+01   2.7483e+00   0.0000e+00   1.5388e-04   2.7876e+02
20260917_00:00:00   1.3633e-01   3.9439e+01   2.6235e+00   0.0000e+00   3.8340e-05   2.7801e+02
20260917_01:00:00   1.3486e-01   3.9074e+01   2.5948e+00   0.0000e+00   0.0000e+00   2.7819e+02
20260917_02:00:00   1.3251e-01   3.8483e+01   2.5512e+00   0.0000e+00   2.6480e-04   2.7904e+02
20260917_03:00:00   1.2506e-01   3.6632e+01   2.4089e+00   0.0000e+00   0.0000e+00   2.7998e+02
20260917_04:00:00   1.2837e-01   3.7412e+01   2.4840e+00   0.0000e+00   0.0000e+00   2.7879e+02
20260917_05:00:00   1.4107e-01   4.0485e+01   2.7398e+00   0.0000e+00   0.0000e+00   2.7778e+02
20260917_06:00:00   1.4368e-01   4.1088e+01   2.7948e+00   0.0000e+00   6.8000e-04   2.7667e+02
20260917_07:00:00   1.4343e-01   4.1019e+01   2.7892e+00   0.0000e+00   1.1494e-04   2.7453e+02
20260917_08:00:00   1.4263e-01   4.0766e+01   2.7880e+00   0.0000e+00   1.5102e-03   2.7413e+02
20260917_09:00:00   1.4577e-01   4.1408e+01   2.8842e+00   0.0000e+00   1.1356e-03   2.7519e+02
20260917_10:00:00   1.4960e-01   4.2273e+01   2.9752e+00   0.0000e+00   4.0611e-03   2.7706e+02
20260917_11:00:00   1.6027e-01   4.4705e+01   3.2063e+00   0.0000e+00   8.3217e-03   2.7930e+02
20260917_12:00:00   1.6434e-01   4.5605e+01   3.2918e+00   0.0000e+00   2.0779e-02   2.8082e+02
20260917_13:00:00   1.6211e-01   4.5108e+01   3.2458e+00   0.0000e+00   1.8100e-02   2.8000e+02
20260917_14:00:00   1.5648e-01   4.3806e+01   3.1340e+00   0.0000e+00   1.0806e-02   2.7868e+02
20260917_15:00:00   1.5404e-01   4.3306e+01   3.0716e+00   0.0000e+00   7.1173e-03   2.7885e+02
20260917_16:00:00   1.5698e-01   4.4048e+01   3.1202e+00   0.0000e+00   6.8044e-03   2.8001e+02
20260917_17:00:00   1.5986e-01   4.4779e+01   3.1639e+00   0.0000e+00   7.8632e-03   2.8058e+02
20260917_18:00:00   1.5986e-01   4.4772e+01   3.1605e+00   0.0000e+00   5.1548e-03   2.7865e+02
20260917_19:00:00   1.4557e-01   4.1381e+01   2.8579e+00   0.0000e+00   3.3719e-03   2.7833e+02
20260917_20:00:00   1.3000e-01   3.7580e+01   2.5390e+00   0.0000e+00   8.3481e-04   2.7824e+02
20260917_21:00:00   1.2013e-01   3.5123e+01   2.3385e+00   0.0000e+00   1.1564e-05   2.7723e+02
20260917_22:00:00   1.1875e-01   3.4745e+01   2.3085e+00   0.0000e+00   0.0000e+00   2.7852e+02
20260917_23:00:00   1.3068e-01   3.7654e+01   2.5404e+00   0.0000e+00   0.0000e+00   2.8039e+02
20260918_00:00:00   1.4114e-01   4.0100e+01   2.7453e+00   0.0000e+00   0.0000e+00   2.8267e+02
20260918_01:00:00   1.3314e-01   3.8062e+01   2.6021e+00   0.0000e+00   0.0000e+00   2.8239e+02
20260918_02:00:00   1.3401e-01   3.8164e+01   2.6403e+00   0.0000e+00   0.0000e+00   2.8443e+02
20260918_03:00:00   1.4409e-01   4.0552e+01   2.8499e+00   0.0000e+00   0.0000e+00   2.8489e+02
20260918_04:00:00   1.5847e-01   4.3914e+01   3.1447e+00   0.0000e+00   2.7840e-04   2.8498e+02
20260918_05:00:00   1.5457e-01   4.2966e+01   3.0715e+00   0.0000e+00   1.5162e-04   2.8417e+02
20260918_06:00:00   1.5250e-01   4.2414e+01   3.0296e+00   0.0000e+00   6.7200e-07   2.8409e+02
20260918_07:00:00   1.4997e-01   4.1823e+01   2.9751e+00   0.0000e+00   9.5740e-07   2.8498e+02
20260918_08:00:00   1.7053e-01   4.6485e+01   3.4084e+00   0.0000e+00   0.0000e+00   2.8401e+02
20260918_09:00:00   1.8748e-01   5.0391e+01   3.7439e+00   0.0000e+00   0.0000e+00   2.8091e+02
20260918_10:00:00   1.9325e-01   5.1868e+01   3.8300e+00   0.0000e+00   0.0000e+00   2.7979e+02
20260918_11:00:00   2.0616e-01   5.4621e+01   4.1062e+00   0.0000e+00   0.0000e+00   2.7923e+02
20260918_12:00:00   2.3241e-01   6.0281e+01   4.6229e+00   0.0000e+00   0.0000e+00   2.7899e+02
20260918_13:00:00   2.6601e-01   6.7466e+01   5.2531e+00   0.0000e+00   0.0000e+00   2.7944e+02
20260918_14:00:00   3.2982e-01   8.0303e+01   6.4335e+00   0.0000e+00   2.5900e-05   2.8045e+02
20260918_15:00:00   3.6855e-01   8.7768e+01   7.1302e+00   0.0000e+00   1.2176e-05   2.8125e+02
20260918_16:00:00   4.1943e-01   9.6911e+01   8.0679e+00   0.0000e+00   4.2042e-05   2.8079e+02
20260918_17:00:00   4.8191e-01   1.0737e+02   9.0484e+00   4.3575e-03   4.4247e-03   2.8060e+02
20260918_18:00:00   5.2586e-01   1.1445e+02   9.8100e+00   3.4998e-03   1.3571e-02   2.8259e+02
20260918_19:00:00   4.9182e-01   1.0917e+02   9.3013e+00   2.5140e-04   5.5837e-03   2.8390e+02
20260918_20:00:00   4.8472e-01   1.0807e+02   9.1293e+00   1.4214e-03   5.6040e-04   2.8385e+02
20260918_21:00:00   4.9857e-01   1.1047e+02   9.3815e+00   4.4460e-04   2.6171e-03   2.8484e+02
20260918_22:00:00   5.2122e-01   1.1404e+02   9.7703e+00   0.0000e+00   2.9453e-03   2.8670e+02
20260918_23:00:00   5.4649e-01   1.1791e+02   1.0148e+01   6.6480e-04   1.0454e-02   2.8750e+02
20260919_00:00:00   5.5828e-01   1.1980e+02   1.0336e+01   3.8680e-04   1.6375e-02   2.9149e+02
20260919_01:00:00   5.3095e-01   1.1577e+02   9.8375e+00   0.0000e+00   1.5316e-02   2.9722e+02
20260919_02:00:00   4.8596e-01   1.0864e+02   9.0160e+00   0.0000e+00   4.7318e-03   2.9704e+02
20260919_03:00:00   3.9779e-01   9.3390e+01   7.4821e+00   0.0000e+00   1.0022e-03   2.9428e+02
20260919_04:00:00   3.3472e-01   8.1481e+01   6.3775e+00   0.0000e+00   1.9970e-04   2.9515e+02
20260919_05:00:00   3.6727e-01   8.7526e+01   7.0087e+00   0.0000e+00   1.6190e-05   2.9717e+02
20260919_06:00:00   4.1867e-01   9.6782e+01   7.9030e+00   0.0000e+00   0.0000e+00   2.9700e+02
20260919_07:00:00   4.0948e-01   9.5329e+01   7.6724e+00   0.0000e+00   0.0000e+00   2.9795e+02
20260919_08:00:00   3.9434e-01   9.2861e+01   7.2924e+00   0.0000e+00   3.7000e-06   2.9661e+02
20260919_09:00:00   3.8064e-01   9.0500e+01   6.9982e+00   0.0000e+00   0.0000e+00   2.9691e+02
20260919_10:00:00   3.8231e-01   9.0862e+01   6.9918e+00   0.0000e+00   1.8502e-06   2.9780e+02
20260919_11:00:00   3.9922e-01   9.3953e+01   7.2504e+00   0.0000e+00   4.6260e-05   2.9760e+02
20260919_12:00:00   4.5221e-01   1.0331e+02   8.0015e+00   2.4241e-03   6.8465e-04   2.9931e+02
20260919_15:00:00   3.8449e-01   9.1133e+01   7.2224e+00   0.0000e+00   2.2715e-02   2.9849e+02
20260919_18:00:00   3.4162e-01   8.2743e+01   6.6044e+00   0.0000e+00   9.6188e-03   3.0307e+02
20260919_21:00:00   4.5664e-01   1.0386e+02   8.5842e+00   0.0000e+00   1.5687e-02   3.0072e+02
20260920_00:00:00   3.9248e-01   9.2451e+01   7.5535e+00   0.0000e+00   1.6248e-03   2.9964e+02
20260920_03:00:00   3.8439e-01   9.0324e+01   7.6305e+00   0.0000e+00   6.0896e-03   2.9968e+02
20260920_06:00:00   3.9898e-01   9.2593e+01   8.0452e+00   0.0000e+00   7.2410e-03   2.9881e+02
20260920_09:00:00   4.1964e-01   9.6044e+01   8.4225e+00   0.0000e+00   9.9632e-02   3.0127e+02
20260920_12:00:00   4.4379e-01   1.0038e+02   8.8299e+00   0.0000e+00   1.5145e-01   2.9775e+02
20260920_15:00:00   4.9349e-01   1.0896e+02   9.8682e+00   0.0000e+00   4.1112e-02   2.9663e+02
20260920_18:00:00   5.0853e-01   1.1108e+02   1.0194e+01   0.0000e+00   1.2938e-01   2.9740e+02
20260920_21:00:00   5.1516e-01   1.1215e+02   1.0384e+01   0.0000e+00   1.7905e-02   2.9688e+02
20260921_00:00:00   5.2574e-01   1.1362e+02   1.0636e+01   0.0000e+00   1.6941e-02   3.0068e+02
20260921_03:00:00   5.0502e-01   1.1076e+02   1.0179e+01   0.0000e+00   1.1038e-02   3.0268e+02
20260921_06:00:00   5.3807e-01   1.1576e+02   1.0758e+01   0.0000e+00   7.4235e-02   3.0249e+02
20260921_09:00:00   5.8421e-01   1.2277e+02   1.1535e+01   0.0000e+00   9.4468e-02   3.0072e+02
20260921_12:00:00   5.7639e-01   1.2188e+02   1.1384e+01   0.0000e+00   2.8064e-02   3.0096e+02
20260921_15:00:00   4.9469e-01   1.0971e+02   9.8724e+00   1.3438e-06   5.7865e-04   3.0508e+02
20260921_18:00:00   5.1319e-01   1.1321e+02   1.0204e+01   2.0840e-05   3.9184e-05   3.1129e+02
20260921_21:00:00   5.1909e-01   1.1459e+02   1.0232e+01   0.0000e+00   0.0000e+00   3.1318e+02
20260922_00:00:00   4.5657e-01   1.0465e+02   8.9743e+00   0.0000e+00   0.0000e+00   3.0103e+02
20260922_03:00:00   3.9170e-01   9.3215e+01   7.7754e+00   0.0000e+00   0.0000e+00   2.9230e+02
20260922_06:00:00   3.5334e-01   8.5924e+01   7.0811e+00   0.0000e+00   0.0000e+00   2.8962e+02
20260922_09:00:00   3.0607e-01   7.6430e+01   6.2889e+00   0.0000e+00   0.0000e+00   2.8939e+02
20260922_12:00:00   3.1695e-01   7.8039e+01   6.7066e+00   0.0000e+00   5.7445e-06   2.8684e+02
20260922_15:00:00   3.1372e-01   7.7219e+01   6.7565e+00   0.0000e+00   0.0000e+00   2.8267e+02
20260922_18:00:00   4.1614e-01   9.6242e+01   8.9474e+00   0.0000e+00   2.2234e-03   2.7762e+02
20260922_21:00:00   4.6760e-01   1.0538e+02   9.9712e+00   1.3438e-06   5.4337e-03   2.7290e+02
20260923_00:00:00   4.6071e-01   1.0451e+02   9.7729e+00   0.0000e+00   3.1307e-04   2.7101e+02
20260923_03:00:00   3.7406e-01   8.9110e+01   8.0653e+00   0.0000e+00   1.6925e-05   2.7352e+02
20260923_06:00:00   2.8506e-01   7.1647e+01   6.2131e+00   0.0000e+00   3.5872e-04   2.7370e+02
20260923_09:00:00   2.1255e-01   5.6855e+01   4.5193e+00   0.0000e+00   2.1803e-03   2.7459e+02
20260923_12:00:00   2.1199e-01   5.6683e+01   4.4943e+00   0.0000e+00   3.9494e-04   2.7343e+02
20260923_15:00:00   2.0858e-01   5.5807e+01   4.4702e+00   0.0000e+00   7.7888e-03   2.7270e+02
20260923_18:00:00   2.5384e-01   6.5881e+01   5.3440e+00   0.0000e+00   4.1006e-02   2.7438e+02
20260923_21:00:00   2.8813e-01   7.3272e+01   5.9251e+00   0.0000e+00   2.7368e-02   2.7243e+02
20260924_00:00:00   2.5890e-01   6.7044e+01   5.3254e+00   0.0000e+00   1.8928e-02   2.6995e+02
20260924_03:00:00   2.2152e-01   5.8521e+01   4.6644e+00   0.0000e+00   6.9915e-02   2.6692e+02
20260924_06:00:00   2.1880e-01   5.7798e+01   4.5864e+00   0.0000e+00   1.0074e-01   2.6755e+02
20260924_09:00:00   2.1252e-01   5.6320e+01   4.4606e+00   0.0000e+00   4.2784e-02   2.6754e+02
20260924_12:00:00   2.1531e-01   5.6657e+01   4.5933e+00   0.0000e+00   4.0745e-02   2.6829e+02
20260924_15:00:00   2.4199e-01   6.1944e+01   5.2857e+00   0.0000e+00   5.5046e-02   2.6755e+02
20260924_18:00:00   2.7073e-01   6.7678e+01   5.9347e+00   1.6798e-06   7.3926e-02   2.6878e+02
20260924_21:00:00   3.0298e-01   7.4018e+01   6.5971e+00   0.0000e+00   9.1230e-02   2.6818e+02
20260925_00:00:00   3.0388e-01   7.3691e+01   6.6493e+00   0.0000e+00   1.7519e-01   2.6949e+02
20260925_03:00:00   3.2366e-01   7.7483e+01   7.1720e+00   9.6260e-06   5.1060e-02   2.7034e+02
20260925_06:00:00   3.4126e-01   8.0776e+01   7.5218e+00   9.4080e-06   7.3637e-02   2.6638e+02
20260925_09:00:00   3.1801e-01   7.6420e+01   7.0217e+00   0.0000e+00   5.0083e-02   2.6722e+02
20260925_12:00:00   3.0112e-01   7.3271e+01   6.6612e+00   0.0000e+00   1.0089e-02   2.7314e+02
20260925_15:00:00   2.7378e-01   6.8448e+01   6.0246e+00   0.0000e+00   2.6279e-03   2.7000e+02
20260925_18:00:00   2.4506e-01   6.3285e+01   5.2789e+00   0.0000e+00   7.2029e-04   2.6886e+02
20260925_21:00:00   2.3740e-01   6.2070e+01   5.0444e+00   0.0000e+00   9.9220e-06   2.7423e+02
20260926_00:00:00   1.9164e-01   5.1897e+01   4.1126e+00   0.0000e+00   0.0000e+00   2.8548e+02
20260926_03:00:00   1.7058e-01   4.7079e+01   3.6682e+00   0.0000e+00   4.9300e-04   2.9009e+02
20260926_06:00:00   1.3950e-01   3.9765e+01   2.9759e+00   0.0000e+00   2.6980e-04   2.8476e+02
20260926_09:00:00   1.2739e-01   3.6855e+01   2.6927e+00   0.0000e+00   3.6380e-04   2.8139e+02
20260926_12:00:00   1.3137e-01   3.7793e+01   2.7764e+00   0.0000e+00   0.0000e+00   2.8056e+02
20260926_15:00:00   1.4407e-01   4.0873e+01   3.0587e+00   0.0000e+00   0.0000e+00   2.7826e+02
20260926_18:00:00   1.7424e-01   4.8215e+01   3.6856e+00   0.0000e+00   0.0000e+00   2.7727e+02
20260926_21:00:00   1.9192e-01   5.2466e+01   4.0326e+00   0.0000e+00   5.2980e-06   2.7310e+02
20260927_00:00:00   1.9127e-01   5.1949e+01   4.1055e+00   0.0000e+00   0.0000e+00   2.7221e+02
20260927_03:00:00   1.9807e-01   5.3302e+01   4.2712e+00   0.0000e+00   0.0000e+00   2.7714e+02
20260927_06:00:00   2.1860e-01   5.7600e+01   4.7123e+00   0.0000e+00   0.0000e+00   2.7777e+02
20260927_09:00:00   2.3312e-01   6.0551e+01   4.9938e+00   0.0000e+00   0.0000e+00   2.7709e+02
20260927_12:00:00   2.6672e-01   6.7488e+01   5.6821e+00   0.0000e+00   0.0000e+00   2.7663e+02
20260927_15:00:00   3.1024e-01   7.6414e+01   6.4949e+00   0.0000e+00   7.7060e-05   2.7720e+02
20260927_18:00:00   3.9634e-01   9.3000e+01   8.0202e+00   6.7940e-04   1.2296e-03   2.8084e+02
20260927_21:00:00   4.4123e-01   1.0095e+02   8.5301e+00   3.7300e-03   4.4642e-03   2.8121e+02
20260928_00:00:00   3.6812e-01   8.7753e+01   7.2500e+00   1.6088e-05   1.7679e-04   2.8280e+02
20260928_03:00:00   3.7416e-01   8.8993e+01   7.0379e+00   0.0000e+00   0.0000e+00   2.8523e+02
20260928_06:00:00   3.6209e-01   8.6341e+01   6.7330e+00   0.0000e+00   0.0000e+00   2.8583e+02
20260928_09:00:00   3.5509e-01   8.5048e+01   6.2989e+00   4.1369e-04   0.0000e+00   2.8856e+02
20260928_12:00:00   3.9762e-01   9.2830e+01   6.3712e+00   1.1896e-02   0.0000e+00   2.8704e+02
20260928_15:00:00   3.7065e-01   8.7914e+01   6.2774e+00   4.5040e-05   0.0000e+00   2.9250e+02
20260928_18:00:00   4.5760e-01   1.0331e+02   7.2316e+00   8.8052e-03   1.0426e-04   2.9555e+02
20260928_21:00:00   4.2851e-01   9.8079e+01   7.0892e+00   1.3214e-03   3.0220e-05   3.0244e+02
20260929_00:00:00   5.7343e-01   1.2138e+02   7.1844e+00   5.5776e-02   2.5744e-05   3.0665e+02
20260929_03:00:00   4.3809e-01   9.8846e+01   7.2494e+00   7.9658e-04   2.3927e-05   3.0859e+02
20260929_06:00:00   1.7822e+00   2.2595e+02   7.5350e+00   5.6041e-01   3.8180e-02   3.0996e+02
20260929_09:00:00   7.7350e-01   1.4668e+02   6.6974e+00   1.5522e-01   1.2400e-01   3.1523e+02
20260929_12:00:00   2.8457e-01   7.0036e+01   4.2712e+00   8.8868e-03   5.1088e-04   3.2263e+02
20260929_15:00:00   2.6988e-01   6.6888e+01   4.5598e+00   3.4928e-05   4.0164e-03   3.2738e+02
20260929_18:00:00   2.9469e-01   7.1810e+01   5.0187e+00   4.0746e-05   2.3330e-03   3.3006e+02
20260929_21:00:00   2.9908e-01   7.2976e+01   5.0218e+00   7.1811e-05   2.1574e-03   3.2229e+02
20260930_00:00:00   2.3674e-01   6.0656e+01   3.9482e+00   0.0000e+00   4.7303e-05   3.2541e+02
20260930_03:00:00   2.1928e-01   5.6903e+01   3.7214e+00   0.0000e+00   0.0000e+00   3.2822e+02
20260930_06:00:00   2.2625e-01   5.8377e+01   3.8599e+00   0.0000e+00   0.0000e+00   3.3225e+02
20260930_09:00:00   2.7401e-01   6.7881e+01   4.7352e+00   0.0000e+00   1.2256e-05   3.3460e+02
20260930_12:00:00   2.4731e-01   6.2510e+01   4.3286e+00   0.0000e+00   0.0000e+00   3.3204e+02
