#            date       tau255        Tb[K]      pwv[mm] lwp[kg*m^-2] iwp[kg*m^-2]       o3[DU]
20260818_00:00:00   6.7006e-01   1.3317e+02   8.8770e+00   6.0520e-02   2.0075e-01   3.4709e+02
20260818_01:00:00   5.0753e-01   1.0906e+02   8.6678e+00   2.0160e-06   1.1456e-01   3.4974e+02
20260818_02:00:00   4.7970e-01   1.0487e+02   8.1151e+00   1.0872e-03   1.0458e-01   3.5166e+02
20260818_03:00:00   4.6950e-01   1.0337e+02   7.9926e+00   0.0000e+00   1.8404e-04   3.5058e+02
20260818_04:00:00   4.5121e-01   1.0037e+02   7.6745e+00   0.0000e+00   1.0051e-04   3.4340e+02
20260818_05:00:00   4.0173e-01   9.2015e+01   6.8318e+00   0.0000e+00   2.8505e-04   3.4162e+02
20260818_06:00:00   3.4264e-01   8.1407e+01   5.8694e+00   0.0000e+00   2.5705e-04   3.3425e+02
20260818_07:00:00   3.3386e-01   7.9780e+01   5.7230e+00   0.0000e+00   0.0000e+00   3.3250e+02
20260818_08:00:00   3.2877e-01   7.8712e+01   5.6871e+00   0.0000e+00   9.5163e-04   3.3313e+02
20260818_09:00:00   3.3490e-01   7.9748e+01   5.8393e+00   0.0000e+00   5.8038e-03   3.2706e+02
20260818_10:00:00   3.2494e-01   7.7860e+01   5.7260e+00   0.0000e+00   5.3112e-03   3.2501e+02
20260818_11:00:00   3.3109e-01   7.8739e+01   5.9724e+00   0.0000e+00   3.3884e-02   3.2851e+02
20260818_12:00:00   3.4970e-01   8.1825e+01   6.3760e+00   0.0000e+00   1.6717e-01   3.2975e+02
20260818_13:00:00   3.4579e-01   8.1118e+01   6.3752e+00   0.0000e+00   6.9767e-02   3.2847e+02
20260818_14:00:00   3.5386e-01   8.2571e+01   6.5473e+00   0.0000e+00   8.3235e-02   3.2934e+02
20260818_15:00:00   3.7171e-01   8.5890e+01   6.8711e+00   0.0000e+00   5.7350e-02   3.2854e+02
20260818_16:00:00   3.5878e-01   8.3779e+01   6.6555e+00   0.0000e+00   7.6722e-03   3.3094e+02
20260818_17:00:00   3.7478e-01   8.6675e+01   6.9119e+00   0.0000e+00   1.0297e-01   3.3138e+02
20260818_18:00:00   3.3171e-01   7.9121e+01   6.2018e+00   0.0000e+00   4.4706e-02   3.3625e+02
20260818_19:00:00   3.5891e-01   8.4352e+01   6.6616e+00   0.0000e+00   9.5906e-03   3.3714e+02
20260818_20:00:00   4.0918e-01   9.3258e+01   7.5019e+00   0.0000e+00   1.5702e-01   3.4171e+02
20260818_21:00:00   3.6965e-01   8.6559e+01   6.8492e+00   0.0000e+00   3.2325e-03   3.4489e+02
20260818_22:00:00   3.8042e-01   8.8558e+01   6.9845e+00   0.0000e+00   3.2506e-03   3.4582e+02
20260818_23:00:00   3.9298e-01   9.0792e+01   7.1422e+00   0.0000e+00   1.7931e-02   3.4612e+02
20260819_00:00:00   3.9130e-01   9.0380e+01   7.1614e+00   0.0000e+00   3.5534e-02   3.4739e+02
20260819_01:00:00   3.6618e-01   8.5974e+01   6.7290e+00   0.0000e+00   1.4910e-02   3.4830e+02
20260819_02:00:00   3.5999e-01   8.4609e+01   6.6834e+00   0.0000e+00   9.0368e-02   3.4502e+02
20260819_03:00:00   3.5250e-01   8.3163e+01   6.5701e+00   0.0000e+00   4.7810e-02   3.4425e+02
20260819_04:00:00   3.3667e-01   8.0181e+01   6.3041e+00   0.0000e+00   9.8501e-03   3.4261e+02
20260819_05:00:00   3.2745e-01   7.8424e+01   6.1312e+00   0.0000e+00   1.1350e-02   3.3901e+02
20260819_06:00:00   3.0193e-01   7.3655e+01   5.6360e+00   0.0000e+00   2.0418e-05   3.3628e+02
20260819_07:00:00   3.0987e-01   7.5388e+01   5.6460e+00   0.0000e+00   0.0000e+00   3.3202e+02
20260819_08:00:00   3.0670e-01   7.4803e+01   5.5597e+00   0.0000e+00   0.0000e+00   3.2698e+02
20260819_09:00:00   2.9665e-01   7.2871e+01   5.3624e+00   0.0000e+00   0.0000e+00   3.2150e+02
20260819_10:00:00   2.9245e-01   7.2131e+01   5.2237e+00   0.0000e+00   0.0000e+00   3.1928e+02
20260819_11:00:00   2.7621e-01   6.8996e+01   4.9194e+00   0.0000e+00   0.0000e+00   3.2035e+02
20260819_12:00:00   2.5973e-01   6.5743e+01   4.6274e+00   0.0000e+00   0.0000e+00   3.1365e+02
20260819_13:00:00   2.6493e-01   6.6867e+01   4.6931e+00   0.0000e+00   0.0000e+00   3.0643e+02
20260819_14:00:00   2.7344e-01   6.8625e+01   4.8229e+00   0.0000e+00   0.0000e+00   3.0228e+02
20260819_15:00:00   2.6349e-01   6.6664e+01   4.6914e+00   0.0000e+00   0.0000e+00   3.0240e+02
20260819_16:00:00   2.6278e-01   6.6557e+01   4.7100e+00   0.0000e+00   0.0000e+00   3.0241e+02
20260819_17:00:00   2.7510e-01   6.9084e+01   4.9281e+00   0.0000e+00   0.0000e+00   3.0352e+02
20260819_18:00:00   3.1100e-01   7.6180e+01   5.5252e+00   3.5420e-05   3.3780e-06   3.0499e+02
20260819_19:00:00   3.2249e-01   7.8422e+01   5.7580e+00   5.5748e-05   5.9896e-06   3.0459e+02
20260819_20:00:00   3.4236e-01   8.2241e+01   6.1171e+00   1.2004e-04   8.7260e-06   3.0510e+02
20260819_21:00:00   3.5716e-01   8.5090e+01   6.3897e+00   1.4548e-05   3.7000e-06   3.0399e+02
20260819_22:00:00   3.5398e-01   8.4713e+01   6.2258e+00   0.0000e+00   0.0000e+00   3.0432e+02
20260819_23:00:00   3.3198e-01   8.0674e+01   5.8550e+00   0.0000e+00   0.0000e+00   3.0387e+02
20260820_00:00:00   3.2251e-01   7.8839e+01   5.7608e+00   0.0000e+00   0.0000e+00   3.0333e+02
20260820_01:00:00   3.0876e-01   7.6131e+01   5.5829e+00   0.0000e+00   0.0000e+00   3.0333e+02
20260820_02:00:00   2.8196e-01   7.0787e+01   5.1752e+00   0.0000e+00   0.0000e+00   3.0430e+02
20260820_03:00:00   2.6476e-01   6.7293e+01   4.9095e+00   0.0000e+00   0.0000e+00   3.0250e+02
20260820_04:00:00   2.5645e-01   6.5567e+01   4.7928e+00   0.0000e+00   0.0000e+00   3.0072e+02
20260820_05:00:00   2.4204e-01   6.2514e+01   4.5966e+00   0.0000e+00   0.0000e+00   2.9922e+02
20260820_06:00:00   2.2612e-01   5.9152e+01   4.3312e+00   0.0000e+00   0.0000e+00   2.9550e+02
20260820_07:00:00   2.1361e-01   5.6433e+01   4.1286e+00   0.0000e+00   0.0000e+00   2.9278e+02
20260820_08:00:00   1.9843e-01   5.3164e+01   3.8563e+00   0.0000e+00   0.0000e+00   2.9202e+02
20260820_09:00:00   1.9025e-01   5.1366e+01   3.7121e+00   0.0000e+00   0.0000e+00   2.9105e+02
20260820_10:00:00   1.8391e-01   4.9938e+01   3.6221e+00   0.0000e+00   0.0000e+00   2.9082e+02
20260820_11:00:00   1.7580e-01   4.8159e+01   3.4688e+00   0.0000e+00   0.0000e+00   2.8884e+02
20260820_12:00:00   1.7060e-01   4.6996e+01   3.3773e+00   0.0000e+00   0.0000e+00   2.8764e+02
20260820_13:00:00   1.6456e-01   4.5602e+01   3.2976e+00   0.0000e+00   0.0000e+00   2.8556e+02
20260820_14:00:00   1.5703e-01   4.3854e+01   3.1749e+00   0.0000e+00   0.0000e+00   2.8444e+02
20260820_15:00:00   1.5367e-01   4.3055e+01   3.1297e+00   0.0000e+00   0.0000e+00   2.8475e+02
20260820_16:00:00   1.4973e-01   4.2157e+01   3.0506e+00   0.0000e+00   0.0000e+00   2.8474e+02
20260820_17:00:00   1.5467e-01   4.3274e+01   3.1687e+00   0.0000e+00   0.0000e+00   2.8303e+02
20260820_18:00:00   1.6139e-01   4.4731e+01   3.3467e+00   0.0000e+00   1.9798e-04   2.8050e+02
20260820_19:00:00   1.7343e-01   4.7290e+01   3.6477e+00   0.0000e+00   5.8060e-03   2.8004e+02
20260820_20:00:00   1.7789e-01   4.8187e+01   3.7821e+00   0.0000e+00   6.6072e-03   2.7920e+02
20260820_21:00:00   1.8992e-01   5.0679e+01   4.0912e+00   0.0000e+00   1.4048e-02   2.7939e+02
20260820_22:00:00   2.0085e-01   5.2902e+01   4.3646e+00   0.0000e+00   1.1000e-02   2.8022e+02
20260820_23:00:00   1.6640e-01   4.5697e+01   3.5213e+00   0.0000e+00   0.0000e+00   2.8339e+02
20260821_00:00:00   1.5376e-01   4.3006e+01   3.1972e+00   0.0000e+00   1.3182e-05   2.8461e+02
20260821_01:00:00   1.3500e-01   3.8804e+01   2.7414e+00   0.0000e+00   0.0000e+00   2.8445e+02
20260821_02:00:00   1.2641e-01   3.6867e+01   2.5276e+00   0.0000e+00   0.0000e+00   2.8500e+02
20260821_03:00:00   1.2123e-01   3.5657e+01   2.4067e+00   0.0000e+00   0.0000e+00   2.8507e+02
20260821_04:00:00   1.1608e-01   3.4462e+01   2.2800e+00   0.0000e+00   0.0000e+00   2.8572e+02
20260821_05:00:00   1.1392e-01   3.3945e+01   2.2274e+00   0.0000e+00   0.0000e+00   2.8582e+02
20260821_06:00:00   1.1350e-01   3.3825e+01   2.2268e+00   0.0000e+00   0.0000e+00   2.8561e+02
20260821_07:00:00   1.1430e-01   3.3989e+01   2.2518e+00   0.0000e+00   0.0000e+00   2.8432e+02
20260821_08:00:00   1.1155e-01   3.3349e+01   2.1857e+00   0.0000e+00   0.0000e+00   2.8187e+02
20260821_09:00:00   1.1196e-01   3.3379e+01   2.2145e+00   0.0000e+00   0.0000e+00   2.8112e+02
20260821_10:00:00   1.1471e-01   3.3907e+01   2.3059e+00   0.0000e+00   0.0000e+00   2.8158e+02
20260821_11:00:00   1.1448e-01   3.3778e+01   2.3157e+00   0.0000e+00   0.0000e+00   2.8164e+02
20260821_12:00:00   1.1426e-01   3.3700e+01   2.3170e+00   0.0000e+00   0.0000e+00   2.8379e+02
20260821_13:00:00   1.1504e-01   3.3904e+01   2.3337e+00   0.0000e+00   0.0000e+00   2.8365e+02
20260821_14:00:00   1.1463e-01   3.3731e+01   2.3448e+00   0.0000e+00   0.0000e+00   2.8110e+02
20260821_15:00:00   1.1527e-01   3.3898e+01   2.3622e+00   0.0000e+00   1.0522e-04   2.7871e+02
20260821_16:00:00   1.2029e-01   3.5141e+01   2.4771e+00   0.0000e+00   6.7200e-07   2.7934e+02
20260821_17:00:00   1.2941e-01   3.7293e+01   2.6978e+00   0.0000e+00   0.0000e+00   2.7917e+02
20260821_18:00:00   1.3447e-01   3.8563e+01   2.8055e+00   0.0000e+00   1.3182e-05   2.7956e+02
20260821_19:00:00   1.3619e-01   3.9086e+01   2.8272e+00   0.0000e+00   1.3182e-05   2.7896e+02
20260821_20:00:00   1.3732e-01   3.9400e+01   2.8444e+00   0.0000e+00   6.7130e-05   2.7774e+02
20260821_21:00:00   1.3645e-01   3.9325e+01   2.7971e+00   0.0000e+00   1.6121e-04   2.7736e+02
20260821_22:00:00   1.3478e-01   3.9005e+01   2.7376e+00   0.0000e+00   4.5396e-04   2.7838e+02
20260821_23:00:00   1.3049e-01   3.7970e+01   2.6353e+00   0.0000e+00   2.2072e-03   2.7849e+02
20260822_00:00:00   1.2304e-01   3.6267e+01   2.4482e+00   0.0000e+00   1.2314e-03   2.7842e+02
20260822_01:00:00   1.1911e-01   3.5312e+01   2.3619e+00   0.0000e+00   1.4380e-03   2.7740e+02
20260822_02:00:00   1.1815e-01   3.5044e+01   2.3474e+00   0.0000e+00   5.2450e-04   2.7791e+02
20260822_03:00:00   1.1659e-01   3.4625e+01   2.3223e+00   0.0000e+00   3.1160e-04   2.7932e+02
20260822_04:00:00   1.1746e-01   3.4757e+01   2.3619e+00   0.0000e+00   3.1840e-04   2.7981e+02
20260822_05:00:00   1.2030e-01   3.5375e+01   2.4396e+00   0.0000e+00   3.9180e-04   2.8075e+02
20260822_06:00:00   1.2546e-01   3.6544e+01   2.5717e+00   0.0000e+00   6.6180e-04   2.8038e+02
20260822_07:00:00   1.3041e-01   3.7659e+01   2.6980e+00   0.0000e+00   0.0000e+00   2.8003e+02
20260822_08:00:00   1.3723e-01   3.9245e+01   2.8547e+00   0.0000e+00   1.3182e-05   2.7890e+02
20260822_09:00:00   1.4503e-01   4.1046e+01   3.0351e+00   0.0000e+00   0.0000e+00   2.7858e+02
20260822_10:00:00   1.5229e-01   4.2718e+01   3.1999e+00   0.0000e+00   0.0000e+00   2.7792e+02
20260822_11:00:00   1.6214e-01   4.4965e+01   3.4185e+00   0.0000e+00   0.0000e+00   2.7498e+02
20260822_12:00:00   1.7076e-01   4.6937e+01   3.6044e+00   0.0000e+00   0.0000e+00   2.7354e+02
20260822_13:00:00   1.7750e-01   4.8467e+01   3.7460e+00   0.0000e+00   0.0000e+00   2.7173e+02
20260822_14:00:00   1.7988e-01   4.9000e+01   3.7934e+00   0.0000e+00   0.0000e+00   2.7174e+02
20260822_15:00:00   1.7868e-01   4.8748e+01   3.7650e+00   0.0000e+00   0.0000e+00   2.7238e+02
20260822_16:00:00   1.7657e-01   4.8297e+01   3.7140e+00   0.0000e+00   0.0000e+00   2.7150e+02
20260822_17:00:00   1.7332e-01   4.7585e+01   3.6390e+00   0.0000e+00   0.0000e+00   2.7285e+02
20260822_18:00:00   1.7537e-01   4.8047e+01   3.6817e+00   0.0000e+00   0.0000e+00   2.7166e+02
20260822_19:00:00   1.7871e-01   4.8829e+01   3.7449e+00   0.0000e+00   0.0000e+00   2.7059e+02
20260822_20:00:00   1.8296e-01   4.9808e+01   3.8329e+00   0.0000e+00   0.0000e+00   2.7021e+02
20260822_21:00:00   1.8802e-01   5.0960e+01   3.9307e+00   0.0000e+00   0.0000e+00   2.7005e+02
20260822_22:00:00   1.9417e-01   5.2415e+01   4.0414e+00   0.0000e+00   0.0000e+00   2.7163e+02
20260822_23:00:00   1.9800e-01   5.3307e+01   4.1080e+00   0.0000e+00   0.0000e+00   2.7429e+02
20260823_00:00:00   2.0385e-01   5.4619e+01   4.2236e+00   0.0000e+00   0.0000e+00   2.7394e+02
20260823_03:00:00   2.0766e-01   5.5485e+01   4.2700e+00   0.0000e+00   0.0000e+00   2.7242e+02
20260823_06:00:00   1.9948e-01   5.3638e+01   4.0809e+00   0.0000e+00   0.0000e+00   2.7233e+02
20260823_09:00:00   1.9578e-01   5.2686e+01   3.9965e+00   0.0000e+00   0.0000e+00   2.7095e+02
20260823_12:00:00   1.9961e-01   5.3589e+01   4.0477e+00   0.0000e+00   0.0000e+00   2.7577e+02
20260823_15:00:00   2.2052e-01   5.8260e+01   4.4790e+00   0.0000e+00   0.0000e+00   2.7555e+02
20260823_18:00:00   2.3559e-01   6.1716e+01   4.7914e+00   0.0000e+00   0.0000e+00   2.7543e+02
20260823_21:00:00   2.2355e-01   5.9341e+01   4.4876e+00   0.0000e+00   0.0000e+00   2.7467e+02
20260824_00:00:00   2.0159e-01   5.4613e+01   3.9876e+00   0.0000e+00   0.0000e+00   2.7200e+02
20260824_03:00:00   2.1119e-01   5.6519e+01   4.2664e+00   0.0000e+00   3.9600e-05   2.7135e+02
20260824_06:00:00   2.8210e-01   7.1317e+01   5.6763e+00   0.0000e+00   2.7984e-05   2.6847e+02
20260824_09:00:00   2.9965e-01   7.4698e+01   6.0257e+00   0.0000e+00   2.2038e-05   2.6763e+02
20260824_12:00:00   2.6993e-01   6.8616e+01   5.4965e+00   0.0000e+00   1.4520e-03   2.6886e+02
20260824_15:00:00   2.8783e-01   7.2276e+01   5.8693e+00   0.0000e+00   3.7894e-03   2.7040e+02
20260824_18:00:00   2.8589e-01   7.1865e+01   5.8555e+00   0.0000e+00   7.5261e-04   2.6426e+02
20260824_21:00:00   3.2673e-01   7.9446e+01   6.8029e+00   0.0000e+00   3.4324e-02   2.6112e+02
20260825_00:00:00   4.1144e-01   9.5250e+01   8.4312e+00   0.0000e+00   2.5558e-03   2.6506e+02
20260825_03:00:00   4.1550e-01   9.6417e+01   8.3560e+00   0.0000e+00   2.1944e-03   2.6591e+02
20260825_06:00:00   4.0798e-01   9.4969e+01   8.2295e+00   0.0000e+00   1.4247e-02   2.6434e+02
20260825_09:00:00   4.2171e-01   9.7440e+01   8.4445e+00   0.0000e+00   1.8697e-02   2.6145e+02
20260825_12:00:00   4.5031e-01   1.0231e+02   9.0507e+00   0.0000e+00   8.6847e-04   2.5861e+02
20260825_15:00:00   4.4888e-01   1.0187e+02   9.1985e+00   0.0000e+00   2.7169e-03   2.5653e+02
20260825_18:00:00   4.0121e-01   9.3859e+01   8.1961e+00   0.0000e+00   3.4294e-03   2.5556e+02
20260825_21:00:00   3.9422e-01   9.2803e+01   7.9909e+00   0.0000e+00   3.5973e-03   2.5534e+02
20260826_00:00:00   3.5942e-01   8.6299e+01   7.3764e+00   0.0000e+00   3.2273e-03   2.5129e+02
20260826_03:00:00   3.4314e-01   8.3273e+01   7.1091e+00   0.0000e+00   3.4433e-03   2.5221e+02
20260826_06:00:00   3.1271e-01   7.7282e+01   6.5418e+00   0.0000e+00   3.9862e-03   2.4890e+02
20260826_09:00:00   2.9089e-01   7.2875e+01   6.1107e+00   0.0000e+00   2.7420e-03   2.4951e+02
20260826_12:00:00   2.8361e-01   7.1390e+01   5.9491e+00   0.0000e+00   2.9000e-03   2.4750e+02
20260826_15:00:00   2.7540e-01   6.9777e+01   5.7919e+00   0.0000e+00   3.6580e-03   2.4593e+02
20260826_18:00:00   2.8174e-01   7.1035e+01   5.9419e+00   0.0000e+00   4.7776e-05   2.4794e+02
20260826_21:00:00   2.9823e-01   7.4333e+01   6.2794e+00   0.0000e+00   4.3697e-03   2.5018e+02
20260827_00:00:00   3.0061e-01   7.4879e+01   6.2773e+00   0.0000e+00   3.2643e-04   2.4918e+02
20260827_03:00:00   3.0970e-01   7.6805e+01   6.3692e+00   0.0000e+00   0.0000e+00   2.5116e+02
20260827_06:00:00   3.3915e-01   8.2469e+01   6.8933e+00   0.0000e+00   0.0000e+00   2.5577e+02
20260827_09:00:00   3.6729e-01   8.7749e+01   7.3872e+00   0.0000e+00   1.3950e-03   2.6179e+02
20260827_12:00:00   3.8410e-01   9.0873e+01   7.6373e+00   0.0000e+00   3.0902e-03   2.6775e+02
20260827_15:00:00   4.1092e-01   9.5726e+01   8.0466e+00   0.0000e+00   9.4890e-03   2.7347e+02
20260827_18:00:00   4.1619e-01   9.6797e+01   8.0314e+00   0.0000e+00   8.3520e-03   2.7362e+02
20260827_21:00:00   4.2310e-01   9.8016e+01   8.1286e+00   0.0000e+00   1.1296e-02   2.7268e+02
20260828_00:00:00   4.5061e-01   1.0242e+02   8.7406e+00   0.0000e+00   3.9130e-03   2.7524e+02
20260828_03:00:00   4.1256e-01   9.5713e+01   7.9298e+00   0.0000e+00   4.1003e-03   2.8010e+02
20260828_06:00:00   3.8639e-01   9.0708e+01   7.4876e+00   0.0000e+00   2.9700e-03   2.8023e+02
20260828_09:00:00   3.2018e-01   7.8162e+01   6.2091e+00   0.0000e+00   3.2240e-03   2.7911e+02
20260828_12:00:00   2.5602e-01   6.5093e+01   5.0470e+00   0.0000e+00   1.8278e-03   2.7948e+02
20260828_15:00:00   2.3713e-01   6.1057e+01   4.7715e+00   0.0000e+00   2.7383e-03   2.7801e+02
20260828_18:00:00   2.8155e-01   7.0149e+01   5.6263e+00   5.7440e-06   2.2749e-03   2.7467e+02
20260828_21:00:00   2.7688e-01   6.8892e+01   5.6303e+00   0.0000e+00   9.9990e-04   2.7729e+02
20260829_00:00:00   2.2365e-01   5.7685e+01   4.6677e+00   0.0000e+00   5.6717e-04   2.7869e+02
20260829_03:00:00   1.9109e-01   5.0312e+01   4.0764e+00   1.3440e-07   5.9102e-03   2.7539e+02
20260829_06:00:00   2.0887e-01   5.3804e+01   4.5142e+00   0.0000e+00   9.1777e-02   2.7594e+02
20260829_09:00:00   2.0641e-01   5.3389e+01   4.4579e+00   0.0000e+00   6.6343e-02   2.7609e+02
20260829_12:00:00   2.1075e-01   5.4314e+01   4.5093e+00   0.0000e+00   1.4183e-01   2.7839e+02
20260829_15:00:00   2.0109e-01   5.2254e+01   4.3373e+00   9.4080e-07   5.3414e-02   2.8020e+02
20260829_18:00:00   2.1184e-01   5.4756e+01   4.4957e+00   0.0000e+00   1.1668e-01   2.7779e+02
20260829_21:00:00   2.0016e-01   5.2147e+01   4.2807e+00   0.0000e+00   6.4368e-02   2.7456e+02
20260830_00:00:00   2.0173e-01   5.2363e+01   4.3017e+00   0.0000e+00   7.8304e-02   2.7283e+02
20260830_03:00:00   2.0272e-01   5.2380e+01   4.3178e+00   0.0000e+00   1.0055e-01   2.7222e+02
20260830_06:00:00   2.3177e-01   5.8526e+01   4.8811e+00   0.0000e+00   1.3151e-01   2.7133e+02
20260830_09:00:00   2.6574e-01   6.5283e+01   5.5252e+00   0.0000e+00   2.0851e-01   2.7207e+02
20260830_12:00:00   3.1324e-01   7.4303e+01   6.3643e+00   0.0000e+00   3.7609e-01   2.7261e+02
20260830_15:00:00   2.7829e-01   6.7915e+01   5.7291e+00   0.0000e+00   1.2393e-01   2.7362e+02
20260830_18:00:00   2.5610e-01   6.3494e+01   5.2539e+00   0.0000e+00   1.1619e-01   2.7487e+02
20260830_21:00:00   2.3586e-01   5.9406e+01   4.7992e+00   0.0000e+00   1.1450e-01   2.7220e+02
20260831_00:00:00   2.4616e-01   6.1530e+01   5.0006e+00   0.0000e+00   1.3694e-01   2.7172e+02
20260831_03:00:00   2.5484e-01   6.3310e+01   5.1541e+00   0.0000e+00   1.3148e-01   2.7259e+02
20260831_06:00:00   2.4009e-01   6.0559e+01   4.7586e+00   4.9780e-06   8.1652e-02   2.7302e+02
20260831_09:00:00   1.9667e-01   5.1956e+01   3.6995e+00   0.0000e+00   2.3120e-06   2.7602e+02
20260831_12:00:00   1.7664e-01   4.7711e+01   3.2239e+00   0.0000e+00   0.0000e+00   2.7974e+02
20260831_15:00:00   1.7648e-01   4.7971e+01   3.1129e+00   0.0000e+00   0.0000e+00   2.8379e+02
20260831_18:00:00   2.3242e-01   6.0134e+01   4.0516e+00   0.0000e+00   0.0000e+00   2.8782e+02
20260831_21:00:00   2.8719e-01   7.1318e+01   4.9516e+00   0.0000e+00   2.6938e-03   2.9397e+02
20260901_00:00:00   3.0646e-01   7.5327e+01   5.1454e+00   2.0040e-05   7.6940e-04   2.9585e+02
20260901_03:00:00   2.8962e-01   7.2015e+01   4.8263e+00   0.0000e+00   1.5864e-04   2.9449e+02
20260901_06:00:00   2.4711e-01   6.3289e+01   4.0920e+00   0.0000e+00   0.0000e+00   3.0197e+02
20260901_09:00:00   2.8572e-01   7.1114e+01   3.4714e+00   2.8810e-02   7.7340e-07   3.0975e+02
20260901_12:00:00   4.7299e-01   1.0536e+02   2.6243e+00   1.2661e-01   8.6475e-05   3.1242e+02
20260901_15:00:00   4.3259e-01   9.8306e+01   2.4915e+00   1.1256e-01   1.4856e-04   3.0852e+02
20260901_18:00:00   5.7532e-01   1.2016e+02   3.2745e+00   1.5452e-01   5.7105e-03   3.0042e+02
20260901_21:00:00   2.4287e-01   6.1381e+01   3.4805e+00   7.0346e-03   7.6254e-03   3.0081e+02
20260902_00:00:00   2.2405e-01   5.7508e+01   3.0503e+00   1.0623e-02   1.3502e-03   3.1900e+02
20260902_03:00:00   2.4743e-01   6.2230e+01   3.2899e+00   1.5171e-02   1.9393e-03   3.2958e+02
20260902_06:00:00   2.8514e-01   6.9493e+01   4.2197e+00   8.1955e-03   6.0063e-03   3.3571e+02
20260902_09:00:00   2.0473e-01   5.3187e+01   3.3814e+00   0.0000e+00   0.0000e+00   3.4412e+02
20260902_12:00:00   1.1430e-01   3.2941e+01   1.9305e+00   0.0000e+00   0.0000e+00   3.4205e+02
20260902_15:00:00   1.1339e-01   3.2877e+01   1.9162e+00   0.0000e+00   0.0000e+00   3.4071e+02
20260902_18:00:00   1.3490e-01   3.8186e+01   2.2896e+00   0.0000e+00   0.0000e+00   3.1993e+02
20260902_21:00:00   1.4076e-01   3.9495e+01   2.4703e+00   0.0000e+00   0.0000e+00   3.1142e+02
20260903_00:00:00   1.4323e-01   4.0208e+01   2.5491e+00   0.0000e+00   0.0000e+00   3.0918e+02
