#            date       tau255        Tb[K]      pwv[mm] lwp[kg*m^-2] iwp[kg*m^-2]       o3[DU]
20260927_06:00:00   3.6066e-01   8.5546e+01   7.8043e+00   0.0000e+00   1.4216e-01   2.6911e+02
20260927_07:00:00   3.5622e-01   8.4852e+01   7.7043e+00   0.0000e+00   5.9026e-02   2.7180e+02
20260927_08:00:00   3.6357e-01   8.6109e+01   7.8315e+00   0.0000e+00   1.0216e-01   2.7376e+02
20260927_09:00:00   3.7282e-01   8.7754e+01   7.9886e+00   0.0000e+00   1.4496e-01   2.7473e+02
20260927_10:00:00   3.7471e-01   8.8207e+01   8.0055e+00   0.0000e+00   1.0536e-01   2.7710e+02
20260927_11:00:00   3.9037e-01   9.1003e+01   8.3096e+00   0.0000e+00   1.0372e-01   2.7914e+02
20260927_12:00:00   3.9954e-01   9.2862e+01   8.4645e+00   0.0000e+00   5.6031e-02   2.7931e+02
20260927_13:00:00   4.0810e-01   9.4550e+01   8.5925e+00   0.0000e+00   1.5002e-02   2.7847e+02
20260927_14:00:00   4.1415e-01   9.5656e+01   8.6943e+00   0.0000e+00   1.3825e-02   2.7949e+02
20260927_15:00:00   4.0916e-01   9.4997e+01   8.5558e+00   0.0000e+00   3.4755e-04   2.7965e+02
20260927_16:00:00   4.0715e-01   9.4760e+01   8.4989e+00   0.0000e+00   1.6449e-04   2.8027e+02
20260927_17:00:00   4.0921e-01   9.5257e+01   8.5108e+00   0.0000e+00   6.9610e-05   2.8146e+02
20260927_18:00:00   4.2125e-01   9.7561e+01   8.7159e+00   0.0000e+00   1.4783e-05   2.8239e+02
20260927_19:00:00   4.2688e-01   9.8505e+01   8.8438e+00   0.0000e+00   2.0423e-05   2.8340e+02
20260927_20:00:00   4.1738e-01   9.6940e+01   8.6347e+00   0.0000e+00   7.4306e-05   2.8261e+02
20260927_21:00:00   3.8937e-01   9.2066e+01   8.0575e+00   0.0000e+00   2.7296e-04   2.8149e+02
20260927_22:00:00   3.6018e-01   8.6762e+01   7.4726e+00   0.0000e+00   6.7325e-04   2.8100e+02
20260927_23:00:00   3.3229e-01   8.1619e+01   6.8564e+00   0.0000e+00   1.4242e-03   2.8146e+02
20260928_00:00:00   3.2550e-01   8.0578e+01   6.6199e+00   0.0000e+00   1.9308e-03   2.8319e+02
20260928_01:00:00   3.2663e-01   8.0858e+01   6.6289e+00   0.0000e+00   2.3459e-03   2.8434e+02
20260928_02:00:00   3.2182e-01   7.9960e+01   6.5144e+00   0.0000e+00   1.6873e-03   2.8409e+02
20260928_03:00:00   3.0633e-01   7.6983e+01   6.1666e+00   0.0000e+00   2.3120e-04   2.8444e+02
20260928_04:00:00   3.1361e-01   7.8231e+01   6.3782e+00   0.0000e+00   2.6941e-03   2.8439e+02
20260928_05:00:00   3.1833e-01   7.9044e+01   6.4797e+00   0.0000e+00   6.8062e-04   2.8415e+02
20260928_06:00:00   3.1866e-01   7.8896e+01   6.5130e+00   0.0000e+00   9.1953e-03   2.8407e+02
20260928_07:00:00   3.1937e-01   7.8663e+01   6.5994e+00   0.0000e+00   1.1039e-02   2.8263e+02
20260928_08:00:00   3.1913e-01   7.8244e+01   6.6438e+00   0.0000e+00   4.6236e-02   2.8204e+02
20260928_09:00:00   3.0175e-01   7.4623e+01   6.2937e+00   0.0000e+00   6.9483e-02   2.8299e+02
20260928_10:00:00   3.0053e-01   7.4256e+01   6.2497e+00   0.0000e+00   8.5696e-02   2.8341e+02
20260928_11:00:00   3.0905e-01   7.5930e+01   6.3805e+00   0.0000e+00   7.7958e-02   2.8227e+02
20260928_12:00:00   3.0053e-01   7.4314e+01   6.1860e+00   0.0000e+00   3.6938e-02   2.8129e+02
20260928_13:00:00   2.9761e-01   7.3871e+01   6.0549e+00   0.0000e+00   3.5135e-02   2.8055e+02
20260928_14:00:00   3.0118e-01   7.4738e+01   6.0516e+00   0.0000e+00   2.5066e-02   2.8074e+02
20260928_15:00:00   3.0972e-01   7.6442e+01   6.1832e+00   0.0000e+00   2.4303e-02   2.8171e+02
20260928_16:00:00   3.3906e-01   8.2292e+01   6.6461e+00   0.0000e+00   4.3249e-03   2.8450e+02
20260928_17:00:00   3.5290e-01   8.4986e+01   6.8353e+00   3.7000e-06   1.6390e-03   2.8564e+02
20260928_18:00:00   3.3476e-01   8.1564e+01   6.5032e+00   0.0000e+00   2.6903e-03   2.8606e+02
20260928_19:00:00   3.4587e-01   8.3599e+01   6.7272e+00   0.0000e+00   2.6640e-03   2.8623e+02
20260928_20:00:00   3.6627e-01   8.7438e+01   7.0324e+00   0.0000e+00   2.0364e-03   2.8676e+02
20260928_21:00:00   3.3568e-01   8.1707e+01   6.4274e+00   0.0000e+00   0.0000e+00   2.8658e+02
20260928_22:00:00   3.4093e-01   8.2667e+01   6.4714e+00   0.0000e+00   3.3139e-04   2.8843e+02
20260928_23:00:00   3.0964e-01   7.6507e+01   5.9277e+00   0.0000e+00   1.7576e-04   2.8958e+02
20260929_00:00:00   2.7954e-01   7.0654e+01   5.3043e+00   0.0000e+00   0.0000e+00   2.9263e+02
20260929_01:00:00   2.6970e-01   6.8665e+01   5.0998e+00   0.0000e+00   1.4604e-04   2.9340e+02
20260929_02:00:00   2.2232e-01   5.8838e+01   4.1695e+00   0.0000e+00   0.0000e+00   2.9598e+02
20260929_03:00:00   1.7291e-01   4.7973e+01   3.1940e+00   0.0000e+00   1.3876e-05   2.9821e+02
20260929_04:00:00   1.5143e-01   4.3092e+01   2.7429e+00   0.0000e+00   5.0880e-05   2.9925e+02
20260929_05:00:00   1.4203e-01   4.0845e+01   2.5640e+00   0.0000e+00   5.4820e-05   3.0004e+02
20260929_06:00:00   1.3041e-01   3.8064e+01   2.3444e+00   0.0000e+00   0.0000e+00   3.0028e+02
20260929_07:00:00   1.4066e-01   4.0489e+01   2.5537e+00   0.0000e+00   0.0000e+00   2.9813e+02
20260929_08:00:00   1.5079e-01   4.2808e+01   2.7750e+00   0.0000e+00   0.0000e+00   2.9818e+02
20260929_09:00:00   1.6785e-01   4.6596e+01   3.1590e+00   0.0000e+00   0.0000e+00   2.9751e+02
20260929_10:00:00   1.5667e-01   4.3994e+01   2.9596e+00   0.0000e+00   3.8300e-06   2.9640e+02
20260929_11:00:00   1.5356e-01   4.3250e+01   2.9120e+00   0.0000e+00   2.8539e-04   2.9606e+02
20260929_12:00:00   1.7480e-01   4.8155e+01   3.3285e+00   0.0000e+00   2.3006e-05   2.9685e+02
20260929_13:00:00   1.8792e-01   5.0925e+01   3.6517e+00   0.0000e+00   2.3020e-04   2.9776e+02
20260929_14:00:00   1.8590e-01   5.0466e+01   3.6391e+00   0.0000e+00   1.0278e-03   2.9850e+02
20260929_15:00:00   2.0377e-01   5.4510e+01   3.9901e+00   0.0000e+00   1.9789e-03   2.9689e+02
20260929_16:00:00   2.1863e-01   5.7989e+01   4.2408e+00   0.0000e+00   2.1962e-03   2.9638e+02
20260929_17:00:00   2.4625e-01   6.4016e+01   4.7494e+00   0.0000e+00   1.5092e-03   2.9734e+02
20260929_18:00:00   2.5022e-01   6.4887e+01   4.8227e+00   0.0000e+00   3.1128e-03   2.9603e+02
20260929_19:00:00   2.6855e-01   6.8872e+01   5.0593e+00   0.0000e+00   2.0328e-04   2.9475e+02
20260929_20:00:00   2.8298e-01   7.1819e+01   5.2743e+00   0.0000e+00   3.1530e-03   2.9386e+02
20260929_21:00:00   3.0226e-01   7.5647e+01   5.5779e+00   0.0000e+00   1.2565e-03   2.9490e+02
20260929_22:00:00   2.9052e-01   7.3204e+01   5.3776e+00   0.0000e+00   1.5550e-02   2.9484e+02
20260929_23:00:00   2.8330e-01   7.1425e+01   5.2821e+00   0.0000e+00   1.0710e-01   2.9516e+02
20260930_00:00:00   2.5169e-01   6.4688e+01   4.7733e+00   0.0000e+00   1.0701e-01   2.9530e+02
20260930_01:00:00   2.4068e-01   6.2150e+01   4.6741e+00   0.0000e+00   5.2267e-02   2.9507e+02
20260930_02:00:00   2.7270e-01   6.8202e+01   5.4376e+00   0.0000e+00   6.9205e-02   2.9642e+02
20260930_03:00:00   2.8138e-01   6.9489e+01   5.6322e+00   0.0000e+00   1.6303e-01   2.9797e+02
20260930_04:00:00   3.0373e-01   7.3817e+01   6.1016e+00   0.0000e+00   1.0566e-01   3.0133e+02
20260930_05:00:00   2.7347e-01   6.8275e+01   5.4776e+00   0.0000e+00   6.8083e-04   3.0525e+02
20260930_06:00:00   2.5845e-01   6.5281e+01   5.1543e+00   0.0000e+00   3.5022e-04   3.0350e+02
20260930_07:00:00   2.4868e-01   6.3255e+01   5.0146e+00   0.0000e+00   2.4864e-04   3.0147e+02
20260930_08:00:00   2.7122e-01   6.7859e+01   5.4576e+00   0.0000e+00   2.4338e-03   3.0285e+02
20260930_09:00:00   2.7461e-01   6.8300e+01   5.5981e+00   0.0000e+00   1.5322e-02   3.0376e+02
20260930_10:00:00   2.7884e-01   6.9240e+01   5.6868e+00   0.0000e+00   3.2419e-03   2.9810e+02
20260930_11:00:00   2.8622e-01   7.0849e+01   5.8426e+00   0.0000e+00   9.9057e-05   2.9591e+02
20260930_12:00:00   2.9508e-01   7.2543e+01   6.0529e+00   0.0000e+00   1.6452e-05   2.9349e+02
20260930_13:00:00   3.0002e-01   7.3397e+01   6.1794e+00   0.0000e+00   1.1052e-03   2.9316e+02
20260930_14:00:00   3.1815e-01   7.6979e+01   6.5445e+00   0.0000e+00   2.1329e-03   2.9291e+02
20260930_15:00:00   3.4235e-01   8.1774e+01   6.9857e+00   0.0000e+00   1.3923e-03   2.9348e+02
20260930_16:00:00   3.4650e-01   8.2898e+01   7.0261e+00   0.0000e+00   1.8209e-05   2.9507e+02
20260930_17:00:00   3.4735e-01   8.3389e+01   7.0397e+00   0.0000e+00   0.0000e+00   2.9504e+02
20260930_18:00:00   3.8146e-01   9.0041e+01   7.6226e+00   0.0000e+00   0.0000e+00   2.9693e+02
20260930_19:00:00   3.6604e-01   8.7528e+01   7.3299e+00   0.0000e+00   0.0000e+00   2.9769e+02
20260930_20:00:00   3.6672e-01   8.7772e+01   7.3531e+00   0.0000e+00   0.0000e+00   2.9509e+02
20260930_21:00:00   3.7414e-01   8.9169e+01   7.5123e+00   0.0000e+00   0.0000e+00   2.9362e+02
20260930_22:00:00   3.4974e-01   8.4691e+01   7.0544e+00   0.0000e+00   0.0000e+00   2.9282e+02
20260930_23:00:00   3.2897e-01   8.0793e+01   6.6390e+00   0.0000e+00   0.0000e+00   2.9190e+02
20261001_00:00:00   3.1621e-01   7.8349e+01   6.3866e+00   0.0000e+00   0.0000e+00   2.9211e+02
20261001_01:00:00   3.0643e-01   7.6499e+01   6.1886e+00   0.0000e+00   0.0000e+00   2.9126e+02
20261001_02:00:00   3.0151e-01   7.5549e+01   6.0928e+00   0.0000e+00   0.0000e+00   2.8890e+02
20261001_03:00:00   3.0070e-01   7.5339e+01   6.0974e+00   0.0000e+00   0.0000e+00   2.8812e+02
20261001_04:00:00   3.0299e-01   7.5678e+01   6.1939e+00   0.0000e+00   0.0000e+00   2.8689e+02
20261001_05:00:00   2.9732e-01   7.4582e+01   6.0716e+00   0.0000e+00   0.0000e+00   2.8609e+02
20261001_06:00:00   2.9061e-01   7.3229e+01   5.9677e+00   0.0000e+00   0.0000e+00   2.8496e+02
20261001_07:00:00   2.9926e-01   7.4928e+01   6.1564e+00   0.0000e+00   0.0000e+00   2.8485e+02
20261001_08:00:00   3.0499e-01   7.6073e+01   6.2764e+00   0.0000e+00   0.0000e+00   2.8481e+02
20261001_09:00:00   3.1244e-01   7.7493e+01   6.4447e+00   0.0000e+00   0.0000e+00   2.8475e+02
20261001_10:00:00   3.0917e-01   7.6877e+01   6.3937e+00   0.0000e+00   0.0000e+00   2.8239e+02
20261001_11:00:00   3.1370e-01   7.7748e+01   6.4906e+00   0.0000e+00   0.0000e+00   2.8061e+02
20261001_12:00:00   3.0938e-01   7.6973e+01   6.4022e+00   0.0000e+00   0.0000e+00   2.8080e+02
20261001_13:00:00   3.0684e-01   7.6552e+01   6.3334e+00   0.0000e+00   0.0000e+00   2.8011e+02
20261001_14:00:00   3.0634e-01   7.6598e+01   6.3132e+00   0.0000e+00   0.0000e+00   2.8018e+02
20261001_15:00:00   3.0945e-01   7.7368e+01   6.3603e+00   0.0000e+00   0.0000e+00   2.7958e+02
20261001_16:00:00   3.2108e-01   7.9879e+01   6.5656e+00   0.0000e+00   0.0000e+00   2.7982e+02
20261001_17:00:00   3.5310e-01   8.6254e+01   7.1560e+00   0.0000e+00   0.0000e+00   2.7903e+02
20261001_18:00:00   3.7617e-01   9.0681e+01   7.5870e+00   0.0000e+00   0.0000e+00   2.7895e+02
20261001_19:00:00   3.9794e-01   9.4730e+01   7.9944e+00   0.0000e+00   0.0000e+00   2.7956e+02
20261001_20:00:00   4.1305e-01   9.7496e+01   8.2786e+00   0.0000e+00   0.0000e+00   2.7963e+02
20261001_21:00:00   4.2256e-01   9.9281e+01   8.4609e+00   0.0000e+00   0.0000e+00   2.7871e+02
20261001_22:00:00   4.3546e-01   1.0151e+02   8.7185e+00   0.0000e+00   2.6524e-03   2.7692e+02
20261001_23:00:00   4.3144e-01   1.0078e+02   8.6670e+00   0.0000e+00   2.0543e-03   2.7569e+02
20261002_00:00:00   4.2746e-01   9.9953e+01   8.6283e+00   0.0000e+00   2.3758e-03   2.7527e+02
20261002_01:00:00   4.0673e-01   9.6169e+01   8.2678e+00   0.0000e+00   3.6635e-03   2.7596e+02
20261002_02:00:00   3.9369e-01   9.3767e+01   8.0368e+00   0.0000e+00   4.4260e-03   2.7688e+02
20261002_03:00:00   3.8850e-01   9.2728e+01   7.9490e+00   0.0000e+00   4.8142e-03   2.7888e+02
20261002_04:00:00   3.8275e-01   9.1610e+01   7.8405e+00   0.0000e+00   1.0000e-02   2.8039e+02
20261002_05:00:00   3.7759e-01   9.0574e+01   7.7394e+00   0.0000e+00   9.1118e-03   2.8177e+02
20261002_06:00:00   3.8052e-01   9.0979e+01   7.8019e+00   0.0000e+00   7.3058e-03   2.8274e+02
20261002_09:00:00   4.2757e-01   9.9039e+01   8.6087e+00   0.0000e+00   2.0770e-02   2.8989e+02
20261002_12:00:00   4.9171e-01   1.0966e+02   9.5967e+00   0.0000e+00   6.0518e-02   2.9252e+02
20261002_15:00:00   4.9180e-01   1.0870e+02   9.6755e+00   0.0000e+00   1.9088e-01   2.9636e+02
20261002_18:00:00   5.5191e-01   1.1760e+02   1.0620e+01   2.0160e-06   3.8200e-01   3.0331e+02
20261002_21:00:00   6.0382e-01   1.2535e+02   1.1307e+01   0.0000e+00   3.2860e-01   3.0992e+02
20261003_00:00:00   4.9911e-01   1.1015e+02   9.0130e+00   2.6880e-06   6.0529e-02   3.1908e+02
20261003_03:00:00   3.7489e-01   8.8848e+01   6.6028e+00   0.0000e+00   3.4881e-02   3.1716e+02
20261003_06:00:00   2.7684e-01   6.9683e+01   4.8913e+00   2.3890e-05   5.5339e-03   3.2073e+02
20261003_09:00:00   2.0247e-01   5.3767e+01   3.5869e+00   0.0000e+00   6.6199e-03   3.3332e+02
20261003_12:00:00   1.7965e-01   4.8605e+01   3.1667e+00   0.0000e+00   6.5605e-03   3.3700e+02
20261003_15:00:00   2.1642e-01   5.7002e+01   3.7009e+00   0.0000e+00   0.0000e+00   3.2299e+02
20261003_18:00:00   3.1043e-01   7.6332e+01   5.2579e+00   0.0000e+00   0.0000e+00   3.2334e+02
20261003_21:00:00   2.8476e-01   7.1299e+01   4.8009e+00   0.0000e+00   2.2980e-06   3.2702e+02
20261004_00:00:00   1.7568e-01   4.8297e+01   2.8481e+00   0.0000e+00   0.0000e+00   3.3068e+02
20261004_03:00:00   1.2456e-01   3.6336e+01   1.9833e+00   0.0000e+00   0.0000e+00   3.3823e+02
20261004_06:00:00   1.0066e-01   3.0477e+01   1.5794e+00   0.0000e+00   0.0000e+00   3.4134e+02
20261004_09:00:00   9.0476e-02   2.7590e+01   1.5370e+00   0.0000e+00   0.0000e+00   3.3156e+02
20261004_12:00:00   1.0103e-01   2.9658e+01   1.9045e+00   0.0000e+00   6.7945e-03   3.2794e+02
20261004_15:00:00   1.4396e-01   3.9524e+01   2.8878e+00   0.0000e+00   9.1389e-03   3.2166e+02
20261004_18:00:00   2.1114e-01   5.4297e+01   4.2790e+00   0.0000e+00   1.0240e-01   3.2345e+02
20261004_21:00:00   2.6176e-01   6.4985e+01   5.1786e+00   0.0000e+00   2.5951e-01   3.2897e+02
20261005_00:00:00   2.4788e-01   6.1599e+01   4.9760e+00   0.0000e+00   2.8440e-01   3.2363e+02
20261005_03:00:00   2.6757e-01   6.5238e+01   5.2349e+00   0.0000e+00   5.5531e-01   3.2980e+02
20261005_06:00:00   3.3996e-01   7.9257e+01   6.5859e+00   0.0000e+00   5.7586e-01   3.2815e+02
20261005_09:00:00   3.4602e-01   8.0322e+01   6.8507e+00   7.1080e-05   2.4088e-01   3.2386e+02
20261005_12:00:00   2.9653e-01   7.1015e+01   5.9449e+00   1.4150e-04   6.6521e-02   3.2475e+02
20261005_15:00:00   3.9027e-01   8.8924e+01   7.5036e+00   3.4578e-03   2.3284e-01   3.2528e+02
20261005_18:00:00   3.6598e-01   8.4750e+01   7.2783e+00   0.0000e+00   1.8549e-01   3.2548e+02
20261005_21:00:00   4.2940e-01   9.5962e+01   8.3220e+00   0.0000e+00   4.1065e-01   3.2903e+02
20261006_00:00:00   5.7116e-01   1.1883e+02   1.0623e+01   0.0000e+00   3.1981e-01   3.2996e+02
20261006_03:00:00   5.2670e-01   1.1195e+02   9.8382e+00   0.0000e+00   5.3514e-01   3.2702e+02
20261006_06:00:00   4.6149e-01   1.0135e+02   8.6651e+00   1.3880e-05   4.9732e-01   3.2817e+02
20261006_09:00:00   5.0408e-01   1.0804e+02   9.2684e+00   0.0000e+00   4.2506e-01   3.3127e+02
20261006_12:00:00   5.8877e-01   1.2112e+02   1.0521e+01   2.7961e-03   3.8087e-01   3.3302e+02
20261006_15:00:00   6.9552e-01   1.3605e+02   1.1254e+01   1.9302e-02   5.7530e-01   3.3579e+02
20261006_18:00:00   5.6757e-01   1.1762e+02   1.0080e+01   1.4362e-05   4.9543e-01   3.3833e+02
20261006_21:00:00   5.7290e-01   1.1842e+02   1.0070e+01   0.0000e+00   6.1613e-01   3.4076e+02
20261007_00:00:00   6.0111e-01   1.2250e+02   1.0375e+01   7.2590e-04   6.8740e-01   3.4288e+02
20261007_03:00:00   4.7374e-01   1.0316e+02   8.4864e+00   2.1907e-03   1.4700e-01   3.4815e+02
20261007_06:00:00   3.1979e-01   7.6639e+01   5.6556e+00   7.7780e-04   3.7465e-02   3.4719e+02
20261007_09:00:00   3.2247e-01   7.7120e+01   5.5518e+00   7.5800e-04   4.4782e-02   3.5079e+02
20261007_12:00:00   3.8249e-01   8.8420e+01   6.2743e+00   5.3122e-03   7.9381e-03   3.5437e+02
20261007_15:00:00   3.9176e-01   9.0442e+01   6.4144e+00   5.7624e-03   7.9476e-03   3.4973e+02
20261007_18:00:00   4.1424e-01   9.4682e+01   6.8361e+00   7.1840e-03   3.2517e-02   3.4220e+02
20261007_21:00:00   3.9419e-01   9.1118e+01   6.0954e+00   2.1681e-02   9.9821e-03   3.3777e+02
20261008_00:00:00   2.4524e-01   6.2793e+01   4.3437e+00   1.2892e-04   1.0450e-03   3.3830e+02
20261008_03:00:00   2.1666e-01   5.6911e+01   3.8448e+00   0.0000e+00   0.0000e+00   3.3069e+02
20261008_06:00:00   1.7492e-01   4.7780e+01   3.1339e+00   0.0000e+00   1.2094e-03   3.1923e+02
20261008_09:00:00   1.6036e-01   4.4330e+01   2.9679e+00   0.0000e+00   4.9381e-03   3.1133e+02
20261008_12:00:00   1.5181e-01   4.2138e+01   2.9016e+00   0.0000e+00   1.5794e-02   3.1119e+02
20261008_15:00:00   1.8550e-01   4.9640e+01   3.6080e+00   0.0000e+00   7.5585e-02   3.0762e+02
20261008_18:00:00   2.5157e-01   6.3027e+01   5.0800e+00   0.0000e+00   1.9425e-01   3.0573e+02
20261008_21:00:00   2.7697e-01   6.8436e+01   5.5469e+00   0.0000e+00   2.6039e-01   3.0818e+02
20261009_00:00:00   3.6662e-01   8.5222e+01   7.2812e+00   9.3850e-05   2.6096e-01   3.0672e+02
20261009_03:00:00   3.6404e-01   8.5030e+01   7.1222e+00   0.0000e+00   3.3535e-01   3.0632e+02
20261009_06:00:00   2.9513e-01   7.2013e+01   5.8533e+00   0.0000e+00   5.9854e-02   3.1211e+02
20261009_09:00:00   3.2762e-01   7.7915e+01   6.3383e+00   0.0000e+00   2.1574e-01   3.0899e+02
20261009_12:00:00   3.1203e-01   7.5006e+01   5.8954e+00   0.0000e+00   3.2936e-01   3.1164e+02
20261009_15:00:00   3.2376e-01   7.7176e+01   6.2619e+00   1.1948e-04   1.9337e-01   3.1374e+02
20261009_18:00:00   3.2575e-01   7.7414e+01   6.2404e+00   6.5780e-05   3.6657e-01   3.0866e+02
20261009_21:00:00   3.1492e-01   7.5928e+01   6.0192e+00   5.2720e-05   7.0164e-02   3.1085e+02
20261010_00:00:00   3.3914e-01   8.0736e+01   6.4757e+00   1.2332e-04   9.8506e-03   3.1352e+02
20261010_03:00:00   3.3695e-01   8.0574e+01   6.3986e+00   0.0000e+00   4.5328e-05   3.1263e+02
20261010_06:00:00   3.1830e-01   7.7001e+01   6.0220e+00   0.0000e+00   0.0000e+00   3.1239e+02
20261010_09:00:00   2.9626e-01   7.2722e+01   5.5687e+00   0.0000e+00   0.0000e+00   3.0858e+02
20261010_12:00:00   2.5536e-01   6.4542e+01   4.8175e+00   0.0000e+00   0.0000e+00   3.1224e+02
20261010_15:00:00   2.7244e-01   6.8259e+01   5.1656e+00   0.0000e+00   1.0752e-06   3.0984e+02
20261010_18:00:00   3.1290e-01   7.6465e+01   5.9364e+00   2.1381e-04   1.0558e-03   3.0503e+02
20261010_21:00:00   2.8334e-01   7.0902e+01   5.3500e+00   0.0000e+00   8.0640e-07   3.0570e+02
20261011_00:00:00   2.7095e-01   6.8535e+01   5.0572e+00   0.0000e+00   0.0000e+00   3.0891e+02
20261011_03:00:00   2.7051e-01   6.8489e+01   5.0105e+00   0.0000e+00   0.0000e+00   3.1076e+02
20261011_06:00:00   2.5616e-01   6.5509e+01   4.7064e+00   0.0000e+00   0.0000e+00   3.1041e+02
20261011_09:00:00   2.2558e-01   5.9070e+01   4.1108e+00   0.0000e+00   0.0000e+00   3.1114e+02
20261011_12:00:00   2.1989e-01   5.7758e+01   4.0246e+00   0.0000e+00   0.0000e+00   3.1322e+02
20261011_15:00:00   2.3084e-01   6.0100e+01   4.2635e+00   0.0000e+00   0.0000e+00   3.1381e+02
20261011_18:00:00   2.2697e-01   5.9154e+01   4.3126e+00   0.0000e+00   3.6224e-03   3.1105e+02
20261011_21:00:00   2.2849e-01   5.9466e+01   4.3341e+00   0.0000e+00   8.5543e-03   3.1083e+02
20261012_00:00:00   2.5831e-01   6.5436e+01   4.9289e+00   0.0000e+00   4.5582e-02   3.1213e+02
20261012_03:00:00   3.1166e-01   7.5889e+01   5.9534e+00   0.0000e+00   1.4567e-01   3.1303e+02
20261012_06:00:00   3.4012e-01   8.1091e+01   6.5723e+00   0.0000e+00   4.3145e-02   3.1150e+02
20261012_09:00:00   3.1978e-01   7.6851e+01   6.1312e+00   0.0000e+00   2.0363e-01   3.1254e+02
20261012_12:00:00   3.4849e-01   8.2385e+01   6.6246e+00   0.0000e+00   1.6248e-01   3.1502e+02
20261012_15:00:00   3.6082e-01   8.4486e+01   6.8459e+00   5.8997e-04   1.9978e-01   3.1879e+02
20261012_18:00:00   3.9419e-01   9.0250e+01   7.3704e+00   2.9441e-03   3.2845e-01   3.2008e+02
20261012_21:00:00   4.2731e-01   9.6415e+01   7.9223e+00   5.8982e-04   1.6946e-01   3.2360e+02
20261013_00:00:00   3.7374e-01   8.7165e+01   6.9797e+00   0.0000e+00   1.4358e-01   3.3129e+02
20261013_03:00:00   3.9036e-01   8.9979e+01   7.2686e+00   0.0000e+00   1.7737e-01   3.3314e+02
20261013_06:00:00   4.3203e-01   9.7154e+01   7.9070e+00   0.0000e+00   1.4142e-01   3.3083e+02
