#            date       tau255        Tb[K]      pwv[mm] lwp[kg*m^-2] iwp[kg*m^-2]       o3[DU]
20260911_00:00:00   1.4666e+00   2.2576e+02   2.7437e+01   2.9618e-04   1.9723e-04   2.8332e+02
20260911_01:00:00   1.4199e+00   2.2273e+02   2.6705e+01   0.0000e+00   0.0000e+00   2.8332e+02
20260911_02:00:00   1.4278e+00   2.2324e+02   2.6666e+01   0.0000e+00   4.3540e-06   2.8373e+02
20260911_03:00:00   1.4530e+00   2.2452e+02   2.6841e+01   3.2860e-05   1.1262e-04   2.8495e+02
20260911_04:00:00   1.4587e+00   2.2443e+02   2.6635e+01   2.4640e-04   1.2123e-04   2.8575e+02
20260911_05:00:00   1.4651e+00   2.2438e+02   2.6224e+01   7.2800e-03   1.5631e-04   2.8708e+02
20260911_06:00:00   1.4026e+00   2.2013e+02   2.5370e+01   0.0000e+00   7.8560e-05   2.8630e+02
20260911_07:00:00   1.3787e+00   2.1825e+02   2.4940e+01   0.0000e+00   3.4924e-04   2.8653e+02
20260911_08:00:00   1.3414e+00   2.1539e+02   2.4364e+01   0.0000e+00   1.4279e-03   2.8829e+02
20260911_09:00:00   1.3074e+00   2.1271e+02   2.3811e+01   0.0000e+00   0.0000e+00   2.9091e+02
20260911_10:00:00   1.2749e+00   2.1015e+02   2.3139e+01   0.0000e+00   0.0000e+00   2.9167e+02
20260911_11:00:00   1.2470e+00   2.0791e+02   2.2490e+01   0.0000e+00   0.0000e+00   2.9307e+02
20260911_12:00:00   1.2049e+00   2.0433e+02   2.1701e+01   0.0000e+00   0.0000e+00   2.9271e+02
20260911_13:00:00   1.1483e+00   1.9937e+02   2.0705e+01   0.0000e+00   0.0000e+00   2.9188e+02
20260911_14:00:00   1.0926e+00   1.9419e+02   1.9678e+01   0.0000e+00   0.0000e+00   2.9302e+02
20260911_15:00:00   1.0412e+00   1.8945e+02   1.8857e+01   0.0000e+00   0.0000e+00   2.9225e+02
20260911_16:00:00   9.5773e-01   1.8097e+02   1.7681e+01   0.0000e+00   0.0000e+00   2.9144e+02
20260911_17:00:00   8.9528e-01   1.7411e+02   1.6820e+01   0.0000e+00   0.0000e+00   2.9136e+02
20260911_18:00:00   8.6093e-01   1.7003e+02   1.6472e+01   0.0000e+00   0.0000e+00   2.8946e+02
20260911_19:00:00   8.5769e-01   1.6957e+02   1.6659e+01   0.0000e+00   0.0000e+00   2.8770e+02
20260911_20:00:00   8.5896e-01   1.6984e+02   1.6881e+01   0.0000e+00   0.0000e+00   2.8666e+02
20260911_21:00:00   8.3442e-01   1.6698e+02   1.6599e+01   0.0000e+00   0.0000e+00   2.8696e+02
20260911_22:00:00   7.8059e-01   1.6023e+02   1.5751e+01   0.0000e+00   0.0000e+00   2.8846e+02
20260911_23:00:00   7.1683e-01   1.5161e+02   1.4621e+01   0.0000e+00   0.0000e+00   2.8840e+02
20260912_00:00:00   6.7780e-01   1.4623e+02   1.3791e+01   0.0000e+00   0.0000e+00   2.8762e+02
20260912_01:00:00   6.5082e-01   1.4248e+02   1.3117e+01   0.0000e+00   0.0000e+00   2.8743e+02
20260912_02:00:00   6.6458e-01   1.4444e+02   1.3242e+01   0.0000e+00   0.0000e+00   2.8596e+02
20260912_03:00:00   6.8730e-01   1.4734e+02   1.3550e+01   0.0000e+00   0.0000e+00   2.8436e+02
20260912_04:00:00   7.1926e-01   1.5139e+02   1.4046e+01   0.0000e+00   0.0000e+00   2.8340e+02
20260912_05:00:00   7.0977e-01   1.4951e+02   1.3855e+01   0.0000e+00   0.0000e+00   2.8181e+02
20260912_06:00:00   6.9019e-01   1.4641e+02   1.3551e+01   0.0000e+00   7.5520e-06   2.8058e+02
20260912_07:00:00   6.8009e-01   1.4463e+02   1.3386e+01   0.0000e+00   1.1514e-05   2.8075e+02
20260912_08:00:00   6.6139e-01   1.4178e+02   1.2996e+01   0.0000e+00   0.0000e+00   2.8101e+02
20260912_09:00:00   6.2301e-01   1.3609e+02   1.2229e+01   0.0000e+00   0.0000e+00   2.8277e+02
20260912_10:00:00   5.8932e-01   1.3088e+02   1.1550e+01   0.0000e+00   1.0558e-06   2.8224e+02
20260912_11:00:00   5.5682e-01   1.2569e+02   1.0904e+01   0.0000e+00   0.0000e+00   2.8205e+02
20260912_12:00:00   5.3405e-01   1.2186e+02   1.0486e+01   0.0000e+00   1.1102e-04   2.8020e+02
20260912_13:00:00   5.1798e-01   1.1900e+02   1.0231e+01   0.0000e+00   3.3220e-05   2.8009e+02
20260912_14:00:00   5.0008e-01   1.1581e+02   9.9441e+00   0.0000e+00   7.3900e-05   2.7873e+02
20260912_15:00:00   4.8908e-01   1.1402e+02   9.7362e+00   0.0000e+00   2.2902e-04   2.7806e+02
20260912_16:00:00   4.7594e-01   1.1191e+02   9.5517e+00   0.0000e+00   1.1336e-04   2.7794e+02
20260912_17:00:00   4.6220e-01   1.0969e+02   9.3622e+00   0.0000e+00   4.6160e-05   2.7860e+02
20260912_18:00:00   4.6469e-01   1.1033e+02   9.5223e+00   0.0000e+00   0.0000e+00   2.7902e+02
20260912_19:00:00   4.7345e-01   1.1191e+02   9.8872e+00   0.0000e+00   1.6786e-05   2.7906e+02
20260912_20:00:00   4.7923e-01   1.1320e+02   1.0106e+01   0.0000e+00   0.0000e+00   2.7864e+02
20260912_21:00:00   4.7079e-01   1.1193e+02   1.0013e+01   0.0000e+00   8.8740e-06   2.7846e+02
20260912_22:00:00   4.5629e-01   1.0934e+02   9.8112e+00   0.0000e+00   0.0000e+00   2.7815e+02
20260912_23:00:00   4.3678e-01   1.0574e+02   9.4488e+00   0.0000e+00   0.0000e+00   2.7838e+02
20260913_00:00:00   4.1475e-01   1.0170e+02   8.9680e+00   0.0000e+00   0.0000e+00   2.7782e+02
20260913_01:00:00   3.9931e-01   9.8855e+01   8.5742e+00   0.0000e+00   0.0000e+00   2.7739e+02
20260913_02:00:00   4.1564e-01   1.0191e+02   8.7786e+00   0.0000e+00   0.0000e+00   2.7736e+02
20260913_03:00:00   4.3040e-01   1.0448e+02   8.9047e+00   0.0000e+00   0.0000e+00   2.7668e+02
20260913_04:00:00   4.3775e-01   1.0567e+02   8.8898e+00   0.0000e+00   0.0000e+00   2.7736e+02
20260913_05:00:00   4.1671e-01   1.0158e+02   8.3911e+00   0.0000e+00   0.0000e+00   2.7800e+02
20260913_06:00:00   3.7104e-01   9.2794e+01   7.4287e+00   0.0000e+00   0.0000e+00   2.7795e+02
20260913_07:00:00   3.3554e-01   8.5597e+01   6.7024e+00   0.0000e+00   0.0000e+00   2.7812e+02
20260913_08:00:00   3.1663e-01   8.1513e+01   6.3803e+00   0.0000e+00   0.0000e+00   2.7833e+02
20260913_09:00:00   3.3787e-01   8.5476e+01   6.9453e+00   0.0000e+00   0.0000e+00   2.7761e+02
20260913_10:00:00   4.5074e-01   1.0626e+02   9.3973e+00   0.0000e+00   0.0000e+00   2.7703e+02
20260913_11:00:00   5.6961e-01   1.2588e+02   1.1792e+01   0.0000e+00   0.0000e+00   2.7659e+02
20260913_12:00:00   5.8572e-01   1.2869e+02   1.1972e+01   0.0000e+00   0.0000e+00   2.7665e+02
20260913_13:00:00   5.7341e-01   1.2711e+02   1.1542e+01   0.0000e+00   0.0000e+00   2.7640e+02
20260913_14:00:00   5.7201e-01   1.2713e+02   1.1377e+01   0.0000e+00   0.0000e+00   2.7639e+02
20260913_15:00:00   5.7623e-01   1.2811e+02   1.1403e+01   0.0000e+00   0.0000e+00   2.7700e+02
20260913_16:00:00   5.6558e-01   1.2671e+02   1.1253e+01   0.0000e+00   0.0000e+00   2.7776e+02
20260913_17:00:00   5.4748e-01   1.2415e+02   1.0945e+01   0.0000e+00   0.0000e+00   2.7839e+02
20260913_18:00:00   5.3746e-01   1.2281e+02   1.0794e+01   0.0000e+00   0.0000e+00   2.7847e+02
20260913_19:00:00   5.2760e-01   1.2127e+02   1.0733e+01   0.0000e+00   0.0000e+00   2.7889e+02
20260913_20:00:00   5.0388e-01   1.1731e+02   1.0394e+01   0.0000e+00   0.0000e+00   2.7949e+02
20260913_21:00:00   4.7658e-01   1.1249e+02   9.9968e+00   0.0000e+00   0.0000e+00   2.8140e+02
20260913_22:00:00   4.5309e-01   1.0805e+02   9.6500e+00   0.0000e+00   0.0000e+00   2.8394e+02
20260913_23:00:00   4.2690e-01   1.0324e+02   9.1310e+00   0.0000e+00   0.0000e+00   2.8552e+02
20260914_00:00:00   4.0848e-01   9.9908e+01   8.6745e+00   0.0000e+00   0.0000e+00   2.8754e+02
20260914_01:00:00   4.1012e-01   1.0019e+02   8.6603e+00   0.0000e+00   4.0917e-05   2.8949e+02
20260914_02:00:00   4.2688e-01   1.0318e+02   8.9537e+00   0.0000e+00   6.4521e-04   2.9134e+02
20260914_03:00:00   4.5228e-01   1.0732e+02   9.4973e+00   0.0000e+00   5.8624e-04   2.9228e+02
20260914_04:00:00   4.6241e-01   1.0875e+02   9.7116e+00   0.0000e+00   0.0000e+00   2.9335e+02
20260914_05:00:00   4.5212e-01   1.0678e+02   9.4603e+00   0.0000e+00   0.0000e+00   2.9318e+02
20260914_06:00:00   4.5262e-01   1.0681e+02   9.3792e+00   0.0000e+00   0.0000e+00   2.9427e+02
20260914_07:00:00   4.5034e-01   1.0624e+02   9.2676e+00   0.0000e+00   0.0000e+00   2.9521e+02
20260914_08:00:00   4.2497e-01   1.0149e+02   8.6593e+00   0.0000e+00   0.0000e+00   2.9415e+02
20260914_09:00:00   3.9958e-01   9.6577e+01   8.1062e+00   0.0000e+00   0.0000e+00   2.9244e+02
20260914_10:00:00   3.8551e-01   9.3830e+01   7.7770e+00   0.0000e+00   0.0000e+00   2.9177e+02
20260914_11:00:00   3.8843e-01   9.4176e+01   7.8384e+00   0.0000e+00   0.0000e+00   2.9166e+02
20260914_12:00:00   3.9704e-01   9.5585e+01   8.0071e+00   0.0000e+00   0.0000e+00   2.9148e+02
20260914_13:00:00   4.1566e-01   9.8760e+01   8.3985e+00   0.0000e+00   0.0000e+00   2.9224e+02
20260914_14:00:00   4.2341e-01   1.0004e+02   8.5411e+00   0.0000e+00   0.0000e+00   2.9275e+02
20260914_15:00:00   4.2851e-01   1.0107e+02   8.6462e+00   0.0000e+00   0.0000e+00   2.9337e+02
20260914_16:00:00   4.2283e-01   1.0035e+02   8.5147e+00   0.0000e+00   0.0000e+00   2.9688e+02
20260914_17:00:00   4.2734e-01   1.0133e+02   8.6718e+00   0.0000e+00   0.0000e+00   2.9930e+02
20260914_18:00:00   4.3542e-01   1.0300e+02   8.9107e+00   0.0000e+00   2.3780e-05   3.0037e+02
20260914_19:00:00   4.5636e-01   1.0690e+02   9.4586e+00   0.0000e+00   2.1320e-05   2.9967e+02
20260914_20:00:00   4.6682e-01   1.0904e+02   9.7306e+00   0.0000e+00   0.0000e+00   2.9758e+02
20260914_21:00:00   4.7239e-01   1.1024e+02   9.8989e+00   0.0000e+00   0.0000e+00   2.9704e+02
20260914_22:00:00   4.8004e-01   1.1174e+02   1.0091e+01   0.0000e+00   0.0000e+00   2.9609e+02
20260914_23:00:00   4.8935e-01   1.1342e+02   1.0301e+01   0.0000e+00   2.4500e-06   2.9569e+02
20260915_00:00:00   4.9967e-01   1.1512e+02   1.0552e+01   0.0000e+00   0.0000e+00   2.9626e+02
20260915_01:00:00   5.0841e-01   1.1661e+02   1.0671e+01   0.0000e+00   0.0000e+00   2.9912e+02
20260915_02:00:00   5.1865e-01   1.1835e+02   1.0801e+01   0.0000e+00   0.0000e+00   2.9924e+02
20260915_03:00:00   5.2831e-01   1.1999e+02   1.0869e+01   0.0000e+00   0.0000e+00   2.9841e+02
20260915_04:00:00   5.3150e-01   1.2063e+02   1.0796e+01   0.0000e+00   0.0000e+00   2.9871e+02
20260915_05:00:00   5.2632e-01   1.1993e+02   1.0601e+01   0.0000e+00   0.0000e+00   2.9830e+02
20260915_06:00:00   5.3367e-01   1.2109e+02   1.0706e+01   0.0000e+00   0.0000e+00   2.9829e+02
20260915_07:00:00   5.2344e-01   1.1940e+02   1.0436e+01   0.0000e+00   0.0000e+00   2.9969e+02
20260915_08:00:00   5.0692e-01   1.1661e+02   1.0088e+01   0.0000e+00   0.0000e+00   2.9900e+02
20260915_09:00:00   4.9102e-01   1.1381e+02   9.7746e+00   0.0000e+00   0.0000e+00   2.9735e+02
20260915_10:00:00   4.7822e-01   1.1144e+02   9.5382e+00   0.0000e+00   2.9037e-05   2.9798e+02
20260915_11:00:00   4.7145e-01   1.1007e+02   9.4008e+00   0.0000e+00   2.2736e-05   2.9909e+02
20260915_12:00:00   4.6355e-01   1.0857e+02   9.2247e+00   0.0000e+00   1.3198e-06   2.9956e+02
20260915_13:00:00   4.5282e-01   1.0657e+02   9.0088e+00   0.0000e+00   0.0000e+00   2.9949e+02
20260915_14:00:00   4.5018e-01   1.0605e+02   8.9428e+00   0.0000e+00   7.5450e-06   2.9943e+02
20260915_15:00:00   4.5403e-01   1.0674e+02   9.0145e+00   0.0000e+00   2.4761e-05   2.9880e+02
20260915_16:00:00   4.6232e-01   1.0842e+02   9.1980e+00   0.0000e+00   2.2303e-04   2.9833e+02
20260915_17:00:00   4.5964e-01   1.0833e+02   9.1596e+00   0.0000e+00   1.0160e-04   2.9805e+02
20260915_18:00:00   4.6048e-01   1.0879e+02   9.2385e+00   0.0000e+00   0.0000e+00   2.9821e+02
20260915_19:00:00   4.6345e-01   1.0942e+02   9.4166e+00   0.0000e+00   0.0000e+00   2.9876e+02
20260915_20:00:00   4.6591e-01   1.1002e+02   9.5212e+00   0.0000e+00   0.0000e+00   3.0057e+02
20260915_21:00:00   4.6022e-01   1.0897e+02   9.4962e+00   0.0000e+00   0.0000e+00   3.0095e+02
20260915_22:00:00   4.3995e-01   1.0514e+02   9.1842e+00   0.0000e+00   0.0000e+00   3.0022e+02
20260915_23:00:00   4.2207e-01   1.0169e+02   8.8780e+00   0.0000e+00   0.0000e+00   3.0043e+02
20260916_00:00:00   4.1754e-01   1.0082e+02   8.7994e+00   0.0000e+00   0.0000e+00   3.0186e+02
20260916_03:00:00   4.0542e-01   9.8601e+01   8.3433e+00   0.0000e+00   0.0000e+00   3.0000e+02
20260916_06:00:00   3.7239e-01   9.2347e+01   7.4737e+00   0.0000e+00   0.0000e+00   3.0001e+02
20260916_09:00:00   3.6284e-01   9.0167e+01   7.2190e+00   0.0000e+00   0.0000e+00   2.9897e+02
20260916_12:00:00   3.4107e-01   8.5820e+01   6.7260e+00   0.0000e+00   0.0000e+00   3.0249e+02
20260916_15:00:00   3.4051e-01   8.5772e+01   6.5713e+00   0.0000e+00   0.0000e+00   3.0874e+02
20260916_18:00:00   3.3361e-01   8.5226e+01   6.4809e+00   0.0000e+00   0.0000e+00   3.1381e+02
20260916_21:00:00   3.4052e-01   8.6931e+01   6.8290e+00   0.0000e+00   0.0000e+00   3.1081e+02
20260917_00:00:00   3.6682e-01   9.2146e+01   7.5076e+00   0.0000e+00   0.0000e+00   3.0883e+02
20260917_03:00:00   4.1684e-01   1.0172e+02   8.3127e+00   0.0000e+00   0.0000e+00   3.0743e+02
20260917_06:00:00   3.9662e-01   9.7452e+01   7.8275e+00   0.0000e+00   0.0000e+00   3.0636e+02
20260917_09:00:00   3.7872e-01   9.3726e+01   7.4212e+00   0.0000e+00   0.0000e+00   3.0248e+02
20260917_12:00:00   3.7817e-01   9.3389e+01   7.3904e+00   0.0000e+00   0.0000e+00   3.0031e+02
20260917_15:00:00   3.8067e-01   9.3831e+01   7.3756e+00   0.0000e+00   0.0000e+00   3.0056e+02
20260917_18:00:00   3.8062e-01   9.4515e+01   7.4428e+00   0.0000e+00   0.0000e+00   3.0210e+02
20260917_21:00:00   3.9731e-01   9.8233e+01   7.9693e+00   0.0000e+00   0.0000e+00   2.9985e+02
20260918_00:00:00   4.5483e-01   1.0853e+02   9.2703e+00   0.0000e+00   0.0000e+00   2.9884e+02
20260918_03:00:00   4.5532e-01   1.0830e+02   9.1765e+00   0.0000e+00   0.0000e+00   2.9889e+02
20260918_06:00:00   4.5685e-01   1.0838e+02   9.1417e+00   0.0000e+00   0.0000e+00   2.9580e+02
20260918_09:00:00   4.6754e-01   1.1012e+02   9.3238e+00   0.0000e+00   0.0000e+00   2.9471e+02
20260918_12:00:00   4.8340e-01   1.1268e+02   9.6126e+00   0.0000e+00   0.0000e+00   2.9122e+02
20260918_15:00:00   4.7066e-01   1.1036e+02   9.3325e+00   0.0000e+00   0.0000e+00   2.9005e+02
20260918_18:00:00   4.5281e-01   1.0790e+02   9.0955e+00   0.0000e+00   0.0000e+00   2.8890e+02
20260918_21:00:00   4.7725e-01   1.1219e+02   9.8961e+00   0.0000e+00   0.0000e+00   2.8565e+02
20260919_00:00:00   5.2960e-01   1.2096e+02   1.1031e+01   0.0000e+00   0.0000e+00   2.8509e+02
20260919_03:00:00   5.4768e-01   1.2384e+02   1.1202e+01   0.0000e+00   0.0000e+00   2.8418e+02
20260919_06:00:00   5.7063e-01   1.2771e+02   1.1487e+01   0.0000e+00   0.0000e+00   2.8146e+02
20260919_09:00:00   5.9639e-01   1.3156e+02   1.1959e+01   0.0000e+00   0.0000e+00   2.8108e+02
20260919_12:00:00   6.0063e-01   1.3201e+02   1.1985e+01   0.0000e+00   0.0000e+00   2.7993e+02
20260919_15:00:00   6.0112e-01   1.3209e+02   1.1871e+01   0.0000e+00   0.0000e+00   2.8261e+02
20260919_18:00:00   5.7873e-01   1.2939e+02   1.1604e+01   0.0000e+00   0.0000e+00   2.8138e+02
20260919_21:00:00   5.9634e-01   1.3209e+02   1.2254e+01   0.0000e+00   0.0000e+00   2.7886e+02
20260920_00:00:00   5.8149e-01   1.2964e+02   1.2104e+01   0.0000e+00   0.0000e+00   2.7894e+02
20260920_03:00:00   5.9624e-01   1.3180e+02   1.2157e+01   0.0000e+00   0.0000e+00   2.8045e+02
20260920_06:00:00   5.4820e-01   1.2373e+02   1.1225e+01   0.0000e+00   8.9405e-03   2.7970e+02
20260920_09:00:00   5.2265e-01   1.1911e+02   1.0742e+01   0.0000e+00   1.2728e-02   2.7799e+02
20260920_12:00:00   4.8982e-01   1.1311e+02   1.0084e+01   0.0000e+00   7.2416e-03   2.8194e+02
20260920_15:00:00   4.8597e-01   1.1229e+02   9.9490e+00   0.0000e+00   2.9587e-03   2.8519e+02
20260920_18:00:00   5.2531e-01   1.1966e+02   1.0767e+01   0.0000e+00   0.0000e+00   2.8684e+02
20260920_21:00:00   5.2505e-01   1.1965e+02   1.0967e+01   0.0000e+00   0.0000e+00   2.8527e+02
20260921_00:00:00   5.2705e-01   1.1972e+02   1.1059e+01   0.0000e+00   5.7799e-05   2.8690e+02
20260921_03:00:00   5.5855e-01   1.2464e+02   1.1443e+01   0.0000e+00   2.2903e-03   2.8350e+02
20260921_06:00:00   5.2705e-01   1.1893e+02   1.0863e+01   0.0000e+00   1.3021e-02   2.8241e+02
20260921_09:00:00   6.8124e-01   1.4163e+02   1.3770e+01   0.0000e+00   2.3842e-02   2.8902e+02
20260921_12:00:00   8.1305e-01   1.5841e+02   1.6003e+01   0.0000e+00   8.1174e-02   2.9072e+02
20260921_15:00:00   8.5395e-01   1.6323e+02   1.6224e+01   8.7020e-03   2.4850e-02   2.9048e+02
20260921_18:00:00   9.1733e-01   1.7199e+02   1.7777e+01   1.0995e-04   2.4960e-03   2.8265e+02
20260921_21:00:00   1.0506e+00   1.8692e+02   2.0004e+01   3.6518e-03   7.9973e-03   2.7946e+02
20260922_00:00:00   1.2374e+00   2.0497e+02   2.2866e+01   1.9418e-04   1.8297e-04   2.7866e+02
20260922_03:00:00   1.1617e+00   1.9857e+02   2.1407e+01   0.0000e+00   5.0857e-05   2.7706e+02
20260922_06:00:00   1.1071e+00   1.9334e+02   2.0487e+01   0.0000e+00   0.0000e+00   2.7780e+02
20260922_09:00:00   1.1205e+00   1.9453e+02   2.0429e+01   0.0000e+00   0.0000e+00   2.7501e+02
20260922_12:00:00   1.1967e+00   2.0101e+02   2.1582e+01   0.0000e+00   0.0000e+00   2.7614e+02
20260922_15:00:00   1.2868e+00   2.0821e+02   2.2865e+01   3.0899e-04   4.6480e-05   2.7349e+02
20260922_18:00:00   1.3167e+00   2.1190e+02   2.3544e+01   1.7558e-03   1.3138e-05   2.7240e+02
20260922_21:00:00   1.3522e+00   2.1517e+02   2.4121e+01   1.8072e-02   1.2432e-03   2.7418e+02
20260923_00:00:00   1.4026e+00   2.1871e+02   2.6239e+01   2.6673e-04   5.2970e-02   2.7075e+02
20260923_03:00:00   1.8376e+00   2.4121e+02   3.1062e+01   0.0000e+00   5.5238e-01   2.6917e+02
20260923_06:00:00   1.6382e+00   2.3148e+02   2.8999e+01   9.2000e-04   1.6033e-01   2.7182e+02
20260923_09:00:00   1.4808e+00   2.2274e+02   2.6320e+01   8.3780e-04   6.2244e-04   2.7495e+02
20260923_12:00:00   1.4383e+00   2.1990e+02   2.5562e+01   0.0000e+00   3.2396e-04   2.7468e+02
20260923_15:00:00   1.4545e+00   2.2108e+02   2.5390e+01   1.1022e-05   2.3525e-06   2.7429e+02
20260923_18:00:00   1.5193e+00   2.2642e+02   2.6577e+01   3.4594e-03   7.9603e-06   2.7236e+02
20260923_21:00:00   1.7175e+00   2.3782e+02   2.7288e+01   7.4415e-02   5.0206e-03   2.7135e+02
20260924_00:00:00   2.0561e+00   2.5180e+02   3.0470e+01   1.0945e-01   2.9327e-03   2.7181e+02
20260924_03:00:00   1.9149e+00   2.4630e+02   3.1356e+01   2.3565e-05   4.8640e-05   2.7307e+02
20260924_06:00:00   1.7953e+00   2.4116e+02   2.9164e+01   0.0000e+00   0.0000e+00   2.7371e+02
20260924_09:00:00   1.6711e+00   2.3506e+02   2.6914e+01   0.0000e+00   0.0000e+00   2.7517e+02
20260924_12:00:00   1.6311e+00   2.3254e+02   2.6011e+01   0.0000e+00   0.0000e+00   2.7498e+02
20260924_15:00:00   1.6110e+00   2.3138e+02   2.5508e+01   0.0000e+00   0.0000e+00   2.7359e+02
20260924_18:00:00   1.4440e+00   2.2263e+02   2.3839e+01   2.3145e-04   1.2158e-06   2.7600e+02
20260924_21:00:00   1.5216e+00   2.2746e+02   2.5456e+01   2.5773e-02   4.2153e-03   2.7488e+02
20260925_00:00:00   2.2297e+00   2.5679e+02   2.7560e+01   2.7967e-01   4.7718e-02   2.7376e+02
20260925_03:00:00   1.3373e+00   2.1436e+02   2.3631e+01   2.2042e-04   2.9396e-06   2.7655e+02
20260925_06:00:00   1.2087e+00   2.0360e+02   2.1211e+01   0.0000e+00   0.0000e+00   2.7765e+02
20260925_09:00:00   9.3956e-01   1.7707e+02   1.6614e+01   0.0000e+00   0.0000e+00   2.7774e+02
20260925_12:00:00   7.1467e-01   1.4857e+02   1.3017e+01   0.0000e+00   0.0000e+00   2.8097e+02
20260925_15:00:00   6.3488e-01   1.3661e+02   1.1812e+01   0.0000e+00   1.0388e-05   2.7944e+02
20260925_18:00:00   5.3968e-01   1.2175e+02   1.0669e+01   0.0000e+00   3.6640e-03   2.8095e+02
20260925_21:00:00   5.8820e-01   1.2923e+02   1.2001e+01   0.0000e+00   6.5152e-04   2.8184e+02
20260926_00:00:00   5.8483e-01   1.2866e+02   1.2076e+01   0.0000e+00   5.5059e-04   2.8340e+02
20260926_03:00:00   5.7072e-01   1.2639e+02   1.1458e+01   0.0000e+00   0.0000e+00   2.8281e+02
20260926_06:00:00   4.6130e-01   1.0828e+02   8.9670e+00   0.0000e+00   0.0000e+00   2.8568e+02
20260926_09:00:00   4.2402e-01   1.0145e+02   8.0727e+00   0.0000e+00   4.1559e-06   2.8684e+02
20260926_12:00:00   4.1159e-01   9.9035e+01   7.7538e+00   0.0000e+00   0.0000e+00   2.8546e+02
20260926_15:00:00   4.1956e-01   1.0010e+02   8.0284e+00   0.0000e+00   2.9973e-02   2.8432e+02
20260926_18:00:00   4.2692e-01   1.0175e+02   8.4173e+00   0.0000e+00   1.0886e-02   2.8047e+02
20260926_21:00:00   4.4611e-01   1.0560e+02   9.1120e+00   0.0000e+00   1.2008e-02   2.7841e+02
20260927_00:00:00   4.6323e-01   1.0890e+02   9.4478e+00   0.0000e+00   3.6842e-04   2.7917e+02
