#            date       tau255        Tb[K]      pwv[mm] lwp[kg*m^-2] iwp[kg*m^-2]       o3[DU]
20260903_00:00:00   6.9466e-01   1.4373e+02   1.4125e+01   0.0000e+00   8.6826e-04   3.1217e+02
20260903_01:00:00   7.1276e-01   1.4650e+02   1.4372e+01   0.0000e+00   1.7243e-03   3.1127e+02
20260903_02:00:00   7.2471e-01   1.4833e+02   1.4520e+01   0.0000e+00   3.9500e-04   3.1206e+02
20260903_03:00:00   7.3826e-01   1.5015e+02   1.4671e+01   0.0000e+00   6.7613e-04   3.1270e+02
20260903_04:00:00   7.3760e-01   1.5007e+02   1.4570e+01   0.0000e+00   1.0529e-03   3.1167e+02
20260903_05:00:00   7.2146e-01   1.4783e+02   1.4214e+01   0.0000e+00   6.8960e-04   3.0976e+02
20260903_06:00:00   7.0624e-01   1.4567e+02   1.3882e+01   0.0000e+00   1.0174e-03   3.0772e+02
20260903_07:00:00   6.9265e-01   1.4381e+02   1.3611e+01   0.0000e+00   1.1558e-03   3.0589e+02
20260903_08:00:00   6.8456e-01   1.4265e+02   1.3457e+01   0.0000e+00   4.6880e-04   3.0453e+02
20260903_09:00:00   6.8602e-01   1.4276e+02   1.3460e+01   0.0000e+00   1.2246e-06   3.0209e+02
20260903_10:00:00   6.8724e-01   1.4282e+02   1.3458e+01   0.0000e+00   0.0000e+00   2.9965e+02
20260903_11:00:00   6.8702e-01   1.4270e+02   1.3439e+01   0.0000e+00   0.0000e+00   3.0023e+02
20260903_12:00:00   6.8922e-01   1.4296e+02   1.3422e+01   0.0000e+00   0.0000e+00   3.0077e+02
20260903_13:00:00   6.8477e-01   1.4242e+02   1.3211e+01   0.0000e+00   0.0000e+00   3.0090e+02
20260903_14:00:00   6.9258e-01   1.4344e+02   1.3342e+01   0.0000e+00   0.0000e+00   3.0302e+02
20260903_15:00:00   7.0767e-01   1.4553e+02   1.3723e+01   0.0000e+00   0.0000e+00   3.0455e+02
20260903_16:00:00   7.0788e-01   1.4573e+02   1.3787e+01   0.0000e+00   0.0000e+00   3.0619e+02
20260903_17:00:00   7.1171e-01   1.4644e+02   1.3947e+01   0.0000e+00   0.0000e+00   3.0746e+02
20260903_18:00:00   7.1599e-01   1.4731e+02   1.4066e+01   0.0000e+00   0.0000e+00   3.0636e+02
20260903_19:00:00   7.2506e-01   1.4897e+02   1.4271e+01   0.0000e+00   0.0000e+00   3.0529e+02
20260903_20:00:00   7.5141e-01   1.5273e+02   1.4824e+01   0.0000e+00   0.0000e+00   3.0363e+02
20260903_21:00:00   7.4682e-01   1.5269e+02   1.4654e+01   0.0000e+00   0.0000e+00   3.0442e+02
20260903_22:00:00   7.3497e-01   1.5160e+02   1.4382e+01   0.0000e+00   0.0000e+00   3.0440e+02
20260903_23:00:00   7.4424e-01   1.5315e+02   1.4547e+01   0.0000e+00   0.0000e+00   3.0490e+02
20260904_00:00:00   7.3960e-01   1.5280e+02   1.4384e+01   0.0000e+00   0.0000e+00   3.0570e+02
20260904_01:00:00   7.3519e-01   1.5229e+02   1.4208e+01   0.0000e+00   0.0000e+00   3.0448e+02
20260904_02:00:00   7.3292e-01   1.5199e+02   1.3956e+01   0.0000e+00   0.0000e+00   3.0539e+02
20260904_03:00:00   7.2887e-01   1.5122e+02   1.3621e+01   0.0000e+00   0.0000e+00   3.0598e+02
20260904_04:00:00   7.2418e-01   1.5034e+02   1.3281e+01   0.0000e+00   0.0000e+00   3.0741e+02
20260904_05:00:00   7.0605e-01   1.4766e+02   1.2789e+01   0.0000e+00   0.0000e+00   3.0789e+02
20260904_06:00:00   6.9589e-01   1.4603e+02   1.2500e+01   0.0000e+00   0.0000e+00   3.0954e+02
20260904_07:00:00   6.7025e-01   1.4233e+02   1.1983e+01   0.0000e+00   0.0000e+00   3.1020e+02
20260904_08:00:00   6.4078e-01   1.3797e+02   1.1415e+01   0.0000e+00   0.0000e+00   3.1040e+02
20260904_09:00:00   6.1213e-01   1.3357e+02   1.0872e+01   0.0000e+00   0.0000e+00   3.1078e+02
20260904_10:00:00   5.9110e-01   1.3023e+02   1.0465e+01   0.0000e+00   0.0000e+00   3.1195e+02
20260904_11:00:00   5.8234e-01   1.2875e+02   1.0304e+01   0.0000e+00   0.0000e+00   3.1266e+02
20260904_12:00:00   5.7940e-01   1.2816e+02   1.0254e+01   0.0000e+00   0.0000e+00   3.1203e+02
20260904_13:00:00   5.8089e-01   1.2820e+02   1.0308e+01   0.0000e+00   0.0000e+00   3.1102e+02
20260904_14:00:00   5.8575e-01   1.2879e+02   1.0454e+01   0.0000e+00   0.0000e+00   3.0946e+02
20260904_15:00:00   5.8694e-01   1.2908e+02   1.0566e+01   0.0000e+00   0.0000e+00   3.0954e+02
20260904_16:00:00   5.8099e-01   1.2834e+02   1.0572e+01   0.0000e+00   0.0000e+00   3.0819e+02
20260904_17:00:00   5.6829e-01   1.2653e+02   1.0508e+01   0.0000e+00   0.0000e+00   3.0643e+02
20260904_18:00:00   5.7225e-01   1.2732e+02   1.0753e+01   0.0000e+00   0.0000e+00   3.0500e+02
20260904_19:00:00   5.8129e-01   1.2889e+02   1.1055e+01   0.0000e+00   0.0000e+00   3.0384e+02
20260904_20:00:00   5.8306e-01   1.2933e+02   1.1207e+01   0.0000e+00   0.0000e+00   3.0470e+02
20260904_21:00:00   5.7987e-01   1.2890e+02   1.1286e+01   0.0000e+00   0.0000e+00   3.0381e+02
20260904_22:00:00   5.6226e-01   1.2630e+02   1.1076e+01   0.0000e+00   0.0000e+00   3.0303e+02
20260904_23:00:00   5.3676e-01   1.2228e+02   1.0689e+01   0.0000e+00   0.0000e+00   3.0447e+02
20260905_00:00:00   5.1078e-01   1.1799e+02   1.0216e+01   0.0000e+00   0.0000e+00   3.0571e+02
20260905_01:00:00   4.9552e-01   1.1539e+02   9.8652e+00   0.0000e+00   0.0000e+00   3.0681e+02
20260905_02:00:00   5.0780e-01   1.1758e+02   9.9744e+00   0.0000e+00   0.0000e+00   3.0568e+02
20260905_03:00:00   5.4900e-01   1.2446e+02   1.0491e+01   0.0000e+00   0.0000e+00   3.0712e+02
20260905_04:00:00   5.7246e-01   1.2812e+02   1.0722e+01   0.0000e+00   0.0000e+00   3.0982e+02
20260905_05:00:00   5.6409e-01   1.2656e+02   1.0517e+01   0.0000e+00   0.0000e+00   3.1003e+02
20260905_06:00:00   5.5945e-01   1.2555e+02   1.0381e+01   0.0000e+00   0.0000e+00   3.1044e+02
20260905_07:00:00   5.6307e-01   1.2592e+02   1.0374e+01   0.0000e+00   0.0000e+00   3.1035e+02
20260905_08:00:00   5.6368e-01   1.2590e+02   1.0301e+01   0.0000e+00   0.0000e+00   3.1016e+02
20260905_09:00:00   5.6324e-01   1.2573e+02   1.0249e+01   0.0000e+00   0.0000e+00   3.0922e+02
20260905_10:00:00   5.6797e-01   1.2635e+02   1.0306e+01   0.0000e+00   0.0000e+00   3.0879e+02
20260905_11:00:00   5.6867e-01   1.2632e+02   1.0307e+01   0.0000e+00   0.0000e+00   3.0957e+02
20260905_12:00:00   5.6489e-01   1.2558e+02   1.0243e+01   0.0000e+00   0.0000e+00   3.0856e+02
20260905_13:00:00   5.5990e-01   1.2472e+02   1.0142e+01   0.0000e+00   0.0000e+00   3.0846e+02
20260905_14:00:00   5.5745e-01   1.2430e+02   1.0084e+01   0.0000e+00   0.0000e+00   3.0801e+02
20260905_15:00:00   5.5272e-01   1.2374e+02   9.9985e+00   0.0000e+00   0.0000e+00   3.0685e+02
20260905_16:00:00   5.3855e-01   1.2173e+02   9.8158e+00   0.0000e+00   0.0000e+00   3.0729e+02
20260905_17:00:00   5.2385e-01   1.1951e+02   9.6612e+00   0.0000e+00   0.0000e+00   3.0723e+02
20260905_18:00:00   5.2293e-01   1.1954e+02   9.7544e+00   0.0000e+00   0.0000e+00   3.0686e+02
20260905_19:00:00   5.2541e-01   1.2007e+02   9.9324e+00   0.0000e+00   0.0000e+00   3.0730e+02
20260905_20:00:00   5.3149e-01   1.2113e+02   1.0159e+01   0.0000e+00   0.0000e+00   3.0620e+02
20260905_21:00:00   5.1853e-01   1.1897e+02   1.0055e+01   0.0000e+00   0.0000e+00   3.0332e+02
20260905_22:00:00   5.0379e-01   1.1648e+02   9.8990e+00   0.0000e+00   0.0000e+00   3.0149e+02
20260905_23:00:00   5.0022e-01   1.1590e+02   9.8781e+00   0.0000e+00   0.0000e+00   3.0124e+02
20260906_00:00:00   4.9265e-01   1.1467e+02   9.7518e+00   0.0000e+00   0.0000e+00   2.9959e+02
20260906_01:00:00   4.7690e-01   1.1205e+02   9.4429e+00   0.0000e+00   0.0000e+00   2.9898e+02
20260906_02:00:00   4.9466e-01   1.1530e+02   9.6815e+00   0.0000e+00   0.0000e+00   2.9859e+02
20260906_03:00:00   5.2567e-01   1.2040e+02   1.0095e+01   0.0000e+00   0.0000e+00   2.9836e+02
20260906_04:00:00   5.4189e-01   1.2290e+02   1.0246e+01   0.0000e+00   0.0000e+00   2.9842e+02
20260906_05:00:00   5.0011e-01   1.1575e+02   9.4147e+00   0.0000e+00   0.0000e+00   2.9823e+02
20260906_06:00:00   4.5937e-01   1.0847e+02   8.6338e+00   0.0000e+00   0.0000e+00   2.9779e+02
20260906_07:00:00   4.2813e-01   1.0260e+02   8.0574e+00   0.0000e+00   0.0000e+00   2.9541e+02
20260906_08:00:00   3.9654e-01   9.6498e+01   7.4912e+00   0.0000e+00   0.0000e+00   2.9468e+02
20260906_09:00:00   3.8582e-01   9.4298e+01   7.2842e+00   0.0000e+00   0.0000e+00   2.9439e+02
20260906_10:00:00   3.8784e-01   9.4567e+01   7.3026e+00   0.0000e+00   0.0000e+00   2.9414e+02
20260906_11:00:00   3.8923e-01   9.4806e+01   7.3103e+00   0.0000e+00   0.0000e+00   2.9612e+02
20260906_12:00:00   3.8858e-01   9.4645e+01   7.2813e+00   0.0000e+00   0.0000e+00   2.9919e+02
20260906_13:00:00   3.9092e-01   9.5023e+01   7.3075e+00   0.0000e+00   0.0000e+00   3.0281e+02
20260906_14:00:00   3.8744e-01   9.4302e+01   7.2298e+00   0.0000e+00   0.0000e+00   3.0607e+02
20260906_15:00:00   3.9029e-01   9.4866e+01   7.3097e+00   0.0000e+00   0.0000e+00   3.0613e+02
20260906_16:00:00   3.9358e-01   9.5529e+01   7.4530e+00   0.0000e+00   0.0000e+00   3.0668e+02
20260906_17:00:00   4.0619e-01   9.7903e+01   7.8173e+00   0.0000e+00   0.0000e+00   3.0853e+02
20260906_18:00:00   4.2793e-01   1.0194e+02   8.3525e+00   0.0000e+00   0.0000e+00   3.1426e+02
20260906_19:00:00   4.3579e-01   1.0366e+02   8.5121e+00   0.0000e+00   0.0000e+00   3.2082e+02
20260906_20:00:00   4.5551e-01   1.0737e+02   8.9236e+00   0.0000e+00   0.0000e+00   3.2390e+02
20260906_21:00:00   4.5659e-01   1.0768e+02   8.9971e+00   0.0000e+00   0.0000e+00   3.3365e+02
20260906_22:00:00   4.4386e-01   1.0538e+02   8.8463e+00   0.0000e+00   0.0000e+00   3.3398e+02
20260906_23:00:00   4.0886e-01   9.8930e+01   8.2586e+00   0.0000e+00   0.0000e+00   3.1522e+02
20260907_00:00:00   3.7505e-01   9.2595e+01   7.6269e+00   0.0000e+00   0.0000e+00   3.1415e+02
20260907_01:00:00   3.7442e-01   9.2509e+01   7.6007e+00   0.0000e+00   0.0000e+00   3.1439e+02
20260907_02:00:00   3.9361e-01   9.6435e+01   7.8864e+00   0.0000e+00   0.0000e+00   3.1544e+02
20260907_03:00:00   4.1508e-01   1.0056e+02   8.1722e+00   0.0000e+00   0.0000e+00   3.1537e+02
20260907_04:00:00   4.3155e-01   1.0362e+02   8.3407e+00   0.0000e+00   0.0000e+00   3.1405e+02
20260907_05:00:00   4.2138e-01   1.0159e+02   8.0978e+00   0.0000e+00   0.0000e+00   3.1411e+02
20260907_06:00:00   3.7984e-01   9.3609e+01   7.3304e+00   0.0000e+00   0.0000e+00   3.1380e+02
20260907_07:00:00   3.4033e-01   8.5705e+01   6.6067e+00   0.0000e+00   0.0000e+00   3.1186e+02
20260907_08:00:00   3.2402e-01   8.2284e+01   6.3019e+00   0.0000e+00   0.0000e+00   3.1127e+02
20260907_09:00:00   3.1235e-01   7.9803e+01   6.0941e+00   0.0000e+00   0.0000e+00   3.0963e+02
20260907_10:00:00   3.0438e-01   7.8049e+01   5.9630e+00   0.0000e+00   0.0000e+00   3.1069e+02
20260907_11:00:00   3.0451e-01   7.7967e+01   5.9692e+00   0.0000e+00   0.0000e+00   3.1386e+02
20260907_12:00:00   3.0138e-01   7.7262e+01   5.8942e+00   0.0000e+00   0.0000e+00   3.1375e+02
20260907_13:00:00   2.9604e-01   7.6187e+01   5.7548e+00   0.0000e+00   0.0000e+00   3.1522e+02
20260907_14:00:00   2.9944e-01   7.6843e+01   5.8172e+00   0.0000e+00   0.0000e+00   3.1457e+02
20260907_15:00:00   3.0926e-01   7.8925e+01   6.0044e+00   0.0000e+00   0.0000e+00   3.1156e+02
20260907_16:00:00   3.1064e-01   7.9359e+01   6.0539e+00   0.0000e+00   0.0000e+00   3.0922e+02
20260907_17:00:00   3.1607e-01   8.0589e+01   6.1972e+00   0.0000e+00   0.0000e+00   3.1096e+02
20260907_18:00:00   3.1930e-01   8.1421e+01   6.2996e+00   0.0000e+00   0.0000e+00   3.1237e+02
20260907_19:00:00   3.3535e-01   8.4793e+01   6.6707e+00   0.0000e+00   0.0000e+00   3.1247e+02
20260907_20:00:00   3.5078e-01   8.8020e+01   7.0380e+00   0.0000e+00   0.0000e+00   3.1282e+02
20260907_21:00:00   3.6806e-01   9.1562e+01   7.4193e+00   0.0000e+00   0.0000e+00   3.1076e+02
20260907_22:00:00   3.9176e-01   9.6270e+01   7.9236e+00   0.0000e+00   0.0000e+00   3.0957e+02
20260907_23:00:00   4.1093e-01   1.0001e+02   8.3195e+00   0.0000e+00   0.0000e+00   3.0887e+02
20260908_00:00:00   4.3058e-01   1.0377e+02   8.6927e+00   0.0000e+00   0.0000e+00   3.0910e+02
20260908_03:00:00   4.5856e-01   1.0865e+02   9.0829e+00   0.0000e+00   0.0000e+00   3.0471e+02
20260908_06:00:00   4.5517e-01   1.0771e+02   8.9114e+00   0.0000e+00   0.0000e+00   3.0414e+02
20260908_09:00:00   4.4222e-01   1.0529e+02   8.5895e+00   0.0000e+00   0.0000e+00   3.0547e+02
20260908_12:00:00   4.1617e-01   1.0023e+02   8.0980e+00   0.0000e+00   0.0000e+00   3.0455e+02
20260908_15:00:00   4.0780e-01   9.8345e+01   8.0466e+00   0.0000e+00   2.2565e-04   3.0701e+02
20260908_18:00:00   3.9770e-01   9.6526e+01   8.1618e+00   0.0000e+00   5.4434e-04   3.0411e+02
20260908_21:00:00   4.6302e-01   1.0768e+02   1.0001e+01   0.0000e+00   6.2380e-03   2.9875e+02
20260909_00:00:00   4.2365e-01   1.0057e+02   9.2639e+00   0.0000e+00   1.0752e-04   2.9674e+02
20260909_03:00:00   4.6800e-01   1.0864e+02   9.9183e+00   0.0000e+00   0.0000e+00   2.9984e+02
20260909_06:00:00   4.1634e-01   9.9185e+01   8.7194e+00   0.0000e+00   0.0000e+00   2.9858e+02
20260909_09:00:00   3.7140e-01   9.0554e+01   7.7043e+00   0.0000e+00   0.0000e+00   2.9979e+02
20260909_12:00:00   4.0380e-01   9.6109e+01   8.2226e+00   0.0000e+00   0.0000e+00   3.0361e+02
20260909_15:00:00   3.4965e-01   8.6656e+01   6.8293e+00   0.0000e+00   0.0000e+00   3.0591e+02
20260909_18:00:00   3.4565e-01   8.6337e+01   6.7955e+00   0.0000e+00   0.0000e+00   3.0994e+02
20260909_21:00:00   4.1219e-01   9.9002e+01   8.2591e+00   0.0000e+00   0.0000e+00   3.1667e+02
20260910_00:00:00   4.8304e-01   1.1122e+02   9.7322e+00   0.0000e+00   5.2060e-05   3.3310e+02
20260910_03:00:00   4.9926e-01   1.1338e+02   9.8390e+00   0.0000e+00   3.5300e-05   3.4276e+02
20260910_06:00:00   4.9459e-01   1.1289e+02   9.2423e+00   0.0000e+00   0.0000e+00   3.3393e+02
20260910_09:00:00   5.5349e-01   1.2110e+02   1.0453e+01   0.0000e+00   2.5178e-04   3.4034e+02
20260910_12:00:00   5.5593e-01   1.2134e+02   1.0271e+01   0.0000e+00   0.0000e+00   3.4357e+02
20260910_15:00:00   5.7302e-01   1.2417e+02   1.0530e+01   0.0000e+00   0.0000e+00   3.3898e+02
20260910_18:00:00   6.1773e-01   1.3177e+02   1.1423e+01   0.0000e+00   2.7515e-05   3.3674e+02
20260910_21:00:00   6.5419e-01   1.3726e+02   1.2318e+01   1.1433e-03   1.3720e-02   3.4102e+02
20260911_00:00:00   7.0690e-01   1.4520e+02   1.3363e+01   0.0000e+00   9.8429e-03   3.1516e+02
20260911_03:00:00   7.1550e-01   1.4710e+02   1.3266e+01   0.0000e+00   1.9595e-06   3.1193e+02
20260911_06:00:00   6.6137e-01   1.3955e+02   1.2344e+01   0.0000e+00   0.0000e+00   3.0942e+02
20260911_09:00:00   6.5630e-01   1.3854e+02   1.2294e+01   0.0000e+00   0.0000e+00   3.0269e+02
20260911_12:00:00   6.7051e-01   1.3996e+02   1.2841e+01   0.0000e+00   0.0000e+00   2.9895e+02
20260911_15:00:00   6.9742e-01   1.4313e+02   1.3652e+01   0.0000e+00   1.2246e-06   2.9710e+02
20260911_18:00:00   6.9254e-01   1.4280e+02   1.3900e+01   0.0000e+00   1.3472e-05   2.9697e+02
20260911_21:00:00   7.8252e-01   1.5485e+02   1.5821e+01   4.1320e-06   3.3783e-03   2.9857e+02
20260912_00:00:00   8.0620e-01   1.5817e+02   1.6088e+01   3.9360e-07   3.9785e-02   2.9931e+02
20260912_03:00:00   8.5019e-01   1.6371e+02   1.6684e+01   1.9678e-07   6.7637e-03   3.0757e+02
20260912_06:00:00   8.6930e-01   1.6628e+02   1.6358e+01   0.0000e+00   6.9359e-04   3.2083e+02
20260912_09:00:00   8.5695e-01   1.6477e+02   1.5844e+01   0.0000e+00   0.0000e+00   3.3939e+02
20260912_12:00:00   8.3982e-01   1.6266e+02   1.5346e+01   0.0000e+00   0.0000e+00   3.3399e+02
20260912_15:00:00   7.8077e-01   1.5567e+02   1.4235e+01   0.0000e+00   0.0000e+00   3.1669e+02
20260912_18:00:00   7.5748e-01   1.5332e+02   1.4377e+01   0.0000e+00   0.0000e+00   3.0793e+02
20260912_21:00:00   7.2461e-01   1.4960e+02   1.4280e+01   0.0000e+00   0.0000e+00   2.9760e+02
20260913_00:00:00   7.3123e-01   1.5068e+02   1.4724e+01   0.0000e+00   0.0000e+00   2.9149e+02
20260913_03:00:00   7.4076e-01   1.5178e+02   1.4828e+01   0.0000e+00   0.0000e+00   2.9121e+02
20260913_06:00:00   7.7783e-01   1.5641e+02   1.5352e+01   0.0000e+00   0.0000e+00   2.8902e+02
20260913_09:00:00   7.6900e-01   1.5494e+02   1.5254e+01   0.0000e+00   0.0000e+00   2.8784e+02
20260913_12:00:00   7.4106e-01   1.5098e+02   1.4755e+01   0.0000e+00   0.0000e+00   2.8583e+02
20260913_15:00:00   7.3699e-01   1.5025e+02   1.4736e+01   0.0000e+00   0.0000e+00   2.8704e+02
20260913_18:00:00   7.3331e-01   1.5066e+02   1.4945e+01   0.0000e+00   0.0000e+00   2.8518e+02
20260913_21:00:00   7.3159e-01   1.5124e+02   1.5296e+01   0.0000e+00   0.0000e+00   2.8541e+02
20260914_00:00:00   7.9980e-01   1.6034e+02   1.6764e+01   0.0000e+00   0.0000e+00   2.8382e+02
20260914_03:00:00   8.3822e-01   1.6459e+02   1.7386e+01   0.0000e+00   0.0000e+00   2.8397e+02
20260914_06:00:00   8.9148e-01   1.7053e+02   1.8225e+01   0.0000e+00   0.0000e+00   2.8617e+02
20260914_09:00:00   9.0592e-01   1.7182e+02   1.8425e+01   0.0000e+00   0.0000e+00   2.8665e+02
20260914_12:00:00   9.4334e-01   1.7573e+02   1.8950e+01   0.0000e+00   0.0000e+00   2.8579e+02
20260914_15:00:00   9.7413e-01   1.7930e+02   1.9302e+01   0.0000e+00   0.0000e+00   2.8923e+02
20260914_18:00:00   9.5368e-01   1.7819e+02   1.9033e+01   0.0000e+00   0.0000e+00   2.9041e+02
20260914_21:00:00   9.4344e-01   1.7823e+02   1.9067e+01   0.0000e+00   9.7480e-04   2.8889e+02
20260915_00:00:00   9.2291e-01   1.7665e+02   1.8522e+01   0.0000e+00   2.6400e-06   2.9191e+02
20260915_03:00:00   8.9182e-01   1.7294e+02   1.7408e+01   0.0000e+00   0.0000e+00   2.9369e+02
20260915_06:00:00   8.6771e-01   1.6960e+02   1.6761e+01   0.0000e+00   0.0000e+00   2.9571e+02
20260915_09:00:00   7.9566e-01   1.6031e+02   1.5440e+01   0.0000e+00   0.0000e+00   2.9511e+02
20260915_12:00:00   7.0503e-01   1.4727e+02   1.4065e+01   0.0000e+00   0.0000e+00   2.9641e+02
20260915_15:00:00   6.6543e-01   1.4142e+02   1.3469e+01   0.0000e+00   0.0000e+00   2.9751e+02
20260915_18:00:00   6.3234e-01   1.3794e+02   1.2725e+01   0.0000e+00   0.0000e+00   3.0007e+02
20260915_21:00:00   6.1209e-01   1.3618e+02   1.2424e+01   0.0000e+00   0.0000e+00   2.9743e+02
20260916_00:00:00   5.8528e-01   1.3211e+02   1.2058e+01   0.0000e+00   0.0000e+00   2.9706e+02
20260916_03:00:00   6.2044e-01   1.3650e+02   1.2334e+01   0.0000e+00   0.0000e+00   3.0239e+02
20260916_06:00:00   6.1071e-01   1.3398e+02   1.1912e+01   0.0000e+00   0.0000e+00   3.0081e+02
20260916_09:00:00   5.4323e-01   1.2151e+02   1.0453e+01   0.0000e+00   0.0000e+00   3.0188e+02
20260916_12:00:00   4.6434e-01   1.0729e+02   8.9099e+00   0.0000e+00   1.2246e-06   3.0437e+02
20260916_15:00:00   4.4763e-01   1.0385e+02   8.4468e+00   0.0000e+00   0.0000e+00   3.0686e+02
20260916_18:00:00   4.5905e-01   1.0615e+02   8.7556e+00   0.0000e+00   0.0000e+00   3.0834e+02
20260916_21:00:00   4.9966e-01   1.1346e+02   9.7805e+00   0.0000e+00   0.0000e+00   3.1429e+02
20260917_00:00:00   4.8916e-01   1.1164e+02   9.6140e+00   0.0000e+00   0.0000e+00   3.1242e+02
20260917_03:00:00   4.6700e-01   1.0752e+02   9.1334e+00   0.0000e+00   0.0000e+00   3.1419e+02
20260917_06:00:00   4.3014e-01   1.0111e+02   8.2230e+00   0.0000e+00   0.0000e+00   3.2112e+02
20260917_09:00:00   3.9053e-01   9.3697e+01   7.3808e+00   0.0000e+00   0.0000e+00   3.2334e+02
20260917_12:00:00   3.6072e-01   8.7927e+01   6.7805e+00   0.0000e+00   0.0000e+00   3.2141e+02
20260917_15:00:00   3.3460e-01   8.3023e+01   6.2444e+00   0.0000e+00   0.0000e+00   3.1795e+02
20260917_18:00:00   3.2123e-01   8.1000e+01   6.0806e+00   0.0000e+00   0.0000e+00   3.1619e+02
20260917_21:00:00   3.1950e-01   8.1420e+01   6.2076e+00   0.0000e+00   0.0000e+00   3.1219e+02
20260918_00:00:00   3.3124e-01   8.4073e+01   6.5470e+00   0.0000e+00   0.0000e+00   3.0817e+02
20260918_03:00:00   3.0933e-01   7.9467e+01   6.0320e+00   0.0000e+00   0.0000e+00   3.0798e+02
20260918_06:00:00   3.0136e-01   7.7691e+01   5.8688e+00   0.0000e+00   0.0000e+00   3.0432e+02
20260918_09:00:00   2.9315e-01   7.5912e+01   5.7019e+00   0.0000e+00   0.0000e+00   3.0474e+02
20260918_12:00:00   2.8577e-01   7.4318e+01   5.5087e+00   0.0000e+00   0.0000e+00   3.0505e+02
20260918_15:00:00   2.8155e-01   7.3393e+01   5.3860e+00   0.0000e+00   0.0000e+00   3.0357e+02
20260918_18:00:00   2.7550e-01   7.2689e+01   5.3556e+00   0.0000e+00   0.0000e+00   2.9872e+02
20260918_21:00:00   2.8471e-01   7.5148e+01   5.7311e+00   0.0000e+00   0.0000e+00   2.9792e+02
20260919_00:00:00   3.2645e-01   8.3795e+01   6.7420e+00   0.0000e+00   0.0000e+00   2.9508e+02
