#            date       tau255        Tb[K]      pwv[mm] lwp[kg*m^-2] iwp[kg*m^-2]       o3[DU]
20260915_00:00:00   3.9235e-01   9.6206e+01   8.1696e+00   0.0000e+00   0.0000e+00   3.0376e+02
20260915_01:00:00   3.9781e-01   9.7236e+01   8.2501e+00   0.0000e+00   0.0000e+00   3.0563e+02
20260915_02:00:00   3.9846e-01   9.7321e+01   8.1885e+00   0.0000e+00   0.0000e+00   3.0575e+02
20260915_03:00:00   4.0597e-01   9.8490e+01   8.3326e+00   0.0000e+00   9.8380e-08   3.0506e+02
20260915_04:00:00   4.1657e-01   1.0035e+02   8.5127e+00   0.0000e+00   1.6320e-05   3.0386e+02
20260915_05:00:00   4.2881e-01   1.0243e+02   8.7675e+00   0.0000e+00   7.2560e-05   3.0145e+02
20260915_06:00:00   4.3961e-01   1.0432e+02   8.9723e+00   0.0000e+00   1.2246e-06   3.0045e+02
20260915_07:00:00   4.5533e-01   1.0706e+02   9.2778e+00   0.0000e+00   4.0981e-04   2.9989e+02
20260915_08:00:00   4.7721e-01   1.1072e+02   9.7201e+00   0.0000e+00   1.7280e-03   3.0001e+02
20260915_09:00:00   4.9334e-01   1.1331e+02   1.0039e+01   0.0000e+00   2.0020e-03   3.0066e+02
20260915_10:00:00   4.9049e-01   1.1269e+02   9.9783e+00   0.0000e+00   9.5820e-04   2.9956e+02
20260915_11:00:00   4.8232e-01   1.1119e+02   9.8131e+00   0.0000e+00   0.0000e+00   3.0017e+02
20260915_12:00:00   4.8271e-01   1.1105e+02   9.8472e+00   0.0000e+00   7.1620e-06   3.0310e+02
20260915_13:00:00   4.8527e-01   1.1129e+02   9.9217e+00   0.0000e+00   0.0000e+00   3.0280e+02
20260915_14:00:00   4.8317e-01   1.1083e+02   9.8827e+00   0.0000e+00   7.3480e-06   3.0428e+02
20260915_15:00:00   4.8823e-01   1.1170e+02   9.9705e+00   0.0000e+00   0.0000e+00   3.0478e+02
20260915_16:00:00   4.8923e-01   1.1211e+02   1.0005e+01   0.0000e+00   0.0000e+00   3.0573e+02
20260915_17:00:00   4.8267e-01   1.1139e+02   9.8689e+00   0.0000e+00   0.0000e+00   3.0633e+02
20260915_18:00:00   4.7000e-01   1.0940e+02   9.6713e+00   0.0000e+00   0.0000e+00   3.0502e+02
20260915_19:00:00   4.5256e-01   1.0660e+02   9.3721e+00   0.0000e+00   0.0000e+00   3.0355e+02
20260915_20:00:00   4.5073e-01   1.0650e+02   9.3634e+00   0.0000e+00   9.7980e-07   3.0062e+02
20260915_21:00:00   4.4755e-01   1.0584e+02   9.3818e+00   0.0000e+00   1.3961e-05   2.9932e+02
20260915_22:00:00   4.5629e-01   1.0743e+02   9.6067e+00   0.0000e+00   3.9180e-06   2.9774e+02
20260915_23:00:00   4.8229e-01   1.1203e+02   1.0148e+01   0.0000e+00   0.0000e+00   2.9715e+02
20260916_00:00:00   4.9620e-01   1.1442e+02   1.0407e+01   0.0000e+00   0.0000e+00   2.9866e+02
20260916_01:00:00   4.9036e-01   1.1357e+02   1.0221e+01   0.0000e+00   0.0000e+00   3.0165e+02
20260916_02:00:00   4.8245e-01   1.1217e+02   9.9819e+00   0.0000e+00   0.0000e+00   3.0125e+02
20260916_03:00:00   4.6261e-01   1.0856e+02   9.4962e+00   0.0000e+00   0.0000e+00   3.0236e+02
20260916_04:00:00   4.4834e-01   1.0595e+02   9.1382e+00   0.0000e+00   0.0000e+00   3.0257e+02
20260916_05:00:00   4.2738e-01   1.0194e+02   8.7068e+00   0.0000e+00   0.0000e+00   3.0125e+02
20260916_06:00:00   4.0460e-01   9.7591e+01   8.2405e+00   0.0000e+00   0.0000e+00   3.0292e+02
20260916_07:00:00   3.8250e-01   9.3334e+01   7.7855e+00   0.0000e+00   0.0000e+00   3.0455e+02
20260916_08:00:00   3.6834e-01   9.0490e+01   7.5036e+00   0.0000e+00   0.0000e+00   3.0500e+02
20260916_09:00:00   3.6288e-01   8.9265e+01   7.4009e+00   0.0000e+00   0.0000e+00   3.0351e+02
20260916_10:00:00   3.6151e-01   8.8821e+01   7.3981e+00   0.0000e+00   0.0000e+00   3.0298e+02
20260916_11:00:00   3.6197e-01   8.8721e+01   7.4463e+00   0.0000e+00   0.0000e+00   3.0156e+02
20260916_12:00:00   3.5922e-01   8.8156e+01   7.3856e+00   0.0000e+00   0.0000e+00   3.0059e+02
20260916_13:00:00   3.5873e-01   8.8069e+01   7.3530e+00   0.0000e+00   0.0000e+00   3.0149e+02
20260916_14:00:00   3.6362e-01   8.9066e+01   7.4156e+00   0.0000e+00   0.0000e+00   3.0405e+02
20260916_15:00:00   3.8335e-01   9.2971e+01   7.7561e+00   0.0000e+00   0.0000e+00   3.0455e+02
20260916_16:00:00   4.0742e-01   9.7760e+01   8.1947e+00   0.0000e+00   0.0000e+00   3.0458e+02
20260916_17:00:00   4.2920e-01   1.0210e+02   8.5895e+00   0.0000e+00   0.0000e+00   3.0632e+02
20260916_18:00:00   4.4690e-01   1.0548e+02   8.9805e+00   0.0000e+00   0.0000e+00   3.0684e+02
20260916_19:00:00   4.5482e-01   1.0704e+02   9.1727e+00   0.0000e+00   0.0000e+00   3.0629e+02
20260916_20:00:00   4.6013e-01   1.0818e+02   9.2956e+00   0.0000e+00   0.0000e+00   3.0537e+02
20260916_21:00:00   4.7380e-01   1.1072e+02   9.6039e+00   0.0000e+00   0.0000e+00   3.0628e+02
20260916_22:00:00   4.8383e-01   1.1258e+02   9.8468e+00   0.0000e+00   0.0000e+00   3.0520e+02
20260916_23:00:00   4.8789e-01   1.1336e+02   9.9683e+00   0.0000e+00   0.0000e+00   3.0351e+02
20260917_00:00:00   4.8176e-01   1.1220e+02   9.8770e+00   0.0000e+00   0.0000e+00   3.0454e+02
20260917_01:00:00   4.7508e-01   1.1102e+02   9.7269e+00   0.0000e+00   0.0000e+00   3.0508e+02
20260917_02:00:00   4.7035e-01   1.1020e+02   9.5151e+00   0.0000e+00   0.0000e+00   3.0374e+02
20260917_03:00:00   4.6204e-01   1.0869e+02   9.1764e+00   0.0000e+00   0.0000e+00   3.0348e+02
20260917_04:00:00   4.6025e-01   1.0841e+02   8.9618e+00   0.0000e+00   0.0000e+00   3.0465e+02
20260917_05:00:00   4.4844e-01   1.0607e+02   8.6862e+00   0.0000e+00   0.0000e+00   3.0431e+02
20260917_06:00:00   4.2568e-01   1.0175e+02   8.2532e+00   0.0000e+00   0.0000e+00   3.0277e+02
20260917_07:00:00   3.9911e-01   9.6729e+01   7.7180e+00   0.0000e+00   0.0000e+00   3.0256e+02
20260917_08:00:00   3.7498e-01   9.2084e+01   7.2196e+00   0.0000e+00   0.0000e+00   3.0306e+02
20260917_09:00:00   3.4316e-01   8.5945e+01   6.5338e+00   0.0000e+00   0.0000e+00   3.0365e+02
20260917_10:00:00   3.0877e-01   7.9118e+01   5.7869e+00   0.0000e+00   0.0000e+00   3.0523e+02
20260917_11:00:00   2.9223e-01   7.5559e+01   5.4868e+00   0.0000e+00   0.0000e+00   3.0629e+02
20260917_12:00:00   2.9538e-01   7.6052e+01   5.5736e+00   0.0000e+00   0.0000e+00   3.0708e+02
20260917_13:00:00   3.0366e-01   7.7715e+01   5.7180e+00   0.0000e+00   0.0000e+00   3.0786e+02
20260917_14:00:00   3.1764e-01   8.0532e+01   5.9621e+00   0.0000e+00   0.0000e+00   3.0909e+02
20260917_15:00:00   3.3298e-01   8.3699e+01   6.2534e+00   0.0000e+00   0.0000e+00   3.0886e+02
20260917_16:00:00   3.3108e-01   8.3411e+01   6.2814e+00   0.0000e+00   0.0000e+00   3.0920e+02
20260917_17:00:00   3.2598e-01   8.2447e+01   6.2663e+00   0.0000e+00   0.0000e+00   3.1006e+02
20260917_18:00:00   3.3214e-01   8.3757e+01   6.4877e+00   0.0000e+00   0.0000e+00   3.0984e+02
20260917_19:00:00   3.4829e-01   8.7042e+01   6.8860e+00   0.0000e+00   0.0000e+00   3.0924e+02
20260917_20:00:00   3.6224e-01   8.9953e+01   7.2095e+00   0.0000e+00   0.0000e+00   3.0925e+02
20260917_21:00:00   3.7696e-01   9.2926e+01   7.5484e+00   0.0000e+00   0.0000e+00   3.0899e+02
20260917_22:00:00   3.8826e-01   9.5129e+01   7.8307e+00   0.0000e+00   0.0000e+00   3.0884e+02
20260917_23:00:00   3.9050e-01   9.5507e+01   7.9559e+00   0.0000e+00   0.0000e+00   3.0974e+02
20260918_00:00:00   4.0045e-01   9.7244e+01   8.1943e+00   0.0000e+00   0.0000e+00   3.1066e+02
20260918_01:00:00   4.1065e-01   9.9130e+01   8.3822e+00   0.0000e+00   0.0000e+00   3.1235e+02
20260918_02:00:00   4.2963e-01   1.0265e+02   8.6637e+00   0.0000e+00   0.0000e+00   3.1113e+02
20260918_03:00:00   4.4743e-01   1.0582e+02   8.9030e+00   0.0000e+00   0.0000e+00   3.0801e+02
20260918_04:00:00   4.4193e-01   1.0467e+02   8.7403e+00   0.0000e+00   0.0000e+00   3.0869e+02
20260918_05:00:00   4.2472e-01   1.0128e+02   8.4191e+00   0.0000e+00   0.0000e+00   3.1071e+02
20260918_06:00:00   4.1285e-01   9.8690e+01   8.2444e+00   0.0000e+00   0.0000e+00   3.1014e+02
20260918_07:00:00   4.0726e-01   9.7305e+01   8.1171e+00   0.0000e+00   0.0000e+00   3.0846e+02
20260918_08:00:00   4.1183e-01   9.8038e+01   8.1364e+00   0.0000e+00   0.0000e+00   3.0874e+02
20260918_09:00:00   4.1285e-01   9.8327e+01   8.0518e+00   0.0000e+00   0.0000e+00   3.0947e+02
20260918_10:00:00   4.1175e-01   9.8215e+01   7.9357e+00   0.0000e+00   0.0000e+00   3.1020e+02
20260918_11:00:00   4.0869e-01   9.7651e+01   7.8109e+00   0.0000e+00   0.0000e+00   3.0911e+02
20260918_12:00:00   4.1048e-01   9.7886e+01   7.7862e+00   0.0000e+00   0.0000e+00   3.0791e+02
20260918_13:00:00   4.1299e-01   9.8245e+01   7.8131e+00   0.0000e+00   0.0000e+00   3.0688e+02
20260918_14:00:00   4.1083e-01   9.7807e+01   7.7452e+00   0.0000e+00   0.0000e+00   3.0518e+02
20260918_15:00:00   4.1115e-01   9.8079e+01   7.6688e+00   0.0000e+00   0.0000e+00   3.0583e+02
20260918_16:00:00   3.9275e-01   9.5139e+01   7.2650e+00   0.0000e+00   0.0000e+00   3.0846e+02
20260918_17:00:00   3.7199e-01   9.1657e+01   6.8622e+00   0.0000e+00   0.0000e+00   3.0935e+02
20260918_18:00:00   3.5772e-01   8.9120e+01   6.6654e+00   0.0000e+00   0.0000e+00   3.0713e+02
20260918_19:00:00   3.4227e-01   8.6172e+01   6.4843e+00   0.0000e+00   0.0000e+00   3.0685e+02
20260918_20:00:00   3.3741e-01   8.5119e+01   6.5283e+00   0.0000e+00   0.0000e+00   3.0537e+02
20260918_21:00:00   3.3713e-01   8.4991e+01   6.6315e+00   0.0000e+00   0.0000e+00   3.0370e+02
20260918_22:00:00   3.4200e-01   8.5832e+01   6.8222e+00   0.0000e+00   0.0000e+00   3.0293e+02
20260918_23:00:00   3.4741e-01   8.6865e+01   6.9692e+00   0.0000e+00   0.0000e+00   3.0276e+02
20260919_00:00:00   3.4543e-01   8.6592e+01   6.9176e+00   0.0000e+00   0.0000e+00   3.0132e+02
20260919_01:00:00   3.4748e-01   8.7117e+01   6.9386e+00   0.0000e+00   0.0000e+00   3.0156e+02
20260919_02:00:00   3.5302e-01   8.8382e+01   6.9929e+00   0.0000e+00   0.0000e+00   3.0224e+02
20260919_03:00:00   3.7157e-01   9.2113e+01   7.2856e+00   0.0000e+00   0.0000e+00   3.0166e+02
20260919_04:00:00   3.8455e-01   9.4665e+01   7.4623e+00   0.0000e+00   0.0000e+00   3.0026e+02
20260919_05:00:00   3.9284e-01   9.6216e+01   7.5589e+00   0.0000e+00   0.0000e+00   2.9953e+02
20260919_06:00:00   3.9737e-01   9.7022e+01   7.5799e+00   0.0000e+00   0.0000e+00   2.9977e+02
20260919_07:00:00   4.0133e-01   9.7729e+01   7.5857e+00   0.0000e+00   0.0000e+00   2.9905e+02
20260919_08:00:00   4.0747e-01   9.8824e+01   7.6312e+00   0.0000e+00   0.0000e+00   2.9772e+02
20260919_09:00:00   4.0840e-01   9.8960e+01   7.5845e+00   0.0000e+00   0.0000e+00   2.9651e+02
20260919_10:00:00   4.0828e-01   9.8903e+01   7.5440e+00   0.0000e+00   0.0000e+00   2.9425e+02
20260919_11:00:00   4.0909e-01   9.9031e+01   7.5333e+00   0.0000e+00   0.0000e+00   2.9156e+02
20260919_12:00:00   4.1007e-01   9.9175e+01   7.5306e+00   0.0000e+00   0.0000e+00   2.9171e+02
20260919_13:00:00   4.1333e-01   9.9738e+01   7.5691e+00   0.0000e+00   0.0000e+00   2.9146e+02
20260919_14:00:00   4.1023e-01   9.9161e+01   7.4932e+00   0.0000e+00   0.0000e+00   2.9025e+02
20260919_15:00:00   4.1238e-01   9.9668e+01   7.5223e+00   0.0000e+00   0.0000e+00   2.8949e+02
20260919_16:00:00   4.1211e-01   9.9882e+01   7.5537e+00   0.0000e+00   0.0000e+00   2.9026e+02
20260919_17:00:00   4.0692e-01   9.9230e+01   7.5102e+00   0.0000e+00   0.0000e+00   2.8961e+02
20260919_18:00:00   3.9817e-01   9.7857e+01   7.4224e+00   0.0000e+00   0.0000e+00   2.8955e+02
20260919_19:00:00   3.8879e-01   9.6260e+01   7.3561e+00   0.0000e+00   0.0000e+00   2.8793e+02
20260919_20:00:00   3.7731e-01   9.4157e+01   7.2651e+00   0.0000e+00   0.0000e+00   2.8559e+02
20260919_21:00:00   3.8015e-01   9.4733e+01   7.4494e+00   0.0000e+00   0.0000e+00   2.8460e+02
20260919_22:00:00   3.9833e-01   9.8133e+01   7.9218e+00   0.0000e+00   0.0000e+00   2.8412e+02
20260919_23:00:00   4.1992e-01   1.0206e+02   8.4445e+00   0.0000e+00   0.0000e+00   2.8473e+02
20260920_00:00:00   4.3984e-01   1.0561e+02   8.9002e+00   0.0000e+00   2.6495e-04   2.8436e+02
20260920_03:00:00   4.7047e-01   1.1057e+02   9.4292e+00   0.0000e+00   1.3198e-06   2.8252e+02
20260920_06:00:00   4.3692e-01   1.0431e+02   8.7560e+00   0.0000e+00   2.6544e-03   2.8043e+02
20260920_09:00:00   4.3879e-01   1.0384e+02   8.9614e+00   0.0000e+00   5.1505e-02   2.8059e+02
20260920_12:00:00   4.6886e-01   1.0822e+02   9.6333e+00   0.0000e+00   2.1007e-01   2.7953e+02
20260920_15:00:00   4.2551e-01   1.0119e+02   8.6040e+00   0.0000e+00   1.2948e-03   2.8512e+02
20260920_18:00:00   3.9694e-01   9.6157e+01   8.1274e+00   0.0000e+00   0.0000e+00   2.8492e+02
20260920_21:00:00   4.3803e-01   1.0287e+02   9.2453e+00   0.0000e+00   1.3291e-03   2.8822e+02
20260921_00:00:00   5.1557e-01   1.1568e+02   1.0731e+01   0.0000e+00   6.0296e-02   2.9379e+02
20260921_03:00:00   5.4806e-01   1.2161e+02   1.1051e+01   0.0000e+00   6.6527e-03   2.9369e+02
20260921_06:00:00   5.4673e-01   1.2139e+02   1.0896e+01   0.0000e+00   8.9830e-04   2.9372e+02
20260921_09:00:00   5.7872e-01   1.2625e+02   1.1426e+01   0.0000e+00   9.7269e-04   2.9276e+02
20260921_12:00:00   6.2673e-01   1.3297e+02   1.2284e+01   0.0000e+00   3.2952e-02   2.9470e+02
20260921_15:00:00   6.0211e-01   1.2958e+02   1.1731e+01   0.0000e+00   6.1140e-06   2.9510e+02
20260921_18:00:00   5.9886e-01   1.2957e+02   1.1786e+01   0.0000e+00   3.1480e-07   2.9806e+02
20260921_21:00:00   5.5937e-01   1.2377e+02   1.1241e+01   1.0026e-04   8.7675e-04   2.9017e+02
20260922_00:00:00   5.4555e-01   1.2159e+02   1.1050e+01   0.0000e+00   2.9981e-03   2.8900e+02
20260922_03:00:00   5.7733e-01   1.2665e+02   1.1497e+01   1.1022e-05   4.2956e-03   2.8549e+02
20260922_06:00:00   6.8428e-01   1.4289e+02   1.3219e+01   0.0000e+00   1.4555e-04   2.8427e+02
20260922_09:00:00   6.5641e-01   1.3896e+02   1.2675e+01   0.0000e+00   0.0000e+00   2.8247e+02
20260922_12:00:00   6.5363e-01   1.3812e+02   1.2620e+01   0.0000e+00   3.8080e-06   2.7965e+02
20260922_15:00:00   6.7957e-01   1.4167e+02   1.3043e+01   0.0000e+00   1.7924e-03   2.8179e+02
20260922_18:00:00   6.8978e-01   1.4382e+02   1.3373e+01   0.0000e+00   1.0898e-05   2.8235e+02
20260922_21:00:00   7.0655e-01   1.4620e+02   1.3937e+01   4.1080e-04   9.5991e-04   2.8450e+02
20260923_00:00:00   6.8856e-01   1.4388e+02   1.3763e+01   1.2326e-04   3.8947e-04   2.8759e+02
20260923_03:00:00   6.8933e-01   1.4390e+02   1.3713e+01   0.0000e+00   2.4801e-04   2.8719e+02
20260923_06:00:00   6.7288e-01   1.4118e+02   1.3357e+01   0.0000e+00   1.0885e-04   2.8729e+02
20260923_09:00:00   6.3960e-01   1.3630e+02   1.2542e+01   0.0000e+00   0.0000e+00   2.8693e+02
20260923_12:00:00   6.7007e-01   1.4056e+02   1.2889e+01   0.0000e+00   0.0000e+00   2.8508e+02
20260923_15:00:00   7.1821e-01   1.4742e+02   1.3574e+01   0.0000e+00   0.0000e+00   2.8553e+02
20260923_18:00:00   7.5044e-01   1.5317e+02   1.4204e+01   0.0000e+00   0.0000e+00   2.8283e+02
20260923_21:00:00   7.1702e-01   1.4917e+02   1.3939e+01   0.0000e+00   0.0000e+00   2.8195e+02
20260924_00:00:00   7.1786e-01   1.4968e+02   1.3986e+01   0.0000e+00   0.0000e+00   2.7947e+02
20260924_03:00:00   7.2327e-01   1.5043e+02   1.3908e+01   0.0000e+00   0.0000e+00   2.7752e+02
20260924_06:00:00   7.2602e-01   1.5085e+02   1.3734e+01   0.0000e+00   0.0000e+00   2.7564e+02
20260924_09:00:00   7.2309e-01   1.5025e+02   1.3857e+01   0.0000e+00   0.0000e+00   2.7474e+02
20260924_12:00:00   7.9575e-01   1.5897e+02   1.5351e+01   0.0000e+00   1.5961e-03   2.7098e+02
20260924_15:00:00   8.5353e-01   1.6608e+02   1.6146e+01   0.0000e+00   1.4503e-02   2.7071e+02
20260924_18:00:00   8.7788e-01   1.7005e+02   1.6710e+01   0.0000e+00   8.9572e-03   2.6873e+02
20260924_21:00:00   9.0139e-01   1.7357e+02   1.7567e+01   0.0000e+00   5.3435e-03   2.7172e+02
20260925_00:00:00   9.2908e-01   1.7639e+02   1.8267e+01   6.1646e-05   1.2228e-03   2.7220e+02
20260925_03:00:00   9.7990e-01   1.8160e+02   1.8906e+01   0.0000e+00   1.8340e-03   2.7028e+02
20260925_06:00:00   1.1391e+00   1.9633e+02   2.1591e+01   0.0000e+00   7.2115e-04   2.7016e+02
20260925_09:00:00   1.2416e+00   2.0542e+02   2.2623e+01   0.0000e+00   5.2800e-07   2.6954e+02
20260925_12:00:00   1.3368e+00   2.1197e+02   2.3803e+01   7.8782e-05   2.0906e-05   2.6919e+02
20260925_15:00:00   1.4933e+00   2.2304e+02   2.5100e+01   7.8360e-04   1.5369e-05   2.7134e+02
20260925_18:00:00   1.4907e+00   2.2467e+02   2.5122e+01   2.0925e-04   1.7332e-05   2.7339e+02
20260925_21:00:00   1.5749e+00   2.2975e+02   2.6582e+01   2.1276e-02   4.4418e-02   2.7390e+02
20260926_00:00:00   3.1645e+00   2.7299e+02   3.0423e+01   6.0350e-01   7.1667e-01   2.7670e+02
20260926_03:00:00   1.4168e+00   2.1935e+02   2.3530e+01   1.0366e-02   2.6820e-05   2.8180e+02
20260926_06:00:00   1.1459e+00   1.9693e+02   1.9452e+01   0.0000e+00   0.0000e+00   2.8697e+02
20260926_09:00:00   1.1282e+00   1.9394e+02   1.9069e+01   0.0000e+00   0.0000e+00   2.9075e+02
20260926_12:00:00   1.0461e+00   1.8569e+02   1.7598e+01   0.0000e+00   0.0000e+00   2.9444e+02
20260926_15:00:00   9.5607e-01   1.7629e+02   1.6416e+01   0.0000e+00   1.2198e-05   3.0055e+02
20260926_18:00:00   8.3221e-01   1.6317e+02   1.4931e+01   0.0000e+00   0.0000e+00   2.9576e+02
20260926_21:00:00   7.1584e-01   1.4812e+02   1.3619e+01   0.0000e+00   0.0000e+00   2.9330e+02
20260927_00:00:00   6.2730e-01   1.3559e+02   1.2294e+01   0.0000e+00   0.0000e+00   2.9213e+02
20260927_03:00:00   6.2121e-01   1.3453e+02   1.1917e+01   0.0000e+00   6.9602e-03   2.9662e+02
20260927_06:00:00   6.4971e-01   1.3739e+02   1.2377e+01   8.3820e-05   1.9908e-04   3.0038e+02
20260927_09:00:00   5.6825e-01   1.2412e+02   1.1027e+01   0.0000e+00   3.3879e-05   3.0434e+02
20260927_12:00:00   4.4569e-01   1.0476e+02   8.0956e+00   0.0000e+00   0.0000e+00   3.1205e+02
20260927_15:00:00   4.4461e-01   1.0438e+02   8.0915e+00   0.0000e+00   0.0000e+00   3.0302e+02
20260927_18:00:00   3.6340e-01   9.0251e+01   6.6866e+00   0.0000e+00   0.0000e+00   3.0187e+02
20260927_21:00:00   3.5286e-01   8.8218e+01   6.8560e+00   0.0000e+00   0.0000e+00   2.9287e+02
20260928_00:00:00   3.6496e-01   9.0692e+01   7.2962e+00   0.0000e+00   0.0000e+00   2.8846e+02
20260928_03:00:00   5.7564e-01   1.2760e+02   1.0698e+01   0.0000e+00   0.0000e+00   2.8783e+02
20260928_06:00:00   6.3610e-01   1.3555e+02   1.1312e+01   0.0000e+00   0.0000e+00   2.8912e+02
20260928_09:00:00   5.9550e-01   1.2870e+02   1.0585e+01   0.0000e+00   0.0000e+00   2.8932e+02
20260928_12:00:00   5.2690e-01   1.1737e+02   9.5713e+00   0.0000e+00   0.0000e+00   2.8921e+02
20260928_15:00:00   5.0131e-01   1.1322e+02   9.1597e+00   0.0000e+00   0.0000e+00   2.9065e+02
20260928_18:00:00   4.9557e-01   1.1329e+02   9.2076e+00   0.0000e+00   0.0000e+00   2.8990e+02
20260928_21:00:00   4.8430e-01   1.1262e+02   9.2612e+00   0.0000e+00   0.0000e+00   2.9185e+02
20260929_00:00:00   5.4989e-01   1.2350e+02   1.0711e+01   0.0000e+00   0.0000e+00   2.8762e+02
20260929_03:00:00   5.7006e-01   1.2605e+02   1.1064e+01   0.0000e+00   0.0000e+00   2.8577e+02
20260929_06:00:00   5.5776e-01   1.2387e+02   1.0848e+01   0.0000e+00   0.0000e+00   2.8640e+02
20260929_09:00:00   5.2260e-01   1.1806e+02   1.0101e+01   0.0000e+00   0.0000e+00   2.8672e+02
20260929_12:00:00   4.8715e-01   1.1223e+02   9.2509e+00   0.0000e+00   0.0000e+00   2.8733e+02
20260929_15:00:00   4.5105e-01   1.0602e+02   8.4723e+00   0.0000e+00   0.0000e+00   2.8958e+02
20260929_18:00:00   4.1344e-01   9.9642e+01   8.0324e+00   0.0000e+00   9.4380e-06   2.8869e+02
20260929_21:00:00   4.8168e-01   1.1214e+02   9.5674e+00   0.0000e+00   0.0000e+00   2.8687e+02
20260930_00:00:00   5.0285e-01   1.1569e+02   1.0175e+01   0.0000e+00   4.8980e-06   2.8253e+02
20260930_03:00:00   5.3602e-01   1.2013e+02   1.0954e+01   0.0000e+00   2.1765e-02   2.8385e+02
20260930_06:00:00   5.1499e-01   1.1675e+02   1.0321e+01   0.0000e+00   5.3300e-02   2.8579e+02
20260930_09:00:00   4.8173e-01   1.1058e+02   9.6498e+00   0.0000e+00   1.6466e-01   2.8671e+02
20260930_12:00:00   4.0287e-01   9.6912e+01   7.9064e+00   0.0000e+00   0.0000e+00   2.9763e+02
20260930_15:00:00   3.8182e-01   9.2594e+01   7.4650e+00   0.0000e+00   0.0000e+00   3.0467e+02
20260930_18:00:00   3.6042e-01   8.9260e+01   7.0281e+00   0.0000e+00   0.0000e+00   3.0525e+02
20260930_21:00:00   3.4359e-01   8.6264e+01   6.8269e+00   0.0000e+00   0.0000e+00   2.9229e+02
20261001_00:00:00   3.4993e-01   8.7834e+01   7.0401e+00   0.0000e+00   0.0000e+00   2.8403e+02
