#            date       tau255        Tb[K]      pwv[mm] lwp[kg*m^-2] iwp[kg*m^-2]       o3[DU]
20260803_12:00:00   4.7322e-01   1.1219e+02   1.0023e+01   0.0000e+00   0.0000e+00   3.0612e+02
20260803_13:00:00   4.7324e-01   1.1203e+02   1.0012e+01   0.0000e+00   0.0000e+00   3.1013e+02
20260803_14:00:00   4.7866e-01   1.1301e+02   1.0082e+01   0.0000e+00   0.0000e+00   3.1171e+02
20260803_15:00:00   4.7999e-01   1.1345e+02   1.0075e+01   0.0000e+00   0.0000e+00   3.1105e+02
20260803_16:00:00   4.7336e-01   1.1255e+02   9.9444e+00   0.0000e+00   0.0000e+00   3.0964e+02
20260803_17:00:00   4.6488e-01   1.1131e+02   9.7919e+00   0.0000e+00   0.0000e+00   3.0826e+02
20260803_18:00:00   4.5602e-01   1.1000e+02   9.6453e+00   0.0000e+00   0.0000e+00   3.0744e+02
20260803_19:00:00   4.5384e-01   1.0978e+02   9.6753e+00   0.0000e+00   0.0000e+00   3.0653e+02
20260803_20:00:00   4.4683e-01   1.0856e+02   9.6268e+00   0.0000e+00   0.0000e+00   3.0510e+02
20260803_21:00:00   4.4065e-01   1.0740e+02   9.5962e+00   0.0000e+00   0.0000e+00   3.0391e+02
20260803_22:00:00   4.4139e-01   1.0747e+02   9.7028e+00   0.0000e+00   0.0000e+00   3.0428e+02
20260803_23:00:00   4.4301e-01   1.0769e+02   9.8120e+00   0.0000e+00   0.0000e+00   3.0348e+02
20260804_00:00:00   4.4537e-01   1.0808e+02   9.9090e+00   0.0000e+00   0.0000e+00   3.0193e+02
20260804_01:00:00   4.5102e-01   1.0906e+02   1.0054e+01   0.0000e+00   0.0000e+00   3.0263e+02
20260804_02:00:00   4.5648e-01   1.1008e+02   1.0159e+01   0.0000e+00   0.0000e+00   3.0403e+02
20260804_03:00:00   4.6406e-01   1.1153e+02   1.0267e+01   0.0000e+00   0.0000e+00   3.0348e+02
20260804_04:00:00   4.8593e-01   1.1508e+02   1.0626e+01   0.0000e+00   0.0000e+00   3.0356e+02
20260804_05:00:00   4.9509e-01   1.1661e+02   1.0714e+01   0.0000e+00   0.0000e+00   3.0447e+02
20260804_06:00:00   4.8527e-01   1.1484e+02   1.0444e+01   0.0000e+00   0.0000e+00   3.0403e+02
20260804_07:00:00   4.8052e-01   1.1399e+02   1.0277e+01   0.0000e+00   0.0000e+00   3.0230e+02
20260804_08:00:00   4.8195e-01   1.1426e+02   1.0235e+01   0.0000e+00   0.0000e+00   3.0025e+02
20260804_09:00:00   4.8478e-01   1.1468e+02   1.0255e+01   0.0000e+00   0.0000e+00   2.9950e+02
20260804_10:00:00   4.8465e-01   1.1456e+02   1.0221e+01   0.0000e+00   0.0000e+00   2.9912e+02
20260804_11:00:00   4.8702e-01   1.1486e+02   1.0241e+01   0.0000e+00   0.0000e+00   3.0013e+02
20260804_12:00:00   4.8722e-01   1.1483e+02   1.0228e+01   0.0000e+00   0.0000e+00   3.0139e+02
20260804_13:00:00   4.9073e-01   1.1537e+02   1.0290e+01   0.0000e+00   0.0000e+00   3.0268e+02
20260804_14:00:00   4.9640e-01   1.1635e+02   1.0385e+01   0.0000e+00   0.0000e+00   3.0202e+02
20260804_15:00:00   5.0247e-01   1.1758e+02   1.0508e+01   0.0000e+00   0.0000e+00   3.0153e+02
20260804_16:00:00   4.9713e-01   1.1688e+02   1.0442e+01   0.0000e+00   0.0000e+00   3.0362e+02
20260804_17:00:00   4.9025e-01   1.1589e+02   1.0363e+01   0.0000e+00   0.0000e+00   3.0662e+02
20260804_18:00:00   4.8337e-01   1.1484e+02   1.0301e+01   0.0000e+00   0.0000e+00   3.0636e+02
20260804_19:00:00   4.9023e-01   1.1613e+02   1.0537e+01   0.0000e+00   0.0000e+00   3.0610e+02
20260804_20:00:00   5.0940e-01   1.1948e+02   1.1047e+01   0.0000e+00   0.0000e+00   3.0502e+02
20260804_21:00:00   5.3251e-01   1.2333e+02   1.1630e+01   0.0000e+00   0.0000e+00   3.0546e+02
20260804_22:00:00   5.4971e-01   1.2619e+02   1.2093e+01   0.0000e+00   0.0000e+00   3.0649e+02
20260804_23:00:00   5.6465e-01   1.2851e+02   1.2482e+01   0.0000e+00   0.0000e+00   3.0562e+02
20260805_00:00:00   5.7624e-01   1.3028e+02   1.2763e+01   0.0000e+00   0.0000e+00   3.0623e+02
20260805_01:00:00   5.8413e-01   1.3149e+02   1.2938e+01   0.0000e+00   0.0000e+00   3.0559e+02
20260805_02:00:00   5.8758e-01   1.3204e+02   1.2991e+01   0.0000e+00   0.0000e+00   3.0511e+02
20260805_03:00:00   5.8185e-01   1.3101e+02   1.2789e+01   0.0000e+00   0.0000e+00   3.0432e+02
20260805_04:00:00   5.6321e-01   1.2799e+02   1.2281e+01   0.0000e+00   0.0000e+00   3.0466e+02
20260805_05:00:00   5.6374e-01   1.2786e+02   1.2220e+01   0.0000e+00   0.0000e+00   3.0525e+02
20260805_06:00:00   5.5784e-01   1.2669e+02   1.2070e+01   0.0000e+00   0.0000e+00   3.0526e+02
20260805_07:00:00   5.4990e-01   1.2520e+02   1.1904e+01   0.0000e+00   0.0000e+00   3.0548e+02
20260805_08:00:00   5.4520e-01   1.2429e+02   1.1782e+01   0.0000e+00   0.0000e+00   3.0385e+02
20260805_09:00:00   5.4661e-01   1.2445e+02   1.1790e+01   0.0000e+00   0.0000e+00   3.0304e+02
20260805_10:00:00   5.4774e-01   1.2458e+02   1.1800e+01   0.0000e+00   0.0000e+00   3.0133e+02
20260805_11:00:00   5.4781e-01   1.2450e+02   1.1785e+01   0.0000e+00   0.0000e+00   3.0167e+02
20260805_12:00:00   5.4580e-01   1.2410e+02   1.1718e+01   0.0000e+00   0.0000e+00   3.0287e+02
20260805_13:00:00   5.4487e-01   1.2393e+02   1.1676e+01   0.0000e+00   0.0000e+00   3.0373e+02
20260805_14:00:00   5.4826e-01   1.2450e+02   1.1709e+01   0.0000e+00   0.0000e+00   3.0293e+02
20260805_15:00:00   5.5484e-01   1.2575e+02   1.1835e+01   0.0000e+00   0.0000e+00   3.0340e+02
20260805_16:00:00   5.5578e-01   1.2612e+02   1.1886e+01   0.0000e+00   0.0000e+00   3.0355e+02
20260805_17:00:00   5.5965e-01   1.2691e+02   1.2012e+01   0.0000e+00   0.0000e+00   3.0420e+02
20260805_18:00:00   5.6888e-01   1.2863e+02   1.2252e+01   0.0000e+00   0.0000e+00   3.0458e+02
20260805_19:00:00   5.8122e-01   1.3083e+02   1.2552e+01   0.0000e+00   0.0000e+00   3.0294e+02
20260805_20:00:00   6.0644e-01   1.3489e+02   1.3141e+01   0.0000e+00   0.0000e+00   3.0140e+02
20260805_21:00:00   6.3716e-01   1.3952e+02   1.3855e+01   0.0000e+00   0.0000e+00   3.0148e+02
20260805_22:00:00   6.5200e-01   1.4181e+02   1.4196e+01   0.0000e+00   0.0000e+00   3.0164e+02
20260805_23:00:00   6.6157e-01   1.4331e+02   1.4423e+01   0.0000e+00   3.0200e-05   3.0176e+02
20260806_00:00:00   6.6817e-01   1.4435e+02   1.4558e+01   0.0000e+00   1.2694e-04   3.0163e+02
20260806_01:00:00   6.7426e-01   1.4528e+02   1.4660e+01   0.0000e+00   8.6506e-06   3.0361e+02
20260806_02:00:00   6.9553e-01   1.4858e+02   1.5004e+01   0.0000e+00   1.3143e-05   3.0207e+02
20260806_03:00:00   7.2215e-01   1.5229e+02   1.5327e+01   0.0000e+00   0.0000e+00   2.9987e+02
20260806_04:00:00   7.2238e-01   1.5213e+02   1.5200e+01   0.0000e+00   0.0000e+00   2.9906e+02
20260806_05:00:00   7.2693e-01   1.5257e+02   1.5215e+01   0.0000e+00   0.0000e+00   2.9817e+02
20260806_06:00:00   7.1517e-01   1.5086e+02   1.4965e+01   0.0000e+00   0.0000e+00   2.9888e+02
20260806_07:00:00   7.1620e-01   1.5076e+02   1.4938e+01   0.0000e+00   0.0000e+00   3.0115e+02
20260806_08:00:00   7.1230e-01   1.5006e+02   1.4861e+01   0.0000e+00   0.0000e+00   3.0248e+02
20260806_09:00:00   7.1576e-01   1.5034e+02   1.4954e+01   0.0000e+00   0.0000e+00   3.0412e+02
20260806_10:00:00   7.1812e-01   1.5047e+02   1.5018e+01   0.0000e+00   0.0000e+00   3.0653e+02
20260806_11:00:00   7.2483e-01   1.5118e+02   1.5167e+01   0.0000e+00   0.0000e+00   3.0779e+02
20260806_12:00:00   7.2935e-01   1.5164e+02   1.5258e+01   0.0000e+00   0.0000e+00   3.0487e+02
20260806_13:00:00   7.2944e-01   1.5164e+02   1.5238e+01   0.0000e+00   0.0000e+00   3.0505e+02
20260806_14:00:00   7.3317e-01   1.5224e+02   1.5278e+01   0.0000e+00   0.0000e+00   3.0424e+02
20260806_15:00:00   7.3228e-01   1.5240e+02   1.5257e+01   0.0000e+00   0.0000e+00   3.0632e+02
20260806_16:00:00   7.2154e-01   1.5123e+02   1.5084e+01   0.0000e+00   0.0000e+00   3.0641e+02
20260806_17:00:00   7.1752e-01   1.5096e+02   1.5070e+01   0.0000e+00   0.0000e+00   3.0627e+02
20260806_18:00:00   7.0506e-01   1.4938e+02   1.4924e+01   0.0000e+00   0.0000e+00   3.0296e+02
20260806_19:00:00   6.9838e-01   1.4863e+02   1.4877e+01   0.0000e+00   0.0000e+00   3.0092e+02
20260806_20:00:00   7.1436e-01   1.5108e+02   1.5270e+01   0.0000e+00   2.3620e-07   3.0102e+02
20260806_21:00:00   7.4072e-01   1.5472e+02   1.5871e+01   5.0880e-06   7.7095e-05   3.0006e+02
20260806_22:00:00   7.8169e-01   1.6016e+02   1.6731e+01   2.3715e-04   2.0401e-03   2.9988e+02
20260806_23:00:00   8.1260e-01   1.6418e+02   1.7331e+01   9.7184e-04   6.5903e-03   2.9994e+02
20260807_00:00:00   8.3152e-01   1.6674e+02   1.7721e+01   4.9188e-04   5.9725e-03   2.9995e+02
20260807_01:00:00   8.5426e-01   1.6987e+02   1.8157e+01   6.6000e-06   4.3724e-04   3.0023e+02
20260807_02:00:00   8.8094e-01   1.7343e+02   1.8594e+01   0.0000e+00   6.9900e-04   3.0106e+02
20260807_03:00:00   9.3057e-01   1.7932e+02   1.9396e+01   0.0000e+00   8.5817e-03   3.0025e+02
20260807_04:00:00   9.8458e-01   1.8497e+02   2.0168e+01   0.0000e+00   1.0274e-02   3.0113e+02
20260807_05:00:00   9.9521e-01   1.8583e+02   2.0190e+01   0.0000e+00   0.0000e+00   3.0054e+02
20260807_06:00:00   9.5965e-01   1.8205e+02   1.9485e+01   0.0000e+00   0.0000e+00   2.9948e+02
20260807_07:00:00   9.3855e-01   1.7965e+02   1.9099e+01   0.0000e+00   0.0000e+00   2.9910e+02
20260807_08:00:00   9.3846e-01   1.7942e+02   1.9048e+01   0.0000e+00   0.0000e+00   2.9823e+02
20260807_09:00:00   9.4394e-01   1.7984e+02   1.9082e+01   0.0000e+00   0.0000e+00   2.9746e+02
20260807_10:00:00   9.4301e-01   1.7961e+02   1.9028e+01   0.0000e+00   0.0000e+00   2.9812e+02
20260807_11:00:00   9.5441e-01   1.8065e+02   1.9280e+01   0.0000e+00   0.0000e+00   2.9796e+02
20260807_12:00:00   9.7652e-01   1.8270e+02   1.9712e+01   0.0000e+00   0.0000e+00   2.9794e+02
20260807_13:00:00   9.7977e-01   1.8293e+02   1.9717e+01   0.0000e+00   0.0000e+00   2.9672e+02
20260807_14:00:00   9.6553e-01   1.8163e+02   1.9367e+01   0.0000e+00   0.0000e+00   2.9754e+02
20260807_15:00:00   9.6111e-01   1.8150e+02   1.9284e+01   0.0000e+00   0.0000e+00   2.9973e+02
20260807_16:00:00   9.5178e-01   1.8075e+02   1.9185e+01   0.0000e+00   0.0000e+00   2.9899e+02
20260807_17:00:00   9.3260e-01   1.7901e+02   1.8925e+01   0.0000e+00   0.0000e+00   2.9740e+02
20260807_18:00:00   9.1646e-01   1.7748e+02   1.8739e+01   0.0000e+00   0.0000e+00   2.9978e+02
20260807_19:00:00   9.3650e-01   1.7972e+02   1.9244e+01   2.8720e-04   4.5461e-04   3.0098e+02
20260807_20:00:00   9.8747e-01   1.8504e+02   2.0314e+01   4.1140e-04   4.5414e-03   2.9913e+02
20260807_21:00:00   1.0410e+00   1.9064e+02   2.1284e+01   3.2025e-03   1.4196e-02   3.0040e+02
20260807_22:00:00   1.1113e+00   1.9755e+02   2.2675e+01   3.1971e-03   1.9032e-02   3.0006e+02
20260807_23:00:00   1.1744e+00   2.0352e+02   2.3739e+01   6.3417e-03   4.3145e-02   3.0066e+02
20260808_00:00:00   1.2318e+00   2.0861e+02   2.4555e+01   1.0651e-02   4.9806e-02   3.0177e+02
20260808_01:00:00   1.3631e+00   2.1857e+02   2.5476e+01   4.2897e-02   5.5542e-02   3.0041e+02
20260808_02:00:00   1.3446e+00   2.1771e+02   2.5891e+01   2.1360e-02   6.8179e-02   3.0029e+02
20260808_03:00:00   1.2962e+00   2.1426e+02   2.5797e+01   2.6880e-04   1.7488e-03   3.0050e+02
20260808_04:00:00   1.2844e+00   2.1300e+02   2.5468e+01   0.0000e+00   1.5058e-02   3.0110e+02
20260808_05:00:00   1.2443e+00   2.0927e+02   2.4652e+01   0.0000e+00   4.7514e-05   3.0021e+02
20260808_06:00:00   1.2257e+00   2.0731e+02   2.4247e+01   0.0000e+00   0.0000e+00   2.9860e+02
20260808_07:00:00   1.2271e+00   2.0742e+02   2.4220e+01   0.0000e+00   0.0000e+00   2.9844e+02
20260808_08:00:00   1.2108e+00   2.0614e+02   2.3831e+01   0.0000e+00   0.0000e+00   2.9763e+02
20260808_09:00:00   1.1915e+00   2.0452e+02   2.3339e+01   0.0000e+00   0.0000e+00   2.9722e+02
20260808_10:00:00   1.1871e+00   2.0416e+02   2.3162e+01   0.0000e+00   0.0000e+00   2.9805e+02
20260808_11:00:00   1.1574e+00   2.0162e+02   2.2572e+01   0.0000e+00   0.0000e+00   2.9919e+02
20260808_12:00:00   1.1734e+00   2.0287e+02   2.2777e+01   0.0000e+00   0.0000e+00   2.9969e+02
20260808_15:00:00   1.1186e+00   1.9827e+02   2.1811e+01   0.0000e+00   0.0000e+00   2.9942e+02
20260808_18:00:00   1.1175e+00   1.9912e+02   2.2132e+01   1.9678e-07   6.8541e-07   2.9662e+02
20260808_21:00:00   1.3007e+00   2.1446e+02   2.4379e+01   3.6641e-02   1.4704e-02   2.9745e+02
20260809_00:00:00   1.3192e+00   2.1682e+02   2.6215e+01   4.0274e-03   1.2992e-02   2.9801e+02
20260809_03:00:00   1.2683e+00   2.1215e+02   2.5087e+01   5.7677e-04   1.4766e-02   2.9684e+02
20260809_06:00:00   1.2240e+00   2.0753e+02   2.4153e+01   0.0000e+00   0.0000e+00   2.9901e+02
20260809_09:00:00   1.1478e+00   2.0041e+02   2.2716e+01   0.0000e+00   0.0000e+00   2.9933e+02
20260809_12:00:00   1.0866e+00   1.9425e+02   2.1441e+01   0.0000e+00   0.0000e+00   2.9791e+02
20260809_15:00:00   1.0285e+00   1.8908e+02   2.0266e+01   0.0000e+00   0.0000e+00   2.9897e+02
20260809_18:00:00   1.0041e+00   1.8784e+02   2.0060e+01   0.0000e+00   0.0000e+00   2.9975e+02
20260809_21:00:00   1.0232e+00   1.8982e+02   2.1069e+01   1.3858e-04   1.2527e-04   2.9746e+02
20260810_00:00:00   1.1868e+00   2.0408e+02   2.3370e+01   1.9586e-02   1.5319e-01   2.9973e+02
20260810_03:00:00   1.0534e+00   1.9185e+02   2.1588e+01   0.0000e+00   9.0320e-04   3.0093e+02
20260810_06:00:00   1.0108e+00   1.8667e+02   2.0527e+01   0.0000e+00   0.0000e+00   2.9910e+02
20260810_09:00:00   1.0310e+00   1.8820e+02   2.0731e+01   0.0000e+00   1.3800e-04   2.9998e+02
20260810_12:00:00   1.0278e+00   1.8772e+02   2.0501e+01   0.0000e+00   0.0000e+00   3.0085e+02
20260810_15:00:00   1.0202e+00   1.8734e+02   2.0216e+01   0.0000e+00   0.0000e+00   3.0173e+02
20260810_18:00:00   9.8931e-01   1.8488e+02   2.0293e+01   0.0000e+00   2.9082e-03   3.0005e+02
20260810_21:00:00   1.1255e+00   1.9806e+02   2.3148e+01   2.6811e-03   1.6286e-02   3.0136e+02
20260811_00:00:00   1.1386e+00   1.9950e+02   2.3547e+01   1.0648e-04   5.2976e-03   3.0122e+02
20260811_03:00:00   1.0710e+00   1.9272e+02   2.1971e+01   1.1845e-04   3.1659e-04   3.0279e+02
20260811_06:00:00   1.0806e+00   1.9247e+02   2.1982e+01   0.0000e+00   3.9180e-06   3.0242e+02
20260811_09:00:00   1.0316e+00   1.8767e+02   2.0843e+01   0.0000e+00   3.6820e-05   2.9973e+02
20260811_12:00:00   1.0146e+00   1.8580e+02   2.0244e+01   0.0000e+00   6.7740e-05   3.0108e+02
20260811_15:00:00   1.0581e+00   1.8980e+02   2.1160e+01   0.0000e+00   1.0571e-03   3.0225e+02
20260811_18:00:00   1.1317e+00   1.9758e+02   2.2711e+01   4.5960e-05   8.3156e-04   3.0389e+02
20260811_21:00:00   1.1985e+00   2.0435e+02   2.3972e+01   4.4164e-03   1.1750e-02   3.0053e+02
20260812_00:00:00   1.2571e+00   2.1008e+02   2.4958e+01   2.9682e-03   4.2428e-03   2.9837e+02
20260812_03:00:00   1.2272e+00   2.0774e+02   2.3924e+01   5.2740e-03   1.2206e-03   2.9943e+02
20260812_06:00:00   1.1184e+00   1.9667e+02   2.2066e+01   0.0000e+00   0.0000e+00   3.0158e+02
20260812_09:00:00   1.1323e+00   1.9753e+02   2.2231e+01   0.0000e+00   0.0000e+00   3.0220e+02
20260812_12:00:00   1.0944e+00   1.9370e+02   2.1471e+01   0.0000e+00   0.0000e+00   3.0067e+02
20260812_15:00:00   1.0943e+00   1.9372e+02   2.1331e+01   0.0000e+00   6.1280e-04   3.0421e+02
20260812_18:00:00   1.0689e+00   1.9233e+02   2.1126e+01   2.4500e-06   3.8030e-03   3.0305e+02
20260812_21:00:00   1.1916e+00   2.0408e+02   2.3264e+01   8.2606e-03   2.5921e-02   3.0478e+02
20260813_00:00:00   1.4258e+00   2.2230e+02   2.6465e+01   1.8567e-02   4.4290e-02   3.0431e+02
20260813_03:00:00   1.2503e+00   2.0894e+02   2.4280e+01   8.3516e-04   5.1271e-03   3.0261e+02
20260813_06:00:00   1.1398e+00   1.9806e+02   2.2181e+01   0.0000e+00   2.9963e-03   3.0401e+02
20260813_09:00:00   1.1325e+00   1.9665e+02   2.1952e+01   0.0000e+00   4.8980e-06   3.0332e+02
20260813_12:00:00   1.1778e+00   2.0024e+02   2.2529e+01   0.0000e+00   7.5520e-06   3.0613e+02
20260813_15:00:00   1.1450e+00   1.9779e+02   2.1602e+01   0.0000e+00   0.0000e+00   3.0909e+02
20260813_18:00:00   1.1259e+00   1.9717e+02   2.1344e+01   2.2606e-03   4.1825e-04   3.0581e+02
20260813_21:00:00   1.3504e+00   2.1575e+02   2.4965e+01   1.6186e-02   8.4912e-02   3.0500e+02
20260814_00:00:00   1.3425e+00   2.1602e+02   2.5099e+01   5.3257e-03   7.2088e-03   3.0361e+02
20260814_03:00:00   1.2224e+00   2.0692e+02   2.2713e+01   0.0000e+00   0.0000e+00   3.0498e+02
20260814_06:00:00   1.2015e+00   2.0353e+02   2.2144e+01   0.0000e+00   0.0000e+00   3.0480e+02
20260814_09:00:00   1.1976e+00   2.0236e+02   2.1914e+01   9.8227e-04   3.3904e-05   3.0493e+02
20260814_12:00:00   1.1413e+00   1.9719e+02   2.0812e+01   0.0000e+00   0.0000e+00   3.0693e+02
20260814_15:00:00   1.0119e+00   1.8513e+02   1.8571e+01   0.0000e+00   0.0000e+00   3.1117e+02
20260814_18:00:00   9.1300e-01   1.7593e+02   1.7267e+01   0.0000e+00   0.0000e+00   3.1260e+02
20260814_21:00:00   9.1588e-01   1.7589e+02   1.7938e+01   1.9184e-03   4.7339e-04   3.1439e+02
20260815_00:00:00   9.0880e-01   1.7512e+02   1.8096e+01   1.9760e-04   2.1403e-03   3.1567e+02
20260815_03:00:00   8.9586e-01   1.7402e+02   1.7604e+01   0.0000e+00   0.0000e+00   3.1436e+02
20260815_06:00:00   9.2828e-01   1.7682e+02   1.7891e+01   0.0000e+00   1.3198e-06   3.1319e+02
20260815_09:00:00   9.0592e-01   1.7358e+02   1.7475e+01   0.0000e+00   0.0000e+00   3.1157e+02
20260815_12:00:00   8.1256e-01   1.6236e+02   1.5673e+01   0.0000e+00   0.0000e+00   3.1228e+02
20260815_15:00:00   7.9269e-01   1.6006e+02   1.5043e+01   0.0000e+00   0.0000e+00   3.1442e+02
20260815_18:00:00   6.6349e-01   1.4310e+02   1.2989e+01   0.0000e+00   0.0000e+00   3.1197e+02
20260815_21:00:00   6.8839e-01   1.4649e+02   1.3952e+01   0.0000e+00   0.0000e+00   3.1100e+02
20260816_00:00:00   8.3580e-01   1.6598e+02   1.6854e+01   4.6199e-04   1.8048e-03   3.0804e+02
20260816_03:00:00   8.4554e-01   1.6716e+02   1.6779e+01   0.0000e+00   0.0000e+00   3.0681e+02
20260816_06:00:00   7.9853e-01   1.6131e+02   1.5667e+01   0.0000e+00   0.0000e+00   3.0703e+02
20260816_09:00:00   1.0614e+00   1.9004e+02   2.0051e+01   0.0000e+00   0.0000e+00   3.0337e+02
20260816_12:00:00   1.0651e+00   1.9040e+02   1.9990e+01   0.0000e+00   0.0000e+00   3.0500e+02
20260816_15:00:00   1.1617e+00   1.9941e+02   2.1687e+01   0.0000e+00   0.0000e+00   3.0285e+02
20260816_18:00:00   1.2592e+00   2.0931e+02   2.3628e+01   0.0000e+00   1.8401e-03   3.0497e+02
20260816_21:00:00   1.3895e+00   2.1946e+02   2.5795e+01   1.4216e-02   1.4843e-02   3.0317e+02
20260817_00:00:00   1.8414e+00   2.4362e+02   3.1626e+01   2.3232e-02   3.6922e-01   3.0219e+02
20260817_03:00:00   1.5496e+00   2.2935e+02   2.8508e+01   1.0930e-04   2.7023e-03   3.0289e+02
20260817_06:00:00   1.6260e+00   2.3340e+02   2.9430e+01   0.0000e+00   1.7254e-04   3.0496e+02
20260817_09:00:00   1.5892e+00   2.3118e+02   2.8686e+01   0.0000e+00   9.4793e-04   3.0433e+02
20260817_12:00:00   1.6217e+00   2.3290e+02   2.8693e+01   0.0000e+00   8.8740e-06   3.0336e+02
20260817_15:00:00   1.7210e+00   2.3845e+02   2.9889e+01   0.0000e+00   0.0000e+00   3.0396e+02
20260817_18:00:00   1.6212e+00   2.3435e+02   2.9039e+01   1.3344e-03   1.5267e-03   3.0240e+02
20260817_21:00:00   1.6805e+00   2.3794e+02   2.8562e+01   5.1750e-02   8.2115e-03   3.0203e+02
20260818_00:00:00   1.9007e+00   2.4788e+02   2.9008e+01   1.3848e-01   8.4420e-03   3.0208e+02
20260818_03:00:00   1.8920e+00   2.4751e+02   3.1060e+01   6.4426e-02   1.0497e-02   3.0170e+02
20260818_06:00:00   2.0036e+00   2.5163e+02   3.5435e+01   6.6000e-06   9.9637e-02   2.9836e+02
20260818_09:00:00   1.8833e+00   2.4674e+02   3.2973e+01   4.4280e-05   4.6699e-06   2.9926e+02
20260818_12:00:00   1.8922e+00   2.4675e+02   3.2486e+01   3.1480e-06   0.0000e+00   2.9985e+02
20260818_15:00:00   1.9362e+00   2.4920e+02   3.2529e+01   4.7586e-03   0.0000e+00   2.9820e+02
20260818_18:00:00   1.9395e+00   2.5064e+02   3.2249e+01   2.9169e-02   7.8700e-07   2.9949e+02
20260818_21:00:00   1.6079e+00   2.3490e+02   2.8946e+01   1.4847e-02   1.1422e-04   2.9755e+02
20260819_00:00:00   1.6199e+00   2.3532e+02   2.8042e+01   4.6488e-02   4.2785e-04   2.9898e+02
20260819_03:00:00   1.3666e+00   2.1927e+02   2.5550e+01   0.0000e+00   3.3580e-05   2.9770e+02
20260819_06:00:00   1.4847e+00   2.2673e+02   2.6984e+01   0.0000e+00   2.1620e-05   2.9727e+02
20260819_09:00:00   1.4984e+00   2.2737e+02   2.7051e+01   0.0000e+00   3.3556e-03   2.9992e+02
20260819_12:00:00   1.5718e+00   2.3166e+02   2.7894e+01   0.0000e+00   7.0706e-04   2.9963e+02
