#            date       tau255        Tb[K]      pwv[mm] lwp[kg*m^-2] iwp[kg*m^-2]       o3[DU]
20261002_00:00:00   5.4698e-01   1.2450e+02   1.1362e+01   0.0000e+00   0.0000e+00   2.6164e+02
20261002_01:00:00   5.5361e-01   1.2559e+02   1.1447e+01   0.0000e+00   0.0000e+00   2.6220e+02
20261002_02:00:00   5.4485e-01   1.2400e+02   1.1205e+01   0.0000e+00   0.0000e+00   2.6261e+02
20261002_03:00:00   5.3604e-01   1.2248e+02   1.0973e+01   0.0000e+00   0.0000e+00   2.6273e+02
20261002_04:00:00   5.2706e-01   1.2089e+02   1.0762e+01   0.0000e+00   0.0000e+00   2.6220e+02
20261002_05:00:00   5.2333e-01   1.2018e+02   1.0667e+01   0.0000e+00   0.0000e+00   2.6160e+02
20261002_06:00:00   5.1754e-01   1.1915e+02   1.0526e+01   0.0000e+00   0.0000e+00   2.6173e+02
20261002_07:00:00   5.2228e-01   1.1984e+02   1.0602e+01   0.0000e+00   4.0673e-06   2.6258e+02
20261002_08:00:00   5.2335e-01   1.1992e+02   1.0615e+01   0.0000e+00   1.4276e-04   2.6098e+02
20261002_09:00:00   5.2891e-01   1.2077e+02   1.0729e+01   0.0000e+00   6.0000e-04   2.6021e+02
20261002_10:00:00   5.2878e-01   1.2067e+02   1.0725e+01   0.0000e+00   8.7460e-04   2.6093e+02
20261002_11:00:00   5.2235e-01   1.1960e+02   1.0554e+01   0.0000e+00   8.3120e-06   2.6058e+02
20261002_12:00:00   5.2222e-01   1.1953e+02   1.0527e+01   0.0000e+00   0.0000e+00   2.6049e+02
20261002_13:00:00   5.2551e-01   1.1997e+02   1.0590e+01   0.0000e+00   0.0000e+00   2.5993e+02
20261002_14:00:00   5.3399e-01   1.2121e+02   1.0779e+01   0.0000e+00   0.0000e+00   2.5850e+02
20261002_15:00:00   5.4126e-01   1.2227e+02   1.0933e+01   0.0000e+00   2.4280e-04   2.5902e+02
20261002_16:00:00   5.5593e-01   1.2465e+02   1.1283e+01   0.0000e+00   8.0378e-03   2.6135e+02
20261002_17:00:00   5.6543e-01   1.2628e+02   1.1543e+01   0.0000e+00   8.0661e-03   2.6221e+02
20261002_18:00:00   5.6476e-01   1.2633e+02   1.1600e+01   0.0000e+00   9.2578e-03   2.6258e+02
20261002_19:00:00   5.6244e-01   1.2609e+02   1.1621e+01   0.0000e+00   5.7169e-03   2.6322e+02
20261002_20:00:00   5.7331e-01   1.2780e+02   1.1859e+01   0.0000e+00   1.5175e-01   2.6321e+02
20261002_21:00:00   6.1046e-01   1.3323e+02   1.2638e+01   0.0000e+00   2.8365e-01   2.6374e+02
20261002_22:00:00   6.1715e-01   1.3457e+02   1.2842e+01   0.0000e+00   1.5562e-02   2.6523e+02
20261002_23:00:00   6.2424e-01   1.3577e+02   1.3012e+01   0.0000e+00   1.2980e-03   2.6555e+02
20261003_00:00:00   6.2687e-01   1.3621e+02   1.3056e+01   0.0000e+00   8.0719e-04   2.6421e+02
20261003_01:00:00   6.4485e-01   1.3870e+02   1.3394e+01   0.0000e+00   5.3346e-02   2.6365e+02
20261003_02:00:00   6.5650e-01   1.4001e+02   1.3594e+01   0.0000e+00   1.5295e-01   2.6253e+02
20261003_03:00:00   6.8282e-01   1.4343e+02   1.4052e+01   0.0000e+00   3.4052e-01   2.6192e+02
20261003_04:00:00   7.1152e-01   1.4736e+02   1.4721e+01   0.0000e+00   2.8112e-02   2.6242e+02
20261003_05:00:00   6.9585e-01   1.4549e+02   1.4303e+01   0.0000e+00   1.1318e-02   2.6151e+02
20261003_06:00:00   6.8891e-01   1.4477e+02   1.4051e+01   0.0000e+00   1.3565e-03   2.6160e+02
20261003_07:00:00   6.7862e-01   1.4348e+02   1.3759e+01   0.0000e+00   5.5261e-05   2.6126e+02
20261003_08:00:00   6.8314e-01   1.4414e+02   1.3798e+01   0.0000e+00   7.1760e-05   2.6091e+02
20261003_09:00:00   6.7744e-01   1.4339e+02   1.3627e+01   0.0000e+00   6.3180e-05   2.6089e+02
20261003_10:00:00   6.7636e-01   1.4326e+02   1.3514e+01   0.0000e+00   0.0000e+00   2.6174e+02
20261003_11:00:00   6.7773e-01   1.4346e+02   1.3464e+01   0.0000e+00   0.0000e+00   2.6201e+02
20261003_12:00:00   6.7662e-01   1.4320e+02   1.3409e+01   0.0000e+00   0.0000e+00   2.6344e+02
20261003_13:00:00   6.8121e-01   1.4369e+02   1.3505e+01   0.0000e+00   2.4500e-06   2.6388e+02
20261003_14:00:00   6.7947e-01   1.4333e+02   1.3474e+01   0.0000e+00   0.0000e+00   2.6302e+02
20261003_15:00:00   6.8266e-01   1.4375e+02   1.3505e+01   0.0000e+00   0.0000e+00   2.6317e+02
20261003_16:00:00   6.8907e-01   1.4482e+02   1.3640e+01   0.0000e+00   1.0822e-06   2.6324e+02
20261003_17:00:00   6.9356e-01   1.4563e+02   1.3798e+01   0.0000e+00   1.7458e-04   2.6402e+02
20261003_18:00:00   6.9957e-01   1.4668e+02   1.4000e+01   0.0000e+00   8.6025e-04   2.6413e+02
20261003_19:00:00   6.9436e-01   1.4611e+02   1.4002e+01   0.0000e+00   4.6616e-03   2.6328e+02
20261003_20:00:00   6.8884e-01   1.4541e+02   1.4002e+01   0.0000e+00   1.4112e-02   2.6237e+02
20261003_21:00:00   6.7571e-01   1.4348e+02   1.3868e+01   0.0000e+00   2.2952e-02   2.6176e+02
20261003_22:00:00   6.6898e-01   1.4255e+02   1.3827e+01   0.0000e+00   2.7259e-03   2.6062e+02
20261003_23:00:00   6.5777e-01   1.4098e+02   1.3650e+01   0.0000e+00   9.3856e-04   2.5843e+02
20261004_00:00:00   6.6633e-01   1.4200e+02   1.3860e+01   0.0000e+00   4.3624e-02   2.5687e+02
20261004_01:00:00   6.7975e-01   1.4379e+02   1.4107e+01   0.0000e+00   5.3390e-02   2.5838e+02
20261004_02:00:00   6.6321e-01   1.4139e+02   1.3732e+01   0.0000e+00   5.3070e-03   2.6010e+02
20261004_03:00:00   6.4179e-01   1.3827e+02   1.3230e+01   0.0000e+00   1.0287e-05   2.6169e+02
20261004_04:00:00   6.3322e-01   1.3697e+02   1.3002e+01   0.0000e+00   1.0864e-04   2.6351e+02
20261004_05:00:00   6.2974e-01   1.3651e+02   1.2848e+01   0.0000e+00   1.4761e-04   2.6388e+02
20261004_06:00:00   6.2504e-01   1.3589e+02   1.2653e+01   0.0000e+00   5.3890e-06   2.6419e+02
20261004_07:00:00   6.1479e-01   1.3437e+02   1.2384e+01   0.0000e+00   9.7980e-06   2.6589e+02
20261004_08:00:00   6.2606e-01   1.3606e+02   1.2534e+01   0.0000e+00   1.5920e-05   2.6831e+02
20261004_09:00:00   6.4460e-01   1.3886e+02   1.2801e+01   0.0000e+00   0.0000e+00   2.6946e+02
20261004_10:00:00   6.5242e-01   1.4004e+02   1.2877e+01   0.0000e+00   0.0000e+00   2.6889e+02
20261004_11:00:00   6.6569e-01   1.4192e+02   1.3079e+01   0.0000e+00   9.8380e-08   2.6608e+02
20261004_12:00:00   6.8135e-01   1.4413e+02   1.3341e+01   0.0000e+00   8.5470e-05   2.6433e+02
20261004_13:00:00   6.8749e-01   1.4496e+02   1.3427e+01   0.0000e+00   2.6821e-04   2.6380e+02
20261004_14:00:00   6.8871e-01   1.4515e+02   1.3403e+01   0.0000e+00   2.6901e-04   2.6491e+02
20261004_15:00:00   6.9133e-01   1.4558e+02   1.3373e+01   0.0000e+00   4.8000e-05   2.6508e+02
20261004_16:00:00   7.0692e-01   1.4812e+02   1.3627e+01   0.0000e+00   8.2340e-06   2.6646e+02
20261004_17:00:00   7.2264e-01   1.5057e+02   1.3958e+01   0.0000e+00   6.7510e-05   2.6893e+02
20261004_18:00:00   7.2845e-01   1.5160e+02   1.4118e+01   0.0000e+00   4.2862e-05   2.6990e+02
20261004_19:00:00   7.1840e-01   1.5043e+02   1.4004e+01   0.0000e+00   0.0000e+00   2.7157e+02
20261004_20:00:00   7.0490e-01   1.4873e+02   1.3809e+01   0.0000e+00   0.0000e+00   2.7262e+02
20261004_21:00:00   7.2987e-01   1.5208e+02   1.4337e+01   0.0000e+00   0.0000e+00   2.7199e+02
20261004_22:00:00   7.5717e-01   1.5566e+02   1.4921e+01   0.0000e+00   5.3880e-06   2.7098e+02
20261004_23:00:00   8.0343e-01   1.6152e+02   1.5853e+01   0.0000e+00   2.1497e-05   2.6981e+02
20261005_00:00:00   8.3373e-01   1.6519e+02   1.6412e+01   0.0000e+00   3.3619e-05   2.6799e+02
20261005_01:00:00   8.3627e-01   1.6551e+02   1.6388e+01   0.0000e+00   3.2521e-05   2.6793e+02
20261005_02:00:00   8.1433e-01   1.6291e+02   1.5815e+01   0.0000e+00   1.9594e-06   2.6844e+02
20261005_03:00:00   8.0276e-01   1.6160e+02   1.5367e+01   0.0000e+00   0.0000e+00   2.6831e+02
20261005_04:00:00   7.9101e-01   1.6017e+02   1.4930e+01   0.0000e+00   0.0000e+00   2.6921e+02
20261005_05:00:00   7.7748e-01   1.5840e+02   1.4569e+01   0.0000e+00   0.0000e+00   2.6998e+02
20261005_06:00:00   7.4602e-01   1.5422e+02   1.3930e+01   0.0000e+00   0.0000e+00   2.7069e+02
20261005_07:00:00   7.0215e-01   1.4813e+02   1.3114e+01   0.0000e+00   0.0000e+00   2.7038e+02
20261005_08:00:00   6.7860e-01   1.4465e+02   1.2677e+01   0.0000e+00   0.0000e+00   2.6979e+02
20261005_09:00:00   6.8313e-01   1.4509e+02   1.2753e+01   0.0000e+00   0.0000e+00   2.6918e+02
20261005_10:00:00   6.8614e-01   1.4533e+02   1.2793e+01   0.0000e+00   0.0000e+00   2.6949e+02
20261005_11:00:00   6.7268e-01   1.4327e+02   1.2546e+01   0.0000e+00   0.0000e+00   2.7001e+02
20261005_12:00:00   6.8803e-01   1.4524e+02   1.2831e+01   0.0000e+00   0.0000e+00   2.6976e+02
20261005_13:00:00   7.0737e-01   1.4774e+02   1.3192e+01   0.0000e+00   0.0000e+00   2.6898e+02
20261005_14:00:00   7.2531e-01   1.5002e+02   1.3549e+01   0.0000e+00   0.0000e+00   2.6931e+02
20261005_15:00:00   7.3896e-01   1.5181e+02   1.3773e+01   0.0000e+00   0.0000e+00   2.6926e+02
20261005_16:00:00   7.4696e-01   1.5303e+02   1.3945e+01   0.0000e+00   0.0000e+00   2.6943e+02
20261005_17:00:00   7.3985e-01   1.5238e+02   1.3856e+01   0.0000e+00   0.0000e+00   2.6971e+02
20261005_18:00:00   7.2686e-01   1.5099e+02   1.3674e+01   0.0000e+00   0.0000e+00   2.6938e+02
20261005_19:00:00   7.2396e-01   1.5063e+02   1.3711e+01   0.0000e+00   0.0000e+00   2.6933e+02
20261005_20:00:00   7.3044e-01   1.5150e+02   1.3958e+01   0.0000e+00   0.0000e+00   2.6948e+02
20261005_21:00:00   7.8626e-01   1.5853e+02   1.5131e+01   0.0000e+00   1.3602e-05   2.6951e+02
20261005_22:00:00   8.1721e-01   1.6237e+02   1.5756e+01   3.2360e-06   3.6601e-04   2.6817e+02
20261005_23:00:00   8.4566e-01   1.6587e+02   1.6284e+01   9.9260e-05   2.9985e-03   2.6536e+02
20261006_00:00:00   8.7937e-01   1.6990e+02   1.6872e+01   1.0976e-04   5.1228e-03   2.6350e+02
20261006_01:00:00   9.1767e-01   1.7440e+02   1.7484e+01   6.8520e-05   2.8247e-03   2.6307e+02
20261006_02:00:00   9.5176e-01   1.7831e+02   1.7915e+01   1.3864e-05   8.5844e-05   2.6432e+02
20261006_03:00:00   9.7378e-01   1.8066e+02   1.8098e+01   0.0000e+00   0.0000e+00   2.6514e+02
20261006_04:00:00   9.5755e-01   1.7899e+02   1.7737e+01   0.0000e+00   0.0000e+00   2.6638e+02
20261006_05:00:00   9.4420e-01   1.7764e+02   1.7444e+01   0.0000e+00   0.0000e+00   2.6782e+02
20261006_06:00:00   9.4656e-01   1.7795e+02   1.7385e+01   0.0000e+00   0.0000e+00   2.6896e+02
20261006_07:00:00   9.6512e-01   1.7988e+02   1.7613e+01   0.0000e+00   0.0000e+00   2.6889e+02
20261006_08:00:00   9.7394e-01   1.8071e+02   1.7729e+01   0.0000e+00   0.0000e+00   2.6925e+02
20261006_09:00:00   9.7310e-01   1.8055e+02   1.7697e+01   0.0000e+00   0.0000e+00   2.6932e+02
20261006_10:00:00   9.6288e-01   1.7932e+02   1.7491e+01   0.0000e+00   0.0000e+00   2.6899e+02
20261006_11:00:00   9.4439e-01   1.7715e+02   1.7169e+01   0.0000e+00   0.0000e+00   2.6840e+02
20261006_12:00:00   9.2481e-01   1.7486e+02   1.6849e+01   0.0000e+00   0.0000e+00   2.6808e+02
20261006_13:00:00   9.0571e-01   1.7264e+02   1.6522e+01   0.0000e+00   0.0000e+00   2.6697e+02
20261006_14:00:00   8.8514e-01   1.7024e+02   1.6160e+01   0.0000e+00   0.0000e+00   2.6681e+02
20261006_15:00:00   8.8102e-01   1.6974e+02   1.6072e+01   0.0000e+00   0.0000e+00   2.6734e+02
20261006_16:00:00   8.7346e-01   1.6908e+02   1.5972e+01   0.0000e+00   0.0000e+00   2.6758e+02
20261006_17:00:00   8.6286e-01   1.6820e+02   1.5863e+01   0.0000e+00   0.0000e+00   2.6739e+02
20261006_18:00:00   8.5280e-01   1.6738e+02   1.5779e+01   0.0000e+00   0.0000e+00   2.6725e+02
20261006_19:00:00   8.4402e-01   1.6663e+02   1.5711e+01   0.0000e+00   0.0000e+00   2.6688e+02
20261006_20:00:00   8.3427e-01   1.6558e+02   1.5653e+01   0.0000e+00   0.0000e+00   2.6596e+02
20261006_21:00:00   8.3372e-01   1.6562e+02   1.5759e+01   0.0000e+00   2.2740e-06   2.6505e+02
20261006_22:00:00   8.4265e-01   1.6672e+02   1.6024e+01   1.4914e-05   1.4870e-05   2.6520e+02
20261006_23:00:00   8.5471e-01   1.6810e+02   1.6371e+01   8.3080e-05   1.0700e-04   2.6463e+02
20261007_00:00:00   8.7051e-01   1.6989e+02   1.6699e+01   5.2900e-05   1.4112e-04   2.6352e+02
20261007_03:00:00   8.4458e-01   1.6682e+02   1.5921e+01   0.0000e+00   0.0000e+00   2.6281e+02
20261007_06:00:00   8.1760e-01   1.6336e+02   1.5325e+01   0.0000e+00   0.0000e+00   2.5994e+02
20261007_09:00:00   7.8255e-01   1.5882e+02   1.4611e+01   0.0000e+00   0.0000e+00   2.6049e+02
20261007_12:00:00   7.3326e-01   1.5224e+02   1.3617e+01   0.0000e+00   0.0000e+00   2.5368e+02
20261007_15:00:00   7.2164e-01   1.5054e+02   1.3290e+01   0.0000e+00   0.0000e+00   2.5192e+02
20261007_18:00:00   6.9132e-01   1.4708e+02   1.2925e+01   0.0000e+00   0.0000e+00   2.5025e+02
20261007_21:00:00   6.3247e-01   1.3880e+02   1.2217e+01   0.0000e+00   0.0000e+00   2.4801e+02
20261008_00:00:00   6.5521e-01   1.4203e+02   1.2895e+01   0.0000e+00   0.0000e+00   2.4422e+02
20261008_03:00:00   6.7065e-01   1.4391e+02   1.3001e+01   0.0000e+00   0.0000e+00   2.4239e+02
20261008_06:00:00   6.5328e-01   1.4126e+02   1.2550e+01   0.0000e+00   0.0000e+00   2.3966e+02
20261008_09:00:00   6.6561e-01   1.4275e+02   1.2755e+01   0.0000e+00   1.9678e-07   2.3725e+02
20261008_12:00:00   6.6140e-01   1.4189e+02   1.2668e+01   0.0000e+00   1.8050e-04   2.3459e+02
20261008_15:00:00   6.7323e-01   1.4316e+02   1.2961e+01   0.0000e+00   7.1640e-04   2.3238e+02
20261008_18:00:00   6.3433e-01   1.3816e+02   1.2380e+01   0.0000e+00   7.8560e-05   2.3404e+02
20261008_21:00:00   6.5013e-01   1.4050e+02   1.2975e+01   0.0000e+00   0.0000e+00   2.3548e+02
20261009_00:00:00   7.4541e-01   1.5347e+02   1.4985e+01   0.0000e+00   1.0304e-02   2.3447e+02
20261009_03:00:00   7.7577e-01   1.5739e+02   1.5236e+01   0.0000e+00   6.4057e-03   2.3658e+02
20261009_06:00:00   7.8839e-01   1.5896e+02   1.5232e+01   0.0000e+00   1.1519e-02   2.4002e+02
20261009_09:00:00   7.8936e-01   1.5884e+02   1.5180e+01   0.0000e+00   1.6623e-03   2.3894e+02
20261009_12:00:00   7.9668e-01   1.5941e+02   1.5194e+01   0.0000e+00   5.2780e-04   2.4124e+02
20261009_15:00:00   8.5929e-01   1.6584e+02   1.7050e+01   0.0000e+00   1.5402e-02   2.4461e+02
20261009_18:00:00   8.6866e-01   1.6762e+02   1.7407e+01   0.0000e+00   1.5488e-02   2.4559e+02
20261009_21:00:00   9.2546e-01   1.7452e+02   1.8476e+01   0.0000e+00   1.3784e-02   2.4489e+02
20261010_00:00:00   1.0388e+00   1.8667e+02   2.0655e+01   7.1180e-05   2.3789e-02   2.4525e+02
20261010_03:00:00   9.8505e-01   1.8195e+02   1.8946e+01   0.0000e+00   1.2154e-02   2.4603e+02
20261010_06:00:00   9.0920e-01   1.7416e+02   1.6649e+01   0.0000e+00   0.0000e+00   2.4203e+02
20261010_09:00:00   8.9504e-01   1.7221e+02   1.6173e+01   9.8380e-08   0.0000e+00   2.4275e+02
20261010_12:00:00   9.1467e-01   1.7409e+02   1.6353e+01   0.0000e+00   0.0000e+00   2.4423e+02
20261010_15:00:00   9.0321e-01   1.7245e+02   1.6187e+01   0.0000e+00   0.0000e+00   2.4334e+02
20261010_18:00:00   9.1347e-01   1.7417e+02   1.6785e+01   0.0000e+00   6.2960e-07   2.4383e+02
20261010_21:00:00   9.2325e-01   1.7520e+02   1.7498e+01   0.0000e+00   1.0126e-04   2.4171e+02
20261011_00:00:00   1.0160e+00   1.8534e+02   1.9006e+01   4.0841e-03   7.2549e-03   2.4333e+02
20261011_03:00:00   1.0098e+00   1.8454e+02   1.8773e+01   1.5675e-04   5.1180e-05   2.4067e+02
20261011_06:00:00   9.4675e-01   1.7760e+02   1.7468e+01   0.0000e+00   0.0000e+00   2.4325e+02
20261011_09:00:00   9.2080e-01   1.7422e+02   1.6890e+01   0.0000e+00   0.0000e+00   2.4490e+02
20261011_12:00:00   8.7543e-01   1.6906e+02   1.5941e+01   0.0000e+00   0.0000e+00   2.4972e+02
20261011_15:00:00   8.3793e-01   1.6459e+02   1.5137e+01   0.0000e+00   0.0000e+00   2.5096e+02
20261011_18:00:00   7.8645e-01   1.5924e+02   1.4420e+01   0.0000e+00   0.0000e+00   2.5369e+02
20261011_21:00:00   7.0283e-01   1.4845e+02   1.3451e+01   0.0000e+00   0.0000e+00   2.4985e+02
20261012_00:00:00   7.7207e-01   1.5756e+02   1.5040e+01   0.0000e+00   0.0000e+00   2.4962e+02
20261012_03:00:00   7.7010e-01   1.5704e+02   1.4787e+01   0.0000e+00   0.0000e+00   2.5007e+02
20261012_06:00:00   7.2353e-01   1.5050e+02   1.3809e+01   0.0000e+00   0.0000e+00   2.4965e+02
20261012_09:00:00   6.8966e-01   1.4570e+02   1.3080e+01   0.0000e+00   0.0000e+00   2.4754e+02
20261012_12:00:00   6.7727e-01   1.4380e+02   1.2767e+01   0.0000e+00   0.0000e+00   2.5128e+02
20261012_15:00:00   6.6166e-01   1.4142e+02   1.2371e+01   0.0000e+00   0.0000e+00   2.5475e+02
20261012_18:00:00   5.8661e-01   1.3088e+02   1.1133e+01   0.0000e+00   0.0000e+00   2.5202e+02
20261012_21:00:00   4.8747e-01   1.1476e+02   9.5695e+00   0.0000e+00   0.0000e+00   2.4742e+02
20261013_00:00:00   6.1956e-01   1.3578e+02   1.2225e+01   4.1640e-05   5.8780e-06   2.4882e+02
20261013_03:00:00   6.9693e-01   1.4687e+02   1.3328e+01   0.0000e+00   0.0000e+00   2.4767e+02
20261013_06:00:00   7.3151e-01   1.5154e+02   1.3707e+01   0.0000e+00   0.0000e+00   2.4705e+02
20261013_09:00:00   7.1350e-01   1.4902e+02   1.3237e+01   0.0000e+00   0.0000e+00   2.4562e+02
20261013_12:00:00   6.5949e-01   1.4123e+02   1.2117e+01   0.0000e+00   0.0000e+00   2.4557e+02
20261013_15:00:00   6.4889e-01   1.3940e+02   1.1836e+01   0.0000e+00   0.0000e+00   2.4632e+02
20261013_18:00:00   7.0504e-01   1.4812e+02   1.3004e+01   0.0000e+00   0.0000e+00   2.4647e+02
20261013_21:00:00   7.7809e-01   1.5795e+02   1.4690e+01   0.0000e+00   0.0000e+00   2.4730e+02
20261014_00:00:00   9.3340e-01   1.7638e+02   1.7390e+01   1.9678e-07   3.9218e-06   2.4986e+02
20261014_03:00:00   1.0511e+00   1.8794e+02   1.8540e+01   8.7480e-05   0.0000e+00   2.5310e+02
20261014_06:00:00   1.0219e+00   1.8464e+02   1.7423e+01   8.7560e-06   0.0000e+00   2.5577e+02
20261014_09:00:00   8.2426e-01   1.6207e+02   1.4061e+01   3.9560e-05   0.0000e+00   2.5997e+02
20261014_12:00:00   7.3954e-01   1.5038e+02   1.2701e+01   5.1940e-05   7.8700e-08   2.6266e+02
20261014_15:00:00   6.8359e-01   1.4204e+02   1.1808e+01   3.6101e-05   2.1163e-06   2.6577e+02
20261014_18:00:00   6.4228e-01   1.3624e+02   1.1693e+01   3.9360e-07   2.0380e-06   2.6659e+02
20261014_21:00:00   6.1786e-01   1.3291e+02   1.1575e+01   9.5635e-05   1.1019e-06   2.6805e+02
20261015_00:00:00   5.6120e-01   1.2458e+02   1.0230e+01   7.6016e-04   5.8864e-06   2.7227e+02
20261015_03:00:00   5.3829e-01   1.1987e+02   9.3961e+00   5.1432e-04   1.8543e-05   2.7546e+02
20261015_06:00:00   4.5035e-01   1.0459e+02   7.6019e+00   1.3584e-04   1.7316e-06   2.7810e+02
20261015_09:00:00   5.1860e-01   1.1540e+02   8.2744e+00   1.9678e-07   1.9678e-07   2.7899e+02
20261015_12:00:00   4.4165e-01   1.0172e+02   6.8961e+00   0.0000e+00   0.0000e+00   2.8579e+02
20261015_15:00:00   2.6421e-01   6.7870e+01   4.1049e+00   0.0000e+00   0.0000e+00   2.9712e+02
20261015_18:00:00   1.9947e-01   5.3820e+01   3.4902e+00   0.0000e+00   0.0000e+00   2.9937e+02
20261015_21:00:00   1.8045e-01   4.9458e+01   3.4434e+00   0.0000e+00   0.0000e+00   2.9020e+02
20261016_00:00:00   2.2275e-01   5.8786e+01   4.4573e+00   0.0000e+00   0.0000e+00   2.8553e+02
20261016_03:00:00   2.8498e-01   7.2021e+01   5.7095e+00   0.0000e+00   0.0000e+00   2.8319e+02
20261016_06:00:00   3.2905e-01   8.0907e+01   6.6438e+00   0.0000e+00   0.0000e+00   2.8084e+02
20261016_09:00:00   3.5381e-01   8.5652e+01   7.2213e+00   0.0000e+00   5.6690e-03   2.7722e+02
20261016_12:00:00   3.8567e-01   9.1431e+01   7.9759e+00   0.0000e+00   5.1740e-03   2.7307e+02
20261016_15:00:00   4.3345e-01   9.9705e+01   9.0291e+00   0.0000e+00   1.1598e-02   2.7155e+02
20261016_18:00:00   4.8828e-01   1.0949e+02   1.0146e+01   0.0000e+00   1.8549e-02   2.7071e+02
20261016_21:00:00   5.8558e-01   1.2494e+02   1.2207e+01   0.0000e+00   2.1634e-02   2.6929e+02
20261017_00:00:00   6.1221e-01   1.2927e+02   1.2608e+01   0.0000e+00   2.7416e-03   2.6963e+02
20261017_03:00:00   6.4516e-01   1.3370e+02   1.3147e+01   0.0000e+00   4.7583e-02   2.7147e+02
20261017_06:00:00   7.6787e-01   1.4979e+02   1.5387e+01   0.0000e+00   5.4738e-02   2.7416e+02
20261017_09:00:00   7.5276e-01   1.4821e+02   1.4967e+01   0.0000e+00   8.3898e-02   2.7480e+02
20261017_12:00:00   7.9801e-01   1.5430e+02   1.5602e+01   0.0000e+00   1.9243e-02   2.6991e+02
20261017_15:00:00   8.8513e-01   1.6524e+02   1.6887e+01   0.0000e+00   1.4934e-02   2.7017e+02
20261017_18:00:00   8.2888e-01   1.6003e+02   1.5799e+01   0.0000e+00   6.0411e-03   2.7071e+02
20261017_21:00:00   6.8458e-01   1.4275e+02   1.3346e+01   0.0000e+00   7.5648e-04   2.7393e+02
20261018_00:00:00   5.5009e-01   1.2349e+02   1.0558e+01   0.0000e+00   0.0000e+00   2.8210e+02
