#            date       tau255        Tb[K]      pwv[mm] lwp[kg*m^-2] iwp[kg*m^-2]       o3[DU]
20260813_18:00:00   1.3468e+00   2.1465e+02   2.4083e+01   1.4084e-03   3.3598e-03   3.2263e+02
20260813_19:00:00   1.5083e+00   2.2478e+02   2.4752e+01   6.0008e-02   1.4499e-01   3.2080e+02
20260813_20:00:00   3.4377e+00   2.7430e+02   2.9397e+01   8.0255e-01   1.6219e+00   3.1943e+02
20260813_21:00:00   1.7544e+00   2.3580e+02   2.7040e+01   7.2983e-02   2.0346e-01   3.2603e+02
20260813_22:00:00   1.6386e+00   2.3071e+02   2.7976e+01   2.5954e-03   4.3955e-01   3.2543e+02
20260813_23:00:00   1.6035e+00   2.2934e+02   2.7474e+01   9.4718e-05   3.1941e-02   3.2713e+02
20260814_00:00:00   1.4924e+00   2.2348e+02   2.5705e+01   1.0956e-04   2.4970e-04   3.2657e+02
20260814_01:00:00   1.5084e+00   2.2465e+02   2.5975e+01   0.0000e+00   3.1148e-05   3.2617e+02
20260814_02:00:00   1.4623e+00   2.2191e+02   2.5241e+01   0.0000e+00   0.0000e+00   3.2508e+02
20260814_03:00:00   1.4360e+00   2.2020e+02   2.4599e+01   0.0000e+00   0.0000e+00   3.2426e+02
20260814_04:00:00   1.4079e+00   2.1814e+02   2.4287e+01   0.0000e+00   9.8380e-08   3.2593e+02
20260814_05:00:00   1.4020e+00   2.1747e+02   2.4392e+01   0.0000e+00   4.8985e-04   3.2670e+02
20260814_06:00:00   1.3489e+00   2.1375e+02   2.3405e+01   0.0000e+00   2.4640e-05   3.2751e+02
20260814_07:00:00   1.2769e+00   2.0849e+02   2.2015e+01   0.0000e+00   0.0000e+00   3.2463e+02
20260814_08:00:00   1.2370e+00   2.0517e+02   2.1399e+01   0.0000e+00   0.0000e+00   3.2183e+02
20260814_09:00:00   1.2119e+00   2.0298e+02   2.1038e+01   0.0000e+00   0.0000e+00   3.2186e+02
20260814_10:00:00   1.1785e+00   2.0012e+02   2.0464e+01   0.0000e+00   0.0000e+00   3.2163e+02
20260814_11:00:00   1.1465e+00   1.9737e+02   1.9814e+01   0.0000e+00   0.0000e+00   3.2260e+02
20260814_12:00:00   1.1199e+00   1.9504e+02   1.9285e+01   0.0000e+00   0.0000e+00   3.2255e+02
20260814_13:00:00   1.0952e+00   1.9273e+02   1.8844e+01   0.0000e+00   0.0000e+00   3.2361e+02
20260814_14:00:00   1.0959e+00   1.9274e+02   1.8813e+01   0.0000e+00   0.0000e+00   3.2517e+02
20260814_15:00:00   1.1026e+00   1.9367e+02   1.8885e+01   0.0000e+00   0.0000e+00   3.2775e+02
20260814_16:00:00   1.0905e+00   1.9297e+02   1.8719e+01   0.0000e+00   0.0000e+00   3.2624e+02
20260814_17:00:00   1.0240e+00   1.8658e+02   1.7960e+01   0.0000e+00   0.0000e+00   3.2433e+02
20260814_18:00:00   9.0516e-01   1.7351e+02   1.6522e+01   0.0000e+00   0.0000e+00   3.2400e+02
20260814_19:00:00   8.8082e-01   1.7021e+02   1.6504e+01   0.0000e+00   8.2810e-06   3.2429e+02
20260814_20:00:00   9.1265e-01   1.7362e+02   1.7251e+01   1.0086e-04   1.3146e-03   3.2306e+02
20260814_21:00:00   9.7989e-01   1.8076e+02   1.8504e+01   1.3035e-03   1.9692e-02   3.2200e+02
20260814_22:00:00   1.0934e+00   1.9153e+02   1.9816e+01   2.1116e-02   7.5714e-02   3.1943e+02
20260814_23:00:00   1.1482e+00   1.9652e+02   2.0712e+01   2.4420e-02   1.1035e-01   3.1887e+02
20260815_00:00:00   1.1499e+00   1.9743e+02   2.1275e+01   3.7253e-03   1.9728e-02   3.1919e+02
20260815_01:00:00   1.1069e+00   1.9389e+02   2.0544e+01   1.1918e-03   8.1565e-04   3.1875e+02
20260815_02:00:00   9.9965e-01   1.8367e+02   1.8686e+01   7.7980e-04   1.2207e-04   3.1787e+02
20260815_03:00:00   9.2661e-01   1.7609e+02   1.7355e+01   7.3480e-05   8.8177e-06   3.1805e+02
20260815_04:00:00   9.0744e-01   1.7423e+02   1.6864e+01   0.0000e+00   0.0000e+00   3.1746e+02
20260815_05:00:00   8.8494e-01   1.7180e+02   1.6295e+01   0.0000e+00   0.0000e+00   3.1877e+02
20260815_06:00:00   8.5344e-01   1.6814e+02   1.5521e+01   0.0000e+00   0.0000e+00   3.1888e+02
20260815_07:00:00   8.3654e-01   1.6608e+02   1.5064e+01   0.0000e+00   0.0000e+00   3.1685e+02
20260815_08:00:00   8.1793e-01   1.6364e+02   1.4674e+01   0.0000e+00   0.0000e+00   3.1532e+02
20260815_09:00:00   7.7927e-01   1.5861e+02   1.3978e+01   0.0000e+00   0.0000e+00   3.1641e+02
20260815_10:00:00   7.3677e-01   1.5282e+02   1.3234e+01   0.0000e+00   0.0000e+00   3.1578e+02
20260815_11:00:00   6.9614e-01   1.4702e+02   1.2545e+01   0.0000e+00   0.0000e+00   3.1591e+02
20260815_12:00:00   6.4520e-01   1.3954e+02   1.1658e+01   0.0000e+00   0.0000e+00   3.1472e+02
20260815_13:00:00   6.1167e-01   1.3434e+02   1.1098e+01   0.0000e+00   0.0000e+00   3.1385e+02
20260815_14:00:00   5.9615e-01   1.3179e+02   1.0884e+01   0.0000e+00   0.0000e+00   3.1374e+02
20260815_15:00:00   5.8702e-01   1.3047e+02   1.0796e+01   0.0000e+00   0.0000e+00   3.1315e+02
20260815_16:00:00   5.6433e-01   1.2693e+02   1.0556e+01   0.0000e+00   0.0000e+00   3.1592e+02
20260815_17:00:00   5.2593e-01   1.2041e+02   1.0111e+01   0.0000e+00   0.0000e+00   3.1559e+02
20260815_18:00:00   5.2845e-01   1.2070e+02   1.0329e+01   0.0000e+00   0.0000e+00   3.1740e+02
20260815_19:00:00   5.9852e-01   1.3196e+02   1.1745e+01   0.0000e+00   0.0000e+00   3.1641e+02
20260815_20:00:00   7.1301e-01   1.4885e+02   1.3914e+01   0.0000e+00   3.4400e-06   3.1373e+02
20260815_21:00:00   8.3159e-01   1.6453e+02   1.6126e+01   0.0000e+00   1.1069e-04   3.1170e+02
20260815_22:00:00   9.3583e-01   1.7673e+02   1.8047e+01   2.7386e-04   5.2302e-03   3.1208e+02
20260815_23:00:00   1.0233e+00   1.8595e+02   1.9388e+01   5.8405e-03   1.9666e-02   3.1262e+02
20260816_00:00:00   1.0511e+00   1.8894e+02   2.0016e+01   3.0173e-03   7.1295e-03   3.1314e+02
20260816_01:00:00   1.0612e+00   1.9012e+02   2.0018e+01   5.7022e-03   4.1220e-03   3.1299e+02
20260816_02:00:00   1.0971e+00   1.9353e+02   2.0303e+01   1.1002e-02   3.3900e-03   3.1184e+02
20260816_03:00:00   1.0937e+00   1.9317e+02   2.0471e+01   3.4503e-03   1.7247e-03   3.0931e+02
20260816_04:00:00   1.0579e+00   1.8987e+02   1.9871e+01   6.8580e-05   1.8344e-05   3.0899e+02
20260816_05:00:00   1.0108e+00   1.8525e+02   1.8910e+01   0.0000e+00   0.0000e+00   3.0898e+02
20260816_06:00:00   9.8353e-01   1.8243e+02   1.8319e+01   0.0000e+00   0.0000e+00   3.0985e+02
20260816_07:00:00   9.5966e-01   1.8000e+02   1.7814e+01   0.0000e+00   0.0000e+00   3.0907e+02
20260816_08:00:00   9.5409e-01   1.7930e+02   1.7677e+01   0.0000e+00   0.0000e+00   3.0973e+02
20260816_09:00:00   9.6120e-01   1.7994e+02   1.7790e+01   0.0000e+00   0.0000e+00   3.1047e+02
20260816_10:00:00   9.7779e-01   1.8152e+02   1.8072e+01   0.0000e+00   0.0000e+00   3.1319e+02
20260816_11:00:00   9.8755e-01   1.8244e+02   1.8183e+01   0.0000e+00   0.0000e+00   3.1196e+02
20260816_12:00:00   1.0193e+00   1.8555e+02   1.8679e+01   0.0000e+00   2.4500e-06   3.1268e+02
20260816_13:00:00   1.0757e+00   1.9084e+02   1.9577e+01   0.0000e+00   0.0000e+00   3.1444e+02
20260816_14:00:00   1.1260e+00   1.9551e+02   2.0265e+01   0.0000e+00   4.7520e-06   3.1569e+02
20260816_15:00:00   1.1867e+00   2.0110e+02   2.1110e+01   2.9040e-05   1.5838e-06   3.1593e+02
20260816_16:00:00   1.1974e+00   2.0242e+02   2.1289e+01   3.1680e-05   2.1520e-05   3.1735e+02
20260816_17:00:00   1.2046e+00   2.0369e+02   2.1493e+01   3.1480e-06   9.3880e-05   3.1684e+02
20260816_18:00:00   1.2291e+00   2.0641e+02   2.1997e+01   2.3559e-04   3.8460e-05   3.1506e+02
20260816_19:00:00   1.2354e+00   2.0722e+02   2.2259e+01   6.3866e-04   1.0389e-04   3.1298e+02
20260816_20:00:00   1.2623e+00   2.0944e+02   2.2677e+01   7.9614e-03   2.1912e-03   3.1003e+02
20260816_21:00:00   1.3468e+00   2.1587e+02   2.4108e+01   1.2742e-02   6.7681e-03   3.0853e+02
20260816_22:00:00   1.3864e+00   2.1895e+02   2.4995e+01   8.4265e-03   2.0529e-03   3.0631e+02
20260816_23:00:00   1.3945e+00   2.1972e+02   2.4854e+01   1.6862e-02   1.3828e-03   3.0351e+02
20260817_00:00:00   1.3901e+00   2.1962e+02   2.5206e+01   9.2856e-03   7.7215e-04   3.0069e+02
20260817_01:00:00   1.3417e+00   2.1622e+02   2.4603e+01   6.7794e-03   6.5924e-04   2.9872e+02
20260817_02:00:00   1.2857e+00   2.1210e+02   2.3617e+01   4.9381e-03   1.7950e-05   2.9863e+02
20260817_03:00:00   1.2812e+00   2.1183e+02   2.3459e+01   1.2007e-03   1.3795e-05   3.0112e+02
20260817_04:00:00   1.2608e+00   2.0995e+02   2.2888e+01   2.1775e-04   2.9396e-06   2.9995e+02
20260817_05:00:00   1.2294e+00   2.0722e+02   2.2257e+01   0.0000e+00   0.0000e+00   2.9895e+02
20260817_06:00:00   1.2124e+00   2.0559e+02   2.1857e+01   0.0000e+00   0.0000e+00   2.9866e+02
20260817_07:00:00   1.2078e+00   2.0499e+02   2.1737e+01   0.0000e+00   0.0000e+00   2.9744e+02
20260817_08:00:00   1.1903e+00   2.0336e+02   2.1426e+01   0.0000e+00   0.0000e+00   2.9742e+02
20260817_09:00:00   1.1681e+00   2.0139e+02   2.0943e+01   0.0000e+00   0.0000e+00   2.9761e+02
20260817_10:00:00   1.1293e+00   1.9793e+02   2.0221e+01   0.0000e+00   1.2640e-05   2.9685e+02
20260817_11:00:00   1.0398e+00   1.8948e+02   1.8683e+01   0.0000e+00   4.4181e-05   2.9751e+02
20260817_12:00:00   9.9037e-01   1.8440e+02   1.7732e+01   0.0000e+00   4.3558e-05   2.9729e+02
20260817_13:00:00   1.0417e+00   1.8929e+02   1.8591e+01   0.0000e+00   1.9496e-03   2.9646e+02
20260817_14:00:00   1.0407e+00   1.8910e+02   1.8549e+01   0.0000e+00   3.0380e-03   2.9637e+02
20260817_15:00:00   1.0245e+00   1.8753e+02   1.8445e+01   0.0000e+00   3.2061e-03   2.9668e+02
20260817_16:00:00   9.7997e-01   1.8315e+02   1.7902e+01   0.0000e+00   1.8342e-03   2.9532e+02
20260817_17:00:00   9.2075e-01   1.7690e+02   1.7132e+01   0.0000e+00   3.9335e-03   2.9685e+02
20260817_18:00:00   8.5065e-01   1.6856e+02   1.6292e+01   0.0000e+00   4.9140e-03   2.9700e+02
20260817_19:00:00   8.1942e-01   1.6457e+02   1.6048e+01   0.0000e+00   1.9078e-02   2.9644e+02
20260817_20:00:00   8.2156e-01   1.6461e+02   1.6401e+01   0.0000e+00   1.1214e-02   2.9630e+02
20260817_21:00:00   8.2646e-01   1.6514e+02   1.6681e+01   0.0000e+00   2.5799e-03   2.9562e+02
20260817_22:00:00   8.1252e-01   1.6338e+02   1.6547e+01   0.0000e+00   6.6315e-03   2.9674e+02
20260817_23:00:00   8.0318e-01   1.6217e+02   1.6489e+01   0.0000e+00   1.4440e-02   2.9811e+02
20260818_00:00:00   7.6355e-01   1.5705e+02   1.5757e+01   0.0000e+00   5.1247e-02   2.9697e+02
20260818_01:00:00   7.0349e-01   1.4878e+02   1.4615e+01   0.0000e+00   9.0098e-02   2.9697e+02
20260818_02:00:00   6.7237e-01   1.4429e+02   1.4005e+01   0.0000e+00   7.9295e-02   2.9686e+02
20260818_03:00:00   6.5547e-01   1.4173e+02   1.3594e+01   0.0000e+00   5.2534e-02   2.9713e+02
20260818_04:00:00   6.3709e-01   1.3867e+02   1.3190e+01   0.0000e+00   5.4068e-02   2.9754e+02
20260818_05:00:00   6.0261e-01   1.3297e+02   1.2576e+01   0.0000e+00   2.5889e-02   2.9821e+02
20260818_06:00:00   5.6823e-01   1.2724e+02   1.1922e+01   0.0000e+00   3.6183e-02   2.9732e+02
20260818_07:00:00   5.6761e-01   1.2669e+02   1.1992e+01   0.0000e+00   1.1253e-01   2.9720e+02
20260818_08:00:00   5.6623e-01   1.2620e+02   1.2044e+01   0.0000e+00   9.5600e-03   2.9706e+02
20260818_09:00:00   5.6737e-01   1.2605e+02   1.2055e+01   0.0000e+00   2.3318e-03   2.9955e+02
20260818_10:00:00   5.6183e-01   1.2477e+02   1.1959e+01   0.0000e+00   1.7134e-06   2.9931e+02
20260818_11:00:00   5.5166e-01   1.2295e+02   1.1749e+01   0.0000e+00   2.5846e-03   2.9890e+02
20260818_12:00:00   5.6215e-01   1.2434e+02   1.1979e+01   0.0000e+00   3.4537e-03   2.9896e+02
20260818_13:00:00   5.6915e-01   1.2542e+02   1.2060e+01   0.0000e+00   2.4678e-04   2.9773e+02
20260818_14:00:00   5.8229e-01   1.2757e+02   1.2264e+01   0.0000e+00   8.6960e-05   2.9843e+02
20260818_15:00:00   5.8746e-01   1.2868e+02   1.2328e+01   0.0000e+00   1.1830e-03   2.9769e+02
20260818_16:00:00   5.8608e-01   1.2855e+02   1.2382e+01   0.0000e+00   6.4940e-05   2.9679e+02
20260818_17:00:00   5.8464e-01   1.2835e+02   1.2465e+01   0.0000e+00   3.4272e-05   2.9865e+02
20260818_18:00:00   5.7741e-01   1.2734e+02   1.2372e+01   0.0000e+00   6.6000e-07   2.9865e+02
20260818_21:00:00   6.0851e-01   1.3270e+02   1.3061e+01   0.0000e+00   1.3785e-02   3.0004e+02
20260819_00:00:00   6.7434e-01   1.4171e+02   1.4525e+01   0.0000e+00   3.4306e-03   2.9864e+02
20260819_03:00:00   7.1249e-01   1.4695e+02   1.5004e+01   0.0000e+00   5.2910e-04   3.0191e+02
20260819_06:00:00   6.2297e-01   1.3405e+02   1.2932e+01   0.0000e+00   0.0000e+00   3.0677e+02
20260819_09:00:00   4.4755e-01   1.0622e+02   8.8003e+00   0.0000e+00   0.0000e+00   3.1805e+02
20260819_12:00:00   3.9620e-01   9.6568e+01   7.5566e+00   0.0000e+00   0.0000e+00   3.2510e+02
20260819_15:00:00   3.6298e-01   9.0308e+01   6.8504e+00   0.0000e+00   0.0000e+00   3.3183e+02
20260819_18:00:00   3.4033e-01   8.6056e+01   6.6478e+00   0.0000e+00   0.0000e+00   3.3074e+02
20260819_21:00:00   4.1061e-01   9.8871e+01   8.4016e+00   0.0000e+00   0.0000e+00   3.2305e+02
20260820_00:00:00   4.1897e-01   1.0069e+02   8.7234e+00   0.0000e+00   0.0000e+00   3.1761e+02
20260820_03:00:00   4.9149e-01   1.1400e+02   9.9916e+00   0.0000e+00   0.0000e+00   3.1898e+02
20260820_06:00:00   5.0861e-01   1.1693e+02   1.0083e+01   0.0000e+00   0.0000e+00   3.1298e+02
20260820_09:00:00   5.3180e-01   1.2041e+02   1.0518e+01   0.0000e+00   0.0000e+00   3.1547e+02
20260820_12:00:00   5.1569e-01   1.1763e+02   1.0146e+01   0.0000e+00   0.0000e+00   3.1714e+02
20260820_15:00:00   5.0937e-01   1.1689e+02   9.9314e+00   0.0000e+00   0.0000e+00   3.1481e+02
20260820_18:00:00   5.1032e-01   1.1764e+02   1.0106e+01   0.0000e+00   0.0000e+00   3.1545e+02
20260820_21:00:00   5.2704e-01   1.2071e+02   1.0805e+01   0.0000e+00   0.0000e+00   3.1539e+02
20260821_00:00:00   5.7681e-01   1.2885e+02   1.1946e+01   0.0000e+00   0.0000e+00   3.1549e+02
20260821_03:00:00   5.6801e-01   1.2743e+02   1.1695e+01   0.0000e+00   0.0000e+00   3.2049e+02
20260821_06:00:00   5.3620e-01   1.2220e+02   1.0881e+01   0.0000e+00   0.0000e+00   3.2222e+02
20260821_09:00:00   5.1787e-01   1.1894e+02   1.0456e+01   0.0000e+00   0.0000e+00   3.2392e+02
20260821_12:00:00   5.0786e-01   1.1708e+02   1.0221e+01   0.0000e+00   0.0000e+00   3.1916e+02
20260821_15:00:00   5.2112e-01   1.1936e+02   1.0427e+01   0.0000e+00   0.0000e+00   3.1811e+02
20260821_18:00:00   5.3097e-01   1.2164e+02   1.0711e+01   0.0000e+00   0.0000e+00   3.1585e+02
20260821_21:00:00   5.3705e-01   1.2308e+02   1.1039e+01   0.0000e+00   0.0000e+00   3.1360e+02
20260822_00:00:00   6.2154e-01   1.3635e+02   1.2901e+01   0.0000e+00   0.0000e+00   3.1229e+02
20260822_03:00:00   6.9242e-01   1.4699e+02   1.4046e+01   0.0000e+00   0.0000e+00   3.1065e+02
20260822_06:00:00   6.6751e-01   1.4319e+02   1.3409e+01   0.0000e+00   0.0000e+00   3.0788e+02
20260822_09:00:00   6.4788e-01   1.3992e+02   1.2968e+01   0.0000e+00   0.0000e+00   3.0579e+02
20260822_12:00:00   6.0506e-01   1.3340e+02   1.2070e+01   0.0000e+00   0.0000e+00   3.0288e+02
20260822_15:00:00   6.0321e-01   1.3362e+02   1.1798e+01   0.0000e+00   0.0000e+00   3.0311e+02
20260822_18:00:00   6.5043e-01   1.4177e+02   1.2809e+01   0.0000e+00   0.0000e+00   2.9809e+02
20260822_21:00:00   7.2306e-01   1.5261e+02   1.4587e+01   0.0000e+00   0.0000e+00   2.9469e+02
20260823_00:00:00   8.5583e-01   1.7009e+02   1.7244e+01   0.0000e+00   0.0000e+00   2.9272e+02
20260823_03:00:00   8.4750e-01   1.6873e+02   1.6843e+01   0.0000e+00   0.0000e+00   2.9184e+02
20260823_06:00:00   8.1892e-01   1.6445e+02   1.6239e+01   0.0000e+00   0.0000e+00   2.9332e+02
20260823_09:00:00   7.5949e-01   1.5699e+02   1.4917e+01   0.0000e+00   0.0000e+00   2.9136e+02
20260823_12:00:00   7.0042e-01   1.4890e+02   1.3613e+01   0.0000e+00   0.0000e+00   2.9237e+02
20260823_15:00:00   7.0828e-01   1.5009e+02   1.3639e+01   0.0000e+00   0.0000e+00   2.9172e+02
20260823_18:00:00   6.7840e-01   1.4643e+02   1.3421e+01   0.0000e+00   0.0000e+00   2.8995e+02
20260823_21:00:00   7.0085e-01   1.4935e+02   1.4292e+01   0.0000e+00   0.0000e+00   2.9012e+02
20260824_00:00:00   7.0310e-01   1.4958e+02   1.4552e+01   0.0000e+00   1.1020e-06   2.9142e+02
20260824_03:00:00   7.1843e-01   1.5199e+02   1.4657e+01   0.0000e+00   0.0000e+00   2.9125e+02
20260824_06:00:00   7.3469e-01   1.5395e+02   1.4735e+01   0.0000e+00   0.0000e+00   2.9235e+02
20260824_09:00:00   7.3510e-01   1.5358e+02   1.4681e+01   0.0000e+00   0.0000e+00   2.9297e+02
20260824_12:00:00   6.7263e-01   1.4470e+02   1.3393e+01   0.0000e+00   0.0000e+00   2.9468e+02
20260824_15:00:00   6.4810e-01   1.4114e+02   1.2856e+01   0.0000e+00   0.0000e+00   2.9533e+02
20260824_18:00:00   6.1717e-01   1.3729e+02   1.2433e+01   0.0000e+00   0.0000e+00   2.9473e+02
20260824_21:00:00   6.5946e-01   1.4328e+02   1.3702e+01   0.0000e+00   0.0000e+00   2.9326e+02
20260825_00:00:00   6.6940e-01   1.4428e+02   1.4133e+01   0.0000e+00   1.6956e-05   2.9467e+02
20260825_03:00:00   6.6824e-01   1.4434e+02   1.3883e+01   0.0000e+00   0.0000e+00   2.9216e+02
20260825_06:00:00   7.1698e-01   1.5093e+02   1.4616e+01   0.0000e+00   0.0000e+00   2.9365e+02
20260825_09:00:00   6.4059e-01   1.3994e+02   1.2972e+01   0.0000e+00   0.0000e+00   2.9531e+02
20260825_12:00:00   5.7315e-01   1.2932e+02   1.1601e+01   0.0000e+00   0.0000e+00   2.9389e+02
20260825_15:00:00   5.4620e-01   1.2465e+02   1.1145e+01   0.0000e+00   0.0000e+00   2.9550e+02
20260825_18:00:00   5.3010e-01   1.2225e+02   1.1090e+01   0.0000e+00   0.0000e+00   2.9465e+02
20260825_21:00:00   5.7744e-01   1.2991e+02   1.2280e+01   0.0000e+00   2.7720e-05   2.9709e+02
20260826_00:00:00   6.4199e-01   1.3950e+02   1.3743e+01   0.0000e+00   1.1426e-04   2.9704e+02
20260826_03:00:00   6.5151e-01   1.4135e+02   1.3654e+01   0.0000e+00   0.0000e+00   2.9809e+02
20260826_06:00:00   6.6691e-01   1.4325e+02   1.3723e+01   0.0000e+00   0.0000e+00   2.9965e+02
20260826_09:00:00   6.8584e-01   1.4541e+02   1.4061e+01   0.0000e+00   0.0000e+00   2.9878e+02
20260826_12:00:00   6.9804e-01   1.4681e+02   1.4218e+01   0.0000e+00   4.8990e-06   2.9838e+02
20260826_15:00:00   7.9734e-01   1.5999e+02   1.5982e+01   0.0000e+00   3.3866e-03   3.0086e+02
20260826_18:00:00   8.3147e-01   1.6519e+02   1.6798e+01   0.0000e+00   1.2689e-02   3.0276e+02
20260826_21:00:00   8.5811e-01   1.6881e+02   1.7602e+01   0.0000e+00   4.1895e-03   3.0118e+02
20260827_00:00:00   8.5389e-01   1.6788e+02   1.7683e+01   0.0000e+00   2.8090e-02   3.0004e+02
20260827_03:00:00   7.5384e-01   1.5470e+02   1.5567e+01   0.0000e+00   3.5564e-03   2.9948e+02
20260827_06:00:00   6.5709e-01   1.4020e+02   1.3633e+01   0.0000e+00   0.0000e+00   3.0073e+02
20260827_09:00:00   5.8159e-01   1.2811e+02   1.2116e+01   0.0000e+00   0.0000e+00   3.0570e+02
20260827_12:00:00   5.0749e-01   1.1604e+02   1.0511e+01   0.0000e+00   0.0000e+00   3.0794e+02
20260827_15:00:00   4.2206e-01   1.0153e+02   8.5992e+00   0.0000e+00   0.0000e+00   3.1549e+02
20260827_18:00:00   3.9750e-01   9.7451e+01   8.2335e+00   0.0000e+00   0.0000e+00   3.1788e+02
20260827_21:00:00   4.2070e-01   1.0216e+02   8.8188e+00   0.0000e+00   0.0000e+00   3.1065e+02
20260828_00:00:00   4.4534e-01   1.0658e+02   9.4607e+00   0.0000e+00   0.0000e+00   3.0816e+02
20260828_03:00:00   4.4843e-01   1.0744e+02   9.3648e+00   0.0000e+00   0.0000e+00   3.0701e+02
20260828_06:00:00   4.2906e-01   1.0344e+02   8.8599e+00   0.0000e+00   0.0000e+00   3.0576e+02
20260828_09:00:00   3.8614e-01   9.4969e+01   7.9309e+00   0.0000e+00   0.0000e+00   3.0609e+02
20260828_12:00:00   3.6239e-01   9.0093e+01   7.4331e+00   0.0000e+00   0.0000e+00   3.0644e+02
20260828_15:00:00   3.6201e-01   9.0006e+01   7.3891e+00   0.0000e+00   0.0000e+00   3.0604e+02
20260828_18:00:00   3.7767e-01   9.3631e+01   7.7599e+00   0.0000e+00   0.0000e+00   3.1001e+02
20260828_21:00:00   4.2279e-01   1.0244e+02   8.8980e+00   0.0000e+00   0.0000e+00   3.0692e+02
20260829_00:00:00   4.3438e-01   1.0463e+02   9.1714e+00   0.0000e+00   0.0000e+00   3.0748e+02
20260829_03:00:00   4.5127e-01   1.0776e+02   9.3395e+00   0.0000e+00   0.0000e+00   3.0689e+02
20260829_06:00:00   4.9154e-01   1.1478e+02   9.9550e+00   0.0000e+00   0.0000e+00   3.0843e+02
20260829_09:00:00   4.9993e-01   1.1604e+02   1.0025e+01   0.0000e+00   0.0000e+00   3.0870e+02
20260829_12:00:00   5.0914e-01   1.1733e+02   1.0128e+01   0.0000e+00   0.0000e+00   3.0608e+02
20260829_15:00:00   5.0341e-01   1.1627e+02   9.9382e+00   0.0000e+00   0.0000e+00   3.0458e+02
20260829_18:00:00   4.6947e-01   1.1103e+02   9.3418e+00   0.0000e+00   0.0000e+00   3.0490e+02
