#            date       tau255        Tb[K]      pwv[mm] lwp[kg*m^-2] iwp[kg*m^-2]       o3[DU]
20260725_12:00:00   1.5502e+00   2.3133e+02   2.8277e+01   0.0000e+00   1.9030e-03   3.0868e+02
20260725_13:00:00   1.5194e+00   2.2931e+02   2.7665e+01   0.0000e+00   2.8769e-03   3.0629e+02
20260725_14:00:00   1.4828e+00   2.2705e+02   2.6989e+01   0.0000e+00   1.9020e-04   3.0618e+02
20260725_15:00:00   1.4401e+00   2.2456e+02   2.6421e+01   0.0000e+00   1.7092e-04   3.0553e+02
20260725_16:00:00   1.4050e+00   2.2242e+02   2.6098e+01   0.0000e+00   2.9776e-04   3.0398e+02
20260725_17:00:00   1.3719e+00   2.2038e+02   2.5815e+01   0.0000e+00   5.8427e-05   3.0121e+02
20260725_18:00:00   1.3406e+00   2.1802e+02   2.5745e+01   0.0000e+00   0.0000e+00   3.0043e+02
20260725_19:00:00   1.3745e+00   2.2032e+02   2.6678e+01   0.0000e+00   0.0000e+00   3.0078e+02
20260725_20:00:00   1.4021e+00   2.2224e+02   2.7321e+01   8.1660e-05   8.6679e-06   2.9992e+02
20260725_21:00:00   1.4181e+00   2.2330e+02   2.7381e+01   7.5080e-03   2.0262e-03   2.9883e+02
20260725_22:00:00   1.4818e+00   2.2694e+02   2.7187e+01   4.2232e-02   3.2179e-02   2.9838e+02
20260725_23:00:00   1.3590e+00   2.1862e+02   2.6151e+01   1.8774e-02   9.3408e-03   2.9743e+02
20260726_00:00:00   1.2988e+00   2.1406e+02   2.5398e+01   1.5362e-02   5.4653e-03   2.9828e+02
20260726_01:00:00   1.2639e+00   2.1166e+02   2.5510e+01   0.0000e+00   2.1360e-05   2.9878e+02
20260726_02:00:00   1.3006e+00   2.1474e+02   2.6162e+01   0.0000e+00   9.2380e-06   2.9852e+02
20260726_03:00:00   1.3398e+00   2.1790e+02   2.6670e+01   0.0000e+00   4.9940e-05   2.9667e+02
20260726_04:00:00   1.3532e+00   2.1860e+02   2.6662e+01   0.0000e+00   0.0000e+00   2.9610e+02
20260726_05:00:00   1.3497e+00   2.1789e+02   2.6331e+01   0.0000e+00   0.0000e+00   2.9693e+02
20260726_06:00:00   1.3409e+00   2.1675e+02   2.6100e+01   0.0000e+00   8.8040e-04   2.9550e+02
20260726_07:00:00   1.3290e+00   2.1549e+02   2.5811e+01   0.0000e+00   8.5140e-04   2.9769e+02
20260726_08:00:00   1.3181e+00   2.1433e+02   2.5597e+01   0.0000e+00   9.2331e-04   2.9812e+02
20260726_09:00:00   1.2985e+00   2.1253e+02   2.5245e+01   0.0000e+00   1.4666e-03   2.9914e+02
20260726_10:00:00   1.2613e+00   2.0941e+02   2.4647e+01   0.0000e+00   1.5500e-03   3.0031e+02
20260726_11:00:00   1.2161e+00   2.0541e+02   2.3856e+01   0.0000e+00   7.8036e-03   2.9875e+02
20260726_12:00:00   1.1986e+00   2.0368e+02   2.3545e+01   0.0000e+00   3.3763e-02   3.0031e+02
20260726_13:00:00   1.1697e+00   2.0116e+02   2.2958e+01   0.0000e+00   6.3324e-04   3.0216e+02
20260726_14:00:00   1.1671e+00   2.0086e+02   2.2909e+01   0.0000e+00   5.2679e-03   3.0296e+02
20260726_15:00:00   1.1541e+00   1.9986e+02   2.2743e+01   0.0000e+00   2.1122e-02   3.0538e+02
20260726_16:00:00   1.1311e+00   1.9793e+02   2.2496e+01   0.0000e+00   1.9828e-02   3.0586e+02
20260726_17:00:00   1.1206e+00   1.9721e+02   2.2472e+01   0.0000e+00   8.6569e-03   3.0372e+02
20260726_18:00:00   1.1208e+00   1.9751e+02   2.2618e+01   0.0000e+00   4.8840e-03   3.0134e+02
20260726_19:00:00   1.1237e+00   1.9779e+02   2.2879e+01   0.0000e+00   1.4136e-02   3.0093e+02
20260726_20:00:00   1.1336e+00   1.9861e+02   2.3274e+01   0.0000e+00   6.9251e-02   3.0104e+02
20260726_21:00:00   1.1533e+00   2.0021e+02   2.3805e+01   5.4120e-05   4.1983e-02   3.0285e+02
20260726_22:00:00   1.1923e+00   2.0347e+02   2.4448e+01   2.2638e-03   3.2388e-02   3.0196e+02
20260726_23:00:00   1.2400e+00   2.0717e+02   2.4769e+01   1.3688e-02   8.6049e-02   3.0133e+02
20260727_00:00:00   1.1864e+00   2.0264e+02   2.4260e+01   3.1140e-03   6.2410e-02   3.0056e+02
20260727_01:00:00   1.1321e+00   1.9768e+02   2.3443e+01   0.0000e+00   4.6555e-02   3.0094e+02
20260727_02:00:00   1.1119e+00   1.9573e+02   2.3047e+01   0.0000e+00   1.2699e-02   3.0066e+02
20260727_03:00:00   1.1224e+00   1.9664e+02   2.3164e+01   0.0000e+00   2.9270e-03   3.0013e+02
20260727_04:00:00   1.1222e+00   1.9639e+02   2.3093e+01   0.0000e+00   2.7263e-03   2.9599e+02
20260727_05:00:00   1.0989e+00   1.9381e+02   2.2624e+01   0.0000e+00   7.6713e-04   2.9608e+02
20260727_06:00:00   1.0559e+00   1.8894e+02   2.1846e+01   0.0000e+00   2.1002e-03   2.9877e+02
20260727_07:00:00   1.0254e+00   1.8553e+02   2.1215e+01   0.0000e+00   2.4724e-03   2.9987e+02
20260727_08:00:00   9.9215e-01   1.8196e+02   2.0519e+01   0.0000e+00   2.5025e-04   2.9917e+02
20260727_09:00:00   9.6738e-01   1.7922e+02   1.9993e+01   0.0000e+00   1.1328e-05   2.9870e+02
20260727_10:00:00   9.6158e-01   1.7833e+02   1.9794e+01   0.0000e+00   2.7000e-06   3.0047e+02
20260727_11:00:00   9.3959e-01   1.7585e+02   1.9288e+01   0.0000e+00   0.0000e+00   3.0209e+02
20260727_12:00:00   8.9682e-01   1.7112e+02   1.8366e+01   0.0000e+00   0.0000e+00   3.0224e+02
20260727_13:00:00   8.4608e-01   1.6530e+02   1.7307e+01   0.0000e+00   0.0000e+00   3.0240e+02
20260727_14:00:00   8.2854e-01   1.6341e+02   1.6911e+01   0.0000e+00   0.0000e+00   3.0302e+02
20260727_15:00:00   8.2238e-01   1.6276e+02   1.6860e+01   0.0000e+00   0.0000e+00   3.0318e+02
20260727_16:00:00   8.1428e-01   1.6197e+02   1.6763e+01   0.0000e+00   0.0000e+00   3.0265e+02
20260727_17:00:00   8.0056e-01   1.6064e+02   1.6505e+01   0.0000e+00   0.0000e+00   3.0232e+02
20260727_18:00:00   7.7700e-01   1.5814e+02   1.6064e+01   0.0000e+00   0.0000e+00   3.0251e+02
20260727_19:00:00   7.6145e-01   1.5664e+02   1.5800e+01   0.0000e+00   0.0000e+00   3.0190e+02
20260727_20:00:00   7.5926e-01   1.5687e+02   1.5802e+01   0.0000e+00   0.0000e+00   3.0025e+02
20260727_21:00:00   7.8006e-01   1.5991e+02   1.6270e+01   0.0000e+00   4.7220e-07   2.9968e+02
20260727_22:00:00   8.1742e-01   1.6472e+02   1.7061e+01   0.0000e+00   3.0498e-05   3.0100e+02
20260727_23:00:00   8.4759e-01   1.6857e+02   1.7652e+01   0.0000e+00   1.5510e-04   3.0188e+02
20260728_00:00:00   8.7883e-01   1.7252e+02   1.8253e+01   2.4500e-04   2.7086e-04   3.0178e+02
20260728_01:00:00   9.0110e-01   1.7527e+02   1.8674e+01   0.0000e+00   1.2518e-04   3.0115e+02
20260728_02:00:00   8.9713e-01   1.7513e+02   1.8534e+01   0.0000e+00   0.0000e+00   3.0327e+02
20260728_03:00:00   9.1240e-01   1.7703e+02   1.8662e+01   0.0000e+00   0.0000e+00   3.0296e+02
20260728_04:00:00   9.2190e-01   1.7796e+02   1.8675e+01   0.0000e+00   0.0000e+00   3.0208e+02
20260728_05:00:00   9.0589e-01   1.7600e+02   1.8233e+01   0.0000e+00   0.0000e+00   3.0109e+02
20260728_06:00:00   8.7937e-01   1.7269e+02   1.7659e+01   0.0000e+00   0.0000e+00   3.0026e+02
20260728_07:00:00   8.7174e-01   1.7137e+02   1.7493e+01   0.0000e+00   0.0000e+00   2.9947e+02
20260728_08:00:00   8.7230e-01   1.7102e+02   1.7495e+01   0.0000e+00   0.0000e+00   2.9865e+02
20260728_09:00:00   8.6293e-01   1.6968e+02   1.7291e+01   0.0000e+00   0.0000e+00   2.9724e+02
20260728_10:00:00   8.4743e-01   1.6766e+02   1.6955e+01   0.0000e+00   0.0000e+00   2.9696e+02
20260728_11:00:00   8.2774e-01   1.6513e+02   1.6514e+01   0.0000e+00   0.0000e+00   2.9800e+02
20260728_12:00:00   8.1499e-01   1.6345e+02   1.6177e+01   0.0000e+00   0.0000e+00   3.0005e+02
20260728_13:00:00   7.9788e-01   1.6124e+02   1.5779e+01   0.0000e+00   0.0000e+00   3.0035e+02
20260728_14:00:00   7.7038e-01   1.5793e+02   1.5176e+01   0.0000e+00   0.0000e+00   2.9916e+02
20260728_15:00:00   7.3664e-01   1.5373e+02   1.4528e+01   0.0000e+00   0.0000e+00   2.9745e+02
20260728_16:00:00   7.0192e-01   1.4916e+02   1.3905e+01   0.0000e+00   0.0000e+00   2.9641e+02
20260728_17:00:00   6.9632e-01   1.4869e+02   1.3831e+01   0.0000e+00   0.0000e+00   2.9850e+02
20260728_18:00:00   7.0613e-01   1.5052e+02   1.4059e+01   0.0000e+00   0.0000e+00   2.9719e+02
20260728_19:00:00   7.1546e-01   1.5222e+02   1.4338e+01   0.0000e+00   0.0000e+00   2.9702e+02
20260728_20:00:00   7.6751e-01   1.5937e+02   1.5488e+01   0.0000e+00   0.0000e+00   2.9775e+02
20260728_21:00:00   8.0937e-01   1.6467e+02   1.6420e+01   0.0000e+00   0.0000e+00   2.9721e+02
20260728_22:00:00   8.4401e-01   1.6875e+02   1.7212e+01   0.0000e+00   0.0000e+00   3.0095e+02
20260728_23:00:00   8.6063e-01   1.7064e+02   1.7612e+01   2.4500e-06   7.5560e-05   2.9943e+02
20260729_00:00:00   8.6296e-01   1.7085e+02   1.7715e+01   1.9582e-04   7.4171e-04   2.9728e+02
20260729_01:00:00   8.0742e-01   1.6379e+02   1.6731e+01   0.0000e+00   3.2675e-04   2.9774e+02
20260729_02:00:00   7.0525e-01   1.5016e+02   1.4742e+01   0.0000e+00   0.0000e+00   2.9697e+02
20260729_03:00:00   6.3842e-01   1.4062e+02   1.3322e+01   0.0000e+00   0.0000e+00   2.9890e+02
20260729_04:00:00   6.0646e-01   1.3567e+02   1.2567e+01   0.0000e+00   0.0000e+00   2.9990e+02
20260729_05:00:00   5.9474e-01   1.3368e+02   1.2248e+01   0.0000e+00   0.0000e+00   3.0269e+02
20260729_06:00:00   5.9355e-01   1.3325e+02   1.2176e+01   0.0000e+00   0.0000e+00   3.0168e+02
20260729_07:00:00   6.0279e-01   1.3424e+02   1.2365e+01   0.0000e+00   0.0000e+00   3.0146e+02
20260729_08:00:00   5.9945e-01   1.3337e+02   1.2285e+01   0.0000e+00   0.0000e+00   3.0127e+02
20260729_09:00:00   5.8996e-01   1.3179e+02   1.2088e+01   0.0000e+00   0.0000e+00   3.0590e+02
20260729_10:00:00   5.6366e-01   1.2775e+02   1.1525e+01   0.0000e+00   0.0000e+00   3.0878e+02
20260729_11:00:00   5.3259e-01   1.2279e+02   1.0821e+01   0.0000e+00   0.0000e+00   3.0806e+02
20260729_12:00:00   5.1091e-01   1.1910e+02   1.0337e+01   0.0000e+00   0.0000e+00   3.0722e+02
20260729_13:00:00   4.8350e-01   1.1441e+02   9.7539e+00   0.0000e+00   0.0000e+00   3.0557e+02
20260729_14:00:00   4.6515e-01   1.1122e+02   9.3670e+00   0.0000e+00   0.0000e+00   3.0337e+02
20260729_15:00:00   4.5680e-01   1.0988e+02   9.1902e+00   0.0000e+00   0.0000e+00   3.0332e+02
20260729_16:00:00   4.4671e-01   1.0826e+02   8.9977e+00   0.0000e+00   0.0000e+00   3.0326e+02
20260729_17:00:00   4.3656e-01   1.0675e+02   8.7940e+00   0.0000e+00   0.0000e+00   3.0429e+02
20260729_18:00:00   4.3019e-01   1.0596e+02   8.6859e+00   0.0000e+00   0.0000e+00   3.0443e+02
20260729_19:00:00   4.3105e-01   1.0619e+02   8.8060e+00   0.0000e+00   0.0000e+00   3.0324e+02
20260729_20:00:00   4.3576e-01   1.0682e+02   9.0691e+00   0.0000e+00   0.0000e+00   3.0418e+02
20260729_21:00:00   4.6356e-01   1.1160e+02   9.7785e+00   0.0000e+00   0.0000e+00   3.0300e+02
20260729_22:00:00   4.7616e-01   1.1376e+02   1.0126e+01   0.0000e+00   0.0000e+00   3.0361e+02
20260729_23:00:00   4.7954e-01   1.1438e+02   1.0252e+01   0.0000e+00   0.0000e+00   3.0290e+02
20260730_00:00:00   4.8026e-01   1.1449e+02   1.0312e+01   0.0000e+00   0.0000e+00   2.9964e+02
20260730_01:00:00   4.6146e-01   1.1097e+02   9.9565e+00   0.0000e+00   0.0000e+00   2.9901e+02
20260730_02:00:00   4.1948e-01   1.0298e+02   9.1044e+00   0.0000e+00   0.0000e+00   2.9763e+02
20260730_03:00:00   3.9970e-01   9.9233e+01   8.6341e+00   0.0000e+00   0.0000e+00   2.9666e+02
20260730_04:00:00   4.2785e-01   1.0496e+02   9.0966e+00   0.0000e+00   0.0000e+00   2.9589e+02
20260730_05:00:00   4.5659e-01   1.1036e+02   9.5767e+00   0.0000e+00   0.0000e+00   2.9676e+02
20260730_06:00:00   4.8245e-01   1.1486e+02   1.0069e+01   0.0000e+00   0.0000e+00   2.9523e+02
20260730_07:00:00   4.9442e-01   1.1693e+02   1.0279e+01   0.0000e+00   0.0000e+00   2.9486e+02
20260730_08:00:00   5.0189e-01   1.1815e+02   1.0393e+01   0.0000e+00   0.0000e+00   2.9459e+02
20260730_09:00:00   5.0528e-01   1.1865e+02   1.0428e+01   0.0000e+00   0.0000e+00   2.9357e+02
20260730_10:00:00   5.0028e-01   1.1777e+02   1.0308e+01   0.0000e+00   0.0000e+00   2.9448e+02
20260730_11:00:00   4.8838e-01   1.1577e+02   1.0039e+01   0.0000e+00   0.0000e+00   2.9469e+02
20260730_12:00:00   4.8152e-01   1.1455e+02   9.8634e+00   0.0000e+00   0.0000e+00   2.9561e+02
20260730_15:00:00   4.6152e-01   1.1122e+02   9.3344e+00   0.0000e+00   0.0000e+00   2.9546e+02
20260730_18:00:00   3.6063e-01   9.2541e+01   7.4231e+00   0.0000e+00   0.0000e+00   2.9396e+02
20260730_21:00:00   3.7636e-01   9.5109e+01   8.1075e+00   0.0000e+00   0.0000e+00   2.9755e+02
20260731_00:00:00   4.5310e-01   1.0995e+02   9.8452e+00   0.0000e+00   0.0000e+00   2.9890e+02
20260731_03:00:00   5.4196e-01   1.2613e+02   1.1437e+01   0.0000e+00   0.0000e+00   2.9861e+02
20260731_06:00:00   5.8775e-01   1.3290e+02   1.2282e+01   0.0000e+00   0.0000e+00   2.9889e+02
20260731_09:00:00   5.9838e-01   1.3410e+02   1.2559e+01   0.0000e+00   0.0000e+00   2.9791e+02
20260731_12:00:00   6.0930e-01   1.3521e+02   1.2790e+01   0.0000e+00   0.0000e+00   2.9573e+02
20260731_15:00:00   6.2904e-01   1.3831e+02   1.3116e+01   0.0000e+00   0.0000e+00   3.0196e+02
20260731_18:00:00   6.6284e-01   1.4406e+02   1.4062e+01   0.0000e+00   0.0000e+00   2.9976e+02
20260731_21:00:00   7.2429e-01   1.5324e+02   1.5615e+01   0.0000e+00   4.9303e-03   2.9783e+02
20260801_00:00:00   8.0745e-01   1.6446e+02   1.7456e+01   0.0000e+00   1.0534e-06   3.0112e+02
20260801_03:00:00   8.4329e-01   1.6921e+02   1.8035e+01   0.0000e+00   1.8930e-03   2.9740e+02
20260801_06:00:00   8.4701e-01   1.6883e+02   1.8068e+01   0.0000e+00   4.3056e-04   3.0058e+02
20260801_09:00:00   8.5896e-01   1.6946e+02   1.8366e+01   0.0000e+00   0.0000e+00   2.9662e+02
20260801_12:00:00   8.5150e-01   1.6815e+02   1.8183e+01   0.0000e+00   1.4622e-04   2.9966e+02
20260801_15:00:00   8.4893e-01   1.6795e+02   1.7978e+01   0.0000e+00   5.8800e-03   2.9921e+02
20260801_18:00:00   8.8459e-01   1.7271e+02   1.8930e+01   0.0000e+00   0.0000e+00   2.9898e+02
20260801_21:00:00   9.5066e-01   1.8134e+02   2.0397e+01   0.0000e+00   6.2960e-07   3.0029e+02
20260802_00:00:00   1.0248e+00   1.9010e+02   2.1646e+01   1.4798e-04   6.4396e-04   3.0030e+02
20260802_03:00:00   9.9518e-01   1.8722e+02   2.0851e+01   0.0000e+00   0.0000e+00   2.9929e+02
20260802_06:00:00   9.3248e-01   1.7923e+02   1.9446e+01   0.0000e+00   0.0000e+00   2.9545e+02
20260802_09:00:00   9.2248e-01   1.7779e+02   1.9148e+01   0.0000e+00   0.0000e+00   2.9598e+02
20260802_12:00:00   8.7780e-01   1.7241e+02   1.8205e+01   0.0000e+00   0.0000e+00   2.9741e+02
20260802_15:00:00   8.6591e-01   1.7107e+02   1.7870e+01   0.0000e+00   0.0000e+00   2.9818e+02
20260802_18:00:00   8.5204e-01   1.7015e+02   1.7880e+01   0.0000e+00   0.0000e+00   2.9676e+02
20260802_21:00:00   8.7117e-01   1.7275e+02   1.8585e+01   0.0000e+00   0.0000e+00   2.9523e+02
20260803_00:00:00   8.7538e-01   1.7272e+02   1.8936e+01   5.0206e-04   8.7200e-04   2.9488e+02
20260803_03:00:00   8.0910e-01   1.6417e+02   1.7584e+01   0.0000e+00   0.0000e+00   2.9455e+02
20260803_06:00:00   7.2932e-01   1.5277e+02   1.5712e+01   0.0000e+00   0.0000e+00   2.9352e+02
20260803_09:00:00   7.4997e-01   1.5536e+02   1.5861e+01   0.0000e+00   0.0000e+00   2.9386e+02
20260803_12:00:00   7.2376e-01   1.5140e+02   1.5200e+01   0.0000e+00   0.0000e+00   2.9197e+02
20260803_15:00:00   6.8798e-01   1.4668e+02   1.4440e+01   0.0000e+00   0.0000e+00   2.9043e+02
20260803_18:00:00   6.5649e-01   1.4295e+02   1.3900e+01   0.0000e+00   0.0000e+00   2.9009e+02
20260803_21:00:00   7.0244e-01   1.5073e+02   1.5032e+01   0.0000e+00   0.0000e+00   2.8880e+02
20260804_00:00:00   7.6577e-01   1.5967e+02   1.6459e+01   0.0000e+00   4.0160e-05   2.8869e+02
20260804_03:00:00   7.5160e-01   1.5799e+02   1.6108e+01   0.0000e+00   0.0000e+00   2.8760e+02
20260804_06:00:00   7.8385e-01   1.6138e+02   1.6549e+01   0.0000e+00   0.0000e+00   2.8730e+02
20260804_09:00:00   7.4467e-01   1.5596e+02   1.5692e+01   0.0000e+00   0.0000e+00   2.8731e+02
20260804_12:00:00   7.3895e-01   1.5469e+02   1.5552e+01   0.0000e+00   0.0000e+00   2.8967e+02
20260804_15:00:00   7.8277e-01   1.6041e+02   1.6350e+01   0.0000e+00   0.0000e+00   2.9145e+02
20260804_18:00:00   7.9805e-01   1.6369e+02   1.6734e+01   0.0000e+00   0.0000e+00   2.8762e+02
20260804_21:00:00   7.7979e-01   1.6242e+02   1.6584e+01   0.0000e+00   0.0000e+00   2.9142e+02
20260805_00:00:00   9.2631e-01   1.8032e+02   1.9595e+01   2.9880e-04   7.5436e-04   2.9027e+02
20260805_03:00:00   9.5927e-01   1.8374e+02   1.9964e+01   0.0000e+00   0.0000e+00   2.8705e+02
20260805_06:00:00   8.8313e-01   1.7389e+02   1.8259e+01   0.0000e+00   0.0000e+00   2.8838e+02
20260805_09:00:00   8.7725e-01   1.7261e+02   1.8142e+01   0.0000e+00   0.0000e+00   2.9001e+02
20260805_12:00:00   7.8751e-01   1.6164e+02   1.6245e+01   0.0000e+00   0.0000e+00   2.9088e+02
20260805_15:00:00   8.0999e-01   1.6443e+02   1.6591e+01   0.0000e+00   0.0000e+00   2.9172e+02
20260805_18:00:00   8.4184e-01   1.6916e+02   1.7410e+01   0.0000e+00   0.0000e+00   2.9015e+02
20260805_21:00:00   9.5644e-01   1.8256e+02   1.9998e+01   3.6684e-05   2.2445e-04   2.9012e+02
20260806_00:00:00   1.1127e+00   1.9831e+02   2.3084e+01   1.8486e-05   5.5859e-03   2.8825e+02
20260806_03:00:00   1.0690e+00   1.9407e+02   2.2076e+01   0.0000e+00   0.0000e+00   2.9159e+02
20260806_06:00:00   1.0570e+00   1.9081e+02   2.1743e+01   0.0000e+00   7.5660e-06   2.9068e+02
20260806_09:00:00   1.0256e+00   1.8776e+02   2.0914e+01   0.0000e+00   0.0000e+00   2.8916e+02
20260806_12:00:00   1.0445e+00   1.8884e+02   2.1183e+01   0.0000e+00   2.6056e-05   2.9192e+02
20260806_15:00:00   1.0250e+00   1.8739e+02   2.0582e+01   0.0000e+00   0.0000e+00   2.9611e+02
20260806_18:00:00   9.9127e-01   1.8481e+02   2.0177e+01   0.0000e+00   0.0000e+00   2.9466e+02
20260806_21:00:00   1.1429e+00   2.0030e+02   2.3045e+01   8.8366e-04   7.3538e-03   2.9379e+02
20260807_00:00:00   1.1400e+00   2.0013e+02   2.3017e+01   5.4000e-04   1.2435e-02   2.9263e+02
20260807_03:00:00   1.0675e+00   1.9266e+02   2.1508e+01   3.3000e-06   3.6416e-03   2.9589e+02
20260807_06:00:00   1.0560e+00   1.9030e+02   2.1100e+01   0.0000e+00   0.0000e+00   2.9604e+02
20260807_09:00:00   9.6232e-01   1.8020e+02   1.9335e+01   0.0000e+00   3.3968e-03   2.9393e+02
20260807_12:00:00   9.2804e-01   1.7663e+02   1.8453e+01   0.0000e+00   0.0000e+00   2.9492e+02
20260807_15:00:00   9.3021e-01   1.7711e+02   1.8432e+01   0.0000e+00   0.0000e+00   2.9582e+02
20260807_18:00:00   9.1536e-01   1.7623e+02   1.8410e+01   0.0000e+00   0.0000e+00   2.9534e+02
20260807_21:00:00   9.6941e-01   1.8266e+02   1.9671e+01   1.2978e-03   1.1586e-02   2.9521e+02
20260808_00:00:00   1.0732e+00   1.9368e+02   2.1753e+01   1.4244e-03   9.1368e-03   2.9527e+02
20260808_03:00:00   1.2412e+00   2.0809e+02   2.2761e+01   3.9492e-02   1.1173e-01   2.9652e+02
20260808_06:00:00   1.0848e+00   1.9450e+02   2.1383e+01   0.0000e+00   0.0000e+00   2.9789e+02
20260808_09:00:00   1.0596e+00   1.9148e+02   2.0890e+01   0.0000e+00   1.7750e-04   2.9661e+02
20260808_12:00:00   1.0617e+00   1.9119e+02   2.0679e+01   0.0000e+00   5.3680e-06   2.9697e+02
20260808_15:00:00   9.9225e-01   1.8465e+02   1.9273e+01   0.0000e+00   0.0000e+00   2.9803e+02
20260808_18:00:00   9.4488e-01   1.8070e+02   1.8684e+01   0.0000e+00   1.6069e-05   2.9648e+02
20260808_21:00:00   1.0359e+00   1.9030e+02   2.0696e+01   2.2442e-03   9.6734e-03   2.9492e+02
20260809_00:00:00   1.1374e+00   2.0068e+02   2.2712e+01   3.3160e-05   1.2700e-03   2.9259e+02
20260809_03:00:00   1.1945e+00   2.0555e+02   2.3394e+01   1.8370e-05   2.3859e-03   2.9342e+02
20260809_06:00:00   1.0890e+00   1.9445e+02   2.1386e+01   0.0000e+00   0.0000e+00   2.9649e+02
20260809_09:00:00   1.0513e+00   1.9045e+02   2.0625e+01   0.0000e+00   0.0000e+00   2.9670e+02
20260809_12:00:00   9.7310e-01   1.8251e+02   1.8959e+01   0.0000e+00   0.0000e+00   2.9710e+02
20260809_15:00:00   1.0448e+00   1.8956e+02   2.0298e+01   0.0000e+00   1.7234e-05   2.9888e+02
20260809_18:00:00   1.1356e+00   1.9890e+02   2.2006e+01   1.8192e-03   1.6639e-04   2.9660e+02
20260809_21:00:00   1.1836e+00   2.0411e+02   2.2984e+01   4.6499e-03   8.5614e-03   2.9621e+02
20260810_00:00:00   1.1545e+00   2.0172e+02   2.2678e+01   8.4518e-04   5.9830e-03   2.9510e+02
20260810_03:00:00   9.8239e-01   1.8413e+02   1.9422e+01   0.0000e+00   0.0000e+00   2.9573e+02
20260810_06:00:00   8.6471e-01   1.7042e+02   1.7131e+01   0.0000e+00   7.9864e-04   2.9768e+02
20260810_09:00:00   8.4295e-01   1.6744e+02   1.6613e+01   0.0000e+00   2.0722e-03   2.9906e+02
20260810_12:00:00   8.8669e-01   1.7232e+02   1.7084e+01   0.0000e+00   6.1675e-04   2.9708e+02
