#            date       tau255        Tb[K]      pwv[mm] lwp[kg*m^-2] iwp[kg*m^-2]       o3[DU]
20260808_06:00:00   1.3142e+00   2.1453e+02   2.5477e+01   0.0000e+00   5.4286e-03   3.1714e+02
20260808_07:00:00   1.3151e+00   2.1462e+02   2.5416e+01   9.0380e-04   3.8665e-04   3.1634e+02
20260808_08:00:00   1.3093e+00   2.1411e+02   2.5292e+01   6.8340e-04   4.2399e-04   3.1562e+02
20260808_09:00:00   1.3067e+00   2.1380e+02   2.5255e+01   3.1639e-04   5.7640e-05   3.1627e+02
20260808_10:00:00   1.2968e+00   2.1297e+02   2.5122e+01   0.0000e+00   0.0000e+00   3.1348e+02
20260808_11:00:00   1.2960e+00   2.1284e+02   2.5124e+01   0.0000e+00   9.5100e-06   3.1156e+02
20260808_12:00:00   1.3023e+00   2.1322e+02   2.5228e+01   0.0000e+00   9.7068e-06   3.0965e+02
20260808_13:00:00   1.3062e+00   2.1350e+02   2.5268e+01   0.0000e+00   5.6060e-05   3.0990e+02
20260808_14:00:00   1.3137e+00   2.1417e+02   2.5348e+01   0.0000e+00   0.0000e+00   3.1139e+02
20260808_15:00:00   1.3196e+00   2.1503e+02   2.5429e+01   0.0000e+00   7.9380e-06   3.1148e+02
20260808_16:00:00   1.3282e+00   2.1629e+02   2.5583e+01   0.0000e+00   0.0000e+00   3.1085e+02
20260808_17:00:00   1.3214e+00   2.1634e+02   2.5533e+01   0.0000e+00   2.1020e-06   3.1084e+02
20260808_18:00:00   1.2757e+00   2.1270e+02   2.5056e+01   2.3833e-05   1.9725e-05   3.1051e+02
20260808_19:00:00   1.2333e+00   2.0852e+02   2.4581e+01   2.2530e-03   3.8725e-03   3.0993e+02
20260808_20:00:00   1.2294e+00   2.0788e+02   2.4481e+01   8.0611e-03   1.3562e-02   3.1069e+02
20260808_21:00:00   1.2859e+00   2.1237e+02   2.5451e+01   1.1431e-02   2.3311e-02   3.1086e+02
20260808_22:00:00   1.4219e+00   2.2220e+02   2.6308e+01   4.9482e-02   5.4878e-02   3.1080e+02
20260808_23:00:00   1.8187e+00   2.4430e+02   2.8768e+01   1.5239e-01   2.0296e-01   3.0815e+02
20260809_00:00:00   1.6718e+00   2.3809e+02   3.0682e+01   2.3646e-02   1.0251e-01   3.0733e+02
20260809_01:00:00   1.6047e+00   2.3465e+02   3.0560e+01   1.0978e-03   7.1260e-02   3.0861e+02
20260809_02:00:00   1.5378e+00   2.3063e+02   2.9656e+01   9.7980e-06   4.2940e-02   3.1003e+02
20260809_03:00:00   1.5059e+00   2.2864e+02   2.9127e+01   0.0000e+00   3.8997e-03   3.0898e+02
20260809_04:00:00   1.5226e+00   2.2955e+02   2.9351e+01   0.0000e+00   3.6290e-03   3.0890e+02
20260809_05:00:00   1.5151e+00   2.2898e+02   2.9242e+01   0.0000e+00   3.3720e-03   3.0868e+02
20260809_06:00:00   1.4975e+00   2.2766e+02   2.8975e+01   8.2140e-06   9.5645e-04   3.0867e+02
20260809_07:00:00   1.4830e+00   2.2656e+02   2.8589e+01   1.1582e-03   2.9274e-03   3.0935e+02
20260809_08:00:00   1.4524e+00   2.2461e+02   2.7910e+01   0.0000e+00   2.0232e-03   3.0977e+02
20260809_09:00:00   1.4313e+00   2.2322e+02   2.7335e+01   1.0514e-03   7.2760e-04   3.0952e+02
20260809_10:00:00   1.4233e+00   2.2270e+02   2.7090e+01   0.0000e+00   5.4520e-04   3.0983e+02
20260809_11:00:00   1.3937e+00   2.2061e+02   2.6511e+01   0.0000e+00   1.0584e-06   3.0920e+02
20260809_12:00:00   1.3679e+00   2.1871e+02   2.5994e+01   0.0000e+00   0.0000e+00   3.0926e+02
20260809_13:00:00   1.3170e+00   2.1503e+02   2.5083e+01   0.0000e+00   0.0000e+00   3.1082e+02
20260809_14:00:00   1.2882e+00   2.1281e+02   2.4522e+01   0.0000e+00   0.0000e+00   3.1040e+02
20260809_15:00:00   1.2712e+00   2.1179e+02   2.4264e+01   0.0000e+00   0.0000e+00   3.1270e+02
20260809_16:00:00   1.2397e+00   2.0962e+02   2.3802e+01   0.0000e+00   0.0000e+00   3.1081e+02
20260809_17:00:00   1.2172e+00   2.0794e+02   2.3550e+01   0.0000e+00   0.0000e+00   3.1095e+02
20260809_18:00:00   1.1619e+00   2.0290e+02   2.2824e+01   1.7980e-04   4.8730e-05   3.1126e+02
20260809_19:00:00   1.1392e+00   2.0062e+02   2.2553e+01   1.9246e-03   5.2169e-03   3.1091e+02
20260809_20:00:00   1.1731e+00   2.0334e+02   2.2930e+01   1.1645e-02   2.5943e-02   3.0929e+02
20260809_21:00:00   1.4341e+00   2.2248e+02   2.5242e+01   7.1814e-02   1.0973e-01   3.0722e+02
20260809_22:00:00   1.4396e+00   2.2415e+02   2.7823e+01   3.8368e-03   1.2265e-01   3.0921e+02
20260809_23:00:00   1.4608e+00   2.2520e+02   2.8231e+01   7.6793e-03   2.1313e-01   3.1022e+02
20260810_00:00:00   1.4232e+00   2.2273e+02   2.7823e+01   3.4655e-04   1.0054e-01   3.1153e+02
20260810_01:00:00   1.3317e+00   2.1619e+02   2.6393e+01   0.0000e+00   2.1428e-02   3.1038e+02
20260810_02:00:00   1.3180e+00   2.1508e+02   2.5510e+01   1.5664e-02   2.0243e-02   3.0778e+02
20260810_03:00:00   1.2652e+00   2.1099e+02   2.5021e+01   1.5442e-03   1.3812e-02   3.0679e+02
20260810_04:00:00   1.2342e+00   2.0827e+02   2.4364e+01   0.0000e+00   9.1963e-05   3.0597e+02
20260810_05:00:00   1.2216e+00   2.0701e+02   2.4026e+01   0.0000e+00   1.7088e-04   3.0734e+02
20260810_06:00:00   1.2350e+00   2.0765e+02   2.4242e+01   6.5720e-05   3.9525e-04   3.0724e+02
20260810_07:00:00   1.2414e+00   2.0784e+02   2.4330e+01   0.0000e+00   1.3928e-03   3.0667e+02
20260810_08:00:00   1.2413e+00   2.0764e+02   2.4264e+01   0.0000e+00   7.3480e-06   3.0784e+02
20260810_09:00:00   1.2363e+00   2.0725e+02   2.4153e+01   0.0000e+00   0.0000e+00   3.0931e+02
20260810_10:00:00   1.2245e+00   2.0632e+02   2.3908e+01   0.0000e+00   3.5406e-04   3.1090e+02
20260810_11:00:00   1.2454e+00   2.0783e+02   2.4282e+01   0.0000e+00   2.1176e-03   3.0891e+02
20260810_12:00:00   1.2494e+00   2.0797e+02   2.4310e+01   0.0000e+00   5.3437e-04   3.1195e+02
20260810_13:00:00   1.2641e+00   2.0883e+02   2.4571e+01   0.0000e+00   5.8732e-04   3.1220e+02
20260810_14:00:00   1.2823e+00   2.1008e+02   2.4918e+01   0.0000e+00   5.2149e-03   3.1057e+02
20260810_15:00:00   1.2934e+00   2.1105e+02   2.5165e+01   0.0000e+00   1.7109e-03   3.0859e+02
20260810_16:00:00   1.2864e+00   2.1072e+02   2.5168e+01   0.0000e+00   2.6452e-03   3.0880e+02
20260810_17:00:00   1.2856e+00   2.1106e+02   2.5251e+01   0.0000e+00   4.8531e-03   3.0933e+02
20260810_18:00:00   1.2960e+00   2.1228e+02   2.5488e+01   2.0556e-03   6.4798e-03   3.0890e+02
20260810_19:00:00   1.3003e+00   2.1267e+02   2.5684e+01   4.5777e-03   2.3914e-02   3.0754e+02
20260810_20:00:00   1.3223e+00   2.1412e+02   2.6087e+01   6.1860e-03   3.3362e-02   3.0903e+02
20260810_21:00:00   1.4992e+00   2.2574e+02   2.6536e+01   7.1921e-02   8.8767e-02   3.0860e+02
20260810_22:00:00   1.3959e+00   2.1981e+02   2.7329e+01   6.5865e-03   7.9234e-02   3.0858e+02
20260810_23:00:00   1.4349e+00   2.2251e+02   2.7750e+01   1.1217e-02   1.0124e-01   3.0691e+02
20260811_00:00:00   1.3914e+00   2.1966e+02   2.7370e+01   2.7524e-03   2.5340e-02   3.0648e+02
20260811_01:00:00   1.3051e+00   2.1340e+02   2.6028e+01   0.0000e+00   7.4845e-03   3.0674e+02
20260811_02:00:00   1.2508e+00   2.0900e+02   2.5093e+01   0.0000e+00   5.3157e-04   3.0837e+02
20260811_03:00:00   1.2016e+00   2.0469e+02   2.4052e+01   0.0000e+00   0.0000e+00   3.0819e+02
20260811_04:00:00   1.1820e+00   2.0237e+02   2.3667e+01   0.0000e+00   0.0000e+00   3.0928e+02
20260811_05:00:00   1.1903e+00   2.0263e+02   2.3739e+01   0.0000e+00   0.0000e+00   3.0831e+02
20260811_06:00:00   1.2248e+00   2.0504e+02   2.4075e+01   2.5960e-03   1.4590e-04   3.0764e+02
20260811_07:00:00   1.2343e+00   2.0599e+02   2.4173e+01   0.0000e+00   2.3920e-05   3.0711e+02
20260811_08:00:00   1.2846e+00   2.1015e+02   2.4978e+01   4.6659e-04   8.2742e-05   3.0811e+02
20260811_09:00:00   1.2569e+00   2.0793e+02   2.4499e+01   1.2464e-05   2.4886e-05   3.0786e+02
20260811_10:00:00   1.2444e+00   2.0666e+02   2.4249e+01   0.0000e+00   0.0000e+00   3.0792e+02
20260811_11:00:00   1.2355e+00   2.0589e+02   2.4076e+01   0.0000e+00   0.0000e+00   3.0779e+02
20260811_12:00:00   1.2142e+00   2.0406e+02   2.3719e+01   0.0000e+00   0.0000e+00   3.0932e+02
20260811_13:00:00   1.2168e+00   2.0415e+02   2.3754e+01   0.0000e+00   2.8098e-04   3.0933e+02
20260811_14:00:00   1.2221e+00   2.0469e+02   2.3865e+01   0.0000e+00   2.7376e-03   3.0741e+02
20260811_15:00:00   1.2333e+00   2.0575e+02   2.4078e+01   0.0000e+00   9.8144e-03   3.0526e+02
20260811_16:00:00   1.2352e+00   2.0633e+02   2.4101e+01   0.0000e+00   7.8957e-03   3.0400e+02
20260811_17:00:00   1.2015e+00   2.0426e+02   2.3498e+01   0.0000e+00   1.3786e-02   3.0425e+02
20260811_18:00:00   1.1980e+00   2.0458e+02   2.3476e+01   0.0000e+00   3.1612e-02   3.0675e+02
20260811_19:00:00   1.1826e+00   2.0357e+02   2.3399e+01   5.2800e-06   5.1858e-02   3.0640e+02
20260811_20:00:00   1.1783e+00   2.0325e+02   2.3560e+01   1.2594e-05   3.6411e-02   3.0743e+02
20260811_21:00:00   1.2131e+00   2.0603e+02   2.4336e+01   6.9763e-04   6.4350e-02   3.0868e+02
20260811_22:00:00   1.2653e+00   2.1007e+02   2.5005e+01   8.2653e-03   1.3958e-01   3.0863e+02
20260811_23:00:00   1.3714e+00   2.1730e+02   2.5594e+01   3.9706e-02   1.8571e-01   3.0711e+02
20260812_00:00:00   1.2987e+00   2.1216e+02   2.5730e+01   2.6921e-03   1.4100e-01   3.0787e+02
20260812_01:00:00   1.3077e+00   2.1334e+02   2.5864e+01   4.7934e-04   9.8374e-02   3.0785e+02
20260812_02:00:00   1.3078e+00   2.1333e+02   2.5836e+01   7.7960e-05   5.0544e-02   3.0718e+02
20260812_03:00:00   1.3391e+00   2.1525e+02   2.6068e+01   6.1016e-03   9.4151e-02   3.0802e+02
20260812_04:00:00   1.3238e+00   2.1380e+02   2.6020e+01   5.2300e-05   6.8415e-02   3.0970e+02
20260812_05:00:00   1.3067e+00   2.1239e+02   2.5481e+01   0.0000e+00   1.6277e-03   3.0963e+02
20260812_06:00:00   1.3255e+00   2.1370e+02   2.5570e+01   0.0000e+00   3.4040e-04   3.1016e+02
20260812_07:00:00   1.3178e+00   2.1306e+02   2.5302e+01   0.0000e+00   1.1222e-03   3.1020e+02
20260812_08:00:00   1.3153e+00   2.1288e+02   2.5163e+01   0.0000e+00   1.6522e-03   3.0950e+02
20260812_09:00:00   1.3154e+00   2.1281e+02   2.5065e+01   0.0000e+00   5.7277e-05   3.1014e+02
20260812_10:00:00   1.3205e+00   2.1305e+02   2.5025e+01   0.0000e+00   1.9320e-04   3.0970e+02
20260812_11:00:00   1.3239e+00   2.1311e+02   2.4964e+01   0.0000e+00   9.1635e-05   3.0837e+02
20260812_12:00:00   1.3142e+00   2.1216e+02   2.4810e+01   0.0000e+00   8.6320e-05   3.0513e+02
20260812_13:00:00   1.2931e+00   2.1045e+02   2.4453e+01   0.0000e+00   5.6920e-05   3.0458e+02
20260812_14:00:00   1.2874e+00   2.1003e+02   2.4269e+01   0.0000e+00   5.8820e-06   3.0454e+02
20260812_15:00:00   1.2961e+00   2.1103e+02   2.4392e+01   0.0000e+00   0.0000e+00   3.0343e+02
20260812_16:00:00   1.2869e+00   2.1085e+02   2.4321e+01   0.0000e+00   0.0000e+00   3.0392e+02
20260812_17:00:00   1.2931e+00   2.1172e+02   2.4539e+01   1.3014e-04   3.8480e-06   3.0333e+02
20260812_18:00:00   1.2884e+00   2.1161e+02   2.4475e+01   4.6904e-03   4.9072e-04   3.0475e+02
20260812_19:00:00   1.2682e+00   2.1013e+02   2.4333e+01   5.3168e-03   1.0342e-02   3.0431e+02
20260812_20:00:00   1.2941e+00   2.1223e+02   2.4657e+01   1.2993e-02   2.9596e-02   3.0409e+02
20260812_21:00:00   1.4838e+00   2.2555e+02   2.6173e+01   5.6764e-02   3.3396e-02   3.0307e+02
20260812_22:00:00   1.9695e+00   2.4913e+02   2.7918e+01   2.1592e-01   1.8814e-01   3.0238e+02
20260812_23:00:00   1.9933e+00   2.5030e+02   2.9727e+01   1.6476e-01   1.6313e-01   3.0156e+02
20260813_00:00:00   1.5824e+00   2.3177e+02   2.9346e+01   3.5383e-03   7.7430e-02   3.0105e+02
20260813_01:00:00   1.5421e+00   2.2930e+02   2.8615e+01   6.5260e-03   3.3063e-02   3.0124e+02
20260813_02:00:00   1.4715e+00   2.2480e+02   2.7445e+01   3.9118e-03   9.7312e-04   3.0125e+02
20260813_03:00:00   1.5040e+00   2.2661e+02   2.7738e+01   6.3038e-03   6.7302e-04   3.0194e+02
20260813_04:00:00   1.5506e+00   2.2885e+02   2.8202e+01   1.2708e-02   3.3673e-03   3.0086e+02
20260813_05:00:00   1.5560e+00   2.2915e+02   2.8611e+01   1.5478e-03   3.6322e-03   3.0155e+02
20260813_06:00:00   1.5905e+00   2.3110e+02   2.9061e+01   2.9949e-03   6.7198e-03   3.0006e+02
20260813_09:00:00   1.6276e+00   2.3276e+02   2.9487e+01   1.2319e-03   3.4289e-02   2.9925e+02
20260813_12:00:00   1.5723e+00   2.2958e+02   2.8641e+01   0.0000e+00   1.8825e-03   3.0208e+02
20260813_15:00:00   1.5816e+00   2.3031e+02   2.8804e+01   0.0000e+00   1.5761e-04   3.0103e+02
20260813_18:00:00   1.6282e+00   2.3417e+02   2.9440e+01   1.0267e-02   1.1980e-02   3.0184e+02
20260813_21:00:00   2.7896e+00   2.7072e+02   3.2033e+01   4.3361e-01   2.1417e-01   2.9916e+02
20260814_00:00:00   1.6806e+00   2.3606e+02   2.9973e+01   5.1367e-03   2.8375e-02   3.0234e+02
20260814_03:00:00   1.6067e+00   2.3164e+02   2.9063e+01   2.7807e-03   3.2002e-02   2.9915e+02
20260814_06:00:00   1.5695e+00   2.2931e+02   2.6963e+01   2.0728e-02   1.5083e-02   3.0206e+02
20260814_09:00:00   1.5241e+00   2.2647e+02   2.6367e+01   6.4034e-03   4.5353e-03   3.0567e+02
20260814_12:00:00   1.5188e+00   2.2556e+02   2.6148e+01   8.4540e-03   4.6368e-03   3.0540e+02
20260814_15:00:00   1.4640e+00   2.2240e+02   2.5527e+01   0.0000e+00   1.6506e-02   3.0536e+02
20260814_18:00:00   1.4744e+00   2.2392e+02   2.6680e+01   4.9759e-04   1.1310e-02   3.0416e+02
20260814_21:00:00   2.4460e+00   2.6256e+02   3.0066e+01   3.3606e-01   4.6739e-01   3.0292e+02
20260815_00:00:00   1.4238e+00   2.2061e+02   2.6603e+01   0.0000e+00   1.1924e-01   3.0570e+02
20260815_03:00:00   1.3599e+00   2.1589e+02   2.5427e+01   5.5800e-06   7.7052e-02   3.1176e+02
20260815_06:00:00   1.4582e+00   2.2228e+02   2.6386e+01   0.0000e+00   1.7524e-03   3.1465e+02
20260815_09:00:00   1.4066e+00   2.1821e+02   2.4842e+01   0.0000e+00   0.0000e+00   3.0665e+02
20260815_12:00:00   1.3516e+00   2.1447e+02   2.3410e+01   0.0000e+00   0.0000e+00   3.0571e+02
20260815_15:00:00   1.2588e+00   2.0774e+02   2.1984e+01   0.0000e+00   0.0000e+00   3.0314e+02
20260815_18:00:00   1.1443e+00   1.9926e+02   2.0723e+01   0.0000e+00   0.0000e+00   3.0261e+02
20260815_21:00:00   1.1066e+00   1.9575e+02   2.0899e+01   1.3748e-03   9.1525e-03   2.9949e+02
20260816_00:00:00   1.2614e+00   2.0916e+02   2.3423e+01   1.0032e-02   8.8861e-02   2.9594e+02
20260816_03:00:00   1.2004e+00   2.0483e+02   2.2402e+01   2.4500e-06   1.9594e-06   2.9607e+02
20260816_06:00:00   1.1655e+00   2.0137e+02   2.1557e+01   0.0000e+00   1.3232e-05   2.9604e+02
20260816_09:00:00   1.1812e+00   2.0211e+02   2.1744e+01   0.0000e+00   0.0000e+00   2.9280e+02
20260816_12:00:00   1.1769e+00   2.0131e+02   2.1663e+01   0.0000e+00   3.2700e-05   2.9443e+02
20260816_15:00:00   1.1203e+00   1.9667e+02   2.0570e+01   0.0000e+00   2.8280e-04   2.9736e+02
20260816_18:00:00   1.2223e+00   2.0708e+02   2.2396e+01   3.9600e-06   5.0319e-03   3.0220e+02
20260816_21:00:00   1.3589e+00   2.1833e+02   2.4997e+01   6.8228e-03   1.3292e-02   2.9925e+02
20260817_00:00:00   1.4849e+00   2.2681e+02   2.7268e+01   8.1237e-03   1.2597e-02   2.9481e+02
20260817_03:00:00   1.4064e+00   2.2164e+02   2.6030e+01   3.7418e-04   8.5965e-05   2.9476e+02
20260817_06:00:00   1.4351e+00   2.2251e+02   2.6397e+01   6.7059e-04   8.2007e-04   2.9555e+02
20260817_09:00:00   1.4485e+00   2.2265e+02   2.7052e+01   0.0000e+00   1.0895e-03   2.9322e+02
20260817_12:00:00   1.3021e+00   2.1191e+02   2.4626e+01   0.0000e+00   3.6506e-03   2.9433e+02
20260817_15:00:00   1.2674e+00   2.0914e+02   2.4059e+01   0.0000e+00   2.2921e-04   2.9400e+02
20260817_18:00:00   1.1034e+00   1.9513e+02   2.1747e+01   0.0000e+00   3.2490e-03   2.9226e+02
20260817_21:00:00   1.1194e+00   1.9715e+02   2.2075e+01   3.4665e-03   1.2890e-02   2.9213e+02
20260818_00:00:00   1.2335e+00   2.0725e+02   2.4485e+01   1.0606e-03   7.3499e-03   2.9214e+02
20260818_03:00:00   1.2749e+00   2.1072e+02   2.5120e+01   0.0000e+00   1.1978e-02   2.9623e+02
20260818_06:00:00   1.3240e+00   2.1359e+02   2.5624e+01   0.0000e+00   2.2847e-03   2.9757e+02
20260818_09:00:00   1.3261e+00   2.1306e+02   2.5431e+01   0.0000e+00   1.0559e-05   2.9983e+02
20260818_12:00:00   1.3381e+00   2.1337e+02   2.5630e+01   0.0000e+00   8.4798e-03   2.9701e+02
20260818_15:00:00   1.3215e+00   2.1253e+02   2.5058e+01   0.0000e+00   0.0000e+00   2.9415e+02
20260818_18:00:00   1.2633e+00   2.0942e+02   2.4272e+01   0.0000e+00   0.0000e+00   2.9200e+02
20260818_21:00:00   1.2556e+00   2.0980e+02   2.4206e+01   4.0416e-03   1.5577e-03   2.9161e+02
20260819_00:00:00   1.3242e+00   2.1577e+02   2.5507e+01   1.3882e-03   1.8504e-03   2.9244e+02
20260819_03:00:00   1.2507e+00   2.1004e+02   2.4077e+01   0.0000e+00   0.0000e+00   2.9107e+02
20260819_06:00:00   1.2497e+00   2.0906e+02   2.3836e+01   0.0000e+00   0.0000e+00   2.8903e+02
20260819_09:00:00   1.2834e+00   2.1117e+02   2.4285e+01   0.0000e+00   0.0000e+00   2.9156e+02
20260819_12:00:00   1.1852e+00   2.0290e+02   2.2472e+01   0.0000e+00   0.0000e+00   2.9218e+02
20260819_15:00:00   1.1580e+00   2.0051e+02   2.1951e+01   0.0000e+00   0.0000e+00   2.9298e+02
20260819_18:00:00   1.1109e+00   1.9733e+02   2.1522e+01   0.0000e+00   0.0000e+00   2.9479e+02
20260819_21:00:00   1.2152e+00   2.0688e+02   2.3808e+01   1.0002e-03   4.1662e-04   2.9298e+02
20260820_00:00:00   1.3217e+00   2.1526e+02   2.5209e+01   1.4995e-02   1.1508e-02   2.9209e+02
20260820_03:00:00   1.2823e+00   2.1257e+02   2.4709e+01   0.0000e+00   3.7461e-03   2.9249e+02
20260820_06:00:00   1.3506e+00   2.1624e+02   2.5663e+01   0.0000e+00   1.4612e-03   2.9184e+02
20260820_09:00:00   1.2911e+00   2.1145e+02   2.4499e+01   0.0000e+00   2.0500e-04   2.9373e+02
20260820_12:00:00   1.2762e+00   2.0992e+02   2.4117e+01   0.0000e+00   6.4360e-04   2.9432e+02
20260820_15:00:00   1.3263e+00   2.1377e+02   2.4619e+01   0.0000e+00   6.1140e-05   2.9901e+02
20260820_18:00:00   1.4801e+00   2.2552e+02   2.7504e+01   5.9040e-05   1.6061e-03   2.9728e+02
20260820_21:00:00   1.6614e+00   2.3657e+02   3.0515e+01   1.2611e-02   2.3448e-02   2.9895e+02
20260821_00:00:00   1.8998e+00   2.4853e+02   3.0656e+01   9.7416e-02   2.4503e-03   2.9845e+02
20260821_03:00:00   1.5330e+00   2.2973e+02   2.7424e+01   1.4829e-02   1.3054e-04   3.0002e+02
20260821_06:00:00   1.3853e+00   2.1920e+02   2.5282e+01   0.0000e+00   0.0000e+00   3.0040e+02
20260821_09:00:00   1.3508e+00   2.1585e+02   2.4697e+01   0.0000e+00   0.0000e+00   3.0274e+02
20260821_12:00:00   1.3403e+00   2.1463e+02   2.4355e+01   0.0000e+00   0.0000e+00   3.0374e+02
20260821_15:00:00   1.3306e+00   2.1400e+02   2.4176e+01   0.0000e+00   0.0000e+00   2.9908e+02
20260821_18:00:00   1.2742e+00   2.1084e+02   2.3810e+01   0.0000e+00   0.0000e+00   3.0004e+02
20260821_21:00:00   1.3428e+00   2.1657e+02   2.5204e+01   1.0176e-02   9.5375e-04   3.0117e+02
20260822_00:00:00   1.3180e+00   2.1478e+02   2.5263e+01   6.7641e-03   4.8969e-03   2.9937e+02
20260822_03:00:00   1.1816e+00   2.0415e+02   2.2701e+01   0.0000e+00   9.3904e-03   2.9979e+02
20260822_06:00:00   1.2062e+00   2.0546e+02   2.2648e+01   0.0000e+00   1.9980e-02   2.9880e+02
20260822_09:00:00   1.1888e+00   2.0335e+02   2.2282e+01   0.0000e+00   1.1155e-03   2.9945e+02
20260822_12:00:00   1.0873e+00   1.9350e+02   2.0504e+01   0.0000e+00   3.4238e-03   2.9902e+02
20260822_15:00:00   9.9948e-01   1.8434e+02   1.9119e+01   0.0000e+00   4.7136e-03   3.0014e+02
20260822_18:00:00   9.2153e-01   1.7724e+02   1.7981e+01   0.0000e+00   0.0000e+00   2.9876e+02
20260822_21:00:00   9.4221e-01   1.7936e+02   1.9047e+01   0.0000e+00   3.5820e-04   2.9927e+02
20260823_00:00:00   1.0253e+00   1.8753e+02   2.0515e+01   8.3704e-03   2.2285e-02   2.9937e+02
20260823_03:00:00   9.7873e-01   1.8273e+02   1.9841e+01   0.0000e+00   0.0000e+00   2.9749e+02
20260823_06:00:00   9.1205e-01   1.7484e+02   1.8287e+01   0.0000e+00   6.6686e-04   2.9627e+02
20260823_09:00:00   9.2155e-01   1.7527e+02   1.8385e+01   0.0000e+00   1.5214e-03   2.9570e+02
20260823_12:00:00   9.1185e-01   1.7355e+02   1.8136e+01   0.0000e+00   7.4620e-04   2.9532e+02
20260823_15:00:00   8.8796e-01   1.7120e+02   1.7612e+01   0.0000e+00   5.4746e-04   2.9574e+02
20260823_18:00:00   8.8601e-01   1.7201e+02   1.7836e+01   0.0000e+00   2.5409e-04   2.9614e+02
20260823_21:00:00   9.4986e-01   1.7886e+02   1.9713e+01   5.9040e-07   1.3633e-02   2.9521e+02
20260824_00:00:00   1.0435e+00   1.8799e+02   2.1530e+01   2.6945e-05   1.1948e-01   2.9689e+02
20260824_03:00:00   1.0806e+00   1.9142e+02   2.2005e+01   0.0000e+00   1.1292e-01   2.9740e+02
20260824_06:00:00   1.0918e+00   1.9238e+02   2.1932e+01   0.0000e+00   8.9904e-04   2.9715e+02
