#            date       tau255        Tb[K]      pwv[mm] lwp[kg*m^-2] iwp[kg*m^-2]       o3[DU]
20260903_00:00:00   1.6097e+00   2.3081e+02   2.4606e+01   4.1301e-02   0.0000e+00   2.7453e+02
20260903_01:00:00   1.4865e+00   2.2354e+02   2.4050e+01   7.7900e-03   0.0000e+00   2.7430e+02
20260903_02:00:00   1.5427e+00   2.2687e+02   2.4314e+01   1.8348e-02   0.0000e+00   2.7408e+02
20260903_03:00:00   1.6370e+00   2.3199e+02   2.5164e+01   3.8761e-02   2.8420e-05   2.7439e+02
20260903_04:00:00   1.7041e+00   2.3537e+02   2.5807e+01   5.0675e-02   0.0000e+00   2.7388e+02
20260903_05:00:00   1.7286e+00   2.3638e+02   2.6624e+01   4.0141e-02   1.0045e-05   2.7224e+02
20260903_06:00:00   2.2505e+00   2.5623e+02   2.8187e+01   2.0549e-01   0.0000e+00   2.7231e+02
20260903_07:00:00   2.0697e+00   2.5029e+02   2.8473e+01   1.3204e-01   0.0000e+00   2.7296e+02
20260903_08:00:00   1.7285e+00   2.3600e+02   2.7871e+01   1.3766e-02   1.0376e-04   2.7316e+02
20260903_09:00:00   1.7081e+00   2.3492e+02   2.7679e+01   8.1575e-04   3.1060e-06   2.7400e+02
20260903_10:00:00   1.9568e+00   2.4599e+02   2.7925e+01   8.7360e-02   8.8588e-05   2.7486e+02
20260903_11:00:00   1.9247e+00   2.4448e+02   2.8111e+01   7.7750e-02   7.8482e-04   2.7445e+02
20260903_12:00:00   2.3733e+00   2.5875e+02   2.9220e+01   2.2730e-01   7.0580e-04   2.7390e+02
20260903_13:00:00   2.3803e+00   2.5874e+02   2.9357e+01   2.3178e-01   9.8047e-04   2.7403e+02
20260903_14:00:00   2.9477e+00   2.6949e+02   3.0676e+01   4.3161e-01   2.4503e-03   2.7437e+02
20260903_15:00:00   3.6976e+00   2.7711e+02   3.1775e+01   7.0784e-01   2.4603e-03   2.7430e+02
20260903_16:00:00   3.6240e+00   2.7647e+02   3.0702e+01   7.0555e-01   3.1701e-03   2.7345e+02
20260903_17:00:00   2.6132e+00   2.6377e+02   2.9665e+01   3.2013e-01   3.5112e-03   2.7279e+02
20260903_18:00:00   1.8123e+00   2.3950e+02   2.8994e+01   1.0822e-02   8.9518e-04   2.7307e+02
20260903_19:00:00   1.9486e+00   2.4544e+02   3.0251e+01   3.4482e-02   1.3424e-04   2.7287e+02
20260903_20:00:00   2.7350e+00   2.6764e+02   3.1867e+01   2.9872e-01   5.8700e-04   2.7228e+02
20260903_21:00:00   3.9268e+00   2.8045e+02   3.2700e+01   7.4902e-01   2.2634e-04   2.7151e+02
20260903_22:00:00   3.6135e+00   2.7819e+02   3.1686e+01   6.6463e-01   4.9122e-03   2.7085e+02
20260903_23:00:00   2.9346e+00   2.7138e+02   2.9440e+01   4.2873e-01   5.0736e-05   2.7098e+02
20260904_00:00:00   3.3980e+00   2.7693e+02   3.0347e+01   5.8700e-01   3.5780e-06   2.7278e+02
20260904_01:00:00   3.0179e+00   2.7234e+02   2.9235e+01   4.7331e-01   6.2600e-05   2.7346e+02
20260904_02:00:00   2.2640e+00   2.5679e+02   2.8121e+01   2.0807e-01   0.0000e+00   2.7503e+02
20260904_03:00:00   1.7644e+00   2.3799e+02   2.7196e+01   4.0520e-02   0.0000e+00   2.7607e+02
20260904_04:00:00   1.7316e+00   2.3635e+02   2.6880e+01   3.1156e-02   0.0000e+00   2.7710e+02
20260904_05:00:00   1.7774e+00   2.3845e+02   2.6502e+01   5.6540e-02   0.0000e+00   2.7572e+02
20260904_06:00:00   1.6498e+00   2.3207e+02   2.5847e+01   2.5183e-02   0.0000e+00   2.7492e+02
20260904_07:00:00   1.5886e+00   2.2852e+02   2.5723e+01   1.1476e-02   0.0000e+00   2.7564e+02
20260904_08:00:00   1.5927e+00   2.2849e+02   2.5899e+01   1.6174e-02   0.0000e+00   2.7581e+02
20260904_09:00:00   1.5726e+00   2.2708e+02   2.5892e+01   1.0902e-02   0.0000e+00   2.7822e+02
20260904_10:00:00   1.5150e+00   2.2359e+02   2.5184e+01   2.5040e-04   0.0000e+00   2.8022e+02
20260904_11:00:00   1.3957e+00   2.1567e+02   2.3502e+01   0.0000e+00   0.0000e+00   2.8094e+02
20260904_12:00:00   1.2701e+00   2.0619e+02   2.1988e+01   6.3768e-04   0.0000e+00   2.8114e+02
20260904_13:00:00   1.1754e+00   1.9818e+02   2.0840e+01   0.0000e+00   0.0000e+00   2.8167e+02
20260904_14:00:00   1.1611e+00   1.9693e+02   2.0729e+01   0.0000e+00   1.0154e-04   2.8059e+02
20260904_15:00:00   1.1547e+00   1.9636e+02   2.0754e+01   0.0000e+00   4.7480e-05   2.8161e+02
20260904_16:00:00   1.1571e+00   1.9654e+02   2.0868e+01   0.0000e+00   0.0000e+00   2.8318e+02
20260904_17:00:00   1.1935e+00   1.9969e+02   2.1369e+01   0.0000e+00   3.0480e-05   2.8331e+02
20260904_18:00:00   1.2474e+00   2.0429e+02   2.2017e+01   0.0000e+00   0.0000e+00   2.8222e+02
20260904_19:00:00   1.3164e+00   2.0985e+02   2.2880e+01   0.0000e+00   0.0000e+00   2.8056e+02
20260904_20:00:00   1.3642e+00   2.1352e+02   2.3525e+01   0.0000e+00   0.0000e+00   2.7859e+02
20260904_21:00:00   1.4045e+00   2.1656e+02   2.4040e+01   0.0000e+00   0.0000e+00   2.7809e+02
20260904_22:00:00   1.4148e+00   2.1742e+02   2.4218e+01   8.9420e-06   0.0000e+00   2.7854e+02
20260904_23:00:00   1.4107e+00   2.1723e+02   2.4185e+01   1.7886e-05   0.0000e+00   2.7962e+02
20260905_00:00:00   1.3907e+00   2.1593e+02   2.3892e+01   0.0000e+00   0.0000e+00   2.7924e+02
20260905_01:00:00   1.3873e+00   2.1569e+02   2.3882e+01   7.6363e-04   0.0000e+00   2.7791e+02
20260905_02:00:00   1.4303e+00   2.1867e+02   2.4218e+01   1.1548e-02   0.0000e+00   2.7654e+02
20260905_03:00:00   1.5277e+00   2.2490e+02   2.4991e+01   2.4900e-02   0.0000e+00   2.7660e+02
20260905_04:00:00   1.5562e+00   2.2650e+02   2.5129e+01   2.9717e-02   0.0000e+00   2.7649e+02
20260905_05:00:00   1.4246e+00   2.1810e+02   2.4348e+01   4.0721e-03   0.0000e+00   2.7497e+02
20260905_06:00:00   1.3385e+00   2.1181e+02   2.3605e+01   0.0000e+00   5.2060e-05   2.7476e+02
20260905_07:00:00   1.3423e+00   2.1194e+02   2.3882e+01   0.0000e+00   4.4960e-03   2.7400e+02
20260905_08:00:00   1.3995e+00   2.1592e+02   2.4719e+01   0.0000e+00   1.6548e-02   2.7257e+02
20260905_09:00:00   1.4329e+00   2.1801e+02   2.5293e+01   0.0000e+00   2.1525e-03   2.7235e+02
20260905_10:00:00   1.4640e+00   2.1984e+02   2.5820e+01   0.0000e+00   1.2498e-03   2.7417e+02
20260905_11:00:00   1.5101e+00   2.2267e+02   2.6533e+01   0.0000e+00   1.3076e-02   2.7561e+02
20260905_12:00:00   1.5467e+00   2.2478e+02   2.7158e+01   0.0000e+00   3.8656e-03   2.7530e+02
20260905_13:00:00   1.5557e+00   2.2519e+02   2.7269e+01   0.0000e+00   1.1669e-02   2.7579e+02
20260905_14:00:00   1.5567e+00   2.2528e+02   2.7270e+01   0.0000e+00   1.9846e-02   2.7699e+02
20260905_15:00:00   1.5444e+00   2.2465e+02   2.7011e+01   0.0000e+00   2.5330e-02   2.7770e+02
20260905_16:00:00   1.5272e+00   2.2370e+02   2.6863e+01   0.0000e+00   2.0694e-02   2.7770e+02
20260905_17:00:00   1.5244e+00   2.2362e+02   2.6939e+01   0.0000e+00   7.6084e-03   2.7753e+02
20260905_18:00:00   1.5344e+00   2.2417e+02   2.7235e+01   0.0000e+00   2.1773e-02   2.7792e+02
20260905_19:00:00   1.5584e+00   2.2566e+02   2.7638e+01   0.0000e+00   7.3896e-03   2.7888e+02
20260905_20:00:00   1.5904e+00   2.2776e+02   2.7961e+01   3.1300e-05   9.5160e-03   2.7936e+02
20260905_21:00:00   1.5925e+00   2.2823e+02   2.7769e+01   3.1119e-03   4.9780e-02   2.7976e+02
20260905_22:00:00   1.6217e+00   2.3014e+02   2.7697e+01   1.0776e-02   5.8035e-03   2.7781e+02
20260905_23:00:00   1.6287e+00   2.3069e+02   2.7532e+01   1.2446e-02   1.5236e-05   2.7605e+02
20260906_00:00:00   1.7498e+00   2.3703e+02   2.7681e+01   5.3696e-02   1.0598e-04   2.7450e+02
20260906_01:00:00   1.8948e+00   2.4362e+02   2.7280e+01   1.2104e-01   6.2200e-04   2.7463e+02
20260906_02:00:00   1.8559e+00   2.4174e+02   2.7498e+01   1.0268e-01   1.5924e-03   2.7375e+02
20260906_03:00:00   1.5666e+00   2.2702e+02   2.7245e+01   1.6076e-03   7.8040e-04   2.7341e+02
20260906_04:00:00   1.5249e+00   2.2449e+02   2.7042e+01   0.0000e+00   1.2980e-04   2.7320e+02
20260906_05:00:00   1.5071e+00   2.2329e+02   2.6977e+01   0.0000e+00   7.3540e-04   2.7394e+02
20260906_06:00:00   1.4995e+00   2.2289e+02   2.6993e+01   0.0000e+00   0.0000e+00   2.7372e+02
20260906_07:00:00   1.5449e+00   2.2561e+02   2.7559e+01   0.0000e+00   2.2860e-05   2.7353e+02
20260906_08:00:00   1.6065e+00   2.2909e+02   2.8371e+01   0.0000e+00   0.0000e+00   2.7432e+02
20260906_09:00:00   1.6482e+00   2.3131e+02   2.8909e+01   0.0000e+00   0.0000e+00   2.7436e+02
20260906_10:00:00   1.6739e+00   2.3257e+02   2.9234e+01   2.0700e-05   4.2820e-05   2.7305e+02
20260906_11:00:00   1.7304e+00   2.3519e+02   2.9495e+01   1.7732e-02   1.1696e-03   2.7306e+02
20260906_12:00:00   1.7002e+00   2.3380e+02   2.9696e+01   0.0000e+00   2.0450e-03   2.7611e+02
20260906_13:00:00   1.7360e+00   2.3560e+02   3.0088e+01   0.0000e+00   2.7100e-04   2.7782e+02
20260906_14:00:00   1.7567e+00   2.3656e+02   3.0243e+01   5.3220e-03   1.4126e-03   2.7782e+02
20260906_15:00:00   1.7556e+00   2.3662e+02   3.0414e+01   0.0000e+00   1.6330e-04   2.7534e+02
20260906_16:00:00   1.7593e+00   2.3682e+02   3.0360e+01   0.0000e+00   5.5380e-05   2.7352e+02
20260906_17:00:00   1.7454e+00   2.3629e+02   3.0044e+01   0.0000e+00   0.0000e+00   2.7285e+02
20260906_18:00:00   1.7525e+00   2.3673e+02   3.0028e+01   0.0000e+00   0.0000e+00   2.7360e+02
20260906_19:00:00   1.8075e+00   2.3951e+02   3.0717e+01   4.0880e-04   0.0000e+00   2.7350e+02
20260906_20:00:00   1.8769e+00   2.4277e+02   3.1345e+01   9.5440e-03   0.0000e+00   2.7213e+02
20260906_21:00:00   2.1716e+00   2.5394e+02   3.2141e+01   1.0568e-01   8.2820e-07   2.7126e+02
20260906_22:00:00   2.3945e+00   2.6025e+02   3.2748e+01   1.7984e-01   0.0000e+00   2.7200e+02
20260906_23:00:00   2.1504e+00   2.5311e+02   3.2345e+01   9.7022e-02   0.0000e+00   2.7290e+02
20260907_00:00:00   2.3191e+00   2.5823e+02   3.1938e+01   1.7387e-01   0.0000e+00   2.7347e+02
20260907_01:00:00   2.0367e+00   2.4912e+02   3.0493e+01   9.9715e-02   0.0000e+00   2.7252e+02
20260907_02:00:00   1.9034e+00   2.4370e+02   2.8713e+01   8.7568e-02   0.0000e+00   2.7093e+02
20260907_03:00:00   2.1348e+00   2.5216e+02   2.8211e+01   1.7984e-01   0.0000e+00   2.7093e+02
20260907_04:00:00   1.7135e+00   2.3483e+02   2.9246e+01   0.0000e+00   0.0000e+00   2.7192e+02
20260907_05:00:00   1.7193e+00   2.3506e+02   3.0028e+01   0.0000e+00   7.5562e-04   2.7235e+02
20260907_06:00:00   1.6647e+00   2.3242e+02   2.9338e+01   0.0000e+00   1.6357e-05   2.7400e+02
20260907_07:00:00   1.6395e+00   2.3107e+02   2.8934e+01   2.0700e-06   4.8038e-05   2.7511e+02
20260907_08:00:00   1.6112e+00   2.2950e+02   2.8291e+01   0.0000e+00   5.0020e-05   2.7543e+02
20260907_09:00:00   1.5491e+00   2.2588e+02   2.7517e+01   0.0000e+00   5.6761e-04   2.7454e+02
20260907_10:00:00   1.5563e+00   2.2607e+02   2.7554e+01   0.0000e+00   0.0000e+00   2.7342e+02
20260907_11:00:00   1.5298e+00   2.2429e+02   2.7230e+01   0.0000e+00   3.4280e-05   2.7309e+02
20260907_12:00:00   1.4745e+00   2.2085e+02   2.6424e+01   0.0000e+00   2.1960e-04   2.7354e+02
20260907_13:00:00   1.4429e+00   2.1881e+02   2.5857e+01   0.0000e+00   0.0000e+00   2.7456e+02
20260907_14:00:00   1.4371e+00   2.1843e+02   2.5567e+01   0.0000e+00   0.0000e+00   2.7622e+02
20260907_15:00:00   1.3838e+00   2.1487e+02   2.4860e+01   0.0000e+00   0.0000e+00   2.7505e+02
20260907_16:00:00   1.3310e+00   2.1113e+02   2.4056e+01   0.0000e+00   0.0000e+00   2.7263e+02
20260907_17:00:00   1.2931e+00   2.0834e+02   2.3555e+01   0.0000e+00   0.0000e+00   2.7413e+02
20260907_18:00:00   1.3080e+00   2.0955e+02   2.3785e+01   0.0000e+00   0.0000e+00   2.7533e+02
20260907_19:00:00   1.3639e+00   2.1394e+02   2.4487e+01   0.0000e+00   4.1400e-06   2.7532e+02
20260907_20:00:00   1.4022e+00   2.1689e+02   2.5029e+01   0.0000e+00   0.0000e+00   2.7647e+02
20260907_21:00:00   1.5018e+00   2.2358e+02   2.6395e+01   0.0000e+00   7.8374e-05   2.7678e+02
20260907_22:00:00   1.5185e+00   2.2477e+02   2.6726e+01   2.0700e-06   4.1853e-04   2.7776e+02
20260907_23:00:00   1.5172e+00   2.2481e+02   2.6689e+01   5.2920e-04   4.4652e-04   2.7789e+02
20260908_00:00:00   1.4704e+00   2.2195e+02   2.6093e+01   2.0700e-06   2.6920e-05   2.7746e+02
20260908_03:00:00   1.4332e+00   2.1947e+02   2.5350e+01   0.0000e+00   0.0000e+00   2.7300e+02
20260908_06:00:00   1.2753e+00   2.0792e+02   2.3120e+01   0.0000e+00   0.0000e+00   2.7387e+02
20260908_09:00:00   1.2452e+00   2.0521e+02   2.2881e+01   0.0000e+00   0.0000e+00   2.7478e+02
20260908_12:00:00   1.3302e+00   2.1130e+02   2.4257e+01   0.0000e+00   2.8540e-05   2.7818e+02
20260908_15:00:00   1.3076e+00   2.0951e+02   2.4028e+01   0.0000e+00   0.0000e+00   2.7611e+02
20260908_18:00:00   1.4446e+00   2.1923e+02   2.6242e+01   0.0000e+00   0.0000e+00   2.7689e+02
20260908_21:00:00   1.6859e+00   2.3428e+02   2.9789e+01   0.0000e+00   2.0700e-06   2.7553e+02
20260909_00:00:00   1.7541e+00   2.3830e+02   2.9094e+01   3.9940e-02   0.0000e+00   2.7720e+02
20260909_03:00:00   1.6318e+00   2.3134e+02   2.7537e+01   2.9280e-02   2.0700e-06   2.7628e+02
20260909_06:00:00   1.4983e+00   2.2145e+02   2.5427e+01   4.4640e-02   7.7797e-04   2.7736e+02
20260909_09:00:00   1.3975e+00   2.1485e+02   2.5657e+01   1.1388e-04   8.6349e-03   2.7747e+02
20260909_12:00:00   1.4659e+00   2.1948e+02   2.6682e+01   0.0000e+00   5.3677e-02   2.7755e+02
20260909_15:00:00   1.5809e+00   2.2617e+02   2.8353e+01   0.0000e+00   7.9576e-02   2.7574e+02
20260909_18:00:00   1.7373e+00   2.3487e+02   3.0285e+01   7.5240e-04   1.5288e-02   2.7869e+02
20260909_21:00:00   2.3162e+00   2.5789e+02   3.2071e+01   1.6454e-01   2.1486e-02   2.7913e+02
20260910_00:00:00   2.4845e+00   2.6270e+02   3.1947e+01   2.2442e-01   1.6922e-03   2.7789e+02
20260910_03:00:00   1.8382e+00   2.4074e+02   3.0943e+01   1.4239e-02   1.2217e-02   2.7962e+02
20260910_06:00:00   1.8815e+00   2.4210e+02   3.1613e+01   1.7164e-02   1.2134e-01   2.7907e+02
20260910_09:00:00   1.6095e+00   2.2881e+02   2.7703e+01   0.0000e+00   3.3130e-05   2.7836e+02
20260910_12:00:00   1.5128e+00   2.2295e+02   2.5592e+01   0.0000e+00   0.0000e+00   2.8004e+02
20260910_15:00:00   1.4378e+00   2.1803e+02   2.4915e+01   0.0000e+00   4.1040e-04   2.7938e+02
20260910_18:00:00   1.6015e+00   2.2815e+02   2.7157e+01   3.7760e-04   1.8247e-03   2.7724e+02
20260910_21:00:00   2.2049e+00   2.5513e+02   2.6604e+01   2.1963e-01   1.9997e-03   2.8031e+02
20260911_00:00:00   2.7092e+00   2.6661e+02   2.8550e+01   3.7730e-01   3.1506e-03   2.7912e+02
20260911_03:00:00   1.4131e+00   2.1708e+02   2.1806e+01   1.3490e-02   5.1760e-06   2.8320e+02
20260911_06:00:00   1.0738e+00   1.8885e+02   1.7934e+01   1.6430e-04   0.0000e+00   2.8573e+02
20260911_09:00:00   9.2576e-01   1.7338e+02   1.5779e+01   0.0000e+00   0.0000e+00   2.9052e+02
20260911_12:00:00   8.9497e-01   1.6964e+02   1.5079e+01   3.8480e-05   0.0000e+00   2.8750e+02
20260911_15:00:00   8.6010e-01   1.6565e+02   1.4046e+01   7.9998e-03   0.0000e+00   2.8712e+02
20260911_18:00:00   7.7646e-01   1.5551e+02   1.2622e+01   1.3217e-03   0.0000e+00   2.8620e+02
20260911_21:00:00   7.1789e-01   1.4797e+02   1.2238e+01   1.7412e-03   0.0000e+00   2.8535e+02
20260912_00:00:00   6.2798e-01   1.3504e+02   1.1082e+01   2.0400e-03   0.0000e+00   2.8562e+02
20260912_03:00:00   6.4764e-01   1.3777e+02   1.1359e+01   0.0000e+00   0.0000e+00   2.8456e+02
20260912_06:00:00   5.3088e-01   1.1923e+02   9.7500e+00   0.0000e+00   8.9860e-06   2.8516e+02
20260912_09:00:00   4.2799e-01   1.0087e+02   8.2887e+00   0.0000e+00   2.4960e-05   2.8631e+02
20260912_12:00:00   3.2490e-01   8.1172e+01   6.5113e+00   0.0000e+00   0.0000e+00   2.8746e+02
20260912_15:00:00   3.2153e-01   8.0726e+01   6.2449e+00   0.0000e+00   0.0000e+00   2.8976e+02
20260912_18:00:00   5.8124e-01   1.2723e+02   9.7545e+00   0.0000e+00   0.0000e+00   2.9071e+02
20260912_21:00:00   8.7245e-01   1.6685e+02   1.3889e+01   1.2190e-02   2.2860e-05   2.9067e+02
20260913_00:00:00   1.1011e+00   1.9036e+02   1.4157e+01   9.9497e-02   4.3980e-04   2.9031e+02
20260913_03:00:00   7.6676e-01   1.5404e+02   1.2335e+01   1.2382e-02   0.0000e+00   2.8962e+02
20260913_06:00:00   5.5590e-01   1.2342e+02   1.0112e+01   0.0000e+00   0.0000e+00   2.8926e+02
20260913_09:00:00   4.8298e-01   1.1113e+02   8.8791e+00   0.0000e+00   0.0000e+00   2.8865e+02
20260913_12:00:00   4.7467e-01   1.0955e+02   8.6313e+00   0.0000e+00   0.0000e+00   2.8987e+02
20260913_15:00:00   4.7839e-01   1.1026e+02   8.6402e+00   0.0000e+00   0.0000e+00   2.9154e+02
20260913_18:00:00   5.6128e-01   1.2434e+02   9.7233e+00   0.0000e+00   0.0000e+00   2.8788e+02
20260913_21:00:00   6.8072e-01   1.4265e+02   1.1931e+01   0.0000e+00   0.0000e+00   2.8987e+02
20260914_00:00:00   6.7313e-01   1.4205e+02   1.1941e+01   0.0000e+00   0.0000e+00   2.9114e+02
20260914_03:00:00   6.7836e-01   1.4290e+02   1.1903e+01   0.0000e+00   0.0000e+00   2.8947e+02
20260914_06:00:00   5.4521e-01   1.2279e+02   9.7274e+00   0.0000e+00   0.0000e+00   2.8961e+02
20260914_09:00:00   5.0933e-01   1.1679e+02   9.2436e+00   0.0000e+00   0.0000e+00   2.8595e+02
20260914_12:00:00   4.9390e-01   1.1408e+02   9.0061e+00   0.0000e+00   0.0000e+00   2.8869e+02
20260914_15:00:00   4.5706e-01   1.0768e+02   8.4045e+00   0.0000e+00   0.0000e+00   2.8926e+02
20260914_18:00:00   4.1973e-01   1.0110e+02   7.7773e+00   0.0000e+00   0.0000e+00   2.8738e+02
20260914_21:00:00   5.4925e-01   1.2392e+02   9.9563e+00   0.0000e+00   0.0000e+00   2.8583e+02
20260915_00:00:00   5.5956e-01   1.2584e+02   1.0186e+01   0.0000e+00   0.0000e+00   2.8618e+02
20260915_03:00:00   5.4382e-01   1.2323e+02   9.8687e+00   0.0000e+00   2.3320e-05   2.8627e+02
20260915_06:00:00   4.4249e-01   1.0572e+02   8.1448e+00   0.0000e+00   6.0959e-04   2.8515e+02
20260915_09:00:00   3.9785e-01   9.7204e+01   7.4099e+00   0.0000e+00   5.1000e-05   2.8371e+02
20260915_12:00:00   3.5528e-01   8.8457e+01   6.9356e+00   0.0000e+00   8.1278e-05   2.8622e+02
20260915_15:00:00   3.2391e-01   8.1544e+01   6.7292e+00   0.0000e+00   1.9660e-03   2.8949e+02
20260915_18:00:00   4.2855e-01   1.0207e+02   8.6320e+00   0.0000e+00   0.0000e+00   2.8941e+02
20260915_21:00:00   5.8599e-01   1.2870e+02   1.1624e+01   0.0000e+00   0.0000e+00   2.8902e+02
20260916_00:00:00   6.6645e-01   1.4067e+02   1.3265e+01   0.0000e+00   0.0000e+00   2.8649e+02
20260916_03:00:00   6.8901e-01   1.4347e+02   1.3853e+01   0.0000e+00   0.0000e+00   2.8738e+02
20260916_06:00:00   6.6852e-01   1.4039e+02   1.3426e+01   0.0000e+00   2.5966e-03   2.8751e+02
20260916_09:00:00   7.0220e-01   1.4507e+02   1.3983e+01   0.0000e+00   1.2099e-03   2.8744e+02
20260916_12:00:00   5.2002e-01   1.1694e+02   1.0904e+01   0.0000e+00   4.0597e-03   2.8635e+02
20260916_15:00:00   5.2208e-01   1.1663e+02   1.1074e+01   0.0000e+00   6.8546e-03   2.8492e+02
20260916_18:00:00   6.1191e-01   1.3049e+02   1.2724e+01   0.0000e+00   3.6286e-02   2.8704e+02
20260916_21:00:00   7.3794e-01   1.4945e+02   1.4340e+01   0.0000e+00   0.0000e+00   2.9186e+02
20260917_00:00:00   1.0024e+00   1.8031e+02   1.8361e+01   0.0000e+00   7.7040e-04   2.9481e+02
20260917_03:00:00   9.3431e-01   1.7379e+02   1.6898e+01   0.0000e+00   1.9226e-04   3.0187e+02
20260917_06:00:00   6.4293e-01   1.3773e+02   1.1598e+01   0.0000e+00   0.0000e+00   3.0192e+02
20260917_09:00:00   5.1208e-01   1.1721e+02   9.1981e+00   0.0000e+00   0.0000e+00   2.9207e+02
20260917_12:00:00   4.4981e-01   1.0643e+02   8.1184e+00   0.0000e+00   0.0000e+00   2.9118e+02
20260917_15:00:00   4.2244e-01   1.0156e+02   7.6024e+00   0.0000e+00   0.0000e+00   2.9492e+02
20260917_18:00:00   5.3110e-01   1.2071e+02   9.3115e+00   0.0000e+00   0.0000e+00   2.9516e+02
20260917_21:00:00   5.9861e-01   1.3173e+02   1.0751e+01   0.0000e+00   0.0000e+00   2.8805e+02
20260918_00:00:00   5.9596e-01   1.3146e+02   1.0855e+01   0.0000e+00   0.0000e+00   2.8548e+02
20260918_03:00:00   5.3738e-01   1.2218e+02   9.8708e+00   0.0000e+00   0.0000e+00   2.8353e+02
20260918_06:00:00   4.4218e-01   1.0570e+02   8.2423e+00   0.0000e+00   0.0000e+00   2.8506e+02
20260918_09:00:00   4.3927e-01   1.0527e+02   8.1510e+00   0.0000e+00   0.0000e+00   2.8457e+02
20260918_12:00:00   4.7060e-01   1.1086e+02   8.6276e+00   0.0000e+00   5.5980e-06   2.8173e+02
20260918_15:00:00   4.3163e-01   1.0400e+02   7.9450e+00   0.0000e+00   0.0000e+00   2.8413e+02
20260918_18:00:00   4.3258e-01   1.0441e+02   7.9026e+00   0.0000e+00   0.0000e+00   2.8406e+02
20260918_21:00:00   5.4189e-01   1.2362e+02   9.8939e+00   0.0000e+00   0.0000e+00   2.8426e+02
20260919_00:00:00   5.9612e-01   1.3234e+02   1.1001e+01   0.0000e+00   0.0000e+00   2.8519e+02
