#            date       tau255        Tb[K]      pwv[mm] lwp[kg*m^-2] iwp[kg*m^-2]       o3[DU]
20260912_18:00:00   1.7112e+00   2.3552e+02   2.8891e+01   0.0000e+00   3.8518e-03   2.8439e+02
20260912_19:00:00   1.7611e+00   2.3835e+02   2.9380e+01   0.0000e+00   3.8068e-03   2.8516e+02
20260912_20:00:00   1.8335e+00   2.4205e+02   2.9959e+01   9.9498e-03   2.0986e-03   2.8531e+02
20260912_21:00:00   2.1681e+00   2.5548e+02   3.0736e+01   1.1663e-01   6.0493e-04   2.8288e+02
20260912_22:00:00   3.2396e+00   2.7689e+02   3.2559e+01   4.8838e-01   2.6586e-03   2.8314e+02
20260912_23:00:00   3.1186e+00   2.7531e+02   3.3035e+01   4.3117e-01   1.7873e-03   2.8185e+02
20260913_00:00:00   2.8706e+00   2.7159e+02   3.2736e+01   3.4540e-01   1.2556e-03   2.8038e+02
20260913_01:00:00   2.2688e+00   2.5825e+02   3.1232e+01   1.5432e-01   8.4402e-05   2.8091e+02
20260913_02:00:00   2.3634e+00   2.6085e+02   3.0872e+01   2.0341e-01   1.2369e-04   2.8201e+02
20260913_03:00:00   2.5491e+00   2.6539e+02   3.1405e+01   2.6078e-01   8.1896e-06   2.8227e+02
20260913_04:00:00   2.8835e+00   2.7166e+02   3.1953e+01   3.7468e-01   4.6126e-06   2.8349e+02
20260913_05:00:00   2.1104e+00   2.5300e+02   3.1681e+01   8.5935e-02   2.3088e-04   2.8461e+02
20260913_06:00:00   1.7772e+00   2.3940e+02   3.0483e+01   0.0000e+00   1.3028e-03   2.8565e+02
20260913_07:00:00   1.7150e+00   2.3624e+02   2.9809e+01   0.0000e+00   1.9732e-03   2.8443e+02
20260913_08:00:00   1.6845e+00   2.3417e+02   2.9862e+01   0.0000e+00   1.4960e-03   2.8210e+02
20260913_09:00:00   1.6696e+00   2.3342e+02   2.9518e+01   0.0000e+00   5.6160e-05   2.8073e+02
20260913_10:00:00   1.6838e+00   2.3419e+02   2.9482e+01   0.0000e+00   2.8160e-04   2.8112e+02
20260913_11:00:00   1.6736e+00   2.3363e+02   2.9161e+01   0.0000e+00   4.5260e-05   2.8185e+02
20260913_12:00:00   1.6813e+00   2.3389e+02   2.9270e+01   0.0000e+00   1.1004e-04   2.8178e+02
20260913_13:00:00   1.6433e+00   2.3189e+02   2.8696e+01   0.0000e+00   3.8089e-05   2.8075e+02
20260913_14:00:00   1.6165e+00   2.3035e+02   2.8184e+01   0.0000e+00   0.0000e+00   2.7944e+02
20260913_15:00:00   1.5450e+00   2.2626e+02   2.7206e+01   0.0000e+00   0.0000e+00   2.7968e+02
20260913_16:00:00   1.4792e+00   2.2219e+02   2.6271e+01   0.0000e+00   3.6804e-06   2.8084e+02
20260913_17:00:00   1.4807e+00   2.2236e+02   2.6188e+01   0.0000e+00   9.6115e-05   2.7978e+02
20260913_18:00:00   1.5325e+00   2.2581e+02   2.6927e+01   0.0000e+00   1.8246e-03   2.8059e+02
20260913_19:00:00   1.6816e+00   2.3466e+02   2.8799e+01   0.0000e+00   1.6967e-03   2.7958e+02
20260913_20:00:00   1.7992e+00   2.4076e+02   3.0393e+01   1.1426e-04   7.2160e-04   2.8094e+02
20260913_21:00:00   2.0012e+00   2.4955e+02   3.1391e+01   5.3800e-02   2.1857e-03   2.8034e+02
20260913_22:00:00   2.5537e+00   2.6579e+02   3.1782e+01   2.6044e-01   2.2832e-03   2.7778e+02
20260913_23:00:00   1.9791e+00   2.4882e+02   3.0895e+01   5.9752e-02   2.3430e-03   2.7996e+02
20260914_00:00:00   1.8240e+00   2.4253e+02   3.0417e+01   9.3640e-03   3.8680e-03   2.8210e+02
20260914_01:00:00   1.8415e+00   2.4327e+02   3.0311e+01   2.2506e-02   3.1579e-03   2.8210e+02
20260914_02:00:00   1.7246e+00   2.3758e+02   2.9543e+01   9.7020e-04   2.1854e-03   2.8129e+02
20260914_03:00:00   1.6998e+00   2.3611e+02   2.9513e+01   0.0000e+00   1.8977e-03   2.8121e+02
20260914_04:00:00   1.7097e+00   2.3639e+02   2.9778e+01   0.0000e+00   7.9200e-04   2.7911e+02
20260914_05:00:00   1.6203e+00   2.3172e+02   2.8532e+01   0.0000e+00   1.5443e-03   2.7984e+02
20260914_06:00:00   1.6853e+00   2.3503e+02   2.9321e+01   0.0000e+00   4.0878e-03   2.8185e+02
20260914_07:00:00   1.7024e+00   2.3584e+02   2.9526e+01   0.0000e+00   1.7653e-03   2.8499e+02
20260914_08:00:00   1.6983e+00   2.3534e+02   2.9669e+01   0.0000e+00   3.3638e-03   2.8437e+02
20260914_09:00:00   1.6869e+00   2.3458e+02   2.9564e+01   0.0000e+00   1.3714e-02   2.8627e+02
20260914_10:00:00   1.6462e+00   2.3224e+02   2.9190e+01   0.0000e+00   2.0090e-02   2.8448e+02
20260914_11:00:00   1.6610e+00   2.3296e+02   2.9276e+01   0.0000e+00   1.0810e-02   2.8506e+02
20260914_12:00:00   1.6306e+00   2.3121e+02   2.8762e+01   0.0000e+00   1.7532e-02   2.8634e+02
20260914_13:00:00   1.5883e+00   2.2864e+02   2.8141e+01   0.0000e+00   9.4760e-03   2.8745e+02
20260914_14:00:00   1.5280e+00   2.2497e+02   2.7182e+01   0.0000e+00   3.6876e-03   2.8599e+02
20260914_15:00:00   1.4977e+00   2.2306e+02   2.6536e+01   0.0000e+00   1.9512e-03   2.8296e+02
20260914_16:00:00   1.4508e+00   2.2029e+02   2.5615e+01   0.0000e+00   1.6240e-03   2.8158e+02
20260914_17:00:00   1.4972e+00   2.2344e+02   2.5904e+01   0.0000e+00   9.1576e-04   2.8244e+02
20260914_18:00:00   1.5256e+00   2.2542e+02   2.6150e+01   0.0000e+00   1.5228e-03   2.8374e+02
20260914_19:00:00   1.6025e+00   2.3010e+02   2.7042e+01   0.0000e+00   1.3837e-03   2.8192e+02
20260914_20:00:00   1.7119e+00   2.3606e+02   2.8277e+01   6.9922e-03   2.3396e-02   2.8050e+02
20260914_21:00:00   1.6853e+00   2.3462e+02   2.7987e+01   9.4778e-03   1.1398e-01   2.8064e+02
20260914_22:00:00   1.5308e+00   2.2563e+02   2.6424e+01   0.0000e+00   2.2560e-01   2.8039e+02
20260914_23:00:00   1.3000e+00   2.0951e+02   2.3532e+01   0.0000e+00   2.0957e-01   2.7970e+02
20260915_00:00:00   1.3780e+00   2.1523e+02   2.4620e+01   0.0000e+00   1.3227e-01   2.8114e+02
20260915_01:00:00   1.3584e+00   2.1412e+02   2.4127e+01   0.0000e+00   6.3996e-03   2.8310e+02
20260915_02:00:00   1.3210e+00   2.1133e+02   2.3470e+01   0.0000e+00   2.4125e-03   2.8460e+02
20260915_03:00:00   1.3574e+00   2.1393e+02   2.3868e+01   0.0000e+00   1.4360e-03   2.8382e+02
20260915_04:00:00   1.3545e+00   2.1356e+02   2.3778e+01   0.0000e+00   7.0880e-04   2.8145e+02
20260915_05:00:00   1.2151e+00   2.0249e+02   2.2099e+01   0.0000e+00   2.2141e-04   2.7960e+02
20260915_06:00:00   1.1936e+00   2.0052e+02   2.1907e+01   0.0000e+00   5.0632e-05   2.7898e+02
20260915_07:00:00   1.2205e+00   2.0268e+02   2.2273e+01   0.0000e+00   1.3552e-04   2.7987e+02
20260915_08:00:00   1.1645e+00   1.9776e+02   2.1453e+01   0.0000e+00   2.9606e-05   2.8019e+02
20260915_09:00:00   1.1572e+00   1.9696e+02   2.1304e+01   0.0000e+00   7.6228e-05   2.8213e+02
20260915_10:00:00   1.1243e+00   1.9391e+02   2.0901e+01   0.0000e+00   1.4538e-04   2.8291e+02
20260915_11:00:00   1.1266e+00   1.9415e+02   2.0844e+01   0.0000e+00   5.4573e-05   2.8287e+02
20260915_12:00:00   1.1332e+00   1.9470e+02   2.0946e+01   0.0000e+00   0.0000e+00   2.8129e+02
20260915_13:00:00   1.1690e+00   1.9787e+02   2.1405e+01   0.0000e+00   5.3240e-05   2.8115e+02
20260915_14:00:00   1.2347e+00   2.0326e+02   2.2441e+01   0.0000e+00   6.2079e-04   2.8186e+02
20260915_15:00:00   1.2722e+00   2.0621e+02   2.3076e+01   0.0000e+00   4.2440e-04   2.8098e+02
20260915_16:00:00   1.3426e+00   2.1163e+02   2.4134e+01   0.0000e+00   3.2684e-03   2.7926e+02
20260915_17:00:00   1.4917e+00   2.2192e+02   2.6105e+01   0.0000e+00   1.3590e-02   2.7896e+02
20260915_18:00:00   1.6556e+00   2.3167e+02   2.8229e+01   2.3840e-04   2.9296e-02   2.7995e+02
20260915_19:00:00   1.7823e+00   2.3820e+02   2.9750e+01   7.6375e-03   4.4217e-02   2.7863e+02
20260915_20:00:00   1.9697e+00   2.4655e+02   3.0566e+01   5.8044e-02   9.7439e-02   2.7890e+02
20260915_21:00:00   2.2906e+00   2.5756e+02   3.0722e+01   1.8436e-01   9.0944e-02   2.7723e+02
20260915_22:00:00   1.9823e+00   2.4717e+02   3.0249e+01   8.1390e-02   4.8668e-02   2.7848e+02
20260915_23:00:00   1.7373e+00   2.3643e+02   2.9427e+01   1.3381e-02   5.1793e-03   2.7968e+02
20260916_00:00:00   1.6951e+00   2.3448e+02   2.9190e+01   4.8140e-04   1.3061e-03   2.8125e+02
20260916_01:00:00   1.7165e+00   2.3557e+02   2.9232e+01   1.2399e-03   2.0499e-04   2.8146e+02
20260916_02:00:00   1.6280e+00   2.3109e+02   2.7815e+01   4.7300e-03   0.0000e+00   2.8359e+02
20260916_03:00:00   1.6273e+00   2.3103e+02   2.7790e+01   3.6360e-03   0.0000e+00   2.8375e+02
20260916_04:00:00   1.6605e+00   2.3275e+02   2.8312e+01   0.0000e+00   7.0320e-05   2.8127e+02
20260916_05:00:00   1.6096e+00   2.2989e+02   2.7818e+01   0.0000e+00   3.1360e-05   2.8176e+02
20260916_06:00:00   1.6122e+00   2.2990e+02   2.7996e+01   0.0000e+00   4.3080e-04   2.8116e+02
20260916_07:00:00   1.6197e+00   2.2995e+02   2.8464e+01   0.0000e+00   3.5129e-02   2.8124e+02
20260916_08:00:00   1.6287e+00   2.3025e+02   2.8699e+01   0.0000e+00   6.8520e-02   2.8183e+02
20260916_09:00:00   1.6804e+00   2.3275e+02   2.9473e+01   0.0000e+00   3.7066e-02   2.7937e+02
20260916_10:00:00   1.6698e+00   2.3203e+02   2.9334e+01   0.0000e+00   3.4028e-02   2.7622e+02
20260916_11:00:00   1.6795e+00   2.3236e+02   2.9534e+01   0.0000e+00   3.5746e-02   2.7490e+02
20260916_12:00:00   1.7037e+00   2.3343e+02   2.9681e+01   6.1545e-03   1.5115e-02   2.7631e+02
20260916_13:00:00   1.8862e+00   2.4155e+02   3.0606e+01   5.6081e-02   8.9515e-02   2.7791e+02
20260916_14:00:00   2.1279e+00   2.5049e+02   3.1387e+01   1.2588e-01   1.5289e-01   2.7817e+02
20260916_15:00:00   2.1067e+00   2.4990e+02   3.0873e+01   1.3046e-01   1.2064e-01   2.7799e+02
20260916_16:00:00   1.9808e+00   2.4543e+02   3.1259e+01   6.6368e-02   4.8480e-02   2.7695e+02
20260916_17:00:00   1.8229e+00   2.3906e+02   3.0727e+01   1.5644e-02   3.9944e-02   2.7635e+02
20260916_18:00:00   1.7792e+00   2.3723e+02   3.0505e+01   8.4480e-04   7.4983e-02   2.7359e+02
20260916_19:00:00   1.7831e+00   2.3768e+02   3.0379e+01   0.0000e+00   1.0200e-01   2.7351e+02
20260916_20:00:00   1.8326e+00   2.4027e+02   3.0687e+01   3.0793e-03   8.7236e-02   2.7408e+02
20260916_21:00:00   2.0108e+00   2.4797e+02   3.1569e+01   4.2022e-02   1.1860e-01   2.7486e+02
20260916_22:00:00   2.4521e+00   2.6207e+02   3.1851e+01   2.0819e-01   9.2660e-02   2.7421e+02
20260916_23:00:00   2.6371e+00   2.6633e+02   3.1667e+01   2.8582e-01   2.5843e-02   2.7511e+02
20260917_00:00:00   2.4652e+00   2.6239e+02   3.1687e+01   2.1610e-01   4.2936e-03   2.7615e+02
20260917_01:00:00   2.7137e+00   2.6761e+02   3.1581e+01   3.1172e-01   8.0271e-04   2.7501e+02
20260917_02:00:00   2.0400e+00   2.4936e+02   3.0904e+01   7.6452e-02   5.4275e-04   2.7445e+02
20260917_03:00:00   2.3031e+00   2.5742e+02   3.2021e+01   1.5495e-01   1.5733e-02   2.7350e+02
20260917_04:00:00   2.1002e+00   2.5121e+02   3.1511e+01   8.2753e-02   1.2962e-03   2.7447e+02
20260917_05:00:00   1.8092e+00   2.3952e+02   3.0408e+01   4.0999e-03   3.7341e-03   2.7450e+02
20260917_06:00:00   1.7820e+00   2.3804e+02   3.0426e+01   2.9060e-04   2.0825e-03   2.7547e+02
20260917_07:00:00   1.7285e+00   2.3514e+02   2.9853e+01   2.0504e-03   2.0944e-03   2.7532e+02
20260917_08:00:00   1.6998e+00   2.3347e+02   2.9178e+01   1.3350e-02   4.0908e-03   2.7353e+02
20260917_09:00:00   1.6859e+00   2.3266e+02   2.9089e+01   7.1556e-03   1.8214e-02   2.7265e+02
20260917_10:00:00   1.6993e+00   2.3312e+02   2.9144e+01   1.1554e-02   9.9607e-02   2.7106e+02
20260917_11:00:00   1.7486e+00   2.3530e+02   2.9288e+01   3.5089e-02   4.9304e-02   2.7186e+02
20260917_12:00:00   1.7547e+00   2.3545e+02   2.9554e+01   3.0162e-02   7.3455e-02   2.7198e+02
20260917_13:00:00   1.7303e+00   2.3431e+02   2.9812e+01   1.0244e-02   2.5043e-01   2.7456e+02
20260917_14:00:00   1.6908e+00   2.3239e+02   2.9681e+01   2.8140e-05   1.4300e-01   2.7505e+02
20260917_15:00:00   1.6783e+00   2.3175e+02   2.9539e+01   0.0000e+00   2.1261e-01   2.7414e+02
20260917_16:00:00   1.6750e+00   2.3157e+02   2.9448e+01   0.0000e+00   2.6701e-01   2.7414e+02
20260917_17:00:00   1.6521e+00   2.3047e+02   2.9178e+01   0.0000e+00   1.1267e-01   2.7443e+02
20260917_18:00:00   1.6517e+00   2.3056e+02   2.9147e+01   0.0000e+00   6.2381e-02   2.7430e+02
20260917_21:00:00   1.7906e+00   2.3822e+02   3.0618e+01   1.3302e-03   1.6037e-02   2.7132e+02
20260918_00:00:00   1.7782e+00   2.3808e+02   3.0094e+01   1.1044e-02   8.7197e-03   2.7266e+02
20260918_03:00:00   1.7057e+00   2.3409e+02   2.9344e+01   9.0680e-03   1.9044e-02   2.7464e+02
20260918_06:00:00   1.8491e+00   2.4042e+02   2.9836e+01   5.1006e-02   1.2704e-02   2.7485e+02
20260918_09:00:00   1.7613e+00   2.3662e+02   2.9763e+01   2.0700e-02   9.2076e-03   2.7333e+02
20260918_12:00:00   1.6859e+00   2.3246e+02   2.8946e+01   5.7280e-03   2.4640e-04   2.7288e+02
20260918_15:00:00   1.6254e+00   2.2918e+02   2.8471e+01   0.0000e+00   1.4963e-02   2.7327e+02
20260918_18:00:00   1.6602e+00   2.3151e+02   2.8542e+01   0.0000e+00   8.9430e-06   2.7466e+02
20260918_21:00:00   1.8650e+00   2.4226e+02   3.0231e+01   2.7159e-02   0.0000e+00   2.7592e+02
20260919_00:00:00   2.1641e+00   2.5365e+02   2.9293e+01   1.7088e-01   0.0000e+00   2.7400e+02
20260919_03:00:00   1.6518e+00   2.3227e+02   2.7969e+01   1.1548e-02   2.4481e-03   2.7508e+02
20260919_06:00:00   1.6187e+00   2.3012e+02   2.8319e+01   0.0000e+00   6.1413e-03   2.7408e+02
20260919_09:00:00   1.6178e+00   2.2976e+02   2.8266e+01   0.0000e+00   1.7799e-02   2.7186e+02
20260919_12:00:00   1.5645e+00   2.2659e+02   2.7449e+01   0.0000e+00   2.8220e-04   2.7050e+02
20260919_15:00:00   1.5827e+00   2.2762e+02   2.7446e+01   0.0000e+00   0.0000e+00   2.6813e+02
20260919_18:00:00   1.6609e+00   2.3222e+02   2.8292e+01   0.0000e+00   0.0000e+00   2.6681e+02
20260919_21:00:00   1.9803e+00   2.4751e+02   2.8942e+01   1.0764e-01   0.0000e+00   2.6743e+02
20260920_00:00:00   3.3599e+00   2.7620e+02   3.0358e+01   6.2304e-01   8.0382e-05   2.6519e+02
20260920_03:00:00   2.4340e+00   2.6098e+02   3.0141e+01   2.6936e-01   2.0945e-02   2.6685e+02
20260920_06:00:00   1.7235e+00   2.3597e+02   2.9145e+01   3.5899e-03   1.2464e-04   2.6630e+02
20260920_09:00:00   1.6699e+00   2.3306e+02   2.8496e+01   1.3322e-03   0.0000e+00   2.6475e+02
20260920_12:00:00   1.6679e+00   2.3271e+02   2.8307e+01   1.8708e-03   0.0000e+00   2.6404e+02
20260920_15:00:00   1.6389e+00   2.3120e+02   2.7468e+01   0.0000e+00   1.0352e-05   2.6517e+02
20260920_18:00:00   1.6778e+00   2.3356e+02   2.7347e+01   2.6718e-03   0.0000e+00   2.6364e+02
20260920_21:00:00   2.5500e+00   2.6483e+02   2.7925e+01   3.2605e-01   0.0000e+00   2.6343e+02
20260921_00:00:00   3.3372e+00   2.7610e+02   2.9197e+01   6.2406e-01   4.8183e-04   2.6299e+02
20260921_03:00:00   2.6462e+00   2.6690e+02   2.7161e+01   3.8653e-01   2.5280e-05   2.5989e+02
20260921_06:00:00   1.4582e+00   2.2166e+02   2.4463e+01   5.5520e-05   0.0000e+00   2.6002e+02
20260921_09:00:00   1.4801e+00   2.2282e+02   2.3360e+01   2.1298e-02   0.0000e+00   2.6283e+02
20260921_12:00:00   1.4496e+00   2.2040e+02   2.3474e+01   7.2968e-03   1.7638e-06   2.6487e+02
20260921_15:00:00   1.2882e+00   2.0874e+02   2.1890e+01   0.0000e+00   0.0000e+00   2.6424e+02
20260921_18:00:00   1.2968e+00   2.0978e+02   2.1755e+01   0.0000e+00   0.0000e+00   2.6773e+02
20260921_21:00:00   1.6217e+00   2.3157e+02   2.3976e+01   5.9286e-02   0.0000e+00   2.6624e+02
20260922_00:00:00   3.1210e+00   2.7385e+02   2.6570e+01   6.0421e-01   1.9517e-04   2.6594e+02
20260922_03:00:00   1.8983e+00   2.4399e+02   2.4552e+01   1.8198e-01   2.5220e-05   2.6803e+02
20260922_06:00:00   1.3283e+00   2.1263e+02   2.2341e+01   0.0000e+00   0.0000e+00   2.6676e+02
20260922_09:00:00   1.1458e+00   1.9758e+02   1.9997e+01   0.0000e+00   0.0000e+00   2.6687e+02
20260922_12:00:00   1.1813e+00   2.0037e+02   2.0556e+01   0.0000e+00   0.0000e+00   2.6765e+02
20260922_15:00:00   1.1943e+00   2.0131e+02   2.0789e+01   0.0000e+00   0.0000e+00   2.6719e+02
20260922_18:00:00   1.3036e+00   2.1012e+02   2.2342e+01   0.0000e+00   0.0000e+00   2.6732e+02
20260922_21:00:00   1.9885e+00   2.4745e+02   2.4545e+01   2.1846e-01   8.4786e-05   2.6577e+02
20260923_00:00:00   1.6415e+00   2.3170e+02   2.2914e+01   1.2215e-01   9.1420e-06   2.6341e+02
20260923_03:00:00   1.7779e+00   2.3788e+02   2.6223e+01   8.8548e-02   4.8253e-03   2.6467e+02
20260923_06:00:00   1.2917e+00   2.0853e+02   2.3193e+01   0.0000e+00   2.2979e-02   2.6447e+02
20260923_09:00:00   1.1772e+00   1.9906e+02   2.1647e+01   0.0000e+00   1.3568e-02   2.6323e+02
20260923_12:00:00   1.3332e+00   2.1114e+02   2.3778e+01   0.0000e+00   2.3488e-02   2.6484e+02
20260923_15:00:00   1.4209e+00   2.1704e+02   2.4945e+01   0.0000e+00   6.9283e-02   2.6698e+02
20260923_18:00:00   1.5060e+00   2.2252e+02   2.5743e+01   3.4780e-03   1.9914e-02   2.6930e+02
20260923_21:00:00   2.3571e+00   2.5851e+02   2.8576e+01   2.6299e-01   3.1466e-03   2.6753e+02
20260924_00:00:00   3.9372e+00   2.7837e+02   3.0118e+01   8.8055e-01   3.2019e-01   2.6655e+02
20260924_03:00:00   1.4696e+00   2.1863e+02   2.6110e+01   4.9851e-03   6.3816e-01   2.6923e+02
20260924_06:00:00   1.3367e+00   2.0944e+02   2.4567e+01   0.0000e+00   3.0014e-01   2.7222e+02
20260924_09:00:00   1.2331e+00   2.0140e+02   2.2675e+01   0.0000e+00   1.9827e-01   2.7401e+02
20260924_12:00:00   1.4006e+00   2.1354e+02   2.4726e+01   7.9080e-04   1.7705e-01   2.7591e+02
20260924_15:00:00   1.3769e+00   2.1178e+02   2.4517e+01   0.0000e+00   3.4395e-01   2.7836e+02
20260924_18:00:00   1.4460e+00   2.1637e+02   2.5411e+01   0.0000e+00   3.9155e-01   2.7687e+02
20260924_21:00:00   1.5978e+00   2.2632e+02   2.6842e+01   1.0088e-04   6.1986e-03   2.7460e+02
20260925_00:00:00   3.1200e+00   2.7184e+02   2.7724e+01   5.5842e-01   1.1600e-03   2.7521e+02
20260925_03:00:00   1.8555e+00   2.4055e+02   2.4683e+01   1.3615e-01   0.0000e+00   2.7644e+02
20260925_06:00:00   1.3212e+00   2.0927e+02   2.2191e+01   0.0000e+00   1.6096e-04   2.7656e+02
20260925_09:00:00   1.2635e+00   2.0470e+02   2.1425e+01   0.0000e+00   0.0000e+00   2.7756e+02
20260925_12:00:00   1.2456e+00   2.0282e+02   2.1485e+01   0.0000e+00   1.7743e-04   2.7856e+02
20260925_15:00:00   1.2610e+00   2.0381e+02   2.1746e+01   0.0000e+00   9.1420e-06   2.8100e+02
20260925_18:00:00   1.1838e+00   1.9838e+02   1.9779e+01   0.0000e+00   0.0000e+00   2.8316e+02
20260925_21:00:00   1.5632e+00   2.2602e+02   2.0349e+01   1.2285e-01   0.0000e+00   2.7932e+02
20260926_00:00:00   1.2489e+00   2.0465e+02   1.9695e+01   2.4126e-02   0.0000e+00   2.8001e+02
20260926_03:00:00   1.8237e+00   2.3905e+02   2.1059e+01   2.1770e-01   7.1540e-06   2.8172e+02
20260926_06:00:00   1.0505e+00   1.8687e+02   1.8021e+01   0.0000e+00   0.0000e+00   2.8141e+02
20260926_09:00:00   9.5771e-01   1.7720e+02   1.6648e+01   0.0000e+00   0.0000e+00   2.7891e+02
20260926_12:00:00   9.8632e-01   1.7997e+02   1.6979e+01   0.0000e+00   0.0000e+00   2.7627e+02
20260926_15:00:00   9.2702e-01   1.7369e+02   1.6016e+01   0.0000e+00   0.0000e+00   2.7824e+02
20260926_18:00:00   9.8641e-01   1.8029e+02   1.6670e+01   0.0000e+00   0.0000e+00   2.7795e+02
20260926_21:00:00   1.3273e+00   2.1029e+02   1.9813e+01   5.0980e-02   6.8900e-06   2.7665e+02
20260927_00:00:00   2.6975e+00   2.6322e+02   2.4813e+01   5.1372e-01   4.2058e-01   2.7519e+02
20260927_03:00:00   1.0221e+00   1.8362e+02   1.7689e+01   1.9674e-04   1.0732e-05   2.7468e+02
20260927_06:00:00   9.4265e-01   1.7495e+02   1.6658e+01   2.3023e-03   9.6080e-05   2.7687e+02
20260927_09:00:00   9.8869e-01   1.7977e+02   1.6618e+01   1.5480e-02   3.0123e-04   2.7635e+02
20260927_12:00:00   1.0572e+00   1.8652e+02   1.6886e+01   2.8364e-02   2.4780e-05   2.8353e+02
20260927_15:00:00   1.0041e+00   1.8156e+02   1.6965e+01   5.0530e-04   3.5780e-06   2.8743e+02
20260927_18:00:00   9.8282e-01   1.7963e+02   1.6494e+01   7.2460e-06   0.0000e+00   2.8595e+02
20260927_21:00:00   1.0819e+00   1.8942e+02   1.7808e+01   1.1812e-02   1.9840e-05   2.8614e+02
20260928_00:00:00   1.1465e+00   1.9523e+02   1.6967e+01   6.0410e-02   1.2718e-05   2.8523e+02
20260928_03:00:00   9.9161e-01   1.8008e+02   1.5540e+01   3.8362e-02   7.5855e-05   2.8449e+02
20260928_06:00:00   7.9139e-01   1.5773e+02   1.3768e+01   5.1760e-06   0.0000e+00   2.8222e+02
20260928_09:00:00   7.2816e-01   1.4945e+02   1.2759e+01   0.0000e+00   0.0000e+00   2.8333e+02
20260928_12:00:00   6.9339e-01   1.4429e+02   1.2277e+01   0.0000e+00   0.0000e+00   2.8267e+02
20260928_15:00:00   6.7481e-01   1.4171e+02   1.1943e+01   0.0000e+00   0.0000e+00   2.8189e+02
20260928_18:00:00   6.7352e-01   1.4155e+02   1.1949e+01   0.0000e+00   0.0000e+00   2.8167e+02
