#            date       tau255        Tb[K]      pwv[mm] lwp[kg*m^-2] iwp[kg*m^-2]       o3[DU]
20260804_12:00:00   1.5047e+00   2.2480e+02   2.6729e+01   7.2402e-03   1.1581e-02   2.9637e+02
20260804_13:00:00   1.4359e+00   2.2032e+02   2.5792e+01   0.0000e+00   2.1985e-04   3.0100e+02
20260804_14:00:00   1.3183e+00   2.1245e+02   2.3683e+01   0.0000e+00   0.0000e+00   3.0298e+02
20260804_15:00:00   1.2725e+00   2.0922e+02   2.2783e+01   0.0000e+00   0.0000e+00   3.0313e+02
20260804_16:00:00   1.2734e+00   2.0926e+02   2.2814e+01   0.0000e+00   0.0000e+00   3.0285e+02
20260804_17:00:00   1.2709e+00   2.0906e+02   2.2704e+01   0.0000e+00   0.0000e+00   3.0283e+02
20260804_18:00:00   1.3360e+00   2.1397e+02   2.3686e+01   0.0000e+00   0.0000e+00   3.0073e+02
20260804_19:00:00   1.3832e+00   2.1737e+02   2.4447e+01   0.0000e+00   7.3740e-05   3.0152e+02
20260804_20:00:00   1.3801e+00   2.1747e+02   2.4500e+01   0.0000e+00   2.1320e-05   3.0223e+02
20260804_21:00:00   1.4053e+00   2.1948e+02   2.4917e+01   0.0000e+00   0.0000e+00   3.0110e+02
20260804_22:00:00   1.4457e+00   2.2234e+02   2.5749e+01   0.0000e+00   3.5780e-06   2.9995e+02
20260804_23:00:00   1.4452e+00   2.2268e+02   2.5559e+01   0.0000e+00   0.0000e+00   3.0175e+02
20260805_00:00:00   1.4580e+00   2.2386e+02   2.5347e+01   0.0000e+00   0.0000e+00   3.0099e+02
20260805_01:00:00   1.4749e+00   2.2501e+02   2.5338e+01   3.2098e-05   7.6420e-05   3.0319e+02
20260805_02:00:00   1.6042e+00   2.3248e+02   2.7057e+01   2.0021e-03   9.7184e-04   3.0228e+02
20260805_03:00:00   1.5474e+00   2.2913e+02   2.6273e+01   0.0000e+00   4.9416e-03   2.9737e+02
20260805_04:00:00   1.5903e+00   2.3134e+02   2.6932e+01   1.1574e-03   3.0747e-02   2.9653e+02
20260805_05:00:00   1.6543e+00   2.3434e+02   2.8202e+01   3.3024e-03   2.2888e-01   2.9685e+02
20260805_06:00:00   3.0653e+00   2.7169e+02   3.2567e+01   5.4017e-01   1.0002e+00   2.9616e+02
20260805_07:00:00   1.5576e+00   2.2695e+02   2.8565e+01   4.7076e-03   7.2536e-01   2.9908e+02
20260805_08:00:00   1.3429e+00   2.1366e+02   2.5530e+01   0.0000e+00   1.3460e-01   2.9838e+02
20260805_09:00:00   1.3071e+00   2.1148e+02   2.4343e+01   0.0000e+00   2.8884e-02   2.9920e+02
20260805_10:00:00   1.4062e+00   2.1891e+02   2.5147e+01   0.0000e+00   1.1690e-03   2.9832e+02
20260805_11:00:00   1.4459e+00   2.2148e+02   2.5153e+01   0.0000e+00   9.7108e-04   2.9822e+02
20260805_12:00:00   1.3505e+00   2.1500e+02   2.3507e+01   0.0000e+00   5.9201e-04   2.9951e+02
20260805_13:00:00   1.2979e+00   2.1114e+02   2.2521e+01   0.0000e+00   0.0000e+00   2.9859e+02
20260805_14:00:00   1.2848e+00   2.1018e+02   2.1999e+01   0.0000e+00   0.0000e+00   2.9943e+02
20260805_15:00:00   1.2513e+00   2.0758e+02   2.1390e+01   0.0000e+00   0.0000e+00   2.9922e+02
20260805_16:00:00   1.1849e+00   2.0216e+02   2.0384e+01   0.0000e+00   0.0000e+00   2.9683e+02
20260805_17:00:00   1.2536e+00   2.0773e+02   2.1413e+01   0.0000e+00   0.0000e+00   2.9817e+02
20260805_18:00:00   1.2908e+00   2.1083e+02   2.2015e+01   0.0000e+00   3.1060e-05   2.9767e+02
20260805_19:00:00   1.3690e+00   2.1678e+02   2.3074e+01   0.0000e+00   6.1580e-05   3.0065e+02
20260805_20:00:00   1.4232e+00   2.2089e+02   2.3953e+01   0.0000e+00   3.3180e-05   3.0172e+02
20260805_21:00:00   1.5498e+00   2.2922e+02   2.5691e+01   0.0000e+00   0.0000e+00   2.9792e+02
20260805_22:00:00   1.5541e+00   2.2982e+02   2.5841e+01   0.0000e+00   0.0000e+00   2.9773e+02
20260805_23:00:00   1.6392e+00   2.3482e+02   2.6791e+01   7.5520e-03   0.0000e+00   2.9912e+02
20260806_00:00:00   1.6774e+00   2.3689e+02   2.7171e+01   1.0904e-02   0.0000e+00   2.9803e+02
20260806_01:00:00   1.6227e+00   2.3374e+02   2.6759e+01   1.0379e-02   2.9750e-03   2.9703e+02
20260806_02:00:00   2.5192e+00   2.6453e+02   2.9959e+01   3.5204e-01   1.0228e-01   2.9733e+02
20260806_03:00:00   5.4385e+00   2.8609e+02   3.8111e+01   1.3092e+00   8.0735e-01   2.9494e+02
20260806_04:00:00   6.2870e+00   2.8505e+02   3.6661e+01   1.8301e+00   1.7357e+00   2.9266e+02
20260806_05:00:00   1.4176e+00   2.1689e+02   2.6017e+01   0.0000e+00   8.0940e-01   2.9487e+02
20260806_06:00:00   1.3315e+00   2.1210e+02   2.4988e+01   0.0000e+00   3.9668e-01   2.9361e+02
20260806_07:00:00   1.2933e+00   2.0995e+02   2.4514e+01   0.0000e+00   1.8606e-01   2.9558e+02
20260806_08:00:00   1.2792e+00   2.0900e+02   2.4311e+01   0.0000e+00   8.9599e-02   2.9697e+02
20260806_09:00:00   1.3702e+00   2.1575e+02   2.5680e+01   0.0000e+00   5.3750e-02   2.9771e+02
20260806_10:00:00   1.3761e+00   2.1622e+02   2.5588e+01   0.0000e+00   9.2675e-02   2.9672e+02
20260806_11:00:00   1.3647e+00   2.1544e+02   2.5371e+01   0.0000e+00   4.4195e-02   2.9755e+02
20260806_12:00:00   1.3957e+00   2.1758e+02   2.5656e+01   0.0000e+00   1.0103e-02   2.9932e+02
20260806_13:00:00   1.3600e+00   2.1507e+02   2.4752e+01   0.0000e+00   8.3312e-03   2.9803e+02
20260806_14:00:00   1.2844e+00   2.0965e+02   2.3209e+01   0.0000e+00   3.1144e-03   2.9741e+02
20260806_15:00:00   1.2381e+00   2.0627e+02   2.2210e+01   0.0000e+00   2.1636e-03   3.0001e+02
20260806_16:00:00   1.1872e+00   2.0213e+02   2.1326e+01   0.0000e+00   1.8634e-03   3.0107e+02
20260806_17:00:00   1.1268e+00   1.9690e+02   2.0312e+01   0.0000e+00   2.1440e-04   3.0065e+02
20260806_18:00:00   1.1034e+00   1.9477e+02   1.9850e+01   0.0000e+00   3.5420e-05   3.0120e+02
20260806_19:00:00   1.1071e+00   1.9536e+02   1.9861e+01   0.0000e+00   3.8340e-06   2.9881e+02
20260806_20:00:00   1.1904e+00   2.0314e+02   2.0882e+01   0.0000e+00   8.2440e-06   2.9618e+02
20260806_21:00:00   1.1963e+00   2.0398e+02   2.1026e+01   0.0000e+00   1.0706e-05   2.9560e+02
20260806_22:00:00   1.2158e+00   2.0592e+02   2.1230e+01   0.0000e+00   0.0000e+00   2.9666e+02
20260806_23:00:00   1.1909e+00   2.0410e+02   2.0739e+01   0.0000e+00   0.0000e+00   2.9609e+02
20260807_00:00:00   1.1739e+00   2.0280e+02   2.0447e+01   0.0000e+00   0.0000e+00   2.9467e+02
20260807_01:00:00   1.1547e+00   2.0115e+02   2.0157e+01   0.0000e+00   0.0000e+00   2.9471e+02
20260807_02:00:00   1.1938e+00   2.0447e+02   2.0830e+01   0.0000e+00   0.0000e+00   2.9444e+02
20260807_03:00:00   1.2983e+00   2.1277e+02   2.2470e+01   0.0000e+00   0.0000e+00   2.9409e+02
20260807_04:00:00   1.4308e+00   2.2213e+02   2.4176e+01   9.4454e-03   0.0000e+00   2.9710e+02
20260807_05:00:00   1.4441e+00   2.2284e+02   2.4938e+01   0.0000e+00   6.0940e-05   2.9800e+02
20260807_06:00:00   1.1945e+00   2.0414e+02   2.1298e+01   0.0000e+00   1.8115e-04   2.9839e+02
20260807_07:00:00   1.1890e+00   2.0333e+02   2.1499e+01   0.0000e+00   2.7440e-03   2.9602e+02
20260807_08:00:00   1.2932e+00   2.1132e+02   2.3270e+01   0.0000e+00   2.9335e-03   2.9707e+02
20260807_09:00:00   1.4346e+00   2.2102e+02   2.5317e+01   0.0000e+00   5.9599e-03   2.9625e+02
20260807_10:00:00   1.3581e+00   2.1546e+02   2.4679e+01   0.0000e+00   6.8795e-03   2.9589e+02
20260807_11:00:00   1.3718e+00   2.1624e+02   2.5121e+01   0.0000e+00   8.2359e-03   2.9674e+02
20260807_12:00:00   1.3996e+00   2.1779e+02   2.5821e+01   0.0000e+00   1.6975e-02   2.9945e+02
20260807_13:00:00   1.4306e+00   2.1968e+02   2.6419e+01   0.0000e+00   3.1569e-02   3.0007e+02
20260807_14:00:00   1.3842e+00   2.1637e+02   2.5987e+01   0.0000e+00   9.5072e-03   3.0018e+02
20260807_15:00:00   1.4369e+00   2.2019e+02   2.6635e+01   0.0000e+00   3.2277e-03   2.9754e+02
20260807_16:00:00   1.5155e+00   2.2534e+02   2.7635e+01   0.0000e+00   6.2911e-04   2.9556e+02
20260807_17:00:00   1.6024e+00   2.3061e+02   2.8468e+01   0.0000e+00   2.4560e-04   2.9634e+02
20260807_18:00:00   1.5412e+00   2.2745e+02   2.7383e+01   0.0000e+00   1.1146e-05   2.9444e+02
20260807_19:00:00   1.4690e+00   2.2332e+02   2.6222e+01   0.0000e+00   7.0540e-07   2.9235e+02
20260807_20:00:00   1.4550e+00   2.2275e+02   2.5864e+01   0.0000e+00   1.4110e-06   2.9357e+02
20260807_21:00:00   1.4031e+00   2.1958e+02   2.5184e+01   0.0000e+00   0.0000e+00   2.9542e+02
20260807_22:00:00   1.4740e+00   2.2448e+02   2.6237e+01   0.0000e+00   0.0000e+00   2.9696e+02
20260807_23:00:00   1.4738e+00   2.2475e+02   2.6170e+01   0.0000e+00   0.0000e+00   2.9850e+02
20260808_00:00:00   1.4283e+00   2.2194e+02   2.5441e+01   0.0000e+00   0.0000e+00   2.9684e+02
20260808_01:00:00   1.3451e+00   2.1622e+02   2.4117e+01   0.0000e+00   0.0000e+00   2.9471e+02
20260808_02:00:00   1.4328e+00   2.2214e+02   2.5535e+01   0.0000e+00   0.0000e+00   2.9346e+02
20260808_03:00:00   1.5559e+00   2.2950e+02   2.7618e+01   0.0000e+00   1.9541e-04   2.9280e+02
20260808_04:00:00   1.5218e+00   2.2745e+02   2.7047e+01   0.0000e+00   7.5502e-03   2.9244e+02
20260808_05:00:00   1.5677e+00   2.2982e+02   2.8153e+01   0.0000e+00   1.5131e-02   2.9234e+02
20260808_06:00:00   1.5513e+00   2.2830e+02   2.8431e+01   1.0056e-03   2.5544e-01   2.9125e+02
20260808_07:00:00   1.5787e+00   2.2984e+02   2.8777e+01   0.0000e+00   1.8267e-01   2.9156e+02
20260808_08:00:00   1.6711e+00   2.3475e+02   3.0107e+01   0.0000e+00   8.3577e-02   2.9001e+02
20260808_09:00:00   1.7784e+00   2.3983e+02   3.1397e+01   1.4289e-03   4.2536e-02   2.8769e+02
20260808_10:00:00   1.5956e+00   2.3040e+02   2.8720e+01   0.0000e+00   2.8235e-02   2.8828e+02
20260808_11:00:00   1.7153e+00   2.3669e+02   3.0283e+01   5.2920e-06   2.3819e-02   2.8999e+02
20260808_12:00:00   1.5959e+00   2.3051e+02   2.8405e+01   0.0000e+00   2.6429e-02   2.9227e+02
20260808_13:00:00   1.4267e+00   2.2006e+02   2.5984e+01   0.0000e+00   6.4031e-02   2.9301e+02
20260808_14:00:00   1.3845e+00   2.1733e+02   2.5160e+01   0.0000e+00   1.2280e-02   2.9310e+02
20260808_15:00:00   1.3070e+00   2.1181e+02   2.3685e+01   0.0000e+00   1.1564e-03   2.9273e+02
20260808_16:00:00   1.2629e+00   2.0844e+02   2.2844e+01   0.0000e+00   5.2280e-04   2.9342e+02
20260808_17:00:00   1.2751e+00   2.0946e+02   2.2664e+01   0.0000e+00   0.0000e+00   2.9334e+02
20260808_18:00:00   1.2390e+00   2.0676e+02   2.2021e+01   0.0000e+00   0.0000e+00   2.9363e+02
20260808_19:00:00   1.2922e+00   2.1142e+02   2.2445e+01   0.0000e+00   0.0000e+00   2.9399e+02
20260808_20:00:00   1.2597e+00   2.0936e+02   2.1831e+01   0.0000e+00   0.0000e+00   2.9241e+02
20260808_21:00:00   1.3111e+00   2.1368e+02   2.2323e+01   0.0000e+00   0.0000e+00   2.9493e+02
20260808_22:00:00   1.3425e+00   2.1605e+02   2.2882e+01   1.0766e-04   8.2820e-07   2.9457e+02
20260808_23:00:00   1.3334e+00   2.1513e+02   2.3006e+01   6.0427e-03   1.6564e-06   2.9372e+02
20260809_00:00:00   1.2336e+00   2.0736e+02   2.1783e+01   2.0520e-03   1.6564e-06   2.9273e+02
20260809_01:00:00   1.3130e+00   2.1326e+02   2.1669e+01   3.9831e-02   1.7354e-03   2.9409e+02
20260809_02:00:00   1.9168e+00   2.4631e+02   2.5370e+01   1.9221e-01   1.6618e-03   2.9384e+02
20260809_03:00:00   1.5533e+00   2.2957e+02   2.5830e+01   1.6280e-02   2.3688e-04   2.9585e+02
20260809_04:00:00   1.4514e+00   2.2353e+02   2.4522e+01   5.3621e-03   1.7154e-05   2.9553e+02
20260809_05:00:00   1.4824e+00   2.2539e+02   2.5289e+01   1.5874e-05   9.8540e-06   2.9565e+02
20260809_06:00:00   1.3915e+00   2.1913e+02   2.4170e+01   1.0242e-03   1.2958e-05   2.9379e+02
20260809_07:00:00   1.3953e+00   2.1911e+02   2.4408e+01   2.4370e-03   7.2662e-05   2.9284e+02
20260809_08:00:00   1.3920e+00   2.1873e+02   2.4440e+01   1.6042e-04   1.1994e-05   2.9358e+02
20260809_09:00:00   1.5008e+00   2.2559e+02   2.5574e+01   6.4380e-03   2.5409e-04   2.9406e+02
20260809_10:00:00   1.3356e+00   2.1450e+02   2.3373e+01   0.0000e+00   1.0344e-04   2.9518e+02
20260809_11:00:00   1.2609e+00   2.0883e+02   2.2316e+01   0.0000e+00   8.0460e-04   2.9659e+02
20260809_12:00:00   1.1937e+00   2.0332e+02   2.1341e+01   0.0000e+00   4.7460e-05   2.9684e+02
20260809_15:00:00   1.1815e+00   2.0201e+02   2.0907e+01   0.0000e+00   0.0000e+00   2.9759e+02
20260809_18:00:00   1.1459e+00   1.9879e+02   2.0191e+01   0.0000e+00   0.0000e+00   2.9447e+02
20260809_21:00:00   1.3190e+00   2.1368e+02   2.2717e+01   5.0100e-04   0.0000e+00   2.9608e+02
20260810_00:00:00   2.0175e+00   2.5045e+02   2.4798e+01   2.4656e-01   1.6284e-01   2.9314e+02
20260810_03:00:00   2.1820e+00   2.5503e+02   3.2143e+01   1.2911e-01   1.9262e-01   2.9406e+02
20260810_06:00:00   1.5410e+00   2.2717e+02   2.7503e+01   0.0000e+00   4.5429e-02   2.9296e+02
20260810_09:00:00   1.6595e+00   2.3355e+02   2.7923e+01   8.6240e-03   1.5514e-03   2.9423e+02
20260810_12:00:00   1.3187e+00   2.1226e+02   2.3304e+01   0.0000e+00   4.3912e-02   2.9643e+02
20260810_15:00:00   1.2585e+00   2.0748e+02   2.2407e+01   0.0000e+00   2.3560e-03   2.9653e+02
20260810_18:00:00   1.3824e+00   2.1647e+02   2.4003e+01   0.0000e+00   0.0000e+00   2.9807e+02
20260810_21:00:00   1.4867e+00   2.2450e+02   2.5029e+01   0.0000e+00   0.0000e+00   2.9542e+02
20260811_00:00:00   1.6080e+00   2.3232e+02   2.6543e+01   2.0778e-03   1.4493e-05   2.9493e+02
20260811_03:00:00   1.5175e+00   2.2672e+02   2.5958e+01   2.8040e-03   1.2509e-02   2.9557e+02
20260811_06:00:00   1.8194e+00   2.4126e+02   3.1429e+01   9.2275e-03   4.0218e-01   2.9642e+02
20260811_09:00:00   1.7376e+00   2.3731e+02   3.0413e+01   0.0000e+00   1.0537e-02   2.9807e+02
20260811_12:00:00   1.6874e+00   2.3444e+02   2.9398e+01   0.0000e+00   1.1054e-02   2.9849e+02
20260811_15:00:00   1.6137e+00   2.3045e+02   2.8324e+01   0.0000e+00   9.1891e-03   3.0037e+02
20260811_18:00:00   1.5532e+00   2.2735e+02   2.6589e+01   0.0000e+00   1.7638e-06   2.9961e+02
20260811_21:00:00   1.7469e+00   2.3857e+02   2.8594e+01   1.7758e-04   6.6240e-06   2.9815e+02
20260812_00:00:00   1.6818e+00   2.3607e+02   2.6757e+01   1.8482e-02   0.0000e+00   2.9602e+02
20260812_03:00:00   1.6004e+00   2.3130e+02   2.6416e+01   3.2980e-03   9.0648e-02   2.9919e+02
20260812_06:00:00   1.7950e+00   2.3916e+02   3.0629e+01   2.5083e-02   3.2792e-01   3.0023e+02
20260812_09:00:00   1.6096e+00   2.2882e+02   2.8740e+01   1.7332e-02   7.1843e-02   2.9605e+02
20260812_12:00:00   1.5999e+00   2.2847e+02   2.8759e+01   9.4480e-04   1.0672e-02   2.9658e+02
20260812_15:00:00   1.6594e+00   2.3168e+02   2.9352e+01   0.0000e+00   4.9856e-04   2.9892e+02
20260812_18:00:00   1.6779e+00   2.3295e+02   2.9056e+01   3.8080e-05   8.5217e-03   2.9793e+02
20260812_21:00:00   1.7054e+00   2.3568e+02   2.8793e+01   2.9440e-04   4.1400e-06   2.9646e+02
20260813_00:00:00   1.7607e+00   2.3910e+02   2.8167e+01   2.9438e-02   3.2780e-04   2.9693e+02
20260813_03:00:00   1.6078e+00   2.3107e+02   2.6758e+01   1.4388e-02   8.9420e-06   2.9627e+02
20260813_06:00:00   1.5445e+00   2.2739e+02   2.6416e+01   0.0000e+00   6.3984e-02   2.9504e+02
20260813_09:00:00   1.9311e+00   2.4561e+02   2.9824e+01   7.3276e-02   5.3477e-02   2.9436e+02
20260813_12:00:00   1.7228e+00   2.3609e+02   2.9783e+01   0.0000e+00   9.1805e-02   2.9464e+02
20260813_15:00:00   1.7477e+00   2.3712e+02   2.9253e+01   1.2868e-02   1.5113e-01   2.9651e+02
20260813_18:00:00   1.7792e+00   2.3866e+02   3.0280e+01   0.0000e+00   5.7782e-02   2.9759e+02
20260813_21:00:00   2.3761e+00   2.6098e+02   3.3479e+01   1.4404e-01   1.2847e-02   2.9508e+02
20260814_00:00:00   1.9418e+00   2.4702e+02   3.1704e+01   3.5594e-02   4.8312e-02   2.9323e+02
20260814_03:00:00   2.9725e+00   2.7018e+02   3.3984e+01   4.4055e-01   9.7570e-01   2.9358e+02
20260814_06:00:00   1.5803e+00   2.2695e+02   2.9244e+01   0.0000e+00   4.8909e-01   2.9459e+02
20260814_09:00:00   1.6150e+00   2.2916e+02   2.9503e+01   0.0000e+00   2.8559e-01   2.9504e+02
20260814_12:00:00   1.7273e+00   2.3501e+02   3.0838e+01   0.0000e+00   1.7615e-01   2.9549e+02
20260814_15:00:00   1.7681e+00   2.3681e+02   3.0896e+01   7.7220e-04   4.8041e-02   2.9867e+02
20260814_18:00:00   1.7461e+00   2.3644e+02   2.9939e+01   2.2820e-05   1.9187e-04   2.9840e+02
20260814_21:00:00   2.7223e+00   2.6846e+02   3.0818e+01   3.4051e-01   0.0000e+00   2.9635e+02
20260815_00:00:00   1.4818e+00   2.2304e+02   2.5832e+01   0.0000e+00   0.0000e+00   2.9663e+02
20260815_03:00:00   1.3758e+00   2.1585e+02   2.4245e+01   0.0000e+00   1.2002e-02   2.9655e+02
20260815_06:00:00   1.2046e+00   2.0263e+02   2.1426e+01   0.0000e+00   9.3160e-06   2.9646e+02
20260815_09:00:00   1.1534e+00   1.9811e+02   2.0473e+01   0.0000e+00   5.6838e-03   2.9786e+02
20260815_12:00:00   1.1795e+00   2.0020e+02   2.0687e+01   0.0000e+00   2.0775e-03   2.9673e+02
20260815_15:00:00   1.0841e+00   1.9151e+02   1.9515e+01   0.0000e+00   2.1205e-03   2.9917e+02
20260815_18:00:00   1.2334e+00   2.0465e+02   2.2196e+01   0.0000e+00   1.6280e-03   2.9784e+02
20260815_21:00:00   1.5482e+00   2.2728e+02   2.7228e+01   0.0000e+00   2.9873e-03   2.9468e+02
20260816_00:00:00   1.5434e+00   2.2753e+02   2.7254e+01   1.0732e-04   7.7640e-03   2.9258e+02
20260816_03:00:00   1.7278e+00   2.3711e+02   2.8691e+01   2.8212e-02   9.9973e-02   2.9647e+02
20260816_06:00:00   1.5226e+00   2.2540e+02   2.7409e+01   0.0000e+00   1.1682e-02   2.9508e+02
20260816_09:00:00   1.4115e+00   2.1791e+02   2.6147e+01   0.0000e+00   1.0379e-01   2.9733e+02
20260816_12:00:00   1.3955e+00   2.1654e+02   2.5802e+01   0.0000e+00   3.1700e-03   2.9480e+02
20260816_15:00:00   1.3132e+00   2.1056e+02   2.4628e+01   0.0000e+00   1.9980e-03   2.9460e+02
20260816_18:00:00   1.3772e+00   2.1548e+02   2.5337e+01   0.0000e+00   9.4620e-04   2.9346e+02
20260816_21:00:00   1.5400e+00   2.2698e+02   2.7663e+01   0.0000e+00   4.2660e-05   2.9288e+02
20260817_00:00:00   1.4972e+00   2.2477e+02   2.7205e+01   0.0000e+00   1.1249e-03   2.9291e+02
20260817_03:00:00   1.6934e+00   2.3572e+02   2.8814e+01   2.9277e-02   2.3315e-03   2.9305e+02
20260817_06:00:00   1.6281e+00   2.3203e+02   2.8961e+01   2.2157e-04   1.6968e-02   2.9127e+02
20260817_09:00:00   1.4730e+00   2.2248e+02   2.7115e+01   0.0000e+00   9.6776e-02   2.8886e+02
20260817_12:00:00   1.4853e+00   2.2299e+02   2.7307e+01   0.0000e+00   1.1337e-01   2.8951e+02
20260817_15:00:00   1.5136e+00   2.2452e+02   2.7825e+01   0.0000e+00   1.1718e-01   2.9304e+02
20260817_18:00:00   1.4608e+00   2.2070e+02   2.7218e+01   0.0000e+00   9.9058e-02   2.9390e+02
20260817_21:00:00   1.6100e+00   2.3043e+02   2.9375e+01   4.7000e-04   2.5786e-01   2.8997e+02
20260818_00:00:00   2.9866e+00   2.7182e+02   3.1784e+01   5.0147e-01   6.2583e-01   2.8978e+02
20260818_03:00:00   1.7100e+00   2.3428e+02   2.8066e+01   9.6772e-02   4.8718e-01   2.8864e+02
20260818_06:00:00   1.3422e+00   2.1314e+02   2.5569e+01   0.0000e+00   3.0651e-01   2.8975e+02
20260818_09:00:00   1.3166e+00   2.1160e+02   2.4750e+01   0.0000e+00   1.3342e-02   2.9136e+02
20260818_12:00:00   1.4963e+00   2.2361e+02   2.6229e+01   2.6523e-02   1.3449e-02   2.9225e+02
20260818_15:00:00   1.8231e+00   2.4074e+02   2.6632e+01   1.4150e-01   3.5309e-03   2.9431e+02
20260818_18:00:00   1.3780e+00   2.1659e+02   2.4948e+01   0.0000e+00   1.8762e-05   2.9414e+02
20260818_21:00:00   1.5011e+00   2.2558e+02   2.6238e+01   0.0000e+00   0.0000e+00   2.9379e+02
20260819_00:00:00   2.1585e+00   2.5511e+02   2.7375e+01   2.4238e-01   2.6108e-02   2.9357e+02
20260819_03:00:00   1.5285e+00   2.2657e+02   2.5019e+01   6.5764e-02   9.5785e-02   2.9358e+02
20260819_06:00:00   1.3267e+00   2.1395e+02   2.3721e+01   0.0000e+00   2.5622e-03   2.9466e+02
20260819_09:00:00   1.3494e+00   2.1506e+02   2.3705e+01   1.6934e-02   1.5363e-03   2.9447e+02
20260819_12:00:00   1.6290e+00   2.3221e+02   2.6069e+01   6.0206e-02   2.9996e-03   2.9541e+02
20260819_15:00:00   1.3894e+00   2.1770e+02   2.4804e+01   1.1426e-04   0.0000e+00   2.9268e+02
20260819_18:00:00   1.2470e+00   2.0736e+02   2.2380e+01   0.0000e+00   0.0000e+00   2.9461e+02
20260819_21:00:00   1.3817e+00   2.1798e+02   2.4635e+01   0.0000e+00   0.0000e+00   2.9710e+02
20260820_00:00:00   2.6712e+00   2.6701e+02   2.8563e+01   4.4812e-01   3.5798e-01   2.9485e+02
20260820_03:00:00   1.3654e+00   2.1466e+02   2.5306e+01   5.1040e-03   3.7741e-02   2.9709e+02
20260820_06:00:00   1.2840e+00   2.0905e+02   2.3768e+01   0.0000e+00   1.5754e-03   2.9479e+02
20260820_09:00:00   1.1755e+00   2.0008e+02   2.2338e+01   0.0000e+00   3.5280e-06   2.9458e+02
20260820_12:00:00   1.2222e+00   2.0412e+02   2.2497e+01   0.0000e+00   0.0000e+00   2.9210e+02
