#            date       tau255        Tb[K]      pwv[mm] lwp[kg*m^-2] iwp[kg*m^-2]       o3[DU]
20260825_00:00:00   1.1469e+00   1.9787e+02   2.1747e+01   0.0000e+00   0.0000e+00   2.9298e+02
20260825_01:00:00   1.1148e+00   1.9494e+02   2.1263e+01   0.0000e+00   0.0000e+00   2.9065e+02
20260825_02:00:00   1.1289e+00   1.9618e+02   2.1408e+01   9.4203e-04   1.9048e-05   2.8998e+02
20260825_03:00:00   1.1613e+00   1.9899e+02   2.1784e+01   5.2580e-03   4.8438e-04   2.9093e+02
20260825_04:00:00   1.1737e+00   2.0014e+02   2.2185e+01   4.9500e-04   7.3040e-04   2.9057e+02
20260825_05:00:00   1.0756e+00   1.9152e+02   2.0367e+01   3.9340e-03   1.5602e-03   2.9035e+02
20260825_06:00:00   1.0542e+00   1.8974e+02   1.9944e+01   0.0000e+00   0.0000e+00   2.8956e+02
20260825_07:00:00   1.0573e+00   1.8994e+02   2.0027e+01   0.0000e+00   0.0000e+00   2.8750e+02
20260825_08:00:00   1.0627e+00   1.9017e+02   2.0142e+01   0.0000e+00   0.0000e+00   2.8849e+02
20260825_09:00:00   1.0876e+00   1.9221e+02   2.0464e+01   1.1844e-03   8.2420e-05   2.8902e+02
20260825_10:00:00   1.2041e+00   2.0221e+02   2.0748e+01   3.8860e-02   6.0320e-04   2.8815e+02
20260825_11:00:00   1.1693e+00   1.9942e+02   2.0757e+01   2.3484e-02   1.3768e-03   2.8700e+02
20260825_12:00:00   1.1911e+00   2.0132e+02   2.0864e+01   2.8758e-02   5.1721e-03   2.8602e+02
20260825_13:00:00   1.1932e+00   2.0152e+02   2.0810e+01   3.0639e-02   9.4922e-03   2.8620e+02
20260825_14:00:00   1.1723e+00   1.9981e+02   2.0701e+01   2.6066e-02   1.0536e-02   2.8558e+02
20260825_15:00:00   1.1737e+00   1.9972e+02   2.0669e+01   3.3000e-02   5.2496e-04   2.8545e+02
20260825_16:00:00   1.2475e+00   2.0549e+02   2.0699e+01   6.6001e-02   2.6560e-04   2.8668e+02
20260825_17:00:00   1.0899e+00   1.9248e+02   2.0263e+01   9.8080e-03   1.0572e-04   2.8745e+02
20260825_18:00:00   1.0275e+00   1.8696e+02   1.9471e+01   0.0000e+00   0.0000e+00   2.8664e+02
20260825_19:00:00   1.0633e+00   1.9083e+02   1.9953e+01   0.0000e+00   0.0000e+00   2.8591e+02
20260825_20:00:00   1.0620e+00   1.9092e+02   1.9998e+01   0.0000e+00   0.0000e+00   2.8624e+02
20260825_21:00:00   1.0716e+00   1.9202e+02   2.0147e+01   0.0000e+00   0.0000e+00   2.8650e+02
20260825_22:00:00   1.0896e+00   1.9342e+02   2.0595e+01   0.0000e+00   0.0000e+00   2.8886e+02
20260825_23:00:00   1.1170e+00   1.9581e+02   2.1163e+01   0.0000e+00   0.0000e+00   2.8925e+02
20260826_00:00:00   1.0984e+00   1.9414e+02   2.0966e+01   7.0540e-06   0.0000e+00   2.8923e+02
20260826_01:00:00   1.0706e+00   1.9157e+02   2.0592e+01   1.2652e-05   0.0000e+00   2.9029e+02
20260826_02:00:00   1.0606e+00   1.9058e+02   2.0471e+01   0.0000e+00   0.0000e+00   2.9038e+02
20260826_03:00:00   1.0691e+00   1.9146e+02   2.0557e+01   0.0000e+00   0.0000e+00   2.8965e+02
20260826_04:00:00   1.1034e+00   1.9482e+02   2.1029e+01   0.0000e+00   8.2820e-07   2.8688e+02
20260826_05:00:00   1.0594e+00   1.9067e+02   2.0278e+01   0.0000e+00   0.0000e+00   2.8466e+02
20260826_06:00:00   1.0309e+00   1.8779e+02   1.9839e+01   0.0000e+00   0.0000e+00   2.8587e+02
20260826_07:00:00   1.0272e+00   1.8732e+02   1.9783e+01   0.0000e+00   0.0000e+00   2.8500e+02
20260826_08:00:00   1.0427e+00   1.8880e+02   1.9931e+01   0.0000e+00   8.8180e-07   2.8409e+02
20260826_09:00:00   1.0205e+00   1.8648e+02   1.9571e+01   0.0000e+00   0.0000e+00   2.8478e+02
20260826_10:00:00   9.7330e-01   1.8149e+02   1.8797e+01   0.0000e+00   0.0000e+00   2.8254e+02
20260826_11:00:00   9.3792e-01   1.7759e+02   1.8230e+01   0.0000e+00   9.7620e-05   2.8252e+02
20260826_12:00:00   9.0253e-01   1.7358e+02   1.7642e+01   0.0000e+00   6.7020e-04   2.8351e+02
20260826_13:00:00   9.1967e-01   1.7548e+02   1.7902e+01   0.0000e+00   1.1346e-04   2.8339e+02
20260826_14:00:00   9.2392e-01   1.7582e+02   1.8041e+01   0.0000e+00   1.6370e-03   2.8306e+02
20260826_15:00:00   8.9920e-01   1.7301e+02   1.7634e+01   0.0000e+00   3.2938e-03   2.8354e+02
20260826_16:00:00   8.2531e-01   1.6436e+02   1.6363e+01   0.0000e+00   3.2778e-03   2.8262e+02
20260826_17:00:00   7.6583e-01   1.5683e+02   1.5359e+01   0.0000e+00   1.2030e-02   2.8340e+02
20260826_18:00:00   8.4190e-01   1.6654e+02   1.6584e+01   0.0000e+00   7.8723e-03   2.8616e+02
20260826_19:00:00   9.5828e-01   1.8026e+02   1.8398e+01   0.0000e+00   1.2394e-02   2.8641e+02
20260826_20:00:00   1.1017e+00   1.9516e+02   2.0488e+01   0.0000e+00   1.8389e-02   2.8519e+02
20260826_21:00:00   1.2329e+00   2.0686e+02   2.2443e+01   0.0000e+00   6.7890e-03   2.8419e+02
20260826_22:00:00   1.2918e+00   2.1164e+02   2.3424e+01   0.0000e+00   3.3899e-03   2.8409e+02
20260826_23:00:00   1.3032e+00   2.1256e+02   2.3779e+01   0.0000e+00   8.4292e-04   2.8398e+02
20260827_00:00:00   1.3196e+00   2.1366e+02   2.4244e+01   0.0000e+00   1.1418e-02   2.8261e+02
20260827_01:00:00   1.3010e+00   2.1218e+02   2.4016e+01   0.0000e+00   5.6641e-02   2.8105e+02
20260827_02:00:00   1.2994e+00   2.1213e+02   2.3895e+01   0.0000e+00   1.0099e-01   2.8004e+02
20260827_03:00:00   1.2778e+00   2.1043e+02   2.3579e+01   0.0000e+00   4.6872e-02   2.7981e+02
20260827_04:00:00   1.1827e+00   2.0282e+02   2.1904e+01   0.0000e+00   2.4482e-02   2.7985e+02
20260827_05:00:00   1.1238e+00   1.9755e+02   2.1016e+01   0.0000e+00   2.3419e-02   2.7950e+02
20260827_06:00:00   1.0789e+00   1.9319e+02   2.0559e+01   0.0000e+00   8.7455e-04   2.7954e+02
20260827_07:00:00   1.1144e+00   1.9616e+02   2.1205e+01   0.0000e+00   1.0434e-04   2.7961e+02
20260827_08:00:00   1.0891e+00   1.9361e+02   2.0792e+01   0.0000e+00   3.1800e-05   2.8000e+02
20260827_09:00:00   1.0477e+00   1.8949e+02   2.0110e+01   0.0000e+00   1.3120e-03   2.8071e+02
20260827_10:00:00   1.0265e+00   1.8726e+02   1.9719e+01   0.0000e+00   2.1363e-03   2.8245e+02
20260827_11:00:00   1.0094e+00   1.8547e+02   1.9437e+01   0.0000e+00   3.7505e-04   2.8536e+02
20260827_12:00:00   9.8426e-01   1.8270e+02   1.8973e+01   0.0000e+00   6.2040e-04   2.8612e+02
20260827_13:00:00   9.4675e-01   1.7867e+02   1.8335e+01   0.0000e+00   2.2340e-04   2.8680e+02
20260827_14:00:00   9.1257e-01   1.7489e+02   1.7741e+01   0.0000e+00   3.0140e-04   2.8547e+02
20260827_15:00:00   9.0575e-01   1.7410e+02   1.7589e+01   0.0000e+00   5.3860e-04   2.8394e+02
20260827_16:00:00   9.2368e-01   1.7618e+02   1.7831e+01   0.0000e+00   1.0720e-03   2.8326e+02
20260827_17:00:00   9.1952e-01   1.7590e+02   1.7701e+01   0.0000e+00   5.0860e-04   2.8476e+02
20260827_18:00:00   9.5436e-01   1.8007e+02   1.8151e+01   0.0000e+00   0.0000e+00   2.8522e+02
20260827_19:00:00   1.0439e+00   1.8965e+02   1.9531e+01   0.0000e+00   2.4140e-04   2.8607e+02
20260827_20:00:00   1.0692e+00   1.9242e+02   1.9944e+01   0.0000e+00   8.9420e-06   2.8562e+02
20260827_21:00:00   1.1512e+00   2.0005e+02   2.1258e+01   0.0000e+00   0.0000e+00   2.8609e+02
20260827_22:00:00   1.2195e+00   2.0577e+02   2.2495e+01   0.0000e+00   1.6564e-06   2.8541e+02
20260827_23:00:00   1.4725e+00   2.2355e+02   2.3910e+01   7.5081e-02   1.7643e-03   2.8408e+02
20260828_00:00:00   3.0995e+00   2.7302e+02   2.7605e+01   6.8151e-01   1.6567e-01   2.8485e+02
20260828_01:00:00   2.9563e+00   2.7007e+02   2.8326e+01   6.1387e-01   5.0363e-01   2.8695e+02
20260828_02:00:00   1.2744e+00   2.0858e+02   2.4659e+01   1.0228e-03   1.5694e-01   2.8748e+02
20260828_03:00:00   1.9221e+00   2.4459e+02   2.6800e+01   2.1420e-01   1.2815e-01   2.8796e+02
20260828_04:00:00   1.4672e+00   2.2241e+02   2.6264e+01   3.2610e-02   2.3365e-02   2.8810e+02
20260828_05:00:00   1.4499e+00   2.2160e+02   2.6982e+01   8.5508e-04   3.9964e-03   2.8911e+02
20260828_06:00:00   1.5821e+00   2.2913e+02   2.7411e+01   5.3781e-02   3.4712e-02   2.8625e+02
20260828_07:00:00   1.5319e+00   2.2606e+02   2.8017e+01   1.4995e-02   1.5330e-01   2.8241e+02
20260828_08:00:00   1.4684e+00   2.2201e+02   2.7523e+01   2.0400e-03   1.1819e-01   2.8120e+02
20260828_09:00:00   1.4752e+00   2.2238e+02   2.7442e+01   5.3820e-03   4.7454e-02   2.8122e+02
20260828_10:00:00   1.4352e+00   2.1998e+02   2.6990e+01   0.0000e+00   2.0738e-02   2.8220e+02
20260828_11:00:00   1.3884e+00   2.1683e+02   2.6274e+01   0.0000e+00   5.8701e-03   2.8502e+02
20260828_12:00:00   1.3835e+00   2.1645e+02   2.6035e+01   0.0000e+00   1.0133e-04   2.8426e+02
20260828_13:00:00   1.3690e+00   2.1552e+02   2.5705e+01   0.0000e+00   1.7404e-04   2.8433e+02
20260828_14:00:00   1.3841e+00   2.1657e+02   2.5606e+01   6.5693e-03   4.4849e-03   2.8404e+02
20260828_15:00:00   1.3985e+00   2.1754e+02   2.5559e+01   1.1762e-02   3.8424e-03   2.8243e+02
20260828_16:00:00   1.3778e+00   2.1605e+02   2.5549e+01   1.8536e-03   1.8920e-03   2.8149e+02
20260828_17:00:00   1.3901e+00   2.1699e+02   2.5677e+01   0.0000e+00   5.1200e-05   2.8250e+02
20260828_18:00:00   1.4228e+00   2.1947e+02   2.6050e+01   0.0000e+00   0.0000e+00   2.8249e+02
20260828_19:00:00   1.4292e+00   2.2025e+02   2.6089e+01   0.0000e+00   0.0000e+00   2.8218e+02
20260828_20:00:00   1.4031e+00   2.1889e+02   2.5734e+01   0.0000e+00   0.0000e+00   2.7977e+02
20260828_21:00:00   1.4316e+00   2.2102e+02   2.6259e+01   0.0000e+00   0.0000e+00   2.7920e+02
20260828_22:00:00   1.4852e+00   2.2445e+02   2.7368e+01   0.0000e+00   0.0000e+00   2.7946e+02
20260828_23:00:00   1.4933e+00   2.2510e+02   2.7596e+01   0.0000e+00   0.0000e+00   2.7859e+02
20260829_00:00:00   2.6417e+00   2.6697e+02   3.0506e+01   3.9609e-01   1.1896e-01   2.7863e+02
20260829_01:00:00   3.6665e+00   2.7935e+02   3.3549e+01   7.3575e-01   4.3526e-01   2.7926e+02
20260829_02:00:00   4.5425e+00   2.8258e+02   3.5528e+01   1.1053e+00   1.8301e+00   2.8149e+02
20260829_03:00:00   2.3288e+00   2.5709e+02   3.2474e+01   2.1653e-01   1.5530e+00   2.8319e+02
20260829_04:00:00   1.5278e+00   2.2458e+02   2.8635e+01   1.6978e-03   6.6423e-01   2.8424e+02
20260829_05:00:00   2.3705e+00   2.5827e+02   3.0592e+01   3.0331e-01   7.8500e-01   2.8395e+02
20260829_06:00:00   2.0902e+00   2.5030e+02   3.1342e+01   1.4593e-01   5.0087e-01   2.8376e+02
20260829_07:00:00   2.2266e+00   2.5381e+02   2.9678e+01   2.6005e-01   5.7106e-01   2.8379e+02
20260829_08:00:00   1.8414e+00   2.4019e+02   2.9666e+01   9.1367e-02   3.9110e-01   2.8214e+02
20260829_09:00:00   2.0075e+00   2.4661e+02   2.9451e+01   1.6470e-01   6.3512e-01   2.7983e+02
20260829_10:00:00   1.4985e+00   2.2219e+02   2.7957e+01   2.0700e-06   5.4607e-01   2.7999e+02
20260829_11:00:00   1.4343e+00   2.1825e+02   2.6943e+01   5.7259e-03   1.8272e-01   2.7879e+02
20260829_12:00:00   1.3946e+00   2.1565e+02   2.6603e+01   0.0000e+00   4.7267e-02   2.7829e+02
20260829_13:00:00   1.4128e+00   2.1693e+02   2.6771e+01   0.0000e+00   1.2572e-02   2.7849e+02
20260829_14:00:00   1.4164e+00   2.1733e+02   2.6573e+01   0.0000e+00   4.2544e-03   2.8021e+02
20260829_15:00:00   1.4502e+00   2.1965e+02   2.6933e+01   0.0000e+00   6.5957e-04   2.8060e+02
20260829_16:00:00   1.4522e+00   2.1987e+02   2.6862e+01   0.0000e+00   9.5590e-05   2.8066e+02
20260829_17:00:00   1.4741e+00   2.2150e+02   2.7003e+01   0.0000e+00   1.3434e-04   2.7947e+02
20260829_18:00:00   1.4743e+00   2.2185e+02   2.6769e+01   0.0000e+00   2.8650e-05   2.7994e+02
20260829_19:00:00   1.5209e+00   2.2528e+02   2.7078e+01   0.0000e+00   0.0000e+00   2.7912e+02
20260829_20:00:00   1.5085e+00   2.2490e+02   2.6778e+01   0.0000e+00   0.0000e+00   2.7879e+02
20260829_21:00:00   1.5523e+00   2.2784e+02   2.7279e+01   0.0000e+00   0.0000e+00   2.7954e+02
20260829_22:00:00   1.5655e+00   2.2878e+02   2.7529e+01   0.0000e+00   1.7638e-06   2.8027e+02
20260829_23:00:00   1.5219e+00   2.2639e+02   2.6969e+01   0.0000e+00   7.9740e-06   2.7858e+02
20260830_00:00:00   1.4750e+00   2.2353e+02   2.6413e+01   0.0000e+00   2.0660e-04   2.7881e+02
20260830_03:00:00   1.3595e+00   2.1531e+02   2.5097e+01   0.0000e+00   0.0000e+00   2.8188e+02
20260830_06:00:00   1.4414e+00   2.2103e+02   2.5801e+01   0.0000e+00   0.0000e+00   2.8184e+02
20260830_09:00:00   1.4690e+00   2.2249e+02   2.6243e+01   0.0000e+00   0.0000e+00   2.8042e+02
20260830_12:00:00   1.4363e+00   2.2022e+02   2.5446e+01   0.0000e+00   4.6640e-05   2.8295e+02
20260830_15:00:00   1.4001e+00   2.1786e+02   2.4489e+01   0.0000e+00   3.1762e-04   2.8068e+02
20260830_18:00:00   1.5218e+00   2.2615e+02   2.5727e+01   0.0000e+00   1.8922e-03   2.8539e+02
20260830_21:00:00   1.9378e+00   2.4763e+02   2.8328e+01   9.5960e-02   4.6661e-03   2.8272e+02
20260831_00:00:00   1.9128e+00   2.4615e+02   2.6774e+01   1.4208e-01   6.4380e-05   2.7922e+02
20260831_03:00:00   1.6077e+00   2.3157e+02   2.5347e+01   4.6259e-02   0.0000e+00   2.7811e+02
20260831_06:00:00   1.1787e+00   2.0081e+02   2.1489e+01   0.0000e+00   0.0000e+00   2.7921e+02
20260831_09:00:00   1.1367e+00   1.9696e+02   2.0651e+01   0.0000e+00   0.0000e+00   2.7882e+02
20260831_12:00:00   1.1165e+00   1.9506e+02   1.9920e+01   0.0000e+00   0.0000e+00   2.7823e+02
20260831_15:00:00   1.1094e+00   1.9426e+02   1.9795e+01   0.0000e+00   0.0000e+00   2.7946e+02
20260831_18:00:00   1.1089e+00   1.9440e+02   1.9815e+01   0.0000e+00   0.0000e+00   2.7741e+02
20260831_21:00:00   1.1425e+00   1.9773e+02   2.0648e+01   0.0000e+00   0.0000e+00   2.7783e+02
20260901_00:00:00   1.1867e+00   2.0169e+02   2.1456e+01   0.0000e+00   0.0000e+00   2.7241e+02
20260901_03:00:00   1.0972e+00   1.9380e+02   2.0125e+01   0.0000e+00   0.0000e+00   2.7219e+02
20260901_06:00:00   1.0162e+00   1.8580e+02   1.8866e+01   0.0000e+00   0.0000e+00   2.7147e+02
20260901_09:00:00   9.6227e-01   1.8023e+02   1.7536e+01   0.0000e+00   0.0000e+00   2.7274e+02
20260901_12:00:00   9.5261e-01   1.7906e+02   1.7171e+01   0.0000e+00   0.0000e+00   2.6949e+02
20260901_15:00:00   9.0588e-01   1.7384e+02   1.6570e+01   0.0000e+00   0.0000e+00   2.7529e+02
20260901_18:00:00   9.0803e-01   1.7402e+02   1.6953e+01   0.0000e+00   0.0000e+00   2.7460e+02
20260901_21:00:00   1.0953e+00   1.9343e+02   2.0304e+01   0.0000e+00   0.0000e+00   2.7349e+02
20260902_00:00:00   1.1005e+00   1.9412e+02   2.0520e+01   0.0000e+00   0.0000e+00   2.7255e+02
20260902_03:00:00   1.0382e+00   1.8792e+02   1.9513e+01   0.0000e+00   0.0000e+00   2.7309e+02
20260902_06:00:00   9.6270e-01   1.7967e+02   1.8488e+01   0.0000e+00   2.3370e-03   2.7575e+02
20260902_09:00:00   1.0243e+00   1.8543e+02   1.9427e+01   0.0000e+00   1.1620e-03   2.7396e+02
20260902_12:00:00   9.7095e-01   1.8002e+02   1.8639e+01   0.0000e+00   9.8240e-04   2.7388e+02
20260902_15:00:00   1.0042e+00   1.8287e+02   1.9602e+01   0.0000e+00   4.3660e-04   2.7471e+02
20260902_18:00:00   1.1233e+00   1.9464e+02   2.1343e+01   0.0000e+00   7.6180e-06   2.7690e+02
20260902_21:00:00   1.1337e+00   1.9625e+02   2.1103e+01   0.0000e+00   0.0000e+00   2.7606e+02
20260903_00:00:00   1.0859e+00   1.9212e+02   2.0267e+01   0.0000e+00   0.0000e+00   2.7631e+02
20260903_03:00:00   1.0022e+00   1.8435e+02   1.8790e+01   0.0000e+00   0.0000e+00   2.7648e+02
20260903_06:00:00   1.1036e+00   1.9407e+02   2.0801e+01   0.0000e+00   0.0000e+00   2.7648e+02
20260903_09:00:00   1.1335e+00   1.9598e+02   2.1450e+01   1.7108e-04   3.5100e-05   2.7764e+02
20260903_12:00:00   1.2245e+00   2.0280e+02   2.0643e+01   5.3346e-02   5.5580e-04   2.7770e+02
20260903_15:00:00   1.0333e+00   1.8613e+02   1.9568e+01   0.0000e+00   0.0000e+00   2.7686e+02
20260903_18:00:00   1.1645e+00   1.9913e+02   2.1439e+01   0.0000e+00   0.0000e+00   2.7593e+02
20260903_21:00:00   1.2577e+00   2.0779e+02   2.2787e+01   0.0000e+00   0.0000e+00   2.7747e+02
20260904_00:00:00   1.1683e+00   2.0078e+02   2.1253e+01   0.0000e+00   0.0000e+00   2.7530e+02
20260904_03:00:00   1.2100e+00   2.0396e+02   2.1866e+01   1.8006e-03   1.1321e-02   2.7480e+02
20260904_06:00:00   1.3287e+00   2.1261e+02   2.4713e+01   0.0000e+00   3.1999e-02   2.7515e+02
20260904_09:00:00   1.4358e+00   2.1935e+02   2.6634e+01   0.0000e+00   6.2608e-03   2.7285e+02
20260904_12:00:00   1.8549e+00   2.4151e+02   2.7778e+01   1.2202e-01   5.1761e-02   2.7493e+02
20260904_15:00:00   1.6064e+00   2.2912e+02   2.8334e+01   4.4720e-04   6.1835e-04   2.7645e+02
20260904_18:00:00   1.6807e+00   2.3298e+02   2.9219e+01   5.9567e-03   4.1903e-03   2.7862e+02
20260904_21:00:00   1.7903e+00   2.3901e+02   3.0529e+01   1.8162e-03   4.0511e-03   2.7669e+02
20260905_00:00:00   1.8781e+00   2.4320e+02   3.1504e+01   1.9656e-02   1.5302e-02   2.7631e+02
20260905_03:00:00   1.7388e+00   2.3632e+02   3.0866e+01   7.1400e-04   3.8604e-04   2.7585e+02
20260905_06:00:00   2.5532e+00   2.6272e+02   3.2338e+01   2.8701e-01   2.7126e-02   2.7753e+02
20260905_09:00:00   2.1628e+00   2.5212e+02   3.1917e+01   1.3688e-01   6.8253e-03   2.7707e+02
20260905_12:00:00   2.0431e+00   2.4775e+02   3.2268e+01   6.9487e-02   8.6700e-03   2.7782e+02
20260905_15:00:00   1.8532e+00   2.4017e+02   3.1997e+01   6.5215e-05   7.7413e-02   2.7693e+02
20260905_18:00:00   1.9075e+00   2.4212e+02   3.2638e+01   5.3660e-05   3.7736e-01   2.7658e+02
20260905_21:00:00   1.6991e+00   2.3339e+02   2.9066e+01   2.6993e-03   2.9875e-02   2.7670e+02
20260906_00:00:00   1.3551e+00   2.1320e+02   2.3534e+01   9.9760e-04   4.6768e-04   2.7538e+02
20260906_03:00:00   1.2968e+00   2.0846e+02   2.2931e+01   0.0000e+00   5.4839e-03   2.7453e+02
20260906_06:00:00   1.5434e+00   2.2467e+02   2.7022e+01   0.0000e+00   5.7354e-05   2.7629e+02
20260906_09:00:00   1.6343e+00   2.2923e+02   2.8677e+01   0.0000e+00   1.9876e-02   2.7714e+02
20260906_12:00:00   1.6970e+00   2.3192e+02   2.9675e+01   0.0000e+00   1.9954e-02   2.7807e+02
20260906_15:00:00   1.7372e+00   2.3375e+02   3.0029e+01   0.0000e+00   2.8397e-03   2.7922e+02
20260906_18:00:00   1.9134e+00   2.4249e+02   3.1377e+01   1.9708e-02   2.7614e-03   2.7660e+02
20260906_21:00:00   3.5353e+00   2.7679e+02   3.4132e+01   5.8485e-01   1.6203e-01   2.7610e+02
20260907_00:00:00   4.9699e+00   2.8134e+02   3.5602e+01   1.1792e+00   1.0040e-01   2.7786e+02
20260907_03:00:00   4.1693e+00   2.7887e+02   3.6000e+01   8.2006e-01   2.2900e-01   2.7782e+02
20260907_06:00:00   4.4425e+00   2.8021e+02   3.6160e+01   9.1797e-01   5.5229e-01   2.8047e+02
20260907_09:00:00   3.0674e+00   2.6990e+02   3.4307e+01   4.0793e-01   9.5421e-02   2.8004e+02
20260907_12:00:00   4.3107e+00   2.8055e+02   3.4174e+01   8.8394e-01   4.7141e-03   2.7669e+02
20260907_15:00:00   3.4616e+00   2.7581e+02   3.3492e+01   5.6011e-01   1.6703e-01   2.7818e+02
20260907_18:00:00   3.1312e+00   2.7243e+02   3.2587e+01   4.4498e-01   7.4653e-02   2.7994e+02
20260907_21:00:00   1.8566e+00   2.4024e+02   2.8637e+01   5.0886e-02   9.4402e-06   2.7802e+02
20260908_00:00:00   1.4344e+00   2.1779e+02   2.4006e+01   5.3380e-04   0.0000e+00   2.8165e+02
20260908_03:00:00   1.2824e+00   2.0757e+02   2.1752e+01   0.0000e+00   0.0000e+00   2.8469e+02
20260908_06:00:00   1.1788e+00   1.9990e+02   1.9847e+01   0.0000e+00   0.0000e+00   2.8566e+02
20260908_09:00:00   1.1757e+00   1.9955e+02   2.0348e+01   0.0000e+00   0.0000e+00   2.8608e+02
20260908_12:00:00   9.8282e-01   1.8173e+02   1.6633e+01   0.0000e+00   0.0000e+00   2.8710e+02
20260908_15:00:00   9.3977e-01   1.7708e+02   1.6239e+01   0.0000e+00   0.0000e+00   2.9278e+02
20260908_18:00:00   7.6628e-01   1.5605e+02   1.3593e+01   0.0000e+00   0.0000e+00   2.9522e+02
20260908_21:00:00   7.6219e-01   1.5606e+02   1.3426e+01   0.0000e+00   0.0000e+00   2.9983e+02
20260909_00:00:00   7.4074e-01   1.5375e+02   1.2873e+01   0.0000e+00   0.0000e+00   2.9918e+02
20260909_03:00:00   5.7830e-01   1.3014e+02   1.0160e+01   0.0000e+00   0.0000e+00   2.9825e+02
20260909_06:00:00   7.0250e-01   1.4780e+02   1.2892e+01   0.0000e+00   0.0000e+00   2.9666e+02
20260909_09:00:00   8.2683e-01   1.6351e+02   1.5202e+01   0.0000e+00   0.0000e+00   2.9249e+02
20260909_12:00:00   9.3494e-01   1.7667e+02   1.6539e+01   0.0000e+00   0.0000e+00   2.9385e+02
20260909_15:00:00   9.6085e-01   1.7917e+02   1.7068e+01   0.0000e+00   0.0000e+00   2.9689e+02
20260909_18:00:00   1.0042e+00   1.8384e+02   1.7655e+01   0.0000e+00   0.0000e+00   2.9886e+02
20260909_21:00:00   1.2184e+00   2.0359e+02   2.0657e+01   9.2235e-03   7.0540e-07   2.9691e+02
20260910_00:00:00   1.6282e+00   2.3073e+02   2.1245e+01   1.6260e-01   5.4200e-05   2.9640e+02
