#            date       tau255        Tb[K]      pwv[mm] lwp[kg*m^-2] iwp[kg*m^-2]       o3[DU]
20260813_06:00:00   1.6411e+00   2.3055e+02   2.7269e+01   6.0676e-03   1.3350e-02   3.0025e+02
20260813_07:00:00   1.6602e+00   2.3118e+02   2.8271e+01   1.5704e-03   2.6217e-02   3.0024e+02
20260813_08:00:00   1.7626e+00   2.3586e+02   2.9504e+01   1.5255e-02   3.2859e-02   2.9828e+02
20260813_09:00:00   1.8053e+00   2.3744e+02   2.9952e+01   1.7240e-02   1.4574e-01   2.9944e+02
20260813_10:00:00   1.7596e+00   2.3517e+02   2.9051e+01   2.4204e-02   1.5816e-01   2.9999e+02
20260813_11:00:00   1.5663e+00   2.2503e+02   2.7292e+01   0.0000e+00   4.4831e-02   3.0091e+02
20260813_12:00:00   1.4821e+00   2.1988e+02   2.5981e+01   0.0000e+00   2.1285e-03   2.9716e+02
20260813_13:00:00   1.4642e+00   2.1861e+02   2.5491e+01   0.0000e+00   5.1806e-04   2.9423e+02
20260813_14:00:00   1.3684e+00   2.1233e+02   2.4247e+01   0.0000e+00   2.1868e-04   2.9782e+02
20260813_15:00:00   1.3057e+00   2.0784e+02   2.3294e+01   0.0000e+00   2.5538e-04   2.9875e+02
20260813_16:00:00   1.2841e+00   2.0629e+02   2.2833e+01   0.0000e+00   9.6020e-04   2.9791e+02
20260813_17:00:00   1.3065e+00   2.0833e+02   2.2854e+01   0.0000e+00   1.2715e-03   2.9532e+02
20260813_18:00:00   1.3762e+00   2.1372e+02   2.3519e+01   0.0000e+00   1.6418e-03   2.9225e+02
20260813_19:00:00   1.4310e+00   2.1770e+02   2.4079e+01   3.0922e-03   1.3216e-04   2.9050e+02
20260813_20:00:00   1.4859e+00   2.2163e+02   2.4282e+01   1.6902e-02   2.0700e-06   2.8927e+02
20260813_21:00:00   2.0308e+00   2.4818e+02   2.5316e+01   2.0170e-01   1.5916e-04   2.9137e+02
20260813_22:00:00   3.0370e+00   2.7128e+02   2.5939e+01   5.8660e-01   4.3340e-05   2.9495e+02
20260813_23:00:00   3.4713e+00   2.7618e+02   2.6640e+01   7.3714e-01   3.9138e-05   2.9515e+02
20260814_00:00:00   3.3256e+00   2.7476e+02   2.6719e+01   6.7636e-01   3.8280e-04   2.9357e+02
20260814_01:00:00   2.8354e+00   2.6816e+02   2.6025e+01   5.0805e-01   1.0080e-04   2.9205e+02
20260814_02:00:00   1.8478e+00   2.4093e+02   2.4627e+01   1.5031e-01   2.0768e-05   2.9223e+02
20260814_03:00:00   1.3890e+00   2.1574e+02   2.3381e+01   1.6990e-04   4.6742e-05   2.9283e+02
20260814_04:00:00   1.4033e+00   2.1645e+02   2.3507e+01   5.1007e-03   1.4377e-02   2.9328e+02
20260814_05:00:00   1.3496e+00   2.1230e+02   2.3631e+01   0.0000e+00   2.8610e-02   2.9352e+02
20260814_06:00:00   1.2856e+00   2.0756e+02   2.2550e+01   1.1180e-04   3.2677e-03   2.9351e+02
20260814_07:00:00   1.2417e+00   2.0453e+02   2.1181e+01   0.0000e+00   1.2744e-03   2.9227e+02
20260814_08:00:00   1.2423e+00   2.0465e+02   2.0962e+01   0.0000e+00   3.0874e-03   2.8923e+02
20260814_09:00:00   1.2105e+00   2.0198e+02   2.0717e+01   0.0000e+00   3.8787e-03   2.8684e+02
20260814_10:00:00   1.1269e+00   1.9454e+02   1.9623e+01   0.0000e+00   1.3627e-03   2.8403e+02
20260814_11:00:00   1.0573e+00   1.8776e+02   1.8848e+01   0.0000e+00   3.8780e-04   2.8492e+02
20260814_12:00:00   1.0653e+00   1.8851e+02   1.8873e+01   0.0000e+00   3.2340e-04   2.8725e+02
20260814_13:00:00   1.0850e+00   1.9028e+02   1.9133e+01   0.0000e+00   6.5580e-05   2.8786e+02
20260814_14:00:00   1.0721e+00   1.8896e+02   1.8942e+01   0.0000e+00   2.8816e-04   2.8985e+02
20260814_15:00:00   1.0467e+00   1.8640e+02   1.8612e+01   0.0000e+00   1.0523e-03   2.9077e+02
20260814_16:00:00   1.0098e+00   1.8263e+02   1.8174e+01   0.0000e+00   3.5704e-03   2.8853e+02
20260814_17:00:00   1.0065e+00   1.8235e+02   1.8121e+01   0.0000e+00   7.6780e-03   2.8786e+02
20260814_18:00:00   1.0456e+00   1.8648e+02   1.8669e+01   0.0000e+00   1.3007e-02   2.8904e+02
20260814_19:00:00   1.1079e+00   1.9256e+02   1.9603e+01   0.0000e+00   4.8498e-02   2.8759e+02
20260814_20:00:00   1.1058e+00   1.9247e+02   1.9678e+01   0.0000e+00   4.9743e-02   2.8719e+02
20260814_21:00:00   1.1060e+00   1.9269e+02   1.9698e+01   0.0000e+00   3.0948e-03   2.8700e+02
20260814_22:00:00   1.1243e+00   1.9436e+02   2.0085e+01   0.0000e+00   6.5115e-02   2.8915e+02
20260814_23:00:00   1.1512e+00   1.9668e+02   2.0527e+01   0.0000e+00   2.5092e-01   2.8891e+02
20260815_00:00:00   1.1278e+00   1.9462e+02   2.0380e+01   1.9674e-04   3.3131e-02   2.8591e+02
20260815_01:00:00   1.0279e+00   1.8533e+02   1.8825e+01   0.0000e+00   3.2921e-03   2.8466e+02
20260815_02:00:00   9.9766e-01   1.8233e+02   1.8215e+01   0.0000e+00   3.6445e-03   2.8454e+02
20260815_03:00:00   9.8708e-01   1.8106e+02   1.8257e+01   0.0000e+00   3.0926e-03   2.8401e+02
20260815_04:00:00   9.8844e-01   1.8123e+02   1.8249e+01   0.0000e+00   4.4720e-06   2.8463e+02
20260815_05:00:00   1.0483e+00   1.8729e+02   1.9210e+01   0.0000e+00   2.1500e-04   2.8539e+02
20260815_06:00:00   1.0603e+00   1.8850e+02   1.9407e+01   0.0000e+00   3.5360e-05   2.8338e+02
20260815_07:00:00   1.0866e+00   1.9103e+02   1.9794e+01   0.0000e+00   0.0000e+00   2.8574e+02
20260815_08:00:00   1.1199e+00   1.9392e+02   2.0413e+01   0.0000e+00   4.2680e-05   2.8554e+02
20260815_09:00:00   1.1210e+00   1.9390e+02   2.0456e+01   0.0000e+00   3.5555e-05   2.8563e+02
20260815_10:00:00   1.1290e+00   1.9440e+02   2.0785e+01   0.0000e+00   3.8339e-06   2.8462e+02
20260815_11:00:00   1.2358e+00   2.0325e+02   2.2458e+01   0.0000e+00   0.0000e+00   2.8531e+02
20260815_12:00:00   1.2499e+00   2.0424e+02   2.2782e+01   0.0000e+00   9.5658e-05   2.8647e+02
20260815_13:00:00   1.2216e+00   2.0189e+02   2.2503e+01   0.0000e+00   1.2752e-05   2.8579e+02
20260815_14:00:00   1.2094e+00   2.0093e+02   2.2349e+01   0.0000e+00   0.0000e+00   2.8778e+02
20260815_15:00:00   1.2000e+00   2.0009e+02   2.2306e+01   0.0000e+00   2.4532e-04   2.8533e+02
20260815_16:00:00   1.2201e+00   2.0177e+02   2.2649e+01   0.0000e+00   1.0016e-04   2.8560e+02
20260815_17:00:00   1.2450e+00   2.0403e+02   2.2969e+01   0.0000e+00   1.1434e-04   2.8805e+02
20260815_18:00:00   1.2993e+00   2.0853e+02   2.3758e+01   0.0000e+00   2.9307e-05   2.8556e+02
20260815_19:00:00   1.3787e+00   2.1461e+02   2.4988e+01   0.0000e+00   2.9730e-04   2.8161e+02
20260815_20:00:00   1.4408e+00   2.1903e+02   2.5994e+01   0.0000e+00   1.2162e-03   2.8172e+02
20260815_21:00:00   1.5019e+00   2.2319e+02   2.6869e+01   1.2070e-03   4.4720e-06   2.8258e+02
20260815_22:00:00   1.6043e+00   2.2939e+02   2.7359e+01   2.9742e-02   0.0000e+00   2.8369e+02
20260815_23:00:00   1.6165e+00   2.3030e+02   2.7169e+01   3.8841e-02   3.2440e-05   2.8163e+02
20260816_00:00:00   1.5896e+00   2.2898e+02   2.6859e+01   3.3922e-02   2.4980e-04   2.8154e+02
20260816_01:00:00   1.6754e+00   2.3365e+02   2.6662e+01   7.2371e-02   9.7104e-04   2.8309e+02
20260816_02:00:00   1.8792e+00   2.4310e+02   2.6742e+01   1.5104e-01   3.4240e-03   2.8420e+02
20260816_03:00:00   1.5552e+00   2.2702e+02   2.6565e+01   2.5212e-02   5.8569e-03   2.8234e+02
20260816_04:00:00   1.4812e+00   2.2247e+02   2.6335e+01   4.7480e-03   7.5425e-03   2.8269e+02
20260816_05:00:00   1.4190e+00   2.1836e+02   2.5642e+01   0.0000e+00   5.2126e-03   2.8145e+02
20260816_06:00:00   1.3869e+00   2.1591e+02   2.5147e+01   0.0000e+00   4.6400e-03   2.8163e+02
20260816_07:00:00   1.3906e+00   2.1619e+02   2.5267e+01   0.0000e+00   2.6663e-03   2.7973e+02
20260816_08:00:00   1.4231e+00   2.1836e+02   2.5776e+01   0.0000e+00   2.2955e-03   2.8052e+02
20260816_09:00:00   1.4669e+00   2.2118e+02   2.6292e+01   0.0000e+00   2.2784e-03   2.8115e+02
20260816_10:00:00   1.4718e+00   2.2145e+02   2.6320e+01   0.0000e+00   2.4725e-03   2.8048e+02
20260816_11:00:00   1.4537e+00   2.2026e+02   2.6000e+01   0.0000e+00   2.7920e-03   2.8097e+02
20260816_12:00:00   1.4323e+00   2.1885e+02   2.5764e+01   0.0000e+00   3.2739e-03   2.8176e+02
20260816_13:00:00   1.4231e+00   2.1821e+02   2.5764e+01   0.0000e+00   4.5263e-03   2.8263e+02
20260816_14:00:00   1.4377e+00   2.1912e+02   2.5968e+01   0.0000e+00   5.8852e-03   2.8249e+02
20260816_15:00:00   1.4182e+00   2.1778e+02   2.5630e+01   0.0000e+00   8.1580e-03   2.8403e+02
20260816_16:00:00   1.3934e+00   2.1611e+02   2.5165e+01   0.0000e+00   1.0222e-02   2.8548e+02
20260816_17:00:00   1.3848e+00   2.1555e+02   2.5045e+01   0.0000e+00   4.9795e-03   2.8664e+02
20260816_18:00:00   1.3987e+00   2.1667e+02   2.5262e+01   0.0000e+00   3.8580e-03   2.8838e+02
20260816_19:00:00   1.4102e+00   2.1755e+02   2.5472e+01   0.0000e+00   4.4620e-03   2.8735e+02
20260816_20:00:00   1.4103e+00   2.1773e+02   2.5546e+01   0.0000e+00   7.9819e-03   2.8850e+02
20260816_21:00:00   1.4168e+00   2.1841e+02   2.5727e+01   3.3120e-05   1.1832e-02   2.8904e+02
20260816_22:00:00   1.4093e+00   2.1819e+02   2.5610e+01   1.5404e-03   1.2484e-02   2.8942e+02
20260816_23:00:00   1.8132e+00   2.4026e+02   2.5880e+01   1.6875e-01   1.4303e-02   2.8702e+02
20260817_00:00:00   2.6081e+00   2.6421e+02   2.8892e+01   4.2566e-01   3.5286e-01   2.8510e+02
20260817_01:00:00   1.8975e+00   2.4317e+02   2.9289e+01   1.1218e-01   6.5669e-01   2.8594e+02
20260817_02:00:00   1.5658e+00   2.2718e+02   2.8355e+01   4.9820e-03   2.3688e-01   2.8559e+02
20260817_03:00:00   1.7247e+00   2.3547e+02   2.8452e+01   6.9346e-02   8.7242e-02   2.8712e+02
20260817_04:00:00   1.3943e+00   2.1664e+02   2.6341e+01   0.0000e+00   3.2409e-02   2.8832e+02
20260817_05:00:00   1.4515e+00   2.2022e+02   2.7191e+01   4.8102e-03   6.2359e-02   2.8985e+02
20260817_06:00:00   1.5749e+00   2.2786e+02   2.8383e+01   1.8400e-02   3.4295e-02   2.8944e+02
20260817_07:00:00   1.5485e+00   2.2640e+02   2.8478e+01   1.5023e-03   1.6048e-02   2.8964e+02
20260817_08:00:00   1.5629e+00   2.2717e+02   2.8541e+01   2.0884e-03   1.7679e-02   2.8834e+02
20260817_09:00:00   1.5338e+00   2.2533e+02   2.8090e+01   0.0000e+00   4.5892e-03   2.8752e+02
20260817_10:00:00   1.5318e+00   2.2529e+02   2.7793e+01   4.2920e-04   2.6401e-04   2.8844e+02
20260817_11:00:00   1.4594e+00   2.2090e+02   2.6526e+01   0.0000e+00   3.7840e-05   2.8859e+02
20260817_12:00:00   1.3662e+00   2.1483e+02   2.4906e+01   0.0000e+00   0.0000e+00   2.8853e+02
20260817_13:00:00   1.2796e+00   2.0867e+02   2.3416e+01   0.0000e+00   1.0352e-05   2.8936e+02
20260817_14:00:00   1.2762e+00   2.0846e+02   2.3290e+01   0.0000e+00   1.4493e-05   2.8871e+02
20260817_15:00:00   1.2526e+00   2.0671e+02   2.2929e+01   0.0000e+00   9.9780e-06   2.8747e+02
20260817_16:00:00   1.2610e+00   2.0747e+02   2.3083e+01   0.0000e+00   0.0000e+00   2.8769e+02
20260817_17:00:00   1.2553e+00   2.0704e+02   2.2989e+01   0.0000e+00   0.0000e+00   2.8953e+02
20260817_18:00:00   1.2471e+00   2.0658e+02   2.2778e+01   0.0000e+00   0.0000e+00   2.8830e+02
20260817_19:00:00   1.2472e+00   2.0696e+02   2.2638e+01   0.0000e+00   0.0000e+00   2.8977e+02
20260817_20:00:00   1.2455e+00   2.0710e+02   2.2574e+01   0.0000e+00   0.0000e+00   2.9175e+02
20260817_21:00:00   1.3350e+00   2.1390e+02   2.4066e+01   2.0700e-06   0.0000e+00   2.9135e+02
20260817_22:00:00   1.3493e+00   2.1484e+02   2.4440e+01   9.3150e-04   0.0000e+00   2.9022e+02
20260817_23:00:00   1.4154e+00   2.1951e+02   2.5082e+01   1.3768e-02   9.6720e-06   2.8919e+02
20260818_00:00:00   1.6328e+00   2.3245e+02   2.5394e+01   9.5320e-02   2.1160e-05   2.8951e+02
20260818_01:00:00   2.2117e+00   2.5568e+02   2.6621e+01   3.0135e-01   2.5434e-04   2.8994e+02
20260818_02:00:00   2.3571e+00   2.5984e+02   2.6878e+01   3.5084e-01   3.4241e-04   2.9016e+02
20260818_03:00:00   1.4912e+00   2.2454e+02   2.5484e+01   3.2240e-02   3.8580e-05   2.9021e+02
20260818_04:00:00   1.3484e+00   2.1518e+02   2.4455e+01   4.5540e-04   1.7356e-05   2.8977e+02
20260818_05:00:00   1.3106e+00   2.1240e+02   2.3704e+01   8.9420e-05   0.0000e+00   2.8989e+02
20260818_06:00:00   1.2452e+00   2.0723e+02   2.2663e+01   0.0000e+00   0.0000e+00   2.9093e+02
20260818_09:00:00   1.2203e+00   2.0487e+02   2.2508e+01   0.0000e+00   1.0062e-04   2.8784e+02
20260818_12:00:00   1.2241e+00   2.0495e+02   2.2515e+01   0.0000e+00   2.9734e-04   2.8756e+02
20260818_15:00:00   1.2292e+00   2.0508e+02   2.2508e+01   0.0000e+00   3.9081e-04   2.8871e+02
20260818_18:00:00   1.2279e+00   2.0516e+02   2.2485e+01   0.0000e+00   0.0000e+00   2.8527e+02
20260818_21:00:00   1.3449e+00   2.1478e+02   2.4385e+01   0.0000e+00   0.0000e+00   2.8777e+02
20260819_00:00:00   1.5419e+00   2.2789e+02   2.5974e+01   4.2200e-02   0.0000e+00   2.8717e+02
20260819_03:00:00   2.5578e+00   2.6495e+02   2.8171e+01   3.9843e-01   4.4822e-02   2.8532e+02
20260819_06:00:00   1.5083e+00   2.2499e+02   2.7608e+01   0.0000e+00   3.4899e-01   2.8972e+02
20260819_09:00:00   1.5161e+00   2.2525e+02   2.7606e+01   4.7220e-03   6.3500e-03   2.8843e+02
20260819_12:00:00   1.6323e+00   2.3201e+02   2.8503e+01   1.7188e-03   1.2704e-03   2.8896e+02
20260819_15:00:00   1.6074e+00   2.3065e+02   2.8312e+01   0.0000e+00   7.2361e-03   2.8748e+02
20260819_18:00:00   1.6472e+00   2.3316e+02   2.8683e+01   0.0000e+00   8.9420e-06   2.8775e+02
20260819_21:00:00   2.1602e+00   2.5585e+02   2.9954e+01   1.5108e-01   0.0000e+00   2.9050e+02
20260820_00:00:00   4.2569e+00   2.8203e+02   3.4070e+01   1.0157e+00   3.1034e-01   2.8481e+02
20260820_03:00:00   1.3191e+00   2.1080e+02   2.5159e+01   0.0000e+00   2.4605e-01   2.8609e+02
20260820_06:00:00   1.4509e+00   2.1892e+02   2.6913e+01   6.1722e-03   6.0353e-01   2.9119e+02
20260820_09:00:00   1.3423e+00   2.1108e+02   2.5607e+01   2.4800e-03   5.5396e-01   2.9016e+02
20260820_12:00:00   1.4572e+00   2.1982e+02   2.6811e+01   3.7740e-03   6.6638e-03   2.9060e+02
20260820_15:00:00   1.4938e+00   2.2268e+02   2.7050e+01   0.0000e+00   0.0000e+00   2.8935e+02
20260820_18:00:00   1.5470e+00   2.2648e+02   2.7360e+01   0.0000e+00   7.0540e-07   2.9017e+02
20260820_21:00:00   1.6326e+00   2.3223e+02   2.8399e+01   1.9670e-05   0.0000e+00   2.9062e+02
20260821_00:00:00   1.5663e+00   2.2860e+02   2.6781e+01   2.0550e-02   0.0000e+00   2.8817e+02
20260821_03:00:00   1.3526e+00   2.1437e+02   2.4408e+01   2.0680e-03   1.8417e-01   2.8927e+02
20260821_06:00:00   1.4405e+00   2.2003e+02   2.5742e+01   0.0000e+00   2.0684e-01   2.9145e+02
20260821_09:00:00   1.3875e+00   2.1613e+02   2.5187e+01   0.0000e+00   1.1454e-02   2.8568e+02
20260821_12:00:00   1.3428e+00   2.1302e+02   2.4289e+01   0.0000e+00   7.2966e-03   2.9008e+02
20260821_15:00:00   1.3771e+00   2.1540e+02   2.4621e+01   0.0000e+00   4.9641e-03   2.9062e+02
20260821_18:00:00   1.4715e+00   2.2213e+02   2.5670e+01   0.0000e+00   1.5082e-03   2.9041e+02
20260821_21:00:00   1.5483e+00   2.2771e+02   2.6472e+01   2.5460e-04   3.7498e-03   2.9367e+02
20260822_00:00:00   1.6836e+00   2.3564e+02   2.6355e+01   5.5157e-02   1.2785e-03   2.9298e+02
20260822_03:00:00   1.5425e+00   2.2696e+02   2.6312e+01   1.9559e-02   1.8052e-03   2.9400e+02
20260822_06:00:00   1.3529e+00   2.1478e+02   2.4295e+01   0.0000e+00   1.5794e-03   2.9539e+02
20260822_09:00:00   1.4225e+00   2.1881e+02   2.5627e+01   0.0000e+00   5.7679e-04   2.9272e+02
20260822_12:00:00   1.3202e+00   2.1167e+02   2.3618e+01   0.0000e+00   5.4800e-04   2.9733e+02
20260822_15:00:00   1.1675e+00   1.9904e+02   2.1264e+01   0.0000e+00   0.0000e+00   2.9529e+02
20260822_18:00:00   1.0662e+00   1.9044e+02   1.9505e+01   0.0000e+00   0.0000e+00   2.9688e+02
20260822_21:00:00   1.1010e+00   1.9456e+02   2.0007e+01   0.0000e+00   0.0000e+00   3.0047e+02
20260823_00:00:00   1.1231e+00   1.9733e+02   2.0180e+01   0.0000e+00   0.0000e+00   2.9904e+02
20260823_03:00:00   1.1623e+00   2.0084e+02   2.0779e+01   0.0000e+00   0.0000e+00   2.9984e+02
20260823_06:00:00   2.0245e+00   2.4947e+02   2.6088e+01   2.1794e-01   5.0680e-04   3.0228e+02
20260823_09:00:00   1.3454e+00   2.1366e+02   2.4753e+01   0.0000e+00   5.1800e-05   2.9902e+02
20260823_12:00:00   1.2920e+00   2.0990e+02   2.3655e+01   0.0000e+00   0.0000e+00   2.9702e+02
20260823_15:00:00   1.2481e+00   2.0643e+02   2.2739e+01   0.0000e+00   0.0000e+00   2.9684e+02
20260823_18:00:00   1.0828e+00   1.9236e+02   1.9927e+01   0.0000e+00   0.0000e+00   2.8999e+02
20260823_21:00:00   1.0682e+00   1.9151e+02   1.9527e+01   0.0000e+00   0.0000e+00   2.9112e+02
20260824_00:00:00   1.0676e+00   1.9149e+02   1.9452e+01   0.0000e+00   0.0000e+00   2.8840e+02
20260824_03:00:00   1.0943e+00   1.9403e+02   2.0103e+01   0.0000e+00   0.0000e+00   2.8963e+02
20260824_06:00:00   1.2259e+00   2.0475e+02   2.2875e+01   0.0000e+00   0.0000e+00   2.8911e+02
20260824_09:00:00   1.3227e+00   2.1212e+02   2.3979e+01   0.0000e+00   0.0000e+00   2.8952e+02
20260824_12:00:00   1.2825e+00   2.0846e+02   2.3410e+01   0.0000e+00   0.0000e+00   2.8981e+02
20260824_15:00:00   1.2899e+00   2.0885e+02   2.3478e+01   0.0000e+00   0.0000e+00   2.9405e+02
20260824_18:00:00   1.3264e+00   2.1175e+02   2.3918e+01   0.0000e+00   0.0000e+00   2.9271e+02
20260824_21:00:00   1.7850e+00   2.3879e+02   2.5447e+01   1.5316e-01   8.4690e-04   2.9173e+02
20260825_00:00:00   1.5003e+00   2.2381e+02   2.4617e+01   5.2080e-02   7.6948e-03   2.9134e+02
20260825_03:00:00   1.6764e+00   2.3320e+02   2.9167e+01   1.7993e-02   2.6049e-01   2.9336e+02
20260825_06:00:00   1.7163e+00   2.3495e+02   2.9026e+01   2.3339e-02   1.0228e-03   2.9365e+02
20260825_09:00:00   1.5153e+00   2.2358e+02   2.6776e+01   0.0000e+00   9.1560e-05   2.9334e+02
20260825_12:00:00   1.4799e+00   2.2120e+02   2.6262e+01   0.0000e+00   0.0000e+00   2.8958e+02
20260825_15:00:00   1.3696e+00   2.1383e+02   2.4705e+01   0.0000e+00   0.0000e+00   2.8991e+02
20260825_18:00:00   1.4333e+00   2.1852e+02   2.5481e+01   0.0000e+00   1.6460e-04   2.9239e+02
20260825_21:00:00   2.2393e+00   2.5579e+02   2.8767e+01   2.3797e-01   8.6154e-05   2.8804e+02
20260826_00:00:00   1.7480e+00   2.3670e+02   2.8098e+01   7.2252e-02   4.2766e-01   2.8487e+02
20260826_03:00:00   1.4094e+00   2.1817e+02   2.5491e+01   7.1540e-05   3.8362e-04   2.8736e+02
20260826_06:00:00   1.4708e+00   2.2216e+02   2.5819e+01   3.0880e-04   1.0352e-06   2.8793e+02
20260826_09:00:00   2.0107e+00   2.4804e+02   2.6446e+01   1.8267e-01   2.4016e-04   2.8681e+02
20260826_12:00:00   1.5530e+00   2.2663e+02   2.5991e+01   3.8482e-03   1.5220e-04   2.8760e+02
20260826_15:00:00   1.7317e+00   2.3593e+02   2.5724e+01   8.1444e-02   3.6560e-05   2.9025e+02
20260826_18:00:00   1.5730e+00   2.2825e+02   2.5994e+01   0.0000e+00   0.0000e+00   2.8914e+02
20260826_21:00:00   2.5040e+00   2.6373e+02   2.7474e+01   3.3621e-01   1.2289e-01   2.8672e+02
20260827_00:00:00   3.4523e+00   2.7618e+02   2.9479e+01   7.0696e-01   1.8889e-01   2.8542e+02
20260827_03:00:00   1.4848e+00   2.2210e+02   2.6700e+01   2.0060e-03   2.5917e-01   2.8443e+02
20260827_06:00:00   1.5994e+00   2.2872e+02   2.8177e+01   0.0000e+00   1.2308e-02   2.8522e+02
20260827_09:00:00   1.4732e+00   2.2133e+02   2.4737e+01   0.0000e+00   1.0552e-03   2.8764e+02
20260827_12:00:00   1.4601e+00   2.2015e+02   2.5127e+01   0.0000e+00   1.8824e-04   2.8421e+02
20260827_15:00:00   1.4658e+00   2.2049e+02   2.5413e+01   0.0000e+00   7.6180e-06   2.8397e+02
20260827_18:00:00   1.4478e+00   2.1986e+02   2.4772e+01   0.0000e+00   0.0000e+00   2.8308e+02
20260827_21:00:00   1.5571e+00   2.2754e+02   2.5748e+01   4.3539e-03   0.0000e+00   2.8122e+02
20260828_00:00:00   1.9195e+00   2.4590e+02   2.6192e+01   1.3393e-01   4.4722e-04   2.8107e+02
20260828_03:00:00   1.8313e+00   2.4046e+02   2.8823e+01   7.6934e-02   9.7917e-02   2.8244e+02
20260828_06:00:00   1.6195e+00   2.2948e+02   2.8815e+01   0.0000e+00   2.8615e-01   2.8310e+02
20260828_09:00:00   2.0027e+00   2.4638e+02   2.9943e+01   1.2318e-01   2.3095e-01   2.8406e+02
20260828_12:00:00   1.5965e+00   2.2801e+02   2.8125e+01   0.0000e+00   8.1888e-02   2.8727e+02
20260828_15:00:00   1.5593e+00   2.2596e+02   2.7577e+01   0.0000e+00   1.5136e-02   2.8424e+02
20260828_18:00:00   1.4353e+00   2.1829e+02   2.5907e+01   0.0000e+00   1.1944e-02   2.8562e+02
20260828_21:00:00   1.5812e+00   2.2817e+02   2.7733e+01   8.3697e-05   1.8510e-03   2.8588e+02
20260829_00:00:00   4.6893e+00   2.8323e+02   3.2436e+01   1.1389e+00   2.0954e-02   2.8494e+02
20260829_03:00:00   3.3517e+00   2.7383e+02   3.1000e+01   6.5941e-01   9.2093e-01   2.8502e+02
20260829_06:00:00   2.2463e+00   2.5380e+02   3.0673e+01   1.9914e-01   2.8037e-01   2.8603e+02
