#            date       tau255        Tb[K]      pwv[mm] lwp[kg*m^-2] iwp[kg*m^-2]       o3[DU]
20260906_06:00:00   1.2842e+00   2.0810e+02   2.3934e+01   0.0000e+00   1.2160e-03   2.7696e+02
20260906_07:00:00   1.3045e+00   2.0966e+02   2.4169e+01   0.0000e+00   1.7720e-03   2.7654e+02
20260906_08:00:00   1.3634e+00   2.1391e+02   2.5052e+01   0.0000e+00   1.5595e-03   2.7502e+02
20260906_09:00:00   1.4276e+00   2.1823e+02   2.6017e+01   0.0000e+00   9.5914e-04   2.7546e+02
20260906_10:00:00   1.4618e+00   2.2036e+02   2.6478e+01   5.4870e-04   9.0125e-04   2.7623e+02
20260906_11:00:00   1.5577e+00   2.2601e+02   2.7052e+01   2.3296e-02   2.8078e-03   2.7506e+02
20260906_12:00:00   1.6787e+00   2.3246e+02   2.7789e+01   5.3291e-02   1.1368e-03   2.7461e+02
20260906_13:00:00   1.9383e+00   2.4394e+02   2.8187e+01   1.4623e-01   4.9852e-04   2.7646e+02
20260906_14:00:00   1.7649e+00   2.3661e+02   2.8043e+01   7.5940e-02   9.7425e-04   2.7880e+02
20260906_15:00:00   1.5496e+00   2.2561e+02   2.7514e+01   1.0056e-03   2.8960e-04   2.7877e+02
20260906_16:00:00   1.5379e+00   2.2509e+02   2.7432e+01   0.0000e+00   1.4172e-04   2.7815e+02
20260906_17:00:00   1.5661e+00   2.2687e+02   2.7925e+01   0.0000e+00   3.8760e-04   2.7810e+02
20260906_18:00:00   1.6027e+00   2.2905e+02   2.8519e+01   0.0000e+00   1.1004e-03   2.7931e+02
20260906_19:00:00   1.6441e+00   2.3136e+02   2.9259e+01   0.0000e+00   3.0160e-03   2.8007e+02
20260906_20:00:00   1.6943e+00   2.3413e+02   3.0074e+01   0.0000e+00   3.2420e-03   2.7711e+02
20260906_21:00:00   1.8816e+00   2.4319e+02   3.0634e+01   5.6145e-02   3.3020e-03   2.7575e+02
20260906_22:00:00   2.6669e+00   2.6626e+02   3.1024e+01   3.5960e-01   9.1239e-04   2.7643e+02
20260906_23:00:00   2.7777e+00   2.6825e+02   3.1175e+01   4.0191e-01   1.1878e-05   2.7773e+02
20260907_00:00:00   3.4178e+00   2.7610e+02   3.1437e+01   6.5853e-01   6.4200e-05   2.7769e+02
20260907_01:00:00   2.9941e+00   2.7106e+02   3.1141e+01   4.9969e-01   1.2578e-04   2.7716e+02
20260907_02:00:00   1.8879e+00   2.4294e+02   3.0721e+01   6.6135e-02   1.1115e-03   2.7700e+02
20260907_03:00:00   1.7740e+00   2.3769e+02   3.0014e+01   4.0165e-02   6.3231e-04   2.7701e+02
20260907_04:00:00   1.6486e+00   2.3131e+02   2.9684e+01   3.8908e-04   1.7734e-04   2.7755e+02
20260907_05:00:00   1.6096e+00   2.2913e+02   2.9196e+01   0.0000e+00   9.5821e-04   2.7691e+02
20260907_06:00:00   1.6043e+00   2.2877e+02   2.9274e+01   0.0000e+00   2.0197e-02   2.7741e+02
20260907_07:00:00   1.6058e+00   2.2885e+02   2.9266e+01   0.0000e+00   4.3083e-03   2.7721e+02
20260907_08:00:00   1.5868e+00   2.2765e+02   2.8952e+01   0.0000e+00   9.6603e-03   2.7863e+02
20260907_09:00:00   1.5792e+00   2.2717e+02   2.8710e+01   0.0000e+00   1.8362e-02   2.7809e+02
20260907_10:00:00   1.6164e+00   2.2916e+02   2.8960e+01   7.2780e-03   5.0631e-03   2.7599e+02
20260907_11:00:00   1.6153e+00   2.2908e+02   2.9192e+01   2.1519e-03   2.2164e-02   2.7361e+02
20260907_12:00:00   1.6182e+00   2.2920e+02   2.9224e+01   3.5772e-03   2.3053e-02   2.7256e+02
20260907_13:00:00   1.6036e+00   2.2843e+02   2.9255e+01   7.6180e-06   4.8243e-03   2.7219e+02
20260907_14:00:00   1.5882e+00   2.2762e+02   2.8916e+01   0.0000e+00   1.7506e-03   2.7279e+02
20260907_15:00:00   1.5897e+00   2.2769e+02   2.8775e+01   0.0000e+00   1.2533e-03   2.7391e+02
20260907_16:00:00   1.5983e+00   2.2817e+02   2.8958e+01   0.0000e+00   1.9660e-03   2.7552e+02
20260907_17:00:00   1.6316e+00   2.3000e+02   2.9407e+01   0.0000e+00   2.0925e-03   2.7787e+02
20260907_18:00:00   1.6641e+00   2.3190e+02   2.9820e+01   0.0000e+00   2.9960e-03   2.7679e+02
20260907_19:00:00   1.6843e+00   2.3320e+02   3.0045e+01   0.0000e+00   8.5366e-04   2.7388e+02
20260907_20:00:00   1.7008e+00   2.3427e+02   3.0234e+01   7.3571e-04   1.4308e-04   2.7268e+02
20260907_21:00:00   1.7639e+00   2.3759e+02   3.0485e+01   1.7528e-02   1.1714e-03   2.7334e+02
20260907_22:00:00   1.9378e+00   2.4526e+02   3.0267e+01   9.0604e-02   9.0580e-03   2.7330e+02
20260907_23:00:00   1.9810e+00   2.4706e+02   3.0001e+01   1.1189e-01   4.1638e-03   2.7354e+02
20260908_00:00:00   2.0027e+00   2.4781e+02   2.9152e+01   1.4359e-01   1.2665e-03   2.7467e+02
20260908_01:00:00   1.5563e+00   2.2673e+02   2.7781e+01   1.3528e-03   1.7059e-03   2.7545e+02
20260908_02:00:00   1.4891e+00   2.2253e+02   2.6679e+01   7.1940e-04   4.1400e-06   2.7552e+02
20260908_03:00:00   1.4546e+00   2.2029e+02   2.6250e+01   1.6322e-03   1.3010e-03   2.7607e+02
20260908_04:00:00   1.4211e+00   2.1814e+02   2.5751e+01   0.0000e+00   1.1884e-04   2.7465e+02
20260908_05:00:00   1.4800e+00   2.2175e+02   2.6257e+01   8.5376e-03   1.1564e-03   2.7394e+02
20260908_06:00:00   1.4713e+00   2.2114e+02   2.5881e+01   9.2644e-03   1.2008e-04   2.7455e+02
20260908_07:00:00   1.4666e+00   2.2073e+02   2.6038e+01   7.0780e-03   8.0205e-04   2.7282e+02
20260908_08:00:00   1.4534e+00   2.1977e+02   2.6155e+01   0.0000e+00   1.1596e-03   2.7208e+02
20260908_09:00:00   1.4575e+00   2.1991e+02   2.6125e+01   5.5900e-05   1.6157e-04   2.7499e+02
20260908_10:00:00   1.4600e+00   2.1992e+02   2.6350e+01   2.9580e-04   7.5177e-05   2.7570e+02
20260908_11:00:00   1.6349e+00   2.2986e+02   2.6778e+01   6.6823e-02   2.9959e-02   2.7649e+02
20260908_12:00:00   1.9232e+00   2.4321e+02   2.7820e+01   1.5729e-01   3.5177e-02   2.7685e+02
20260908_13:00:00   1.7000e+00   2.3308e+02   2.8094e+01   6.8330e-02   4.1617e-02   2.7554e+02
20260908_14:00:00   1.7004e+00   2.3314e+02   2.8378e+01   6.3036e-02   7.7925e-02   2.7581e+02
20260908_15:00:00   1.6018e+00   2.2791e+02   2.8289e+01   2.6541e-02   5.0913e-02   2.7615e+02
20260908_16:00:00   1.6323e+00   2.2957e+02   2.8687e+01   2.7023e-02   1.8997e-02   2.7389e+02
20260908_17:00:00   1.5840e+00   2.2722e+02   2.8782e+01   2.6120e-03   1.1943e-03   2.7470e+02
20260908_18:00:00   1.6553e+00   2.3157e+02   2.9714e+01   1.8292e-03   2.6422e-04   2.7681e+02
20260908_19:00:00   1.7036e+00   2.3447e+02   3.0487e+01   0.0000e+00   2.3388e-03   2.7689e+02
20260908_20:00:00   1.7475e+00   2.3693e+02   3.1164e+01   0.0000e+00   2.6089e-03   2.7966e+02
20260908_21:00:00   1.7632e+00   2.3795e+02   3.1443e+01   8.9960e-04   1.1417e-03   2.8124e+02
20260908_22:00:00   1.7852e+00   2.3915e+02   3.1563e+01   4.3198e-03   6.2988e-05   2.7923e+02
20260908_23:00:00   1.7225e+00   2.3618e+02   3.0895e+01   3.6122e-04   1.7886e-05   2.7510e+02
20260909_00:00:00   1.6544e+00   2.3259e+02   3.0114e+01   5.2178e-04   1.6564e-05   2.7287e+02
20260909_01:00:00   1.7677e+00   2.3811e+02   3.0315e+01   4.4648e-02   2.5617e-02   2.7181e+02
20260909_02:00:00   2.0909e+00   2.5098e+02   3.1861e+01   1.2795e-01   1.0361e-01   2.7037e+02
20260909_03:00:00   1.7119e+00   2.3540e+02   3.0897e+01   3.7760e-03   2.1678e-01   2.7264e+02
20260909_04:00:00   1.6119e+00   2.3028e+02   2.9507e+01   0.0000e+00   5.3881e-02   2.7291e+02
20260909_05:00:00   1.5980e+00   2.2920e+02   2.9252e+01   8.9880e-04   2.4144e-03   2.7459e+02
20260909_06:00:00   1.6031e+00   2.2940e+02   2.9341e+01   8.9940e-05   1.3557e-03   2.7607e+02
20260909_07:00:00   1.6218e+00   2.3052e+02   2.9488e+01   0.0000e+00   5.4338e-03   2.7587e+02
20260909_08:00:00   1.6614e+00   2.3253e+02   2.9320e+01   1.9116e-02   2.1661e-03   2.7601e+02
20260909_09:00:00   1.7883e+00   2.3854e+02   2.8795e+01   8.3179e-02   1.5964e-02   2.7582e+02
20260909_10:00:00   1.6785e+00   2.3341e+02   2.9159e+01   2.1328e-02   4.1520e-03   2.7522e+02
20260909_11:00:00   1.6474e+00   2.3186e+02   2.9377e+01   1.0999e-03   5.9273e-04   2.7343e+02
20260909_12:00:00   1.6558e+00   2.3229e+02   2.9492e+01   4.6380e-04   6.9856e-04   2.7390e+02
20260909_13:00:00   1.6614e+00   2.3255e+02   2.9399e+01   5.3867e-03   8.5594e-04   2.7332e+02
20260909_14:00:00   1.6642e+00   2.3273e+02   2.9116e+01   7.1066e-03   6.9200e-04   2.7309e+02
20260909_15:00:00   1.6226e+00   2.3070e+02   2.8525e+01   0.0000e+00   0.0000e+00   2.7399e+02
20260909_16:00:00   1.5762e+00   2.2823e+02   2.7871e+01   0.0000e+00   0.0000e+00   2.7428e+02
20260909_17:00:00   1.5866e+00   2.2904e+02   2.7855e+01   0.0000e+00   2.0700e-06   2.7353e+02
20260909_18:00:00   1.6274e+00   2.3175e+02   2.8202e+01   0.0000e+00   4.1400e-06   2.7137e+02
20260909_19:00:00   1.6937e+00   2.3573e+02   2.8884e+01   0.0000e+00   0.0000e+00   2.7075e+02
20260909_20:00:00   1.7071e+00   2.3677e+02   2.9063e+01   0.0000e+00   0.0000e+00   2.7118e+02
20260909_21:00:00   1.7413e+00   2.3876e+02   2.9346e+01   2.6700e-03   0.0000e+00   2.7281e+02
20260909_22:00:00   1.7335e+00   2.3860e+02   2.8890e+01   1.3503e-02   0.0000e+00   2.7120e+02
20260909_23:00:00   1.6862e+00   2.3634e+02   2.8226e+01   1.2998e-02   9.3820e-06   2.7062e+02
20260910_00:00:00   1.6391e+00   2.3391e+02   2.7246e+01   2.0376e-02   3.1680e-05   2.6979e+02
20260910_01:00:00   1.5388e+00   2.2813e+02   2.6421e+01   3.6277e-03   8.0538e-05   2.6939e+02
20260910_02:00:00   1.5541e+00   2.2888e+02   2.6526e+01   1.2896e-02   5.2207e-04   2.7012e+02
20260910_03:00:00   1.5530e+00   2.2863e+02   2.6422e+01   1.4303e-02   1.9940e-04   2.6995e+02
20260910_04:00:00   1.6222e+00   2.3215e+02   2.7996e+01   1.1646e-03   4.0604e-03   2.7001e+02
20260910_05:00:00   1.5531e+00   2.2808e+02   2.7374e+01   3.3337e-04   7.1236e-03   2.7183e+02
20260910_06:00:00   1.5144e+00   2.2560e+02   2.7088e+01   0.0000e+00   1.9457e-02   2.7195e+02
20260910_07:00:00   1.5319e+00   2.2651e+02   2.7591e+01   0.0000e+00   6.5679e-02   2.7326e+02
20260910_08:00:00   1.5912e+00   2.2992e+02   2.8482e+01   0.0000e+00   6.7213e-02   2.7434e+02
20260910_09:00:00   1.6088e+00   2.3085e+02   2.8754e+01   3.0600e-05   5.3714e-02   2.7460e+02
20260910_10:00:00   1.5913e+00   2.2976e+02   2.8575e+01   1.4110e-05   3.1120e-02   2.7482e+02
20260910_11:00:00   1.5360e+00   2.2644e+02   2.7869e+01   0.0000e+00   1.2439e-02   2.7375e+02
20260910_12:00:00   1.5294e+00   2.2596e+02   2.7724e+01   0.0000e+00   3.3362e-03   2.7449e+02
20260910_13:00:00   1.5395e+00   2.2650e+02   2.7834e+01   0.0000e+00   9.3977e-04   2.7251e+02
20260910_14:00:00   1.5248e+00   2.2552e+02   2.7603e+01   0.0000e+00   1.1839e-03   2.7215e+02
20260910_15:00:00   1.4810e+00   2.2272e+02   2.6906e+01   0.0000e+00   6.2120e-06   2.7403e+02
20260910_16:00:00   1.4239e+00   2.1894e+02   2.6039e+01   0.0000e+00   0.0000e+00   2.7347e+02
20260910_17:00:00   1.4054e+00   2.1784e+02   2.5643e+01   0.0000e+00   0.0000e+00   2.7385e+02
20260910_18:00:00   1.3898e+00   2.1706e+02   2.5251e+01   0.0000e+00   0.0000e+00   2.7614e+02
20260910_19:00:00   1.3892e+00   2.1734e+02   2.5059e+01   0.0000e+00   0.0000e+00   2.7721e+02
20260910_20:00:00   1.4046e+00   2.1873e+02   2.5213e+01   0.0000e+00   0.0000e+00   2.7512e+02
20260910_21:00:00   1.4413e+00   2.2140e+02   2.5722e+01   0.0000e+00   0.0000e+00   2.7601e+02
20260910_22:00:00   1.4235e+00   2.2031e+02   2.5459e+01   1.6933e-03   0.0000e+00   2.7612e+02
20260910_23:00:00   1.3608e+00   2.1614e+02   2.4583e+01   1.1905e-04   0.0000e+00   2.7408e+02
20260911_00:00:00   1.3058e+00   2.1213e+02   2.3792e+01   0.0000e+00   0.0000e+00   2.7439e+02
20260911_01:00:00   1.2595e+00   2.0849e+02   2.3109e+01   0.0000e+00   0.0000e+00   2.7391e+02
20260911_02:00:00   1.2882e+00   2.1057e+02   2.3680e+01   0.0000e+00   0.0000e+00   2.7471e+02
20260911_03:00:00   1.3490e+00   2.1528e+02   2.4314e+01   0.0000e+00   0.0000e+00   2.7453e+02
20260911_04:00:00   1.4375e+00   2.2124e+02   2.5577e+01   0.0000e+00   1.9358e-04   2.7543e+02
20260911_05:00:00   1.3735e+00   2.1678e+02   2.4675e+01   1.0352e-06   1.3478e-02   2.7585e+02
20260911_06:00:00   1.3688e+00   2.1627e+02   2.4557e+01   0.0000e+00   4.3815e-02   2.7649e+02
20260911_09:00:00   1.3681e+00   2.1596e+02   2.4654e+01   0.0000e+00   2.9116e-02   2.7911e+02
20260911_12:00:00   1.5187e+00   2.2570e+02   2.6707e+01   0.0000e+00   9.2735e-04   2.7883e+02
20260911_15:00:00   1.3461e+00   2.1424e+02   2.3996e+01   0.0000e+00   2.5733e-04   2.7618e+02
20260911_18:00:00   1.3747e+00   2.1625e+02   2.3944e+01   0.0000e+00   0.0000e+00   2.7428e+02
20260911_21:00:00   1.5359e+00   2.2741e+02   2.6112e+01   0.0000e+00   0.0000e+00   2.7508e+02
20260912_00:00:00   1.4647e+00   2.2342e+02   2.4807e+01   0.0000e+00   0.0000e+00   2.7350e+02
20260912_03:00:00   1.2433e+00   2.0696e+02   2.1997e+01   0.0000e+00   0.0000e+00   2.7577e+02
20260912_06:00:00   1.3987e+00   2.1849e+02   2.4218e+01   0.0000e+00   0.0000e+00   2.7778e+02
20260912_09:00:00   1.3504e+00   2.1484e+02   2.3298e+01   0.0000e+00   3.5420e-05   2.7516e+02
20260912_12:00:00   1.2297e+00   2.0482e+02   2.1931e+01   0.0000e+00   1.8580e-03   2.7744e+02
20260912_15:00:00   1.2227e+00   2.0375e+02   2.1696e+01   0.0000e+00   0.0000e+00   2.7935e+02
20260912_18:00:00   1.2745e+00   2.0812e+02   2.2155e+01   0.0000e+00   0.0000e+00   2.7977e+02
20260912_21:00:00   1.4090e+00   2.1861e+02   2.3745e+01   0.0000e+00   0.0000e+00   2.8085e+02
20260913_00:00:00   1.3906e+00   2.1741e+02   2.3525e+01   0.0000e+00   0.0000e+00   2.8349e+02
20260913_03:00:00   1.1232e+00   1.9575e+02   2.0146e+01   0.0000e+00   0.0000e+00   2.8602e+02
20260913_06:00:00   1.1323e+00   1.9616e+02   2.0520e+01   0.0000e+00   0.0000e+00   2.9091e+02
20260913_09:00:00   1.1931e+00   2.0093e+02   2.1336e+01   0.0000e+00   0.0000e+00   2.8767e+02
20260913_12:00:00   1.1678e+00   1.9840e+02   2.0766e+01   0.0000e+00   0.0000e+00   2.9111e+02
20260913_15:00:00   1.2059e+00   2.0148e+02   2.0745e+01   0.0000e+00   0.0000e+00   2.9532e+02
20260913_18:00:00   1.3165e+00   2.1076e+02   2.1748e+01   0.0000e+00   0.0000e+00   2.9655e+02
20260913_21:00:00   2.2067e+00   2.5574e+02   2.4663e+01   2.6136e-01   0.0000e+00   2.9529e+02
20260914_00:00:00   1.6166e+00   2.3091e+02   2.2622e+01   8.7443e-02   0.0000e+00   2.9445e+02
20260914_03:00:00   1.2517e+00   2.0688e+02   2.0335e+01   3.1180e-03   0.0000e+00   2.9507e+02
20260914_06:00:00   1.0437e+00   1.8849e+02   1.7377e+01   0.0000e+00   0.0000e+00   2.9443e+02
20260914_09:00:00   1.2324e+00   2.0502e+02   2.0222e+01   0.0000e+00   0.0000e+00   2.9531e+02
20260914_12:00:00   1.3865e+00   2.1608e+02   2.2730e+01   0.0000e+00   0.0000e+00   2.9376e+02
20260914_15:00:00   1.3852e+00   2.1557e+02   2.3117e+01   0.0000e+00   0.0000e+00   2.9162e+02
20260914_18:00:00   1.1616e+00   1.9844e+02   1.9681e+01   0.0000e+00   0.0000e+00   2.9248e+02
20260914_21:00:00   1.1867e+00   2.0076e+02   1.9211e+01   2.7676e-02   0.0000e+00   2.9131e+02
20260915_00:00:00   1.0275e+00   1.8613e+02   1.6714e+01   3.3356e-02   0.0000e+00   2.9161e+02
20260915_03:00:00   8.6454e-01   1.6848e+02   1.5506e+01   0.0000e+00   1.8340e-03   2.9386e+02
20260915_06:00:00   7.9921e-01   1.6000e+02   1.4680e+01   0.0000e+00   5.2700e-03   2.9210e+02
20260915_09:00:00   6.2445e-01   1.3500e+02   1.2032e+01   0.0000e+00   2.5444e-04   2.9438e+02
20260915_12:00:00   6.1183e-01   1.3303e+02   1.1778e+01   0.0000e+00   2.3384e-04   2.9394e+02
20260915_15:00:00   5.4399e-01   1.2231e+02   1.0558e+01   0.0000e+00   8.3702e-03   2.8949e+02
20260915_18:00:00   6.3634e-01   1.3724e+02   1.1509e+01   0.0000e+00   7.0540e-06   2.8636e+02
20260915_21:00:00   8.7159e-01   1.6881e+02   1.5174e+01   0.0000e+00   1.4761e-03   2.8477e+02
20260916_00:00:00   1.0804e+00   1.9101e+02   1.8578e+01   1.5690e-03   1.2355e-02   2.8517e+02
20260916_03:00:00   1.3855e+00   2.1592e+02   2.0280e+01   7.0740e-02   2.6820e-05   2.8301e+02
20260916_06:00:00   1.0387e+00   1.8682e+02   1.8119e+01   0.0000e+00   0.0000e+00   2.8227e+02
20260916_09:00:00   9.0309e-01   1.7195e+02   1.6376e+01   0.0000e+00   1.2250e-04   2.8278e+02
20260916_12:00:00   1.0597e+00   1.8832e+02   1.8639e+01   0.0000e+00   3.7792e-03   2.7907e+02
20260916_15:00:00   1.2045e+00   2.0127e+02   2.0768e+01   0.0000e+00   2.5902e-03   2.7822e+02
20260916_18:00:00   1.2366e+00   2.0375e+02   2.1505e+01   0.0000e+00   1.7212e-03   2.7677e+02
20260916_21:00:00   1.3955e+00   2.1607e+02   2.3791e+01   1.4502e-02   3.4541e-03   2.7535e+02
20260917_00:00:00   2.0987e+00   2.5110e+02   2.5881e+01   2.4179e-01   5.3660e-05   2.7502e+02
20260917_03:00:00   2.5927e+00   2.6440e+02   2.6715e+01   4.0316e-01   0.0000e+00   2.7610e+02
20260917_06:00:00   1.2903e+00   2.0839e+02   2.2563e+01   2.2140e-03   0.0000e+00   2.8017e+02
20260917_09:00:00   1.0402e+00   1.8553e+02   1.9413e+01   1.4440e-04   0.0000e+00   2.7778e+02
20260917_12:00:00   9.8935e-01   1.8032e+02   1.8692e+01   0.0000e+00   0.0000e+00   2.7802e+02
20260917_15:00:00   8.3387e-01   1.6272e+02   1.6269e+01   0.0000e+00   0.0000e+00   2.8104e+02
20260917_18:00:00   6.5186e-01   1.3833e+02   1.3148e+01   0.0000e+00   0.0000e+00   2.8165e+02
20260917_21:00:00   7.4354e-01   1.5165e+02   1.4609e+01   0.0000e+00   0.0000e+00   2.8069e+02
20260918_00:00:00   9.7923e-01   1.8031e+02   1.7931e+01   4.7601e-03   0.0000e+00   2.7990e+02
20260918_03:00:00   1.2694e+00   2.0658e+02   1.8716e+01   8.7006e-02   0.0000e+00   2.7921e+02
20260918_06:00:00   9.5567e-01   1.7887e+02   1.6440e+01   0.0000e+00   0.0000e+00   2.7963e+02
20260918_09:00:00   6.6030e-01   1.4137e+02   1.2019e+01   0.0000e+00   0.0000e+00   2.7781e+02
20260918_12:00:00   5.0110e-01   1.1590e+02   9.5670e+00   0.0000e+00   3.0080e-05   2.7945e+02
20260918_15:00:00   4.0691e-01   9.8886e+01   8.0035e+00   0.0000e+00   2.2860e-05   2.8013e+02
20260918_18:00:00   4.4443e-01   1.0573e+02   8.7027e+00   0.0000e+00   7.0540e-06   2.7977e+02
20260918_21:00:00   6.0267e-01   1.3204e+02   1.1583e+01   0.0000e+00   7.6180e-06   2.8204e+02
20260919_00:00:00   6.7538e-01   1.4294e+02   1.2885e+01   0.0000e+00   0.0000e+00   2.7984e+02
20260919_03:00:00   6.6806e-01   1.4164e+02   1.2681e+01   0.0000e+00   9.1960e-04   2.8017e+02
20260919_06:00:00   6.5527e-01   1.4044e+02   1.2061e+01   0.0000e+00   0.0000e+00   2.7951e+02
20260919_09:00:00   6.3285e-01   1.3720e+02   1.1554e+01   0.0000e+00   0.0000e+00   2.7795e+02
20260919_12:00:00   4.9923e-01   1.1581e+02   9.3897e+00   0.0000e+00   3.6460e-04   2.7675e+02
20260919_15:00:00   4.2740e-01   1.0306e+02   8.1305e+00   0.0000e+00   3.5780e-05   2.7752e+02
20260919_18:00:00   4.4074e-01   1.0553e+02   8.3528e+00   0.0000e+00   0.0000e+00   2.7923e+02
20260919_21:00:00   6.4147e-01   1.3795e+02   1.2189e+01   0.0000e+00   3.9400e-03   2.7829e+02
20260920_00:00:00   6.1630e-01   1.3374e+02   1.1926e+01   0.0000e+00   1.7294e-02   2.7662e+02
20260920_03:00:00   4.8335e-01   1.1262e+02   9.4721e+00   0.0000e+00   1.0010e-03   2.7721e+02
20260920_06:00:00   4.5349e-01   1.0734e+02   8.9427e+00   0.0000e+00   1.4974e-03   2.7783e+02
20260920_09:00:00   4.5445e-01   1.0758e+02   8.9308e+00   0.0000e+00   2.8661e-03   2.7685e+02
20260920_12:00:00   4.3790e-01   1.0454e+02   8.6140e+00   0.0000e+00   1.7123e-03   2.7583e+02
20260920_15:00:00   4.1181e-01   9.9476e+01   8.1986e+00   0.0000e+00   4.0767e-02   2.7720e+02
20260920_18:00:00   4.4053e-01   1.0500e+02   8.6076e+00   0.0000e+00   2.0692e-02   2.7678e+02
20260920_21:00:00   4.9089e-01   1.1378e+02   9.6826e+00   0.0000e+00   0.0000e+00   2.7805e+02
20260921_00:00:00   4.6893e-01   1.0982e+02   9.3997e+00   0.0000e+00   0.0000e+00   2.7692e+02
20260921_03:00:00   4.3170e-01   1.0326e+02   8.6345e+00   0.0000e+00   0.0000e+00   2.7784e+02
20260921_06:00:00   4.1357e-01   1.0001e+02   8.2448e+00   0.0000e+00   0.0000e+00   2.7750e+02
20260921_09:00:00   4.6617e-01   1.0917e+02   9.3861e+00   0.0000e+00   0.0000e+00   2.7847e+02
20260921_12:00:00   4.8082e-01   1.1132e+02   9.8051e+00   0.0000e+00   8.7960e-04   2.7906e+02
20260921_15:00:00   5.2077e-01   1.1789e+02   1.0608e+01   0.0000e+00   0.0000e+00   2.7774e+02
20260921_18:00:00   5.5984e-01   1.2431e+02   1.1260e+01   0.0000e+00   0.0000e+00   2.7844e+02
20260921_21:00:00   6.3632e-01   1.3591e+02   1.2805e+01   0.0000e+00   0.0000e+00   2.7790e+02
20260922_00:00:00   7.3361e-01   1.4973e+02   1.4616e+01   0.0000e+00   0.0000e+00   2.7796e+02
20260922_03:00:00   7.2363e-01   1.4857e+02   1.4391e+01   0.0000e+00   0.0000e+00   2.7861e+02
20260922_06:00:00   6.9939e-01   1.4509e+02   1.3938e+01   0.0000e+00   1.3380e-04   2.7896e+02
