#            date       tau255        Tb[K]      pwv[mm] lwp[kg*m^-2] iwp[kg*m^-2]       o3[DU]
20260915_18:00:00   1.4631e+00   2.1992e+02   2.5457e+01   0.0000e+00   2.3058e-02   2.7857e+02
20260915_19:00:00   1.5968e+00   2.2828e+02   2.6908e+01   7.1540e-05   4.4710e-02   2.7529e+02
20260915_20:00:00   1.6533e+00   2.3155e+02   2.7434e+01   8.2120e-03   6.0381e-02   2.7343e+02
20260915_21:00:00   1.7639e+00   2.3743e+02   2.7989e+01   3.8660e-02   4.4588e-02   2.7198e+02
20260915_22:00:00   1.8451e+00   2.4128e+02   2.8512e+01   5.9184e-02   1.3742e-02   2.7222e+02
20260915_23:00:00   2.0041e+00   2.4807e+02   2.8979e+01   1.0724e-01   1.0293e-02   2.7343e+02
20260916_00:00:00   2.2320e+00   2.5589e+02   2.9633e+01   1.7721e-01   2.1922e-03   2.7372e+02
20260916_01:00:00   1.7668e+00   2.3758e+02   2.8997e+01   2.1066e-02   2.7355e-03   2.7552e+02
20260916_02:00:00   1.6778e+00   2.3306e+02   2.8175e+01   1.7292e-02   2.8606e-03   2.7534e+02
20260916_03:00:00   1.6278e+00   2.3031e+02   2.8351e+01   0.0000e+00   2.6439e-03   2.7659e+02
20260916_04:00:00   1.7457e+00   2.3636e+02   2.9866e+01   2.0840e-05   9.0496e-03   2.7456e+02
20260916_05:00:00   1.7879e+00   2.3785e+02   3.0858e+01   1.2790e-02   6.2050e-02   2.7543e+02
20260916_06:00:00   3.0570e+00   2.7026e+02   3.2522e+01   4.9023e-01   5.6396e-01   2.7862e+02
20260916_07:00:00   2.8503e+00   2.6717e+02   3.2721e+01   3.8507e-01   7.0948e-01   2.8004e+02
20260916_08:00:00   2.8378e+00   2.6719e+02   3.1935e+01   3.9747e-01   1.0042e-01   2.8121e+02
20260916_09:00:00   2.6953e+00   2.6479e+02   3.1593e+01   3.4425e-01   5.9032e-03   2.8236e+02
20260916_10:00:00   2.2110e+00   2.5313e+02   3.0658e+01   1.7247e-01   1.0808e-03   2.7840e+02
20260916_11:00:00   1.7536e+00   2.3571e+02   3.0269e+01   1.8814e-03   1.7495e-03   2.7716e+02
20260916_12:00:00   1.8165e+00   2.3839e+02   3.0227e+01   3.1900e-02   7.5422e-03   2.7992e+02
20260916_13:00:00   1.8233e+00   2.3847e+02   3.0512e+01   2.7297e-02   2.4829e-02   2.8091e+02
20260916_14:00:00   1.7642e+00   2.3572e+02   3.0543e+01   2.8833e-03   7.2517e-02   2.8347e+02
20260916_15:00:00   1.9881e+00   2.4507e+02   3.0842e+01   8.3761e-02   7.0276e-02   2.8711e+02
20260916_16:00:00   2.0592e+00   2.4761e+02   3.0833e+01   1.1381e-01   8.4854e-02   2.8728e+02
20260916_17:00:00   1.7673e+00   2.3582e+02   3.0571e+01   1.0522e-03   7.0554e-03   2.8642e+02
20260916_18:00:00   2.4092e+00   2.5786e+02   3.1991e+01   2.2093e-01   1.1309e-02   2.8485e+02
20260916_19:00:00   3.9342e+00   2.7716e+02   3.2710e+01   8.3167e-01   6.8199e-02   2.8474e+02
20260916_20:00:00   2.1957e+00   2.5203e+02   3.1782e+01   1.3294e-01   1.2972e-02   2.8473e+02
20260916_21:00:00   3.6539e+00   2.7537e+02   3.2442e+01   7.1632e-01   5.5723e-02   2.8347e+02
20260916_22:00:00   3.6788e+00   2.7619e+02   3.2091e+01   7.2786e-01   4.6211e-02   2.8030e+02
20260916_23:00:00   1.9014e+00   2.4186e+02   3.1467e+01   2.0757e-02   3.0479e-02   2.7945e+02
20260917_00:00:00   2.2573e+00   2.5402e+02   3.1708e+01   1.5289e-01   4.0555e-02   2.7845e+02
20260917_01:00:00   4.6876e+00   2.8046e+02   3.4157e+01   1.0814e+00   7.1087e-02   2.7487e+02
20260917_02:00:00   3.1051e+00   2.7096e+02   3.3653e+01   4.2706e-01   1.5194e-01   2.7312e+02
20260917_03:00:00   3.6794e+00   2.7848e+02   3.3973e+01   6.1663e-01   1.3681e-01   2.7375e+02
20260917_04:00:00   2.9903e+00   2.7112e+02   3.4619e+01   3.3449e-01   5.7590e-02   2.7370e+02
20260917_05:00:00   2.7927e+00   2.6779e+02   3.4115e+01   2.7249e-01   4.9436e-03   2.7192e+02
20260917_06:00:00   2.1808e+00   2.5236e+02   3.2940e+01   6.8490e-02   3.9795e-04   2.7295e+02
20260917_07:00:00   1.8757e+00   2.4106e+02   3.1211e+01   1.0562e-03   1.8860e-03   2.7520e+02
20260917_08:00:00   1.8092e+00   2.3817e+02   3.0007e+01   8.0194e-03   2.3366e-02   2.7664e+02
20260917_09:00:00   1.6685e+00   2.3102e+02   2.8595e+01   0.0000e+00   8.2624e-03   2.7437e+02
20260917_10:00:00   1.5391e+00   2.2339e+02   2.7142e+01   0.0000e+00   1.5604e-03   2.7318e+02
20260917_11:00:00   1.3866e+00   2.1324e+02   2.5117e+01   0.0000e+00   7.9879e-03   2.7319e+02
20260917_12:00:00   1.2307e+00   2.0108e+02   2.2923e+01   0.0000e+00   4.1513e-03   2.7300e+02
20260917_13:00:00   1.0968e+00   1.8916e+02   2.0935e+01   0.0000e+00   1.7618e-02   2.7216e+02
20260917_14:00:00   1.0228e+00   1.8203e+02   1.9783e+01   0.0000e+00   3.5434e-02   2.7181e+02
20260917_15:00:00   9.9714e-01   1.7939e+02   1.9486e+01   0.0000e+00   2.6043e-02   2.7149e+02
20260917_16:00:00   1.0145e+00   1.8105e+02   1.9799e+01   0.0000e+00   6.7655e-02   2.7310e+02
20260917_17:00:00   1.0186e+00   1.8160e+02   1.9789e+01   0.0000e+00   3.5515e-02   2.7207e+02
20260917_18:00:00   1.1057e+00   1.9073e+02   2.0737e+01   0.0000e+00   6.0256e-03   2.7018e+02
20260917_19:00:00   1.1365e+00   1.9383e+02   2.1159e+01   0.0000e+00   2.5278e-03   2.7193e+02
20260917_20:00:00   1.1666e+00   1.9691e+02   2.1448e+01   0.0000e+00   2.8703e-03   2.6949e+02
20260917_21:00:00   1.1578e+00   1.9663e+02   2.1075e+01   0.0000e+00   2.2781e-04   2.6762e+02
20260917_22:00:00   1.1806e+00   1.9887e+02   2.1223e+01   0.0000e+00   3.6700e-05   2.6814e+02
20260917_23:00:00   1.1724e+00   1.9825e+02   2.1135e+01   0.0000e+00   1.0596e-04   2.6916e+02
20260918_00:00:00   1.1468e+00   1.9620e+02   2.0605e+01   0.0000e+00   4.0480e-05   2.7295e+02
20260918_01:00:00   1.1183e+00   1.9374e+02   2.0017e+01   0.0000e+00   8.2820e-07   2.7340e+02
20260918_02:00:00   1.0579e+00   1.8821e+02   1.8990e+01   0.0000e+00   0.0000e+00   2.7475e+02
20260918_03:00:00   1.0280e+00   1.8544e+02   1.8347e+01   0.0000e+00   0.0000e+00   2.7501e+02
20260918_04:00:00   1.0182e+00   1.8458e+02   1.8058e+01   0.0000e+00   0.0000e+00   2.7321e+02
20260918_05:00:00   9.9856e-01   1.8265e+02   1.7670e+01   0.0000e+00   0.0000e+00   2.7224e+02
20260918_06:00:00   9.7871e-01   1.8066e+02   1.7266e+01   0.0000e+00   0.0000e+00   2.7063e+02
20260918_07:00:00   9.5631e-01   1.7831e+02   1.6844e+01   0.0000e+00   0.0000e+00   2.7152e+02
20260918_08:00:00   8.8719e-01   1.7063e+02   1.5777e+01   0.0000e+00   0.0000e+00   2.7269e+02
20260918_09:00:00   8.1390e-01   1.6192e+02   1.4557e+01   0.0000e+00   0.0000e+00   2.7428e+02
20260918_10:00:00   7.7226e-01   1.5661e+02   1.3861e+01   0.0000e+00   0.0000e+00   2.7483e+02
20260918_11:00:00   7.5551e-01   1.5432e+02   1.3612e+01   0.0000e+00   0.0000e+00   2.7265e+02
20260918_12:00:00   7.2513e-01   1.5014e+02   1.3236e+01   0.0000e+00   0.0000e+00   2.7311e+02
20260918_13:00:00   7.0975e-01   1.4788e+02   1.3095e+01   0.0000e+00   0.0000e+00   2.7310e+02
20260918_14:00:00   6.9822e-01   1.4619e+02   1.2990e+01   0.0000e+00   0.0000e+00   2.7274e+02
20260918_15:00:00   6.9429e-01   1.4556e+02   1.2978e+01   0.0000e+00   0.0000e+00   2.7323e+02
20260918_16:00:00   6.8567e-01   1.4433e+02   1.2893e+01   0.0000e+00   0.0000e+00   2.7213e+02
20260918_17:00:00   6.8369e-01   1.4408e+02   1.2867e+01   0.0000e+00   0.0000e+00   2.7197e+02
20260918_18:00:00   7.1736e-01   1.4895e+02   1.3332e+01   0.0000e+00   0.0000e+00   2.7117e+02
20260918_19:00:00   7.6821e-01   1.5596e+02   1.4084e+01   0.0000e+00   0.0000e+00   2.7019e+02
20260918_20:00:00   8.1701e-01   1.6226e+02   1.4892e+01   0.0000e+00   0.0000e+00   2.7113e+02
20260918_21:00:00   8.0587e-01   1.6091e+02   1.4805e+01   0.0000e+00   0.0000e+00   2.7135e+02
20260918_22:00:00   7.9958e-01   1.6018e+02   1.4736e+01   0.0000e+00   0.0000e+00   2.7016e+02
20260918_23:00:00   7.7362e-01   1.5695e+02   1.4317e+01   0.0000e+00   0.0000e+00   2.6892e+02
20260919_00:00:00   7.3040e-01   1.5126e+02   1.3605e+01   0.0000e+00   0.0000e+00   2.6851e+02
20260919_01:00:00   6.8153e-01   1.4444e+02   1.2805e+01   0.0000e+00   0.0000e+00   2.7041e+02
20260919_02:00:00   6.6643e-01   1.4224e+02   1.2556e+01   0.0000e+00   0.0000e+00   2.7142e+02
20260919_03:00:00   6.5009e-01   1.3979e+02   1.2270e+01   0.0000e+00   0.0000e+00   2.7184e+02
20260919_04:00:00   6.4774e-01   1.3936e+02   1.2207e+01   0.0000e+00   0.0000e+00   2.7486e+02
20260919_05:00:00   6.2915e-01   1.3650e+02   1.1877e+01   0.0000e+00   0.0000e+00   2.7422e+02
20260919_06:00:00   5.8877e-01   1.3026e+02   1.1210e+01   0.0000e+00   0.0000e+00   2.7270e+02
20260919_07:00:00   5.5193e-01   1.2430e+02   1.0625e+01   0.0000e+00   0.0000e+00   2.7394e+02
20260919_08:00:00   5.3871e-01   1.2199e+02   1.0456e+01   0.0000e+00   0.0000e+00   2.7558e+02
20260919_09:00:00   5.2638e-01   1.1983e+02   1.0286e+01   0.0000e+00   0.0000e+00   2.7572e+02
20260919_10:00:00   5.4127e-01   1.2209e+02   1.0583e+01   0.0000e+00   0.0000e+00   2.7538e+02
20260919_11:00:00   5.7731e-01   1.2769e+02   1.1205e+01   0.0000e+00   0.0000e+00   2.7602e+02
20260919_12:00:00   6.0924e-01   1.3249e+02   1.1759e+01   0.0000e+00   0.0000e+00   2.7507e+02
20260919_13:00:00   6.4005e-01   1.3697e+02   1.2292e+01   0.0000e+00   0.0000e+00   2.7501e+02
20260919_14:00:00   6.7120e-01   1.4133e+02   1.2837e+01   0.0000e+00   0.0000e+00   2.7555e+02
20260919_15:00:00   7.0145e-01   1.4545e+02   1.3352e+01   0.0000e+00   0.0000e+00   2.7667e+02
20260919_16:00:00   7.2423e-01   1.4854e+02   1.3722e+01   0.0000e+00   0.0000e+00   2.7559e+02
20260919_17:00:00   7.3469e-01   1.5005e+02   1.3859e+01   0.0000e+00   0.0000e+00   2.7430e+02
20260919_18:00:00   7.4606e-01   1.5178e+02   1.3987e+01   0.0000e+00   0.0000e+00   2.7312e+02
20260919_19:00:00   7.5168e-01   1.5273e+02   1.4011e+01   0.0000e+00   0.0000e+00   2.7175e+02
20260919_20:00:00   7.5045e-01   1.5269e+02   1.3967e+01   0.0000e+00   0.0000e+00   2.7178e+02
20260919_21:00:00   7.6009e-01   1.5398e+02   1.4126e+01   0.0000e+00   0.0000e+00   2.7176e+02
20260919_22:00:00   7.7266e-01   1.5566e+02   1.4330e+01   0.0000e+00   0.0000e+00   2.7058e+02
20260919_23:00:00   7.6764e-01   1.5511e+02   1.4216e+01   0.0000e+00   0.0000e+00   2.6923e+02
20260920_00:00:00   7.5386e-01   1.5342e+02   1.3955e+01   0.0000e+00   0.0000e+00   2.6835e+02
20260920_01:00:00   7.4192e-01   1.5192e+02   1.3736e+01   0.0000e+00   0.0000e+00   2.6779e+02
20260920_02:00:00   7.2525e-01   1.4975e+02   1.3408e+01   0.0000e+00   0.0000e+00   2.6660e+02
20260920_03:00:00   7.0251e-01   1.4672e+02   1.2978e+01   0.0000e+00   0.0000e+00   2.6677e+02
20260920_04:00:00   6.6452e-01   1.4142e+02   1.2322e+01   0.0000e+00   0.0000e+00   2.6696e+02
20260920_05:00:00   6.5092e-01   1.3931e+02   1.2095e+01   0.0000e+00   0.0000e+00   2.6598e+02
20260920_06:00:00   6.3654e-01   1.3703e+02   1.1864e+01   0.0000e+00   0.0000e+00   2.6735e+02
20260920_07:00:00   6.3742e-01   1.3712e+02   1.1867e+01   0.0000e+00   0.0000e+00   2.6651e+02
20260920_08:00:00   6.4155e-01   1.3775e+02   1.1886e+01   0.0000e+00   0.0000e+00   2.6702e+02
20260920_09:00:00   6.4915e-01   1.3890e+02   1.1939e+01   0.0000e+00   0.0000e+00   2.6604e+02
20260920_10:00:00   6.5403e-01   1.3964e+02   1.1941e+01   0.0000e+00   0.0000e+00   2.6500e+02
20260920_11:00:00   6.5787e-01   1.4019e+02   1.1938e+01   0.0000e+00   0.0000e+00   2.6434e+02
20260920_12:00:00   6.5613e-01   1.3998e+02   1.1860e+01   0.0000e+00   0.0000e+00   2.6240e+02
20260920_13:00:00   6.5368e-01   1.3963e+02   1.1812e+01   0.0000e+00   0.0000e+00   2.6145e+02
20260920_14:00:00   6.2651e-01   1.3555e+02   1.1427e+01   0.0000e+00   0.0000e+00   2.6204e+02
20260920_15:00:00   5.7130e-01   1.2696e+02   1.0601e+01   0.0000e+00   0.0000e+00   2.6206e+02
20260920_16:00:00   5.2279e-01   1.1896e+02   9.8596e+00   0.0000e+00   0.0000e+00   2.6291e+02
20260920_17:00:00   5.2736e-01   1.1972e+02   9.9460e+00   0.0000e+00   0.0000e+00   2.6233e+02
20260920_18:00:00   5.8482e-01   1.2899e+02   1.0869e+01   0.0000e+00   0.0000e+00   2.6057e+02
20260920_21:00:00   7.2651e-01   1.4960e+02   1.3374e+01   0.0000e+00   4.0100e-03   2.6020e+02
20260921_00:00:00   8.4864e-01   1.6506e+02   1.5554e+01   0.0000e+00   1.2134e-03   2.6106e+02
20260921_03:00:00   9.2612e-01   1.7416e+02   1.6666e+01   1.0166e-03   9.3024e-03   2.5957e+02
20260921_06:00:00   7.5624e-01   1.5371e+02   1.4034e+01   0.0000e+00   1.9839e-03   2.5964e+02
20260921_09:00:00   7.9768e-01   1.5883e+02   1.4526e+01   0.0000e+00   2.5225e-02   2.6145e+02
20260921_12:00:00   6.2833e-01   1.3489e+02   1.2119e+01   0.0000e+00   1.0693e-02   2.6363e+02
20260921_15:00:00   5.6862e-01   1.2530e+02   1.1192e+01   0.0000e+00   8.6477e-05   2.7083e+02
20260921_18:00:00   6.0723e-01   1.3196e+02   1.1326e+01   0.0000e+00   2.0700e-06   2.7486e+02
20260921_21:00:00   5.9443e-01   1.3020e+02   1.1140e+01   0.0000e+00   0.0000e+00   2.6996e+02
20260922_00:00:00   7.4444e-01   1.5186e+02   1.3625e+01   0.0000e+00   0.0000e+00   2.7222e+02
20260922_03:00:00   5.5627e-01   1.2458e+02   1.0297e+01   0.0000e+00   0.0000e+00   2.7402e+02
20260922_06:00:00   4.3424e-01   1.0362e+02   8.2171e+00   0.0000e+00   0.0000e+00   2.7759e+02
20260922_09:00:00   3.6101e-01   8.9363e+01   7.0668e+00   0.0000e+00   0.0000e+00   2.7782e+02
20260922_12:00:00   4.3053e-01   1.0226e+02   8.3197e+00   0.0000e+00   0.0000e+00   2.7656e+02
20260922_15:00:00   6.0870e-01   1.3208e+02   1.1086e+01   0.0000e+00   0.0000e+00   2.7732e+02
20260922_18:00:00   7.4814e-01   1.5195e+02   1.3222e+01   0.0000e+00   0.0000e+00   2.7272e+02
20260922_21:00:00   8.7778e-01   1.6811e+02   1.5409e+01   0.0000e+00   0.0000e+00   2.7017e+02
20260923_00:00:00   9.5686e-01   1.7701e+02   1.6867e+01   1.1904e-03   0.0000e+00   2.6892e+02
20260923_03:00:00   1.1000e+00   1.9067e+02   1.8529e+01   2.1861e-02   1.9266e-04   2.6999e+02
20260923_06:00:00   1.3516e+00   2.1057e+02   2.1171e+01   7.1266e-02   1.7146e-02   2.7202e+02
20260923_09:00:00   1.2037e+00   1.9926e+02   2.1982e+01   0.0000e+00   6.1750e-03   2.7265e+02
20260923_12:00:00   1.2982e+00   2.0701e+02   2.3138e+01   0.0000e+00   2.0043e-03   2.7123e+02
20260923_15:00:00   1.2338e+00   2.0231e+02   2.1840e+01   0.0000e+00   1.8968e-03   2.7453e+02
20260923_18:00:00   1.2434e+00   2.0335e+02   2.1873e+01   0.0000e+00   5.9160e-04   2.7165e+02
20260923_21:00:00   1.3793e+00   2.1419e+02   2.3463e+01   2.4600e-03   1.7464e-04   2.6802e+02
20260924_00:00:00   1.8255e+00   2.3955e+02   2.4725e+01   1.3820e-01   0.0000e+00   2.6682e+02
20260924_03:00:00   1.2694e+00   2.0637e+02   2.1980e+01   2.4700e-04   0.0000e+00   2.6410e+02
20260924_06:00:00   1.2855e+00   2.0745e+02   2.2636e+01   0.0000e+00   0.0000e+00   2.6548e+02
20260924_09:00:00   1.0929e+00   1.9140e+02   1.9384e+01   0.0000e+00   0.0000e+00   2.6391e+02
20260924_12:00:00   1.1261e+00   1.9430e+02   1.9980e+01   0.0000e+00   0.0000e+00   2.6573e+02
20260924_15:00:00   1.1377e+00   1.9529e+02   2.0273e+01   0.0000e+00   0.0000e+00   2.6723e+02
20260924_18:00:00   1.2201e+00   2.0247e+02   2.1337e+01   0.0000e+00   0.0000e+00   2.6912e+02
20260924_21:00:00   1.4809e+00   2.2205e+02   2.4359e+01   1.3726e-02   0.0000e+00   2.6833e+02
20260925_00:00:00   1.5351e+00   2.2559e+02   2.3424e+01   6.1937e-02   2.8041e-04   2.6499e+02
20260925_03:00:00   1.8078e+00   2.3947e+02   2.5504e+01   1.2280e-01   0.0000e+00   2.6663e+02
20260925_06:00:00   1.4972e+00   2.2222e+02   2.5927e+01   0.0000e+00   0.0000e+00   2.6612e+02
20260925_09:00:00   1.2875e+00   2.0791e+02   2.2562e+01   0.0000e+00   0.0000e+00   2.6649e+02
20260925_12:00:00   1.0372e+00   1.8672e+02   1.7940e+01   0.0000e+00   0.0000e+00   2.6733e+02
20260925_15:00:00   1.0976e+00   1.9246e+02   1.8924e+01   0.0000e+00   0.0000e+00   2.6786e+02
20260925_18:00:00   1.2370e+00   2.0486e+02   2.0779e+01   0.0000e+00   0.0000e+00   2.6680e+02
20260925_21:00:00   1.3570e+00   2.1448e+02   2.2762e+01   1.2475e-03   0.0000e+00   2.6573e+02
20260926_00:00:00   1.3607e+00   2.1502e+02   2.2767e+01   0.0000e+00   0.0000e+00   2.6190e+02
20260926_03:00:00   1.1950e+00   2.0179e+02   2.0734e+01   6.3560e-04   1.4908e-05   2.6430e+02
20260926_06:00:00   1.2119e+00   2.0334e+02   2.0685e+01   0.0000e+00   0.0000e+00   2.6431e+02
20260926_09:00:00   1.1501e+00   1.9760e+02   1.9977e+01   0.0000e+00   0.0000e+00   2.6375e+02
20260926_12:00:00   1.1458e+00   1.9689e+02   1.9986e+01   0.0000e+00   0.0000e+00   2.6590e+02
20260926_15:00:00   1.0454e+00   1.8723e+02   1.8484e+01   0.0000e+00   0.0000e+00   2.6745e+02
20260926_18:00:00   9.6956e-01   1.7965e+02   1.7329e+01   0.0000e+00   0.0000e+00   2.6557e+02
20260926_21:00:00   9.9790e-01   1.8271e+02   1.8005e+01   0.0000e+00   0.0000e+00   2.6442e+02
20260927_00:00:00   8.6596e-01   1.6840e+02   1.5992e+01   0.0000e+00   0.0000e+00   2.6410e+02
20260927_03:00:00   7.3088e-01   1.5143e+02   1.4003e+01   0.0000e+00   4.1580e-04   2.6481e+02
20260927_06:00:00   1.0130e+00   1.8449e+02   1.8093e+01   0.0000e+00   1.4939e-03   2.6557e+02
20260927_09:00:00   9.9021e-01   1.8212e+02   1.7757e+01   0.0000e+00   4.5499e-03   2.6357e+02
20260927_12:00:00   9.3841e-01   1.7663e+02   1.6978e+01   0.0000e+00   1.9358e-03   2.6458e+02
20260927_15:00:00   8.6339e-01   1.6840e+02   1.5781e+01   0.0000e+00   1.1651e-03   2.6448e+02
20260927_18:00:00   8.3737e-01   1.6565e+02   1.5277e+01   0.0000e+00   3.4906e-04   2.6472e+02
20260927_21:00:00   8.5907e-01   1.6870e+02   1.5734e+01   0.0000e+00   0.0000e+00   2.6449e+02
20260928_00:00:00   8.0861e-01   1.6248e+02   1.5097e+01   0.0000e+00   1.7638e-06   2.6469e+02
20260928_03:00:00   9.1435e-01   1.7519e+02   1.6693e+01   0.0000e+00   1.6051e-04   2.6024e+02
20260928_06:00:00   9.4578e-01   1.7799e+02   1.7018e+01   0.0000e+00   6.2120e-06   2.6374e+02
20260928_09:00:00   9.4927e-01   1.7788e+02   1.7003e+01   0.0000e+00   0.0000e+00   2.6330e+02
20260928_12:00:00   9.6350e-01   1.7975e+02   1.7033e+01   0.0000e+00   4.6360e-05   2.6468e+02
20260928_15:00:00   8.8162e-01   1.7069e+02   1.5794e+01   0.0000e+00   0.0000e+00   2.6583e+02
20260928_18:00:00   7.1815e-01   1.4991e+02   1.3109e+01   0.0000e+00   0.0000e+00   2.6301e+02
20260928_21:00:00   6.0970e-01   1.3440e+02   1.1428e+01   0.0000e+00   0.0000e+00   2.6122e+02
20260929_00:00:00   4.8077e-01   1.1315e+02   9.3262e+00   0.0000e+00   0.0000e+00   2.6176e+02
20260929_03:00:00   3.4400e-01   8.7315e+01   6.9303e+00   0.0000e+00   0.0000e+00   2.5973e+02
20260929_06:00:00   3.6328e-01   9.1194e+01   7.3427e+00   0.0000e+00   0.0000e+00   2.6210e+02
20260929_09:00:00   4.1374e-01   1.0080e+02   8.2717e+00   0.0000e+00   0.0000e+00   2.6292e+02
20260929_12:00:00   5.4490e-01   1.2359e+02   1.0513e+01   0.0000e+00   0.0000e+00   2.5917e+02
20260929_15:00:00   7.2751e-01   1.5156e+02   1.3442e+01   0.0000e+00   0.0000e+00   2.5928e+02
20260929_18:00:00   1.0028e+00   1.8425e+02   1.7962e+01   0.0000e+00   0.0000e+00   2.5862e+02
20260929_21:00:00   9.0948e-01   1.7379e+02   1.6978e+01   5.1760e-06   0.0000e+00   2.5674e+02
20260930_00:00:00   1.0499e+00   1.8899e+02   1.9127e+01   2.3120e-03   0.0000e+00   2.5420e+02
20260930_03:00:00   2.3599e+00   2.5994e+02   2.4431e+01   3.6659e-01   0.0000e+00   2.5342e+02
20260930_06:00:00   1.5075e+00   2.2462e+02   2.7146e+01   0.0000e+00   7.0540e-07   2.5259e+02
20260930_09:00:00   1.6766e+00   2.3396e+02   2.9751e+01   0.0000e+00   1.7909e-03   2.5294e+02
20260930_12:00:00   1.8080e+00   2.4033e+02   3.1469e+01   0.0000e+00   0.0000e+00   2.5374e+02
20260930_15:00:00   1.8357e+00   2.4180e+02   3.1737e+01   0.0000e+00   0.0000e+00   2.5551e+02
20260930_18:00:00   1.7043e+00   2.3567e+02   3.0030e+01   0.0000e+00   8.2820e-07   2.5389e+02
20260930_21:00:00   1.9277e+00   2.4688e+02   3.2046e+01   2.2980e-02   0.0000e+00   2.5470e+02
20261001_00:00:00   2.4278e+00   2.6319e+02   3.3874e+01   1.7167e-01   1.3986e-04   2.5408e+02
20261001_03:00:00   2.0411e+00   2.5132e+02   3.3215e+01   3.7087e-02   2.5238e-04   2.5438e+02
20261001_06:00:00   1.8966e+00   2.4525e+02   3.3443e+01   0.0000e+00   3.0025e-03   2.5388e+02
20261001_09:00:00   1.8729e+00   2.4400e+02   3.2993e+01   3.5780e-05   1.2612e-03   2.5303e+02
20261001_12:00:00   1.6746e+00   2.3459e+02   2.9699e+01   0.0000e+00   0.0000e+00   2.5427e+02
20261001_15:00:00   1.4965e+00   2.2445e+02   2.6545e+01   0.0000e+00   0.0000e+00   2.5529e+02
20261001_18:00:00   1.4464e+00   2.2147e+02   2.5506e+01   0.0000e+00   0.0000e+00   2.5348e+02
