#            date       tau255        Tb[K]      pwv[mm] lwp[kg*m^-2] iwp[kg*m^-2]       o3[DU]
20260805_00:00:00   4.1589e-02   1.5001e+01   8.2755e-01   0.0000e+00   0.0000e+00   2.6809e+02
20260805_01:00:00   4.1064e-02   1.4852e+01   8.1172e-01   0.0000e+00   0.0000e+00   2.6952e+02
20260805_02:00:00   4.1492e-02   1.4956e+01   8.2190e-01   0.0000e+00   0.0000e+00   2.6704e+02
20260805_03:00:00   4.0673e-02   1.4731e+01   8.0197e-01   0.0000e+00   0.0000e+00   2.6278e+02
20260805_04:00:00   4.0351e-02   1.4638e+01   7.9467e-01   0.0000e+00   0.0000e+00   2.5959e+02
20260805_05:00:00   4.0482e-02   1.4666e+01   7.9722e-01   0.0000e+00   0.0000e+00   2.6112e+02
20260805_06:00:00   4.1454e-02   1.4893e+01   8.2453e-01   0.0000e+00   0.0000e+00   2.6554e+02
20260805_07:00:00   4.0774e-02   1.4727e+01   8.0588e-01   0.0000e+00   0.0000e+00   2.7004e+02
20260805_08:00:00   4.0996e-02   1.4794e+01   8.0996e-01   0.0000e+00   0.0000e+00   2.7314e+02
20260805_09:00:00   4.3157e-02   1.5325e+01   8.7342e-01   0.0000e+00   0.0000e+00   2.7541e+02
20260805_10:00:00   4.3383e-02   1.5399e+01   8.7602e-01   0.0000e+00   0.0000e+00   2.7720e+02
20260805_11:00:00   4.2718e-02   1.5259e+01   8.5400e-01   0.0000e+00   0.0000e+00   2.7619e+02
20260805_12:00:00   4.3058e-02   1.5348e+01   8.6586e-01   0.0000e+00   0.0000e+00   2.7372e+02
20260805_13:00:00   4.3335e-02   1.5407e+01   8.7935e-01   0.0000e+00   0.0000e+00   2.7246e+02
20260805_14:00:00   4.5678e-02   1.5984e+01   9.4553e-01   0.0000e+00   0.0000e+00   2.7139e+02
20260805_15:00:00   4.7503e-02   1.6445e+01   9.9607e-01   0.0000e+00   0.0000e+00   2.6968e+02
20260805_16:00:00   4.7947e-02   1.6571e+01   1.0080e+00   0.0000e+00   0.0000e+00   2.6704e+02
20260805_17:00:00   4.9048e-02   1.6871e+01   1.0385e+00   0.0000e+00   0.0000e+00   2.6513e+02
20260805_18:00:00   5.2067e-02   1.7629e+01   1.1187e+00   0.0000e+00   0.0000e+00   2.6386e+02
20260805_19:00:00   5.3061e-02   1.7908e+01   1.1434e+00   0.0000e+00   0.0000e+00   2.6323e+02
20260805_20:00:00   5.3797e-02   1.8115e+01   1.1586e+00   0.0000e+00   0.0000e+00   2.6205e+02
20260805_21:00:00   5.3916e-02   1.8165e+01   1.1588e+00   0.0000e+00   0.0000e+00   2.6152e+02
20260805_22:00:00   5.2792e-02   1.7890e+01   1.1299e+00   0.0000e+00   0.0000e+00   2.6381e+02
20260805_23:00:00   5.0711e-02   1.7375e+01   1.0801e+00   0.0000e+00   0.0000e+00   2.6429e+02
20260806_00:00:00   5.0945e-02   1.7442e+01   1.0856e+00   0.0000e+00   0.0000e+00   2.6459e+02
20260806_01:00:00   4.9304e-02   1.7035e+01   1.0422e+00   0.0000e+00   0.0000e+00   2.6292e+02
20260806_02:00:00   4.9819e-02   1.7165e+01   1.0580e+00   0.0000e+00   0.0000e+00   2.6041e+02
20260806_03:00:00   5.0249e-02   1.7267e+01   1.0697e+00   0.0000e+00   0.0000e+00   2.6028e+02
20260806_04:00:00   4.8502e-02   1.6850e+01   1.0236e+00   0.0000e+00   0.0000e+00   2.6082e+02
20260806_05:00:00   4.6744e-02   1.6431e+01   9.7719e-01   0.0000e+00   0.0000e+00   2.6142e+02
20260806_06:00:00   4.3953e-02   1.5729e+01   9.0666e-01   0.0000e+00   0.0000e+00   2.6159e+02
20260806_07:00:00   4.0845e-02   1.4938e+01   8.2293e-01   0.0000e+00   0.0000e+00   2.6074e+02
20260806_08:00:00   3.9053e-02   1.4475e+01   7.7490e-01   0.0000e+00   0.0000e+00   2.6079e+02
20260806_09:00:00   3.8268e-02   1.4271e+01   7.5401e-01   0.0000e+00   0.0000e+00   2.6161e+02
20260806_10:00:00   3.8846e-02   1.4419e+01   7.6895e-01   0.0000e+00   0.0000e+00   2.6139e+02
20260806_11:00:00   3.8330e-02   1.4296e+01   7.5384e-01   0.0000e+00   0.0000e+00   2.6273e+02
20260806_12:00:00   3.7149e-02   1.4002e+01   7.2231e-01   0.0000e+00   0.0000e+00   2.6199e+02
20260806_13:00:00   3.5207e-02   1.3496e+01   6.7107e-01   0.0000e+00   0.0000e+00   2.6138e+02
20260806_14:00:00   3.3638e-02   1.3096e+01   6.2734e-01   0.0000e+00   0.0000e+00   2.6213e+02
20260806_15:00:00   3.2921e-02   1.2911e+01   6.0877e-01   0.0000e+00   0.0000e+00   2.6308e+02
20260806_16:00:00   3.2075e-02   1.2693e+01   5.8734e-01   0.0000e+00   0.0000e+00   2.6321e+02
20260806_17:00:00   3.1641e-02   1.2582e+01   5.7535e-01   0.0000e+00   0.0000e+00   2.6152e+02
20260806_18:00:00   3.0708e-02   1.2345e+01   5.4623e-01   0.0000e+00   0.0000e+00   2.6141e+02
20260806_19:00:00   2.9860e-02   1.2127e+01   5.2024e-01   0.0000e+00   0.0000e+00   2.6052e+02
20260806_20:00:00   2.8988e-02   1.1885e+01   4.9461e-01   0.0000e+00   0.0000e+00   2.5899e+02
20260806_21:00:00   2.8994e-02   1.1877e+01   4.9445e-01   0.0000e+00   0.0000e+00   2.5673e+02
20260806_22:00:00   2.9829e-02   1.2103e+01   5.1472e-01   0.0000e+00   0.0000e+00   2.5715e+02
20260806_23:00:00   2.9758e-02   1.2079e+01   5.1118e-01   0.0000e+00   0.0000e+00   2.5776e+02
20260807_00:00:00   2.9993e-02   1.2149e+01   5.1578e-01   0.0000e+00   0.0000e+00   2.5801e+02
20260807_01:00:00   3.0269e-02   1.2230e+01   5.2157e-01   0.0000e+00   0.0000e+00   2.5723e+02
20260807_02:00:00   3.0105e-02   1.2192e+01   5.1666e-01   0.0000e+00   0.0000e+00   2.5795e+02
20260807_03:00:00   2.9912e-02   1.2143e+01   5.1125e-01   0.0000e+00   0.0000e+00   2.5773e+02
20260807_04:00:00   2.9454e-02   1.2015e+01   4.9982e-01   0.0000e+00   0.0000e+00   2.5776e+02
20260807_05:00:00   2.8452e-02   1.1742e+01   4.7523e-01   0.0000e+00   0.0000e+00   2.5745e+02
20260807_06:00:00   2.7463e-02   1.1471e+01   4.4973e-01   0.0000e+00   0.0000e+00   2.5844e+02
20260807_07:00:00   2.5995e-02   1.1080e+01   4.1037e-01   0.0000e+00   0.0000e+00   2.5960e+02
20260807_08:00:00   2.5273e-02   1.0884e+01   3.9107e-01   0.0000e+00   0.0000e+00   2.6015e+02
20260807_09:00:00   2.4227e-02   1.0609e+01   3.6020e-01   0.0000e+00   0.0000e+00   2.6138e+02
20260807_10:00:00   2.3832e-02   1.0498e+01   3.5087e-01   0.0000e+00   0.0000e+00   2.6308e+02
20260807_11:00:00   2.3213e-02   1.0328e+01   3.3353e-01   0.0000e+00   0.0000e+00   2.6388e+02
20260807_12:00:00   2.2769e-02   1.0208e+01   3.2117e-01   0.0000e+00   0.0000e+00   2.6427e+02
20260807_13:00:00   2.2274e-02   1.0071e+01   3.0889e-01   0.0000e+00   0.0000e+00   2.6366e+02
20260807_14:00:00   2.2694e-02   1.0191e+01   3.2038e-01   0.0000e+00   0.0000e+00   2.6317e+02
20260807_15:00:00   2.3651e-02   1.0461e+01   3.4615e-01   0.0000e+00   0.0000e+00   2.6250e+02
20260807_16:00:00   2.4411e-02   1.0675e+01   3.6617e-01   0.0000e+00   0.0000e+00   2.6412e+02
20260807_17:00:00   2.4978e-02   1.0833e+01   3.8273e-01   0.0000e+00   0.0000e+00   2.6451e+02
20260807_18:00:00   2.5695e-02   1.1034e+01   4.0302e-01   0.0000e+00   0.0000e+00   2.6298e+02
20260807_19:00:00   2.6860e-02   1.1359e+01   4.3438e-01   0.0000e+00   0.0000e+00   2.6258e+02
20260807_20:00:00   2.7290e-02   1.1473e+01   4.4641e-01   0.0000e+00   0.0000e+00   2.6234e+02
20260807_21:00:00   2.5939e-02   1.1100e+01   4.1000e-01   0.0000e+00   0.0000e+00   2.6266e+02
20260807_22:00:00   2.3750e-02   1.0494e+01   3.5027e-01   0.0000e+00   0.0000e+00   2.6331e+02
20260807_23:00:00   2.2826e-02   1.0236e+01   3.2481e-01   0.0000e+00   0.0000e+00   2.6219e+02
20260808_00:00:00   2.2619e-02   1.0181e+01   3.1730e-01   0.0000e+00   0.0000e+00   2.6242e+02
20260808_01:00:00   2.2660e-02   1.0191e+01   3.1785e-01   0.0000e+00   0.0000e+00   2.6114e+02
20260808_02:00:00   2.2162e-02   1.0046e+01   3.0497e-01   0.0000e+00   0.0000e+00   2.6085e+02
20260808_03:00:00   2.1695e-02   9.9122e+00   2.9343e-01   0.0000e+00   0.0000e+00   2.6059e+02
20260808_04:00:00   2.1456e-02   9.8457e+00   2.8745e-01   0.0000e+00   0.0000e+00   2.5967e+02
20260808_05:00:00   2.1707e-02   9.9123e+00   2.9564e-01   0.0000e+00   0.0000e+00   2.5923e+02
20260808_06:00:00   2.1713e-02   9.9125e+00   2.9588e-01   0.0000e+00   0.0000e+00   2.6014e+02
20260808_07:00:00   2.1739e-02   9.9197e+00   2.9776e-01   0.0000e+00   0.0000e+00   2.6311e+02
20260808_08:00:00   2.1807e-02   9.9368e+00   3.0046e-01   0.0000e+00   0.0000e+00   2.6455e+02
20260808_09:00:00   2.1956e-02   9.9773e+00   3.0465e-01   0.0000e+00   0.0000e+00   2.6430e+02
20260808_10:00:00   2.2320e-02   1.0076e+01   3.1398e-01   0.0000e+00   0.0000e+00   2.6325e+02
20260808_11:00:00   2.2850e-02   1.0220e+01   3.2767e-01   0.0000e+00   0.0000e+00   2.6147e+02
20260808_12:00:00   2.3361e-02   1.0358e+01   3.4054e-01   0.0000e+00   0.0000e+00   2.6068e+02
20260808_13:00:00   2.3566e-02   1.0411e+01   3.4599e-01   0.0000e+00   0.0000e+00   2.6020e+02
20260808_14:00:00   2.5912e-02   1.1045e+01   4.0863e-01   0.0000e+00   0.0000e+00   2.5809e+02
20260808_15:00:00   2.8275e-02   1.1678e+01   4.7282e-01   0.0000e+00   0.0000e+00   2.5719e+02
20260808_16:00:00   3.0659e-02   1.2305e+01   5.3973e-01   0.0000e+00   0.0000e+00   2.5736e+02
20260808_17:00:00   3.3703e-02   1.3092e+01   6.2630e-01   0.0000e+00   0.0000e+00   2.5714e+02
20260808_18:00:00   3.7534e-02   1.4086e+01   7.3380e-01   0.0000e+00   0.0000e+00   2.5736e+02
20260808_19:00:00   4.0850e-02   1.4941e+01   8.2705e-01   0.0000e+00   0.0000e+00   2.5761e+02
20260808_20:00:00   4.4418e-02   1.5846e+01   9.2514e-01   0.0000e+00   0.0000e+00   2.5782e+02
20260808_21:00:00   4.6299e-02   1.6311e+01   9.7482e-01   0.0000e+00   0.0000e+00   2.5769e+02
20260808_22:00:00   4.8674e-02   1.6892e+01   1.0418e+00   0.0000e+00   0.0000e+00   2.5788e+02
20260808_23:00:00   4.8769e-02   1.6932e+01   1.0382e+00   0.0000e+00   0.0000e+00   2.5756e+02
20260809_00:00:00   4.8629e-02   1.6905e+01   1.0322e+00   0.0000e+00   0.0000e+00   2.5632e+02
20260809_01:00:00   4.8929e-02   1.6985e+01   1.0388e+00   0.0000e+00   0.0000e+00   2.5514e+02
20260809_02:00:00   4.9205e-02   1.7053e+01   1.0449e+00   0.0000e+00   0.0000e+00   2.5469e+02
20260809_03:00:00   5.1540e-02   1.7633e+01   1.1095e+00   0.0000e+00   0.0000e+00   2.5239e+02
20260809_04:00:00   5.2845e-02   1.7953e+01   1.1438e+00   0.0000e+00   0.0000e+00   2.5115e+02
20260809_05:00:00   5.0015e-02   1.7244e+01   1.0697e+00   0.0000e+00   0.0000e+00   2.5217e+02
20260809_06:00:00   4.5193e-02   1.6024e+01   9.4313e-01   0.0000e+00   0.0000e+00   2.5319e+02
20260809_07:00:00   4.1714e-02   1.5131e+01   8.5361e-01   0.0000e+00   0.0000e+00   2.5394e+02
20260809_08:00:00   4.0031e-02   1.4676e+01   8.1465e-01   0.0000e+00   0.0000e+00   2.5350e+02
20260809_09:00:00   3.9321e-02   1.4471e+01   8.0153e-01   0.0000e+00   0.0000e+00   2.5311e+02
20260809_10:00:00   3.8614e-02   1.4288e+01   7.8257e-01   0.0000e+00   0.0000e+00   2.5287e+02
20260809_11:00:00   3.6008e-02   1.3615e+01   7.1037e-01   0.0000e+00   0.0000e+00   2.5426e+02
20260809_12:00:00   3.5916e-02   1.3583e+01   7.0963e-01   0.0000e+00   0.0000e+00   2.5620e+02
20260809_13:00:00   3.8139e-02   1.4169e+01   7.6893e-01   0.0000e+00   0.0000e+00   2.5796e+02
20260809_14:00:00   4.1529e-02   1.5027e+01   8.6241e-01   0.0000e+00   0.0000e+00   2.5997e+02
20260809_15:00:00   4.5114e-02   1.5939e+01   9.5921e-01   0.0000e+00   0.0000e+00   2.6118e+02
20260809_16:00:00   5.0030e-02   1.7169e+01   1.0979e+00   0.0000e+00   0.0000e+00   2.6077e+02
20260809_17:00:00   5.6245e-02   1.8730e+01   1.2685e+00   0.0000e+00   0.0000e+00   2.5913e+02
20260809_18:00:00   5.9611e-02   1.9582e+01   1.3613e+00   0.0000e+00   0.0000e+00   2.5859e+02
20260809_19:00:00   6.6168e-02   2.1164e+01   1.5485e+00   0.0000e+00   0.0000e+00   2.5785e+02
20260809_20:00:00   7.1666e-02   2.2518e+01   1.6972e+00   0.0000e+00   0.0000e+00   2.5776e+02
20260809_21:00:00   7.4090e-02   2.3152e+01   1.7497e+00   0.0000e+00   0.0000e+00   2.5791e+02
20260809_22:00:00   7.9948e-02   2.4568e+01   1.8999e+00   0.0000e+00   0.0000e+00   2.5690e+02
20260809_23:00:00   8.3800e-02   2.5483e+01   1.9951e+00   0.0000e+00   0.0000e+00   2.5593e+02
20260810_00:00:00   9.1626e-02   2.7311e+01   2.1923e+00   0.0000e+00   0.0000e+00   2.5492e+02
20260810_03:00:00   9.8274e-02   2.8920e+01   2.3257e+00   0.0000e+00   0.0000e+00   2.5335e+02
20260810_06:00:00   1.0285e-01   2.9972e+01   2.4536e+00   0.0000e+00   0.0000e+00   2.5255e+02
20260810_09:00:00   1.3470e-01   3.7200e+01   3.2114e+00   0.0000e+00   0.0000e+00   2.5318e+02
20260810_12:00:00   1.7355e-01   4.5777e+01   4.0876e+00   0.0000e+00   8.1740e-04   2.5371e+02
20260810_15:00:00   1.8814e-01   4.8906e+01   4.4218e+00   0.0000e+00   7.9574e-04   2.5418e+02
20260810_18:00:00   2.0898e-01   5.3455e+01   4.9135e+00   0.0000e+00   2.3743e-03   2.5468e+02
20260810_21:00:00   2.4019e-01   5.9829e+01   5.5619e+00   1.1500e-03   5.1334e-02   2.5325e+02
20260811_00:00:00   2.2384e-01   5.6458e+01   5.2409e+00   4.1400e-04   9.9726e-02   2.5216e+02
20260811_03:00:00   2.2867e-01   5.7436e+01   5.2957e+00   0.0000e+00   1.0781e-01   2.5348e+02
20260811_06:00:00   2.6449e-01   6.4854e+01   6.0340e+00   0.0000e+00   8.9085e-03   2.5562e+02
20260811_09:00:00   2.7614e-01   6.7103e+01   6.1379e+00   0.0000e+00   9.2458e-02   2.5693e+02
20260811_12:00:00   2.9055e-01   6.9825e+01   6.5247e+00   0.0000e+00   3.0807e-02   2.5611e+02
20260811_15:00:00   3.1955e-01   7.5269e+01   7.0288e+00   0.0000e+00   1.8449e-01   2.5762e+02
20260811_18:00:00   2.9548e-01   7.1103e+01   6.3155e+00   5.4157e-03   2.3330e-02   2.5414e+02
20260811_21:00:00   2.8440e-01   6.9303e+01   6.1863e+00   0.0000e+00   6.2042e-02   2.5583e+02
20260812_00:00:00   2.0307e-01   5.2772e+01   4.5778e+00   0.0000e+00   6.6790e-03   2.5727e+02
20260812_03:00:00   1.9979e-01   5.2007e+01   4.4965e+00   0.0000e+00   4.2462e-03   2.5705e+02
20260812_06:00:00   2.0682e-01   5.3317e+01   4.6344e+00   0.0000e+00   4.1642e-03   2.6019e+02
20260812_09:00:00   1.9787e-01   5.1266e+01   4.3805e+00   0.0000e+00   1.0865e-03   2.5978e+02
20260812_12:00:00   2.1364e-01   5.4480e+01   4.6609e+00   0.0000e+00   2.2876e-04   2.5964e+02
20260812_15:00:00   1.7477e-01   4.6307e+01   3.7724e+00   0.0000e+00   1.5939e-04   2.5971e+02
20260812_18:00:00   1.7217e-01   4.5601e+01   3.8479e+00   0.0000e+00   1.7387e-05   2.6023e+02
20260812_21:00:00   1.9513e-01   5.0269e+01   4.4169e+00   0.0000e+00   3.0382e-05   2.6008e+02
20260813_00:00:00   1.4698e-01   4.0147e+01   3.2673e+00   0.0000e+00   0.0000e+00   2.6320e+02
20260813_03:00:00   1.3484e-01   3.7443e+01   2.9585e+00   0.0000e+00   0.0000e+00   2.6601e+02
20260813_06:00:00   1.1997e-01   3.4044e+01   2.5945e+00   0.0000e+00   0.0000e+00   2.6530e+02
20260813_09:00:00   1.0033e-01   2.9521e+01   2.1744e+00   0.0000e+00   0.0000e+00   2.6674e+02
20260813_12:00:00   9.7760e-02   2.8950e+01   2.1260e+00   0.0000e+00   0.0000e+00   2.6659e+02
20260813_15:00:00   9.7245e-02   2.8945e+01   2.1175e+00   0.0000e+00   0.0000e+00   2.6417e+02
20260813_18:00:00   8.6839e-02   2.6579e+01   1.9104e+00   0.0000e+00   0.0000e+00   2.6595e+02
20260813_21:00:00   8.0742e-02   2.5131e+01   1.7736e+00   0.0000e+00   1.2350e-05   2.6487e+02
20260814_00:00:00   8.2924e-02   2.5644e+01   1.8070e+00   0.0000e+00   0.0000e+00   2.6331e+02
20260814_03:00:00   9.3260e-02   2.8110e+01   2.0261e+00   0.0000e+00   0.0000e+00   2.6179e+02
20260814_06:00:00   9.3567e-02   2.8134e+01   2.0726e+00   0.0000e+00   0.0000e+00   2.6307e+02
20260814_09:00:00   7.9240e-02   2.4701e+01   1.7448e+00   0.0000e+00   0.0000e+00   2.6383e+02
20260814_12:00:00   6.7440e-02   2.1815e+01   1.4824e+00   0.0000e+00   0.0000e+00   2.6467e+02
20260814_15:00:00   6.9100e-02   2.2278e+01   1.5385e+00   0.0000e+00   0.0000e+00   2.6388e+02
20260814_18:00:00   7.8832e-02   2.4720e+01   1.8030e+00   0.0000e+00   0.0000e+00   2.5818e+02
20260814_21:00:00   7.5450e-02   2.3786e+01   1.7546e+00   0.0000e+00   6.5017e-04   2.5931e+02
20260815_00:00:00   8.1433e-02   2.5265e+01   1.8602e+00   0.0000e+00   5.2020e-06   2.5836e+02
20260815_03:00:00   8.6353e-02   2.6465e+01   1.9593e+00   0.0000e+00   6.2382e-04   2.5761e+02
20260815_06:00:00   7.3878e-02   2.3418e+01   1.6097e+00   0.0000e+00   0.0000e+00   2.5548e+02
20260815_09:00:00   6.3631e-02   2.0785e+01   1.3652e+00   0.0000e+00   0.0000e+00   2.5387e+02
20260815_12:00:00   6.1446e-02   2.0223e+01   1.3219e+00   0.0000e+00   0.0000e+00   2.5515e+02
20260815_15:00:00   6.8523e-02   2.2012e+01   1.4596e+00   0.0000e+00   0.0000e+00   2.5620e+02
20260815_18:00:00   1.1105e-01   3.2143e+01   2.3950e+00   0.0000e+00   0.0000e+00   2.5592e+02
20260815_21:00:00   9.4282e-02   2.8178e+01   1.9637e+00   0.0000e+00   0.0000e+00   2.5918e+02
20260816_00:00:00   5.9213e-02   1.9605e+01   1.1784e+00   0.0000e+00   0.0000e+00   2.6376e+02
20260816_03:00:00   5.2343e-02   1.7873e+01   1.0410e+00   0.0000e+00   0.0000e+00   2.7021e+02
20260816_06:00:00   4.7803e-02   1.6703e+01   9.5066e-01   0.0000e+00   0.0000e+00   2.7145e+02
20260816_09:00:00   4.7711e-02   1.6659e+01   9.3418e-01   0.0000e+00   0.0000e+00   2.7477e+02
20260816_12:00:00   4.9698e-02   1.7137e+01   9.8358e-01   0.0000e+00   0.0000e+00   2.7121e+02
20260816_15:00:00   4.6259e-02   1.6265e+01   9.2663e-01   0.0000e+00   0.0000e+00   2.6590e+02
20260816_18:00:00   5.0348e-02   1.7328e+01   1.0347e+00   0.0000e+00   0.0000e+00   2.6852e+02
20260816_21:00:00   5.5506e-02   1.8629e+01   1.1749e+00   0.0000e+00   0.0000e+00   2.6482e+02
20260817_00:00:00   5.2971e-02   1.7985e+01   1.1088e+00   0.0000e+00   0.0000e+00   2.6546e+02
20260817_03:00:00   4.2979e-02   1.5524e+01   8.4330e-01   0.0000e+00   0.0000e+00   2.6698e+02
20260817_06:00:00   3.7594e-02   1.4155e+01   7.0293e-01   0.0000e+00   0.0000e+00   2.6722e+02
20260817_09:00:00   3.4427e-02   1.3356e+01   6.0991e-01   0.0000e+00   0.0000e+00   2.6970e+02
20260817_12:00:00   3.2558e-02   1.2847e+01   5.6415e-01   0.0000e+00   0.0000e+00   2.6996e+02
20260817_15:00:00   3.7518e-02   1.4178e+01   6.9347e-01   0.0000e+00   0.0000e+00   2.7067e+02
20260817_18:00:00   4.4477e-02   1.6006e+01   8.8626e-01   0.0000e+00   0.0000e+00   2.7028e+02
20260817_21:00:00   4.9631e-02   1.7284e+01   1.0350e+00   0.0000e+00   0.0000e+00   2.7089e+02
20260818_00:00:00   4.7465e-02   1.6694e+01   9.7794e-01   0.0000e+00   0.0000e+00   2.7147e+02
20260818_03:00:00   4.1351e-02   1.5130e+01   8.1237e-01   0.0000e+00   0.0000e+00   2.6850e+02
20260818_06:00:00   3.9161e-02   1.4514e+01   7.6347e-01   0.0000e+00   1.2363e-04   2.7053e+02
20260818_09:00:00   4.3157e-02   1.5528e+01   8.7556e-01   0.0000e+00   2.0940e-03   2.7573e+02
20260818_12:00:00   5.6281e-02   1.8878e+01   1.2186e+00   0.0000e+00   7.6300e-04   2.7688e+02
20260818_15:00:00   7.0216e-02   2.2370e+01   1.5759e+00   0.0000e+00   0.0000e+00   2.7816e+02
20260818_18:00:00   7.3509e-02   2.3200e+01   1.6646e+00   0.0000e+00   0.0000e+00   2.7902e+02
20260818_21:00:00   7.8126e-02   2.4309e+01   1.7900e+00   0.0000e+00   0.0000e+00   2.8182e+02
20260819_00:00:00   6.8978e-02   2.2170e+01   1.5244e+00   0.0000e+00   0.0000e+00   2.8365e+02
20260819_03:00:00   6.0615e-02   2.0105e+01   1.3018e+00   0.0000e+00   0.0000e+00   2.8113e+02
20260819_06:00:00   4.7333e-02   1.6736e+01   9.6796e-01   0.0000e+00   0.0000e+00   2.7992e+02
20260819_09:00:00   5.5685e-02   1.8744e+01   1.2221e+00   0.0000e+00   0.0000e+00   2.8117e+02
20260819_12:00:00   6.8084e-02   2.1715e+01   1.5725e+00   0.0000e+00   0.0000e+00   2.7642e+02
20260819_15:00:00   8.9334e-02   2.6792e+01   2.1463e+00   0.0000e+00   2.8905e-03   2.7114e+02
20260819_18:00:00   9.1736e-02   2.7413e+01   2.2155e+00   0.0000e+00   1.1898e-02   2.6987e+02
20260819_21:00:00   9.6362e-02   2.8497e+01   2.3476e+00   0.0000e+00   1.0850e-03   2.6726e+02
20260820_00:00:00   9.2930e-02   2.7746e+01   2.2420e+00   0.0000e+00   3.7450e-03   2.6702e+02
20260820_03:00:00   8.7497e-02   2.6458e+01   2.1026e+00   0.0000e+00   1.7478e-03   2.6742e+02
20260820_06:00:00   7.8288e-02   2.4258e+01   1.8456e+00   0.0000e+00   1.0436e-05   2.6363e+02
20260820_09:00:00   6.7052e-02   2.1608e+01   1.5240e+00   0.0000e+00   0.0000e+00   2.6537e+02
20260820_12:00:00   6.2871e-02   2.0586e+01   1.4171e+00   0.0000e+00   4.9040e-06   2.7171e+02
20260820_15:00:00   6.8723e-02   2.2018e+01   1.5629e+00   0.0000e+00   1.4090e-05   2.6552e+02
20260820_18:00:00   7.4265e-02   2.3440e+01   1.7031e+00   0.0000e+00   6.3140e-05   2.6061e+02
20260820_21:00:00   7.8787e-02   2.4565e+01   1.8181e+00   0.0000e+00   0.0000e+00   2.6125e+02
20260821_00:00:00   8.2911e-02   2.5558e+01   1.8864e+00   0.0000e+00   9.0665e-05   2.6290e+02
