#            date       tau255        Tb[K]      pwv[mm] lwp[kg*m^-2] iwp[kg*m^-2]       o3[DU]
20260925_00:00:00   6.2662e-02   2.0742e+01   1.4326e+00   0.0000e+00   6.6735e-04   2.6187e+02
20260925_01:00:00   5.6579e-02   1.9180e+01   1.2696e+00   0.0000e+00   9.4677e-04   2.6099e+02
20260925_02:00:00   5.3581e-02   1.8413e+01   1.1841e+00   0.0000e+00   9.8320e-05   2.6035e+02
20260925_03:00:00   5.1822e-02   1.7945e+01   1.1351e+00   0.0000e+00   8.4960e-06   2.5899e+02
20260925_04:00:00   4.9014e-02   1.7212e+01   1.0602e+00   0.0000e+00   0.0000e+00   2.5855e+02
20260925_05:00:00   4.9075e-02   1.7205e+01   1.0609e+00   0.0000e+00   6.5820e-05   2.5755e+02
20260925_06:00:00   4.7389e-02   1.6759e+01   1.0163e+00   0.0000e+00   1.4072e-05   2.5735e+02
20260925_07:00:00   4.4250e-02   1.5928e+01   9.3614e-01   0.0000e+00   2.4585e-05   2.5788e+02
20260925_08:00:00   4.3627e-02   1.5760e+01   9.1901e-01   0.0000e+00   3.7000e-05   2.5803e+02
20260925_09:00:00   4.2794e-02   1.5537e+01   8.9739e-01   0.0000e+00   1.0263e-04   2.5777e+02
20260925_10:00:00   4.3713e-02   1.5774e+01   9.2114e-01   0.0000e+00   5.5415e-05   2.5782e+02
20260925_11:00:00   4.4641e-02   1.6012e+01   9.4651e-01   0.0000e+00   1.1406e-04   2.5699e+02
20260925_12:00:00   4.5170e-02   1.6156e+01   9.6082e-01   0.0000e+00   2.0099e-04   2.5524e+02
20260925_13:00:00   4.6901e-02   1.6614e+01   1.0063e+00   0.0000e+00   1.1038e-04   2.5461e+02
20260925_14:00:00   5.0137e-02   1.7469e+01   1.0902e+00   0.0000e+00   1.6290e-04   2.5402e+02
20260925_15:00:00   5.3449e-02   1.8340e+01   1.1809e+00   0.0000e+00   5.0000e-05   2.5183e+02
20260925_16:00:00   5.8045e-02   1.9503e+01   1.3146e+00   0.0000e+00   7.3080e-05   2.5143e+02
20260925_17:00:00   6.0337e-02   2.0044e+01   1.3929e+00   0.0000e+00   3.2300e-04   2.5112e+02
20260925_18:00:00   5.7992e-02   1.9434e+01   1.3392e+00   0.0000e+00   8.4819e-04   2.5193e+02
20260925_19:00:00   5.6380e-02   1.9016e+01   1.3008e+00   0.0000e+00   6.6298e-04   2.5553e+02
20260925_20:00:00   5.7037e-02   1.9212e+01   1.3178e+00   0.0000e+00   3.8780e-04   2.5734e+02
20260925_21:00:00   6.1081e-02   2.0231e+01   1.4296e+00   0.0000e+00   4.6180e-04   2.5832e+02
20260925_22:00:00   6.3575e-02   2.0905e+01   1.4898e+00   0.0000e+00   1.3377e-03   2.5927e+02
20260925_23:00:00   6.0607e-02   2.0246e+01   1.3880e+00   0.0000e+00   8.6160e-04   2.5883e+02
20260926_00:00:00   5.7010e-02   1.9340e+01   1.2839e+00   0.0000e+00   2.3639e-04   2.5837e+02
20260926_01:00:00   5.4433e-02   1.8664e+01   1.2130e+00   0.0000e+00   1.6931e-04   2.5789e+02
20260926_02:00:00   5.6118e-02   1.9093e+01   1.2541e+00   0.0000e+00   5.8880e-05   2.5766e+02
20260926_03:00:00   5.6169e-02   1.9095e+01   1.2523e+00   0.0000e+00   1.5670e-05   2.5819e+02
20260926_04:00:00   5.4866e-02   1.8746e+01   1.2136e+00   0.0000e+00   0.0000e+00   2.5606e+02
20260926_05:00:00   5.5239e-02   1.8829e+01   1.2192e+00   0.0000e+00   0.0000e+00   2.5456e+02
20260926_06:00:00   5.6127e-02   1.9035e+01   1.2424e+00   0.0000e+00   0.0000e+00   2.5445e+02
20260926_07:00:00   5.7346e-02   1.9307e+01   1.2843e+00   0.0000e+00   0.0000e+00   2.5428e+02
20260926_08:00:00   5.6564e-02   1.9085e+01   1.2711e+00   0.0000e+00   1.9264e-06   2.5387e+02
20260926_09:00:00   5.7737e-02   1.9378e+01   1.3033e+00   0.0000e+00   1.7245e-05   2.5391e+02
20260926_10:00:00   5.6857e-02   1.9173e+01   1.2748e+00   0.0000e+00   1.1338e-04   2.5389e+02
20260926_11:00:00   5.5334e-02   1.8790e+01   1.2370e+00   0.0000e+00   1.4247e-04   2.5280e+02
20260926_12:00:00   5.1049e-02   1.7723e+01   1.1225e+00   0.0000e+00   2.3872e-04   2.5247e+02
20260926_13:00:00   5.0740e-02   1.7665e+01   1.1097e+00   0.0000e+00   8.5360e-05   2.5099e+02
20260926_14:00:00   5.3296e-02   1.8328e+01   1.1778e+00   0.0000e+00   1.5418e-05   2.5260e+02
20260926_15:00:00   5.6342e-02   1.9092e+01   1.2659e+00   0.0000e+00   0.0000e+00   2.5620e+02
20260926_16:00:00   5.7055e-02   1.9261e+01   1.2912e+00   0.0000e+00   0.0000e+00   2.5718e+02
20260926_17:00:00   6.1450e-02   2.0355e+01   1.4163e+00   0.0000e+00   0.0000e+00   2.5733e+02
20260926_18:00:00   7.0643e-02   2.2541e+01   1.6896e+00   0.0000e+00   0.0000e+00   2.5600e+02
20260926_19:00:00   7.9105e-02   2.4512e+01   1.9416e+00   0.0000e+00   2.5500e-05   2.5579e+02
20260926_20:00:00   8.7458e-02   2.6507e+01   2.1851e+00   0.0000e+00   5.7120e-04   2.5782e+02
20260926_21:00:00   1.0197e-01   2.9994e+01   2.5794e+00   0.0000e+00   7.5022e-04   2.5996e+02
20260926_22:00:00   1.0555e-01   3.0951e+01   2.6633e+00   0.0000e+00   3.3373e-03   2.6037e+02
20260926_23:00:00   1.2042e-01   3.4245e+01   3.0523e+00   0.0000e+00   1.0002e-02   2.6122e+02
20260927_00:00:00   1.3667e-01   3.7850e+01   3.4612e+00   0.0000e+00   3.8309e-02   2.6176e+02
20260927_01:00:00   1.8609e-01   4.9071e+01   4.5712e+00   0.0000e+00   1.3033e-01   2.6082e+02
20260927_02:00:00   2.5577e-01   6.3782e+01   6.0284e+00   0.0000e+00   2.3931e-01   2.5901e+02
20260927_03:00:00   2.7239e-01   6.7063e+01   6.3937e+00   0.0000e+00   1.5722e-01   2.5909e+02
20260927_04:00:00   2.5635e-01   6.3738e+01   6.1024e+00   0.0000e+00   8.1560e-02   2.5882e+02
20260927_05:00:00   2.2486e-01   5.7501e+01   5.3949e+00   0.0000e+00   1.1922e-04   2.5893e+02
20260927_06:00:00   2.0504e-01   5.3491e+01   4.9227e+00   0.0000e+00   5.6360e-06   2.5753e+02
20260927_07:00:00   2.0162e-01   5.2821e+01   4.8352e+00   0.0000e+00   0.0000e+00   2.5519e+02
20260927_08:00:00   2.1251e-01   5.5118e+01   5.0377e+00   0.0000e+00   3.0540e-04   2.5352e+02
20260927_09:00:00   1.9190e-01   5.0747e+01   4.5701e+00   0.0000e+00   7.0440e-06   2.5435e+02
20260927_10:00:00   1.7781e-01   4.7668e+01   4.2566e+00   0.0000e+00   0.0000e+00   2.5398e+02
20260927_11:00:00   1.7452e-01   4.6968e+01   4.1706e+00   0.0000e+00   0.0000e+00   2.5381e+02
20260927_12:00:00   1.6958e-01   4.5918e+01   4.0529e+00   0.0000e+00   0.0000e+00   2.5397e+02
20260927_13:00:00   1.6914e-01   4.5893e+01   4.0332e+00   0.0000e+00   0.0000e+00   2.5466e+02
20260927_14:00:00   1.6906e-01   4.5937e+01   4.0227e+00   0.0000e+00   0.0000e+00   2.5557e+02
20260927_15:00:00   1.6352e-01   4.4762e+01   3.8985e+00   0.0000e+00   0.0000e+00   2.5654e+02
20260927_16:00:00   1.6746e-01   4.5569e+01   4.0369e+00   0.0000e+00   0.0000e+00   2.5663e+02
20260927_17:00:00   1.8078e-01   4.8282e+01   4.4441e+00   0.0000e+00   5.2104e-04   2.5656e+02
20260927_18:00:00   1.7473e-01   4.6812e+01   4.3633e+00   2.3607e-04   4.8431e-03   2.5697e+02
20260927_19:00:00   1.4683e-01   4.0653e+01   3.6856e+00   1.8020e-04   1.4963e-03   2.5614e+02
20260927_20:00:00   1.4215e-01   3.9665e+01   3.5679e+00   1.0864e-05   2.2980e-03   2.5607e+02
20260927_21:00:00   1.3496e-01   3.8078e+01   3.3722e+00   0.0000e+00   3.1421e-03   2.5579e+02
20260927_22:00:00   1.3864e-01   3.8868e+01   3.4580e+00   0.0000e+00   9.6001e-04   2.5437e+02
20260927_23:00:00   1.4718e-01   4.0587e+01   3.6678e+00   0.0000e+00   1.7504e-03   2.5314e+02
20260928_00:00:00   1.6156e-01   4.3569e+01   3.9951e+00   3.6780e-05   2.2430e-02   2.5370e+02
20260928_01:00:00   1.7526e-01   4.6597e+01   4.2769e+00   0.0000e+00   4.9378e-02   2.5281e+02
20260928_02:00:00   1.8011e-01   4.7677e+01   4.3636e+00   0.0000e+00   5.7841e-02   2.5285e+02
20260928_03:00:00   1.7658e-01   4.6968e+01   4.2578e+00   0.0000e+00   4.4810e-02   2.5468e+02
20260928_04:00:00   1.6173e-01   4.3902e+01   3.9037e+00   0.0000e+00   3.8740e-04   2.5735e+02
20260928_05:00:00   1.5742e-01   4.2961e+01   3.8018e+00   0.0000e+00   0.0000e+00   2.5748e+02
20260928_06:00:00   1.5113e-01   4.1560e+01   3.6284e+00   0.0000e+00   0.0000e+00   2.5631e+02
20260928_07:00:00   1.4632e-01   4.0505e+01   3.4962e+00   0.0000e+00   0.0000e+00   2.5494e+02
20260928_08:00:00   1.4446e-01   4.0090e+01   3.4515e+00   0.0000e+00   0.0000e+00   2.5458e+02
20260928_09:00:00   1.4550e-01   4.0323e+01   3.4718e+00   0.0000e+00   0.0000e+00   2.5469e+02
20260928_10:00:00   1.5454e-01   4.2293e+01   3.6942e+00   0.0000e+00   0.0000e+00   2.5531e+02
20260928_11:00:00   1.4876e-01   4.1030e+01   3.5533e+00   0.0000e+00   0.0000e+00   2.5581e+02
20260928_12:00:00   1.5022e-01   4.1352e+01   3.5969e+00   0.0000e+00   0.0000e+00   2.5617e+02
20260928_13:00:00   1.5305e-01   4.2068e+01   3.6376e+00   0.0000e+00   0.0000e+00   2.5781e+02
20260928_14:00:00   1.5361e-01   4.2303e+01   3.6356e+00   0.0000e+00   0.0000e+00   2.5868e+02
20260928_15:00:00   1.4791e-01   4.1117e+01   3.5060e+00   0.0000e+00   0.0000e+00   2.5956e+02
20260928_16:00:00   1.6315e-01   4.4313e+01   3.9384e+00   0.0000e+00   0.0000e+00   2.5911e+02
20260928_17:00:00   1.7130e-01   4.5863e+01   4.2438e+00   5.6120e-05   1.4520e-03   2.5856e+02
20260928_18:00:00   1.6710e-01   4.4821e+01   4.1207e+00   1.6821e-03   2.4626e-02   2.5875e+02
20260928_19:00:00   1.7149e-01   4.5849e+01   4.3071e+00   5.5660e-05   3.6933e-02   2.5997e+02
20260928_20:00:00   1.7687e-01   4.7044e+01   4.4275e+00   0.0000e+00   1.5604e-02   2.5995e+02
20260928_21:00:00   1.8367e-01   4.8501e+01   4.5900e+00   0.0000e+00   1.7055e-03   2.6064e+02
20260928_22:00:00   1.7496e-01   4.6623e+01   4.3726e+00   0.0000e+00   1.9062e-03   2.6147e+02
20260928_23:00:00   1.9196e-01   5.0126e+01   4.7150e+00   9.4300e-04   3.1026e-02   2.6185e+02
20260929_00:00:00   1.9339e-01   5.0438e+01   4.7540e+00   6.4040e-05   1.7393e-02   2.6318e+02
20260929_01:00:00   1.8228e-01   4.8039e+01   4.4795e+00   0.0000e+00   5.4642e-03   2.6431e+02
20260929_02:00:00   1.7964e-01   4.7494e+01   4.3977e+00   0.0000e+00   1.8953e-03   2.6407e+02
20260929_03:00:00   1.9184e-01   4.9967e+01   4.6548e+00   5.2740e-04   2.2971e-02   2.6541e+02
20260929_04:00:00   2.1225e-01   5.4134e+01   5.0605e+00   4.7056e-04   1.0137e-01   2.6693e+02
20260929_05:00:00   2.2885e-01   5.7520e+01   5.4007e+00   0.0000e+00   2.2522e-01   2.6836e+02
20260929_06:00:00   2.6660e-01   6.5074e+01   6.1071e+00   0.0000e+00   3.3539e-01   2.7122e+02
20260929_07:00:00   2.9590e-01   7.0645e+01   6.5601e+00   0.0000e+00   5.0157e-01   2.7009e+02
20260929_08:00:00   3.3401e-01   7.7849e+01   7.1941e+00   0.0000e+00   5.5080e-01   2.7121e+02
20260929_09:00:00   3.6058e-01   8.2942e+01   7.6677e+00   0.0000e+00   4.7862e-01   2.7072e+02
20260929_10:00:00   3.7020e-01   8.4543e+01   7.6836e+00   0.0000e+00   7.0095e-01   2.7162e+02
20260929_11:00:00   3.0310e-01   7.2122e+01   6.7000e+00   2.0210e-06   1.8299e-01   2.7107e+02
20260929_12:00:00   2.9915e-01   7.1294e+01   6.6761e+00   4.8390e-06   7.9244e-02   2.7229e+02
20260929_13:00:00   3.1663e-01   7.4483e+01   6.8568e+00   1.8400e-05   3.5003e-01   2.7242e+02
20260929_14:00:00   2.9860e-01   7.1140e+01   6.6168e+00   4.7660e-07   1.3530e-01   2.7279e+02
20260929_15:00:00   2.8370e-01   6.8328e+01   6.3691e+00   7.9840e-05   5.1766e-02   2.7447e+02
20260929_16:00:00   2.8092e-01   6.7711e+01   6.2457e+00   8.3517e-04   1.6565e-01   2.7679e+02
20260929_17:00:00   2.7355e-01   6.6330e+01   6.1560e+00   3.9119e-04   7.8155e-02   2.7818e+02
20260929_18:00:00   2.6584e-01   6.4830e+01   5.9946e+00   4.7464e-04   7.7850e-02   2.7853e+02
20260929_19:00:00   2.3288e-01   5.8178e+01   5.3994e+00   8.1013e-06   8.0778e-02   2.7915e+02
20260929_20:00:00   2.1278e-01   5.4004e+01   5.0090e+00   2.6080e-05   4.5685e-02   2.7989e+02
20260929_21:00:00   1.8894e-01   4.8897e+01   4.5267e+00   6.5710e-05   3.1475e-02   2.7793e+02
20260929_22:00:00   2.0009e-01   5.1136e+01   4.7288e+00   1.1580e-04   6.9559e-02   2.7703e+02
20260929_23:00:00   2.1403e-01   5.4172e+01   5.0379e+00   1.0400e-06   3.9567e-02   2.7663e+02
20260930_00:00:00   2.2301e-01   5.6036e+01   5.1587e+00   0.0000e+00   6.6596e-02   2.7667e+02
20260930_03:00:00   2.1922e-01   5.5166e+01   4.9092e+00   1.3220e-05   1.7796e-01   2.8014e+02
20260930_06:00:00   1.8814e-01   4.8438e+01   4.1970e+00   1.8485e-05   1.9488e-01   2.8573e+02
20260930_09:00:00   1.6563e-01   4.3517e+01   3.7507e+00   0.0000e+00   1.1998e-01   2.8281e+02
20260930_12:00:00   1.5840e-01   4.2240e+01   3.4329e+00   0.0000e+00   2.1501e-02   2.8560e+02
20260930_15:00:00   9.3916e-02   2.7819e+01   1.9921e+00   2.0960e-05   1.3038e-04   2.8733e+02
20260930_18:00:00   1.0624e-01   3.0543e+01   2.3466e+00   0.0000e+00   2.9901e-03   2.8428e+02
20260930_21:00:00   8.6484e-02   2.5927e+01   1.9251e+00   0.0000e+00   8.7436e-04   2.8296e+02
20261001_00:00:00   1.0294e-01   2.9917e+01   2.2813e+00   0.0000e+00   3.2723e-03   2.8144e+02
20261001_03:00:00   1.1534e-01   3.2663e+01   2.5790e+00   0.0000e+00   1.5804e-06   2.7874e+02
20261001_06:00:00   9.1061e-02   2.7244e+01   1.9508e+00   0.0000e+00   0.0000e+00   2.7776e+02
20261001_09:00:00   8.6816e-02   2.6232e+01   1.8471e+00   0.0000e+00   0.0000e+00   2.7766e+02
20261001_12:00:00   7.6521e-02   2.3766e+01   1.6233e+00   0.0000e+00   0.0000e+00   2.7396e+02
20261001_15:00:00   9.4600e-02   2.8090e+01   2.0742e+00   0.0000e+00   0.0000e+00   2.7172e+02
20261001_18:00:00   1.0970e-01   3.1555e+01   2.5292e+00   0.0000e+00   6.2600e-04   2.6952e+02
20261001_21:00:00   1.0093e-01   2.9593e+01   2.3504e+00   0.0000e+00   1.3324e-03   2.6540e+02
20261002_00:00:00   8.3123e-02   2.5555e+01   1.8790e+00   0.0000e+00   0.0000e+00   2.6357e+02
20261002_03:00:00   7.5160e-02   2.3730e+01   1.6544e+00   0.0000e+00   0.0000e+00   2.6320e+02
20261002_06:00:00   6.8844e-02   2.2214e+01   1.4812e+00   0.0000e+00   0.0000e+00   2.6275e+02
20261002_09:00:00   5.6381e-02   1.9050e+01   1.1913e+00   0.0000e+00   0.0000e+00   2.6223e+02
20261002_12:00:00   4.8368e-02   1.6951e+01   1.0189e+00   0.0000e+00   0.0000e+00   2.6259e+02
20261002_15:00:00   5.4436e-02   1.8495e+01   1.1974e+00   0.0000e+00   0.0000e+00   2.6143e+02
20261002_18:00:00   6.3247e-02   2.0631e+01   1.4658e+00   0.0000e+00   0.0000e+00   2.6167e+02
20261002_21:00:00   6.3912e-02   2.0832e+01   1.4673e+00   0.0000e+00   0.0000e+00   2.6412e+02
20261003_00:00:00   8.7810e-02   2.6728e+01   2.0032e+00   0.0000e+00   0.0000e+00   2.6710e+02
20261003_03:00:00   7.5468e-02   2.3629e+01   1.7031e+00   0.0000e+00   0.0000e+00   2.7031e+02
20261003_06:00:00   6.7745e-02   2.1581e+01   1.5206e+00   0.0000e+00   0.0000e+00   2.7179e+02
20261003_09:00:00   6.9584e-02   2.2038e+01   1.5155e+00   0.0000e+00   0.0000e+00   2.7651e+02
20261003_12:00:00   7.0482e-02   2.2256e+01   1.4761e+00   0.0000e+00   0.0000e+00   2.7689e+02
20261003_15:00:00   5.6603e-02   1.8942e+01   1.1550e+00   0.0000e+00   0.0000e+00   2.8460e+02
20261003_18:00:00   6.1947e-02   2.0154e+01   1.3548e+00   0.0000e+00   0.0000e+00   2.8828e+02
20261003_21:00:00   8.0306e-02   2.4655e+01   1.8074e+00   0.0000e+00   8.3540e-03   2.9009e+02
20261004_00:00:00   7.6643e-02   2.3711e+01   1.7214e+00   0.0000e+00   7.6392e-04   2.8859e+02
20261004_03:00:00   8.9672e-02   2.6590e+01   2.0945e+00   0.0000e+00   4.8979e-03   2.8989e+02
20261004_06:00:00   8.7815e-02   2.6404e+01   2.0024e+00   0.0000e+00   7.0915e-05   2.9200e+02
20261004_09:00:00   9.0841e-02   2.7190e+01   2.0597e+00   0.0000e+00   1.1098e-05   2.9958e+02
20261004_12:00:00   1.2077e-01   3.4032e+01   2.8176e+00   0.0000e+00   1.3346e-03   2.9983e+02
20261004_15:00:00   1.2322e-01   3.4525e+01   2.8896e+00   0.0000e+00   5.4081e-02   2.9832e+02
20261004_18:00:00   1.3684e-01   3.7702e+01   3.2254e+00   5.3740e-05   7.4027e-03   2.9080e+02
20261004_21:00:00   1.3714e-01   3.7839e+01   3.1927e+00   0.0000e+00   9.9322e-04   2.9238e+02
20261005_00:00:00   1.5727e-01   4.2245e+01   3.6392e+00   0.0000e+00   1.4788e-03   2.9380e+02
20261005_03:00:00   1.6055e-01   4.2872e+01   3.6072e+00   0.0000e+00   2.3828e-03   2.9430e+02
20261005_06:00:00   1.2735e-01   3.5325e+01   2.8762e+00   0.0000e+00   1.5046e-03   2.9993e+02
20261005_09:00:00   1.1513e-01   3.2408e+01   2.5664e+00   0.0000e+00   1.4948e-03   3.0639e+02
20261005_12:00:00   1.2188e-01   3.3807e+01   2.6793e+00   0.0000e+00   1.0683e-03   3.1535e+02
20261005_15:00:00   1.3635e-01   3.7004e+01   2.8310e+00   3.9920e-03   8.1137e-03   3.2030e+02
20261005_18:00:00   1.5672e-01   4.1403e+01   3.1483e+00   7.9540e-03   1.6441e-02   3.1617e+02
20261005_21:00:00   1.4137e-01   3.8048e+01   3.1075e+00   0.0000e+00   2.0461e-02   3.1475e+02
20261006_00:00:00   1.4402e-01   3.8854e+01   3.1726e+00   0.0000e+00   6.6192e-04   3.1289e+02
20261006_03:00:00   1.2250e-01   3.4255e+01   2.6986e+00   0.0000e+00   2.8320e-03   3.0166e+02
20261006_06:00:00   1.1161e-01   3.1805e+01   2.4915e+00   0.0000e+00   1.0400e-03   2.9337e+02
20261006_09:00:00   1.2929e-01   3.5641e+01   2.9921e+00   0.0000e+00   3.3837e-04   2.8700e+02
20261006_12:00:00   1.4376e-01   3.9040e+01   3.2512e+00   0.0000e+00   0.0000e+00   2.8509e+02
20261006_15:00:00   1.3957e-01   3.8395e+01   3.1214e+00   0.0000e+00   0.0000e+00   2.8095e+02
20261006_18:00:00   1.3266e-01   3.7007e+01   3.0381e+00   0.0000e+00   3.7925e-05   2.7853e+02
20261006_21:00:00   1.0715e-01   3.1260e+01   2.3978e+00   0.0000e+00   0.0000e+00   2.8046e+02
20261007_00:00:00   8.9615e-02   2.7002e+01   2.0081e+00   0.0000e+00   0.0000e+00   2.7971e+02
20261007_03:00:00   6.6557e-02   2.1408e+01   1.4667e+00   0.0000e+00   1.5804e-06   2.7885e+02
20261007_06:00:00   6.6159e-02   2.1252e+01   1.4801e+00   0.0000e+00   0.0000e+00   2.7791e+02
20261007_09:00:00   7.8363e-02   2.4184e+01   1.7866e+00   0.0000e+00   0.0000e+00   2.7322e+02
20261007_12:00:00   7.3847e-02   2.3102e+01   1.6804e+00   0.0000e+00   5.4280e-04   2.7273e+02
20261007_15:00:00   7.5771e-02   2.3716e+01   1.7247e+00   0.0000e+00   2.9760e-05   2.7127e+02
20261007_18:00:00   6.8589e-02   2.2020e+01   1.5724e+00   0.0000e+00   0.0000e+00   2.6941e+02
20261007_21:00:00   6.9037e-02   2.2188e+01   1.5785e+00   0.0000e+00   0.0000e+00   2.6962e+02
20261008_00:00:00   5.8937e-02   1.9701e+01   1.2850e+00   0.0000e+00   0.0000e+00   2.7112e+02
20261008_03:00:00   5.0333e-02   1.7487e+01   1.0514e+00   0.0000e+00   0.0000e+00   2.6800e+02
20261008_06:00:00   4.5910e-02   1.6298e+01   9.3826e-01   0.0000e+00   0.0000e+00   2.6973e+02
20261008_09:00:00   4.0572e-02   1.4896e+01   8.0546e-01   0.0000e+00   0.0000e+00   2.7276e+02
20261008_12:00:00   3.6550e-02   1.3840e+01   7.0418e-01   0.0000e+00   0.0000e+00   2.7174e+02
20261008_15:00:00   4.8443e-02   1.6978e+01   1.0153e+00   0.0000e+00   0.0000e+00   2.6928e+02
20261008_18:00:00   5.1548e-02   1.7706e+01   1.1354e+00   0.0000e+00   0.0000e+00   2.7000e+02
20261008_21:00:00   4.5761e-02   1.6241e+01   9.8349e-01   0.0000e+00   0.0000e+00   2.7072e+02
20261009_00:00:00   3.6932e-02   1.3962e+01   7.2956e-01   0.0000e+00   0.0000e+00   2.6859e+02
20261009_03:00:00   4.3472e-02   1.5669e+01   8.9237e-01   0.0000e+00   0.0000e+00   2.7080e+02
20261009_06:00:00   4.1905e-02   1.5252e+01   8.4659e-01   0.0000e+00   0.0000e+00   2.7279e+02
20261009_09:00:00   4.4085e-02   1.5732e+01   9.1727e-01   0.0000e+00   0.0000e+00   2.7489e+02
20261009_12:00:00   6.6640e-02   2.1177e+01   1.5367e+00   0.0000e+00   0.0000e+00   2.7421e+02
20261009_15:00:00   8.5876e-02   2.5797e+01   2.0320e+00   0.0000e+00   1.4090e-05   2.7295e+02
20261009_18:00:00   1.1839e-01   3.3562e+01   2.8418e+00   3.1860e-04   3.4820e-03   2.7000e+02
20261009_21:00:00   9.3684e-02   2.8223e+01   2.1645e+00   0.0000e+00   0.0000e+00   2.7105e+02
20261010_00:00:00   7.7586e-02   2.4330e+01   1.7263e+00   0.0000e+00   0.0000e+00   2.7327e+02
20261010_03:00:00   1.0095e-01   2.9884e+01   2.2877e+00   0.0000e+00   0.0000e+00   2.7542e+02
20261010_06:00:00   1.3821e-01   3.8288e+01   3.1274e+00   0.0000e+00   0.0000e+00   2.7429e+02
20261010_09:00:00   1.4101e-01   3.8818e+01   3.1563e+00   0.0000e+00   0.0000e+00   2.7394e+02
20261010_12:00:00   1.5180e-01   4.1291e+01   3.3409e+00   0.0000e+00   0.0000e+00   2.7368e+02
20261010_15:00:00   1.4517e-01   3.9702e+01   3.3296e+00   0.0000e+00   4.4342e-04   2.7641e+02
20261010_18:00:00   1.3159e-01   3.6799e+01   3.0425e+00   0.0000e+00   2.3160e-05   2.7601e+02
20261010_21:00:00   1.2716e-01   3.5865e+01   2.8834e+00   0.0000e+00   0.0000e+00   2.7760e+02
20261011_00:00:00   1.1284e-01   3.2506e+01   2.5092e+00   0.0000e+00   0.0000e+00   2.7440e+02
