#            date       tau255        Tb[K]      pwv[mm] lwp[kg*m^-2] iwp[kg*m^-2]       o3[DU]
20260818_00:00:00   2.1508e-01   5.4153e+01   4.9120e+00   0.0000e+00   3.9433e-02   2.6377e+02
20260818_01:00:00   2.4521e-01   5.9962e+01   5.5225e+00   2.8180e-05   1.8439e-01   2.6235e+02
20260818_02:00:00   2.6735e-01   6.4234e+01   5.8688e+00   5.7160e-04   4.5592e-01   2.6007e+02
20260818_03:00:00   2.4860e-01   6.0581e+01   5.5633e+00   0.0000e+00   3.5431e-01   2.6261e+02
20260818_04:00:00   2.0679e-01   5.2125e+01   4.7524e+00   0.0000e+00   2.2555e-01   2.6410e+02
20260818_05:00:00   1.8304e-01   4.7227e+01   4.1536e+00   2.2680e-03   7.9613e-02   2.6604e+02
20260818_06:00:00   1.5904e-01   4.2006e+01   3.6456e+00   2.9213e-05   2.5690e-01   2.6831e+02
20260818_07:00:00   1.1123e-01   3.1307e+01   2.5135e+00   4.0430e-05   2.6830e-01   2.7166e+02
20260818_08:00:00   9.6992e-02   2.8066e+01   2.2211e+00   5.1410e-05   1.2461e-01   2.7277e+02
20260818_09:00:00   8.9974e-02   2.6504e+01   2.0561e+00   7.0640e-04   1.4626e-02   2.7494e+02
20260818_10:00:00   5.5880e-02   1.8370e+01   1.1802e+00   0.0000e+00   7.8372e-02   2.7619e+02
20260818_11:00:00   4.3933e-02   1.5473e+01   8.7162e-01   0.0000e+00   3.1016e-02   2.7676e+02
20260818_12:00:00   3.0502e-02   1.2219e+01   4.8514e-01   0.0000e+00   3.1960e-04   2.7540e+02
20260818_13:00:00   4.0463e-02   1.4624e+01   7.7914e-01   0.0000e+00   1.7904e-02   2.7161e+02
20260818_14:00:00   3.1689e-02   1.2543e+01   5.1111e-01   0.0000e+00   0.0000e+00   2.7140e+02
20260818_15:00:00   3.2319e-02   1.2706e+01   5.3883e-01   0.0000e+00   2.3820e-07   2.6977e+02
20260818_16:00:00   3.8849e-02   1.4315e+01   7.3904e-01   0.0000e+00   4.0835e-03   2.6927e+02
20260818_17:00:00   3.8099e-02   1.4222e+01   7.0266e-01   0.0000e+00   4.7660e-07   2.6979e+02
20260818_18:00:00   3.9478e-02   1.4598e+01   7.3822e-01   0.0000e+00   0.0000e+00   2.7094e+02
20260818_19:00:00   3.9952e-02   1.4750e+01   7.4301e-01   0.0000e+00   0.0000e+00   2.7028e+02
20260818_20:00:00   4.5788e-02   1.6231e+01   8.8225e-01   0.0000e+00   0.0000e+00   2.7066e+02
20260818_21:00:00   5.0022e-02   1.7307e+01   9.7645e-01   0.0000e+00   0.0000e+00   2.6964e+02
20260818_22:00:00   5.5806e-02   1.8728e+01   1.1124e+00   0.0000e+00   0.0000e+00   2.6827e+02
20260818_23:00:00   5.6927e-02   1.9007e+01   1.1388e+00   0.0000e+00   0.0000e+00   2.6909e+02
20260819_00:00:00   5.8568e-02   1.9391e+01   1.1836e+00   0.0000e+00   0.0000e+00   2.6937e+02
20260819_01:00:00   7.5682e-02   2.3488e+01   1.5835e+00   0.0000e+00   0.0000e+00   2.7212e+02
20260819_02:00:00   9.1580e-02   2.7181e+01   1.9330e+00   1.0660e-05   1.3890e-06   2.7502e+02
20260819_03:00:00   1.0051e-01   2.9180e+01   2.1234e+00   1.9270e-05   2.2730e-06   2.7621e+02
20260819_04:00:00   1.0907e-01   3.1066e+01   2.3044e+00   0.0000e+00   8.5210e-06   2.7880e+02
20260819_05:00:00   1.0955e-01   3.1121e+01   2.3122e+00   0.0000e+00   2.1586e-06   2.8134e+02
20260819_06:00:00   1.0518e-01   3.0089e+01   2.2090e+00   0.0000e+00   6.5270e-07   2.8190e+02
20260819_07:00:00   1.0567e-01   3.0099e+01   2.2057e+00   0.0000e+00   4.5770e-07   2.8835e+02
20260819_08:00:00   1.0844e-01   3.0582e+01   2.2687e+00   0.0000e+00   5.1182e-04   2.9461e+02
20260819_09:00:00   1.1162e-01   3.1202e+01   2.3118e+00   3.0040e-04   1.8063e-02   2.9661e+02
20260819_10:00:00   1.1846e-01   3.2636e+01   2.3876e+00   6.3440e-04   1.1921e-01   2.9869e+02
20260819_11:00:00   1.2325e-01   3.3648e+01   2.4410e+00   0.0000e+00   2.0265e-01   3.0494e+02
20260819_12:00:00   1.1706e-01   3.2265e+01   2.2911e+00   0.0000e+00   1.8105e-01   3.1261e+02
20260819_13:00:00   1.0398e-01   2.9285e+01   2.0340e+00   0.0000e+00   1.4668e-01   3.2033e+02
20260819_14:00:00   8.9966e-02   2.6085e+01   1.7619e+00   0.0000e+00   1.1072e-01   3.2099e+02
20260819_15:00:00   8.0940e-02   2.4041e+01   1.5829e+00   0.0000e+00   5.0544e-02   3.2427e+02
20260819_16:00:00   7.3908e-02   2.2437e+01   1.4374e+00   0.0000e+00   6.4160e-03   3.2761e+02
20260819_17:00:00   7.0065e-02   2.1590e+01   1.3396e+00   4.1590e-04   2.1225e-03   3.2902e+02
20260819_18:00:00   8.2445e-02   2.4378e+01   1.3979e+00   6.8740e-03   4.4120e-03   3.2976e+02
20260819_19:00:00   9.1199e-02   2.6409e+01   1.6012e+00   6.4760e-03   1.8046e-02   3.2692e+02
20260819_20:00:00   9.0227e-02   2.6229e+01   1.6730e+00   3.7080e-03   2.3176e-02   3.2480e+02
20260819_21:00:00   8.0456e-02   2.4073e+01   1.6020e+00   0.0000e+00   3.3847e-03   3.1958e+02
20260819_22:00:00   8.2642e-02   2.4617e+01   1.6500e+00   0.0000e+00   2.4052e-04   3.1663e+02
20260819_23:00:00   7.8455e-02   2.3706e+01   1.5713e+00   0.0000e+00   0.0000e+00   3.1065e+02
20260820_00:00:00   7.0817e-02   2.1973e+01   1.4254e+00   0.0000e+00   0.0000e+00   3.0688e+02
20260820_01:00:00   7.3022e-02   2.2544e+01   1.4839e+00   0.0000e+00   0.0000e+00   2.9551e+02
20260820_02:00:00   7.3018e-02   2.2615e+01   1.4801e+00   0.0000e+00   0.0000e+00   2.9286e+02
20260820_03:00:00   6.5476e-02   2.0885e+01   1.3057e+00   0.0000e+00   0.0000e+00   2.9269e+02
20260820_04:00:00   6.2959e-02   2.0276e+01   1.2534e+00   0.0000e+00   0.0000e+00   2.9032e+02
20260820_05:00:00   5.6457e-02   1.8701e+01   1.1155e+00   0.0000e+00   0.0000e+00   2.8864e+02
20260820_06:00:00   5.6434e-02   1.8660e+01   1.1282e+00   0.0000e+00   0.0000e+00   2.8812e+02
20260820_07:00:00   5.7327e-02   1.8838e+01   1.1637e+00   0.0000e+00   0.0000e+00   2.8766e+02
20260820_08:00:00   5.9952e-02   1.9461e+01   1.2422e+00   0.0000e+00   0.0000e+00   2.8563e+02
20260820_09:00:00   6.0232e-02   1.9562e+01   1.2489e+00   0.0000e+00   0.0000e+00   2.8479e+02
20260820_10:00:00   5.6363e-02   1.8658e+01   1.1514e+00   0.0000e+00   0.0000e+00   2.8279e+02
20260820_11:00:00   5.3729e-02   1.8027e+01   1.0860e+00   0.0000e+00   0.0000e+00   2.8214e+02
20260820_12:00:00   5.0002e-02   1.7104e+01   9.9572e-01   0.0000e+00   0.0000e+00   2.8178e+02
20260820_13:00:00   4.8158e-02   1.6661e+01   9.4945e-01   0.0000e+00   0.0000e+00   2.8061e+02
20260820_14:00:00   4.8998e-02   1.6905e+01   9.6639e-01   0.0000e+00   0.0000e+00   2.7922e+02
20260820_15:00:00   4.8064e-02   1.6720e+01   9.3523e-01   0.0000e+00   0.0000e+00   2.7773e+02
20260820_16:00:00   4.7902e-02   1.6695e+01   9.3233e-01   0.0000e+00   0.0000e+00   2.7533e+02
20260820_17:00:00   4.5860e-02   1.6218e+01   8.8075e-01   0.0000e+00   0.0000e+00   2.7342e+02
20260820_18:00:00   4.4928e-02   1.5994e+01   8.5893e-01   0.0000e+00   0.0000e+00   2.7296e+02
20260820_19:00:00   4.3288e-02   1.5590e+01   8.2068e-01   0.0000e+00   0.0000e+00   2.7278e+02
20260820_20:00:00   4.2436e-02   1.5371e+01   8.0247e-01   0.0000e+00   0.0000e+00   2.7375e+02
20260820_21:00:00   4.1164e-02   1.5045e+01   7.7350e-01   0.0000e+00   0.0000e+00   2.7348e+02
20260820_22:00:00   4.0832e-02   1.4954e+01   7.6918e-01   0.0000e+00   0.0000e+00   2.7171e+02
20260820_23:00:00   4.1509e-02   1.5111e+01   7.9140e-01   0.0000e+00   0.0000e+00   2.7088e+02
20260821_00:00:00   4.1459e-02   1.5075e+01   7.9632e-01   0.0000e+00   0.0000e+00   2.7037e+02
20260821_01:00:00   4.0071e-02   1.4732e+01   7.5892e-01   0.0000e+00   0.0000e+00   2.6798e+02
20260821_02:00:00   4.0397e-02   1.4759e+01   7.7930e-01   0.0000e+00   2.8338e-04   2.6831e+02
20260821_03:00:00   4.3956e-02   1.5630e+01   8.8043e-01   0.0000e+00   1.2680e-03   2.6861e+02
20260821_04:00:00   4.9159e-02   1.6899e+01   1.0245e+00   0.0000e+00   7.2220e-04   2.6774e+02
20260821_05:00:00   5.5307e-02   1.8389e+01   1.1914e+00   0.0000e+00   8.8400e-05   2.6767e+02
20260821_06:00:00   5.8137e-02   1.9096e+01   1.2628e+00   0.0000e+00   0.0000e+00   2.6763e+02
20260821_07:00:00   6.1772e-02   1.9975e+01   1.3580e+00   0.0000e+00   0.0000e+00   2.6758e+02
20260821_08:00:00   6.3485e-02   2.0411e+01   1.3970e+00   0.0000e+00   0.0000e+00   2.6627e+02
20260821_09:00:00   6.0749e-02   1.9817e+01   1.3084e+00   0.0000e+00   0.0000e+00   2.6722e+02
20260821_10:00:00   5.6182e-02   1.8758e+01   1.1779e+00   0.0000e+00   0.0000e+00   2.6759e+02
20260821_11:00:00   5.0545e-02   1.7401e+01   1.0246e+00   0.0000e+00   0.0000e+00   2.6651e+02
20260821_12:00:00   4.4642e-02   1.5940e+01   8.6950e-01   0.0000e+00   0.0000e+00   2.6655e+02
20260821_13:00:00   4.1191e-02   1.5054e+01   7.8414e-01   0.0000e+00   0.0000e+00   2.6621e+02
20260821_14:00:00   4.0905e-02   1.4984e+01   7.7459e-01   0.0000e+00   0.0000e+00   2.6751e+02
20260821_15:00:00   4.1557e-02   1.5155e+01   7.9323e-01   0.0000e+00   0.0000e+00   2.6686e+02
20260821_16:00:00   4.4227e-02   1.5829e+01   8.7124e-01   0.0000e+00   0.0000e+00   2.6563e+02
20260821_17:00:00   4.6347e-02   1.6371e+01   9.3114e-01   0.0000e+00   0.0000e+00   2.6523e+02
20260821_18:00:00   4.5286e-02   1.6095e+01   9.1049e-01   0.0000e+00   0.0000e+00   2.6515e+02
20260821_19:00:00   4.2594e-02   1.5392e+01   8.4815e-01   0.0000e+00   0.0000e+00   2.6532e+02
20260821_20:00:00   4.2084e-02   1.5266e+01   8.3700e-01   0.0000e+00   0.0000e+00   2.6314e+02
20260821_21:00:00   4.4282e-02   1.5828e+01   8.9693e-01   0.0000e+00   0.0000e+00   2.6241e+02
20260821_22:00:00   4.8926e-02   1.6998e+01   1.0214e+00   0.0000e+00   0.0000e+00   2.6196e+02
20260821_23:00:00   5.3271e-02   1.8095e+01   1.1335e+00   0.0000e+00   0.0000e+00   2.6220e+02
20260822_00:00:00   5.5413e-02   1.8617e+01   1.1933e+00   0.0000e+00   0.0000e+00   2.6314e+02
20260822_01:00:00   5.5371e-02   1.8598e+01   1.1930e+00   0.0000e+00   0.0000e+00   2.6422e+02
20260822_02:00:00   5.2809e-02   1.7937e+01   1.1323e+00   0.0000e+00   0.0000e+00   2.6399e+02
20260822_03:00:00   4.8774e-02   1.6918e+01   1.0275e+00   0.0000e+00   0.0000e+00   2.6334e+02
20260822_04:00:00   4.7012e-02   1.6463e+01   9.8290e-01   0.0000e+00   0.0000e+00   2.6293e+02
20260822_05:00:00   4.5438e-02   1.6061e+01   9.4306e-01   0.0000e+00   0.0000e+00   2.6270e+02
20260822_06:00:00   4.4163e-02   1.5731e+01   9.0871e-01   0.0000e+00   0.0000e+00   2.6293e+02
20260822_07:00:00   4.2404e-02   1.5289e+01   8.6155e-01   0.0000e+00   0.0000e+00   2.6374e+02
20260822_08:00:00   4.1076e-02   1.4953e+01   8.2581e-01   0.0000e+00   1.5670e-05   2.6626e+02
20260822_09:00:00   4.0777e-02   1.4875e+01   8.1751e-01   0.0000e+00   4.8860e-04   2.6558e+02
20260822_10:00:00   4.0376e-02   1.4776e+01   8.0619e-01   0.0000e+00   1.0712e-04   2.6428e+02
20260822_11:00:00   4.0302e-02   1.4754e+01   8.0434e-01   0.0000e+00   6.7700e-04   2.6715e+02
20260822_12:00:00   3.9840e-02   1.4649e+01   7.8908e-01   0.0000e+00   1.8828e-04   2.6844e+02
20260822_13:00:00   3.9612e-02   1.4605e+01   7.8036e-01   0.0000e+00   0.0000e+00   2.6890e+02
20260822_14:00:00   4.0970e-02   1.4970e+01   8.1326e-01   0.0000e+00   0.0000e+00   2.6959e+02
20260822_15:00:00   4.4239e-02   1.5811e+01   8.9995e-01   0.0000e+00   3.0840e-04   2.6814e+02
20260822_16:00:00   4.6636e-02   1.6450e+01   9.6112e-01   0.0000e+00   2.8160e-04   2.6593e+02
20260822_17:00:00   4.8775e-02   1.7005e+01   1.0183e+00   0.0000e+00   9.7580e-05   2.6437e+02
20260822_18:00:00   5.0193e-02   1.7364e+01   1.0590e+00   0.0000e+00   9.2340e-05   2.6405e+02
20260822_19:00:00   5.2456e-02   1.7945e+01   1.1185e+00   0.0000e+00   6.6860e-04   2.6432e+02
20260822_20:00:00   5.3578e-02   1.8236e+01   1.1446e+00   0.0000e+00   2.2080e-03   2.6308e+02
20260822_21:00:00   5.5172e-02   1.8634e+01   1.1834e+00   0.0000e+00   2.3000e-03   2.6349e+02
20260822_22:00:00   5.1129e-02   1.7641e+01   1.0718e+00   0.0000e+00   1.0696e-04   2.6451e+02
20260822_23:00:00   4.6595e-02   1.6474e+01   9.5326e-01   0.0000e+00   6.6340e-04   2.6446e+02
20260823_00:00:00   4.3772e-02   1.5762e+01   8.7398e-01   0.0000e+00   1.3698e-05   2.6457e+02
20260823_03:00:00   3.7129e-02   1.4036e+01   6.9266e-01   0.0000e+00   5.6980e-06   2.6429e+02
20260823_06:00:00   5.0384e-02   1.7377e+01   1.0408e+00   0.0000e+00   2.1863e-03   2.6274e+02
20260823_09:00:00   5.4172e-02   1.8214e+01   1.1738e+00   0.0000e+00   2.9136e-03   2.6199e+02
20260823_12:00:00   5.0258e-02   1.7275e+01   1.0536e+00   0.0000e+00   4.7420e-06   2.6253e+02
20260823_15:00:00   7.0467e-02   2.2171e+01   1.6007e+00   0.0000e+00   1.5804e-06   2.5924e+02
20260823_18:00:00   1.0299e-01   2.9829e+01   2.4442e+00   0.0000e+00   1.4586e-02   2.5963e+02
20260823_21:00:00   1.0864e-01   3.1198e+01   2.5752e+00   0.0000e+00   6.7057e-03   2.5860e+02
20260824_00:00:00   1.2895e-01   3.5774e+01   3.0601e+00   0.0000e+00   1.5083e-02   2.6073e+02
20260824_03:00:00   1.0947e-01   3.1208e+01   2.6018e+00   0.0000e+00   3.9799e-02   2.6240e+02
20260824_06:00:00   1.1363e-01   3.2062e+01   2.6984e+00   0.0000e+00   4.7302e-02   2.6402e+02
20260824_09:00:00   1.1437e-01   3.2169e+01   2.7369e+00   0.0000e+00   3.9078e-02   2.6119e+02
20260824_12:00:00   1.0653e-01   3.0356e+01   2.5340e+00   0.0000e+00   6.0462e-02   2.5776e+02
20260824_15:00:00   1.0469e-01   2.9967e+01   2.5209e+00   0.0000e+00   3.2922e-02   2.5958e+02
20260824_18:00:00   9.9608e-02   2.8945e+01   2.3056e+00   0.0000e+00   1.1470e-01   2.6024e+02
20260824_21:00:00   8.4809e-02   2.5576e+01   1.9657e+00   0.0000e+00   1.1999e-02   2.5943e+02
20260825_00:00:00   6.9256e-02   2.1997e+01   1.5128e+00   0.0000e+00   1.3576e-03   2.6293e+02
20260825_03:00:00   7.2709e-02   2.3004e+01   1.5132e+00   0.0000e+00   0.0000e+00   2.6211e+02
20260825_06:00:00   7.2567e-02   2.2976e+01   1.5255e+00   0.0000e+00   0.0000e+00   2.5992e+02
20260825_09:00:00   7.7510e-02   2.4133e+01   1.6930e+00   0.0000e+00   0.0000e+00   2.5817e+02
20260825_12:00:00   8.9388e-02   2.6939e+01   2.0474e+00   0.0000e+00   0.0000e+00   2.5696e+02
20260825_15:00:00   8.1725e-02   2.5205e+01   1.8415e+00   0.0000e+00   0.0000e+00   2.5467e+02
20260825_18:00:00   8.0664e-02   2.5016e+01   1.8350e+00   0.0000e+00   0.0000e+00   2.5337e+02
20260825_21:00:00   8.4807e-02   2.6022e+01   1.9672e+00   0.0000e+00   0.0000e+00   2.4986e+02
20260826_00:00:00   8.5373e-02   2.6096e+01   2.0040e+00   0.0000e+00   0.0000e+00   2.4760e+02
20260826_03:00:00   6.6074e-02   2.1376e+01   1.5084e+00   0.0000e+00   0.0000e+00   2.4658e+02
20260826_06:00:00   5.3785e-02   1.8238e+01   1.1963e+00   0.0000e+00   0.0000e+00   2.4356e+02
20260826_09:00:00   4.9408e-02   1.7176e+01   1.0782e+00   0.0000e+00   0.0000e+00   2.4732e+02
20260826_12:00:00   4.7275e-02   1.6623e+01   1.0222e+00   0.0000e+00   0.0000e+00   2.4864e+02
20260826_15:00:00   4.9648e-02   1.7264e+01   1.0831e+00   0.0000e+00   0.0000e+00   2.4877e+02
20260826_18:00:00   6.0224e-02   2.0026e+01   1.3641e+00   0.0000e+00   0.0000e+00   2.4900e+02
20260826_21:00:00   5.3873e-02   1.8454e+01   1.1961e+00   0.0000e+00   0.0000e+00   2.4710e+02
20260827_00:00:00   5.5776e-02   1.8969e+01   1.2363e+00   0.0000e+00   0.0000e+00   2.4472e+02
20260827_03:00:00   5.1737e-02   1.7958e+01   1.1176e+00   0.0000e+00   7.9020e-07   2.4654e+02
20260827_06:00:00   4.8796e-02   1.7162e+01   1.0470e+00   0.0000e+00   0.0000e+00   2.4733e+02
20260827_09:00:00   4.6526e-02   1.6554e+01   9.9221e-01   0.0000e+00   5.6810e-05   2.4479e+02
20260827_12:00:00   4.7222e-02   1.6724e+01   1.0024e+00   0.0000e+00   4.4530e-05   2.4561e+02
20260827_15:00:00   5.5104e-02   1.8709e+01   1.2164e+00   0.0000e+00   1.1272e-05   2.4757e+02
20260827_18:00:00   6.2996e-02   2.0691e+01   1.4374e+00   0.0000e+00   1.2702e-04   2.4334e+02
20260827_21:00:00   6.1435e-02   2.0338e+01   1.3983e+00   0.0000e+00   1.1580e-04   2.4463e+02
20260828_00:00:00   5.9834e-02   1.9958e+01   1.3405e+00   0.0000e+00   1.4609e-04   2.4560e+02
20260828_03:00:00   5.1706e-02   1.7865e+01   1.1181e+00   0.0000e+00   1.9964e-04   2.4355e+02
20260828_06:00:00   4.5770e-02   1.6329e+01   9.6372e-01   0.0000e+00   1.5295e-04   2.4334e+02
20260828_09:00:00   3.9089e-02   1.4619e+01   7.7780e-01   0.0000e+00   6.9375e-05   2.4036e+02
20260828_12:00:00   3.8460e-02   1.4464e+01   7.5782e-01   0.0000e+00   1.7032e-04   2.4313e+02
20260828_15:00:00   4.3920e-02   1.5906e+01   8.9770e-01   0.0000e+00   0.0000e+00   2.4772e+02
20260828_18:00:00   5.1032e-02   1.7739e+01   1.0988e+00   0.0000e+00   3.1340e-05   2.4832e+02
20260828_21:00:00   5.7795e-02   1.9462e+01   1.2824e+00   0.0000e+00   3.6060e-04   2.4811e+02
20260829_00:00:00   5.9580e-02   1.9908e+01   1.3064e+00   0.0000e+00   0.0000e+00   2.4976e+02
20260829_03:00:00   4.9214e-02   1.7219e+01   1.0498e+00   0.0000e+00   0.0000e+00   2.5246e+02
20260829_06:00:00   4.3182e-02   1.5658e+01   8.9005e-01   0.0000e+00   0.0000e+00   2.5611e+02
20260829_09:00:00   5.5884e-02   1.8839e+01   1.2438e+00   0.0000e+00   0.0000e+00   2.5450e+02
20260829_12:00:00   5.1750e-02   1.7799e+01   1.1220e+00   0.0000e+00   0.0000e+00   2.5505e+02
20260829_15:00:00   5.1951e-02   1.7866e+01   1.1313e+00   0.0000e+00   0.0000e+00   2.5660e+02
20260829_18:00:00   7.3306e-02   2.3135e+01   1.7178e+00   0.0000e+00   0.0000e+00   2.5851e+02
20260829_21:00:00   8.5690e-02   2.5964e+01   2.0744e+00   0.0000e+00   0.0000e+00   2.5921e+02
20260830_00:00:00   9.2520e-02   2.7652e+01   2.2485e+00   0.0000e+00   0.0000e+00   2.5805e+02
20260830_03:00:00   8.5945e-02   2.6176e+01   2.0573e+00   0.0000e+00   0.0000e+00   2.5700e+02
20260830_06:00:00   7.7434e-02   2.4172e+01   1.7972e+00   0.0000e+00   0.0000e+00   2.5693e+02
20260830_09:00:00   7.4559e-02   2.3463e+01   1.6998e+00   0.0000e+00   0.0000e+00   2.5857e+02
20260830_12:00:00   7.0198e-02   2.2452e+01   1.5512e+00   0.0000e+00   0.0000e+00   2.5884e+02
20260830_15:00:00   8.0258e-02   2.4964e+01   1.7971e+00   0.0000e+00   0.0000e+00   2.5732e+02
20260830_18:00:00   8.1436e-02   2.5313e+01   1.8499e+00   0.0000e+00   0.0000e+00   2.5705e+02
20260830_21:00:00   8.0526e-02   2.5131e+01   1.8003e+00   0.0000e+00   0.0000e+00   2.5590e+02
20260831_00:00:00   9.3935e-02   2.8294e+01   2.0897e+00   0.0000e+00   0.0000e+00   2.5464e+02
20260831_03:00:00   1.0098e-01   2.9870e+01   2.2130e+00   0.0000e+00   0.0000e+00   2.5461e+02
20260831_06:00:00   8.4996e-02   2.6036e+01   1.8436e+00   0.0000e+00   0.0000e+00   2.5385e+02
20260831_09:00:00   9.1136e-02   2.7354e+01   2.0663e+00   0.0000e+00   0.0000e+00   2.5336e+02
20260831_12:00:00   1.0021e-01   2.9388e+01   2.3412e+00   0.0000e+00   0.0000e+00   2.5450e+02
20260831_15:00:00   1.2007e-01   3.3921e+01   2.8282e+00   0.0000e+00   0.0000e+00   2.5916e+02
20260831_18:00:00   1.3749e-01   3.7763e+01   3.2969e+00   0.0000e+00   1.2928e-04   2.6237e+02
20260831_21:00:00   1.5313e-01   4.1391e+01   3.6298e+00   0.0000e+00   6.4080e-05   2.5936e+02
20260901_00:00:00   1.7129e-01   4.5267e+01   3.9914e+00   4.8009e-04   1.6059e-03   2.5766e+02
20260901_03:00:00   1.6465e-01   4.3712e+01   3.7872e+00   0.0000e+00   1.3280e-04   2.5644e+02
20260901_06:00:00   1.7533e-01   4.5804e+01   3.9723e+00   0.0000e+00   3.1844e-03   2.5663e+02
20260901_09:00:00   1.5421e-01   4.1176e+01   3.4993e+00   0.0000e+00   4.3742e-03   2.6088e+02
20260901_12:00:00   1.0347e-01   3.0139e+01   2.1079e+00   0.0000e+00   0.0000e+00   2.6449e+02
20260901_15:00:00   1.1356e-01   3.2349e+01   2.4134e+00   0.0000e+00   3.3820e-05   2.6570e+02
20260901_18:00:00   1.1868e-01   3.3451e+01   2.4951e+00   0.0000e+00   2.1803e-03   2.6871e+02
20260901_21:00:00   4.8826e-02   1.6942e+01   8.9637e-01   0.0000e+00   0.0000e+00   2.7180e+02
20260902_00:00:00   4.3306e-02   1.5417e+01   8.2108e-01   0.0000e+00   0.0000e+00   2.6941e+02
20260902_03:00:00   5.8639e-02   1.9037e+01   1.2338e+00   0.0000e+00   0.0000e+00   2.6968e+02
20260902_06:00:00   4.6207e-02   1.6044e+01   8.9587e-01   0.0000e+00   0.0000e+00   2.7536e+02
20260902_09:00:00   3.9539e-02   1.4452e+01   6.9694e-01   0.0000e+00   0.0000e+00   2.8272e+02
20260902_12:00:00   3.3759e-02   1.3017e+01   5.4543e-01   0.0000e+00   0.0000e+00   2.8943e+02
20260902_15:00:00   3.1839e-02   1.2561e+01   5.1749e-01   0.0000e+00   0.0000e+00   2.8959e+02
20260902_18:00:00   3.8020e-02   1.4219e+01   6.8897e-01   0.0000e+00   0.0000e+00   2.8928e+02
20260902_21:00:00   3.3494e-02   1.3055e+01   5.5705e-01   0.0000e+00   0.0000e+00   2.8683e+02
20260903_00:00:00   2.3638e-02   1.0387e+01   3.0433e-01   0.0000e+00   0.0000e+00   2.9392e+02
