#            date       tau255        Tb[K]      pwv[mm] lwp[kg*m^-2] iwp[kg*m^-2]       o3[DU]
20260820_12:00:00   3.8152e-02   1.4193e+01   6.9331e-01   0.0000e+00   0.0000e+00   2.7933e+02
20260820_13:00:00   3.4932e-02   1.3391e+01   6.0758e-01   0.0000e+00   0.0000e+00   2.7853e+02
20260820_14:00:00   3.4581e-02   1.3319e+01   5.9443e-01   0.0000e+00   0.0000e+00   2.7678e+02
20260820_15:00:00   3.6023e-02   1.3696e+01   6.3166e-01   0.0000e+00   0.0000e+00   2.7629e+02
20260820_16:00:00   3.9226e-02   1.4519e+01   7.1382e-01   0.0000e+00   0.0000e+00   2.7416e+02
20260820_17:00:00   4.2287e-02   1.5300e+01   7.9652e-01   0.0000e+00   0.0000e+00   2.7264e+02
20260820_18:00:00   4.5613e-02   1.6137e+01   8.8730e-01   0.0000e+00   0.0000e+00   2.7307e+02
20260820_19:00:00   4.4624e-02   1.5910e+01   8.5996e-01   0.0000e+00   0.0000e+00   2.7476e+02
20260820_20:00:00   4.2125e-02   1.5290e+01   7.9565e-01   0.0000e+00   0.0000e+00   2.7249e+02
20260820_21:00:00   4.1516e-02   1.5143e+01   7.7934e-01   0.0000e+00   0.0000e+00   2.7193e+02
20260820_22:00:00   3.8498e-02   1.4378e+01   7.0060e-01   0.0000e+00   0.0000e+00   2.7255e+02
20260820_23:00:00   3.8118e-02   1.4287e+01   6.8899e-01   0.0000e+00   0.0000e+00   2.7271e+02
20260821_00:00:00   3.7220e-02   1.4062e+01   6.6334e-01   0.0000e+00   0.0000e+00   2.7182e+02
20260821_01:00:00   3.5746e-02   1.3685e+01   6.2529e-01   0.0000e+00   0.0000e+00   2.7043e+02
20260821_02:00:00   3.5095e-02   1.3505e+01   6.1220e-01   0.0000e+00   0.0000e+00   2.6960e+02
20260821_03:00:00   3.5315e-02   1.3540e+01   6.2441e-01   0.0000e+00   0.0000e+00   2.7068e+02
20260821_04:00:00   3.5595e-02   1.3592e+01   6.3690e-01   0.0000e+00   0.0000e+00   2.7288e+02
20260821_05:00:00   3.8419e-02   1.4271e+01   7.2461e-01   0.0000e+00   0.0000e+00   2.7306e+02
20260821_06:00:00   4.0559e-02   1.4773e+01   7.9332e-01   0.0000e+00   1.4090e-05   2.7084e+02
20260821_07:00:00   4.3964e-02   1.5613e+01   8.8985e-01   0.0000e+00   0.0000e+00   2.7049e+02
20260821_08:00:00   4.8546e-02   1.6734e+01   1.0174e+00   0.0000e+00   0.0000e+00   2.7101e+02
20260821_09:00:00   5.4455e-02   1.8184e+01   1.1752e+00   0.0000e+00   0.0000e+00   2.7075e+02
20260821_10:00:00   5.4760e-02   1.8294e+01   1.1751e+00   0.0000e+00   0.0000e+00   2.6879e+02
20260821_11:00:00   5.7165e-02   1.8893e+01   1.2355e+00   0.0000e+00   0.0000e+00   2.6853e+02
20260821_12:00:00   6.0551e-02   1.9733e+01   1.3225e+00   0.0000e+00   0.0000e+00   2.6892e+02
20260821_13:00:00   6.0588e-02   1.9770e+01   1.3223e+00   0.0000e+00   0.0000e+00   2.6932e+02
20260821_14:00:00   5.9913e-02   1.9627e+01   1.3002e+00   0.0000e+00   0.0000e+00   2.6844e+02
20260821_15:00:00   6.1179e-02   1.9948e+01   1.3303e+00   0.0000e+00   0.0000e+00   2.6819e+02
20260821_16:00:00   6.1580e-02   2.0071e+01   1.3390e+00   0.0000e+00   0.0000e+00   2.6745e+02
20260821_17:00:00   6.1585e-02   2.0087e+01   1.3430e+00   0.0000e+00   0.0000e+00   2.6724e+02
20260821_18:00:00   5.9918e-02   1.9677e+01   1.3070e+00   0.0000e+00   0.0000e+00   2.6541e+02
20260821_19:00:00   6.1096e-02   1.9951e+01   1.3444e+00   0.0000e+00   0.0000e+00   2.6692e+02
20260821_20:00:00   6.0462e-02   1.9806e+01   1.3277e+00   0.0000e+00   0.0000e+00   2.6753e+02
20260821_21:00:00   6.0267e-02   1.9762e+01   1.3249e+00   0.0000e+00   1.8338e-05   2.6744e+02
20260821_22:00:00   5.8206e-02   1.9265e+01   1.2713e+00   0.0000e+00   2.9760e-05   2.6617e+02
20260821_23:00:00   5.7525e-02   1.9124e+01   1.2463e+00   0.0000e+00   0.0000e+00   2.6548e+02
20260822_00:00:00   5.7032e-02   1.9005e+01   1.2325e+00   0.0000e+00   1.4090e-05   2.6567e+02
20260822_01:00:00   5.6785e-02   1.8942e+01   1.2253e+00   0.0000e+00   0.0000e+00   2.6488e+02
20260822_02:00:00   5.4669e-02   1.8432e+01   1.1635e+00   0.0000e+00   0.0000e+00   2.6514e+02
20260822_03:00:00   5.2388e-02   1.7859e+01   1.1040e+00   0.0000e+00   0.0000e+00   2.6671e+02
20260822_04:00:00   5.1497e-02   1.7632e+01   1.0817e+00   0.0000e+00   0.0000e+00   2.6815e+02
20260822_05:00:00   4.9905e-02   1.7239e+01   1.0396e+00   0.0000e+00   0.0000e+00   2.6725e+02
20260822_06:00:00   4.8537e-02   1.6895e+01   1.0026e+00   0.0000e+00   0.0000e+00   2.6732e+02
20260822_07:00:00   4.7530e-02   1.6646e+01   9.7568e-01   0.0000e+00   0.0000e+00   2.7039e+02
20260822_08:00:00   4.6327e-02   1.6341e+01   9.4406e-01   0.0000e+00   0.0000e+00   2.7084e+02
20260822_09:00:00   4.5589e-02   1.6164e+01   9.1955e-01   0.0000e+00   0.0000e+00   2.7308e+02
20260822_10:00:00   4.4269e-02   1.5844e+01   8.8188e-01   0.0000e+00   0.0000e+00   2.7297e+02
20260822_11:00:00   4.3700e-02   1.5701e+01   8.6606e-01   0.0000e+00   0.0000e+00   2.7218e+02
20260822_12:00:00   4.3084e-02   1.5545e+01   8.4880e-01   0.0000e+00   0.0000e+00   2.7136e+02
20260822_13:00:00   4.2421e-02   1.5384e+01   8.2871e-01   0.0000e+00   0.0000e+00   2.7212e+02
20260822_14:00:00   4.3140e-02   1.5577e+01   8.4543e-01   0.0000e+00   0.0000e+00   2.7230e+02
20260822_15:00:00   4.5561e-02   1.6211e+01   9.0647e-01   0.0000e+00   0.0000e+00   2.7145e+02
20260822_16:00:00   4.5295e-02   1.6133e+01   9.0930e-01   0.0000e+00   0.0000e+00   2.7105e+02
20260822_17:00:00   4.7749e-02   1.6746e+01   9.7918e-01   0.0000e+00   0.0000e+00   2.7046e+02
20260822_18:00:00   4.8316e-02   1.6870e+01   1.0010e+00   0.0000e+00   2.5020e-04   2.7011e+02
20260822_19:00:00   4.9498e-02   1.7158e+01   1.0359e+00   0.0000e+00   1.5736e-04   2.6814e+02
20260822_20:00:00   4.8929e-02   1.7018e+01   1.0191e+00   0.0000e+00   0.0000e+00   2.6577e+02
20260822_21:00:00   4.5619e-02   1.6171e+01   9.3130e-01   0.0000e+00   0.0000e+00   2.6547e+02
20260822_22:00:00   4.2068e-02   1.5275e+01   8.3046e-01   0.0000e+00   3.7320e-05   2.6567e+02
20260822_23:00:00   4.3531e-02   1.5650e+01   8.6295e-01   0.0000e+00   0.0000e+00   2.6537e+02
20260823_00:00:00   4.5572e-02   1.6189e+01   9.1020e-01   0.0000e+00   0.0000e+00   2.6421e+02
20260823_01:00:00   4.7985e-02   1.6805e+01   9.6636e-01   0.0000e+00   0.0000e+00   2.6337e+02
20260823_02:00:00   5.7879e-02   1.9322e+01   1.2016e+00   0.0000e+00   0.0000e+00   2.6298e+02
20260823_03:00:00   6.2365e-02   2.0460e+01   1.2947e+00   0.0000e+00   0.0000e+00   2.6373e+02
20260823_04:00:00   7.4742e-02   2.3518e+01   1.5714e+00   0.0000e+00   0.0000e+00   2.6376e+02
20260823_05:00:00   8.7493e-02   2.6605e+01   1.8503e+00   0.0000e+00   0.0000e+00   2.6439e+02
20260823_06:00:00   9.7615e-02   2.9003e+01   2.0692e+00   0.0000e+00   0.0000e+00   2.6491e+02
20260823_07:00:00   1.0712e-01   3.1203e+01   2.2810e+00   0.0000e+00   0.0000e+00   2.6490e+02
20260823_08:00:00   1.1251e-01   3.2428e+01   2.4047e+00   0.0000e+00   0.0000e+00   2.6472e+02
20260823_09:00:00   1.1361e-01   3.2591e+01   2.4848e+00   0.0000e+00   0.0000e+00   2.6394e+02
20260823_10:00:00   1.1136e-01   3.2048e+01   2.4397e+00   0.0000e+00   0.0000e+00   2.6340e+02
20260823_11:00:00   1.1074e-01   3.1851e+01   2.4463e+00   0.0000e+00   0.0000e+00   2.6442e+02
20260823_12:00:00   1.0836e-01   3.1285e+01   2.4020e+00   0.0000e+00   0.0000e+00   2.6307e+02
20260823_13:00:00   1.0939e-01   3.1476e+01   2.4597e+00   0.0000e+00   0.0000e+00   2.6136e+02
20260823_14:00:00   1.2177e-01   3.4219e+01   2.7967e+00   0.0000e+00   1.8888e-05   2.6097e+02
20260823_15:00:00   1.2625e-01   3.5168e+01   2.9359e+00   0.0000e+00   4.9353e-03   2.6181e+02
20260823_16:00:00   1.3082e-01   3.6166e+01   3.0782e+00   0.0000e+00   1.1340e-02   2.6228e+02
20260823_17:00:00   1.2587e-01   3.5053e+01   2.9767e+00   0.0000e+00   9.2121e-03   2.6166e+02
20260823_18:00:00   1.2751e-01   3.5339e+01   3.0519e+00   0.0000e+00   1.8501e-02   2.6156e+02
20260823_19:00:00   1.3123e-01   3.6133e+01   3.1350e+00   0.0000e+00   3.1234e-02   2.6154e+02
20260823_20:00:00   1.2904e-01   3.5611e+01   3.0747e+00   0.0000e+00   3.0781e-02   2.6239e+02
20260823_21:00:00   1.1622e-01   3.2728e+01   2.7610e+00   0.0000e+00   2.6071e-02   2.6353e+02
20260823_22:00:00   1.0889e-01   3.1112e+01   2.5693e+00   0.0000e+00   1.5465e-02   2.6457e+02
20260823_23:00:00   1.0477e-01   3.0215e+01   2.4225e+00   0.0000e+00   4.2629e-02   2.6446e+02
20260824_00:00:00   1.0521e-01   3.0292e+01   2.3839e+00   0.0000e+00   1.0626e-01   2.6456e+02
20260824_01:00:00   9.7397e-02   2.8561e+01   2.2027e+00   0.0000e+00   3.8599e-02   2.6570e+02
20260824_02:00:00   9.7674e-02   2.8641e+01   2.2142e+00   0.0000e+00   8.1223e-03   2.6501e+02
20260824_03:00:00   1.0203e-01   2.9657e+01   2.3091e+00   0.0000e+00   6.4828e-03   2.6772e+02
20260824_04:00:00   1.0896e-01   3.1259e+01   2.4458e+00   0.0000e+00   1.1828e-02   2.6879e+02
20260824_05:00:00   1.0941e-01   3.1397e+01   2.4450e+00   0.0000e+00   9.1471e-03   2.6857e+02
20260824_06:00:00   1.1499e-01   3.2677e+01   2.5608e+00   0.0000e+00   2.6226e-03   2.6874e+02
20260824_07:00:00   1.2088e-01   3.4005e+01   2.6871e+00   0.0000e+00   8.0562e-03   2.7014e+02
20260824_08:00:00   1.3075e-01   3.6233e+01   2.8793e+00   0.0000e+00   2.9793e-03   2.7334e+02
20260824_09:00:00   1.3561e-01   3.7294e+01   2.9725e+00   0.0000e+00   1.0100e-02   2.7113e+02
20260824_10:00:00   1.3234e-01   3.6585e+01   2.8804e+00   0.0000e+00   6.0884e-03   2.7178e+02
20260824_11:00:00   1.2954e-01   3.5955e+01   2.8138e+00   0.0000e+00   1.5674e-02   2.7143e+02
20260824_12:00:00   1.2496e-01   3.4949e+01   2.7037e+00   0.0000e+00   2.0829e-02   2.7013e+02
20260824_13:00:00   1.2343e-01   3.4651e+01   2.6631e+00   0.0000e+00   1.3018e-02   2.7072e+02
20260824_14:00:00   1.3986e-01   3.8380e+01   3.0007e+00   0.0000e+00   9.6149e-03   2.7019e+02
20260824_15:00:00   1.4439e-01   3.9380e+01   3.1380e+00   0.0000e+00   2.8798e-03   2.6977e+02
20260824_16:00:00   1.5883e-01   4.2499e+01   3.4662e+00   0.0000e+00   8.6560e-04   2.6931e+02
20260824_17:00:00   1.5652e-01   4.2038e+01   3.4265e+00   1.1272e-04   3.0613e-03   2.7029e+02
20260824_18:00:00   1.9740e-01   5.0412e+01   3.7166e+00   1.6322e-02   2.9403e-02   2.7012e+02
20260824_19:00:00   1.9798e-01   5.0594e+01   4.0131e+00   7.8040e-03   1.5586e-01   2.6913e+02
20260824_20:00:00   1.8883e-01   4.8862e+01   4.0923e+00   6.5280e-05   1.0655e-01   2.6825e+02
20260824_21:00:00   1.9581e-01   5.0348e+01   4.2141e+00   0.0000e+00   1.2475e-01   2.6737e+02
20260824_22:00:00   1.9287e-01   4.9711e+01   4.1693e+00   0.0000e+00   6.6979e-02   2.6686e+02
20260824_23:00:00   1.5776e-01   4.2155e+01   3.4916e+00   0.0000e+00   4.5064e-03   2.6838e+02
20260825_00:00:00   1.3783e-01   3.7797e+01   3.0644e+00   0.0000e+00   9.1456e-04   2.6770e+02
20260825_01:00:00   1.3541e-01   3.7264e+01   3.0029e+00   0.0000e+00   4.6511e-04   2.6771e+02
20260825_02:00:00   1.2123e-01   3.4224e+01   2.6294e+00   0.0000e+00   9.0017e-04   2.6907e+02
20260825_03:00:00   1.1241e-01   3.2245e+01   2.4285e+00   0.0000e+00   1.4844e-03   2.6768e+02
20260825_04:00:00   1.0918e-01   3.1547e+01   2.3238e+00   0.0000e+00   1.4309e-03   2.6726e+02
20260825_05:00:00   9.1388e-02   2.7435e+01   1.9074e+00   0.0000e+00   7.1268e-05   2.6692e+02
20260825_06:00:00   7.3737e-02   2.3235e+01   1.5083e+00   0.0000e+00   7.5840e-06   2.6589e+02
20260825_07:00:00   6.8995e-02   2.2053e+01   1.4102e+00   0.0000e+00   0.0000e+00   2.6440e+02
20260825_08:00:00   6.1189e-02   2.0148e+01   1.2296e+00   0.0000e+00   0.0000e+00   2.6439e+02
20260825_09:00:00   5.8412e-02   1.9451e+01   1.1771e+00   0.0000e+00   0.0000e+00   2.6604e+02
20260825_10:00:00   6.3384e-02   2.0669e+01   1.3078e+00   0.0000e+00   0.0000e+00   2.6463e+02
20260825_11:00:00   6.6060e-02   2.1311e+01   1.3758e+00   0.0000e+00   0.0000e+00   2.6489e+02
20260825_12:00:00   6.2916e-02   2.0563e+01   1.3010e+00   0.0000e+00   0.0000e+00   2.6439e+02
20260825_15:00:00   6.8599e-02   2.2057e+01   1.4410e+00   0.0000e+00   0.0000e+00   2.6074e+02
20260825_18:00:00   8.0957e-02   2.5054e+01   1.8135e+00   0.0000e+00   0.0000e+00   2.5751e+02
20260825_21:00:00   9.8613e-02   2.9303e+01   2.2724e+00   0.0000e+00   0.0000e+00   2.5512e+02
20260826_00:00:00   1.0191e-01   3.0076e+01   2.3448e+00   0.0000e+00   0.0000e+00   2.5229e+02
20260826_03:00:00   8.7281e-02   2.6650e+01   1.9680e+00   0.0000e+00   0.0000e+00   2.5246e+02
20260826_06:00:00   6.7547e-02   2.1802e+01   1.4982e+00   0.0000e+00   0.0000e+00   2.4915e+02
20260826_09:00:00   5.8086e-02   1.9364e+01   1.2833e+00   0.0000e+00   0.0000e+00   2.4977e+02
20260826_12:00:00   5.2863e-02   1.8013e+01   1.1658e+00   0.0000e+00   1.5804e-06   2.4802e+02
20260826_15:00:00   5.9574e-02   1.9742e+01   1.3405e+00   0.0000e+00   0.0000e+00   2.5032e+02
20260826_18:00:00   6.3722e-02   2.0805e+01   1.4651e+00   0.0000e+00   8.6240e-06   2.5125e+02
20260826_21:00:00   6.4522e-02   2.1028e+01   1.4827e+00   0.0000e+00   0.0000e+00   2.4801e+02
20260827_00:00:00   7.0938e-02   2.2701e+01   1.6234e+00   0.0000e+00   0.0000e+00   2.4750e+02
20260827_03:00:00   7.1245e-02   2.2794e+01   1.6137e+00   0.0000e+00   0.0000e+00   2.4887e+02
20260827_06:00:00   6.5117e-02   2.1278e+01   1.4404e+00   0.0000e+00   0.0000e+00   2.4855e+02
20260827_09:00:00   6.0185e-02   2.0026e+01   1.3088e+00   0.0000e+00   2.1300e-04   2.4831e+02
20260827_12:00:00   5.1769e-02   1.7887e+01   1.1011e+00   0.0000e+00   1.9194e-04   2.5060e+02
20260827_15:00:00   5.1287e-02   1.7791e+01   1.0903e+00   0.0000e+00   4.7840e-04   2.4966e+02
20260827_18:00:00   5.3185e-02   1.8298e+01   1.1561e+00   0.0000e+00   1.5872e-04   2.4763e+02
20260827_21:00:00   6.2841e-02   2.0733e+01   1.4189e+00   0.0000e+00   3.9060e-05   2.4943e+02
20260828_00:00:00   4.7160e-02   1.6768e+01   9.9314e-01   0.0000e+00   6.4960e-05   2.4778e+02
20260828_03:00:00   3.6737e-02   1.4004e+01   7.1974e-01   0.0000e+00   0.0000e+00   2.4718e+02
20260828_06:00:00   3.3891e-02   1.3213e+01   6.5044e-01   0.0000e+00   0.0000e+00   2.4765e+02
20260828_09:00:00   3.5695e-02   1.3693e+01   6.9765e-01   0.0000e+00   0.0000e+00   2.4829e+02
20260828_12:00:00   3.8581e-02   1.4446e+01   7.7843e-01   0.0000e+00   0.0000e+00   2.4815e+02
20260828_15:00:00   4.3731e-02   1.5783e+01   9.2513e-01   0.0000e+00   0.0000e+00   2.5182e+02
20260828_18:00:00   5.7171e-02   1.9219e+01   1.2897e+00   0.0000e+00   0.0000e+00   2.5134e+02
20260828_21:00:00   6.6199e-02   2.1471e+01   1.5301e+00   0.0000e+00   0.0000e+00   2.5114e+02
20260829_00:00:00   7.4746e-02   2.3617e+01   1.7248e+00   0.0000e+00   0.0000e+00   2.5077e+02
20260829_03:00:00   6.4633e-02   2.1118e+01   1.4556e+00   0.0000e+00   1.6456e-06   2.4826e+02
20260829_06:00:00   7.2173e-02   2.2957e+01   1.6479e+00   0.0000e+00   5.1476e-06   2.5281e+02
20260829_09:00:00   6.7485e-02   2.1772e+01   1.5267e+00   0.0000e+00   2.0361e-04   2.5124e+02
20260829_12:00:00   6.4808e-02   2.1055e+01   1.4666e+00   0.0000e+00   2.3976e-03   2.5422e+02
20260829_15:00:00   7.3125e-02   2.3118e+01   1.6924e+00   0.0000e+00   2.3700e-05   2.5322e+02
20260829_18:00:00   9.9311e-02   2.9373e+01   2.3839e+00   0.0000e+00   5.6040e-05   2.5573e+02
20260829_21:00:00   1.3600e-01   3.7800e+01   3.3297e+00   0.0000e+00   4.7650e-07   2.5055e+02
20260830_00:00:00   1.4970e-01   4.1039e+01   3.6469e+00   0.0000e+00   0.0000e+00   2.5233e+02
20260830_03:00:00   1.3179e-01   3.7141e+01   3.1948e+00   0.0000e+00   0.0000e+00   2.5676e+02
20260830_06:00:00   1.3122e-01   3.6873e+01   3.1707e+00   0.0000e+00   1.8186e-06   2.5902e+02
20260830_09:00:00   1.3407e-01   3.7434e+01   3.2216e+00   0.0000e+00   0.0000e+00   2.5851e+02
20260830_12:00:00   1.2857e-01   3.6207e+01   3.0592e+00   0.0000e+00   0.0000e+00   2.5591e+02
20260830_15:00:00   1.2069e-01   3.4468e+01   2.8439e+00   0.0000e+00   0.0000e+00   2.5682e+02
20260830_18:00:00   1.1339e-01   3.2841e+01   2.6920e+00   0.0000e+00   0.0000e+00   2.5525e+02
20260830_21:00:00   1.1323e-01   3.2971e+01   2.6238e+00   0.0000e+00   0.0000e+00   2.5665e+02
20260831_00:00:00   1.0537e-01   3.1231e+01   2.3712e+00   0.0000e+00   0.0000e+00   2.5701e+02
20260831_03:00:00   9.5245e-02   2.8827e+01   2.0915e+00   0.0000e+00   0.0000e+00   2.6115e+02
20260831_06:00:00   8.0387e-02   2.5203e+01   1.7428e+00   0.0000e+00   0.0000e+00   2.5935e+02
20260831_09:00:00   6.5423e-02   2.1458e+01   1.4064e+00   0.0000e+00   0.0000e+00   2.5857e+02
20260831_12:00:00   5.9945e-02   2.0032e+01   1.2921e+00   0.0000e+00   2.9140e-06   2.5808e+02
20260831_15:00:00   5.9043e-02   1.9811e+01   1.2976e+00   0.0000e+00   6.9560e-05   2.6271e+02
20260831_18:00:00   6.6569e-02   2.1761e+01   1.5112e+00   0.0000e+00   1.0740e-04   2.6248e+02
20260831_21:00:00   6.4945e-02   2.1358e+01   1.4775e+00   0.0000e+00   5.8180e-05   2.6170e+02
20260901_00:00:00   6.5429e-02   2.1454e+01   1.4666e+00   0.0000e+00   0.0000e+00   2.6186e+02
20260901_03:00:00   5.3624e-02   1.8435e+01   1.1680e+00   0.0000e+00   0.0000e+00   2.5877e+02
20260901_06:00:00   3.9962e-02   1.4873e+01   8.1786e-01   0.0000e+00   0.0000e+00   2.5723e+02
20260901_09:00:00   3.6241e-02   1.3880e+01   7.1165e-01   0.0000e+00   6.8020e-06   2.5766e+02
20260901_12:00:00   3.6085e-02   1.3838e+01   7.0538e-01   0.0000e+00   8.2360e-05   2.5758e+02
20260901_15:00:00   3.8164e-02   1.4423e+01   7.6351e-01   0.0000e+00   0.0000e+00   2.5990e+02
20260901_18:00:00   5.1287e-02   1.7928e+01   1.1096e+00   0.0000e+00   0.0000e+00   2.5639e+02
20260901_21:00:00   5.9858e-02   2.0085e+01   1.3426e+00   0.0000e+00   0.0000e+00   2.5545e+02
20260902_00:00:00   4.9812e-02   1.7536e+01   1.0625e+00   0.0000e+00   0.0000e+00   2.5231e+02
20260902_03:00:00   6.9930e-02   2.2508e+01   1.6253e+00   0.0000e+00   0.0000e+00   2.5300e+02
20260902_06:00:00   9.4471e-02   2.8419e+01   2.2553e+00   0.0000e+00   0.0000e+00   2.5378e+02
20260902_09:00:00   1.1446e-01   3.3154e+01   2.7355e+00   0.0000e+00   5.6360e-06   2.5499e+02
20260902_12:00:00   1.2708e-01   3.6161e+01   2.9759e+00   0.0000e+00   1.6458e-04   2.5238e+02
20260902_15:00:00   1.5808e-01   4.3249e+01   3.6855e+00   0.0000e+00   1.9734e-04   2.5055e+02
20260902_18:00:00   1.8283e-01   4.8713e+01   4.3062e+00   0.0000e+00   3.5110e-04   2.5064e+02
20260902_21:00:00   1.4943e-01   4.1383e+01   3.5200e+00   0.0000e+00   3.0680e-04   2.5069e+02
20260903_00:00:00   1.2766e-01   3.6359e+01   3.0086e+00   0.0000e+00   4.0320e-04   2.5124e+02
20260903_03:00:00   1.3235e-01   3.7392e+01   3.1392e+00   0.0000e+00   1.5393e-03   2.5022e+02
20260903_06:00:00   1.3433e-01   3.7817e+01   3.1698e+00   0.0000e+00   9.0262e-04   2.4885e+02
20260903_09:00:00   1.3809e-01   3.8689e+01   3.1969e+00   0.0000e+00   4.2980e-05   2.4939e+02
20260903_12:00:00   1.5103e-01   4.1571e+01   3.4627e+00   0.0000e+00   3.4720e-05   2.5022e+02
20260903_15:00:00   1.5108e-01   4.1702e+01   3.4607e+00   0.0000e+00   4.1140e-06   2.5242e+02
20260903_18:00:00   1.7984e-01   4.7953e+01   4.2162e+00   0.0000e+00   2.6443e-04   2.5253e+02
20260903_21:00:00   1.4610e-01   4.0616e+01   3.4470e+00   0.0000e+00   6.1040e-05   2.4854e+02
20260904_00:00:00   1.1443e-01   3.3336e+01   2.6968e+00   0.0000e+00   4.9077e-04   2.4889e+02
20260904_03:00:00   1.2451e-01   3.5507e+01   3.0151e+00   0.0000e+00   8.6200e-05   2.4971e+02
20260904_06:00:00   1.6221e-01   4.3796e+01   3.9092e+00   0.0000e+00   3.5580e-05   2.5128e+02
20260904_09:00:00   1.8318e-01   4.8245e+01   4.3402e+00   0.0000e+00   0.0000e+00   2.5078e+02
20260904_12:00:00   1.8159e-01   4.8007e+01   4.2659e+00   0.0000e+00   0.0000e+00   2.5131e+02
20260904_15:00:00   1.9625e-01   5.1267e+01   4.6495e+00   0.0000e+00   0.0000e+00   2.5123e+02
20260904_18:00:00   2.2218e-01   5.6656e+01   5.3059e+00   1.0514e-04   9.7562e-04   2.5235e+02
20260904_21:00:00   2.1738e-01   5.5666e+01   5.2760e+00   0.0000e+00   4.3566e-03   2.5374e+02
20260905_00:00:00   2.0843e-01   5.3719e+01   5.0647e+00   0.0000e+00   3.3980e-05   2.5429e+02
20260905_03:00:00   2.2201e-01   5.6418e+01   5.3097e+00   0.0000e+00   4.2616e-03   2.5216e+02
20260905_06:00:00   2.2645e-01   5.7313e+01   5.3179e+00   0.0000e+00   1.1583e-04   2.5280e+02
20260905_09:00:00   2.2114e-01   5.6174e+01   5.1849e+00   0.0000e+00   2.9797e-03   2.5424e+02
20260905_12:00:00   1.9983e-01   5.1744e+01   4.6737e+00   0.0000e+00   6.3640e-03   2.5658e+02
