#            date       tau255        Tb[K]      pwv[mm] lwp[kg*m^-2] iwp[kg*m^-2]       o3[DU]
20260930_00:00:00   2.1797e-01   5.5055e+01   5.0424e+00   0.0000e+00   4.4106e-02   2.7345e+02
20260930_01:00:00   2.1921e-01   5.5308e+01   5.0352e+00   0.0000e+00   2.3995e-02   2.7535e+02
20260930_02:00:00   2.2081e-01   5.5553e+01   5.0541e+00   0.0000e+00   2.8200e-02   2.7686e+02
20260930_03:00:00   2.5072e-01   6.1439e+01   5.5590e+00   0.0000e+00   1.7188e-01   2.7672e+02
20260930_04:00:00   2.0462e-01   5.1977e+01   4.7032e+00   0.0000e+00   8.8292e-02   2.7758e+02
20260930_05:00:00   1.6041e-01   4.2390e+01   3.7772e+00   0.0000e+00   8.3791e-02   2.7576e+02
20260930_06:00:00   1.3112e-01   3.5811e+01   3.0498e+00   0.0000e+00   1.8757e-01   2.7741e+02
20260930_07:00:00   1.0836e-01   3.0657e+01   2.5444e+00   0.0000e+00   1.1376e-01   2.7914e+02
20260930_08:00:00   1.1064e-01   3.1134e+01   2.6419e+00   0.0000e+00   6.7187e-02   2.7886e+02
20260930_09:00:00   1.1802e-01   3.2835e+01   2.7840e+00   0.0000e+00   8.9140e-02   2.8127e+02
20260930_10:00:00   1.1325e-01   3.1808e+01   2.6609e+00   0.0000e+00   6.0644e-02   2.8221e+02
20260930_11:00:00   1.0678e-01   3.0365e+01   2.5262e+00   0.0000e+00   2.5263e-02   2.8272e+02
20260930_12:00:00   1.1282e-01   3.1767e+01   2.6701e+00   0.0000e+00   2.4805e-02   2.8242e+02
20260930_13:00:00   1.0620e-01   3.0355e+01   2.5163e+00   0.0000e+00   6.6763e-03   2.8135e+02
20260930_14:00:00   9.5937e-02   2.8056e+01   2.2489e+00   0.0000e+00   1.1319e-03   2.8434e+02
20260930_15:00:00   1.0102e-01   2.9261e+01   2.3627e+00   0.0000e+00   1.9368e-03   2.8358e+02
20260930_16:00:00   9.4478e-02   2.7829e+01   2.1752e+00   0.0000e+00   4.4276e-04   2.8434e+02
20260930_17:00:00   9.1961e-02   2.7238e+01   2.1328e+00   0.0000e+00   5.6360e-05   2.8479e+02
20260930_18:00:00   9.8810e-02   2.8817e+01   2.2991e+00   0.0000e+00   1.5688e-04   2.8451e+02
20260930_19:00:00   1.0281e-01   2.9805e+01   2.3852e+00   0.0000e+00   1.5534e-03   2.8312e+02
20260930_20:00:00   9.9111e-02   2.8983e+01   2.2878e+00   0.0000e+00   8.2260e-04   2.8365e+02
20260930_21:00:00   9.4577e-02   2.7819e+01   2.2183e+00   0.0000e+00   1.4499e-03   2.8442e+02
20260930_22:00:00   1.0145e-01   2.9547e+01   2.3454e+00   0.0000e+00   3.6256e-04   2.8428e+02
20260930_23:00:00   1.2290e-01   3.4625e+01   2.8098e+00   0.0000e+00   5.8658e-05   2.8416e+02
20261001_00:00:00   1.2565e-01   3.5176e+01   2.9009e+00   0.0000e+00   9.7472e-04   2.8222e+02
20261001_01:00:00   1.3019e-01   3.6256e+01   2.9609e+00   0.0000e+00   1.2474e-04   2.8206e+02
20261001_02:00:00   1.2865e-01   3.5905e+01   2.9177e+00   0.0000e+00   1.8319e-04   2.7903e+02
20261001_03:00:00   1.1965e-01   3.3906e+01   2.6956e+00   0.0000e+00   3.1370e-05   2.7785e+02
20261001_04:00:00   1.0819e-01   3.1336e+01   2.4059e+00   0.0000e+00   0.0000e+00   2.7783e+02
20261001_05:00:00   9.8205e-02   2.9057e+01   2.1587e+00   0.0000e+00   0.0000e+00   2.7850e+02
20261001_06:00:00   9.5073e-02   2.8323e+01   2.0787e+00   0.0000e+00   0.0000e+00   2.7751e+02
20261001_07:00:00   8.4506e-02   2.5831e+01   1.8276e+00   0.0000e+00   0.0000e+00   2.7776e+02
20261001_08:00:00   8.2344e-02   2.5305e+01   1.7758e+00   0.0000e+00   0.0000e+00   2.7821e+02
20261001_09:00:00   8.3163e-02   2.5486e+01   1.7942e+00   0.0000e+00   0.0000e+00   2.7801e+02
20261001_10:00:00   8.4321e-02   2.5758e+01   1.8208e+00   0.0000e+00   0.0000e+00   2.7891e+02
20261001_11:00:00   8.6545e-02   2.6257e+01   1.8821e+00   0.0000e+00   0.0000e+00   2.7876e+02
20261001_12:00:00   8.3590e-02   2.5589e+01   1.8060e+00   0.0000e+00   0.0000e+00   2.7835e+02
20261001_13:00:00   8.4489e-02   2.5824e+01   1.8284e+00   0.0000e+00   0.0000e+00   2.7666e+02
20261001_14:00:00   8.9424e-02   2.7004e+01   1.9636e+00   0.0000e+00   0.0000e+00   2.7660e+02
20261001_15:00:00   9.3201e-02   2.7841e+01   2.0943e+00   0.0000e+00   0.0000e+00   2.7510e+02
20261001_16:00:00   9.7017e-02   2.8629e+01   2.2265e+00   0.0000e+00   0.0000e+00   2.7305e+02
20261001_17:00:00   9.0846e-02   2.7148e+01   2.0954e+00   0.0000e+00   1.0878e-04   2.7113e+02
20261001_18:00:00   8.9998e-02   2.6928e+01   2.0935e+00   2.8640e-05   2.6761e-04   2.6853e+02
20261001_19:00:00   9.2432e-02   2.7486e+01   2.1767e+00   7.9020e-07   2.5000e-04   2.6753e+02
20261001_20:00:00   1.0005e-01   2.9198e+01   2.3891e+00   0.0000e+00   1.5216e-03   2.6686e+02
20261001_21:00:00   1.0017e-01   2.9309e+01   2.3906e+00   0.0000e+00   1.0706e-03   2.6680e+02
20261001_22:00:00   9.7352e-02   2.8789e+01   2.2899e+00   0.0000e+00   7.8071e-04   2.6706e+02
20261001_23:00:00   8.9217e-02   2.6899e+01   2.0858e+00   0.0000e+00   5.3381e-05   2.6626e+02
20261002_00:00:00   8.6432e-02   2.6266e+01   2.0169e+00   0.0000e+00   0.0000e+00   2.6646e+02
20261002_01:00:00   8.7450e-02   2.6542e+01   2.0359e+00   0.0000e+00   0.0000e+00   2.6646e+02
20261002_02:00:00   8.8561e-02   2.6857e+01   2.0421e+00   0.0000e+00   0.0000e+00   2.6458e+02
20261002_03:00:00   9.1320e-02   2.7549e+01   2.0827e+00   0.0000e+00   0.0000e+00   2.6238e+02
20261002_04:00:00   8.9728e-02   2.7176e+01   2.0272e+00   0.0000e+00   0.0000e+00   2.6166e+02
20261002_05:00:00   7.9108e-02   2.4600e+01   1.7661e+00   0.0000e+00   0.0000e+00   2.6182e+02
20261002_06:00:00   7.4266e-02   2.3393e+01   1.6439e+00   0.0000e+00   0.0000e+00   2.6294e+02
20261002_07:00:00   6.9447e-02   2.2194e+01   1.5228e+00   0.0000e+00   0.0000e+00   2.6264e+02
20261002_08:00:00   6.5618e-02   2.1214e+01   1.4340e+00   0.0000e+00   0.0000e+00   2.6255e+02
20261002_09:00:00   6.0508e-02   1.9916e+01   1.3138e+00   0.0000e+00   0.0000e+00   2.6375e+02
20261002_10:00:00   5.6724e-02   1.8947e+01   1.2264e+00   0.0000e+00   0.0000e+00   2.6344e+02
20261002_11:00:00   5.4872e-02   1.8427e+01   1.1935e+00   0.0000e+00   0.0000e+00   2.6343e+02
20261002_12:00:00   5.4548e-02   1.8307e+01   1.1971e+00   0.0000e+00   0.0000e+00   2.6417e+02
20261002_13:00:00   5.6760e-02   1.8872e+01   1.2539e+00   0.0000e+00   0.0000e+00   2.6421e+02
20261002_14:00:00   5.9315e-02   1.9505e+01   1.3283e+00   0.0000e+00   4.2480e-06   2.6457e+02
20261002_15:00:00   6.1186e-02   1.9989e+01   1.3833e+00   0.0000e+00   1.8060e-04   2.6483e+02
20261002_16:00:00   6.4024e-02   2.0648e+01   1.4745e+00   0.0000e+00   3.0176e-03   2.6460e+02
20261002_17:00:00   6.6429e-02   2.1232e+01   1.5485e+00   0.0000e+00   1.9353e-03   2.6425e+02
20261002_18:00:00   7.4918e-02   2.3273e+01   1.7808e+00   0.0000e+00   1.8270e-03   2.6486e+02
20261002_19:00:00   8.1619e-02   2.4804e+01   1.9616e+00   0.0000e+00   6.3894e-03   2.6528e+02
20261002_20:00:00   8.8873e-02   2.6526e+01   2.1432e+00   0.0000e+00   2.6280e-03   2.6605e+02
20261002_21:00:00   8.5652e-02   2.5925e+01   2.0306e+00   0.0000e+00   1.9062e-05   2.6755e+02
20261002_22:00:00   9.8462e-02   2.8990e+01   2.3255e+00   0.0000e+00   0.0000e+00   2.7015e+02
20261002_23:00:00   1.0403e-01   3.0104e+01   2.4854e+00   0.0000e+00   2.9781e-03   2.6958e+02
20261003_00:00:00   1.0130e-01   2.9382e+01   2.4155e+00   0.0000e+00   3.8346e-03   2.6924e+02
20261003_01:00:00   1.0598e-01   3.0487e+01   2.5210e+00   0.0000e+00   1.3811e-04   2.7144e+02
20261003_02:00:00   1.0416e-01   3.0031e+01   2.4681e+00   0.0000e+00   1.5804e-06   2.7331e+02
20261003_03:00:00   1.0447e-01   3.0104e+01   2.4603e+00   0.0000e+00   0.0000e+00   2.7206e+02
20261003_04:00:00   1.0480e-01   3.0228e+01   2.4517e+00   0.0000e+00   0.0000e+00   2.7226e+02
20261003_05:00:00   1.0766e-01   3.0878e+01   2.5238e+00   0.0000e+00   0.0000e+00   2.7238e+02
20261003_06:00:00   1.0997e-01   3.1405e+01   2.5701e+00   0.0000e+00   0.0000e+00   2.7278e+02
20261003_07:00:00   1.1549e-01   3.2606e+01   2.6992e+00   0.0000e+00   1.6080e-04   2.7237e+02
20261003_08:00:00   1.2681e-01   3.5097e+01   2.9603e+00   0.0000e+00   4.5548e-04   2.7225e+02
20261003_09:00:00   1.2789e-01   3.5404e+01   2.9651e+00   0.0000e+00   1.5618e-04   2.7235e+02
20261003_10:00:00   1.5069e-01   4.0371e+01   3.4674e+00   0.0000e+00   1.3178e-03   2.7314e+02
20261003_11:00:00   1.3809e-01   3.7794e+01   3.0912e+00   0.0000e+00   0.0000e+00   2.7260e+02
20261003_12:00:00   1.3424e-01   3.6933e+01   2.9797e+00   0.0000e+00   0.0000e+00   2.7368e+02
20261003_13:00:00   1.3140e-01   3.6254e+01   2.9148e+00   0.0000e+00   4.3680e-05   2.7654e+02
20261003_14:00:00   1.3810e-01   3.7621e+01   3.0719e+00   0.0000e+00   3.1415e-03   2.7758e+02
20261003_15:00:00   1.2911e-01   3.5641e+01   2.8865e+00   0.0000e+00   1.6953e-03   2.8200e+02
20261003_16:00:00   1.2438e-01   3.4617e+01   2.7910e+00   0.0000e+00   1.0899e-04   2.8439e+02
20261003_17:00:00   1.2749e-01   3.5300e+01   2.8757e+00   6.3220e-07   2.4569e-03   2.8743e+02
20261003_18:00:00   1.3804e-01   3.7564e+01   3.1421e+00   2.2200e-04   4.5431e-03   2.8517e+02
20261003_19:00:00   1.4424e-01   3.8940e+01   3.2500e+00   6.0080e-04   5.4465e-02   2.8769e+02
20261003_20:00:00   1.4190e-01   3.8415e+01   3.1972e+00   1.4534e-03   1.7312e-02   2.8671e+02
20261003_21:00:00   1.3761e-01   3.7597e+01   3.1490e+00   1.5014e-04   3.6463e-03   2.8523e+02
20261003_22:00:00   1.4507e-01   3.9160e+01   3.3096e+00   0.0000e+00   2.8811e-02   2.8486e+02
20261003_23:00:00   1.6558e-01   4.3537e+01   3.6658e+00   2.3060e-03   3.9681e-02   2.8716e+02
20261004_00:00:00   1.6147e-01   4.2746e+01   3.6460e+00   0.0000e+00   1.1063e-02   2.8657e+02
20261004_01:00:00   1.4841e-01   3.9967e+01   3.3434e+00   0.0000e+00   3.4118e-05   2.8876e+02
20261004_02:00:00   1.4858e-01   4.0021e+01   3.3411e+00   0.0000e+00   8.4450e-05   2.8929e+02
20261004_03:00:00   1.5249e-01   4.0902e+01   3.4142e+00   0.0000e+00   2.1465e-04   2.8711e+02
20261004_04:00:00   1.4813e-01   3.9960e+01   3.3183e+00   0.0000e+00   1.9657e-03   2.8868e+02
20261004_05:00:00   1.3968e-01   3.8098e+01   3.1485e+00   0.0000e+00   4.0238e-04   2.8980e+02
20261004_06:00:00   1.3210e-01   3.6404e+01   3.0099e+00   0.0000e+00   3.0220e-05   2.9079e+02
20261004_07:00:00   1.2536e-01   3.4923e+01   2.8608e+00   0.0000e+00   3.0720e-05   2.9124e+02
20261004_08:00:00   1.2799e-01   3.5503e+01   2.9394e+00   0.0000e+00   2.7681e-04   2.9121e+02
20261004_09:00:00   1.1994e-01   3.3826e+01   2.7210e+00   0.0000e+00   0.0000e+00   2.9420e+02
20261004_10:00:00   1.2160e-01   3.4165e+01   2.7768e+00   0.0000e+00   2.8600e-04   2.9528e+02
20261004_11:00:00   1.3271e-01   3.6562e+01   3.0759e+00   0.0000e+00   7.0840e-04   2.9438e+02
20261004_12:00:00   1.3245e-01   3.6616e+01   3.0268e+00   0.0000e+00   0.0000e+00   2.9377e+02
20261004_13:00:00   1.2834e-01   3.5739e+01   2.9394e+00   0.0000e+00   0.0000e+00   2.9054e+02
20261004_14:00:00   1.3369e-01   3.6938e+01   3.0770e+00   0.0000e+00   0.0000e+00   2.8875e+02
20261004_15:00:00   1.3685e-01   3.7669e+01   3.1782e+00   0.0000e+00   1.4710e-04   2.8613e+02
20261004_16:00:00   1.4539e-01   3.9590e+01   3.4042e+00   0.0000e+00   3.2490e-05   2.8439e+02
20261004_17:00:00   1.4787e-01   4.0197e+01   3.4766e+00   0.0000e+00   6.4408e-04   2.8320e+02
20261004_18:00:00   1.4763e-01   4.0235e+01   3.4723e+00   0.0000e+00   1.9360e-03   2.8303e+02
20261004_19:00:00   1.4526e-01   3.9735e+01   3.4086e+00   0.0000e+00   1.9233e-03   2.8227e+02
20261004_20:00:00   1.4666e-01   4.0021e+01   3.4140e+00   0.0000e+00   1.4765e-03   2.8352e+02
20261004_21:00:00   1.4119e-01   3.8707e+01   3.2817e+00   0.0000e+00   1.4631e-03   2.8358e+02
20261004_22:00:00   1.4251e-01   3.8842e+01   3.3156e+00   0.0000e+00   2.1675e-03   2.8367e+02
20261004_23:00:00   1.4737e-01   3.9896e+01   3.4160e+00   0.0000e+00   3.9730e-03   2.8481e+02
20261005_00:00:00   1.4863e-01   4.0219e+01   3.4241e+00   0.0000e+00   2.1536e-03   2.8370e+02
20261005_03:00:00   1.4549e-01   3.9443e+01   3.3341e+00   0.0000e+00   6.9141e-04   2.8176e+02
20261005_06:00:00   1.3305e-01   3.6644e+01   3.0715e+00   0.0000e+00   9.3485e-05   2.8249e+02
20261005_09:00:00   1.3194e-01   3.6407e+01   3.0266e+00   0.0000e+00   1.0554e-05   2.8595e+02
20261005_12:00:00   1.5300e-01   4.0929e+01   3.5017e+00   0.0000e+00   4.1942e-04   2.8536e+02
20261005_15:00:00   1.6741e-01   4.4310e+01   3.8478e+00   0.0000e+00   9.9235e-05   2.8649e+02
20261005_18:00:00   1.7667e-01   4.6562e+01   4.0338e+00   1.3038e-04   5.4887e-05   2.8557e+02
20261005_21:00:00   1.6233e-01   4.3383e+01   3.7311e+00   0.0000e+00   7.8715e-04   2.8665e+02
20261006_00:00:00   1.6899e-01   4.4615e+01   3.8407e+00   0.0000e+00   1.6600e-03   2.8671e+02
20261006_03:00:00   1.7431e-01   4.5715e+01   3.9513e+00   0.0000e+00   8.7583e-04   2.8743e+02
20261006_06:00:00   1.7071e-01   4.4975e+01   3.8298e+00   0.0000e+00   0.0000e+00   2.8845e+02
20261006_09:00:00   1.7555e-01   4.5977e+01   3.9403e+00   0.0000e+00   0.0000e+00   2.8847e+02
20261006_12:00:00   1.7648e-01   4.6170e+01   3.9797e+00   0.0000e+00   4.7660e-07   2.8709e+02
20261006_15:00:00   1.7976e-01   4.7055e+01   4.0802e+00   0.0000e+00   1.4090e-05   2.8467e+02
20261006_18:00:00   1.8676e-01   4.8702e+01   4.3583e+00   0.0000e+00   4.1709e-03   2.8250e+02
20261006_21:00:00   1.8165e-01   4.7536e+01   4.2531e+00   0.0000e+00   2.2910e-03   2.8223e+02
20261007_00:00:00   1.4136e-01   3.8739e+01   3.2784e+00   0.0000e+00   1.4090e-05   2.8118e+02
20261007_03:00:00   1.2718e-01   3.5441e+01   3.0045e+00   0.0000e+00   0.0000e+00   2.7762e+02
20261007_06:00:00   1.3841e-01   3.7903e+01   3.2728e+00   0.0000e+00   4.7660e-07   2.7352e+02
20261007_09:00:00   1.4166e-01   3.8534e+01   3.3516e+00   0.0000e+00   0.0000e+00   2.7379e+02
20261007_12:00:00   1.3105e-01   3.6273e+01   3.0928e+00   0.0000e+00   0.0000e+00   2.7444e+02
20261007_15:00:00   1.1314e-01   3.2391e+01   2.6624e+00   0.0000e+00   1.6170e-04   2.7402e+02
20261007_18:00:00   7.4516e-02   2.3309e+01   1.7326e+00   0.0000e+00   2.7881e-04   2.7198e+02
20261007_21:00:00   6.4096e-02   2.0738e+01   1.4526e+00   0.0000e+00   1.2656e-04   2.7030e+02
20261008_00:00:00   7.0594e-02   2.2122e+01   1.6596e+00   0.0000e+00   2.6136e-04   2.7008e+02
20261008_03:00:00   4.6104e-02   1.6070e+01   1.0036e+00   0.0000e+00   3.7300e-04   2.7119e+02
20261008_06:00:00   4.6341e-02   1.6057e+01   1.0205e+00   0.0000e+00   4.2906e-03   2.7186e+02
20261008_09:00:00   5.4506e-02   1.8051e+01   1.2468e+00   0.0000e+00   1.5944e-03   2.7398e+02
20261008_12:00:00   6.2743e-02   2.0058e+01   1.4550e+00   0.0000e+00   2.5220e-04   2.7332e+02
20261008_15:00:00   5.3719e-02   1.7882e+01   1.2227e+00   0.0000e+00   3.7020e-04   2.7057e+02
20261008_18:00:00   5.2475e-02   1.7615e+01   1.1983e+00   0.0000e+00   4.5296e-03   2.6986e+02
20261008_21:00:00   5.8406e-02   1.9120e+01   1.3551e+00   0.0000e+00   3.9220e-05   2.6920e+02
20261009_00:00:00   6.4275e-02   2.0587e+01   1.4889e+00   0.0000e+00   0.0000e+00   2.6495e+02
20261009_03:00:00   6.3223e-02   2.0289e+01   1.4560e+00   0.0000e+00   0.0000e+00   2.6815e+02
20261009_06:00:00   6.1556e-02   1.9895e+01   1.3944e+00   0.0000e+00   0.0000e+00   2.7192e+02
20261009_09:00:00   6.3945e-02   2.0409e+01   1.4457e+00   0.0000e+00   0.0000e+00   2.7218e+02
20261009_12:00:00   7.6300e-02   2.3394e+01   1.7473e+00   0.0000e+00   0.0000e+00   2.7334e+02
20261009_15:00:00   8.3198e-02   2.5161e+01   1.9009e+00   0.0000e+00   0.0000e+00   2.7287e+02
20261009_18:00:00   9.5564e-02   2.8235e+01   2.2148e+00   0.0000e+00   0.0000e+00   2.6966e+02
20261009_21:00:00   9.3085e-02   2.7634e+01   2.1517e+00   0.0000e+00   0.0000e+00   2.7130e+02
20261010_00:00:00   9.6430e-02   2.8359e+01   2.2116e+00   0.0000e+00   4.2260e-05   2.7103e+02
20261010_03:00:00   9.7653e-02   2.8592e+01   2.2317e+00   0.0000e+00   2.6360e-04   2.7117e+02
20261010_06:00:00   8.3653e-02   2.5368e+01   1.8629e+00   0.0000e+00   0.0000e+00   2.6994e+02
20261010_09:00:00   7.1370e-02   2.2473e+01   1.5332e+00   0.0000e+00   0.0000e+00   2.7469e+02
20261010_12:00:00   6.8897e-02   2.1834e+01   1.5051e+00   0.0000e+00   0.0000e+00   2.7417e+02
20261010_15:00:00   6.7259e-02   2.1540e+01   1.4683e+00   0.0000e+00   0.0000e+00   2.7027e+02
20261010_18:00:00   8.6799e-02   2.6130e+01   2.0080e+00   0.0000e+00   0.0000e+00   2.7187e+02
20261010_21:00:00   1.0029e-01   2.9376e+01   2.3157e+00   0.0000e+00   0.0000e+00   2.7380e+02
20261011_00:00:00   1.0798e-01   3.1071e+01   2.5194e+00   0.0000e+00   5.0589e-04   2.7228e+02
20261011_03:00:00   1.0079e-01   2.9462e+01   2.3683e+00   0.0000e+00   0.0000e+00   2.6726e+02
20261011_06:00:00   1.1321e-01   3.2246e+01   2.6971e+00   0.0000e+00   3.0692e-03   2.6669e+02
20261011_09:00:00   1.1436e-01   3.2633e+01   2.7091e+00   0.0000e+00   1.9321e-04   2.6563e+02
20261011_12:00:00   1.2267e-01   3.4568e+01   2.9310e+00   0.0000e+00   3.4501e-05   2.6620e+02
20261011_15:00:00   1.2372e-01   3.4907e+01   2.9789e+00   0.0000e+00   0.0000e+00   2.6463e+02
20261011_18:00:00   1.3569e-01   3.7663e+01   3.2864e+00   0.0000e+00   4.7240e-06   2.6365e+02
20261011_21:00:00   1.4201e-01   3.9186e+01   3.4216e+00   0.0000e+00   0.0000e+00   2.6450e+02
20261012_00:00:00   1.2614e-01   3.5598e+01   3.0176e+00   0.0000e+00   0.0000e+00   2.6386e+02
20261012_03:00:00   9.5907e-02   2.8519e+01   2.2782e+00   0.0000e+00   8.7700e-05   2.6406e+02
20261012_06:00:00   7.0162e-02   2.2357e+01   1.6159e+00   0.0000e+00   0.0000e+00   2.6469e+02
20261012_09:00:00   6.1877e-02   2.0378e+01   1.3755e+00   0.0000e+00   0.0000e+00   2.6743e+02
20261012_12:00:00   5.6605e-02   1.9078e+01   1.2338e+00   0.0000e+00   0.0000e+00   2.6664e+02
20261012_15:00:00   6.3195e-02   2.0749e+01   1.4212e+00   0.0000e+00   0.0000e+00   2.6558e+02
20261012_18:00:00   7.4476e-02   2.3437e+01   1.7654e+00   0.0000e+00   0.0000e+00   2.6613e+02
20261012_21:00:00   8.1740e-02   2.5334e+01   1.9220e+00   0.0000e+00   0.0000e+00   2.6561e+02
20261013_00:00:00   5.9613e-02   1.9840e+01   1.3104e+00   0.0000e+00   0.0000e+00   2.6547e+02
20261013_03:00:00   5.5987e-02   1.8876e+01   1.2145e+00   0.0000e+00   0.0000e+00   2.6531e+02
20261013_06:00:00   5.8559e-02   1.9435e+01   1.2949e+00   0.0000e+00   0.0000e+00   2.6740e+02
20261013_09:00:00   6.5488e-02   2.1122e+01   1.4651e+00   0.0000e+00   0.0000e+00   2.6892e+02
20261013_12:00:00   7.2611e-02   2.2917e+01   1.6307e+00   0.0000e+00   0.0000e+00   2.7218e+02
20261013_15:00:00   1.1488e-01   3.2856e+01   2.7232e+00   0.0000e+00   0.0000e+00   2.7202e+02
20261013_18:00:00   1.3383e-01   3.7191e+01   3.2150e+00   0.0000e+00   7.2604e-04   2.7138e+02
20261013_21:00:00   1.4562e-01   3.9996e+01   3.4083e+00   0.0000e+00   2.2541e-04   2.7097e+02
20261014_00:00:00   1.0906e-01   3.1480e+01   2.5640e+00   0.0000e+00   5.1197e-04   2.7189e+02
20261014_03:00:00   1.1248e-01   3.2191e+01   2.6534e+00   0.0000e+00   0.0000e+00   2.7552e+02
20261014_06:00:00   1.3131e-01   3.6353e+01   3.0901e+00   0.0000e+00   1.4633e-04   2.7909e+02
20261014_09:00:00   1.6084e-01   4.2715e+01   3.7179e+00   0.0000e+00   1.1662e-03   2.8143e+02
20261014_12:00:00   1.5883e-01   4.2313e+01   3.6015e+00   0.0000e+00   6.8941e-04   2.8615e+02
20261014_15:00:00   1.5217e-01   4.1138e+01   3.4008e+00   0.0000e+00   2.4253e-04   2.9048e+02
20261014_18:00:00   1.3622e-01   3.7526e+01   3.1495e+00   0.0000e+00   2.8644e-04   2.9192e+02
20261014_21:00:00   1.3156e-01   3.6510e+01   2.9652e+00   0.0000e+00   0.0000e+00   2.9400e+02
20261015_00:00:00   1.2869e-01   3.5777e+01   2.8027e+00   0.0000e+00   0.0000e+00   3.0180e+02
20261015_03:00:00   9.8428e-02   2.8881e+01   2.0478e+00   0.0000e+00   0.0000e+00   3.0905e+02
20261015_06:00:00   6.0387e-02   1.9772e+01   1.1901e+00   0.0000e+00   0.0000e+00   3.0828e+02
20261015_09:00:00   4.4828e-02   1.5863e+01   8.3491e-01   0.0000e+00   0.0000e+00   3.0539e+02
20261015_12:00:00   4.7922e-02   1.6598e+01   9.3687e-01   0.0000e+00   0.0000e+00   3.0561e+02
20261015_15:00:00   5.5626e-02   1.8478e+01   1.1823e+00   0.0000e+00   6.4220e-04   2.9646e+02
20261015_18:00:00   7.4182e-02   2.2910e+01   1.7172e+00   0.0000e+00   5.6671e-03   2.9500e+02
20261015_21:00:00   8.2341e-02   2.5109e+01   1.9042e+00   0.0000e+00   0.0000e+00   2.8927e+02
20261016_00:00:00   1.1122e-01   3.1702e+01   2.6720e+00   0.0000e+00   7.0939e-04   2.8240e+02
