#            date       tau255        Tb[K]      pwv[mm] lwp[kg*m^-2] iwp[kg*m^-2]       o3[DU]
20260726_12:00:00   3.2115e-01   7.4897e+01   6.2636e+00   0.0000e+00   1.0547e-02   3.0002e+02
20260726_13:00:00   3.1203e-01   7.3203e+01   6.0880e+00   0.0000e+00   9.7896e-03   2.9731e+02
20260726_14:00:00   2.8427e-01   6.7895e+01   5.6101e+00   0.0000e+00   8.4120e-03   2.9692e+02
20260726_15:00:00   2.4882e-01   6.0848e+01   5.0139e+00   0.0000e+00   8.4607e-03   2.9709e+02
20260726_16:00:00   2.4946e-01   6.0884e+01   5.0505e+00   0.0000e+00   7.1360e-03   2.9699e+02
20260726_17:00:00   2.5175e-01   6.1289e+01   5.0904e+00   0.0000e+00   8.1398e-03   2.9741e+02
20260726_18:00:00   2.4730e-01   6.0367e+01   4.9884e+00   0.0000e+00   5.9790e-03   2.9889e+02
20260726_19:00:00   2.5719e-01   6.2370e+01   5.1371e+00   0.0000e+00   4.6892e-03   3.0002e+02
20260726_20:00:00   2.9108e-01   6.9020e+01   5.6760e+00   0.0000e+00   6.2368e-03   3.0104e+02
20260726_21:00:00   2.9138e-01   6.9033e+01   5.6535e+00   0.0000e+00   1.1187e-02   3.0041e+02
20260726_22:00:00   2.7674e-01   6.6092e+01   5.3971e+00   0.0000e+00   1.2255e-02   2.9767e+02
20260726_23:00:00   2.8896e-01   6.8449e+01   5.5727e+00   0.0000e+00   3.5563e-03   2.9520e+02
20260727_00:00:00   2.9046e-01   6.8742e+01   5.5468e+00   0.0000e+00   4.0888e-03   2.9679e+02
20260727_01:00:00   2.6320e-01   6.3642e+01   4.9391e+00   0.0000e+00   1.4599e-03   3.0530e+02
20260727_02:00:00   2.2464e-01   5.6194e+01   4.0815e+00   0.0000e+00   3.4770e-05   3.1163e+02
20260727_03:00:00   2.0795e-01   5.2756e+01   3.7710e+00   0.0000e+00   9.6242e-06   3.0945e+02
20260727_04:00:00   1.9439e-01   4.9910e+01   3.5236e+00   0.0000e+00   1.2803e-05   3.0956e+02
20260727_05:00:00   1.9697e-01   5.0369e+01   3.6175e+00   0.0000e+00   8.1580e-06   3.0872e+02
20260727_06:00:00   2.0304e-01   5.1598e+01   3.7525e+00   0.0000e+00   2.9600e-06   3.0734e+02
20260727_07:00:00   2.0780e-01   5.2610e+01   3.8388e+00   0.0000e+00   6.8834e-05   3.0257e+02
20260727_08:00:00   2.0334e-01   5.1750e+01   3.7619e+00   0.0000e+00   2.3347e-05   2.9925e+02
20260727_09:00:00   1.9336e-01   4.9731e+01   3.5815e+00   0.0000e+00   5.4402e-05   2.9928e+02
20260727_10:00:00   1.9566e-01   5.0265e+01   3.6232e+00   0.0000e+00   1.7064e-03   3.0019e+02
20260727_11:00:00   2.0124e-01   5.1492e+01   3.7303e+00   0.0000e+00   2.1032e-03   3.0081e+02
20260727_12:00:00   2.0362e-01   5.2005e+01   3.7866e+00   0.0000e+00   1.2012e-03   2.9880e+02
20260727_13:00:00   1.9895e-01   5.1115e+01   3.6609e+00   0.0000e+00   2.4856e-03   3.0082e+02
20260727_14:00:00   2.0663e-01   5.2724e+01   3.8120e+00   0.0000e+00   1.3034e-03   3.0160e+02
20260727_15:00:00   2.1980e-01   5.5402e+01   4.1300e+00   0.0000e+00   2.3953e-03   3.0116e+02
20260727_16:00:00   2.5212e-01   6.1871e+01   4.8088e+00   0.0000e+00   4.1476e-03   2.9889e+02
20260727_17:00:00   2.5594e-01   6.2662e+01   4.8904e+00   0.0000e+00   8.7260e-03   2.9830e+02
20260727_18:00:00   2.5695e-01   6.2848e+01   4.9626e+00   0.0000e+00   1.1447e-02   2.9828e+02
20260727_19:00:00   2.6038e-01   6.3561e+01   5.0476e+00   0.0000e+00   7.6621e-03   2.9700e+02
20260727_20:00:00   2.6367e-01   6.4271e+01   5.1028e+00   0.0000e+00   5.0889e-03   2.9583e+02
20260727_21:00:00   2.5260e-01   6.2126e+01   4.8734e+00   0.0000e+00   2.1226e-03   2.9605e+02
20260727_22:00:00   2.3052e-01   5.7698e+01   4.4524e+00   0.0000e+00   1.0270e-03   2.9656e+02
20260727_23:00:00   2.1064e-01   5.3541e+01   4.0950e+00   0.0000e+00   7.3269e-05   2.9730e+02
20260728_00:00:00   1.9035e-01   4.9232e+01   3.7001e+00   0.0000e+00   6.5260e-06   2.9776e+02
20260728_01:00:00   1.7215e-01   4.5277e+01   3.3519e+00   0.0000e+00   0.0000e+00   2.9770e+02
20260728_02:00:00   1.7052e-01   4.4854e+01   3.3397e+00   0.0000e+00   0.0000e+00   2.9823e+02
20260728_03:00:00   1.6530e-01   4.3745e+01   3.2140e+00   0.0000e+00   0.0000e+00   2.9990e+02
20260728_04:00:00   1.4953e-01   4.0423e+01   2.8371e+00   0.0000e+00   0.0000e+00   3.0170e+02
20260728_05:00:00   1.4250e-01   3.8923e+01   2.6688e+00   0.0000e+00   0.0000e+00   3.0427e+02
20260728_06:00:00   1.3878e-01   3.8115e+01   2.5993e+00   0.0000e+00   0.0000e+00   3.0368e+02
20260728_07:00:00   1.3601e-01   3.7484e+01   2.5591e+00   0.0000e+00   0.0000e+00   3.0273e+02
20260728_08:00:00   1.3441e-01   3.7111e+01   2.5495e+00   0.0000e+00   1.0702e-06   3.0211e+02
20260728_09:00:00   1.3022e-01   3.6151e+01   2.4814e+00   0.0000e+00   2.2740e-06   3.0186e+02
20260728_10:00:00   1.2893e-01   3.5804e+01   2.4910e+00   0.0000e+00   3.4067e-04   3.0094e+02
20260728_11:00:00   1.2912e-01   3.5806e+01   2.5256e+00   0.0000e+00   2.3488e-03   3.0218e+02
20260728_12:00:00   1.3199e-01   3.6426e+01   2.6022e+00   0.0000e+00   9.5530e-04   3.0347e+02
20260728_13:00:00   1.3471e-01   3.7031e+01   2.6620e+00   0.0000e+00   8.3088e-05   3.0535e+02
20260728_14:00:00   1.3322e-01   3.6728e+01   2.6371e+00   0.0000e+00   0.0000e+00   3.0518e+02
20260728_15:00:00   1.4090e-01   3.8440e+01   2.7996e+00   0.0000e+00   0.0000e+00   3.0312e+02
20260728_16:00:00   1.4217e-01   3.8731e+01   2.8269e+00   0.0000e+00   0.0000e+00   3.0225e+02
20260728_17:00:00   1.4214e-01   3.8724e+01   2.8360e+00   0.0000e+00   6.5260e-06   3.0377e+02
20260728_18:00:00   1.4434e-01   3.9204e+01   2.8887e+00   0.0000e+00   5.8820e-05   3.0461e+02
20260728_19:00:00   1.4344e-01   3.9017e+01   2.8658e+00   0.0000e+00   7.8080e-05   3.0432e+02
20260728_20:00:00   1.3888e-01   3.8020e+01   2.7614e+00   0.0000e+00   3.6840e-05   3.0303e+02
20260728_21:00:00   1.3296e-01   3.6699e+01   2.6275e+00   0.0000e+00   2.3580e-05   3.0129e+02
20260728_22:00:00   1.2704e-01   3.5357e+01   2.5042e+00   0.0000e+00   7.1819e-04   2.9924e+02
20260728_23:00:00   1.2182e-01   3.4159e+01   2.3988e+00   0.0000e+00   2.3737e-03   2.9771e+02
20260729_00:00:00   1.1786e-01   3.3249e+01   2.3160e+00   0.0000e+00   3.2477e-03   2.9636e+02
20260729_01:00:00   1.1470e-01   3.2526e+01   2.2459e+00   0.0000e+00   2.8848e-03   2.9544e+02
20260729_02:00:00   1.1230e-01   3.1985e+01   2.1839e+00   0.0000e+00   1.7929e-03   2.9379e+02
20260729_03:00:00   1.0940e-01   3.1331e+01   2.1083e+00   0.0000e+00   1.0866e-04   2.9208e+02
20260729_04:00:00   1.0584e-01   3.0530e+01   2.0179e+00   0.0000e+00   5.3580e-05   2.9172e+02
20260729_05:00:00   1.0271e-01   2.9799e+01   1.9509e+00   0.0000e+00   2.7327e-05   2.9261e+02
20260729_06:00:00   1.0218e-01   2.9632e+01   1.9461e+00   0.0000e+00   2.1287e-04   2.9275e+02
20260729_07:00:00   1.0598e-01   3.0465e+01   2.0294e+00   0.0000e+00   1.9044e-05   2.9229e+02
20260729_08:00:00   1.0943e-01   3.1228e+01   2.1168e+00   0.0000e+00   2.1142e-04   2.9298e+02
20260729_09:00:00   1.0940e-01   3.1227e+01   2.1274e+00   0.0000e+00   1.4767e-03   2.9418e+02
20260729_10:00:00   1.0748e-01   3.0845e+01   2.0760e+00   0.0000e+00   7.2100e-04   2.9715e+02
20260729_11:00:00   1.0660e-01   3.0704e+01   2.0490e+00   0.0000e+00   2.7740e-05   2.9879e+02
20260729_12:00:00   1.0970e-01   3.1423e+01   2.1259e+00   0.0000e+00   0.0000e+00   2.9830e+02
20260729_13:00:00   1.2149e-01   3.4039e+01   2.4155e+00   0.0000e+00   0.0000e+00   2.9804e+02
20260729_14:00:00   1.3579e-01   3.7206e+01   2.7580e+00   0.0000e+00   7.4998e-05   2.9912e+02
20260729_15:00:00   1.4730e-01   3.9810e+01   3.0075e+00   0.0000e+00   5.7058e-04   2.9963e+02
20260729_16:00:00   1.6344e-01   4.3421e+01   3.3423e+00   0.0000e+00   1.0920e-03   3.0008e+02
20260729_17:00:00   1.8045e-01   4.7121e+01   3.6927e+00   0.0000e+00   2.1083e-03   3.0034e+02
20260729_18:00:00   1.8884e-01   4.8935e+01   3.8617e+00   0.0000e+00   1.0808e-03   3.0059e+02
20260729_19:00:00   1.9197e-01   4.9593e+01   3.9239e+00   0.0000e+00   7.1865e-04   3.0234e+02
20260729_20:00:00   1.9109e-01   4.9363e+01   3.9074e+00   0.0000e+00   3.0222e-03   3.0301e+02
20260729_21:00:00   1.8854e-01   4.8799e+01   3.8601e+00   0.0000e+00   1.0825e-03   3.0314e+02
20260729_22:00:00   1.8245e-01   4.7495e+01   3.7284e+00   0.0000e+00   3.4238e-05   3.0460e+02
20260729_23:00:00   1.7369e-01   4.5620e+01   3.5323e+00   0.0000e+00   9.8420e-04   3.0583e+02
20260730_00:00:00   1.6289e-01   4.3316e+01   3.2914e+00   0.0000e+00   4.6240e-05   3.0699e+02
20260730_01:00:00   1.6126e-01   4.2966e+01   3.2536e+00   0.0000e+00   3.4056e-04   3.0793e+02
20260730_02:00:00   1.6374e-01   4.3481e+01   3.3081e+00   0.0000e+00   5.4720e-04   3.0811e+02
20260730_03:00:00   1.6007e-01   4.2679e+01   3.2291e+00   0.0000e+00   1.1826e-04   3.0849e+02
20260730_04:00:00   1.5665e-01   4.1904e+01   3.1706e+00   0.0000e+00   2.1001e-04   3.0895e+02
20260730_05:00:00   1.5304e-01   4.1105e+01   3.0975e+00   0.0000e+00   2.0817e-04   3.0873e+02
20260730_06:00:00   1.5016e-01   4.0536e+01   3.0188e+00   0.0000e+00   7.6747e-05   3.0894e+02
20260730_07:00:00   1.6179e-01   4.3100e+01   3.2605e+00   0.0000e+00   1.3700e-04   3.0843e+02
20260730_08:00:00   1.6821e-01   4.4510e+01   3.4024e+00   0.0000e+00   5.8860e-04   3.0682e+02
20260730_09:00:00   1.6595e-01   4.4000e+01   3.3764e+00   0.0000e+00   8.1417e-04   3.0545e+02
20260730_10:00:00   1.7623e-01   4.6267e+01   3.5979e+00   0.0000e+00   2.0755e-04   3.0489e+02
20260730_11:00:00   1.9814e-01   5.1006e+01   4.0414e+00   0.0000e+00   5.0040e-05   3.0520e+02
20260730_12:00:00   2.2036e-01   5.5690e+01   4.4796e+00   0.0000e+00   1.0180e-03   3.0504e+02
20260730_13:00:00   2.4058e-01   5.9850e+01   4.8732e+00   0.0000e+00   2.0179e-03   3.0518e+02
20260730_14:00:00   2.6633e-01   6.5103e+01   5.3419e+00   0.0000e+00   1.2523e-03   3.0473e+02
20260730_15:00:00   2.9586e-01   7.0966e+01   5.8518e+00   0.0000e+00   9.6193e-04   3.0379e+02
20260730_16:00:00   3.2556e-01   7.6673e+01   6.3430e+00   0.0000e+00   8.9753e-04   3.0295e+02
20260730_17:00:00   3.4697e-01   8.0654e+01   6.6787e+00   0.0000e+00   1.3839e-03   3.0155e+02
20260730_18:00:00   3.5889e-01   8.2828e+01   6.8471e+00   4.1340e-04   5.3382e-04   3.0134e+02
20260730_19:00:00   4.0025e-01   9.0267e+01   6.9626e+00   1.5528e-02   4.9022e-04   3.0243e+02
20260730_20:00:00   5.0605e-01   1.0805e+02   7.0362e+00   5.9310e-02   7.2737e-04   3.0434e+02
20260730_21:00:00   5.6574e-01   1.1723e+02   7.0211e+00   8.5320e-02   9.7382e-04   3.0594e+02
20260730_22:00:00   5.9125e-01   1.2106e+02   6.9458e+00   9.7350e-02   1.4623e-03   3.0567e+02
20260730_23:00:00   5.5785e-01   1.1612e+02   6.7588e+00   8.6760e-02   1.9564e-03   3.0572e+02
20260731_00:00:00   5.0742e-01   1.0834e+02   6.7736e+00   6.4440e-02   2.7585e-03   3.0534e+02
20260731_01:00:00   4.1985e-01   9.3805e+01   6.6692e+00   2.8930e-02   3.8168e-03   3.0540e+02
20260731_02:00:00   3.5913e-01   8.2912e+01   6.6185e+00   4.0560e-03   4.6725e-03   3.0547e+02
20260731_03:00:00   3.4296e-01   7.9894e+01   6.4956e+00   1.2737e-05   7.0614e-03   3.0648e+02
20260731_04:00:00   3.3656e-01   7.8681e+01   6.3810e+00   7.2240e-05   6.6174e-03   3.0707e+02
20260731_05:00:00   3.4237e-01   7.9717e+01   6.3182e+00   4.3000e-03   6.8715e-03   3.0731e+02
20260731_06:00:00   3.3040e-01   7.7473e+01   6.2169e+00   1.6150e-03   6.1380e-03   3.0738e+02
20260731_07:00:00   3.1988e-01   7.5513e+01   6.0428e+00   1.2182e-03   3.1259e-03   3.0748e+02
20260731_08:00:00   3.2000e-01   7.5501e+01   6.0359e+00   1.3502e-03   2.3809e-03   3.0777e+02
20260731_09:00:00   3.2102e-01   7.5687e+01   6.1247e+00   1.4918e-04   1.2411e-03   3.0767e+02
20260731_10:00:00   3.1840e-01   7.5213e+01   6.0962e+00   0.0000e+00   2.1550e-04   3.0750e+02
20260731_11:00:00   3.1823e-01   7.5207e+01   6.0729e+00   0.0000e+00   1.1337e-04   3.0734e+02
20260731_12:00:00   3.1846e-01   7.5247e+01   6.0569e+00   0.0000e+00   2.7354e-05   3.0715e+02
20260731_15:00:00   3.1717e-01   7.5078e+01   6.0366e+00   0.0000e+00   3.5199e-06   3.0849e+02
20260731_18:00:00   2.8929e-01   7.0006e+01   5.4024e+00   0.0000e+00   8.4170e-06   3.0833e+02
20260731_21:00:00   2.5891e-01   6.4020e+01   4.7667e+00   0.0000e+00   9.7180e-06   3.0855e+02
20260801_00:00:00   2.4336e-01   6.0927e+01   4.3043e+00   3.2120e-03   1.4898e-04   3.0895e+02
20260801_03:00:00   4.0932e-01   9.2192e+01   4.2703e+00   7.6880e-02   2.7120e-03   3.0953e+02
20260801_06:00:00   2.9811e-01   7.1794e+01   4.2368e+00   2.9350e-02   5.8075e-03   3.1346e+02
20260801_09:00:00   2.2765e-01   5.7637e+01   4.2041e+00   3.8040e-04   2.0345e-03   3.1675e+02
20260801_12:00:00   2.2176e-01   5.6370e+01   4.1402e+00   0.0000e+00   1.2453e-04   3.1857e+02
20260801_15:00:00   2.1682e-01   5.5386e+01   4.0683e+00   0.0000e+00   4.5460e-05   3.1737e+02
20260801_18:00:00   2.1089e-01   5.4175e+01   3.9628e+00   0.0000e+00   6.6640e-05   3.1608e+02
20260801_21:00:00   2.0157e-01   5.2164e+01   3.7940e+00   0.0000e+00   4.4600e-06   3.1495e+02
20260802_00:00:00   1.9368e-01   5.0368e+01   3.6655e+00   0.0000e+00   0.0000e+00   3.1456e+02
20260802_03:00:00   1.8485e-01   4.8362e+01   3.5185e+00   0.0000e+00   0.0000e+00   3.1390e+02
20260802_06:00:00   1.7511e-01   4.6245e+01   3.3288e+00   0.0000e+00   3.8520e-05   3.1300e+02
20260802_09:00:00   1.7365e-01   4.6142e+01   3.2538e+00   0.0000e+00   0.0000e+00   3.1378e+02
20260802_12:00:00   1.6696e-01   4.4741e+01   3.1362e+00   0.0000e+00   0.0000e+00   3.1379e+02
20260802_15:00:00   1.6496e-01   4.4246e+01   3.1292e+00   0.0000e+00   1.8088e-04   3.1354e+02
20260802_18:00:00   1.6993e-01   4.5244e+01   3.2691e+00   0.0000e+00   2.3991e-03   3.1398e+02
20260802_21:00:00   1.9335e-01   5.0071e+01   3.7932e+00   0.0000e+00   1.4442e-03   3.1568e+02
20260803_00:00:00   2.0617e-01   5.2706e+01   4.0403e+00   0.0000e+00   6.9340e-06   3.1640e+02
20260803_03:00:00   2.0650e-01   5.2703e+01   4.0294e+00   0.0000e+00   0.0000e+00   3.1252e+02
20260803_06:00:00   2.0579e-01   5.2486e+01   4.0293e+00   0.0000e+00   1.0733e-05   3.1076e+02
20260803_09:00:00   2.0295e-01   5.1959e+01   3.9361e+00   0.0000e+00   1.7400e-03   3.1212e+02
20260803_12:00:00   2.0720e-01   5.2922e+01   4.0285e+00   0.0000e+00   7.3823e-04   3.1252e+02
20260803_15:00:00   2.0746e-01   5.2992e+01   4.0431e+00   0.0000e+00   8.5791e-04   3.1361e+02
20260803_18:00:00   2.0873e-01   5.3240e+01   4.0453e+00   0.0000e+00   1.1706e-03   3.1398e+02
20260803_21:00:00   2.0067e-01   5.1471e+01   3.8999e+00   0.0000e+00   1.8826e-03   3.1482e+02
20260804_00:00:00   1.9439e-01   4.9975e+01   3.7910e+00   0.0000e+00   2.6826e-03   3.1310e+02
20260804_03:00:00   1.9037e-01   4.8991e+01   3.7265e+00   0.0000e+00   2.3103e-03   3.1297e+02
20260804_06:00:00   1.8777e-01   4.8386e+01   3.6598e+00   0.0000e+00   1.7921e-03   3.1364e+02
20260804_09:00:00   1.8357e-01   4.7536e+01   3.5685e+00   0.0000e+00   1.2544e-03   3.1503e+02
20260804_12:00:00   1.7561e-01   4.6008e+01   3.3703e+00   0.0000e+00   0.0000e+00   3.1743e+02
20260804_15:00:00   1.7659e-01   4.6330e+01   3.3610e+00   0.0000e+00   0.0000e+00   3.1621e+02
20260804_18:00:00   1.7677e-01   4.6411e+01   3.3504e+00   0.0000e+00   0.0000e+00   3.1529e+02
20260804_21:00:00   1.6326e-01   4.3493e+01   3.0743e+00   0.0000e+00   0.0000e+00   3.1397e+02
20260805_00:00:00   1.5658e-01   4.1964e+01   2.9482e+00   0.0000e+00   0.0000e+00   3.1472e+02
20260805_03:00:00   1.5141e-01   4.0719e+01   2.8560e+00   0.0000e+00   0.0000e+00   3.0992e+02
20260805_06:00:00   1.4244e-01   3.8585e+01   2.7352e+00   0.0000e+00   5.1260e-03   3.1135e+02
20260805_09:00:00   1.4979e-01   4.0134e+01   2.9264e+00   0.0000e+00   6.2520e-05   3.1431e+02
20260805_12:00:00   1.5882e-01   4.2402e+01   3.0566e+00   0.0000e+00   0.0000e+00   3.1253e+02
20260805_15:00:00   1.7054e-01   4.5110e+01   3.2869e+00   0.0000e+00   0.0000e+00   3.0506e+02
20260805_18:00:00   2.0718e-01   5.3037e+01   3.9707e+00   0.0000e+00   2.2820e-03   2.9579e+02
20260805_21:00:00   2.4382e-01   6.0232e+01   4.8688e+00   0.0000e+00   2.1354e-02   2.8749e+02
20260806_00:00:00   3.2814e-01   7.6294e+01   6.7270e+00   0.0000e+00   2.9852e-02   2.8532e+02
20260806_03:00:00   4.2116e-01   9.3128e+01   8.2652e+00   0.0000e+00   2.2741e-02   2.9041e+02
20260806_06:00:00   4.3467e-01   9.5569e+01   8.4094e+00   0.0000e+00   2.4899e-02   2.9021e+02
20260806_09:00:00   4.4161e-01   9.6651e+01   8.3868e+00   0.0000e+00   3.1449e-01   2.9429e+02
20260806_12:00:00   3.9330e-01   8.8541e+01   7.5517e+00   0.0000e+00   8.9978e-03   3.0041e+02
20260806_15:00:00   3.6096e-01   8.2699e+01   6.8314e+00   6.6410e-04   9.4056e-03   3.0179e+02
20260806_18:00:00   3.3036e-01   7.6985e+01   6.1742e+00   1.9382e-03   3.1082e-02   3.0600e+02
20260806_21:00:00   2.8369e-01   6.8160e+01   5.2669e+00   0.0000e+00   2.0575e-03   3.1099e+02
20260807_00:00:00   2.2177e-01   5.5664e+01   4.0558e+00   0.0000e+00   2.0980e-03   3.1228e+02
20260807_03:00:00   2.0041e-01   5.1157e+01   3.7049e+00   0.0000e+00   3.9937e-03   3.0824e+02
20260807_06:00:00   2.0446e-01   5.1817e+01   3.7937e+00   0.0000e+00   1.0171e-02   3.0690e+02
20260807_09:00:00   1.9439e-01   4.9654e+01   3.5894e+00   0.0000e+00   2.5148e-03   3.1046e+02
20260807_12:00:00   1.9760e-01   5.0332e+01   3.5998e+00   0.0000e+00   3.0570e-05   3.1284e+02
20260807_15:00:00   2.2013e-01   5.4877e+01   4.0273e+00   0.0000e+00   6.3570e-06   3.1046e+02
20260807_18:00:00   2.3559e-01   5.7864e+01   4.3234e+00   0.0000e+00   1.3726e-03   3.1188e+02
20260807_21:00:00   2.3945e-01   5.8534e+01   4.3832e+00   0.0000e+00   1.4527e-03   3.1207e+02
20260808_00:00:00   2.3017e-01   5.6581e+01   4.2061e+00   0.0000e+00   2.3994e-05   3.0880e+02
20260808_03:00:00   2.2331e-01   5.5158e+01   4.0839e+00   0.0000e+00   8.6937e-05   3.0922e+02
20260808_06:00:00   2.1557e-01   5.3586e+01   3.9385e+00   0.0000e+00   2.1012e-05   3.0939e+02
20260808_09:00:00   2.1387e-01   5.3300e+01   3.9022e+00   0.0000e+00   1.5406e-05   3.0985e+02
20260808_12:00:00   2.0837e-01   5.2326e+01   3.7993e+00   0.0000e+00   0.0000e+00   3.1085e+02
20260808_15:00:00   2.0034e-01   5.0781e+01   3.6760e+00   0.0000e+00   7.2480e-06   3.1027e+02
20260808_18:00:00   1.9573e-01   4.9863e+01   3.6390e+00   0.0000e+00   7.2480e-06   3.1048e+02
20260808_21:00:00   1.7098e-01   4.4805e+01   3.1515e+00   0.0000e+00   0.0000e+00   3.1087e+02
20260809_00:00:00   1.3537e-01   3.7161e+01   2.4166e+00   0.0000e+00   0.0000e+00   3.0724e+02
20260809_03:00:00   1.2294e-01   3.4354e+01   2.2089e+00   0.0000e+00   0.0000e+00   3.0328e+02
20260809_06:00:00   1.1149e-01   3.1801e+01   2.0075e+00   0.0000e+00   2.5460e-05   3.0117e+02
20260809_09:00:00   1.2291e-01   3.4422e+01   2.2383e+00   0.0000e+00   5.1085e-03   2.9955e+02
20260809_12:00:00   1.7663e-01   4.6204e+01   3.2662e+00   0.0000e+00   1.1292e-02   2.9658e+02
20260809_15:00:00   2.8928e-01   6.8923e+01   5.5275e+00   0.0000e+00   5.0494e-03   2.9502e+02
20260809_18:00:00   3.4553e-01   7.9344e+01   6.5273e+00   0.0000e+00   9.3586e-02   2.9254e+02
20260809_21:00:00   3.2275e-01   7.5436e+01   6.0870e+00   0.0000e+00   1.2460e-02   2.9553e+02
20260810_00:00:00   3.1726e-01   7.3978e+01   5.9763e+00   0.0000e+00   8.0824e-02   2.9328e+02
20260810_03:00:00   2.9973e-01   7.0399e+01   5.5518e+00   0.0000e+00   1.8903e-01   2.9508e+02
20260810_06:00:00   2.7184e-01   6.5002e+01   4.9305e+00   0.0000e+00   1.9334e-01   3.0188e+02
20260810_09:00:00   2.3867e-01   5.8405e+01   4.3344e+00   0.0000e+00   4.9514e-02   3.0391e+02
20260810_12:00:00   2.3414e-01   5.7419e+01   4.2392e+00   0.0000e+00   3.4736e-02   3.1095e+02
20260810_15:00:00   2.3717e-01   5.8047e+01   4.2989e+00   0.0000e+00   4.0433e-02   3.0673e+02
20260810_18:00:00   2.3111e-01   5.6812e+01   4.1942e+00   2.1400e-06   7.4123e-03   3.0686e+02
20260810_21:00:00   2.2745e-01   5.5939e+01   4.0679e+00   0.0000e+00   1.0120e-01   3.1092e+02
20260811_00:00:00   2.1338e-01   5.3049e+01   3.8136e+00   0.0000e+00   2.2225e-02   3.1339e+02
20260811_03:00:00   2.0993e-01   5.2336e+01   3.7105e+00   0.0000e+00   3.2066e-02   3.1269e+02
20260811_06:00:00   1.9443e-01   4.9016e+01   3.4378e+00   0.0000e+00   9.1331e-03   3.1603e+02
20260811_09:00:00   1.8134e-01   4.6181e+01   3.1877e+00   0.0000e+00   6.3808e-03   3.1979e+02
20260811_12:00:00   1.7268e-01   4.4311e+01   3.0126e+00   0.0000e+00   4.7933e-03   3.1950e+02
