#            date       tau255        Tb[K]      pwv[mm] lwp[kg*m^-2] iwp[kg*m^-2]       o3[DU]
20260731_00:00:00   2.7816e-01   6.7152e+01   5.5554e+00   0.0000e+00   1.2642e-03   3.0592e+02
20260731_01:00:00   2.7702e-01   6.6909e+01   5.5281e+00   0.0000e+00   1.3145e-03   3.0519e+02
20260731_02:00:00   2.8179e-01   6.7849e+01   5.5926e+00   0.0000e+00   2.4669e-03   3.0556e+02
20260731_03:00:00   2.9119e-01   6.9695e+01   5.7410e+00   0.0000e+00   1.4336e-03   3.0669e+02
20260731_04:00:00   3.0314e-01   7.2012e+01   5.9336e+00   0.0000e+00   1.0175e-03   3.0783e+02
20260731_05:00:00   3.1465e-01   7.4237e+01   6.1189e+00   0.0000e+00   3.9544e-04   3.0791e+02
20260731_06:00:00   3.2988e-01   7.7193e+01   6.3601e+00   0.0000e+00   4.0890e-04   3.0806e+02
20260731_07:00:00   3.4127e-01   7.9472e+01   6.5539e+00   0.0000e+00   6.4674e-04   3.0760e+02
20260731_08:00:00   3.4284e-01   7.9766e+01   6.5726e+00   0.0000e+00   1.5304e-04   3.0686e+02
20260731_09:00:00   3.4647e-01   8.0409e+01   6.5861e+00   9.8120e-04   8.1637e-05   3.0709e+02
20260731_10:00:00   3.6467e-01   8.3724e+01   6.6148e+00   8.0920e-03   3.9777e-04   3.0675e+02
20260731_11:00:00   3.8936e-01   8.8163e+01   6.5836e+00   1.9693e-02   6.5072e-04   3.0640e+02
20260731_12:00:00   4.0325e-01   9.0638e+01   6.6225e+00   2.5060e-02   7.6536e-04   3.0669e+02
20260731_13:00:00   3.6780e-01   8.4321e+01   6.6446e+00   9.3070e-03   7.2992e-04   3.0667e+02
20260731_14:00:00   3.4507e-01   8.0157e+01   6.6443e+00   0.0000e+00   3.1522e-04   3.0648e+02
20260731_15:00:00   3.4325e-01   7.9859e+01   6.6258e+00   0.0000e+00   1.6316e-05   3.0601e+02
20260731_16:00:00   3.4298e-01   7.9824e+01   6.6218e+00   0.0000e+00   1.6316e-05   3.0497e+02
20260731_17:00:00   3.4439e-01   8.0069e+01   6.6389e+00   0.0000e+00   2.0758e-05   3.0477e+02
20260731_18:00:00   3.4456e-01   8.0087e+01   6.6367e+00   0.0000e+00   2.0754e-05   3.0374e+02
20260731_19:00:00   3.4347e-01   7.9888e+01   6.6164e+00   0.0000e+00   1.6316e-05   3.0417e+02
20260731_20:00:00   3.4279e-01   7.9710e+01   6.5936e+00   0.0000e+00   1.6316e-05   3.0450e+02
20260731_21:00:00   3.3724e-01   7.8671e+01   6.4839e+00   0.0000e+00   1.6316e-05   3.0434e+02
20260731_22:00:00   3.2890e-01   7.7103e+01   6.3344e+00   0.0000e+00   1.6316e-05   3.0450e+02
20260731_23:00:00   3.2245e-01   7.5858e+01   6.2281e+00   0.0000e+00   1.6316e-05   3.0507e+02
20260801_00:00:00   3.1510e-01   7.4470e+01   6.1014e+00   0.0000e+00   1.6316e-05   3.0519e+02
20260801_01:00:00   3.0974e-01   7.3434e+01   5.9957e+00   0.0000e+00   1.3705e-05   3.0532e+02
20260801_02:00:00   3.0268e-01   7.2083e+01   5.8537e+00   0.0000e+00   1.3705e-05   3.0576e+02
20260801_03:00:00   2.9758e-01   7.1111e+01   5.7463e+00   0.0000e+00   5.5480e-06   3.0625e+02
20260801_04:00:00   2.9459e-01   7.0529e+01   5.6788e+00   0.0000e+00   1.3705e-05   3.0662e+02
20260801_05:00:00   2.8887e-01   6.9430e+01   5.5707e+00   0.0000e+00   1.1095e-05   3.0657e+02
20260801_06:00:00   2.8853e-01   6.9437e+01   5.5589e+00   0.0000e+00   1.3277e-05   3.0677e+02
20260801_07:00:00   2.8925e-01   6.9680e+01   5.5653e+00   0.0000e+00   1.6812e-05   3.0720e+02
20260801_08:00:00   2.8454e-01   6.8819e+01   5.4887e+00   0.0000e+00   8.1580e-06   3.0678e+02
20260801_09:00:00   2.7951e-01   6.7892e+01   5.4075e+00   0.0000e+00   0.0000e+00   3.0647e+02
20260801_10:00:00   2.7680e-01   6.7380e+01   5.3627e+00   0.0000e+00   3.0260e-06   3.0721e+02
20260801_11:00:00   2.7241e-01   6.6538e+01   5.2848e+00   0.0000e+00   0.0000e+00   3.0802e+02
20260801_12:00:00   2.6809e-01   6.5714e+01   5.2042e+00   0.0000e+00   0.0000e+00   3.0788e+02
20260801_13:00:00   2.6431e-01   6.4988e+01   5.1434e+00   0.0000e+00   0.0000e+00   3.0701e+02
20260801_14:00:00   2.6084e-01   6.4304e+01   5.0820e+00   0.0000e+00   0.0000e+00   3.0678e+02
20260801_15:00:00   2.5699e-01   6.3541e+01   5.0089e+00   0.0000e+00   0.0000e+00   3.0705e+02
20260801_16:00:00   2.5300e-01   6.2754e+01   4.9215e+00   0.0000e+00   0.0000e+00   3.0778e+02
20260801_17:00:00   2.4851e-01   6.1888e+01   4.8313e+00   0.0000e+00   0.0000e+00   3.0834e+02
20260801_18:00:00   2.4470e-01   6.1121e+01   4.7518e+00   0.0000e+00   0.0000e+00   3.0908e+02
20260801_19:00:00   2.3998e-01   6.0162e+01   4.6551e+00   0.0000e+00   0.0000e+00   3.0966e+02
20260801_20:00:00   2.3503e-01   5.9147e+01   4.5503e+00   0.0000e+00   0.0000e+00   3.1077e+02
20260801_21:00:00   2.3565e-01   5.9239e+01   4.5564e+00   0.0000e+00   0.0000e+00   3.1223e+02
20260801_22:00:00   2.3474e-01   5.9016e+01   4.5364e+00   0.0000e+00   0.0000e+00   3.1320e+02
20260801_23:00:00   2.3288e-01   5.8583e+01   4.4974e+00   0.0000e+00   0.0000e+00   3.1449e+02
20260802_00:00:00   2.2810e-01   5.7582e+01   4.3849e+00   0.0000e+00   0.0000e+00   3.1468e+02
20260802_01:00:00   2.2204e-01   5.6342e+01   4.2405e+00   0.0000e+00   0.0000e+00   3.1443e+02
20260802_02:00:00   2.1423e-01   5.4702e+01   4.0867e+00   0.0000e+00   0.0000e+00   3.1191e+02
20260802_03:00:00   2.0802e-01   5.3403e+01   3.9758e+00   0.0000e+00   0.0000e+00   3.1116e+02
20260802_04:00:00   2.0567e-01   5.2883e+01   3.9242e+00   0.0000e+00   0.0000e+00   3.0984e+02
20260802_05:00:00   2.1154e-01   5.4059e+01   4.0582e+00   0.0000e+00   0.0000e+00   3.0798e+02
20260802_06:00:00   2.1580e-01   5.4881e+01   4.1618e+00   0.0000e+00   0.0000e+00   3.0559e+02
20260802_07:00:00   2.1794e-01   5.5287e+01   4.2123e+00   0.0000e+00   0.0000e+00   3.0393e+02
20260802_08:00:00   2.1784e-01   5.5270e+01   4.2121e+00   0.0000e+00   6.5700e-05   3.0345e+02
20260802_09:00:00   2.2785e-01   5.7233e+01   4.4317e+00   0.0000e+00   2.2742e-03   3.0401e+02
20260802_10:00:00   2.4145e-01   5.9860e+01   4.7659e+00   0.0000e+00   3.7840e-03   3.0465e+02
20260802_11:00:00   2.5493e-01   6.2525e+01   5.0666e+00   0.0000e+00   9.7341e-03   3.0580e+02
20260802_12:00:00   2.5559e-01   6.2675e+01   5.0832e+00   0.0000e+00   1.8346e-02   3.0571e+02
20260802_13:00:00   2.5265e-01   6.2100e+01   5.0323e+00   0.0000e+00   2.2664e-02   3.0516e+02
20260802_14:00:00   2.5082e-01   6.1729e+01   5.0083e+00   0.0000e+00   1.6520e-02   3.0508e+02
20260802_15:00:00   2.5263e-01   6.2100e+01   5.0416e+00   0.0000e+00   6.8208e-03   3.0605e+02
20260802_16:00:00   2.4977e-01   6.1626e+01   4.9441e+00   0.0000e+00   2.8921e-03   3.0508e+02
20260802_17:00:00   2.5023e-01   6.1788e+01   4.9291e+00   0.0000e+00   1.7446e-03   3.0315e+02
20260802_18:00:00   2.4791e-01   6.1350e+01   4.8609e+00   0.0000e+00   1.4272e-03   3.0121e+02
20260802_19:00:00   2.4282e-01   6.0370e+01   4.7409e+00   0.0000e+00   2.0280e-04   2.9946e+02
20260802_20:00:00   2.3913e-01   5.9628e+01   4.6645e+00   0.0000e+00   7.3360e-05   2.9806e+02
20260802_21:00:00   2.3760e-01   5.9302e+01   4.6395e+00   0.0000e+00   8.1580e-06   2.9741e+02
20260802_22:00:00   2.3748e-01   5.9261e+01   4.6312e+00   0.0000e+00   3.5200e-06   2.9866e+02
20260802_23:00:00   2.3570e-01   5.8886e+01   4.5824e+00   0.0000e+00   4.2820e-07   2.9946e+02
20260803_00:00:00   2.3710e-01   5.9146e+01   4.6130e+00   0.0000e+00   0.0000e+00   2.9947e+02
20260803_01:00:00   2.3749e-01   5.9224e+01   4.6204e+00   0.0000e+00   0.0000e+00   3.0040e+02
20260803_02:00:00   2.3303e-01   5.8344e+01   4.5180e+00   0.0000e+00   4.6380e-06   3.0169e+02
20260803_03:00:00   2.2451e-01   5.6643e+01   4.3263e+00   0.0000e+00   7.7300e-06   3.0087e+02
20260803_04:00:00   2.1520e-01   5.4759e+01   4.1312e+00   0.0000e+00   8.1580e-06   2.9924e+02
20260803_05:00:00   2.0769e-01   5.3195e+01   3.9766e+00   0.0000e+00   8.1580e-06   2.9814e+02
20260803_06:00:00   2.0158e-01   5.1935e+01   3.8638e+00   0.0000e+00   4.2820e-07   2.9787e+02
20260803_07:00:00   1.9861e-01   5.1246e+01   3.8389e+00   0.0000e+00   0.0000e+00   2.9827e+02
20260803_08:00:00   2.0418e-01   5.2305e+01   4.0112e+00   0.0000e+00   0.0000e+00   2.9772e+02
20260803_09:00:00   2.2077e-01   5.5630e+01   4.4049e+00   0.0000e+00   0.0000e+00   2.9822e+02
20260803_10:00:00   2.4517e-01   6.0512e+01   4.9182e+00   0.0000e+00   6.7980e-05   2.9878e+02
20260803_11:00:00   2.6775e-01   6.5007e+01   5.3468e+00   0.0000e+00   3.6100e-04   2.9921e+02
20260803_12:00:00   2.9932e-01   7.1107e+01   5.9317e+00   0.0000e+00   2.2160e-03   2.9942e+02
20260803_13:00:00   3.3394e-01   7.7612e+01   6.5682e+00   0.0000e+00   1.1084e-02   2.9910e+02
20260803_14:00:00   3.5777e-01   8.1990e+01   6.9635e+00   0.0000e+00   7.1092e-02   2.9889e+02
20260803_15:00:00   3.7608e-01   8.5318e+01   7.2568e+00   0.0000e+00   6.3412e-02   3.0155e+02
20260803_16:00:00   3.8656e-01   8.7291e+01   7.4151e+00   0.0000e+00   1.7729e-02   3.0361e+02
20260803_17:00:00   3.9521e-01   8.8884e+01   7.4983e+00   0.0000e+00   1.8554e-02   3.0157e+02
20260803_18:00:00   3.9240e-01   8.8436e+01   7.4220e+00   0.0000e+00   3.6903e-03   3.0050e+02
20260803_19:00:00   3.8405e-01   8.7004e+01   7.2194e+00   0.0000e+00   1.0344e-02   3.0093e+02
20260803_20:00:00   3.7476e-01   8.5419e+01   7.0504e+00   0.0000e+00   4.6798e-03   3.0015e+02
20260803_21:00:00   3.6714e-01   8.3986e+01   6.8735e+00   0.0000e+00   9.0980e-03   2.9912e+02
20260803_22:00:00   3.6311e-01   8.3217e+01   6.8344e+00   0.0000e+00   1.1891e-02   2.9749e+02
20260803_23:00:00   3.6562e-01   8.3496e+01   6.8998e+00   0.0000e+00   1.3893e-02   2.9908e+02
20260804_00:00:00   3.6366e-01   8.3044e+01   6.8456e+00   0.0000e+00   3.7062e-02   3.0051e+02
20260804_01:00:00   3.6720e-01   8.3599e+01   6.8911e+00   0.0000e+00   7.3772e-02   3.0317e+02
20260804_02:00:00   3.6542e-01   8.3187e+01   6.8384e+00   0.0000e+00   1.0407e-01   3.0488e+02
20260804_03:00:00   3.5691e-01   8.1660e+01   6.7181e+00   0.0000e+00   3.2393e-02   3.0587e+02
20260804_04:00:00   3.4663e-01   7.9808e+01   6.5399e+00   0.0000e+00   6.8208e-03   3.0587e+02
20260804_05:00:00   3.3207e-01   7.7232e+01   6.2429e+00   0.0000e+00   3.6077e-03   3.0684e+02
20260804_06:00:00   3.2634e-01   7.6197e+01   6.0901e+00   0.0000e+00   1.0162e-02   3.0843e+02
20260804_07:00:00   3.1692e-01   7.4541e+01   5.8966e+00   0.0000e+00   5.4216e-03   3.0790e+02
20260804_08:00:00   3.0496e-01   7.2404e+01   5.6714e+00   0.0000e+00   9.4738e-04   3.0422e+02
20260804_09:00:00   2.9653e-01   7.0853e+01   5.5119e+00   0.0000e+00   8.1079e-04   3.0371e+02
20260804_10:00:00   2.9364e-01   7.0316e+01   5.4596e+00   0.0000e+00   1.1048e-02   3.0073e+02
20260804_11:00:00   2.8158e-01   6.8064e+01   5.2745e+00   0.0000e+00   1.4676e-02   3.0176e+02
20260804_12:00:00   2.7958e-01   6.7648e+01   5.2978e+00   0.0000e+00   8.9597e-03   3.0322e+02
20260804_13:00:00   2.9244e-01   6.9988e+01   5.5945e+00   0.0000e+00   6.2476e-03   3.0482e+02
20260804_14:00:00   3.1057e-01   7.3258e+01   6.0289e+00   0.0000e+00   1.4356e-02   3.0192e+02
20260804_15:00:00   3.0431e-01   7.1994e+01   5.9877e+00   0.0000e+00   1.9513e-02   2.9858e+02
20260804_16:00:00   3.0413e-01   7.1866e+01   6.0561e+00   0.0000e+00   3.8515e-02   2.9862e+02
20260804_17:00:00   3.7453e-01   8.4827e+01   7.2633e+00   0.0000e+00   3.6196e-02   2.9907e+02
20260804_18:00:00   3.9184e-01   8.7867e+01   7.5419e+00   0.0000e+00   4.7644e-02   3.0082e+02
20260804_19:00:00   3.9912e-01   8.9117e+01   7.5129e+00   0.0000e+00   3.2319e-01   3.0188e+02
20260804_20:00:00   3.9875e-01   8.9004e+01   7.3785e+00   0.0000e+00   5.4947e-01   3.0357e+02
20260804_21:00:00   3.7798e-01   8.5265e+01   7.0507e+00   0.0000e+00   3.5942e-01   3.0476e+02
20260804_22:00:00   3.4755e-01   7.9885e+01   6.5661e+00   0.0000e+00   5.2543e-02   3.1249e+02
20260804_23:00:00   2.9703e-01   7.0859e+01   5.4055e+00   0.0000e+00   4.5032e-03   3.1568e+02
20260805_00:00:00   2.8347e-01   6.8181e+01   5.1247e+00   0.0000e+00   5.1435e-03   3.1673e+02
20260805_03:00:00   2.3942e-01   5.9303e+01   4.2548e+00   0.0000e+00   1.6851e-02   3.1756e+02
20260805_06:00:00   2.2022e-01   5.5186e+01   3.8972e+00   0.0000e+00   9.4633e-03   3.2033e+02
20260805_09:00:00   2.1519e-01   5.3977e+01   3.8740e+00   0.0000e+00   1.9152e-04   3.1457e+02
20260805_12:00:00   2.1477e-01   5.3834e+01   3.9539e+00   0.0000e+00   1.0975e-04   3.0840e+02
20260805_15:00:00   2.2728e-01   5.6309e+01   4.2447e+00   0.0000e+00   3.1838e-03   3.0736e+02
20260805_18:00:00   2.2113e-01   5.5141e+01   4.0960e+00   0.0000e+00   7.1738e-03   3.0904e+02
20260805_21:00:00   1.9964e-01   5.0691e+01   3.7074e+00   0.0000e+00   5.1207e-04   3.0879e+02
20260806_00:00:00   2.0816e-01   5.2226e+01   3.8957e+00   0.0000e+00   4.7551e-03   3.0731e+02
20260806_03:00:00   2.3642e-01   5.7919e+01   4.4276e+00   0.0000e+00   1.7609e-02   3.0839e+02
20260806_06:00:00   2.7375e-01   6.5234e+01   5.0488e+00   0.0000e+00   1.2676e-01   3.0859e+02
20260806_09:00:00   2.7024e-01   6.4772e+01   4.8175e+00   0.0000e+00   2.6644e-01   3.1660e+02
20260806_12:00:00   2.4691e-01   6.0314e+01   4.4164e+00   0.0000e+00   6.7146e-02   3.1896e+02
20260806_15:00:00   1.8013e-01   4.6496e+01   3.1553e+00   0.0000e+00   2.6501e-03   3.2206e+02
20260806_18:00:00   1.7930e-01   4.6005e+01   3.1425e+00   0.0000e+00   8.8192e-03   3.1868e+02
20260806_21:00:00   1.8646e-01   4.7490e+01   3.1956e+00   0.0000e+00   4.5175e-02   3.1975e+02
20260807_00:00:00   1.7460e-01   4.4823e+01   3.0058e+00   0.0000e+00   2.6794e-02   3.2266e+02
20260807_03:00:00   1.5473e-01   4.0623e+01   2.7090e+00   0.0000e+00   4.3537e-03   3.1842e+02
20260807_06:00:00   2.0138e-01   5.0568e+01   3.5829e+00   0.0000e+00   2.3175e-03   3.1986e+02
20260807_09:00:00   1.6753e-01   4.3675e+01   2.9803e+00   0.0000e+00   2.6100e-06   3.1620e+02
20260807_12:00:00   1.8118e-01   4.6650e+01   3.2482e+00   0.0000e+00   1.6316e-05   3.1149e+02
20260807_15:00:00   1.8600e-01   4.7762e+01   3.3632e+00   0.0000e+00   1.6316e-05   3.0374e+02
20260807_18:00:00   1.5875e-01   4.2031e+01   2.9483e+00   0.0000e+00   0.0000e+00   2.9458e+02
20260807_21:00:00   1.9295e-01   4.9425e+01   3.5800e+00   0.0000e+00   1.3181e-05   2.9446e+02
20260808_00:00:00   2.4854e-01   6.0600e+01   4.7934e+00   0.0000e+00   3.0984e-06   2.8855e+02
20260808_03:00:00   2.8225e-01   6.7236e+01   5.4672e+00   0.0000e+00   1.0866e-04   2.8177e+02
20260808_06:00:00   2.8359e-01   6.7520e+01   5.5270e+00   0.0000e+00   5.0385e-05   2.7888e+02
20260808_09:00:00   3.0516e-01   7.1693e+01   5.9632e+00   0.0000e+00   1.8684e-04   2.7684e+02
20260808_12:00:00   3.0273e-01   7.1516e+01   5.9323e+00   0.0000e+00   3.1620e-05   2.7552e+02
20260808_15:00:00   3.1217e-01   7.3376e+01   6.1426e+00   0.0000e+00   3.8143e-04   2.7348e+02
20260808_18:00:00   3.2579e-01   7.5978e+01   6.4167e+00   0.0000e+00   2.4045e-05   2.7362e+02
20260808_21:00:00   3.3349e-01   7.7398e+01   6.5466e+00   0.0000e+00   2.1863e-05   2.7493e+02
20260809_00:00:00   3.0631e-01   7.2406e+01   5.9783e+00   0.0000e+00   4.6380e-06   2.7729e+02
20260809_03:00:00   2.5285e-01   6.2202e+01   4.8254e+00   0.0000e+00   0.0000e+00   2.8158e+02
20260809_06:00:00   2.4526e-01   6.0678e+01   4.6855e+00   0.0000e+00   0.0000e+00   2.8271e+02
20260809_09:00:00   2.5398e-01   6.2489e+01   4.8399e+00   0.0000e+00   0.0000e+00   2.8432e+02
20260809_12:00:00   2.6287e-01   6.4400e+01   4.9876e+00   0.0000e+00   2.6100e-06   2.8419e+02
20260809_15:00:00   2.6473e-01   6.4885e+01   5.0212e+00   0.0000e+00   0.0000e+00   2.8366e+02
20260809_18:00:00   2.6184e-01   6.4302e+01   4.9801e+00   0.0000e+00   0.0000e+00   2.8440e+02
20260809_21:00:00   2.2488e-01   5.6690e+01   4.3355e+00   0.0000e+00   0.0000e+00   2.8454e+02
20260810_00:00:00   2.0307e-01   5.1978e+01   3.9562e+00   0.0000e+00   0.0000e+00   2.8482e+02
20260810_03:00:00   1.9418e-01   5.0050e+01   3.7856e+00   0.0000e+00   0.0000e+00   2.8551e+02
20260810_06:00:00   1.7869e-01   4.6703e+01   3.4763e+00   0.0000e+00   0.0000e+00   2.8588e+02
20260810_09:00:00   1.8666e-01   4.8442e+01   3.6337e+00   0.0000e+00   0.0000e+00   2.8570e+02
20260810_12:00:00   2.0226e-01   5.1821e+01   3.9179e+00   0.0000e+00   0.0000e+00   2.8799e+02
20260810_15:00:00   2.1522e-01   5.4532e+01   4.1559e+00   0.0000e+00   0.0000e+00   2.8916e+02
20260810_18:00:00   2.2973e-01   5.7446e+01   4.4430e+00   0.0000e+00   0.0000e+00   2.9223e+02
20260810_21:00:00   2.4106e-01   5.9545e+01   4.6849e+00   0.0000e+00   2.1749e-04   2.9326e+02
20260811_00:00:00   2.3237e-01   5.7703e+01   4.4912e+00   0.0000e+00   6.7738e-04   2.9422e+02
20260811_03:00:00   2.1385e-01   5.3917e+01   4.0927e+00   0.0000e+00   1.9902e-03   2.9309e+02
20260811_06:00:00   1.9433e-01   4.9949e+01   3.6546e+00   0.0000e+00   1.2332e-04   2.9239e+02
20260811_09:00:00   1.8932e-01   4.8927e+01   3.5517e+00   0.0000e+00   1.4122e-05   2.9267e+02
20260811_12:00:00   1.8987e-01   4.9073e+01   3.5962e+00   0.0000e+00   6.1260e-05   2.9245e+02
20260811_15:00:00   1.8991e-01   4.8938e+01   3.6706e+00   0.0000e+00   3.4672e-05   2.9154e+02
20260811_18:00:00   2.0083e-01   5.1067e+01   3.9387e+00   0.0000e+00   6.8150e-03   2.9659e+02
20260811_21:00:00   2.1489e-01   5.3993e+01   4.1791e+00   0.0000e+00   1.2160e-03   3.0193e+02
20260812_00:00:00   2.2955e-01   5.6906e+01   4.4331e+00   0.0000e+00   3.2388e-03   3.0108e+02
20260812_03:00:00   2.5466e-01   6.1824e+01   4.8741e+00   0.0000e+00   4.6516e-03   3.0313e+02
20260812_06:00:00   2.5368e-01   6.1618e+01   4.8103e+00   0.0000e+00   2.0335e-06   3.0459e+02
20260812_09:00:00   2.4036e-01   5.9113e+01   4.5062e+00   0.0000e+00   8.1580e-06   3.0448e+02
20260812_12:00:00   2.2925e-01   5.6968e+01   4.2759e+00   0.0000e+00   5.9082e-06   3.0511e+02
20260812_15:00:00   2.2138e-01   5.5331e+01   4.1645e+00   0.0000e+00   5.4560e-06   3.0568e+02
20260812_18:00:00   2.2608e-01   5.6260e+01   4.2746e+00   0.0000e+00   5.7308e-06   3.0521e+02
20260812_21:00:00   2.1550e-01   5.4192e+01   3.9960e+00   0.0000e+00   0.0000e+00   3.0489e+02
20260813_00:00:00   2.0915e-01   5.2833e+01   3.8414e+00   0.0000e+00   8.6310e-04   3.0484e+02
20260813_03:00:00   2.1423e-01   5.3745e+01   3.8553e+00   2.1263e-03   2.5860e-03   3.0468e+02
20260813_06:00:00   2.5089e-01   6.1218e+01   3.7975e+00   2.0220e-02   2.9492e-03   3.0629e+02
20260813_09:00:00   2.0609e-01   5.2068e+01   3.7659e+00   0.0000e+00   1.5752e-03   3.0756e+02
20260813_12:00:00   2.0963e-01   5.2811e+01   3.8497e+00   0.0000e+00   1.2066e-03   3.0814e+02
20260813_15:00:00   2.1871e-01   5.4684e+01   4.0411e+00   0.0000e+00   8.1580e-06   3.0845e+02
20260813_18:00:00   2.2261e-01   5.5490e+01   4.1050e+00   0.0000e+00   1.3705e-05   3.1280e+02
20260813_21:00:00   2.2178e-01   5.5311e+01   4.0348e+00   0.0000e+00   1.0768e-05   3.1396e+02
20260814_00:00:00   2.2429e-01   5.5667e+01   4.1176e+00   0.0000e+00   2.1536e-05   3.1408e+02
20260814_03:00:00   2.0746e-01   5.2257e+01   3.7830e+00   0.0000e+00   1.6316e-05   3.1405e+02
20260814_06:00:00   2.0547e-01   5.1789e+01   3.7675e+00   0.0000e+00   1.4134e-05   3.1354e+02
20260814_09:00:00   1.9998e-01   5.0671e+01   3.6794e+00   0.0000e+00   7.7300e-06   3.1013e+02
20260814_12:00:00   1.9683e-01   5.0091e+01   3.6270e+00   0.0000e+00   8.1580e-06   3.1416e+02
20260814_15:00:00   1.9756e-01   5.0261e+01   3.6520e+00   0.0000e+00   4.6380e-06   3.1375e+02
20260814_18:00:00   1.9391e-01   4.9507e+01   3.5861e+00   0.0000e+00   0.0000e+00   3.1377e+02
20260814_21:00:00   1.9032e-01   4.8687e+01   3.5289e+00   0.0000e+00   0.0000e+00   3.1236e+02
20260815_00:00:00   1.8311e-01   4.7113e+01   3.3930e+00   0.0000e+00   0.0000e+00   3.1014e+02
20260815_03:00:00   1.7879e-01   4.6156e+01   3.3207e+00   0.0000e+00   3.1420e-04   3.0872e+02
20260815_06:00:00   1.7780e-01   4.5938e+01   3.3195e+00   0.0000e+00   2.6720e-03   3.0916e+02
20260815_09:00:00   1.8869e-01   4.8165e+01   3.5811e+00   0.0000e+00   1.2056e-02   3.0722e+02
20260815_12:00:00   1.8450e-01   4.7298e+01   3.5228e+00   0.0000e+00   1.9582e-02   3.0312e+02
20260815_15:00:00   1.9617e-01   4.9838e+01   3.7360e+00   0.0000e+00   2.4908e-02   3.0052e+02
20260815_18:00:00   2.3467e-01   5.7836e+01   4.3724e+00   0.0000e+00   2.1825e-02   2.9862e+02
20260815_21:00:00   2.2576e-01   5.6144e+01   4.1199e+00   0.0000e+00   3.9965e-03   2.9591e+02
20260816_00:00:00   2.6801e-01   6.4182e+01   4.9643e+00   0.0000e+00   5.4808e-02   2.9576e+02
