#            date       tau255        Tb[K]      pwv[mm] lwp[kg*m^-2] iwp[kg*m^-2]       o3[DU]
20260827_00:00:00   1.1785e-01   3.2501e+01   2.0188e+00   0.0000e+00   0.0000e+00   3.1259e+02
20260827_01:00:00   1.1762e-01   3.2453e+01   2.0111e+00   0.0000e+00   0.0000e+00   3.1112e+02
20260827_02:00:00   1.1794e-01   3.2517e+01   2.0166e+00   0.0000e+00   0.0000e+00   3.0945e+02
20260827_03:00:00   1.1867e-01   3.2671e+01   2.0288e+00   0.0000e+00   0.0000e+00   3.0854e+02
20260827_04:00:00   1.1805e-01   3.2525e+01   2.0195e+00   0.0000e+00   0.0000e+00   3.0806e+02
20260827_05:00:00   1.1578e-01   3.2013e+01   1.9804e+00   0.0000e+00   0.0000e+00   3.0680e+02
20260827_06:00:00   1.1298e-01   3.1385e+01   1.9317e+00   0.0000e+00   0.0000e+00   3.0593e+02
20260827_07:00:00   1.1036e-01   3.0803e+01   1.8848e+00   0.0000e+00   0.0000e+00   3.0668e+02
20260827_08:00:00   1.0712e-01   3.0078e+01   1.8244e+00   0.0000e+00   0.0000e+00   3.0680e+02
20260827_09:00:00   1.0488e-01   2.9590e+01   1.7822e+00   0.0000e+00   0.0000e+00   3.0672e+02
20260827_10:00:00   1.0411e-01   2.9430e+01   1.7680e+00   0.0000e+00   0.0000e+00   3.0654e+02
20260827_11:00:00   1.0484e-01   2.9616e+01   1.7816e+00   0.0000e+00   0.0000e+00   3.0653e+02
20260827_12:00:00   1.0504e-01   2.9677e+01   1.7863e+00   0.0000e+00   0.0000e+00   3.0632e+02
20260827_13:00:00   1.0453e-01   2.9578e+01   1.7769e+00   0.0000e+00   0.0000e+00   3.0563e+02
20260827_14:00:00   1.0305e-01   2.9264e+01   1.7473e+00   0.0000e+00   0.0000e+00   3.0446e+02
20260827_15:00:00   1.0132e-01   2.8891e+01   1.7109e+00   0.0000e+00   0.0000e+00   3.0407e+02
20260827_16:00:00   1.0018e-01   2.8644e+01   1.6889e+00   0.0000e+00   0.0000e+00   3.0500e+02
20260827_17:00:00   9.9608e-02   2.8507e+01   1.6825e+00   0.0000e+00   0.0000e+00   3.0560e+02
20260827_18:00:00   1.0057e-01   2.8695e+01   1.7107e+00   0.0000e+00   0.0000e+00   3.0585e+02
20260827_19:00:00   1.0103e-01   2.8771e+01   1.7295e+00   0.0000e+00   0.0000e+00   3.0513e+02
20260827_20:00:00   1.0109e-01   2.8761e+01   1.7346e+00   0.0000e+00   0.0000e+00   3.0418e+02
20260827_21:00:00   1.0130e-01   2.8788e+01   1.7405e+00   0.0000e+00   0.0000e+00   3.0390e+02
20260827_22:00:00   1.0054e-01   2.8598e+01   1.7260e+00   0.0000e+00   0.0000e+00   3.0301e+02
20260827_23:00:00   9.9541e-02   2.8361e+01   1.7052e+00   0.0000e+00   6.5260e-06   3.0222e+02
20260828_00:00:00   9.8625e-02   2.8147e+01   1.6857e+00   0.0000e+00   4.4842e-05   3.0146e+02
20260828_01:00:00   9.7559e-02   2.7903e+01   1.6630e+00   0.0000e+00   5.5701e-05   3.0115e+02
20260828_02:00:00   9.6023e-02   2.7557e+01   1.6307e+00   0.0000e+00   3.1140e-05   3.0140e+02
20260828_03:00:00   9.5800e-02   2.7505e+01   1.6244e+00   0.0000e+00   0.0000e+00   3.0111e+02
20260828_04:00:00   9.9056e-02   2.8222e+01   1.6930e+00   0.0000e+00   1.1372e-06   3.0017e+02
20260828_05:00:00   1.0671e-01   2.9898e+01   1.8573e+00   0.0000e+00   0.0000e+00   3.0000e+02
20260828_06:00:00   1.1083e-01   3.0788e+01   1.9442e+00   0.0000e+00   0.0000e+00   2.9977e+02
20260828_07:00:00   1.1418e-01   3.1512e+01   2.0122e+00   0.0000e+00   2.6100e-06   3.0016e+02
20260828_08:00:00   1.1636e-01   3.2009e+01   2.0478e+00   0.0000e+00   8.1580e-06   3.0163e+02
20260828_09:00:00   1.1840e-01   3.2473e+01   2.0850e+00   0.0000e+00   1.1678e-05   3.0196e+02
20260828_10:00:00   1.1869e-01   3.2563e+01   2.0866e+00   0.0000e+00   1.6316e-05   3.0122e+02
20260828_11:00:00   1.1907e-01   3.2679e+01   2.0896e+00   0.0000e+00   1.4134e-05   3.0057e+02
20260828_12:00:00   1.1848e-01   3.2578e+01   2.0738e+00   0.0000e+00   5.5480e-06   3.0018e+02
20260828_13:00:00   1.2032e-01   3.2979e+01   2.1146e+00   0.0000e+00   0.0000e+00   3.0037e+02
20260828_14:00:00   1.1973e-01   3.2875e+01   2.1030e+00   0.0000e+00   0.0000e+00   3.0006e+02
20260828_15:00:00   1.2038e-01   3.3036e+01   2.1139e+00   0.0000e+00   0.0000e+00   2.9942e+02
20260828_16:00:00   1.2144e-01   3.3295e+01   2.1267e+00   0.0000e+00   0.0000e+00   2.9834e+02
20260828_17:00:00   1.2361e-01   3.3809e+01   2.1568e+00   0.0000e+00   0.0000e+00   2.9764e+02
20260828_18:00:00   1.3244e-01   3.5777e+01   2.3096e+00   0.0000e+00   0.0000e+00   2.9735e+02
20260828_19:00:00   1.4182e-01   3.7830e+01   2.4735e+00   0.0000e+00   5.1840e-07   2.9703e+02
20260828_20:00:00   1.4273e-01   3.8013e+01   2.4911e+00   0.0000e+00   3.6780e-06   2.9597e+02
20260828_21:00:00   1.4282e-01   3.7993e+01   2.4988e+00   0.0000e+00   0.0000e+00   2.9359e+02
20260828_22:00:00   1.3883e-01   3.7111e+01   2.4296e+00   0.0000e+00   0.0000e+00   2.9160e+02
20260828_23:00:00   1.3668e-01   3.6615e+01   2.3899e+00   0.0000e+00   5.1830e-07   2.9135e+02
20260829_00:00:00   1.4678e-01   3.8791e+01   2.5667e+00   0.0000e+00   3.9890e-04   2.9217e+02
20260829_01:00:00   1.4999e-01   3.9494e+01   2.6097e+00   0.0000e+00   1.4743e-03   2.9239e+02
20260829_02:00:00   1.4437e-01   3.8321e+01   2.4970e+00   0.0000e+00   1.6679e-03   2.9112e+02
20260829_03:00:00   1.3584e-01   3.6513e+01   2.3291e+00   0.0000e+00   1.6461e-03   2.8973e+02
20260829_04:00:00   1.3008e-01   3.5279e+01   2.2135e+00   0.0000e+00   1.7689e-03   2.8836e+02
20260829_05:00:00   1.2819e-01   3.4883e+01   2.1694e+00   0.0000e+00   1.8837e-03   2.8766e+02
20260829_06:00:00   1.2661e-01   3.4564e+01   2.1385e+00   0.0000e+00   1.5158e-03   2.8777e+02
20260829_07:00:00   1.2364e-01   3.3910e+01   2.0941e+00   0.0000e+00   1.3274e-03   2.8885e+02
20260829_08:00:00   1.2026e-01   3.3148e+01   2.0467e+00   0.0000e+00   1.3505e-03   2.8687e+02
20260829_09:00:00   1.1780e-01   3.2591e+01   2.0121e+00   0.0000e+00   1.4442e-03   2.8380e+02
20260829_10:00:00   1.1713e-01   3.2439e+01   2.0112e+00   0.0000e+00   1.1348e-03   2.8238e+02
20260829_11:00:00   1.1723e-01   3.2471e+01   2.0184e+00   0.0000e+00   1.0176e-03   2.8108e+02
20260829_12:00:00   1.1847e-01   3.2764e+01   2.0479e+00   0.0000e+00   8.2870e-04   2.7944e+02
20260829_13:00:00   1.2045e-01   3.3210e+01   2.1054e+00   0.0000e+00   4.7040e-04   2.7884e+02
20260829_14:00:00   1.2288e-01   3.3746e+01   2.1729e+00   0.0000e+00   2.8096e-04   2.7849e+02
20260829_15:00:00   1.2824e-01   3.4915e+01   2.3006e+00   0.0000e+00   3.6510e-04   2.7707e+02
20260829_16:00:00   1.3995e-01   3.7456e+01   2.5555e+00   0.0000e+00   2.9812e-03   2.7620e+02
20260829_17:00:00   1.6531e-01   4.2894e+01   3.0654e+00   0.0000e+00   4.3146e-03   2.7399e+02
20260829_18:00:00   1.9327e-01   4.8802e+01   3.5947e+00   0.0000e+00   3.7106e-03   2.7380e+02
20260829_19:00:00   2.1087e-01   5.2435e+01   3.9020e+00   0.0000e+00   5.9667e-03   2.7666e+02
20260829_20:00:00   2.1051e-01   5.2430e+01   3.9016e+00   0.0000e+00   2.8310e-03   2.7896e+02
20260829_21:00:00   2.1345e-01   5.3013e+01   3.9374e+00   0.0000e+00   1.1885e-03   2.7783e+02
20260829_22:00:00   2.1852e-01   5.3995e+01   4.0335e+00   0.0000e+00   4.4027e-03   2.7330e+02
20260829_23:00:00   2.2369e-01   5.4978e+01   4.1261e+00   0.0000e+00   8.6696e-03   2.7033e+02
20260830_00:00:00   2.2392e-01   5.5001e+01   4.1209e+00   0.0000e+00   1.2015e-02   2.6932e+02
20260830_01:00:00   2.2362e-01   5.4926e+01   4.1144e+00   0.0000e+00   2.1301e-02   2.7151e+02
20260830_02:00:00   2.2206e-01   5.4596e+01   4.0928e+00   0.0000e+00   2.3161e-02   2.7236e+02
20260830_03:00:00   2.2230e-01   5.4607e+01   4.0714e+00   0.0000e+00   6.5040e-02   2.7255e+02
20260830_04:00:00   2.1941e-01   5.4021e+01   4.0334e+00   0.0000e+00   2.9939e-02   2.7288e+02
20260830_05:00:00   2.1670e-01   5.3435e+01   3.9875e+00   0.0000e+00   2.0026e-02   2.7320e+02
20260830_06:00:00   2.1495e-01   5.3070e+01   3.9509e+00   0.0000e+00   2.4745e-02   2.7453e+02
20260830_07:00:00   2.1311e-01   5.2680e+01   3.9091e+00   0.0000e+00   1.9290e-02   2.7507e+02
20260830_08:00:00   2.1137e-01   5.2334e+01   3.8723e+00   0.0000e+00   1.1023e-02   2.7521e+02
20260830_09:00:00   2.0882e-01   5.1818e+01   3.8211e+00   0.0000e+00   2.1835e-02   2.7516e+02
20260830_10:00:00   2.1091e-01   5.2236e+01   3.8595e+00   0.0000e+00   1.8237e-02   2.7617e+02
20260830_11:00:00   2.1087e-01   5.2260e+01   3.8523e+00   0.0000e+00   3.8460e-02   2.7636e+02
20260830_12:00:00   2.1348e-01   5.2803e+01   3.8969e+00   0.0000e+00   4.0496e-02   2.7779e+02
20260830_13:00:00   2.1402e-01   5.2920e+01   3.9014e+00   0.0000e+00   4.3763e-02   2.7848e+02
20260830_14:00:00   2.1450e-01   5.3030e+01   3.9045e+00   0.0000e+00   5.8182e-02   2.7761e+02
20260830_15:00:00   2.1475e-01   5.3107e+01   3.9145e+00   0.0000e+00   5.3435e-02   2.7666e+02
20260830_16:00:00   2.1606e-01   5.3383e+01   3.9293e+00   0.0000e+00   6.1810e-02   2.7772e+02
20260830_17:00:00   2.1635e-01   5.3455e+01   3.9246e+00   0.0000e+00   7.9795e-02   2.7790e+02
20260830_18:00:00   2.1616e-01   5.3429e+01   3.9110e+00   0.0000e+00   9.3619e-02   2.8016e+02
20260830_19:00:00   2.1450e-01   5.3097e+01   3.8723e+00   0.0000e+00   9.6411e-02   2.8291e+02
20260830_20:00:00   2.0787e-01   5.1796e+01   3.7179e+00   0.0000e+00   1.0753e-01   2.8327e+02
20260830_21:00:00   2.0371e-01   5.0904e+01   3.6302e+00   0.0000e+00   1.1623e-01   2.8355e+02
20260830_22:00:00   1.9789e-01   4.9661e+01   3.5250e+00   0.0000e+00   9.0766e-02   2.8383e+02
20260830_23:00:00   1.9200e-01   4.8379e+01   3.4075e+00   0.0000e+00   8.2161e-02   2.8471e+02
20260831_00:00:00   1.8660e-01   4.7189e+01   3.2940e+00   0.0000e+00   8.7476e-02   2.8588e+02
20260831_01:00:00   1.8095e-01   4.5966e+01   3.1836e+00   0.0000e+00   7.6969e-02   2.8793e+02
20260831_02:00:00   1.7203e-01   4.4110e+01   3.0044e+00   0.0000e+00   4.8950e-02   2.9076e+02
20260831_03:00:00   1.6671e-01   4.2967e+01   2.9052e+00   0.0000e+00   2.3448e-02   2.9241e+02
20260831_04:00:00   1.6264e-01   4.2085e+01   2.8229e+00   0.0000e+00   1.8287e-02   2.9325e+02
20260831_05:00:00   1.5918e-01   4.1324e+01   2.7466e+00   0.0000e+00   2.3627e-02   2.9384e+02
20260831_06:00:00   1.5553e-01   4.0510e+01   2.6676e+00   0.0000e+00   3.6085e-02   2.9399e+02
20260831_07:00:00   1.5284e-01   3.9900e+01   2.6112e+00   0.0000e+00   4.2407e-02   2.9455e+02
20260831_08:00:00   1.5113e-01   3.9510e+01   2.5761e+00   0.0000e+00   4.5711e-02   2.9576e+02
20260831_09:00:00   1.4931e-01   3.9102e+01   2.5477e+00   0.0000e+00   3.2526e-02   2.9620e+02
20260831_10:00:00   1.4879e-01   3.8980e+01   2.5447e+00   0.0000e+00   1.8843e-02   2.9594e+02
20260831_11:00:00   1.4814e-01   3.8829e+01   2.5366e+00   0.0000e+00   1.1601e-02   2.9508e+02
20260831_12:00:00   1.4787e-01   3.8767e+01   2.5331e+00   0.0000e+00   7.1323e-03   2.9539e+02
20260831_13:00:00   1.4743e-01   3.8663e+01   2.5258e+00   0.0000e+00   7.0114e-03   2.9689e+02
20260831_14:00:00   1.4770e-01   3.8717e+01   2.5330e+00   0.0000e+00   6.2684e-03   2.9786e+02
20260831_15:00:00   1.4802e-01   3.8790e+01   2.5387e+00   0.0000e+00   6.5712e-03   2.9802e+02
20260831_16:00:00   1.4805e-01   3.8793e+01   2.5369e+00   0.0000e+00   9.1746e-03   2.9839e+02
20260831_17:00:00   1.4857e-01   3.8916e+01   2.5462e+00   0.0000e+00   8.6210e-03   2.9805e+02
20260831_18:00:00   1.4802e-01   3.8796e+01   2.5361e+00   0.0000e+00   5.7260e-03   2.9735e+02
20260831_19:00:00   1.4756e-01   3.8693e+01   2.5277e+00   0.0000e+00   5.5054e-03   2.9696e+02
20260831_20:00:00   1.4646e-01   3.8439e+01   2.5046e+00   0.0000e+00   7.6975e-03   2.9690e+02
20260831_21:00:00   1.4531e-01   3.8177e+01   2.4816e+00   0.0000e+00   1.0200e-02   2.9740e+02
20260831_22:00:00   1.4368e-01   3.7810e+01   2.4504e+00   0.0000e+00   9.9506e-03   2.9802e+02
20260831_23:00:00   1.4327e-01   3.7716e+01   2.4429e+00   0.0000e+00   7.5983e-03   2.9689e+02
20260901_00:00:00   1.4102e-01   3.7223e+01   2.4045e+00   0.0000e+00   3.0792e-03   2.9511e+02
20260901_03:00:00   1.3745e-01   3.6407e+01   2.3348e+00   0.0000e+00   2.6214e-03   2.9257e+02
20260901_06:00:00   1.3352e-01   3.5548e+01   2.2536e+00   0.0000e+00   6.6302e-03   2.9551e+02
20260901_09:00:00   1.3179e-01   3.5156e+01   2.2224e+00   0.0000e+00   3.1479e-03   2.9894e+02
20260901_12:00:00   1.2848e-01   3.4418e+01   2.1572e+00   0.0000e+00   2.7630e-03   3.0134e+02
20260901_15:00:00   1.2718e-01   3.4123e+01   2.1315e+00   0.0000e+00   2.8542e-03   3.0397e+02
20260901_18:00:00   1.2820e-01   3.4338e+01   2.1475e+00   0.0000e+00   5.7792e-03   3.0485e+02
20260901_21:00:00   1.2843e-01   3.4353e+01   2.1476e+00   0.0000e+00   1.2847e-02   3.0491e+02
20260902_00:00:00   1.2849e-01   3.4311e+01   2.1414e+00   0.0000e+00   3.2245e-02   3.0560e+02
20260902_03:00:00   1.2609e-01   3.3763e+01   2.0903e+00   0.0000e+00   3.3541e-02   3.0471e+02
20260902_06:00:00   1.2328e-01   3.3122e+01   2.0352e+00   0.0000e+00   2.9031e-02   3.0461e+02
20260902_09:00:00   1.2224e-01   3.2890e+01   2.0134e+00   0.0000e+00   2.2063e-02   3.0773e+02
20260902_12:00:00   1.2168e-01   3.2805e+01   2.0125e+00   0.0000e+00   2.5081e-03   3.0864e+02
20260902_15:00:00   1.2195e-01   3.2899e+01   2.0125e+00   0.0000e+00   3.4323e-04   3.1090e+02
20260902_18:00:00   1.2198e-01   3.2943e+01   2.0068e+00   0.0000e+00   5.0790e-04   3.1452e+02
20260902_21:00:00   1.2038e-01   3.2604e+01   1.9736e+00   0.0000e+00   1.1536e-03   3.1640e+02
20260903_00:00:00   1.1819e-01   3.2134e+01   1.9381e+00   0.0000e+00   4.7503e-05   3.1394e+02
20260903_03:00:00   1.1354e-01   3.1148e+01   1.8567e+00   0.0000e+00   3.5149e-04   3.0861e+02
20260903_06:00:00   1.0860e-01   3.0096e+01   1.7667e+00   0.0000e+00   2.5461e-05   3.0840e+02
20260903_09:00:00   1.0940e-01   3.0331e+01   1.7738e+00   0.0000e+00   4.7449e-05   3.1041e+02
20260903_12:00:00   1.1648e-01   3.1995e+01   1.8955e+00   0.0000e+00   2.0490e-05   3.0957e+02
20260903_15:00:00   1.2036e-01   3.2937e+01   1.9684e+00   0.0000e+00   1.3705e-05   3.1028e+02
20260903_18:00:00   1.1488e-01   3.1749e+01   1.8779e+00   0.0000e+00   8.1580e-06   3.0663e+02
20260903_21:00:00   1.1053e-01   3.0767e+01   1.8023e+00   0.0000e+00   1.4924e-05   3.0835e+02
20260904_00:00:00   1.0263e-01   2.8983e+01   1.6629e+00   0.0000e+00   1.8050e-05   3.0711e+02
20260904_03:00:00   9.5687e-02   2.7412e+01   1.5410e+00   0.0000e+00   9.8690e-06   3.0826e+02
20260904_06:00:00   8.8400e-02   2.5746e+01   1.4157e+00   0.0000e+00   9.8440e-06   3.0570e+02
20260904_09:00:00   8.8436e-02   2.5758e+01   1.4293e+00   0.0000e+00   6.6600e-06   3.0605e+02
20260904_12:00:00   8.8222e-02   2.5768e+01   1.4367e+00   0.0000e+00   0.0000e+00   3.0757e+02
20260904_15:00:00   7.7283e-02   2.3250e+01   1.2308e+00   0.0000e+00   0.0000e+00   3.0443e+02
20260904_18:00:00   7.6570e-02   2.3063e+01   1.2391e+00   0.0000e+00   0.0000e+00   2.9890e+02
20260904_21:00:00   9.3975e-02   2.7022e+01   1.6111e+00   0.0000e+00   0.0000e+00   2.9588e+02
20260905_00:00:00   1.0536e-01   2.9641e+01   1.8227e+00   0.0000e+00   2.1820e-06   3.0035e+02
20260905_03:00:00   9.8052e-02   2.8090e+01   1.6678e+00   0.0000e+00   2.6100e-06   3.0257e+02
20260905_06:00:00   1.0300e-01   2.9202e+01   1.7966e+00   0.0000e+00   1.2209e-03   2.9395e+02
20260905_09:00:00   1.0778e-01   3.0267e+01   1.9359e+00   0.0000e+00   2.8082e-03   2.8958e+02
20260905_12:00:00   1.1946e-01   3.2852e+01   2.2203e+00   0.0000e+00   2.9107e-03   2.8613e+02
20260905_15:00:00   1.4071e-01   3.7579e+01   2.6875e+00   0.0000e+00   4.4451e-03   2.7910e+02
20260905_18:00:00   1.7576e-01   4.5124e+01   3.4034e+00   0.0000e+00   4.9429e-03   2.7734e+02
20260905_21:00:00   2.1363e-01   5.3120e+01   4.1213e+00   0.0000e+00   6.6396e-04   2.7758e+02
20260906_00:00:00   2.2660e-01   5.5899e+01   4.3428e+00   0.0000e+00   2.8782e-03   2.7962e+02
20260906_03:00:00   2.4409e-01   5.9574e+01   4.6350e+00   0.0000e+00   2.7126e-03   2.8110e+02
20260906_06:00:00   2.5294e-01   6.1373e+01   4.8572e+00   0.0000e+00   5.4113e-03   2.7992e+02
20260906_09:00:00   2.5504e-01   6.1881e+01   4.9283e+00   0.0000e+00   1.5550e-03   2.7894e+02
20260906_12:00:00   2.5263e-01   6.1564e+01   4.8271e+00   0.0000e+00   5.5842e-04   2.7517e+02
20260906_15:00:00   2.3923e-01   5.9105e+01   4.6101e+00   0.0000e+00   1.1695e-03   2.7323e+02
20260906_18:00:00   2.1887e-01   5.5003e+01   4.2626e+00   0.0000e+00   2.6210e-04   2.7136e+02
20260906_21:00:00   2.0257e-01   5.1710e+01   3.9374e+00   0.0000e+00   3.6960e-05   2.7108e+02
20260907_00:00:00   1.8770e-01   4.8587e+01   3.6480e+00   0.0000e+00   1.4032e-05   2.7071e+02
20260907_03:00:00   1.6672e-01   4.4179e+01   3.2255e+00   0.0000e+00   0.0000e+00   2.6859e+02
20260907_06:00:00   1.3855e-01   3.8014e+01   2.6524e+00   0.0000e+00   0.0000e+00   2.6471e+02
20260907_09:00:00   1.1449e-01   3.2554e+01   2.1646e+00   0.0000e+00   0.0000e+00   2.6699e+02
20260907_12:00:00   1.0236e-01   2.9761e+01   1.9059e+00   0.0000e+00   0.0000e+00   2.6697e+02
20260907_15:00:00   9.5405e-02   2.8165e+01   1.7646e+00   0.0000e+00   5.4560e-06   2.6415e+02
20260907_18:00:00   9.0425e-02   2.6985e+01   1.6652e+00   0.0000e+00   2.5810e-04   2.6102e+02
20260907_21:00:00   9.2108e-02   2.7387e+01   1.6980e+00   0.0000e+00   3.2682e-03   2.5856e+02
20260908_00:00:00   1.0663e-01   3.0752e+01   2.0115e+00   0.0000e+00   1.4694e-03   2.5336e+02
20260908_03:00:00   1.0469e-01   3.0435e+01   1.9312e+00   0.0000e+00   2.1280e-04   2.5324e+02
20260908_06:00:00   9.5665e-02   2.8340e+01   1.7410e+00   0.0000e+00   0.0000e+00   2.5712e+02
20260908_09:00:00   1.1397e-01   3.2465e+01   2.1000e+00   0.0000e+00   5.7960e-05   2.6150e+02
20260908_12:00:00   2.3720e-01   5.8734e+01   4.4579e+00   0.0000e+00   9.2160e-03   2.6870e+02
20260908_15:00:00   2.8750e-01   6.8107e+01   5.4038e+00   0.0000e+00   6.9853e-02   2.6897e+02
20260908_18:00:00   2.2688e-01   5.6105e+01   4.1847e+00   0.0000e+00   3.0922e-02   2.7433e+02
20260908_21:00:00   2.2815e-01   5.5792e+01   4.2317e+00   0.0000e+00   5.6224e-02   2.7964e+02
20260909_00:00:00   1.3991e-01   3.7315e+01   2.4598e+00   0.0000e+00   8.6542e-03   2.8982e+02
20260909_03:00:00   1.1798e-01   3.2356e+01   2.0281e+00   0.0000e+00   1.3123e-03   2.9300e+02
20260909_06:00:00   1.5742e-01   4.0703e+01   2.8246e+00   0.0000e+00   4.5503e-04   2.8389e+02
20260909_09:00:00   1.6051e-01   4.1338e+01   2.8355e+00   0.0000e+00   1.6107e-02   2.8441e+02
20260909_12:00:00   1.3711e-01   3.6455e+01   2.3357e+00   0.0000e+00   1.8823e-03   2.9052e+02
20260909_15:00:00   1.3340e-01   3.5728e+01   2.2514e+00   0.0000e+00   4.2065e-03   2.8684e+02
20260909_18:00:00   1.4743e-01   3.8717e+01   2.5554e+00   0.0000e+00   5.9226e-03   2.8031e+02
20260909_21:00:00   1.5940e-01   4.1259e+01   2.8160e+00   0.0000e+00   5.9790e-03   2.8194e+02
20260910_00:00:00   1.7874e-01   4.5235e+01   3.2451e+00   0.0000e+00   4.9267e-02   2.7615e+02
20260910_03:00:00   1.8563e-01   4.6684e+01   3.4067e+00   0.0000e+00   6.7231e-02   2.7482e+02
20260910_06:00:00   1.9676e-01   4.9043e+01   3.6744e+00   0.0000e+00   5.8978e-02   2.7466e+02
20260910_09:00:00   2.1219e-01   5.2283e+01   4.0416e+00   0.0000e+00   5.3708e-02   2.6906e+02
20260910_12:00:00   2.2955e-01   5.5901e+01   4.4367e+00   0.0000e+00   4.4710e-02   2.6078e+02
20260910_15:00:00   2.5137e-01   6.0529e+01   4.8434e+00   0.0000e+00   7.6267e-02   2.5205e+02
20260910_18:00:00   2.7892e-01   6.6312e+01   5.3302e+00   0.0000e+00   1.0389e-01   2.5787e+02
20260910_21:00:00   2.8026e-01   6.6548e+01   5.2950e+00   0.0000e+00   2.3469e-01   2.7126e+02
20260911_00:00:00   2.7141e-01   6.4828e+01   5.1910e+00   0.0000e+00   7.7079e-02   2.7918e+02
20260911_03:00:00   2.7584e-01   6.5901e+01   5.2938e+00   0.0000e+00   2.8017e-02   2.8454e+02
20260911_06:00:00   2.6130e-01   6.3162e+01   4.9457e+00   0.0000e+00   2.7050e-02   2.7775e+02
20260911_09:00:00   2.5777e-01   6.2523e+01   4.9878e+00   0.0000e+00   1.2802e-02   2.7994e+02
20260911_12:00:00   2.8755e-01   6.8129e+01   5.4165e+00   0.0000e+00   1.9017e-01   2.8390e+02
20260911_15:00:00   2.9050e-01   6.8681e+01   5.4287e+00   0.0000e+00   2.7997e-01   2.8567e+02
20260911_18:00:00   2.7656e-01   6.5968e+01   5.1848e+00   0.0000e+00   2.0306e-01   2.8511e+02
20260911_21:00:00   2.4890e-01   6.0631e+01   4.6495e+00   0.0000e+00   3.9126e-02   2.8704e+02
20260912_00:00:00   2.2919e-01   5.6575e+01   4.2773e+00   0.0000e+00   1.6326e-02   2.9140e+02
