#            date       tau255        Tb[K]      pwv[mm] lwp[kg*m^-2] iwp[kg*m^-2]       o3[DU]
20260927_00:00:00   1.2466e-01   3.3412e+01   2.0816e+00   0.0000e+00   2.0276e-02   3.6250e+02
20260927_01:00:00   1.2494e-01   3.3472e+01   2.0843e+00   0.0000e+00   2.5315e-02   3.6294e+02
20260927_02:00:00   1.2476e-01   3.3425e+01   2.0789e+00   0.0000e+00   2.9900e-02   3.6345e+02
20260927_03:00:00   1.2467e-01   3.3399e+01   2.0783e+00   0.0000e+00   2.9228e-02   3.6353e+02
20260927_04:00:00   1.2424e-01   3.3294e+01   2.0729e+00   0.0000e+00   2.3702e-02   3.6030e+02
20260927_05:00:00   1.2428e-01   3.3300e+01   2.0732e+00   0.0000e+00   2.5891e-02   3.5943e+02
20260927_06:00:00   1.2409e-01   3.3258e+01   2.0708e+00   0.0000e+00   2.3576e-02   3.6090e+02
20260927_07:00:00   1.2384e-01   3.3205e+01   2.0657e+00   0.0000e+00   2.0393e-02   3.6256e+02
20260927_08:00:00   1.2357e-01   3.3149e+01   2.0547e+00   0.0000e+00   2.5514e-02   3.6416e+02
20260927_09:00:00   1.2335e-01   3.3106e+01   2.0430e+00   0.0000e+00   3.3241e-02   3.6348e+02
20260927_10:00:00   1.2292e-01   3.3020e+01   2.0284e+00   0.0000e+00   3.7863e-02   3.6311e+02
20260927_11:00:00   1.2221e-01   3.2871e+01   2.0150e+00   0.0000e+00   3.0343e-02   3.6809e+02
20260927_12:00:00   1.2097e-01   3.2611e+01   1.9957e+00   0.0000e+00   1.4971e-02   3.6801e+02
20260927_13:00:00   1.1991e-01   3.2399e+01   1.9759e+00   0.0000e+00   5.5429e-03   3.6269e+02
20260927_14:00:00   1.1846e-01   3.2107e+01   1.9471e+00   0.0000e+00   2.8370e-03   3.5804e+02
20260927_15:00:00   1.1813e-01   3.2041e+01   1.9387e+00   0.0000e+00   2.8728e-03   3.5509e+02
20260927_16:00:00   1.1863e-01   3.2147e+01   1.9465e+00   0.0000e+00   4.2781e-03   3.5642e+02
20260927_17:00:00   1.1795e-01   3.2005e+01   1.9329e+00   0.0000e+00   3.9925e-03   3.5844e+02
20260927_18:00:00   1.1635e-01   3.1666e+01   1.9010e+00   0.0000e+00   2.6460e-03   3.6341e+02
20260927_19:00:00   1.1401e-01   3.1160e+01   1.8542e+00   0.0000e+00   2.1189e-03   3.6476e+02
20260927_20:00:00   1.1111e-01   3.0538e+01   1.7974e+00   0.0000e+00   1.5220e-03   3.6362e+02
20260927_21:00:00   1.0751e-01   2.9761e+01   1.7270e+00   0.0000e+00   1.2177e-03   3.6313e+02
20260927_22:00:00   1.0504e-01   2.9226e+01   1.6774e+00   0.0000e+00   1.0247e-03   3.5888e+02
20260927_23:00:00   1.0200e-01   2.8561e+01   1.6156e+00   0.0000e+00   1.1354e-03   3.5133e+02
20260928_00:00:00   9.9152e-02   2.7931e+01   1.5584e+00   0.0000e+00   1.4017e-03   3.4838e+02
20260928_01:00:00   9.7370e-02   2.7537e+01   1.5257e+00   0.0000e+00   1.4334e-03   3.4906e+02
20260928_02:00:00   9.4858e-02   2.6972e+01   1.4806e+00   0.0000e+00   1.3832e-03   3.5331e+02
20260928_03:00:00   9.2442e-02   2.6422e+01   1.4368e+00   0.0000e+00   1.0674e-03   3.5652e+02
20260928_04:00:00   8.9513e-02   2.5756e+01   1.3838e+00   0.0000e+00   5.3508e-04   3.5848e+02
20260928_05:00:00   8.6774e-02   2.5135e+01   1.3337e+00   0.0000e+00   4.2408e-04   3.5994e+02
20260928_06:00:00   8.5280e-02   2.4786e+01   1.3071e+00   0.0000e+00   6.0067e-04   3.5750e+02
20260928_07:00:00   8.3711e-02   2.4419e+01   1.2815e+00   0.0000e+00   5.4527e-04   3.5238e+02
20260928_08:00:00   8.1738e-02   2.3961e+01   1.2503e+00   0.0000e+00   4.1150e-04   3.4601e+02
20260928_09:00:00   7.9323e-02   2.3395e+01   1.2109e+00   0.0000e+00   2.6003e-04   3.4021e+02
20260928_10:00:00   7.7349e-02   2.2936e+01   1.1796e+00   0.0000e+00   2.4984e-04   3.3714e+02
20260928_11:00:00   7.5703e-02   2.2551e+01   1.1517e+00   0.0000e+00   5.4840e-05   3.3607e+02
20260928_12:00:00   7.4905e-02   2.2368e+01   1.1392e+00   0.0000e+00   7.9070e-05   3.3471e+02
20260928_13:00:00   7.4844e-02   2.2349e+01   1.1402e+00   0.0000e+00   1.1034e-04   3.3246e+02
20260928_14:00:00   7.5013e-02   2.2379e+01   1.1456e+00   0.0000e+00   5.7820e-05   3.2973e+02
20260928_15:00:00   7.5237e-02   2.2422e+01   1.1528e+00   0.0000e+00   3.8130e-05   3.2924e+02
20260928_16:00:00   7.5848e-02   2.2552e+01   1.1662e+00   0.0000e+00   9.0392e-05   3.2928e+02
20260928_17:00:00   7.6451e-02   2.2681e+01   1.1792e+00   0.0000e+00   3.8274e-04   3.3009e+02
20260928_18:00:00   7.6420e-02   2.2667e+01   1.1786e+00   0.0000e+00   1.8340e-03   3.3190e+02
20260928_19:00:00   7.6624e-02   2.2707e+01   1.1825e+00   0.0000e+00   3.1251e-03   3.3418e+02
20260928_20:00:00   7.6737e-02   2.2725e+01   1.1863e+00   0.0000e+00   2.0979e-03   3.3353e+02
20260928_21:00:00   7.7553e-02   2.2898e+01   1.2050e+00   0.0000e+00   1.2810e-03   3.3026e+02
20260928_22:00:00   7.9034e-02   2.3224e+01   1.2360e+00   0.0000e+00   1.3580e-03   3.2462e+02
20260928_23:00:00   8.0117e-02   2.3460e+01   1.2574e+00   0.0000e+00   7.4274e-04   3.2250e+02
20260929_00:00:00   7.9981e-02   2.3422e+01   1.2542e+00   0.0000e+00   2.0743e-04   3.2256e+02
20260929_01:00:00   7.9902e-02   2.3397e+01   1.2524e+00   0.0000e+00   1.4151e-04   3.2392e+02
20260929_02:00:00   7.9607e-02   2.3327e+01   1.2460e+00   0.0000e+00   3.5128e-04   3.2415e+02
20260929_03:00:00   7.9350e-02   2.3266e+01   1.2404e+00   0.0000e+00   2.5908e-04   3.2224e+02
20260929_04:00:00   7.8592e-02   2.3096e+01   1.2252e+00   0.0000e+00   3.3371e-05   3.2116e+02
20260929_05:00:00   7.7432e-02   2.2840e+01   1.2030e+00   0.0000e+00   1.6316e-05   3.2336e+02
20260929_06:00:00   7.7821e-02   2.2921e+01   1.2095e+00   0.0000e+00   2.3250e-05   3.2622e+02
20260929_07:00:00   7.7926e-02   2.2946e+01   1.2103e+00   0.0000e+00   1.6316e-05   3.2706e+02
20260929_08:00:00   7.7738e-02   2.2908e+01   1.2067e+00   0.0000e+00   1.6316e-05   3.2796e+02
20260929_09:00:00   7.7967e-02   2.2960e+01   1.2110e+00   0.0000e+00   1.7515e-05   3.2875e+02
20260929_10:00:00   7.8071e-02   2.2986e+01   1.2129e+00   0.0000e+00   1.6316e-05   3.2658e+02
20260929_11:00:00   7.8100e-02   2.2989e+01   1.2129e+00   0.0000e+00   1.6316e-05   3.2430e+02
20260929_12:00:00   7.7879e-02   2.2944e+01   1.2095e+00   0.0000e+00   1.6316e-05   3.2371e+02
20260929_13:00:00   7.7150e-02   2.2787e+01   1.1966e+00   0.0000e+00   1.7354e-05   3.2403e+02
20260929_14:00:00   7.6574e-02   2.2663e+01   1.1855e+00   0.0000e+00   1.3705e-05   3.2546e+02
20260929_15:00:00   7.6110e-02   2.2558e+01   1.1761e+00   0.0000e+00   1.3705e-05   3.2803e+02
20260929_16:00:00   7.6359e-02   2.2620e+01   1.1801e+00   0.0000e+00   1.8594e-05   3.3067e+02
20260929_17:00:00   7.6744e-02   2.2715e+01   1.1840e+00   0.0000e+00   2.7111e-05   3.3478e+02
20260929_18:00:00   7.7423e-02   2.2875e+01   1.1919e+00   0.0000e+00   1.3627e-04   3.3661e+02
20260929_19:00:00   7.7464e-02   2.2889e+01   1.1868e+00   0.0000e+00   1.5183e-04   3.3591e+02
20260929_20:00:00   7.7335e-02   2.2867e+01   1.1794e+00   0.0000e+00   3.3611e-04   3.3421e+02
20260929_21:00:00   7.8984e-02   2.3248e+01   1.2026e+00   0.0000e+00   1.0151e-03   3.3294e+02
20260929_22:00:00   8.2573e-02   2.4059e+01   1.2689e+00   0.0000e+00   1.6161e-03   3.3152e+02
20260929_23:00:00   8.7083e-02   2.5058e+01   1.3575e+00   0.0000e+00   1.7508e-03   3.3091e+02
20260930_00:00:00   9.0096e-02   2.5717e+01   1.4176e+00   0.0000e+00   1.5356e-03   3.2665e+02
20260930_01:00:00   9.1037e-02   2.5923e+01   1.4366e+00   0.0000e+00   1.0705e-03   3.2238e+02
20260930_02:00:00   9.1176e-02   2.5953e+01   1.4416e+00   0.0000e+00   7.5553e-04   3.2138e+02
20260930_03:00:00   9.1913e-02   2.6111e+01   1.4576e+00   0.0000e+00   1.8152e-03   3.2272e+02
20260930_04:00:00   9.4101e-02   2.6587e+01   1.4998e+00   0.0000e+00   2.6297e-03   3.2388e+02
20260930_05:00:00   9.3165e-02   2.6370e+01   1.4817e+00   0.0000e+00   2.6416e-03   3.2200e+02
20260930_06:00:00   9.0712e-02   2.5812e+01   1.4382e+00   0.0000e+00   3.3969e-03   3.2122e+02
20260930_07:00:00   8.9510e-02   2.5552e+01   1.4146e+00   0.0000e+00   2.8107e-03   3.2048e+02
20260930_08:00:00   9.2173e-02   2.6156e+01   1.4597e+00   0.0000e+00   2.9384e-03   3.2006e+02
20260930_09:00:00   9.6172e-02   2.7046e+01   1.5292e+00   0.0000e+00   5.3365e-03   3.2058e+02
20260930_10:00:00   9.6070e-02   2.7063e+01   1.5153e+00   0.0000e+00   6.1615e-03   3.2243e+02
20260930_11:00:00   9.9642e-02   2.7890e+01   1.5677e+00   0.0000e+00   6.7180e-03   3.2500e+02
20260930_12:00:00   1.0223e-01   2.8483e+01   1.6072e+00   0.0000e+00   4.2085e-03   3.2551e+02
20260930_13:00:00   1.0294e-01   2.8650e+01   1.6160e+00   0.0000e+00   3.9321e-03   3.2465e+02
20260930_14:00:00   1.0166e-01   2.8390e+01   1.5884e+00   0.0000e+00   2.4757e-03   3.2352e+02
20260930_15:00:00   1.0003e-01   2.8052e+01   1.5557e+00   0.0000e+00   8.9592e-04   3.2153e+02
20260930_16:00:00   1.0009e-01   2.8073e+01   1.5681e+00   0.0000e+00   3.7461e-05   3.1813e+02
20260930_17:00:00   9.8484e-02   2.7733e+01   1.5471e+00   0.0000e+00   2.0812e-05   3.1337e+02
20260930_18:00:00   9.5457e-02   2.7091e+01   1.4971e+00   0.0000e+00   1.4093e-05   3.1051e+02
20260930_19:00:00   9.3108e-02   2.6603e+01   1.4551e+00   0.0000e+00   1.3335e-05   3.1115e+02
20260930_20:00:00   9.1290e-02   2.6219e+01   1.4411e+00   0.0000e+00   5.0781e-05   3.0834e+02
20260930_21:00:00   9.2789e-02   2.6556e+01   1.4969e+00   0.0000e+00   3.4497e-04   3.0358e+02
20260930_22:00:00   9.8975e-02   2.7935e+01   1.6482e+00   0.0000e+00   3.1059e-03   2.9993e+02
20260930_23:00:00   1.1464e-01   3.1406e+01   1.9878e+00   0.0000e+00   6.2420e-03   2.9834e+02
20261001_00:00:00   1.2680e-01   3.4097e+01   2.2530e+00   0.0000e+00   1.6151e-02   2.9772e+02
20261001_01:00:00   1.3534e-01   3.6005e+01   2.4231e+00   0.0000e+00   1.8540e-02   2.9795e+02
20261001_02:00:00   1.4578e-01   3.8273e+01   2.6579e+00   0.0000e+00   2.3121e-02   2.9840e+02
20261001_03:00:00   1.7619e-01   4.4717e+01   3.2777e+00   0.0000e+00   3.9559e-02   2.9616e+02
20261001_04:00:00   2.0322e-01   5.0332e+01   3.7714e+00   0.0000e+00   1.1712e-01   2.9227e+02
20261001_05:00:00   2.0808e-01   5.1434e+01   3.9080e+00   0.0000e+00   4.9694e-02   2.8831e+02
20261001_06:00:00   2.1394e-01   5.2699e+01   4.0505e+00   0.0000e+00   2.7366e-02   2.8442e+02
20261001_07:00:00   2.2179e-01   5.4376e+01   4.2208e+00   0.0000e+00   2.5799e-02   2.8040e+02
20261001_08:00:00   2.4114e-01   5.8284e+01   4.5492e+00   0.0000e+00   1.6680e-01   2.7836e+02
20261001_09:00:00   2.4828e-01   5.9776e+01   4.6709e+00   0.0000e+00   1.8924e-01   2.7699e+02
20261001_10:00:00   2.4938e-01   6.0073e+01   4.6996e+00   0.0000e+00   1.4698e-01   2.7675e+02
20261001_11:00:00   2.5064e-01   6.0411e+01   4.7468e+00   0.0000e+00   8.8853e-02   2.7567e+02
20261001_12:00:00   2.5307e-01   6.0912e+01   4.7505e+00   0.0000e+00   1.7375e-01   2.7567e+02
20261001_13:00:00   2.5254e-01   6.0781e+01   4.7441e+00   0.0000e+00   1.5566e-01   2.7518e+02
20261001_14:00:00   2.4739e-01   5.9786e+01   4.6331e+00   0.0000e+00   1.6238e-01   2.7821e+02
20261001_15:00:00   2.4216e-01   5.8723e+01   4.5656e+00   0.0000e+00   8.7891e-02   2.8195e+02
20261001_16:00:00   2.4423e-01   5.9112e+01   4.4937e+00   0.0000e+00   2.6413e-01   2.8603e+02
20261001_17:00:00   2.2358e-01   5.5001e+01   4.1788e+00   0.0000e+00   6.1925e-02   2.8988e+02
20261001_18:00:00   2.0545e-01   5.1319e+01   3.8240e+00   0.0000e+00   2.7490e-02   2.9333e+02
20261001_19:00:00   2.0312e-01   5.0765e+01   3.7575e+00   0.0000e+00   5.7303e-02   2.9254e+02
20261001_20:00:00   2.0791e-01   5.1678e+01   3.8306e+00   0.0000e+00   6.5943e-02   2.9235e+02
20261001_21:00:00   2.1196e-01   5.2428e+01   3.8409e+00   0.0000e+00   1.7451e-01   2.9470e+02
20261001_22:00:00   2.0878e-01   5.1744e+01   3.6943e+00   0.0000e+00   3.2527e-01   2.9940e+02
20261001_23:00:00   2.0386e-01   5.0768e+01   3.6069e+00   0.0000e+00   2.6417e-01   3.0425e+02
20261002_00:00:00   1.9608e-01   4.9184e+01   3.4877e+00   0.0000e+00   1.4463e-01   3.0899e+02
20261002_03:00:00   1.8075e-01   4.6023e+01   3.2456e+00   0.0000e+00   5.3780e-03   3.1169e+02
20261002_06:00:00   1.7545e-01   4.4872e+01   3.1062e+00   0.0000e+00   6.9406e-03   3.0955e+02
20261002_09:00:00   1.7112e-01   4.3980e+01   3.0242e+00   0.0000e+00   7.6146e-03   3.0799e+02
20261002_12:00:00   1.7076e-01   4.3861e+01   3.0260e+00   0.0000e+00   3.6927e-03   3.0665e+02
20261002_15:00:00   1.6351e-01   4.2334e+01   2.8981e+00   0.0000e+00   1.8073e-03   3.0862e+02
20261002_18:00:00   1.5952e-01   4.1506e+01   2.8121e+00   0.0000e+00   7.0270e-04   3.0233e+02
20261002_21:00:00   1.5133e-01   3.9803e+01   2.6233e+00   0.0000e+00   1.7524e-03   3.0990e+02
20261003_00:00:00   1.4493e-01   3.8498e+01   2.4820e+00   0.0000e+00   1.8658e-03   3.0691e+02
20261003_03:00:00   1.0536e-01   2.9583e+01   1.8532e+00   0.0000e+00   2.3244e-03   3.0023e+02
20261003_06:00:00   1.2901e-01   3.4831e+01   2.3984e+00   0.0000e+00   5.0284e-03   3.0371e+02
20261003_09:00:00   1.4416e-01   3.8209e+01   2.7757e+00   0.0000e+00   4.8626e-03   2.9771e+02
20261003_12:00:00   1.4045e-01   3.7563e+01   2.7369e+00   0.0000e+00   1.0168e-03   2.9853e+02
20261003_15:00:00   1.5260e-01   4.0213e+01   3.0239e+00   0.0000e+00   7.9439e-03   2.9371e+02
20261003_18:00:00   1.4099e-01   3.7765e+01   2.8005e+00   0.0000e+00   2.1121e-03   2.8341e+02
20261003_21:00:00   1.8570e-01   4.7583e+01   3.5738e+00   0.0000e+00   8.1063e-03   2.8145e+02
20261004_00:00:00   2.3628e-01   5.7793e+01   4.5741e+00   0.0000e+00   3.1510e-02   2.8648e+02
20261004_03:00:00   2.3927e-01   5.8254e+01   4.5713e+00   0.0000e+00   7.3781e-02   2.8996e+02
20261004_06:00:00   2.3056e-01   5.6332e+01   4.2587e+00   0.0000e+00   1.6877e-01   2.9757e+02
20261004_09:00:00   2.0645e-01   5.1402e+01   3.7491e+00   0.0000e+00   1.2806e-01   3.0728e+02
20261004_12:00:00   1.9220e-01   4.8301e+01   3.4349e+00   0.0000e+00   1.6561e-01   3.1426e+02
20261004_15:00:00   1.7747e-01   4.5184e+01   3.1785e+00   0.0000e+00   5.0217e-02   3.1485e+02
20261004_18:00:00   1.7003e-01   4.3586e+01   2.9748e+00   0.0000e+00   1.2772e-01   3.1956e+02
20261004_21:00:00   1.5606e-01   4.0619e+01   2.7036e+00   0.0000e+00   7.1512e-02   3.2318e+02
20261005_00:00:00   1.4773e-01   3.8810e+01   2.5551e+00   0.0000e+00   2.3369e-02   3.2728e+02
20261005_03:00:00   1.4107e-01   3.7306e+01   2.4191e+00   0.0000e+00   3.0640e-02   3.2977e+02
20261005_06:00:00   1.3494e-01   3.5888e+01   2.2815e+00   0.0000e+00   6.9100e-02   3.3282e+02
20261005_09:00:00   1.3206e-01   3.5233e+01   2.2480e+00   0.0000e+00   2.0908e-02   3.3409e+02
20261005_12:00:00   1.2728e-01   3.4154e+01   2.1426e+00   0.0000e+00   3.3854e-02   3.3667e+02
20261005_15:00:00   1.2700e-01   3.4075e+01   2.1434e+00   0.0000e+00   1.9178e-02   3.3647e+02
20261005_18:00:00   1.2544e-01   3.3716e+01   2.1146e+00   0.0000e+00   1.5881e-02   3.3808e+02
20261005_21:00:00   1.2395e-01   3.3381e+01   2.0900e+00   0.0000e+00   8.9854e-03   3.3754e+02
20261006_00:00:00   1.2593e-01   3.3779e+01   2.1381e+00   0.0000e+00   9.4526e-03   3.3410e+02
20261006_03:00:00   1.3029e-01   3.4689e+01   2.2317e+00   0.0000e+00   1.6481e-02   3.3028e+02
20261006_06:00:00   1.2922e-01   3.4440e+01   2.1857e+00   0.0000e+00   5.3493e-02   3.2371e+02
20261006_09:00:00   1.2458e-01   3.3375e+01   2.0864e+00   0.0000e+00   6.2105e-02   3.1864e+02
20261006_12:00:00   1.2144e-01   3.2665e+01   2.0328e+00   0.0000e+00   3.0669e-02   3.2028e+02
20261006_15:00:00   1.1632e-01   3.1546e+01   1.9337e+00   0.0000e+00   7.1088e-03   3.2241e+02
20261006_18:00:00   1.1267e-01   3.0763e+01   1.8629e+00   0.0000e+00   9.6553e-04   3.2472e+02
20261006_21:00:00   1.0708e-01   2.9554e+01   1.7542e+00   0.0000e+00   5.7788e-04   3.3407e+02
20261007_00:00:00   1.0610e-01   2.9340e+01   1.7411e+00   0.0000e+00   1.1838e-04   3.2775e+02
20261007_03:00:00   1.0764e-01   2.9666e+01   1.7810e+00   0.0000e+00   1.2707e-04   3.0841e+02
20261007_06:00:00   1.0465e-01   2.9055e+01   1.7245e+00   0.0000e+00   1.9906e-05   3.0451e+02
20261007_09:00:00   9.7337e-02   2.7473e+01   1.5766e+00   0.0000e+00   1.1678e-05   3.1374e+02
20261007_12:00:00   8.2050e-02   2.4096e+01   1.2784e+00   0.0000e+00   4.2820e-07   3.1750e+02
20261007_15:00:00   7.7664e-02   2.3098e+01   1.2215e+00   0.0000e+00   7.2480e-06   3.1648e+02
20261007_18:00:00   1.1473e-01   3.1428e+01   1.9517e+00   0.0000e+00   1.2720e-02   3.1170e+02
20261007_21:00:00   1.4662e-01   3.8398e+01   2.5293e+00   0.0000e+00   8.7469e-02   3.0097e+02
20261008_00:00:00   1.6032e-01   4.1155e+01   2.8859e+00   0.0000e+00   1.0646e-01   2.9453e+02
20261008_03:00:00   1.5470e-01   3.9909e+01   2.7969e+00   0.0000e+00   9.4347e-02   2.9260e+02
20261008_06:00:00   1.5410e-01   3.9776e+01   2.7712e+00   0.0000e+00   1.1692e-01   2.8715e+02
20261008_09:00:00   1.4740e-01   3.8328e+01   2.6369e+00   0.0000e+00   6.2658e-02   2.9021e+02
20261008_12:00:00   1.1166e-01   3.0574e+01   1.9384e+00   0.0000e+00   1.5394e-02   2.9423e+02
20261008_15:00:00   1.0897e-01   2.9856e+01   1.8567e+00   0.0000e+00   2.4561e-02   2.9460e+02
20261008_18:00:00   1.0039e-01   2.7886e+01   1.6592e+00   0.0000e+00   1.2677e-02   3.0024e+02
20261008_21:00:00   9.5967e-02   2.6843e+01   1.5552e+00   0.0000e+00   1.8625e-02   3.0054e+02
20261009_00:00:00   9.4342e-02   2.6442e+01   1.5165e+00   0.0000e+00   1.5775e-02   2.9200e+02
20261009_03:00:00   8.8996e-02   2.5218e+01   1.4083e+00   0.0000e+00   1.3558e-02   2.9176e+02
20261009_06:00:00   8.5920e-02   2.4500e+01   1.3420e+00   0.0000e+00   1.3636e-02   2.9049e+02
20261009_09:00:00   8.3967e-02   2.4045e+01   1.3044e+00   0.0000e+00   5.4032e-03   2.8699e+02
20261009_12:00:00   8.0745e-02   2.3330e+01   1.2436e+00   0.0000e+00   2.7891e-03   2.8128e+02
20261009_15:00:00   6.9928e-02   2.0905e+01   1.0239e+00   0.0000e+00   3.8144e-03   2.7887e+02
20261009_18:00:00   6.0968e-02   1.8869e+01   8.3358e-01   0.0000e+00   4.5423e-03   2.8625e+02
20261009_21:00:00   5.8440e-02   1.8296e+01   7.7923e-01   0.0000e+00   4.1575e-03   2.7877e+02
20261010_00:00:00   5.6404e-02   1.7832e+01   7.3585e-01   0.0000e+00   3.3297e-03   2.8694e+02
20261010_03:00:00   5.6414e-02   1.7835e+01   7.3797e-01   0.0000e+00   2.2942e-03   2.8723e+02
20261010_06:00:00   5.9287e-02   1.8513e+01   7.9543e-01   0.0000e+00   1.7487e-03   2.8386e+02
20261010_09:00:00   6.9926e-02   2.0937e+01   9.9874e-01   0.0000e+00   1.3748e-03   2.8620e+02
20261010_12:00:00   5.7169e-02   1.8043e+01   7.4227e-01   0.0000e+00   8.2348e-04   2.8505e+02
20261010_15:00:00   5.5392e-02   1.7632e+01   7.1563e-01   0.0000e+00   1.9623e-05   2.8128e+02
20261010_18:00:00   5.4943e-02   1.7545e+01   7.2037e-01   0.0000e+00   7.7220e-06   2.7969e+02
20261010_21:00:00   5.9720e-02   1.8660e+01   8.3846e-01   0.0000e+00   1.0496e-05   2.7822e+02
20261011_00:00:00   7.8483e-02   2.2974e+01   1.2134e+00   0.0000e+00   1.9033e-05   2.7068e+02
20261011_03:00:00   8.2103e-02   2.3848e+01   1.2888e+00   0.0000e+00   3.1909e-05   2.6701e+02
20261011_06:00:00   8.8930e-02   2.5400e+01   1.4292e+00   0.0000e+00   3.5181e-05   2.6391e+02
20261011_09:00:00   9.4242e-02   2.6610e+01   1.5398e+00   0.0000e+00   3.3211e-04   2.6159e+02
20261011_12:00:00   9.8869e-02   2.7639e+01   1.6338e+00   0.0000e+00   8.1167e-05   2.6117e+02
20261011_15:00:00   1.0602e-01   2.9213e+01   1.7913e+00   0.0000e+00   8.7950e-04   2.6270e+02
20261011_18:00:00   1.0517e-01   2.9020e+01   1.7831e+00   0.0000e+00   4.2223e-03   2.5949e+02
20261011_21:00:00   1.0749e-01   2.9533e+01   1.8197e+00   0.0000e+00   3.4252e-03   2.6598e+02
20261012_00:00:00   1.0904e-01   2.9869e+01   1.8364e+00   0.0000e+00   7.2175e-03   2.6725e+02
20261012_03:00:00   1.0803e-01   2.9660e+01   1.8135e+00   0.0000e+00   5.7313e-03   2.7031e+02
20261012_06:00:00   1.2061e-01   3.2507e+01   2.0243e+00   0.0000e+00   4.6202e-03   2.6590e+02
20261012_09:00:00   1.3022e-01   3.4665e+01   2.1853e+00   0.0000e+00   1.4939e-02   2.6728e+02
20261012_12:00:00   1.3113e-01   3.4895e+01   2.1903e+00   0.0000e+00   1.5490e-02   2.6718e+02
20261012_15:00:00   1.2962e-01   3.4574e+01   2.1603e+00   0.0000e+00   1.3936e-02   2.7124e+02
20261012_18:00:00   1.2780e-01   3.4138e+01   2.1174e+00   0.0000e+00   3.0178e-02   2.6661e+02
20261012_21:00:00   1.2024e-01   3.2459e+01   1.9805e+00   0.0000e+00   1.3176e-02   2.7218e+02
20261013_00:00:00   1.0510e-01   2.9131e+01   1.6900e+00   0.0000e+00   1.3976e-02   2.7269e+02
