#            date       tau255        Tb[K]      pwv[mm] lwp[kg*m^-2] iwp[kg*m^-2]       o3[DU]
20260815_12:00:00   3.4620e-01   7.9744e+01   6.4906e+00   0.0000e+00   5.8133e-03   3.0904e+02
20260815_13:00:00   3.4269e-01   7.9208e+01   6.4331e+00   0.0000e+00   5.9173e-04   3.0840e+02
20260815_14:00:00   3.3675e-01   7.8198e+01   6.3309e+00   0.0000e+00   2.4474e-05   3.0775e+02
20260815_15:00:00   3.3339e-01   7.7634e+01   6.2642e+00   0.0000e+00   3.2495e-05   3.0729e+02
20260815_16:00:00   3.2995e-01   7.7063e+01   6.2013e+00   0.0000e+00   2.7084e-05   3.0650e+02
20260815_17:00:00   3.2620e-01   7.6402e+01   6.1419e+00   0.0000e+00   2.4902e-05   3.0517e+02
20260815_18:00:00   3.1888e-01   7.5046e+01   6.0289e+00   0.0000e+00   4.7323e-05   3.0421e+02
20260815_19:00:00   3.0716e-01   7.2818e+01   5.8508e+00   0.0000e+00   1.8989e-04   3.0376e+02
20260815_20:00:00   2.9629e-01   7.0683e+01   5.6878e+00   0.0000e+00   6.2816e-05   3.0328e+02
20260815_21:00:00   2.8955e-01   6.9322e+01   5.5779e+00   0.0000e+00   8.6477e-04   3.0367e+02
20260815_22:00:00   2.8184e-01   6.7763e+01   5.4409e+00   0.0000e+00   2.4444e-03   3.0358e+02
20260815_23:00:00   2.6398e-01   6.4302e+01   5.0875e+00   0.0000e+00   2.2751e-03   3.0382e+02
20260816_00:00:00   2.3446e-01   5.8478e+01   4.4924e+00   0.0000e+00   2.9470e-04   3.0400e+02
20260816_01:00:00   2.0975e-01   5.3426e+01   3.9984e+00   0.0000e+00   1.0796e-03   3.0438e+02
20260816_02:00:00   1.9066e-01   4.9405e+01   3.6226e+00   0.0000e+00   2.0823e-03   3.0399e+02
20260816_03:00:00   1.7613e-01   4.6327e+01   3.3305e+00   0.0000e+00   5.8259e-04   3.0337e+02
20260816_04:00:00   1.7164e-01   4.5352e+01   3.2486e+00   0.0000e+00   2.7460e-04   3.0310e+02
20260816_05:00:00   1.7101e-01   4.5178e+01   3.2583e+00   0.0000e+00   7.0800e-04   3.0355e+02
20260816_06:00:00   1.7906e-01   4.6933e+01   3.4406e+00   0.0000e+00   1.3494e-03   3.0353e+02
20260816_07:00:00   1.8578e-01   4.8338e+01   3.5999e+00   0.0000e+00   2.1916e-03   3.0400e+02
20260816_08:00:00   1.8563e-01   4.8309e+01   3.6072e+00   0.0000e+00   1.3583e-03   3.0469e+02
20260816_09:00:00   1.8562e-01   4.8297e+01   3.6150e+00   0.0000e+00   1.1640e-03   3.0526e+02
20260816_10:00:00   1.8649e-01   4.8469e+01   3.6388e+00   0.0000e+00   1.4858e-03   3.0542e+02
20260816_11:00:00   1.8634e-01   4.8441e+01   3.6371e+00   0.0000e+00   1.5762e-03   3.0526e+02
20260816_12:00:00   1.8561e-01   4.8322e+01   3.6230e+00   0.0000e+00   7.2731e-04   3.0551e+02
20260816_13:00:00   1.8627e-01   4.8488e+01   3.6308e+00   0.0000e+00   1.0485e-03   3.0551e+02
20260816_14:00:00   1.8695e-01   4.8667e+01   3.6375e+00   0.0000e+00   5.4698e-04   3.0481e+02
20260816_15:00:00   1.8794e-01   4.8927e+01   3.6508e+00   0.0000e+00   7.8650e-05   3.0268e+02
20260816_16:00:00   1.9416e-01   5.0282e+01   3.7659e+00   0.0000e+00   1.5208e-05   2.9962e+02
20260816_17:00:00   2.0599e-01   5.2809e+01   3.9879e+00   0.0000e+00   0.0000e+00   2.9636e+02
20260816_18:00:00   2.1559e-01   5.4853e+01   4.1677e+00   0.0000e+00   0.0000e+00   2.9426e+02
20260816_19:00:00   2.2016e-01   5.5832e+01   4.2503e+00   0.0000e+00   0.0000e+00   2.9491e+02
20260816_20:00:00   2.2411e-01   5.6603e+01   4.3262e+00   0.0000e+00   0.0000e+00   2.9590e+02
20260816_21:00:00   2.2805e-01   5.7357e+01   4.4015e+00   0.0000e+00   0.0000e+00   2.9665e+02
20260816_22:00:00   2.3053e-01   5.7791e+01   4.4510e+00   0.0000e+00   0.0000e+00   2.9636e+02
20260816_23:00:00   2.3140e-01   5.7910e+01   4.4669e+00   0.0000e+00   0.0000e+00   2.9560e+02
20260817_00:00:00   2.3067e-01   5.7711e+01   4.4471e+00   0.0000e+00   0.0000e+00   2.9526e+02
20260817_01:00:00   2.2715e-01   5.6976e+01   4.3768e+00   0.0000e+00   0.0000e+00   2.9642e+02
20260817_02:00:00   2.2550e-01   5.6649e+01   4.3289e+00   0.0000e+00   0.0000e+00   2.9838e+02
20260817_03:00:00   2.2336e-01   5.6206e+01   4.2786e+00   0.0000e+00   0.0000e+00   2.9988e+02
20260817_04:00:00   2.1971e-01   5.5469e+01   4.1912e+00   0.0000e+00   0.0000e+00   3.0050e+02
20260817_05:00:00   2.1188e-01   5.3877e+01   4.0160e+00   0.0000e+00   0.0000e+00   3.0116e+02
20260817_06:00:00   2.0634e-01   5.2732e+01   3.9015e+00   0.0000e+00   0.0000e+00   3.0264e+02
20260817_07:00:00   2.0388e-01   5.2195e+01   3.8673e+00   0.0000e+00   0.0000e+00   3.0366e+02
20260817_08:00:00   2.0047e-01   5.1459e+01   3.8128e+00   0.0000e+00   0.0000e+00   3.0446e+02
20260817_09:00:00   2.0003e-01   5.1346e+01   3.8227e+00   0.0000e+00   0.0000e+00   3.0519e+02
20260817_10:00:00   2.0378e-01   5.2119e+01   3.9121e+00   0.0000e+00   1.2730e-05   3.0635e+02
20260817_11:00:00   2.1382e-01   5.4204e+01   4.1126e+00   0.0000e+00   1.0142e-04   3.0749e+02
20260817_12:00:00   2.2382e-01   5.6281e+01   4.2902e+00   0.0000e+00   3.6012e-04   3.0994e+02
20260817_13:00:00   2.2965e-01   5.7513e+01   4.3915e+00   0.0000e+00   2.6102e-05   3.1097e+02
20260817_14:00:00   2.3338e-01   5.8285e+01   4.4482e+00   0.0000e+00   1.8350e-05   3.0906e+02
20260817_15:00:00   2.3409e-01   5.8411e+01   4.4730e+00   0.0000e+00   1.3816e-03   3.0810e+02
20260817_16:00:00   2.4122e-01   5.9736e+01   4.6229e+00   0.0000e+00   1.6275e-02   3.1231e+02
20260817_17:00:00   2.4399e-01   6.0219e+01   4.6903e+00   0.0000e+00   1.8738e-02   3.1623e+02
20260817_18:00:00   2.4145e-01   5.9687e+01   4.6469e+00   0.0000e+00   3.2756e-02   3.1721e+02
20260817_19:00:00   2.4025e-01   5.9341e+01   4.6446e+00   0.0000e+00   3.8967e-02   3.1542e+02
20260817_20:00:00   2.3315e-01   5.7872e+01   4.5267e+00   0.0000e+00   2.1978e-02   3.1554e+02
20260817_21:00:00   2.2176e-01   5.5487e+01   4.3306e+00   0.0000e+00   1.7434e-02   3.1466e+02
20260817_22:00:00   2.0866e-01   5.2719e+01   4.0946e+00   0.0000e+00   1.7851e-02   3.1439e+02
20260817_23:00:00   1.9857e-01   5.0564e+01   3.9094e+00   0.0000e+00   1.8504e-02   3.1472e+02
20260818_00:00:00   1.9170e-01   4.9077e+01   3.7905e+00   0.0000e+00   7.5510e-03   3.1367e+02
20260818_01:00:00   1.9132e-01   4.8930e+01   3.7889e+00   0.0000e+00   9.7661e-03   3.1324e+02
20260818_02:00:00   1.8503e-01   4.7604e+01   3.6618e+00   0.0000e+00   5.7674e-03   3.1345e+02
20260818_03:00:00   1.8943e-01   4.8470e+01   3.7518e+00   0.0000e+00   5.6007e-03   3.1393e+02
20260818_04:00:00   2.1051e-01   5.2755e+01   4.1769e+00   0.0000e+00   8.7013e-03   3.1334e+02
20260818_05:00:00   2.3066e-01   5.6840e+01   4.5465e+00   0.0000e+00   3.7055e-02   3.1245e+02
20260818_06:00:00   2.5113e-01   6.0969e+01   4.9014e+00   0.0000e+00   5.1525e-02   3.1294e+02
20260818_07:00:00   2.7014e-01   6.4755e+01   5.2164e+00   0.0000e+00   3.7874e-02   3.1279e+02
20260818_08:00:00   2.8494e-01   6.7670e+01   5.4459e+00   0.0000e+00   2.7893e-02   3.1331e+02
20260818_09:00:00   2.9237e-01   6.9128e+01   5.5409e+00   0.0000e+00   2.4768e-02   3.1356e+02
20260818_10:00:00   2.9030e-01   6.8730e+01   5.5001e+00   0.0000e+00   9.1860e-03   3.1408e+02
20260818_11:00:00   2.8878e-01   6.8443e+01   5.4718e+00   0.0000e+00   5.8565e-03   3.1436e+02
20260818_12:00:00   2.9020e-01   6.8702e+01   5.4883e+00   0.0000e+00   7.7353e-03   3.1465e+02
20260818_13:00:00   2.9200e-01   6.9047e+01   5.5060e+00   0.0000e+00   1.3395e-02   3.1530e+02
20260818_14:00:00   2.9514e-01   6.9639e+01   5.5440e+00   0.0000e+00   2.7850e-02   3.1586e+02
20260818_15:00:00   2.9640e-01   6.9868e+01   5.5452e+00   0.0000e+00   3.9509e-02   3.1450e+02
20260818_16:00:00   2.9655e-01   6.9870e+01   5.5221e+00   0.0000e+00   4.7722e-02   3.1349e+02
20260818_17:00:00   2.9112e-01   6.8886e+01   5.3956e+00   0.0000e+00   3.6642e-02   3.1373e+02
20260818_18:00:00   2.7981e-01   6.6797e+01   5.1445e+00   3.0080e-04   1.0620e-02   3.1582e+02
20260818_19:00:00   2.2505e-01   5.6307e+01   4.0107e+00   0.0000e+00   4.3931e-03   3.2332e+02
20260818_20:00:00   1.7937e-01   4.6892e+01   3.0957e+00   1.7566e-04   1.7465e-03   3.2896e+02
20260818_21:00:00   1.9013e-01   4.9187e+01   2.6762e+00   1.6008e-02   1.7248e-03   3.3324e+02
20260818_22:00:00   2.7157e-01   6.5777e+01   2.5157e+00   5.8540e-02   3.0450e-03   3.3198e+02
20260818_23:00:00   2.6473e-01   6.4360e+01   2.6349e+00   5.3590e-02   3.5880e-03   3.3020e+02
20260819_00:00:00   1.7498e-01   4.5635e+01   2.8010e+00   9.2260e-03   2.0198e-03   3.2998e+02
20260819_01:00:00   1.4812e-01   3.9633e+01   2.7297e+00   0.0000e+00   1.5659e-04   3.3113e+02
20260819_02:00:00   1.4860e-01   3.9640e+01   2.7934e+00   0.0000e+00   1.1647e-03   3.3154e+02
20260819_03:00:00   1.7118e-01   4.4445e+01   3.2492e+00   0.0000e+00   1.8532e-03   3.3271e+02
20260819_04:00:00   1.9293e-01   4.8994e+01   3.6770e+00   0.0000e+00   1.3830e-03   3.3297e+02
20260819_05:00:00   2.1804e-01   5.4206e+01   4.1188e+00   0.0000e+00   1.1594e-03   3.3277e+02
20260819_06:00:00   2.3383e-01   5.7442e+01   4.3746e+00   0.0000e+00   1.8018e-03   3.3069e+02
20260819_07:00:00   2.5213e-01   6.1159e+01   4.6454e+00   0.0000e+00   1.5947e-03   3.3057e+02
20260819_08:00:00   2.4699e-01   6.0228e+01   4.4843e+00   0.0000e+00   7.4871e-03   3.3149e+02
20260819_09:00:00   2.2888e-01   5.6656e+01   4.1373e+00   0.0000e+00   1.3321e-03   3.3188e+02
20260819_10:00:00   2.0738e-01   5.2299e+01   3.7355e+00   0.0000e+00   1.2420e-03   3.3167e+02
20260819_11:00:00   1.9444e-01   4.9588e+01   3.4917e+00   0.0000e+00   1.1257e-03   3.3221e+02
20260819_12:00:00   1.8125e-01   4.6795e+01   3.2737e+00   0.0000e+00   7.5810e-04   3.3230e+02
20260819_13:00:00   1.6859e-01   4.4073e+01   3.0515e+00   0.0000e+00   7.1090e-04   3.3103e+02
20260819_14:00:00   1.6375e-01   4.3000e+01   2.9708e+00   0.0000e+00   2.1274e-03   3.3025e+02
20260819_15:00:00   1.6225e-01   4.2670e+01   2.9456e+00   0.0000e+00   1.3049e-03   3.3005e+02
20260819_16:00:00   1.6375e-01   4.3003e+01   2.9756e+00   0.0000e+00   1.2830e-03   3.2781e+02
20260819_17:00:00   1.8315e-01   4.7152e+01   3.3377e+00   0.0000e+00   5.0471e-03   3.2780e+02
20260819_18:00:00   2.1570e-01   5.3852e+01   3.9489e+00   0.0000e+00   1.3106e-02   3.2895e+02
20260819_19:00:00   2.3398e-01   5.7564e+01   4.2945e+00   0.0000e+00   5.5996e-03   3.2775e+02
20260819_20:00:00   2.4091e-01   5.8994e+01   4.4150e+00   0.0000e+00   5.7009e-03   3.2779e+02
20260819_21:00:00   2.4927e-01   6.0685e+01   4.5540e+00   0.0000e+00   1.2507e-02   3.2477e+02
20260819_22:00:00   2.5733e-01   6.2288e+01   4.6970e+00   0.0000e+00   1.1781e-02   3.2301e+02
20260819_23:00:00   2.6167e-01   6.3126e+01   4.7793e+00   0.0000e+00   1.1261e-02   3.2179e+02
20260820_00:00:00   2.6457e-01   6.3643e+01   4.8357e+00   0.0000e+00   1.3325e-02   3.2175e+02
20260820_01:00:00   2.7095e-01   6.4866e+01   4.9396e+00   0.0000e+00   2.0437e-02   3.2188e+02
20260820_02:00:00   2.5919e-01   6.2502e+01   4.7433e+00   0.0000e+00   2.4380e-02   3.2284e+02
20260820_03:00:00   2.5382e-01   6.1434e+01   4.6380e+00   0.0000e+00   1.9044e-02   3.2405e+02
20260820_04:00:00   2.5537e-01   6.1765e+01   4.6418e+00   0.0000e+00   3.9305e-02   3.2636e+02
20260820_05:00:00   2.5998e-01   6.2697e+01   4.7152e+00   0.0000e+00   5.5388e-02   3.2738e+02
20260820_06:00:00   2.6220e-01   6.3162e+01   4.7557e+00   0.0000e+00   7.1424e-02   3.2659e+02
20260820_07:00:00   2.6368e-01   6.3498e+01   4.8015e+00   0.0000e+00   3.1421e-02   3.2654e+02
20260820_08:00:00   2.5331e-01   6.1476e+01   4.6313e+00   0.0000e+00   8.6115e-03   3.2658e+02
20260820_09:00:00   2.5913e-01   6.2646e+01   4.7320e+00   0.0000e+00   9.2343e-03   3.2675e+02
20260820_10:00:00   2.6654e-01   6.4094e+01   4.8560e+00   0.0000e+00   4.1411e-02   3.2523e+02
20260820_11:00:00   2.7147e-01   6.5036e+01   4.9232e+00   0.0000e+00   1.0749e-01   3.2433e+02
20260820_12:00:00   2.7943e-01   6.6596e+01   4.9919e+00   0.0000e+00   2.6698e-01   3.2397e+02
20260820_15:00:00   2.8004e-01   6.6775e+01   4.9991e+00   0.0000e+00   2.5515e-01   3.2526e+02
20260820_18:00:00   2.5012e-01   6.0601e+01   4.4792e+00   0.0000e+00   1.9193e-01   3.2428e+02
20260820_21:00:00   1.3105e-01   3.5882e+01   2.2517e+00   0.0000e+00   2.8569e-03   3.3122e+02
20260821_00:00:00   1.0988e-01   3.0978e+01   1.8390e+00   0.0000e+00   1.2664e-03   3.3214e+02
20260821_03:00:00   1.0964e-01   3.0616e+01   1.8955e+00   0.0000e+00   1.4295e-02   3.3072e+02
20260821_06:00:00   1.2052e-01   3.2840e+01   2.1498e+00   0.0000e+00   4.2555e-03   3.3039e+02
20260821_09:00:00   1.0373e-01   2.9109e+01   1.8196e+00   0.0000e+00   1.0768e-05   3.3155e+02
20260821_12:00:00   1.0166e-01   2.8710e+01   1.7796e+00   0.0000e+00   2.6100e-06   3.3013e+02
20260821_15:00:00   1.0241e-01   2.9036e+01   1.7988e+00   0.0000e+00   9.0980e-07   3.2476e+02
20260821_18:00:00   1.2836e-01   3.4877e+01   2.3425e+00   0.0000e+00   1.0774e-03   3.1617e+02
20260821_21:00:00   1.6153e-01   4.2048e+01   3.0352e+00   0.0000e+00   9.4476e-03   3.1769e+02
20260822_00:00:00   1.7329e-01   4.4571e+01   3.2860e+00   0.0000e+00   1.5769e-02   3.1279e+02
20260822_03:00:00   1.9205e-01   4.8595e+01   3.6369e+00   0.0000e+00   5.0620e-02   3.0666e+02
20260822_06:00:00   1.7301e-01   4.4884e+01   3.1853e+00   0.0000e+00   1.2610e-02   3.0521e+02
20260822_09:00:00   1.6434e-01   4.3261e+01   2.9374e+00   0.0000e+00   8.1511e-03   3.0471e+02
20260822_12:00:00   1.8060e-01   4.6731e+01   3.2468e+00   0.0000e+00   1.8664e-02   3.0424e+02
20260822_15:00:00   2.1430e-01   5.3631e+01   3.9519e+00   0.0000e+00   1.3173e-02   3.0377e+02
20260822_18:00:00   2.1827e-01   5.4658e+01   3.9918e+00   0.0000e+00   3.4678e-02   3.0992e+02
20260822_21:00:00   1.9886e-01   5.0799e+01   3.5407e+00   2.2900e-04   6.1950e-02   3.1504e+02
20260823_00:00:00   1.7866e-01   4.6493e+01   3.1481e+00   0.0000e+00   9.2201e-03   3.1720e+02
20260823_03:00:00   1.4332e-01   3.8662e+01   2.5162e+00   0.0000e+00   9.4744e-03   3.2384e+02
20260823_06:00:00   1.1722e-01   3.2689e+01   2.0683e+00   0.0000e+00   4.6470e-03   3.2761e+02
20260823_09:00:00   1.1236e-01   3.1490e+01   1.9946e+00   0.0000e+00   3.3310e-03   3.2540e+02
20260823_12:00:00   1.1561e-01   3.2225e+01   2.0632e+00   0.0000e+00   1.2531e-03   3.2347e+02
20260823_15:00:00   1.1827e-01   3.2790e+01   2.1297e+00   0.0000e+00   1.1479e-03   3.2658e+02
20260823_18:00:00   1.1801e-01   3.2715e+01   2.1190e+00   0.0000e+00   1.6159e-03   3.2856e+02
20260823_21:00:00   1.0302e-01   2.9432e+01   1.7561e+00   0.0000e+00   4.6020e-04   3.3128e+02
20260824_00:00:00   1.0733e-01   3.0284e+01   1.8513e+00   0.0000e+00   9.4630e-04   3.3548e+02
20260824_03:00:00   1.1892e-01   3.2772e+01   2.0910e+00   0.0000e+00   1.0952e-03   3.3698e+02
20260824_06:00:00   1.2577e-01   3.4196e+01   2.2331e+00   0.0000e+00   1.1987e-03   3.3766e+02
20260824_09:00:00   1.3846e-01   3.6865e+01   2.4731e+00   0.0000e+00   7.3873e-03   3.3886e+02
20260824_12:00:00   1.3692e-01   3.6545e+01   2.4350e+00   0.0000e+00   7.2559e-04   3.4190e+02
20260824_15:00:00   1.3185e-01   3.5485e+01   2.3139e+00   0.0000e+00   2.4986e-05   3.4233e+02
20260824_18:00:00   1.1945e-01   3.2861e+01   2.0202e+00   0.0000e+00   0.0000e+00   3.4449e+02
20260824_21:00:00   1.1135e-01   3.1028e+01   1.8637e+00   0.0000e+00   0.0000e+00   3.4389e+02
20260825_00:00:00   1.0778e-01   3.0188e+01   1.7892e+00   0.0000e+00   2.0952e-04   3.4391e+02
20260825_03:00:00   1.1353e-01   3.1400e+01   1.9064e+00   0.0000e+00   2.2189e-04   3.4390e+02
20260825_06:00:00   1.2685e-01   3.4266e+01   2.1664e+00   0.0000e+00   1.3517e-03   3.4309e+02
20260825_09:00:00   1.3882e-01   3.6883e+01   2.3673e+00   0.0000e+00   1.3995e-03   3.4380e+02
20260825_12:00:00   1.4117e-01   3.7441e+01   2.4107e+00   0.0000e+00   9.6144e-04   3.4684e+02
20260825_15:00:00   1.4079e-01   3.7430e+01   2.4089e+00   0.0000e+00   1.3706e-05   3.4758e+02
20260825_18:00:00   1.3643e-01   3.6577e+01   2.3241e+00   0.0000e+00   8.1580e-06   3.4515e+02
20260825_21:00:00   1.4105e-01   3.7543e+01   2.4380e+00   0.0000e+00   0.0000e+00   3.4326e+02
20260826_00:00:00   1.4760e-01   3.8912e+01   2.5792e+00   0.0000e+00   7.2930e-05   3.4298e+02
20260826_03:00:00   1.3900e-01   3.7067e+01   2.4247e+00   0.0000e+00   8.3550e-06   3.3608e+02
20260826_06:00:00   1.3895e-01   3.7011e+01   2.4403e+00   0.0000e+00   5.6917e-05   3.3458e+02
20260826_09:00:00   1.3667e-01   3.6487e+01   2.4243e+00   0.0000e+00   1.5092e-05   3.3491e+02
20260826_12:00:00   1.3592e-01   3.6401e+01   2.4242e+00   0.0000e+00   1.6316e-05   3.3639e+02
20260826_15:00:00   1.2960e-01   3.5155e+01   2.3106e+00   0.0000e+00   1.0768e-05   3.3511e+02
20260826_18:00:00   1.1657e-01   3.2352e+01   2.0901e+00   0.0000e+00   8.1580e-06   3.2467e+02
20260826_21:00:00   1.2084e-01   3.3420e+01   2.2065e+00   0.0000e+00   0.0000e+00   3.1209e+02
20260827_00:00:00   1.6529e-01   4.3165e+01   3.1421e+00   0.0000e+00   1.2048e-02   3.0530e+02
20260827_03:00:00   2.3278e-01   5.7064e+01   4.6274e+00   0.0000e+00   5.0708e-02   3.0273e+02
20260827_06:00:00   3.1862e-01   7.4087e+01   6.1212e+00   0.0000e+00   1.8732e-02   2.9596e+02
20260827_09:00:00   2.5264e-01   6.1882e+01   4.7130e+00   0.0000e+00   1.9253e-02   2.9266e+02
20260827_12:00:00   2.3809e-01   5.9054e+01   4.5513e+00   0.0000e+00   5.4766e-03   2.9261e+02
20260827_15:00:00   3.6852e-01   8.4231e+01   6.9911e+00   0.0000e+00   4.1419e-03   2.9605e+02
20260827_18:00:00   3.6598e-01   8.3737e+01   6.8519e+00   1.8660e-03   7.7415e-02   2.9120e+02
20260827_21:00:00   3.8585e-01   8.7155e+01   7.3845e+00   0.0000e+00   1.8834e-02   2.8860e+02
20260828_00:00:00   4.0722e-01   9.0724e+01   7.8162e+00   0.0000e+00   4.2601e-02   2.8580e+02
20260828_03:00:00   3.8369e-01   8.6524e+01   7.4186e+00   0.0000e+00   2.4201e-02   2.8265e+02
20260828_06:00:00   3.5726e-01   8.1950e+01   6.8913e+00   0.0000e+00   4.6720e-03   2.7855e+02
20260828_09:00:00   3.3847e-01   7.8309e+01   6.5122e+00   0.0000e+00   4.4693e-03   2.8019e+02
20260828_12:00:00   3.1918e-01   7.4699e+01   6.0899e+00   0.0000e+00   5.3273e-03   2.8236e+02
20260828_15:00:00   3.0098e-01   7.1474e+01   5.6786e+00   0.0000e+00   3.1010e-03   2.8094e+02
20260828_18:00:00   3.3436e-01   7.7788e+01   6.3789e+00   0.0000e+00   1.8118e-03   2.7888e+02
20260828_21:00:00   3.5612e-01   8.1806e+01   6.7998e+00   0.0000e+00   2.5150e-03   2.7763e+02
20260829_00:00:00   3.7099e-01   8.4316e+01   7.1323e+00   0.0000e+00   1.0756e-02   2.8083e+02
20260829_03:00:00   3.8699e-01   8.7045e+01   7.3706e+00   0.0000e+00   6.0571e-02   2.8062e+02
20260829_06:00:00   3.5957e-01   8.2282e+01   6.8426e+00   0.0000e+00   4.9520e-03   2.8006e+02
20260829_09:00:00   3.5305e-01   8.0936e+01   6.7964e+00   0.0000e+00   7.1820e-03   2.8057e+02
20260829_12:00:00   3.4521e-01   7.9521e+01   6.6771e+00   0.0000e+00   9.5802e-03   2.8052e+02
20260829_15:00:00   3.5118e-01   8.0645e+01   6.7884e+00   0.0000e+00   5.3900e-03   2.8079e+02
20260829_18:00:00   3.7643e-01   8.5183e+01   7.2215e+00   0.0000e+00   6.8192e-03   2.8066e+02
20260829_21:00:00   3.6698e-01   8.3577e+01   7.0165e+00   0.0000e+00   9.2734e-03   2.8067e+02
20260830_00:00:00   3.6286e-01   8.2855e+01   6.9300e+00   0.0000e+00   3.3960e-03   2.7920e+02
20260830_03:00:00   3.6864e-01   8.3820e+01   7.0245e+00   0.0000e+00   4.8736e-03   2.7750e+02
20260830_06:00:00   3.5751e-01   8.1745e+01   6.8198e+00   0.0000e+00   8.1902e-03   2.7827e+02
20260830_09:00:00   3.3314e-01   7.7441e+01   6.3016e+00   0.0000e+00   7.2435e-03   2.8202e+02
20260830_12:00:00   3.4291e-01   7.9350e+01   6.4076e+00   0.0000e+00   1.9209e-02   2.8770e+02
20260830_15:00:00   3.2097e-01   7.5360e+01   5.9236e+00   0.0000e+00   4.3235e-03   2.9316e+02
20260830_18:00:00   3.1457e-01   7.4047e+01   5.7768e+00   0.0000e+00   1.7769e-02   2.9470e+02
20260830_21:00:00   3.1687e-01   7.4570e+01   5.7262e+00   0.0000e+00   9.1268e-02   2.9874e+02
20260831_00:00:00   2.6017e-01   6.3526e+01   4.7381e+00   0.0000e+00   5.5421e-03   3.0095e+02
20260831_03:00:00   2.4202e-01   5.9414e+01   4.3877e+00   0.0000e+00   4.5392e-03   3.0405e+02
20260831_06:00:00   2.5036e-01   6.0869e+01   4.4774e+00   0.0000e+00   1.3303e-01   3.0524e+02
20260831_09:00:00   2.3317e-01   5.7371e+01   4.1687e+00   0.0000e+00   6.6980e-02   3.0832e+02
20260831_12:00:00   2.1239e-01   5.3183e+01   3.7491e+00   0.0000e+00   2.1090e-02   3.1270e+02
