#            date       tau255        Tb[K]      pwv[mm] lwp[kg*m^-2] iwp[kg*m^-2]       o3[DU]
20260909_00:00:00   9.5084e-02   2.6798e+01   1.4919e+00   0.0000e+00   2.3937e-03   3.1389e+02
20260909_01:00:00   9.4685e-02   2.6693e+01   1.4835e+00   0.0000e+00   2.1177e-03   3.1384e+02
20260909_02:00:00   9.3951e-02   2.6525e+01   1.4684e+00   0.0000e+00   3.4275e-03   3.1376e+02
20260909_03:00:00   9.3032e-02   2.6309e+01   1.4486e+00   0.0000e+00   4.6109e-03   3.1563e+02
20260909_04:00:00   9.2681e-02   2.6222e+01   1.4401e+00   0.0000e+00   6.0001e-03   3.1298e+02
20260909_05:00:00   9.1043e-02   2.5868e+01   1.4096e+00   0.0000e+00   4.4904e-03   3.0825e+02
20260909_06:00:00   8.8170e-02   2.5235e+01   1.3572e+00   0.0000e+00   3.2414e-03   3.0937e+02
20260909_07:00:00   8.6409e-02   2.4836e+01   1.3237e+00   0.0000e+00   3.9653e-03   3.1425e+02
20260909_08:00:00   8.5368e-02   2.4597e+01   1.3034e+00   0.0000e+00   5.4067e-03   3.1730e+02
20260909_09:00:00   8.4200e-02   2.4338e+01   1.2815e+00   0.0000e+00   6.8859e-03   3.1693e+02
20260909_10:00:00   8.4680e-02   2.4450e+01   1.2903e+00   0.0000e+00   4.8342e-03   3.1551e+02
20260909_11:00:00   8.6090e-02   2.4765e+01   1.3166e+00   0.0000e+00   4.2450e-03   3.1522e+02
20260909_12:00:00   8.6817e-02   2.4927e+01   1.3304e+00   0.0000e+00   5.4502e-03   3.1493e+02
20260909_13:00:00   8.5720e-02   2.4684e+01   1.3117e+00   0.0000e+00   4.7383e-03   3.1569e+02
20260909_14:00:00   8.5127e-02   2.4561e+01   1.3024e+00   0.0000e+00   3.1930e-03   3.1875e+02
20260909_15:00:00   8.4147e-02   2.4341e+01   1.2861e+00   0.0000e+00   2.8914e-03   3.1980e+02
20260909_16:00:00   8.3374e-02   2.4174e+01   1.2732e+00   0.0000e+00   1.5071e-03   3.1856e+02
20260909_17:00:00   8.2669e-02   2.4019e+01   1.2614e+00   0.0000e+00   1.5199e-03   3.1527e+02
20260909_18:00:00   8.1817e-02   2.3828e+01   1.2484e+00   0.0000e+00   1.9385e-03   3.1398e+02
20260909_19:00:00   8.1735e-02   2.3806e+01   1.2519e+00   0.0000e+00   1.9896e-03   3.1434e+02
20260909_20:00:00   8.3699e-02   2.4225e+01   1.2993e+00   0.0000e+00   2.0012e-03   3.1501e+02
20260909_21:00:00   8.2676e-02   2.3990e+01   1.2886e+00   0.0000e+00   1.8867e-03   3.1613e+02
20260909_22:00:00   8.2676e-02   2.3985e+01   1.2972e+00   0.0000e+00   1.9293e-03   3.1617e+02
20260909_23:00:00   8.4760e-02   2.4449e+01   1.3486e+00   0.0000e+00   3.1053e-03   3.1578e+02
20260910_00:00:00   9.1422e-02   2.5938e+01   1.4820e+00   0.0000e+00   5.2529e-03   3.1493e+02
20260910_01:00:00   9.9843e-02   2.7822e+01   1.6396e+00   0.0000e+00   6.9427e-03   3.1507e+02
20260910_02:00:00   1.0530e-01   2.9039e+01   1.7412e+00   0.0000e+00   1.5879e-02   3.1448e+02
20260910_03:00:00   1.1109e-01   3.0306e+01   1.8530e+00   0.0000e+00   4.7382e-02   3.1478e+02
20260910_04:00:00   1.1542e-01   3.1275e+01   1.9264e+00   0.0000e+00   8.5767e-02   3.1600e+02
20260910_05:00:00   1.1789e-01   3.1839e+01   1.9822e+00   0.0000e+00   7.4827e-02   3.1359e+02
20260910_06:00:00   1.1964e-01   3.2237e+01   2.0254e+00   0.0000e+00   6.0105e-02   3.1086e+02
20260910_07:00:00   1.2122e-01   3.2596e+01   2.0592e+00   0.0000e+00   5.7078e-02   3.1025e+02
20260910_08:00:00   1.2316e-01   3.3040e+01   2.0996e+00   0.0000e+00   5.1383e-02   3.1018e+02
20260910_09:00:00   1.2511e-01   3.3486e+01   2.1389e+00   0.0000e+00   4.6997e-02   3.1039e+02
20260910_10:00:00   1.2786e-01   3.4117e+01   2.1862e+00   0.0000e+00   5.8244e-02   3.0973e+02
20260910_11:00:00   1.3100e-01   3.4835e+01   2.2485e+00   0.0000e+00   5.7711e-02   3.0922e+02
20260910_12:00:00   1.3376e-01   3.5469e+01   2.3163e+00   0.0000e+00   3.0257e-02   3.0835e+02
20260910_13:00:00   1.3957e-01   3.6724e+01   2.4388e+00   0.0000e+00   2.7808e-02   3.0703e+02
20260910_14:00:00   1.4155e-01   3.7178e+01   2.4791e+00   0.0000e+00   2.7612e-02   3.0546e+02
20260910_15:00:00   1.4264e-01   3.7460e+01   2.5077e+00   0.0000e+00   1.2359e-02   3.0463e+02
20260910_16:00:00   1.4387e-01   3.7756e+01   2.5380e+00   0.0000e+00   8.4552e-03   3.0383e+02
20260910_17:00:00   1.4193e-01   3.7378e+01   2.5111e+00   0.0000e+00   7.3387e-03   3.0295e+02
20260910_18:00:00   1.4065e-01   3.7130e+01   2.4962e+00   0.0000e+00   5.7522e-03   3.0250e+02
20260910_19:00:00   1.4156e-01   3.7349e+01   2.5131e+00   0.0000e+00   5.1914e-03   3.0133e+02
20260910_20:00:00   1.4348e-01   3.7779e+01   2.5506e+00   0.0000e+00   9.3322e-03   2.9869e+02
20260910_21:00:00   1.4843e-01   3.8823e+01   2.6417e+00   0.0000e+00   1.8891e-02   2.9512e+02
20260910_22:00:00   1.5327e-01   3.9847e+01   2.7325e+00   0.0000e+00   2.5965e-02   2.9231e+02
20260910_23:00:00   1.5805e-01   4.0859e+01   2.8212e+00   0.0000e+00   2.3662e-02   2.9068e+02
20260911_00:00:00   1.5993e-01   4.1264e+01   2.8588e+00   0.0000e+00   1.4613e-02   2.8936e+02
20260911_01:00:00   1.6043e-01   4.1362e+01   2.8668e+00   0.0000e+00   1.7067e-02   2.9024e+02
20260911_02:00:00   1.6041e-01   4.1352e+01   2.8650e+00   0.0000e+00   2.6218e-02   2.9162e+02
20260911_03:00:00   1.5929e-01   4.1113e+01   2.8441e+00   0.0000e+00   2.4182e-02   2.9319e+02
20260911_04:00:00   1.5988e-01   4.1219e+01   2.8489e+00   0.0000e+00   4.4540e-02   2.9566e+02
20260911_05:00:00   1.6372e-01   4.2014e+01   2.9233e+00   0.0000e+00   5.7791e-02   2.9795e+02
20260911_06:00:00   1.6529e-01   4.2343e+01   2.9363e+00   0.0000e+00   9.4917e-02   3.0048e+02
20260911_07:00:00   1.6541e-01   4.2388e+01   2.9422e+00   0.0000e+00   8.0735e-02   3.0289e+02
20260911_08:00:00   1.6401e-01   4.2107e+01   2.9155e+00   0.0000e+00   6.7219e-02   3.0497e+02
20260911_09:00:00   1.6410e-01   4.2153e+01   2.9310e+00   0.0000e+00   3.6868e-02   3.0547e+02
20260911_10:00:00   1.6610e-01   4.2595e+01   2.9821e+00   0.0000e+00   2.1012e-02   3.0577e+02
20260911_11:00:00   1.6662e-01   4.2731e+01   2.9935e+00   0.0000e+00   1.0867e-02   3.0639e+02
20260911_12:00:00   1.6596e-01   4.2634e+01   2.9781e+00   0.0000e+00   7.6796e-03   3.0695e+02
20260911_13:00:00   1.6500e-01   4.2475e+01   2.9532e+00   0.0000e+00   6.7936e-03   3.0725e+02
20260911_14:00:00   1.6696e-01   4.2914e+01   2.9899e+00   0.0000e+00   8.5622e-03   3.0597e+02
20260911_15:00:00   1.6934e-01   4.3429e+01   3.0404e+00   0.0000e+00   5.9614e-03   3.0424e+02
20260911_16:00:00   1.7066e-01   4.3715e+01   3.0653e+00   0.0000e+00   7.6021e-03   3.0296e+02
20260911_17:00:00   1.7124e-01   4.3843e+01   3.0656e+00   0.0000e+00   2.5830e-02   3.0009e+02
20260911_18:00:00   1.7417e-01   4.4472e+01   3.1346e+00   0.0000e+00   8.7182e-03   2.9732e+02
20260911_19:00:00   1.7552e-01   4.4760e+01   3.1614e+00   0.0000e+00   8.8691e-03   2.9590e+02
20260911_20:00:00   1.7530e-01   4.4703e+01   3.1508e+00   0.0000e+00   1.9490e-02   2.9643e+02
20260911_21:00:00   1.7652e-01   4.4964e+01   3.1801e+00   0.0000e+00   1.6340e-02   2.9699e+02
20260911_22:00:00   1.7821e-01   4.5318e+01   3.2231e+00   0.0000e+00   7.0021e-03   2.9838e+02
20260911_23:00:00   1.8054e-01   4.5800e+01   3.2709e+00   0.0000e+00   4.8491e-03   2.9918e+02
20260912_00:00:00   1.8151e-01   4.5999e+01   3.2881e+00   0.0000e+00   8.1613e-03   2.9848e+02
20260912_01:00:00   1.8266e-01   4.6247e+01   3.3071e+00   0.0000e+00   9.7966e-03   2.9797e+02
20260912_02:00:00   1.8303e-01   4.6345e+01   3.3232e+00   0.0000e+00   8.2023e-03   2.9801e+02
20260912_03:00:00   1.8387e-01   4.6527e+01   3.3357e+00   0.0000e+00   1.3086e-02   2.9899e+02
20260912_04:00:00   1.8533e-01   4.6829e+01   3.3506e+00   0.0000e+00   3.3345e-02   3.0093e+02
20260912_05:00:00   1.8646e-01   4.7070e+01   3.3696e+00   0.0000e+00   3.6513e-02   3.0282e+02
20260912_06:00:00   1.8625e-01   4.7026e+01   3.3580e+00   0.0000e+00   4.5553e-02   3.0553e+02
20260912_07:00:00   1.8606e-01   4.6994e+01   3.3515e+00   0.0000e+00   4.6867e-02   3.0747e+02
20260912_08:00:00   1.8611e-01   4.7009e+01   3.3560e+00   0.0000e+00   4.0306e-02   3.0748e+02
20260912_09:00:00   1.8687e-01   4.7158e+01   3.3510e+00   0.0000e+00   7.8018e-02   3.0663e+02
20260912_10:00:00   1.8761e-01   4.7318e+01   3.3448e+00   0.0000e+00   1.2156e-01   3.0632e+02
20260912_11:00:00   1.8792e-01   4.7386e+01   3.3406e+00   0.0000e+00   1.3875e-01   3.0666e+02
20260912_12:00:00   1.8683e-01   4.7164e+01   3.3271e+00   0.0000e+00   1.1856e-01   3.0746e+02
20260912_13:00:00   1.8582e-01   4.6952e+01   3.3264e+00   0.0000e+00   6.8431e-02   3.0824e+02
20260912_14:00:00   1.8483e-01   4.6745e+01   3.3046e+00   0.0000e+00   7.1799e-02   3.0750e+02
20260912_15:00:00   1.8385e-01   4.6555e+01   3.2791e+00   0.0000e+00   7.0792e-02   3.0728e+02
20260912_16:00:00   1.8128e-01   4.6038e+01   3.2252e+00   0.0000e+00   5.5405e-02   3.0806e+02
20260912_17:00:00   1.7667e-01   4.5093e+01   3.1285e+00   0.0000e+00   4.2234e-02   3.0866e+02
20260912_18:00:00   1.7098e-01   4.3922e+01   3.0094e+00   0.0000e+00   2.7941e-02   3.0991e+02
20260912_19:00:00   1.6460e-01   4.2580e+01   2.8736e+00   0.0000e+00   2.5232e-02   3.1005e+02
20260912_20:00:00   1.5421e-01   4.0364e+01   2.6550e+00   0.0000e+00   2.8294e-02   3.1101e+02
20260912_21:00:00   1.4406e-01   3.8151e+01   2.4515e+00   0.0000e+00   2.4273e-02   3.1405e+02
20260912_22:00:00   1.3175e-01   3.5452e+01   2.2137e+00   0.0000e+00   1.2778e-02   3.1661e+02
20260912_23:00:00   1.2109e-01   3.3068e+01   2.0075e+00   0.0000e+00   5.5347e-03   3.1862e+02
20260913_00:00:00   1.1297e-01   3.1219e+01   1.8484e+00   0.0000e+00   6.8702e-03   3.1820e+02
20260913_01:00:00   1.0485e-01   2.9371e+01   1.6896e+00   0.0000e+00   6.6190e-03   3.1613e+02
20260913_02:00:00   9.8073e-02   2.7810e+01   1.5563e+00   0.0000e+00   6.0762e-03   3.1441e+02
20260913_03:00:00   9.4911e-02   2.7048e+01   1.4955e+00   0.0000e+00   6.1961e-03   3.1443e+02
20260913_04:00:00   9.4188e-02   2.6839e+01   1.4823e+00   0.0000e+00   5.0899e-03   3.1556e+02
20260913_05:00:00   9.3959e-02   2.6751e+01   1.4761e+00   0.0000e+00   4.6809e-03   3.1657e+02
20260913_06:00:00   9.2744e-02   2.6458e+01   1.4475e+00   0.0000e+00   5.1918e-03   3.1787e+02
20260913_07:00:00   9.2308e-02   2.6339e+01   1.4400e+00   0.0000e+00   4.4728e-03   3.2109e+02
20260913_08:00:00   9.1969e-02   2.6246e+01   1.4364e+00   0.0000e+00   3.3749e-03   3.2312e+02
20260913_09:00:00   9.1860e-02   2.6201e+01   1.4344e+00   0.0000e+00   3.9631e-03   3.2221e+02
20260913_10:00:00   9.1553e-02   2.6118e+01   1.4290e+00   0.0000e+00   4.3681e-03   3.1794e+02
20260913_11:00:00   9.0588e-02   2.5898e+01   1.4115e+00   0.0000e+00   3.9090e-03   3.1686e+02
20260913_12:00:00   8.9368e-02   2.5621e+01   1.3888e+00   0.0000e+00   2.5116e-03   3.1712e+02
20260913_13:00:00   8.7618e-02   2.5235e+01   1.3569e+00   0.0000e+00   1.6336e-03   3.1751e+02
20260913_14:00:00   8.6814e-02   2.5055e+01   1.3415e+00   0.0000e+00   1.4760e-03   3.1499e+02
20260913_15:00:00   8.6473e-02   2.4979e+01   1.3362e+00   0.0000e+00   1.4210e-03   3.1104e+02
20260913_16:00:00   8.7413e-02   2.5195e+01   1.3568e+00   0.0000e+00   1.4257e-03   3.0894e+02
20260913_17:00:00   8.9318e-02   2.5633e+01   1.3956e+00   0.0000e+00   1.6318e-03   3.0765e+02
20260913_18:00:00   9.2412e-02   2.6340e+01   1.4558e+00   0.0000e+00   2.6786e-03   3.0955e+02
20260913_19:00:00   9.6508e-02   2.7264e+01   1.5326e+00   0.0000e+00   5.0196e-03   3.1013e+02
20260913_20:00:00   1.0066e-01   2.8193e+01   1.6125e+00   0.0000e+00   6.4655e-03   3.0963e+02
20260913_21:00:00   1.0409e-01   2.8954e+01   1.6796e+00   0.0000e+00   5.7905e-03   3.0976e+02
20260913_22:00:00   1.0692e-01   2.9587e+01   1.7358e+00   0.0000e+00   5.2291e-03   3.1019e+02
20260913_23:00:00   1.1034e-01   3.0349e+01   1.8024e+00   0.0000e+00   6.7295e-03   3.0871e+02
20260914_00:00:00   1.1370e-01   3.1106e+01   1.8707e+00   0.0000e+00   5.2020e-03   3.0737e+02
20260914_03:00:00   1.1925e-01   3.2336e+01   1.9849e+00   0.0000e+00   6.4417e-03   3.0923e+02
20260914_06:00:00   1.1574e-01   3.1651e+01   1.9185e+00   0.0000e+00   2.6975e-03   3.0526e+02
20260914_09:00:00   9.9700e-02   2.8212e+01   1.6070e+00   0.0000e+00   1.3830e-03   3.0877e+02
20260914_12:00:00   8.2117e-02   2.4266e+01   1.2962e+00   0.0000e+00   7.2030e-05   3.0514e+02
20260914_15:00:00   6.9763e-02   2.1425e+01   1.1048e+00   0.0000e+00   0.0000e+00   2.9667e+02
20260914_18:00:00   6.3838e-02   2.0051e+01   1.0227e+00   0.0000e+00   0.0000e+00   2.9783e+02
20260914_21:00:00   7.4103e-02   2.2401e+01   1.2680e+00   0.0000e+00   3.7473e-03   2.9386e+02
20260915_00:00:00   9.7213e-02   2.7634e+01   1.7844e+00   0.0000e+00   7.3683e-03   2.9286e+02
20260915_03:00:00   1.3964e-01   3.6982e+01   2.6329e+00   0.0000e+00   2.7746e-02   2.8996e+02
20260915_06:00:00   1.9013e-01   4.7749e+01   3.4516e+00   0.0000e+00   1.0570e-01   2.9301e+02
20260915_09:00:00   1.8699e-01   4.7109e+01   3.3780e+00   0.0000e+00   9.5522e-02   2.9880e+02
20260915_12:00:00   1.8379e-01   4.6446e+01   3.3258e+00   0.0000e+00   5.2170e-02   2.9631e+02
20260915_15:00:00   1.7671e-01   4.5051e+01   3.1830e+00   0.0000e+00   9.4386e-03   2.9820e+02
20260915_18:00:00   1.7259e-01   4.4206e+01   3.0776e+00   0.0000e+00   6.5118e-03   3.0432e+02
20260915_21:00:00   1.7464e-01   4.4543e+01   3.1305e+00   0.0000e+00   1.3743e-02   3.0759e+02
20260916_00:00:00   1.6882e-01   4.3277e+01   3.0167e+00   0.0000e+00   4.9227e-03   3.1008e+02
20260916_03:00:00   1.6079e-01   4.1524e+01   2.8580e+00   0.0000e+00   1.8206e-03   3.1013e+02
20260916_06:00:00   1.5650e-01   4.0545e+01   2.7623e+00   0.0000e+00   4.4623e-03   3.1085e+02
20260916_09:00:00   1.4714e-01   3.8497e+01   2.5648e+00   0.0000e+00   6.1781e-03   3.1014e+02
20260916_12:00:00   1.3766e-01   3.6417e+01   2.3805e+00   0.0000e+00   2.7561e-03   3.1463e+02
20260916_15:00:00   1.1051e-01   3.0515e+01   1.8483e+00   0.0000e+00   3.6364e-03   3.2075e+02
20260916_18:00:00   7.7068e-02   2.2995e+01   1.1900e+00   0.0000e+00   1.3752e-03   3.2099e+02
20260916_21:00:00   6.6251e-02   2.0439e+01   9.8000e-01   0.0000e+00   7.3250e-06   3.1928e+02
20260917_00:00:00   5.7979e-02   1.8492e+01   8.1975e-01   0.0000e+00   0.0000e+00   3.1782e+02
20260917_03:00:00   5.0714e-02   1.6785e+01   6.8537e-01   0.0000e+00   0.0000e+00   3.1248e+02
20260917_06:00:00   4.7271e-02   1.5958e+01   6.2921e-01   0.0000e+00   0.0000e+00   3.1201e+02
20260917_09:00:00   4.7130e-02   1.5927e+01   6.3416e-01   0.0000e+00   0.0000e+00   3.1083e+02
20260917_12:00:00   4.7323e-02   1.5991e+01   6.4142e-01   0.0000e+00   0.0000e+00   3.1122e+02
20260917_15:00:00   4.6254e-02   1.5750e+01   6.1844e-01   0.0000e+00   0.0000e+00   3.1029e+02
20260917_18:00:00   4.2778e-02   1.4906e+01   5.4612e-01   0.0000e+00   0.0000e+00   3.0882e+02
20260917_21:00:00   4.1466e-02   1.4577e+01   5.1910e-01   0.0000e+00   0.0000e+00   3.1031e+02
20260918_00:00:00   5.7515e-02   1.8305e+01   8.8092e-01   0.0000e+00   5.5480e-06   3.0936e+02
20260918_03:00:00   8.1629e-02   2.3880e+01   1.3748e+00   0.0000e+00   1.8111e-03   3.0747e+02
20260918_06:00:00   1.0081e-01   2.8258e+01   1.7334e+00   0.0000e+00   7.9976e-03   2.9673e+02
20260918_09:00:00   1.1616e-01   3.1660e+01   1.9914e+00   0.0000e+00   3.5298e-02   2.9372e+02
20260918_12:00:00   1.3466e-01   3.5703e+01   2.2829e+00   0.0000e+00   3.2731e-02   2.9762e+02
20260918_15:00:00   1.3181e-01   3.5082e+01   2.2354e+00   0.0000e+00   4.5947e-03   3.0452e+02
20260918_18:00:00   1.2740e-01   3.4200e+01   2.1514e+00   0.0000e+00   1.0894e-03   3.0248e+02
20260918_21:00:00   1.1908e-01   3.2445e+01   1.9991e+00   0.0000e+00   1.5930e-03   3.0330e+02
20260919_00:00:00   1.1373e-01   3.1234e+01   1.9305e+00   0.0000e+00   3.2262e-03   3.0202e+02
20260919_03:00:00   1.1821e-01   3.2189e+01   2.0341e+00   0.0000e+00   1.0108e-02   3.0272e+02
20260919_06:00:00   1.2794e-01   3.4306e+01   2.2179e+00   0.0000e+00   1.3764e-02   2.9359e+02
20260919_09:00:00   1.3166e-01   3.5091e+01   2.2719e+00   0.0000e+00   9.1031e-03   2.9007e+02
20260919_12:00:00   1.3251e-01   3.5300e+01   2.2891e+00   0.0000e+00   8.0472e-04   2.9653e+02
20260919_15:00:00   1.3571e-01   3.5973e+01   2.3481e+00   0.0000e+00   6.3123e-04   3.0357e+02
20260919_18:00:00   1.3651e-01   3.6153e+01   2.3522e+00   0.0000e+00   1.8701e-03   3.1428e+02
20260919_21:00:00   1.3581e-01   3.5993e+01   2.3304e+00   0.0000e+00   3.2207e-03   3.2664e+02
20260920_00:00:00   1.3243e-01   3.5274e+01   2.2638e+00   0.0000e+00   5.5352e-04   3.2012e+02
20260920_03:00:00   1.2919e-01   3.4598e+01   2.1964e+00   0.0000e+00   2.9821e-05   3.1829e+02
20260920_06:00:00   1.2656e-01   3.4036e+01   2.1357e+00   0.0000e+00   1.4102e-04   3.1874e+02
20260920_09:00:00   1.1671e-01   3.1911e+01   1.9473e+00   0.0000e+00   1.8925e-05   3.2445e+02
20260920_12:00:00   1.0116e-01   2.8502e+01   1.6599e+00   0.0000e+00   1.6185e-05   3.2636e+02
20260920_15:00:00   8.4269e-02   2.4692e+01   1.3547e+00   0.0000e+00   5.3120e-06   3.2565e+02
20260920_18:00:00   7.6616e-02   2.2965e+01   1.2028e+00   0.0000e+00   0.0000e+00   3.2424e+02
20260920_21:00:00   6.6886e-02   2.0709e+01   1.0124e+00   0.0000e+00   0.0000e+00   3.2241e+02
20260921_00:00:00   6.3527e-02   1.9896e+01   9.6176e-01   0.0000e+00   0.0000e+00   3.2047e+02
20260921_03:00:00   7.4868e-02   2.2512e+01   1.1863e+00   0.0000e+00   0.0000e+00   3.1881e+02
20260921_06:00:00   8.5231e-02   2.4919e+01   1.3780e+00   0.0000e+00   1.7471e-03   3.2026e+02
20260921_09:00:00   8.5531e-02   2.5021e+01   1.3753e+00   0.0000e+00   1.6942e-03   3.2078e+02
20260921_12:00:00   8.4076e-02   2.4681e+01   1.3614e+00   0.0000e+00   1.3319e-03   3.1860e+02
20260921_15:00:00   8.5923e-02   2.5098e+01   1.4107e+00   0.0000e+00   1.3050e-04   3.2169e+02
20260921_18:00:00   8.5559e-02   2.5003e+01   1.4170e+00   0.0000e+00   0.0000e+00   3.2545e+02
20260921_21:00:00   8.8939e-02   2.5739e+01   1.5005e+00   0.0000e+00   5.2000e-06   3.1926e+02
20260922_00:00:00   8.7456e-02   2.5384e+01   1.4818e+00   0.0000e+00   2.2275e-05   3.1321e+02
20260922_03:00:00   8.2172e-02   2.4158e+01   1.3827e+00   0.0000e+00   0.0000e+00   3.1422e+02
20260922_06:00:00   7.7242e-02   2.2996e+01   1.2949e+00   0.0000e+00   1.5006e-05   3.1799e+02
20260922_09:00:00   7.5496e-02   2.2570e+01   1.2664e+00   0.0000e+00   6.9340e-06   3.1909e+02
20260922_12:00:00   7.4859e-02   2.2409e+01   1.2547e+00   0.0000e+00   0.0000e+00   3.1315e+02
20260922_15:00:00   7.1488e-02   2.1647e+01   1.1823e+00   0.0000e+00   0.0000e+00   3.1409e+02
20260922_18:00:00   7.0039e-02   2.1314e+01   1.1502e+00   0.0000e+00   1.3868e-05   3.0940e+02
20260922_21:00:00   6.9682e-02   2.1217e+01   1.1395e+00   0.0000e+00   7.2480e-06   3.0078e+02
20260923_00:00:00   7.0138e-02   2.1298e+01   1.1473e+00   0.0000e+00   1.1539e-05   3.0004e+02
20260923_03:00:00   6.8135e-02   2.0832e+01   1.1013e+00   0.0000e+00   0.0000e+00   2.9717e+02
20260923_06:00:00   6.7676e-02   2.0730e+01   1.0844e+00   0.0000e+00   0.0000e+00   3.0287e+02
20260923_09:00:00   7.1188e-02   2.1551e+01   1.1442e+00   0.0000e+00   9.7900e-06   3.0833e+02
20260923_12:00:00   7.3477e-02   2.2069e+01   1.1825e+00   0.0000e+00   6.5260e-06   3.0906e+02
20260923_15:00:00   7.1537e-02   2.1617e+01   1.1396e+00   0.0000e+00   0.0000e+00   3.0377e+02
20260923_18:00:00   6.9070e-02   2.1050e+01   1.0800e+00   0.0000e+00   0.0000e+00   3.0600e+02
20260923_21:00:00   6.5913e-02   2.0320e+01   1.0004e+00   0.0000e+00   0.0000e+00   3.0483e+02
20260924_00:00:00   5.5682e-02   1.7934e+01   7.8227e-01   0.0000e+00   0.0000e+00   3.0898e+02
20260924_03:00:00   6.5981e-02   2.0322e+01   1.0005e+00   0.0000e+00   0.0000e+00   2.9615e+02
20260924_06:00:00   7.5736e-02   2.2572e+01   1.2031e+00   0.0000e+00   0.0000e+00   3.0282e+02
20260924_09:00:00   7.9819e-02   2.3497e+01   1.2827e+00   0.0000e+00   1.0340e-05   2.9576e+02
20260924_12:00:00   9.2072e-02   2.6281e+01   1.5190e+00   0.0000e+00   1.7453e-05   2.9261e+02
20260924_15:00:00   1.1746e-01   3.1859e+01   1.9953e+00   0.0000e+00   6.5335e-03   2.9096e+02
20260924_18:00:00   1.2755e-01   3.4002e+01   2.1212e+00   0.0000e+00   2.8422e-02   2.8838e+02
20260924_21:00:00   1.1699e-01   3.1627e+01   1.9073e+00   0.0000e+00   1.7160e-02   2.9208e+02
20260925_00:00:00   1.0651e-01   2.9269e+01   1.6992e+00   0.0000e+00   4.1999e-03   2.9548e+02
