#            date       tau255        Tb[K]      pwv[mm] lwp[kg*m^-2] iwp[kg*m^-2]       o3[DU]
20260901_00:00:00   1.5754e-01   4.0843e+01   2.7406e+00   0.0000e+00   1.1889e-02   2.9257e+02
20260901_01:00:00   1.5522e-01   4.0313e+01   2.6973e+00   0.0000e+00   9.8536e-03   2.9296e+02
20260901_02:00:00   1.5421e-01   4.0086e+01   2.6763e+00   0.0000e+00   1.2816e-02   2.9336e+02
20260901_03:00:00   1.5221e-01   3.9656e+01   2.6385e+00   0.0000e+00   8.3562e-03   2.9391e+02
20260901_04:00:00   1.5020e-01   3.9217e+01   2.5999e+00   0.0000e+00   5.1589e-03   2.9336e+02
20260901_05:00:00   1.4847e-01   3.8835e+01   2.5646e+00   0.0000e+00   5.2499e-03   2.9135e+02
20260901_06:00:00   1.4652e-01   3.8411e+01   2.5266e+00   0.0000e+00   4.7121e-03   2.8954e+02
20260901_07:00:00   1.4433e-01   3.7937e+01   2.4792e+00   0.0000e+00   6.0857e-03   2.8874e+02
20260901_08:00:00   1.4168e-01   3.7378e+01   2.4248e+00   0.0000e+00   4.0725e-03   2.8765e+02
20260901_09:00:00   1.3853e-01   3.6706e+01   2.3601e+00   0.0000e+00   3.0412e-03   2.8698e+02
20260901_10:00:00   1.3569e-01   3.6107e+01   2.3017e+00   0.0000e+00   1.7149e-03   2.8564e+02
20260901_11:00:00   1.3215e-01   3.5354e+01   2.2319e+00   0.0000e+00   1.3714e-03   2.8439e+02
20260901_12:00:00   1.2871e-01   3.4615e+01   2.1658e+00   0.0000e+00   1.2040e-03   2.8430e+02
20260901_13:00:00   1.2585e-01   3.3996e+01   2.1101e+00   0.0000e+00   1.3755e-03   2.8500e+02
20260901_14:00:00   1.2324e-01   3.3423e+01   2.0608e+00   0.0000e+00   1.3598e-03   2.8580e+02
20260901_15:00:00   1.2065e-01   3.2852e+01   2.0120e+00   0.0000e+00   1.3637e-03   2.8654e+02
20260901_16:00:00   1.1574e-01   3.1761e+01   1.9210e+00   0.0000e+00   1.3597e-03   2.8708e+02
20260901_17:00:00   1.1237e-01   3.1019e+01   1.8624e+00   0.0000e+00   1.0600e-03   2.9013e+02
20260901_18:00:00   1.1196e-01   3.0907e+01   1.8585e+00   0.0000e+00   7.0702e-04   2.9392e+02
20260901_19:00:00   1.1772e-01   3.2128e+01   1.9630e+00   0.0000e+00   1.8735e-03   2.9573e+02
20260901_20:00:00   1.2149e-01   3.2919e+01   2.0168e+00   0.0000e+00   9.8710e-03   2.9653e+02
20260901_21:00:00   1.2067e-01   3.2709e+01   1.9857e+00   0.0000e+00   2.2163e-02   2.9784e+02
20260901_22:00:00   1.1869e-01   3.2229e+01   1.9416e+00   0.0000e+00   2.9896e-02   2.9846e+02
20260901_23:00:00   1.1601e-01   3.1599e+01   1.8873e+00   0.0000e+00   3.3201e-02   2.9768e+02
20260902_00:00:00   1.1388e-01   3.1093e+01   1.8450e+00   0.0000e+00   3.1587e-02   2.9628e+02
20260902_01:00:00   1.1225e-01   3.0705e+01   1.8146e+00   0.0000e+00   2.8218e-02   2.9453e+02
20260902_02:00:00   1.1051e-01   3.0301e+01   1.7809e+00   0.0000e+00   2.7085e-02   2.9316e+02
20260902_03:00:00   1.0936e-01   3.0030e+01   1.7614e+00   0.0000e+00   2.2824e-02   2.9135e+02
20260902_04:00:00   1.0902e-01   2.9941e+01   1.7594e+00   0.0000e+00   1.9224e-02   2.8994e+02
20260902_05:00:00   1.0942e-01   3.0025e+01   1.7731e+00   0.0000e+00   1.2451e-02   2.8989e+02
20260902_06:00:00   1.0911e-01   2.9962e+01   1.7754e+00   0.0000e+00   4.0105e-03   2.9045e+02
20260902_07:00:00   1.0897e-01   2.9930e+01   1.7782e+00   0.0000e+00   1.1332e-03   2.9043e+02
20260902_08:00:00   1.0898e-01   2.9928e+01   1.7817e+00   0.0000e+00   5.5027e-04   2.8900e+02
20260902_09:00:00   1.0965e-01   3.0077e+01   1.7975e+00   0.0000e+00   5.3305e-04   2.8873e+02
20260902_10:00:00   1.1012e-01   3.0180e+01   1.8098e+00   0.0000e+00   1.1806e-04   2.8913e+02
20260902_11:00:00   1.1031e-01   3.0224e+01   1.8147e+00   0.0000e+00   6.2393e-05   2.8967e+02
20260902_12:00:00   1.0941e-01   3.0019e+01   1.7973e+00   0.0000e+00   5.8243e-05   2.9031e+02
20260902_13:00:00   1.0897e-01   2.9927e+01   1.7880e+00   0.0000e+00   1.8977e-04   2.9126e+02
20260902_14:00:00   1.0852e-01   2.9825e+01   1.7784e+00   0.0000e+00   6.7383e-05   2.9213e+02
20260902_15:00:00   1.0888e-01   2.9898e+01   1.7855e+00   0.0000e+00   5.8663e-05   2.9221e+02
20260902_16:00:00   1.0849e-01   2.9814e+01   1.7775e+00   0.0000e+00   1.4386e-04   2.9225e+02
20260902_17:00:00   1.0824e-01   2.9764e+01   1.7729e+00   0.0000e+00   6.4973e-05   2.9234e+02
20260902_18:00:00   1.0850e-01   2.9823e+01   1.7766e+00   0.0000e+00   9.0069e-05   2.9103e+02
20260902_19:00:00   1.0952e-01   3.0045e+01   1.7931e+00   0.0000e+00   4.1083e-04   2.8976e+02
20260902_20:00:00   1.1016e-01   3.0182e+01   1.8016e+00   0.0000e+00   5.9884e-04   2.8834e+02
20260902_21:00:00   1.1034e-01   3.0210e+01   1.8018e+00   0.0000e+00   4.8657e-04   2.8764e+02
20260902_22:00:00   1.0985e-01   3.0091e+01   1.7918e+00   0.0000e+00   5.9774e-04   2.8760e+02
20260902_23:00:00   1.0947e-01   3.0004e+01   1.7847e+00   0.0000e+00   9.1837e-04   2.8769e+02
20260903_00:00:00   1.0918e-01   2.9937e+01   1.7790e+00   0.0000e+00   7.8230e-04   2.8728e+02
20260903_01:00:00   1.0906e-01   2.9904e+01   1.7777e+00   0.0000e+00   6.1348e-04   2.8675e+02
20260903_02:00:00   1.0884e-01   2.9850e+01   1.7740e+00   0.0000e+00   6.0632e-04   2.8582e+02
20260903_03:00:00   1.0942e-01   2.9973e+01   1.7852e+00   0.0000e+00   8.7788e-04   2.8462e+02
20260903_04:00:00   1.0991e-01   3.0076e+01   1.7929e+00   0.0000e+00   1.6910e-03   2.8353e+02
20260903_05:00:00   1.1041e-01   3.0191e+01   1.8034e+00   0.0000e+00   1.8584e-03   2.8284e+02
20260903_06:00:00   1.1027e-01   3.0163e+01   1.8023e+00   0.0000e+00   1.7953e-03   2.8217e+02
20260903_07:00:00   1.0967e-01   3.0037e+01   1.7911e+00   0.0000e+00   2.2357e-03   2.8142e+02
20260903_08:00:00   1.1057e-01   3.0242e+01   1.8045e+00   0.0000e+00   4.8009e-03   2.8180e+02
20260903_09:00:00   1.1127e-01   3.0405e+01   1.8138e+00   0.0000e+00   8.1251e-03   2.8351e+02
20260903_10:00:00   1.1130e-01   3.0413e+01   1.8111e+00   0.0000e+00   9.4956e-03   2.8621e+02
20260903_11:00:00   1.1034e-01   3.0217e+01   1.7945e+00   0.0000e+00   6.3342e-03   2.8903e+02
20260903_12:00:00   1.0854e-01   2.9834e+01   1.7636e+00   0.0000e+00   2.3916e-03   2.9118e+02
20260903_13:00:00   1.0656e-01   2.9410e+01   1.7276e+00   0.0000e+00   8.5173e-04   2.9379e+02
20260903_14:00:00   1.0413e-01   2.8892e+01   1.6819e+00   0.0000e+00   4.1230e-04   2.9525e+02
20260903_15:00:00   1.0113e-01   2.8245e+01   1.6258e+00   0.0000e+00   1.9400e-04   2.9664e+02
20260903_16:00:00   9.7508e-02   2.7463e+01   1.5597e+00   0.0000e+00   2.8102e-05   2.9713e+02
20260903_17:00:00   9.5263e-02   2.6977e+01   1.5193e+00   0.0000e+00   1.5888e-05   2.9652e+02
20260903_18:00:00   9.3592e-02   2.6616e+01   1.4886e+00   0.0000e+00   6.0935e-06   2.9585e+02
20260903_19:00:00   9.2400e-02   2.6354e+01   1.4673e+00   0.0000e+00   8.8690e-06   2.9545e+02
20260903_20:00:00   9.1177e-02   2.6087e+01   1.4452e+00   0.0000e+00   3.3140e-06   2.9628e+02
20260903_21:00:00   9.0890e-02   2.6024e+01   1.4409e+00   0.0000e+00   3.3020e-06   2.9611e+02
20260903_22:00:00   9.0411e-02   2.5912e+01   1.4332e+00   0.0000e+00   3.2950e-06   2.9602e+02
20260903_23:00:00   9.0372e-02   2.5906e+01   1.4338e+00   0.0000e+00   3.2880e-06   2.9609e+02
20260904_00:00:00   9.0753e-02   2.5999e+01   1.4417e+00   0.0000e+00   3.3279e-06   2.9636e+02
20260904_01:00:00   9.0537e-02   2.5953e+01   1.4390e+00   0.0000e+00   9.5870e-06   2.9655e+02
20260904_02:00:00   8.8787e-02   2.5570e+01   1.4095e+00   0.0000e+00   8.4500e-06   2.9692e+02
20260904_03:00:00   8.5940e-02   2.4934e+01   1.3602e+00   0.0000e+00   0.0000e+00   2.9745e+02
20260904_04:00:00   8.4337e-02   2.4575e+01   1.3334e+00   0.0000e+00   0.0000e+00   2.9731e+02
20260904_05:00:00   8.2637e-02   2.4186e+01   1.3059e+00   0.0000e+00   0.0000e+00   2.9711e+02
20260904_06:00:00   8.3078e-02   2.4290e+01   1.3199e+00   0.0000e+00   5.5480e-06   2.9781e+02
20260904_07:00:00   8.9314e-02   2.5707e+01   1.4418e+00   0.0000e+00   5.5480e-06   2.9694e+02
20260904_08:00:00   9.4018e-02   2.6789e+01   1.5327e+00   0.0000e+00   1.3705e-05   2.9597e+02
20260904_09:00:00   9.6070e-02   2.7275e+01   1.5756e+00   0.0000e+00   1.3705e-05   2.9557e+02
20260904_10:00:00   9.7549e-02   2.7626e+01   1.6119e+00   0.0000e+00   2.1863e-05   2.9496e+02
20260904_11:00:00   9.8678e-02   2.7903e+01   1.6414e+00   0.0000e+00   2.4474e-05   2.9462e+02
20260904_12:00:00   9.9777e-02   2.8172e+01   1.6730e+00   0.0000e+00   2.4474e-05   2.9342e+02
20260904_13:00:00   1.0300e-01   2.8925e+01   1.7426e+00   0.0000e+00   2.4474e-05   2.9238e+02
20260904_14:00:00   1.0728e-01   2.9918e+01   1.8315e+00   0.0000e+00   2.7409e-05   2.9155e+02
20260904_15:00:00   1.1096e-01   3.0763e+01   1.9125e+00   0.0000e+00   2.7409e-05   2.9020e+02
20260904_16:00:00   1.1529e-01   3.1749e+01   2.0044e+00   0.0000e+00   2.3000e-05   2.9040e+02
20260904_17:00:00   1.2104e-01   3.3050e+01   2.1130e+00   0.0000e+00   2.7902e-04   2.8990e+02
20260904_18:00:00   1.2692e-01   3.4369e+01   2.2184e+00   0.0000e+00   1.2521e-03   2.8870e+02
20260904_19:00:00   1.3239e-01   3.5568e+01   2.3240e+00   0.0000e+00   1.2221e-03   2.8650e+02
20260904_20:00:00   1.3201e-01   3.5535e+01   2.3105e+00   0.0000e+00   3.5262e-04   2.8471e+02
20260904_21:00:00   1.2981e-01   3.5084e+01   2.2627e+00   0.0000e+00   2.2707e-05   2.8561e+02
20260904_22:00:00   1.2685e-01   3.4457e+01   2.2016e+00   0.0000e+00   1.2225e-05   2.8576e+02
20260904_23:00:00   1.1976e-01   3.2952e+01   2.0619e+00   0.0000e+00   1.2221e-05   2.8731e+02
20260905_00:00:00   1.1238e-01   3.1363e+01   1.9113e+00   0.0000e+00   6.6670e-06   2.8702e+02
20260905_01:00:00   1.0492e-01   2.9740e+01   1.7599e+00   0.0000e+00   6.6750e-06   2.8426e+02
20260905_02:00:00   9.7060e-02   2.7975e+01   1.6153e+00   0.0000e+00   6.6680e-06   2.7759e+02
20260905_03:00:00   9.5222e-02   2.7538e+01   1.5839e+00   0.0000e+00   2.2764e-04   2.7636e+02
20260905_04:00:00   8.9865e-02   2.6303e+01   1.4873e+00   0.0000e+00   1.5392e-04   2.7556e+02
20260905_05:00:00   8.7452e-02   2.5733e+01   1.4652e+00   0.0000e+00   3.0209e-04   2.7457e+02
20260905_06:00:00   9.2886e-02   2.6896e+01   1.6116e+00   0.0000e+00   4.5790e-03   2.6968e+02
20260905_07:00:00   9.5065e-02   2.7381e+01   1.6785e+00   0.0000e+00   1.2013e-02   2.6949e+02
20260905_08:00:00   1.0139e-01   2.8794e+01   1.8493e+00   0.0000e+00   1.7982e-02   2.6693e+02
20260905_09:00:00   1.1872e-01   3.2679e+01   2.2454e+00   0.0000e+00   3.1264e-02   2.6483e+02
20260905_10:00:00   1.3970e-01   3.7308e+01   2.6897e+00   0.0000e+00   6.4068e-02   2.6448e+02
20260905_11:00:00   1.8601e-01   4.7224e+01   3.6300e+00   0.0000e+00   9.4972e-02   2.6255e+02
20260905_12:00:00   2.4200e-01   5.8791e+01   4.6542e+00   0.0000e+00   1.0003e-01   2.6131e+02
20260905_13:00:00   2.7987e-01   6.6320e+01   5.2763e+00   0.0000e+00   1.5532e-01   2.6049e+02
20260905_14:00:00   2.9276e-01   6.8879e+01   5.4912e+00   0.0000e+00   1.8094e-01   2.5878e+02
20260905_15:00:00   2.9823e-01   7.0027e+01   5.6204e+00   0.0000e+00   1.3360e-01   2.5709e+02
20260905_16:00:00   3.0940e-01   7.2192e+01   5.8124e+00   0.0000e+00   1.9742e-01   2.5597e+02
20260905_17:00:00   3.1796e-01   7.3884e+01   5.9693e+00   0.0000e+00   2.0155e-01   2.5642e+02
20260905_18:00:00   3.2065e-01   7.4455e+01   6.0696e+00   0.0000e+00   1.0044e-01   2.5614e+02
20260905_19:00:00   3.2455e-01   7.5260e+01   6.1631e+00   0.0000e+00   5.2739e-02   2.5457e+02
20260905_20:00:00   3.2408e-01   7.5222e+01   6.1688e+00   0.0000e+00   1.7341e-02   2.5371e+02
20260905_21:00:00   3.2109e-01   7.4704e+01   6.1147e+00   0.0000e+00   2.1874e-03   2.5564e+02
20260905_22:00:00   3.2201e-01   7.4873e+01   6.1356e+00   0.0000e+00   2.2551e-03   2.5881e+02
20260905_23:00:00   3.2250e-01   7.4940e+01   6.1377e+00   0.0000e+00   1.9772e-03   2.6071e+02
20260906_00:00:00   3.2274e-01   7.4951e+01   6.1438e+00   0.0000e+00   4.2502e-03   2.6253e+02
20260906_03:00:00   2.8824e-01   6.8441e+01   5.4878e+00   0.0000e+00   3.0851e-03   2.6513e+02
20260906_06:00:00   2.5883e-01   6.2810e+01   4.9318e+00   0.0000e+00   2.5479e-04   2.6296e+02
20260906_09:00:00   2.0745e-01   5.2730e+01   3.8771e+00   0.0000e+00   0.0000e+00   2.6050e+02
20260906_12:00:00   1.8791e-01   4.8828e+01   3.5120e+00   0.0000e+00   5.5000e-06   2.6076e+02
20260906_15:00:00   2.0415e-01   5.2224e+01   3.8729e+00   0.0000e+00   9.7150e-06   2.6369e+02
20260906_18:00:00   2.0310e-01   5.2051e+01   3.8875e+00   0.0000e+00   0.0000e+00   2.6555e+02
20260906_21:00:00   1.9560e-01   5.0409e+01   3.7578e+00   0.0000e+00   4.8790e-06   2.6351e+02
20260907_00:00:00   1.8499e-01   4.8176e+01   3.5343e+00   0.0000e+00   0.0000e+00   2.6197e+02
20260907_03:00:00   1.7541e-01   4.6150e+01   3.3373e+00   0.0000e+00   4.9110e-06   2.6264e+02
20260907_06:00:00   1.7780e-01   4.6640e+01   3.4038e+00   0.0000e+00   0.0000e+00   2.6380e+02
20260907_09:00:00   1.8221e-01   4.7589e+01   3.4883e+00   0.0000e+00   0.0000e+00   2.6344e+02
20260907_12:00:00   1.7093e-01   4.5228e+01   3.2649e+00   0.0000e+00   0.0000e+00   2.6577e+02
20260907_15:00:00   1.5490e-01   4.1762e+01   2.9536e+00   0.0000e+00   0.0000e+00   2.6510e+02
20260907_18:00:00   1.3626e-01   3.7653e+01   2.5733e+00   0.0000e+00   0.0000e+00   2.6717e+02
20260907_21:00:00   1.2280e-01   3.4553e+01   2.3047e+00   0.0000e+00   0.0000e+00   2.6989e+02
20260908_00:00:00   1.2476e-01   3.4887e+01   2.3645e+00   0.0000e+00   0.0000e+00   2.7185e+02
20260908_03:00:00   1.2828e-01   3.5607e+01   2.4601e+00   0.0000e+00   0.0000e+00   2.7097e+02
20260908_06:00:00   1.3063e-01   3.6121e+01   2.5064e+00   0.0000e+00   0.0000e+00   2.7048e+02
20260908_09:00:00   1.4013e-01   3.8208e+01   2.7164e+00   0.0000e+00   0.0000e+00   2.7066e+02
20260908_12:00:00   1.4753e-01   3.9903e+01   2.8553e+00   0.0000e+00   0.0000e+00   2.7190e+02
20260908_15:00:00   1.4852e-01   4.0090e+01   2.8598e+00   0.0000e+00   0.0000e+00   2.7766e+02
20260908_18:00:00   1.3548e-01   3.7118e+01   2.6042e+00   0.0000e+00   0.0000e+00   2.7936e+02
20260908_21:00:00   1.3108e-01   3.5996e+01   2.5434e+00   0.0000e+00   1.1982e-05   2.7974e+02
20260909_00:00:00   1.3004e-01   3.5636e+01   2.5420e+00   0.0000e+00   1.1072e-04   2.8309e+02
20260909_03:00:00   1.3140e-01   3.5946e+01   2.5777e+00   0.0000e+00   7.2756e-04   2.7525e+02
20260909_06:00:00   1.1745e-01   3.2948e+01   2.2390e+00   0.0000e+00   1.7803e-04   2.7696e+02
20260909_09:00:00   1.4503e-01   3.9213e+01   2.7774e+00   0.0000e+00   1.7027e-04   2.6951e+02
20260909_12:00:00   1.8758e-01   4.8313e+01   3.6938e+00   0.0000e+00   3.2186e-03   2.6810e+02
20260909_15:00:00   2.8990e-01   6.9088e+01   5.4405e+00   0.0000e+00   9.7604e-04   2.6746e+02
20260909_18:00:00   2.9601e-01   7.0099e+01   5.5876e+00   0.0000e+00   1.6569e-03   2.6782e+02
20260909_21:00:00   2.6594e-01   6.4277e+01   4.9483e+00   0.0000e+00   2.0745e-03   2.7068e+02
20260910_00:00:00   2.7087e-01   6.5001e+01   5.0695e+00   0.0000e+00   3.2228e-03   2.7461e+02
20260910_03:00:00   2.6793e-01   6.4297e+01   4.9800e+00   0.0000e+00   1.0500e-02   2.7414e+02
20260910_06:00:00   2.5023e-01   6.0779e+01   4.6399e+00   0.0000e+00   2.5314e-03   2.7312e+02
20260910_09:00:00   2.4134e-01   5.8991e+01   4.4749e+00   0.0000e+00   5.4066e-03   2.7378e+02
20260910_12:00:00   2.2434e-01   5.5593e+01   4.1510e+00   0.0000e+00   4.2247e-03   2.7623e+02
20260910_15:00:00   2.1792e-01   5.4279e+01   4.0612e+00   0.0000e+00   4.1568e-03   2.7584e+02
20260910_18:00:00   1.8892e-01   4.8201e+01   3.6314e+00   0.0000e+00   4.6266e-03   2.7763e+02
20260910_21:00:00   1.6159e-01   4.2436e+01   3.1139e+00   0.0000e+00   8.2926e-03   2.7655e+02
20260911_00:00:00   1.8916e-01   4.8402e+01   3.6209e+00   0.0000e+00   1.3775e-02   2.8094e+02
20260911_03:00:00   1.8870e-01   4.8214e+01   3.6337e+00   0.0000e+00   1.4512e-02   2.8304e+02
20260911_06:00:00   2.3181e-01   5.6974e+01   4.3426e+00   0.0000e+00   8.2929e-02   2.8250e+02
20260911_09:00:00   2.4692e-01   5.9967e+01   4.4912e+00   0.0000e+00   1.4062e-01   2.8193e+02
20260911_12:00:00   2.3243e-01   5.7064e+01   4.2683e+00   0.0000e+00   6.2004e-03   2.8782e+02
20260911_15:00:00   2.1014e-01   5.2722e+01   3.8466e+00   0.0000e+00   1.0686e-04   2.9930e+02
20260911_18:00:00   2.1471e-01   5.3576e+01   4.0079e+00   0.0000e+00   1.0247e-02   3.0421e+02
20260911_21:00:00   2.4173e-01   5.9015e+01   4.5578e+00   0.0000e+00   1.2914e-02   3.0275e+02
20260912_00:00:00   2.6086e-01   6.2723e+01   4.9615e+00   0.0000e+00   1.0020e-02   2.9816e+02
20260912_03:00:00   2.6122e-01   6.2810e+01   4.9943e+00   0.0000e+00   2.7300e-02   2.9278e+02
20260912_06:00:00   2.6230e-01   6.3099e+01   5.0212e+00   0.0000e+00   1.4150e-02   2.9305e+02
20260912_09:00:00   2.6201e-01   6.3115e+01   5.0372e+00   0.0000e+00   6.9065e-03   2.9425e+02
20260912_12:00:00   2.8864e-01   6.8215e+01   5.4956e+00   0.0000e+00   1.0128e-01   2.9716e+02
20260912_15:00:00   2.9479e-01   6.9382e+01   5.6214e+00   0.0000e+00   1.3221e-01   2.9505e+02
20260912_18:00:00   2.8143e-01   6.6700e+01   5.4404e+00   0.0000e+00   5.9499e-02   2.9163e+02
20260912_21:00:00   2.4881e-01   6.0248e+01   4.8865e+00   0.0000e+00   5.0180e-02   2.9411e+02
20260913_00:00:00   2.4930e-01   6.0221e+01   4.8490e+00   0.0000e+00   8.4191e-02   2.9659e+02
20260913_03:00:00   2.4521e-01   5.9427e+01   4.6845e+00   0.0000e+00   1.4971e-02   3.0531e+02
20260913_06:00:00   2.3471e-01   5.7400e+01   4.4465e+00   0.0000e+00   6.7042e-03   3.0209e+02
20260913_09:00:00   2.3488e-01   5.7212e+01   4.3961e+00   0.0000e+00   1.1405e-01   3.0244e+02
20260913_12:00:00   2.0658e-01   5.1472e+01   3.8269e+00   0.0000e+00   1.9732e-02   3.0396e+02
20260913_15:00:00   1.9958e-01   5.0040e+01   3.6367e+00   0.0000e+00   2.8502e-02   3.1229e+02
20260913_18:00:00   1.9094e-01   4.8225e+01   3.4564e+00   0.0000e+00   4.0233e-02   3.1254e+02
20260913_21:00:00   1.8197e-01   4.6266e+01   3.2818e+00   0.0000e+00   1.8532e-02   3.2129e+02
20260914_00:00:00   1.7239e-01   4.4158e+01   3.0924e+00   0.0000e+00   4.6208e-03   3.2249e+02
20260914_03:00:00   1.6060e-01   4.1679e+01   2.8783e+00   0.0000e+00   6.7885e-04   3.1034e+02
20260914_06:00:00   1.5172e-01   3.9816e+01   2.7521e+00   0.0000e+00   7.8398e-05   3.0420e+02
20260914_09:00:00   1.4777e-01   3.8956e+01   2.6996e+00   0.0000e+00   2.8207e-03   3.0366e+02
20260914_12:00:00   1.4922e-01   3.9260e+01   2.7401e+00   0.0000e+00   2.9993e-03   3.0377e+02
20260914_15:00:00   1.6243e-01   4.2075e+01   3.0215e+00   0.0000e+00   2.6214e-03   3.0771e+02
20260914_18:00:00   1.6024e-01   4.1604e+01   2.9721e+00   0.0000e+00   1.4485e-02   3.1097e+02
20260914_21:00:00   1.6732e-01   4.3092e+01   3.0990e+00   0.0000e+00   2.6680e-02   3.1289e+02
20260915_00:00:00   1.7424e-01   4.4605e+01   3.1734e+00   0.0000e+00   2.4590e-02   3.0791e+02
20260915_03:00:00   1.5315e-01   4.0226e+01   2.7025e+00   0.0000e+00   3.1327e-03   3.0722e+02
20260915_06:00:00   1.2048e-01   3.3126e+01   2.0482e+00   0.0000e+00   1.5989e-03   3.0768e+02
20260915_09:00:00   9.0786e-02   2.6363e+01   1.5084e+00   0.0000e+00   1.4884e-03   3.0697e+02
20260915_12:00:00   8.6928e-02   2.5374e+01   1.4886e+00   0.0000e+00   1.5163e-05   3.1062e+02
20260915_15:00:00   9.0757e-02   2.6152e+01   1.6059e+00   0.0000e+00   1.7066e-04   3.2041e+02
20260915_18:00:00   1.0063e-01   2.8358e+01   1.8160e+00   0.0000e+00   1.1926e-03   3.2825e+02
20260915_21:00:00   1.0921e-01   3.0262e+01   1.9700e+00   0.0000e+00   5.9518e-03   3.2830e+02
20260916_00:00:00   1.1874e-01   3.2373e+01   2.1577e+00   0.0000e+00   4.1041e-03   3.2506e+02
20260916_03:00:00   1.3110e-01   3.5063e+01   2.3791e+00   0.0000e+00   1.8114e-02   3.2629e+02
20260916_06:00:00   1.4125e-01   3.7281e+01   2.5360e+00   0.0000e+00   3.4509e-02   3.2887e+02
20260916_09:00:00   1.4866e-01   3.8878e+01   2.6503e+00   0.0000e+00   6.6390e-03   3.3186e+02
20260916_12:00:00   1.5171e-01   3.9588e+01   2.6753e+00   0.0000e+00   4.8469e-03   3.3304e+02
20260916_15:00:00   1.5721e-01   4.0752e+01   2.7592e+00   0.0000e+00   2.0374e-02   3.3675e+02
20260916_18:00:00   1.5659e-01   4.0596e+01   2.7170e+00   0.0000e+00   6.8444e-02   3.3753e+02
20260916_21:00:00   1.5322e-01   3.9831e+01   2.6223e+00   0.0000e+00   1.2111e-01   3.3422e+02
20260917_00:00:00   1.5076e-01   3.9291e+01   2.5663e+00   0.0000e+00   1.3590e-01   3.3848e+02
