#            date       tau255        Tb[K]      pwv[mm] lwp[kg*m^-2] iwp[kg*m^-2]       o3[DU]
20260831_18:00:00   1.6053e-01   4.1509e+01   2.7714e+00   0.0000e+00   6.1727e-02   2.8265e+02
20260831_19:00:00   1.6198e-01   4.1843e+01   2.8067e+00   0.0000e+00   4.4944e-02   2.8337e+02
20260831_20:00:00   1.6220e-01   4.1894e+01   2.8191e+00   0.0000e+00   3.3060e-02   2.8421e+02
20260831_21:00:00   1.6234e-01   4.1927e+01   2.8246e+00   0.0000e+00   2.7550e-02   2.8608e+02
20260831_22:00:00   1.6175e-01   4.1793e+01   2.8131e+00   0.0000e+00   2.6968e-02   2.8865e+02
20260831_23:00:00   1.5920e-01   4.1216e+01   2.7625e+00   0.0000e+00   2.9660e-02   2.9128e+02
20260901_00:00:00   1.5725e-01   4.0776e+01   2.7318e+00   0.0000e+00   1.9835e-02   2.9318e+02
20260901_01:00:00   1.5516e-01   4.0305e+01   2.6970e+00   0.0000e+00   1.0136e-02   2.9443e+02
20260901_02:00:00   1.5371e-01   3.9974e+01   2.6695e+00   0.0000e+00   7.6969e-03   2.9493e+02
20260901_03:00:00   1.5190e-01   3.9577e+01   2.6364e+00   0.0000e+00   5.1091e-03   2.9495e+02
20260901_04:00:00   1.4974e-01   3.9104e+01   2.5956e+00   0.0000e+00   3.8531e-03   2.9411e+02
20260901_05:00:00   1.4894e-01   3.8918e+01   2.5800e+00   0.0000e+00   4.6265e-03   2.9230e+02
20260901_06:00:00   1.4769e-01   3.8643e+01   2.5557e+00   0.0000e+00   3.5461e-03   2.9112e+02
20260901_07:00:00   1.4717e-01   3.8519e+01   2.5435e+00   0.0000e+00   6.1553e-03   2.9070e+02
20260901_08:00:00   1.4616e-01   3.8294e+01   2.5210e+00   0.0000e+00   7.6181e-03   2.9079e+02
20260901_09:00:00   1.4501e-01   3.8048e+01   2.4971e+00   0.0000e+00   6.5422e-03   2.9094e+02
20260901_10:00:00   1.4406e-01   3.7844e+01   2.4767e+00   0.0000e+00   6.5969e-03   2.9091e+02
20260901_11:00:00   1.4295e-01   3.7613e+01   2.4581e+00   0.0000e+00   2.3832e-03   2.9073e+02
20260901_12:00:00   1.4192e-01   3.7389e+01   2.4356e+00   0.0000e+00   2.5249e-03   2.9109e+02
20260901_13:00:00   1.3997e-01   3.6970e+01   2.3932e+00   0.0000e+00   4.5163e-03   2.9185e+02
20260901_14:00:00   1.3658e-01   3.6256e+01   2.3253e+00   0.0000e+00   2.1233e-03   2.9147e+02
20260901_15:00:00   1.3275e-01   3.5449e+01   2.2465e+00   0.0000e+00   1.4992e-03   2.9106e+02
20260901_16:00:00   1.2844e-01   3.4528e+01   2.1582e+00   0.0000e+00   1.7701e-03   2.9030e+02
20260901_17:00:00   1.2383e-01   3.3534e+01   2.0649e+00   0.0000e+00   2.3498e-03   2.9081e+02
20260901_18:00:00   1.1867e-01   3.2407e+01   1.9684e+00   0.0000e+00   1.8052e-03   2.9310e+02
20260901_19:00:00   1.1491e-01   3.1548e+01   1.9024e+00   0.0000e+00   1.8773e-03   2.9526e+02
20260901_20:00:00   1.1482e-01   3.1480e+01   1.9031e+00   0.0000e+00   3.0162e-03   2.9558e+02
20260901_21:00:00   1.1600e-01   3.1688e+01   1.9205e+00   0.0000e+00   5.4301e-03   2.9524e+02
20260901_22:00:00   1.1869e-01   3.2231e+01   1.9566e+00   0.0000e+00   1.6852e-02   2.9510e+02
20260901_23:00:00   1.1853e-01   3.2160e+01   1.9392e+00   0.0000e+00   3.6938e-02   2.9591e+02
20260902_00:00:00   1.1615e-01   3.1597e+01   1.8925e+00   0.0000e+00   3.5941e-02   2.9552e+02
20260902_01:00:00   1.1383e-01   3.1052e+01   1.8467e+00   0.0000e+00   3.6688e-02   2.9457e+02
20260902_02:00:00   1.1185e-01   3.0592e+01   1.8123e+00   0.0000e+00   2.9075e-02   2.9320e+02
20260902_03:00:00   1.1078e-01   3.0342e+01   1.7951e+00   0.0000e+00   2.1804e-02   2.9191e+02
20260902_04:00:00   1.1080e-01   3.0344e+01   1.7999e+00   0.0000e+00   1.5742e-02   2.9087e+02
20260902_05:00:00   1.1100e-01   3.0384e+01   1.8087e+00   0.0000e+00   1.1691e-02   2.9055e+02
20260902_06:00:00   1.1081e-01   3.0342e+01   1.8117e+00   0.0000e+00   3.9137e-03   2.8977e+02
20260902_07:00:00   1.1103e-01   3.0386e+01   1.8209e+00   0.0000e+00   1.6371e-03   2.8873e+02
20260902_08:00:00   1.1107e-01   3.0399e+01   1.8250e+00   0.0000e+00   1.1229e-03   2.8739e+02
20260902_09:00:00   1.1155e-01   3.0513e+01   1.8383e+00   0.0000e+00   6.5715e-04   2.8677e+02
20260902_10:00:00   1.1169e-01   3.0542e+01   1.8431e+00   0.0000e+00   4.4765e-04   2.8730e+02
20260902_11:00:00   1.1219e-01   3.0656e+01   1.8528e+00   0.0000e+00   1.8944e-04   2.8802e+02
20260902_12:00:00   1.1217e-01   3.0652e+01   1.8508e+00   0.0000e+00   1.4049e-04   2.8894e+02
20260902_13:00:00   1.1188e-01   3.0588e+01   1.8443e+00   0.0000e+00   9.2223e-05   2.8978e+02
20260902_14:00:00   1.1171e-01   3.0547e+01   1.8410e+00   0.0000e+00   4.3931e-05   2.9101e+02
20260902_15:00:00   1.1136e-01   3.0463e+01   1.8339e+00   0.0000e+00   7.0462e-05   2.9239e+02
20260902_16:00:00   1.1110e-01   3.0407e+01   1.8283e+00   0.0000e+00   2.1420e-04   2.9305e+02
20260902_17:00:00   1.1079e-01   3.0337e+01   1.8214e+00   0.0000e+00   1.3474e-04   2.9309e+02
20260902_18:00:00   1.1091e-01   3.0366e+01   1.8226e+00   0.0000e+00   5.7963e-05   2.9236e+02
20260902_19:00:00   1.1106e-01   3.0398e+01   1.8236e+00   0.0000e+00   1.0113e-04   2.9077e+02
20260902_20:00:00   1.1105e-01   3.0393e+01   1.8205e+00   0.0000e+00   4.6248e-04   2.8820e+02
20260902_21:00:00   1.1122e-01   3.0420e+01   1.8213e+00   0.0000e+00   9.0352e-04   2.8613e+02
20260902_22:00:00   1.1136e-01   3.0437e+01   1.8221e+00   0.0000e+00   1.2366e-03   2.8567e+02
20260902_23:00:00   1.1084e-01   3.0317e+01   1.8118e+00   0.0000e+00   9.7339e-04   2.8576e+02
20260903_00:00:00   1.0974e-01   3.0071e+01   1.7922e+00   0.0000e+00   4.1297e-04   2.8617e+02
20260903_01:00:00   1.0881e-01   2.9856e+01   1.7732e+00   0.0000e+00   3.6485e-04   2.8621e+02
20260903_02:00:00   1.0773e-01   2.9621e+01   1.7516e+00   0.0000e+00   4.4505e-04   2.8685e+02
20260903_03:00:00   1.0745e-01   2.9551e+01   1.7456e+00   0.0000e+00   4.1912e-04   2.8723e+02
20260903_04:00:00   1.0703e-01   2.9460e+01   1.7369e+00   0.0000e+00   5.6986e-04   2.8811e+02
20260903_05:00:00   1.0716e-01   2.9490e+01   1.7392e+00   0.0000e+00   3.5436e-04   2.9029e+02
20260903_06:00:00   1.0750e-01   2.9562e+01   1.7461e+00   0.0000e+00   2.5044e-04   2.9303e+02
20260903_07:00:00   1.0784e-01   2.9633e+01   1.7511e+00   0.0000e+00   2.1466e-04   2.9461e+02
20260903_08:00:00   1.0796e-01   2.9657e+01   1.7519e+00   0.0000e+00   4.5433e-04   2.9580e+02
20260903_09:00:00   1.0769e-01   2.9604e+01   1.7451e+00   0.0000e+00   1.2168e-03   2.9701e+02
20260903_10:00:00   1.0648e-01   2.9351e+01   1.7219e+00   0.0000e+00   1.2244e-03   2.9778e+02
20260903_11:00:00   1.0346e-01   2.8711e+01   1.6657e+00   0.0000e+00   2.0107e-04   2.9849e+02
20260903_12:00:00   1.0087e-01   2.8161e+01   1.6173e+00   0.0000e+00   4.1883e-05   2.9924e+02
20260903_13:00:00   9.8633e-02   2.7682e+01   1.5739e+00   0.0000e+00   3.3719e-05   2.9936e+02
20260903_14:00:00   9.7017e-02   2.7342e+01   1.5427e+00   0.0000e+00   3.9696e-05   2.9954e+02
20260903_15:00:00   9.5992e-02   2.7132e+01   1.5241e+00   0.0000e+00   3.5017e-05   2.9987e+02
20260903_16:00:00   9.5570e-02   2.7051e+01   1.5194e+00   0.0000e+00   2.9629e-05   3.0020e+02
20260903_17:00:00   9.4007e-02   2.6709e+01   1.4954e+00   0.0000e+00   3.7778e-05   2.9971e+02
20260903_18:00:00   9.2492e-02   2.6376e+01   1.4729e+00   0.0000e+00   3.4831e-05   2.9923e+02
20260903_19:00:00   9.2121e-02   2.6298e+01   1.4708e+00   0.0000e+00   2.4051e-05   2.9913e+02
20260903_20:00:00   9.2548e-02   2.6385e+01   1.4825e+00   0.0000e+00   2.7024e-05   2.9808e+02
20260903_21:00:00   9.3260e-02   2.6534e+01   1.4993e+00   0.0000e+00   1.8849e-05   2.9651e+02
20260903_22:00:00   9.3890e-02   2.6666e+01   1.5154e+00   0.0000e+00   1.3705e-05   2.9544e+02
20260903_23:00:00   9.2440e-02   2.6337e+01   1.4919e+00   0.0000e+00   1.9252e-05   2.9507e+02
20260904_00:00:00   9.0819e-02   2.5978e+01   1.4639e+00   0.0000e+00   1.1095e-05   2.9429e+02
20260904_01:00:00   8.9802e-02   2.5758e+01   1.4466e+00   0.0000e+00   1.1095e-05   2.9234e+02
20260904_02:00:00   8.9712e-02   2.5740e+01   1.4474e+00   0.0000e+00   1.9252e-05   2.9069e+02
20260904_03:00:00   9.0130e-02   2.5834e+01   1.4604e+00   0.0000e+00   2.1863e-05   2.8985e+02
20260904_04:00:00   9.1289e-02   2.6094e+01   1.4848e+00   0.0000e+00   2.1863e-05   2.8976e+02
20260904_05:00:00   9.2228e-02   2.6309e+01   1.5031e+00   0.0000e+00   2.1863e-05   2.9078e+02
20260904_06:00:00   9.2502e-02   2.6377e+01   1.5106e+00   0.0000e+00   2.4474e-05   2.9087e+02
20260904_07:00:00   9.2981e-02   2.6479e+01   1.5221e+00   0.0000e+00   9.6207e-05   2.9054e+02
20260904_08:00:00   9.4333e-02   2.6781e+01   1.5512e+00   0.0000e+00   1.1137e-03   2.9014e+02
20260904_09:00:00   9.7507e-02   2.7499e+01   1.6141e+00   0.0000e+00   3.9768e-03   2.9042e+02
20260904_10:00:00   1.0241e-01   2.8614e+01   1.7079e+00   0.0000e+00   4.9081e-03   2.9042e+02
20260904_11:00:00   1.1031e-01   3.0404e+01   1.8548e+00   0.0000e+00   2.5281e-03   2.9001e+02
20260904_12:00:00   1.1839e-01   3.2216e+01   2.0049e+00   0.0000e+00   7.5810e-04   2.8968e+02
20260904_13:00:00   1.2523e-01   3.3746e+01   2.1363e+00   0.0000e+00   2.6686e-03   2.8939e+02
20260904_14:00:00   1.2959e-01   3.4751e+01   2.2164e+00   0.0000e+00   1.0146e-03   2.8940e+02
20260904_15:00:00   1.3334e-01   3.5605e+01   2.2896e+00   0.0000e+00   5.2906e-04   2.8828e+02
20260904_16:00:00   1.3766e-01   3.6571e+01   2.3704e+00   0.0000e+00   3.2936e-04   2.8666e+02
20260904_17:00:00   1.4086e-01   3.7297e+01   2.4288e+00   0.0000e+00   2.1630e-04   2.8518e+02
20260904_18:00:00   1.4249e-01   3.7689e+01   2.4597e+00   0.0000e+00   2.9586e-04   2.8382e+02
20260904_19:00:00   1.4429e-01   3.8099e+01   2.4968e+00   0.0000e+00   6.1896e-04   2.8261e+02
20260904_20:00:00   1.4568e-01   3.8409e+01   2.5221e+00   0.0000e+00   9.0135e-04   2.8232e+02
20260904_21:00:00   1.4799e-01   3.8905e+01   2.5632e+00   0.0000e+00   7.7331e-04   2.8370e+02
20260904_22:00:00   1.4919e-01   3.9165e+01   2.5839e+00   0.0000e+00   3.1912e-04   2.8538e+02
20260904_23:00:00   1.4847e-01   3.9040e+01   2.5695e+00   0.0000e+00   9.3951e-05   2.8704e+02
20260905_00:00:00   1.4760e-01   3.8873e+01   2.5526e+00   0.0000e+00   7.6239e-05   2.8784e+02
20260905_01:00:00   1.4642e-01   3.8635e+01   2.5299e+00   0.0000e+00   3.8211e-05   2.8700e+02
20260905_02:00:00   1.4360e-01   3.8049e+01   2.4800e+00   0.0000e+00   3.2086e-05   2.8535e+02
20260905_03:00:00   1.3968e-01   3.7231e+01   2.4097e+00   0.0000e+00   2.9038e-05   2.8341e+02
20260905_04:00:00   1.3536e-01   3.6327e+01   2.3313e+00   0.0000e+00   3.1217e-05   2.8186e+02
20260905_05:00:00   1.3325e-01   3.5874e+01   2.2911e+00   0.0000e+00   3.1194e-05   2.8064e+02
20260905_06:00:00   1.2805e-01   3.4772e+01   2.1928e+00   0.0000e+00   2.0847e-05   2.8178e+02
20260905_07:00:00   1.2078e-01   3.3205e+01   2.0522e+00   0.0000e+00   1.5295e-05   2.8211e+02
20260905_08:00:00   1.1352e-01   3.1615e+01   1.9118e+00   0.0000e+00   9.7430e-06   2.8202e+02
20260905_09:00:00   1.0745e-01   3.0283e+01   1.7916e+00   0.0000e+00   9.7290e-06   2.7882e+02
20260905_10:00:00   1.0207e-01   2.9081e+01   1.6917e+00   0.0000e+00   9.7050e-06   2.7684e+02
20260905_11:00:00   9.6639e-02   2.7856e+01   1.5920e+00   0.0000e+00   1.3366e-04   2.7573e+02
20260905_12:00:00   9.4428e-02   2.7329e+01   1.5719e+00   0.0000e+00   1.7474e-03   2.7098e+02
20260905_13:00:00   9.7243e-02   2.7944e+01   1.6563e+00   0.0000e+00   1.7161e-03   2.6915e+02
20260905_14:00:00   1.0113e-01   2.8784e+01   1.7818e+00   0.0000e+00   3.8101e-03   2.6574e+02
20260905_15:00:00   1.0795e-01   3.0286e+01   1.9627e+00   0.0000e+00   3.5464e-03   2.6306e+02
20260905_16:00:00   1.1905e-01   3.2744e+01   2.2221e+00   0.0000e+00   5.9396e-03   2.6221e+02
20260905_17:00:00   1.3210e-01   3.5611e+01   2.5099e+00   0.0000e+00   8.7678e-03   2.6365e+02
20260905_18:00:00   1.3789e-01   3.6896e+01   2.6423e+00   0.0000e+00   1.2246e-02   2.6499e+02
20260905_21:00:00   2.0002e-01   5.0192e+01   3.9260e+00   0.0000e+00   1.5551e-02   2.5682e+02
20260906_00:00:00   2.4847e-01   6.0195e+01   4.8140e+00   0.0000e+00   5.0135e-03   2.5416e+02
20260906_03:00:00   2.7613e-01   6.5692e+01   5.2744e+00   0.0000e+00   8.0142e-03   2.5687e+02
20260906_06:00:00   2.8267e-01   6.6961e+01   5.3880e+00   0.0000e+00   1.1393e-02   2.5520e+02
20260906_09:00:00   2.8444e-01   6.7317e+01   5.4147e+00   0.0000e+00   1.2475e-02   2.5309e+02
20260906_12:00:00   2.7870e-01   6.6311e+01   5.3317e+00   0.0000e+00   3.4553e-02   2.5444e+02
20260906_15:00:00   2.8519e-01   6.7500e+01   5.4384e+00   0.0000e+00   1.1138e-02   2.5465e+02
20260906_18:00:00   2.8830e-01   6.8102e+01   5.4333e+00   0.0000e+00   1.1643e-01   2.6526e+02
20260906_21:00:00   2.8101e-01   6.6642e+01   5.3273e+00   0.0000e+00   4.7637e-02   2.6763e+02
20260907_00:00:00   2.7682e-01   6.5826e+01   5.2633e+00   0.0000e+00   1.8238e-02   2.6948e+02
20260907_03:00:00   2.7455e-01   6.5348e+01   5.2063e+00   0.0000e+00   2.7779e-02   2.7024e+02
20260907_06:00:00   2.7334e-01   6.5140e+01   5.1829e+00   0.0000e+00   3.3672e-02   2.7333e+02
20260907_09:00:00   2.7507e-01   6.5510e+01   5.2117e+00   0.0000e+00   2.4656e-02   2.7148e+02
20260907_12:00:00   2.6608e-01   6.3839e+01   5.0729e+00   0.0000e+00   2.5182e-02   2.7003e+02
20260907_15:00:00   2.4687e-01   6.0137e+01   4.7251e+00   0.0000e+00   1.2047e-02   2.6520e+02
20260907_18:00:00   2.3083e-01   5.6800e+01   4.4714e+00   0.0000e+00   3.7296e-03   2.6829e+02
20260907_21:00:00   2.2679e-01   5.5944e+01   4.3377e+00   0.0000e+00   1.1311e-02   2.6896e+02
20260908_00:00:00   2.2106e-01   5.4706e+01   4.1847e+00   0.0000e+00   3.8725e-03   2.6838e+02
20260908_03:00:00   2.1013e-01   5.2372e+01   3.9620e+00   0.0000e+00   8.9527e-03   2.7112e+02
20260908_06:00:00   1.3681e-01   3.6837e+01   2.5283e+00   0.0000e+00   1.2342e-03   2.7438e+02
20260908_09:00:00   1.1320e-01   3.1564e+01   2.0080e+00   0.0000e+00   1.8831e-03   2.8341e+02
20260908_12:00:00   1.1657e-01   3.2330e+01   2.0159e+00   0.0000e+00   2.6208e-03   2.8530e+02
20260908_15:00:00   1.0441e-01   2.9610e+01   1.7441e+00   0.0000e+00   2.0277e-03   2.9319e+02
20260908_18:00:00   1.1968e-01   3.2860e+01   2.0621e+00   0.0000e+00   6.3081e-03   3.0175e+02
20260908_21:00:00   1.3500e-01   3.6072e+01   2.3839e+00   0.0000e+00   8.0698e-03   3.0410e+02
20260909_00:00:00   1.3910e-01   3.6905e+01   2.4587e+00   0.0000e+00   1.4909e-02   3.0522e+02
20260909_03:00:00   1.4176e-01   3.7451e+01   2.4992e+00   0.0000e+00   2.1762e-02   3.0432e+02
20260909_06:00:00   1.4148e-01   3.7352e+01   2.5053e+00   0.0000e+00   1.7210e-02   3.0648e+02
20260909_09:00:00   1.3505e-01   3.5938e+01   2.3934e+00   0.0000e+00   9.3135e-03   3.0592e+02
20260909_12:00:00   1.2118e-01   3.2887e+01   2.1545e+00   0.0000e+00   4.6476e-03   3.0309e+02
20260909_15:00:00   1.2157e-01   3.3019e+01   2.1700e+00   0.0000e+00   4.6138e-05   2.9759e+02
20260909_18:00:00   1.2343e-01   3.3461e+01   2.2011e+00   0.0000e+00   1.6316e-05   3.0260e+02
20260909_21:00:00   1.2552e-01   3.3961e+01   2.2332e+00   0.0000e+00   3.6442e-05   3.0279e+02
20260910_00:00:00   1.3239e-01   3.5485e+01   2.3354e+00   0.0000e+00   1.0350e-03   3.0303e+02
20260910_03:00:00   1.2708e-01   3.4323e+01   2.2387e+00   0.0000e+00   3.1247e-04   3.0395e+02
20260910_06:00:00   1.2331e-01   3.3509e+01   2.1651e+00   0.0000e+00   5.9023e-05   3.0801e+02
20260910_09:00:00   1.2513e-01   3.3909e+01   2.1909e+00   0.0000e+00   2.3360e-04   3.0793e+02
20260910_12:00:00   1.2763e-01   3.4476e+01   2.2390e+00   0.0000e+00   2.1804e-05   3.0575e+02
20260910_15:00:00   1.2374e-01   3.3639e+01   2.1678e+00   0.0000e+00   2.1809e-05   3.0378e+02
20260910_18:00:00   1.1064e-01   3.0833e+01   1.9011e+00   0.0000e+00   0.0000e+00   3.0354e+02
20260910_21:00:00   1.0279e-01   2.9148e+01   1.7323e+00   0.0000e+00   0.0000e+00   3.0511e+02
20260911_00:00:00   8.6140e-02   2.5405e+01   1.4172e+00   0.0000e+00   0.0000e+00   2.9884e+02
20260911_03:00:00   7.6567e-02   2.3138e+01   1.2731e+00   0.0000e+00   0.0000e+00   2.9390e+02
20260911_06:00:00   7.3927e-02   2.2452e+01   1.2763e+00   0.0000e+00   0.0000e+00   2.9255e+02
20260911_09:00:00   8.4017e-02   2.4741e+01   1.5336e+00   0.0000e+00   1.5894e-03   2.8914e+02
20260911_12:00:00   9.6000e-02   2.7462e+01   1.8117e+00   0.0000e+00   1.4163e-04   2.8852e+02
20260911_15:00:00   1.0214e-01   2.8865e+01   1.9443e+00   0.0000e+00   5.5062e-05   2.8408e+02
20260911_18:00:00   9.4719e-02   2.7244e+01   1.7858e+00   0.0000e+00   8.1580e-06   2.7926e+02
20260911_21:00:00   8.9397e-02   2.6100e+01   1.6692e+00   0.0000e+00   8.1580e-06   2.7734e+02
20260912_00:00:00   9.3300e-02   2.7060e+01   1.7533e+00   0.0000e+00   0.0000e+00   2.7788e+02
20260912_03:00:00   9.6721e-02   2.7882e+01   1.8221e+00   0.0000e+00   0.0000e+00   2.7842e+02
20260912_06:00:00   8.8623e-02   2.6000e+01   1.6788e+00   0.0000e+00   0.0000e+00   2.7563e+02
20260912_09:00:00   1.0433e-01   2.9515e+01   2.0498e+00   0.0000e+00   5.3200e-05   2.7778e+02
20260912_12:00:00   2.4112e-01   5.8907e+01   4.6383e+00   0.0000e+00   1.4325e-03   2.8077e+02
20260912_15:00:00   2.6187e-01   6.3201e+01   4.9727e+00   0.0000e+00   4.2742e-04   2.8162e+02
20260912_18:00:00   2.7509e-01   6.5811e+01   5.2161e+00   0.0000e+00   4.7197e-03   2.8205e+02
20260912_21:00:00   2.8905e-01   6.8420e+01   5.4777e+00   0.0000e+00   9.6319e-02   2.7416e+02
20260913_00:00:00   2.8524e-01   6.7734e+01   5.3877e+00   0.0000e+00   6.4352e-02   2.8107e+02
20260913_03:00:00   2.7383e-01   6.5508e+01   5.2010e+00   0.0000e+00   3.6592e-03   2.8981e+02
20260913_06:00:00   2.7411e-01   6.5438e+01   5.1629e+00   0.0000e+00   5.9699e-02   2.9003e+02
20260913_09:00:00   2.5905e-01   6.2428e+01   4.8771e+00   0.0000e+00   4.7006e-02   2.9148e+02
20260913_12:00:00   2.3171e-01   5.6897e+01   4.4281e+00   0.0000e+00   2.9351e-02   2.9754e+02
20260913_15:00:00   2.4265e-01   5.9059e+01   4.5875e+00   0.0000e+00   2.8365e-02   3.0432e+02
20260913_18:00:00   2.4531e-01   5.9557e+01   4.5895e+00   0.0000e+00   6.6797e-02   3.0574e+02
20260913_21:00:00   2.4034e-01   5.8533e+01   4.4909e+00   0.0000e+00   4.1070e-02   3.0524e+02
20260914_00:00:00   2.3663e-01   5.7775e+01   4.3728e+00   0.0000e+00   9.4711e-02   3.0898e+02
20260914_03:00:00   2.3216e-01   5.6866e+01   4.2647e+00   0.0000e+00   1.0372e-01   3.1338e+02
20260914_06:00:00   2.2786e-01   5.5964e+01   4.1356e+00   0.0000e+00   1.6088e-01   3.1338e+02
20260914_09:00:00   2.1842e-01   5.3983e+01   3.9704e+00   0.0000e+00   9.2715e-02   3.1668e+02
20260914_12:00:00   2.1422e-01   5.3090e+01   3.8707e+00   0.0000e+00   1.1719e-01   3.1788e+02
20260914_15:00:00   2.1260e-01   5.2762e+01   3.8226e+00   0.0000e+00   1.2891e-01   3.2072e+02
20260914_18:00:00   2.0885e-01   5.1985e+01   3.7443e+00   0.0000e+00   1.1115e-01   3.2027e+02
20260914_21:00:00   2.0354e-01   5.0849e+01   3.6516e+00   0.0000e+00   7.4681e-02   3.2218e+02
20260915_00:00:00   1.9850e-01   4.9772e+01   3.5416e+00   0.0000e+00   8.1866e-02   3.2245e+02
20260915_03:00:00   1.9108e-01   4.8194e+01   3.4047e+00   0.0000e+00   4.6589e-02   3.2052e+02
20260915_06:00:00   1.8203e-01   4.6285e+01   3.2253e+00   0.0000e+00   2.4149e-02   3.2256e+02
20260915_09:00:00   1.7622e-01   4.5009e+01   3.0941e+00   0.0000e+00   4.4135e-02   3.2319e+02
20260915_12:00:00   1.6956e-01   4.3609e+01   2.9919e+00   0.0000e+00   8.9417e-04   3.2393e+02
20260915_15:00:00   1.6827e-01   4.3321e+01   2.9492e+00   0.0000e+00   5.3943e-03   3.2140e+02
20260915_18:00:00   1.6385e-01   4.2360e+01   2.8645e+00   0.0000e+00   1.2523e-03   3.2039e+02
20260915_21:00:00   1.5825e-01   4.1105e+01   2.7653e+00   0.0000e+00   7.0589e-04   3.2313e+02
20260916_00:00:00   1.5846e-01   4.1080e+01   2.7599e+00   0.0000e+00   1.1621e-03   3.2346e+02
20260916_03:00:00   1.5781e-01   4.0898e+01   2.7388e+00   0.0000e+00   2.5755e-03   3.2249e+02
20260916_06:00:00   1.5612e-01   4.0510e+01   2.6926e+00   0.0000e+00   8.8725e-03   3.1952e+02
20260916_09:00:00   1.5172e-01   3.9574e+01   2.6036e+00   0.0000e+00   2.1922e-03   3.2263e+02
20260916_12:00:00   1.4158e-01   3.7468e+01   2.4073e+00   0.0000e+00   1.4638e-03   3.2576e+02
20260916_15:00:00   1.1974e-01   3.2886e+01   1.9821e+00   0.0000e+00   1.1392e-05   3.2808e+02
20260916_18:00:00   1.1082e-01   3.0931e+01   1.8669e+00   0.0000e+00   2.7457e-03   3.2136e+02
