#            date       tau255        Tb[K]      pwv[mm] lwp[kg*m^-2] iwp[kg*m^-2]       o3[DU]
20260902_12:00:00   2.1847e-02   9.9586e+00   3.2211e-01   0.0000e+00   0.0000e+00   2.5379e+02
20260902_13:00:00   2.1509e-02   9.8689e+00   3.1095e-01   0.0000e+00   0.0000e+00   2.5384e+02
20260902_14:00:00   2.1997e-02   1.0008e+01   3.2246e-01   0.0000e+00   0.0000e+00   2.5509e+02
20260902_15:00:00   2.2315e-02   1.0096e+01   3.3131e-01   0.0000e+00   0.0000e+00   2.5787e+02
20260902_16:00:00   2.3286e-02   1.0367e+01   3.5920e-01   0.0000e+00   0.0000e+00   2.5941e+02
20260902_17:00:00   2.3721e-02   1.0486e+01   3.7222e-01   0.0000e+00   0.0000e+00   2.5888e+02
20260902_18:00:00   2.4944e-02   1.0825e+01   4.0531e-01   0.0000e+00   0.0000e+00   2.5658e+02
20260902_19:00:00   2.6388e-02   1.1214e+01   4.4544e-01   0.0000e+00   0.0000e+00   2.5376e+02
20260902_20:00:00   2.9135e-02   1.1954e+01   5.2024e-01   0.0000e+00   0.0000e+00   2.5288e+02
20260902_21:00:00   3.0501e-02   1.2318e+01   5.5717e-01   0.0000e+00   0.0000e+00   2.5361e+02
20260902_22:00:00   3.0859e-02   1.2417e+01   5.6546e-01   0.0000e+00   0.0000e+00   2.5447e+02
20260902_23:00:00   3.1241e-02   1.2525e+01   5.7320e-01   0.0000e+00   0.0000e+00   2.5313e+02
20260903_00:00:00   3.0692e-02   1.2379e+01   5.5718e-01   0.0000e+00   0.0000e+00   2.5325e+02
20260903_01:00:00   2.7811e-02   1.1603e+01   4.8317e-01   0.0000e+00   0.0000e+00   2.5299e+02
20260903_02:00:00   2.6338e-02   1.1202e+01   4.4446e-01   0.0000e+00   0.0000e+00   2.5327e+02
20260903_03:00:00   2.5643e-02   1.1014e+01   4.2539e-01   0.0000e+00   0.0000e+00   2.5371e+02
20260903_04:00:00   2.6112e-02   1.1143e+01   4.3658e-01   0.0000e+00   0.0000e+00   2.5441e+02
20260903_05:00:00   2.6346e-02   1.1206e+01   4.4372e-01   0.0000e+00   0.0000e+00   2.5382e+02
20260903_06:00:00   2.6234e-02   1.1173e+01   4.4166e-01   0.0000e+00   0.0000e+00   2.5302e+02
20260903_07:00:00   2.5651e-02   1.1011e+01   4.2608e-01   0.0000e+00   0.0000e+00   2.5272e+02
20260903_08:00:00   2.5338e-02   1.0922e+01   4.1783e-01   0.0000e+00   0.0000e+00   2.5291e+02
20260903_09:00:00   2.5332e-02   1.0916e+01   4.1911e-01   0.0000e+00   0.0000e+00   2.5370e+02
20260903_10:00:00   2.4844e-02   1.0786e+01   4.0497e-01   0.0000e+00   0.0000e+00   2.5490e+02
20260903_11:00:00   2.4153e-02   1.0599e+01   3.8644e-01   0.0000e+00   0.0000e+00   2.5552e+02
20260903_12:00:00   2.3779e-02   1.0495e+01   3.7685e-01   0.0000e+00   0.0000e+00   2.5585e+02
20260903_13:00:00   2.3961e-02   1.0546e+01   3.8128e-01   0.0000e+00   0.0000e+00   2.5557e+02
20260903_14:00:00   2.4657e-02   1.0736e+01   4.0026e-01   0.0000e+00   0.0000e+00   2.5687e+02
20260903_15:00:00   2.5067e-02   1.0845e+01   4.1277e-01   0.0000e+00   0.0000e+00   2.5712e+02
20260903_16:00:00   2.6018e-02   1.1111e+01   4.3729e-01   0.0000e+00   0.0000e+00   2.5776e+02
20260903_17:00:00   2.7449e-02   1.1497e+01   4.7829e-01   0.0000e+00   0.0000e+00   2.5698e+02
20260903_18:00:00   2.9573e-02   1.2064e+01   5.3708e-01   0.0000e+00   0.0000e+00   2.5726e+02
20260903_19:00:00   3.2467e-02   1.2837e+01   6.1473e-01   0.0000e+00   0.0000e+00   2.5720e+02
20260903_20:00:00   3.5178e-02   1.3549e+01   6.8880e-01   0.0000e+00   0.0000e+00   2.5539e+02
20260903_21:00:00   3.6745e-02   1.3956e+01   7.3179e-01   0.0000e+00   0.0000e+00   2.5485e+02
20260903_22:00:00   3.8666e-02   1.4454e+01   7.8151e-01   0.0000e+00   0.0000e+00   2.5567e+02
20260903_23:00:00   4.0310e-02   1.4878e+01   8.2281e-01   0.0000e+00   0.0000e+00   2.5560e+02
20260904_00:00:00   4.0403e-02   1.4898e+01   8.2583e-01   0.0000e+00   0.0000e+00   2.5454e+02
20260904_01:00:00   3.9703e-02   1.4711e+01   8.1014e-01   0.0000e+00   0.0000e+00   2.5403e+02
20260904_02:00:00   3.9697e-02   1.4695e+01   8.1903e-01   0.0000e+00   0.0000e+00   2.5418e+02
20260904_03:00:00   4.1027e-02   1.5017e+01   8.6252e-01   0.0000e+00   0.0000e+00   2.5518e+02
20260904_04:00:00   4.3252e-02   1.5558e+01   9.2808e-01   0.0000e+00   0.0000e+00   2.5475e+02
20260904_05:00:00   4.5018e-02   1.5991e+01   9.8015e-01   0.0000e+00   0.0000e+00   2.5478e+02
20260904_06:00:00   4.6477e-02   1.6345e+01   1.0226e+00   0.0000e+00   0.0000e+00   2.5588e+02
20260904_07:00:00   5.0715e-02   1.7380e+01   1.1455e+00   0.0000e+00   0.0000e+00   2.5740e+02
20260904_08:00:00   5.5353e-02   1.8511e+01   1.2758e+00   0.0000e+00   0.0000e+00   2.5897e+02
20260904_09:00:00   5.7043e-02   1.8930e+01   1.3180e+00   0.0000e+00   0.0000e+00   2.5905e+02
20260904_10:00:00   5.7470e-02   1.9029e+01   1.3275e+00   0.0000e+00   0.0000e+00   2.5879e+02
20260904_11:00:00   5.7578e-02   1.9059e+01   1.3272e+00   0.0000e+00   0.0000e+00   2.5969e+02
20260904_12:00:00   5.6320e-02   1.8758e+01   1.2887e+00   0.0000e+00   0.0000e+00   2.5944e+02
20260904_13:00:00   5.6749e-02   1.8875e+01   1.2965e+00   0.0000e+00   0.0000e+00   2.5897e+02
20260904_14:00:00   5.7037e-02   1.8956e+01   1.3005e+00   0.0000e+00   0.0000e+00   2.5868e+02
20260904_15:00:00   5.9512e-02   1.9568e+01   1.3676e+00   0.0000e+00   0.0000e+00   2.5883e+02
20260904_16:00:00   6.3765e-02   2.0608e+01   1.4791e+00   0.0000e+00   0.0000e+00   2.5831e+02
20260904_17:00:00   6.8185e-02   2.1705e+01   1.5904e+00   0.0000e+00   0.0000e+00   2.5783e+02
20260904_18:00:00   7.2666e-02   2.2823e+01   1.6943e+00   0.0000e+00   0.0000e+00   2.5865e+02
20260904_19:00:00   7.5133e-02   2.3422e+01   1.7477e+00   0.0000e+00   0.0000e+00   2.5915e+02
20260904_20:00:00   8.0484e-02   2.4663e+01   1.8819e+00   0.0000e+00   3.5820e-07   2.5829e+02
20260904_21:00:00   8.4606e-02   2.5623e+01   1.9873e+00   0.0000e+00   2.5980e-05   2.5723e+02
20260904_22:00:00   8.9689e-02   2.6788e+01   2.1167e+00   0.0000e+00   4.0198e-04   2.5652e+02
20260904_23:00:00   8.9166e-02   2.6614e+01   2.1098e+00   0.0000e+00   7.9310e-04   2.5609e+02
20260905_00:00:00   9.1529e-02   2.7139e+01   2.1624e+00   0.0000e+00   1.5632e-03   2.5636e+02
20260905_01:00:00   9.3470e-02   2.7597e+01   2.2047e+00   0.0000e+00   1.1086e-03   2.5696e+02
20260905_02:00:00   1.0420e-01   3.0114e+01   2.4556e+00   0.0000e+00   2.8116e-04   2.5764e+02
20260905_03:00:00   1.1020e-01   3.1472e+01   2.6023e+00   0.0000e+00   1.0362e-03   2.5893e+02
20260905_04:00:00   1.1493e-01   3.2496e+01   2.7091e+00   0.0000e+00   7.0979e-03   2.5899e+02
20260905_05:00:00   1.3586e-01   3.7216e+01   3.1308e+00   0.0000e+00   7.1001e-02   2.5937e+02
20260905_06:00:00   1.5929e-01   4.2443e+01   3.6040e+00   0.0000e+00   1.3300e-01   2.5961e+02
20260905_07:00:00   1.4933e-01   4.0292e+01   3.4337e+00   0.0000e+00   4.9413e-02   2.6125e+02
20260905_08:00:00   1.4305e-01   3.8894e+01   3.3097e+00   0.0000e+00   9.8704e-03   2.6225e+02
20260905_09:00:00   1.0465e-01   3.0328e+01   2.4107e+00   0.0000e+00   0.0000e+00   2.6254e+02
20260905_10:00:00   9.7917e-02   2.8774e+01   2.2278e+00   0.0000e+00   0.0000e+00   2.6251e+02
20260905_11:00:00   9.8091e-02   2.8814e+01   2.2258e+00   0.0000e+00   0.0000e+00   2.6331e+02
20260905_12:00:00   9.7911e-02   2.8766e+01   2.2190e+00   0.0000e+00   0.0000e+00   2.6263e+02
20260905_13:00:00   9.8413e-02   2.8880e+01   2.2265e+00   0.0000e+00   0.0000e+00   2.6226e+02
20260905_14:00:00   9.1972e-02   2.7390e+01   2.0761e+00   0.0000e+00   0.0000e+00   2.6111e+02
20260905_15:00:00   8.4063e-02   2.5520e+01   1.8908e+00   0.0000e+00   0.0000e+00   2.6125e+02
20260905_16:00:00   8.3621e-02   2.5403e+01   1.8817e+00   0.0000e+00   0.0000e+00   2.5968e+02
20260905_17:00:00   8.6584e-02   2.6113e+01   1.9497e+00   0.0000e+00   0.0000e+00   2.5896e+02
20260905_18:00:00   8.7438e-02   2.6352e+01   1.9551e+00   0.0000e+00   0.0000e+00   2.5773e+02
20260905_19:00:00   8.9933e-02   2.6926e+01   2.0201e+00   0.0000e+00   0.0000e+00   2.5638e+02
20260905_20:00:00   1.0107e-01   2.9425e+01   2.2927e+00   0.0000e+00   3.1643e-05   2.5647e+02
20260905_21:00:00   1.0395e-01   3.0051e+01   2.3589e+00   0.0000e+00   4.5435e-05   2.5830e+02
20260905_22:00:00   9.4629e-02   2.7935e+01   2.1314e+00   0.0000e+00   9.4360e-07   2.5992e+02
20260905_23:00:00   8.8091e-02   2.6388e+01   1.9838e+00   0.0000e+00   0.0000e+00   2.6004e+02
20260906_00:00:00   8.8121e-02   2.6387e+01   1.9793e+00   0.0000e+00   0.0000e+00   2.5985e+02
20260906_01:00:00   8.9413e-02   2.6669e+01   2.0082e+00   0.0000e+00   0.0000e+00   2.6032e+02
20260906_02:00:00   9.1112e-02   2.7061e+01   2.0419e+00   0.0000e+00   0.0000e+00   2.6004e+02
20260906_03:00:00   9.4231e-02   2.7808e+01   2.1028e+00   0.0000e+00   0.0000e+00   2.6239e+02
20260906_04:00:00   9.3379e-02   2.7628e+01   2.0731e+00   0.0000e+00   0.0000e+00   2.6480e+02
20260906_05:00:00   9.5869e-02   2.8218e+01   2.1247e+00   0.0000e+00   0.0000e+00   2.6601e+02
20260906_06:00:00   9.7006e-02   2.8462e+01   2.1477e+00   0.0000e+00   0.0000e+00   2.6647e+02
20260906_07:00:00   9.6213e-02   2.8255e+01   2.1243e+00   0.0000e+00   0.0000e+00   2.6527e+02
20260906_08:00:00   9.8837e-02   2.8847e+01   2.1831e+00   0.0000e+00   0.0000e+00   2.6385e+02
20260906_09:00:00   1.0074e-01   2.9261e+01   2.2216e+00   0.0000e+00   0.0000e+00   2.6365e+02
20260906_10:00:00   1.0226e-01   2.9613e+01   2.2485e+00   0.0000e+00   0.0000e+00   2.6435e+02
20260906_11:00:00   1.0299e-01   2.9810e+01   2.2565e+00   0.0000e+00   0.0000e+00   2.6470e+02
20260906_12:00:00   1.0394e-01   3.0061e+01   2.2702e+00   0.0000e+00   0.0000e+00   2.6432e+02
20260906_13:00:00   1.0442e-01   3.0201e+01   2.2772e+00   0.0000e+00   0.0000e+00   2.6276e+02
20260906_14:00:00   1.0318e-01   2.9955e+01   2.2484e+00   0.0000e+00   0.0000e+00   2.6121e+02
20260906_15:00:00   1.0130e-01   2.9565e+01   2.2087e+00   0.0000e+00   0.0000e+00   2.6156e+02
20260906_16:00:00   1.0323e-01   3.0007e+01   2.2549e+00   0.0000e+00   0.0000e+00   2.6253e+02
20260906_17:00:00   1.0964e-01   3.1477e+01   2.4017e+00   0.0000e+00   0.0000e+00   2.6168e+02
20260906_18:00:00   1.1922e-01   3.3622e+01   2.6491e+00   0.0000e+00   1.3351e-04   2.6066e+02
20260906_19:00:00   1.2185e-01   3.4170e+01   2.7320e+00   0.0000e+00   2.7559e-04   2.5915e+02
20260906_20:00:00   1.1954e-01   3.3641e+01   2.6786e+00   0.0000e+00   3.4121e-05   2.5898e+02
20260906_21:00:00   1.1694e-01   3.3066e+01   2.5971e+00   0.0000e+00   1.0004e-05   2.5858e+02
20260906_22:00:00   1.0852e-01   3.1167e+01   2.3912e+00   0.0000e+00   6.4180e-06   2.5919e+02
20260906_23:00:00   1.0296e-01   2.9894e+01   2.2526e+00   0.0000e+00   0.0000e+00   2.5862e+02
20260907_00:00:00   9.7293e-02   2.8571e+01   2.1261e+00   0.0000e+00   0.0000e+00   2.5755e+02
20260907_01:00:00   9.2460e-02   2.7445e+01   2.0104e+00   0.0000e+00   0.0000e+00   2.5663e+02
20260907_02:00:00   8.1501e-02   2.4890e+01   1.7600e+00   0.0000e+00   0.0000e+00   2.5583e+02
20260907_03:00:00   7.4431e-02   2.3219e+01   1.5996e+00   0.0000e+00   0.0000e+00   2.5551e+02
20260907_04:00:00   7.2918e-02   2.2857e+01   1.5639e+00   0.0000e+00   0.0000e+00   2.5594e+02
20260907_05:00:00   7.6289e-02   2.3654e+01   1.6377e+00   0.0000e+00   0.0000e+00   2.5708e+02
20260907_06:00:00   7.3230e-02   2.2913e+01   1.5698e+00   0.0000e+00   0.0000e+00   2.5749e+02
20260907_07:00:00   7.1223e-02   2.2419e+01   1.5265e+00   0.0000e+00   0.0000e+00   2.5771e+02
20260907_08:00:00   7.4925e-02   2.3304e+01   1.6080e+00   0.0000e+00   0.0000e+00   2.5767e+02
20260907_09:00:00   7.8858e-02   2.4241e+01   1.6945e+00   0.0000e+00   0.0000e+00   2.5640e+02
20260907_10:00:00   7.9368e-02   2.4366e+01   1.7041e+00   0.0000e+00   0.0000e+00   2.5555e+02
20260907_11:00:00   7.9641e-02   2.4439e+01   1.7086e+00   0.0000e+00   0.0000e+00   2.5522e+02
20260907_12:00:00   7.8810e-02   2.4250e+01   1.6900e+00   0.0000e+00   0.0000e+00   2.5610e+02
20260907_15:00:00   9.0151e-02   2.7010e+01   1.9376e+00   0.0000e+00   0.0000e+00   2.5661e+02
20260907_18:00:00   1.3449e-01   3.7059e+01   2.9695e+00   1.7620e-07   1.0970e-03   2.5342e+02
20260907_21:00:00   1.2340e-01   3.4607e+01   2.7172e+00   0.0000e+00   1.5494e-04   2.5434e+02
20260908_00:00:00   1.2463e-01   3.4876e+01   2.6832e+00   0.0000e+00   0.0000e+00   2.5528e+02
20260908_03:00:00   1.1646e-01   3.3050e+01   2.5129e+00   0.0000e+00   0.0000e+00   2.5943e+02
20260908_06:00:00   1.2569e-01   3.5141e+01   2.7134e+00   0.0000e+00   0.0000e+00   2.5795e+02
20260908_09:00:00   1.2272e-01   3.4460e+01   2.6551e+00   0.0000e+00   0.0000e+00   2.5548e+02
20260908_12:00:00   1.0982e-01   3.1545e+01   2.3816e+00   0.0000e+00   0.0000e+00   2.5721e+02
20260908_15:00:00   1.3260e-01   3.6734e+01   2.8770e+00   0.0000e+00   4.1683e-04   2.5569e+02
20260908_18:00:00   1.3546e-01   3.7263e+01   3.0410e+00   2.9260e-05   7.0943e-04   2.5289e+02
20260908_21:00:00   1.1908e-01   3.3638e+01   2.6467e+00   0.0000e+00   0.0000e+00   2.5181e+02
20260909_00:00:00   1.3427e-01   3.6974e+01   2.9253e+00   0.0000e+00   7.4180e-06   2.5059e+02
20260909_03:00:00   1.4940e-01   4.0309e+01   3.1814e+00   8.4500e-04   1.0965e-03   2.5147e+02
20260909_06:00:00   1.6695e-01   4.4145e+01   3.3314e+00   4.6482e-03   7.1413e-03   2.5274e+02
20260909_09:00:00   1.5573e-01   4.1619e+01   3.2398e+00   5.3334e-04   9.4002e-03   2.5624e+02
20260909_12:00:00   1.4215e-01   3.8598e+01   3.0161e+00   0.0000e+00   4.8056e-04   2.5471e+02
20260909_15:00:00   1.5846e-01   4.2118e+01   3.3375e+00   7.6870e-04   5.9860e-03   2.5506e+02
20260909_18:00:00   1.4853e-01   3.9924e+01   3.2316e+00   0.0000e+00   2.3143e-03   2.5506e+02
20260909_21:00:00   1.1806e-01   3.3239e+01   2.4713e+00   6.4100e-05   1.2594e-04   2.5443e+02
20260910_00:00:00   1.1871e-01   3.3298e+01   2.4265e+00   7.8430e-05   5.8135e-03   2.5698e+02
20260910_03:00:00   9.1764e-02   2.7219e+01   1.8171e+00   0.0000e+00   6.3090e-04   2.6123e+02
20260910_06:00:00   9.7537e-02   2.8472e+01   1.7100e+00   4.9550e-03   1.2334e-03   2.6399e+02
20260910_09:00:00   2.6084e-01   6.2399e+01   2.0110e+00   8.0620e-02   1.9045e-01   2.7127e+02
20260910_12:00:00   5.2172e-02   1.7458e+01   8.7038e-01   1.2290e-03   3.3751e-03   2.8835e+02
20260910_15:00:00   2.9178e-02   1.1741e+01   4.3314e-01   0.0000e+00   0.0000e+00   2.9841e+02
20260910_18:00:00   2.6260e-02   1.1019e+01   3.7142e-01   0.0000e+00   0.0000e+00   2.9446e+02
20260910_21:00:00   2.4231e-02   1.0511e+01   3.2973e-01   0.0000e+00   0.0000e+00   2.8787e+02
20260911_00:00:00   2.3315e-02   1.0270e+01   3.1842e-01   0.0000e+00   0.0000e+00   2.8117e+02
20260911_03:00:00   2.7190e-02   1.1295e+01   4.3457e-01   0.0000e+00   0.0000e+00   2.7926e+02
20260911_06:00:00   3.4977e-02   1.3296e+01   6.4859e-01   0.0000e+00   0.0000e+00   2.7537e+02
20260911_09:00:00   4.2774e-02   1.5274e+01   8.5659e-01   0.0000e+00   0.0000e+00   2.7192e+02
20260911_12:00:00   4.9753e-02   1.7000e+01   1.0432e+00   0.0000e+00   0.0000e+00   2.7205e+02
20260911_15:00:00   6.4925e-02   2.0591e+01   1.4486e+00   0.0000e+00   0.0000e+00   2.7299e+02
20260911_18:00:00   6.3497e-02   2.0250e+01   1.4149e+00   0.0000e+00   0.0000e+00   2.7126e+02
20260911_21:00:00   6.4367e-02   2.0508e+01   1.4236e+00   0.0000e+00   0.0000e+00   2.6882e+02
20260912_00:00:00   6.4121e-02   2.0433e+01   1.3957e+00   0.0000e+00   0.0000e+00   2.6759e+02
20260912_03:00:00   6.5269e-02   2.0829e+01   1.4018e+00   0.0000e+00   0.0000e+00   2.6971e+02
20260912_06:00:00   5.9600e-02   1.9518e+01   1.2653e+00   0.0000e+00   0.0000e+00   2.6995e+02
20260912_09:00:00   5.8287e-02   1.9190e+01   1.2420e+00   0.0000e+00   0.0000e+00   2.7063e+02
20260912_12:00:00   4.9480e-02   1.7024e+01   1.0299e+00   0.0000e+00   0.0000e+00   2.7208e+02
20260912_15:00:00   4.5330e-02   1.5982e+01   9.3648e-01   0.0000e+00   0.0000e+00   2.7442e+02
20260912_18:00:00   4.4069e-02   1.5662e+01   9.1431e-01   0.0000e+00   0.0000e+00   2.7064e+02
20260912_21:00:00   5.0459e-02   1.7299e+01   1.0825e+00   0.0000e+00   0.0000e+00   2.6636e+02
20260913_00:00:00   4.7129e-02   1.6467e+01   9.8894e-01   0.0000e+00   0.0000e+00   2.6670e+02
20260913_03:00:00   4.1702e-02   1.5083e+01   8.4742e-01   0.0000e+00   0.0000e+00   2.6907e+02
20260913_06:00:00   3.5035e-02   1.3348e+01   6.7585e-01   0.0000e+00   0.0000e+00   2.7190e+02
20260913_09:00:00   3.2796e-02   1.2730e+01   6.1843e-01   0.0000e+00   0.0000e+00   2.7412e+02
20260913_12:00:00   3.3006e-02   1.2789e+01   6.2383e-01   0.0000e+00   0.0000e+00   2.7432e+02
20260913_15:00:00   3.3876e-02   1.3035e+01   6.4310e-01   0.0000e+00   0.0000e+00   2.7623e+02
20260913_18:00:00   3.7887e-02   1.4059e+01   7.5151e-01   0.0000e+00   0.0000e+00   2.7354e+02
20260913_21:00:00   4.6898e-02   1.6350e+01   9.8427e-01   0.0000e+00   0.0000e+00   2.7330e+02
20260914_00:00:00   5.0442e-02   1.7214e+01   1.0596e+00   0.0000e+00   0.0000e+00   2.7437e+02
20260914_03:00:00   3.6642e-02   1.3747e+01   7.1081e-01   0.0000e+00   0.0000e+00   2.7390e+02
20260914_06:00:00   3.4127e-02   1.3100e+01   6.4916e-01   0.0000e+00   0.0000e+00   2.7581e+02
20260914_09:00:00   3.4413e-02   1.3165e+01   6.6118e-01   0.0000e+00   0.0000e+00   2.7413e+02
20260914_12:00:00   3.4799e-02   1.3258e+01   6.7901e-01   0.0000e+00   0.0000e+00   2.6882e+02
20260914_15:00:00   4.0722e-02   1.4746e+01   8.5570e-01   0.0000e+00   0.0000e+00   2.6552e+02
20260914_18:00:00   5.1786e-02   1.7481e+01   1.1692e+00   0.0000e+00   1.4156e-06   2.6571e+02
20260914_21:00:00   5.2973e-02   1.7801e+01   1.1999e+00   0.0000e+00   2.9200e-06   2.6568e+02
20260915_00:00:00   4.5406e-02   1.5958e+01   9.8876e-01   0.0000e+00   0.0000e+00   2.6478e+02
20260915_03:00:00   3.9064e-02   1.4377e+01   8.1815e-01   0.0000e+00   0.0000e+00   2.6605e+02
20260915_06:00:00   3.6856e-02   1.3791e+01   7.6127e-01   0.0000e+00   0.0000e+00   2.6648e+02
20260915_09:00:00   3.4623e-02   1.3225e+01   6.9785e-01   0.0000e+00   0.0000e+00   2.6621e+02
20260915_12:00:00   3.3263e-02   1.2861e+01   6.5890e-01   0.0000e+00   0.0000e+00   2.6491e+02
20260915_15:00:00   3.4971e-02   1.3322e+01   7.0771e-01   0.0000e+00   0.0000e+00   2.6431e+02
20260915_18:00:00   3.4490e-02   1.3208e+01   6.9316e-01   0.0000e+00   0.0000e+00   2.6685e+02
20260915_21:00:00   3.8148e-02   1.4181e+01   7.9108e-01   0.0000e+00   0.0000e+00   2.6603e+02
20260916_00:00:00   4.4067e-02   1.5728e+01   9.4222e-01   0.0000e+00   0.0000e+00   2.6256e+02
20260916_03:00:00   4.4008e-02   1.5683e+01   9.4468e-01   0.0000e+00   0.0000e+00   2.5855e+02
20260916_06:00:00   3.9506e-02   1.4478e+01   8.3006e-01   0.0000e+00   0.0000e+00   2.5927e+02
20260916_09:00:00   7.0430e-02   2.2147e+01   1.6372e+00   0.0000e+00   0.0000e+00   2.6157e+02
20260916_12:00:00   1.0429e-01   3.0235e+01   2.4820e+00   0.0000e+00   5.2860e-08   2.5824e+02
20260916_15:00:00   1.1659e-01   3.3199e+01   2.7756e+00   0.0000e+00   0.0000e+00   2.5976e+02
20260916_18:00:00   1.0378e-01   3.0281e+01   2.4524e+00   0.0000e+00   0.0000e+00   2.5718e+02
20260916_21:00:00   1.0322e-01   3.0092e+01   2.4451e+00   0.0000e+00   0.0000e+00   2.5835e+02
20260917_00:00:00   1.1591e-01   3.2936e+01   2.7601e+00   0.0000e+00   8.8100e-09   2.5942e+02
20260917_03:00:00   1.2826e-01   3.5737e+01   3.0507e+00   0.0000e+00   0.0000e+00   2.6032e+02
20260917_06:00:00   1.2341e-01   3.4601e+01   2.9198e+00   0.0000e+00   0.0000e+00   2.6049e+02
20260917_09:00:00   1.0132e-01   2.9474e+01   2.3617e+00   0.0000e+00   0.0000e+00   2.6079e+02
20260917_12:00:00   1.0776e-01   3.0768e+01   2.5478e+00   0.0000e+00   2.1140e-08   2.5751e+02
20260917_15:00:00   1.1018e-01   3.1441e+01   2.5491e+00   0.0000e+00   7.1744e-05   2.5862e+02
20260917_18:00:00   1.1736e-01   3.3064e+01   2.7225e+00   0.0000e+00   1.8279e-04   2.5740e+02
20260917_21:00:00   1.6526e-01   4.3508e+01   3.6635e+00   1.0589e-03   1.5044e-01   2.6038e+02
20260918_00:00:00   1.5251e-01   4.0844e+01   3.3296e+00   8.2400e-06   9.8763e-02   2.6405e+02
20260918_03:00:00   1.0393e-01   3.0091e+01   2.2827e+00   0.0000e+00   0.0000e+00   2.6568e+02
20260918_06:00:00   8.6430e-02   2.6065e+01   1.8721e+00   0.0000e+00   0.0000e+00   2.6814e+02
20260918_09:00:00   7.6027e-02   2.3584e+01   1.6431e+00   0.0000e+00   0.0000e+00   2.7156e+02
20260918_12:00:00   5.8970e-02   1.9502e+01   1.2382e+00   0.0000e+00   0.0000e+00   2.6980e+02
