#            date       tau255        Tb[K]      pwv[mm] lwp[kg*m^-2] iwp[kg*m^-2]       o3[DU]
20260907_06:00:00   7.8954e-02   2.4268e+01   1.6898e+00   0.0000e+00   0.0000e+00   2.6195e+02
20260907_07:00:00   8.0374e-02   2.4588e+01   1.7247e+00   0.0000e+00   0.0000e+00   2.6153e+02
20260907_08:00:00   8.0988e-02   2.4723e+01   1.7357e+00   0.0000e+00   0.0000e+00   2.6079e+02
20260907_09:00:00   7.9451e-02   2.4362e+01   1.6995e+00   0.0000e+00   0.0000e+00   2.5956e+02
20260907_10:00:00   8.0275e-02   2.4561e+01   1.7123e+00   0.0000e+00   0.0000e+00   2.6021e+02
20260907_11:00:00   7.9808e-02   2.4450e+01   1.6964e+00   0.0000e+00   0.0000e+00   2.5919e+02
20260907_12:00:00   7.6214e-02   2.3611e+01   1.6146e+00   0.0000e+00   0.0000e+00   2.5792e+02
20260907_13:00:00   7.8469e-02   2.4166e+01   1.6636e+00   0.0000e+00   0.0000e+00   2.5659e+02
20260907_14:00:00   8.3790e-02   2.5436e+01   1.7850e+00   0.0000e+00   0.0000e+00   2.5507e+02
20260907_15:00:00   9.6599e-02   2.8425e+01   2.0783e+00   0.0000e+00   0.0000e+00   2.5530e+02
20260907_16:00:00   1.1057e-01   3.1631e+01   2.3993e+00   0.0000e+00   0.0000e+00   2.5558e+02
20260907_17:00:00   1.0904e-01   3.1272e+01   2.3890e+00   0.0000e+00   6.2280e-06   2.5565e+02
20260907_18:00:00   1.2811e-01   3.5425e+01   2.8483e+00   1.0192e-05   1.5538e-03   2.5825e+02
20260907_19:00:00   1.2345e-01   3.4449e+01   2.7360e+00   0.0000e+00   6.8486e-04   2.5802e+02
20260907_20:00:00   1.2805e-01   3.5489e+01   2.8245e+00   0.0000e+00   1.2678e-03   2.5804e+02
20260907_21:00:00   1.2738e-01   3.5341e+01   2.7986e+00   1.2032e-05   1.0417e-03   2.5910e+02
20260907_22:00:00   1.2663e-01   3.5162e+01   2.7832e+00   5.8500e-05   1.1450e-04   2.6086e+02
20260907_23:00:00   1.2239e-01   3.4237e+01   2.6782e+00   1.5098e-04   8.8119e-05   2.6057e+02
20260908_00:00:00   1.2406e-01   3.4611e+01   2.7166e+00   1.0852e-05   1.5598e-04   2.5950e+02
20260908_01:00:00   1.3750e-01   3.7606e+01   2.9744e+00   3.5884e-04   1.9916e-03   2.5914e+02
20260908_02:00:00   1.4086e-01   3.8405e+01   3.0297e+00   1.8018e-05   4.2972e-03   2.5883e+02
20260908_03:00:00   1.3813e-01   3.7855e+01   2.9506e+00   8.8100e-07   2.3864e-03   2.5919e+02
20260908_04:00:00   1.4099e-01   3.8503e+01   2.9981e+00   0.0000e+00   3.2515e-03   2.5971e+02
20260908_05:00:00   1.4596e-01   3.9594e+01   3.0821e+00   1.9571e-05   5.3301e-03   2.6066e+02
20260908_06:00:00   1.4408e-01   3.9187e+01   3.0354e+00   0.0000e+00   5.4811e-03   2.6159e+02
20260908_07:00:00   1.4416e-01   3.9191e+01   3.0509e+00   0.0000e+00   5.0630e-03   2.6288e+02
20260908_08:00:00   1.4311e-01   3.8948e+01   3.0291e+00   4.8240e-07   4.3739e-03   2.6443e+02
20260908_09:00:00   1.4263e-01   3.8852e+01   3.0128e+00   1.9296e-06   6.1442e-03   2.6477e+02
20260908_10:00:00   1.4751e-01   3.9925e+01   3.0884e+00   6.2330e-04   1.4990e-02   2.6401e+02
20260908_11:00:00   1.4693e-01   3.9801e+01   3.0541e+00   1.2628e-03   6.2329e-03   2.6189e+02
20260908_12:00:00   1.4410e-01   3.9190e+01   3.0360e+00   5.1390e-04   3.1825e-03   2.6070e+02
20260908_13:00:00   1.4576e-01   3.9585e+01   3.0968e+00   4.0940e-04   2.0372e-03   2.5972e+02
20260908_14:00:00   1.4010e-01   3.8358e+01   2.9972e+00   5.8790e-05   1.0011e-03   2.5987e+02
20260908_15:00:00   1.3674e-01   3.7637e+01   2.9341e+00   3.2105e-05   6.1545e-04   2.5982e+02
20260908_16:00:00   1.4543e-01   3.9567e+01   3.1321e+00   6.3838e-05   1.2553e-03   2.5806e+02
20260908_17:00:00   1.5487e-01   4.1611e+01   3.3380e+00   3.2238e-04   5.0961e-03   2.5669e+02
20260908_18:00:00   1.5332e-01   4.1244e+01   3.3634e+00   1.7032e-05   3.8812e-03   2.5580e+02
20260908_19:00:00   1.4985e-01   4.0474e+01   3.2987e+00   4.7180e-07   1.6271e-03   2.5431e+02
20260908_20:00:00   1.4888e-01   4.0245e+01   3.2697e+00   0.0000e+00   1.4327e-03   2.5438e+02
20260908_21:00:00   1.5128e-01   4.0738e+01   3.3039e+00   0.0000e+00   9.9130e-04   2.5471e+02
20260908_22:00:00   1.5712e-01   4.1992e+01   3.3950e+00   5.5660e-05   1.8054e-03   2.5458e+02
20260908_23:00:00   1.6110e-01   4.2823e+01   3.4420e+00   1.9401e-04   2.7651e-03   2.5419e+02
20260909_00:00:00   1.5919e-01   4.2393e+01   3.3803e+00   6.8634e-04   2.1179e-03   2.5369e+02
20260909_01:00:00   1.5508e-01   4.1504e+01   3.3030e+00   4.5843e-04   2.3060e-03   2.5550e+02
20260909_02:00:00   1.5271e-01   4.0992e+01   3.2565e+00   3.0597e-04   1.8518e-03   2.5522e+02
20260909_03:00:00   1.4664e-01   3.9664e+01   3.1404e+00   1.1508e-04   1.3779e-03   2.5258e+02
20260909_04:00:00   1.4196e-01   3.8642e+01   3.0444e+00   1.7582e-04   7.8243e-04   2.5072e+02
20260909_05:00:00   1.3609e-01   3.7329e+01   2.9252e+00   1.7120e-04   2.3177e-04   2.5167e+02
20260909_06:00:00   1.3238e-01   3.6480e+01   2.8537e+00   5.6630e-05   6.7445e-05   2.5342e+02
20260909_07:00:00   1.2507e-01   3.4840e+01   2.6910e+00   0.0000e+00   3.5512e-05   2.5503e+02
20260909_08:00:00   1.1695e-01   3.2995e+01   2.5149e+00   0.0000e+00   2.1850e-05   2.5647e+02
20260909_09:00:00   1.1477e-01   3.2491e+01   2.4675e+00   0.0000e+00   2.7612e-05   2.5747e+02
20260909_10:00:00   1.1335e-01   3.2163e+01   2.4369e+00   0.0000e+00   2.9824e-05   2.5630e+02
20260909_11:00:00   1.0723e-01   3.0786e+01   2.2989e+00   0.0000e+00   1.7256e-05   2.5542e+02
20260909_12:00:00   1.0389e-01   3.0025e+01   2.2319e+00   0.0000e+00   5.2260e-06   2.5587e+02
20260909_13:00:00   1.0850e-01   3.1098e+01   2.3276e+00   0.0000e+00   1.3841e-05   2.5681e+02
20260909_14:00:00   1.0512e-01   3.0326e+01   2.2695e+00   0.0000e+00   0.0000e+00   2.5690e+02
20260909_15:00:00   1.0836e-01   3.1087e+01   2.3532e+00   0.0000e+00   0.0000e+00   2.5562e+02
20260909_16:00:00   1.2710e-01   3.5309e+01   2.7809e+00   0.0000e+00   1.8063e-06   2.5445e+02
20260909_17:00:00   1.3853e-01   3.7801e+01   3.0627e+00   0.0000e+00   3.0148e-04   2.5445e+02
20260909_18:00:00   1.4181e-01   3.8522e+01   3.1538e+00   0.0000e+00   5.6876e-04   2.5491e+02
20260909_19:00:00   1.3209e-01   3.6353e+01   2.9616e+00   0.0000e+00   0.0000e+00   2.5580e+02
20260909_20:00:00   1.2706e-01   3.5208e+01   2.8534e+00   0.0000e+00   7.0899e-06   2.5622e+02
20260909_21:00:00   1.1516e-01   3.2538e+01   2.5819e+00   0.0000e+00   3.1958e-05   2.5648e+02
20260909_22:00:00   1.1305e-01   3.2046e+01   2.5086e+00   0.0000e+00   1.3952e-05   2.5700e+02
20260909_23:00:00   1.0564e-01   3.0324e+01   2.3437e+00   0.0000e+00   4.2078e-05   2.5811e+02
20260910_00:00:00   1.0358e-01   2.9811e+01   2.2998e+00   0.0000e+00   3.7040e-05   2.5795e+02
20260910_01:00:00   1.0672e-01   3.0501e+01   2.3593e+00   0.0000e+00   1.5600e-06   2.5666e+02
20260910_02:00:00   1.0341e-01   2.9735e+01   2.2769e+00   0.0000e+00   0.0000e+00   2.5693e+02
20260910_03:00:00   9.4808e-02   2.7764e+01   2.0792e+00   0.0000e+00   0.0000e+00   2.5677e+02
20260910_04:00:00   8.7635e-02   2.6127e+01   1.8996e+00   0.0000e+00   0.0000e+00   2.5521e+02
20260910_05:00:00   8.4938e-02   2.5513e+01   1.8238e+00   0.0000e+00   0.0000e+00   2.5723e+02
20260910_06:00:00   7.7095e-02   2.3658e+01   1.6386e+00   0.0000e+00   0.0000e+00   2.6500e+02
20260910_07:00:00   7.2301e-02   2.2515e+01   1.5186e+00   0.0000e+00   0.0000e+00   2.6721e+02
20260910_08:00:00   7.1640e-02   2.2369e+01   1.4844e+00   0.0000e+00   0.0000e+00   2.6888e+02
20260910_09:00:00   6.8085e-02   2.1529e+01   1.3882e+00   0.0000e+00   0.0000e+00   2.6911e+02
20260910_10:00:00   6.8537e-02   2.1638e+01   1.3920e+00   0.0000e+00   0.0000e+00   2.6881e+02
20260910_11:00:00   6.9032e-02   2.1761e+01   1.3987e+00   0.0000e+00   0.0000e+00   2.6872e+02
20260910_12:00:00   6.8102e-02   2.1538e+01   1.3790e+00   0.0000e+00   0.0000e+00   2.6926e+02
20260910_13:00:00   6.6843e-02   2.1254e+01   1.3533e+00   0.0000e+00   0.0000e+00   2.7090e+02
20260910_14:00:00   6.9469e-02   2.1884e+01   1.4247e+00   0.0000e+00   0.0000e+00   2.7360e+02
20260910_15:00:00   8.7624e-02   2.6140e+01   1.8618e+00   0.0000e+00   2.2347e-05   2.7586e+02
20260910_16:00:00   8.7494e-02   2.6115e+01   1.8880e+00   0.0000e+00   2.2300e-05   2.7668e+02
20260910_17:00:00   8.5784e-02   2.5774e+01   1.8506e+00   0.0000e+00   1.7570e-05   2.7873e+02
20260910_18:00:00   8.8203e-02   2.6367e+01   1.9010e+00   0.0000e+00   1.7797e-05   2.8153e+02
20260910_19:00:00   9.0065e-02   2.6798e+01   1.9320e+00   0.0000e+00   1.0401e-05   2.8255e+02
20260910_20:00:00   8.9350e-02   2.6589e+01   1.9063e+00   2.3600e-07   1.0601e-05   2.8237e+02
20260910_21:00:00   8.6319e-02   2.5882e+01   1.8163e+00   0.0000e+00   1.1731e-05   2.8358e+02
20260910_22:00:00   8.2220e-02   2.4942e+01   1.6819e+00   0.0000e+00   6.6280e-06   2.8486e+02
20260910_23:00:00   9.5656e-02   2.8081e+01   1.7911e+00   3.0820e-03   7.9220e-04   2.8342e+02
20260911_00:00:00   1.6972e-01   4.4564e+01   1.9549e+00   3.5200e-02   2.3813e-03   2.8161e+02
20260911_01:00:00   8.8651e-02   2.6377e+01   1.7207e+00   1.4324e-03   1.5399e-03   2.7910e+02
20260911_02:00:00   7.1459e-02   2.2307e+01   1.4122e+00   4.4130e-04   1.5860e-04   2.7635e+02
20260911_03:00:00   6.1977e-02   2.0049e+01   1.1928e+00   3.2410e-04   1.3560e-04   2.7523e+02
20260911_04:00:00   6.4714e-02   2.0671e+01   1.2459e+00   5.6770e-04   1.2040e-04   2.7730e+02
20260911_05:00:00   5.9521e-02   1.9402e+01   1.1553e+00   1.5120e-04   1.7150e-05   2.7835e+02
20260911_06:00:00   5.6581e-02   1.8690e+01   1.0839e+00   1.7030e-04   3.7970e-05   2.7743e+02
20260911_07:00:00   5.3485e-02   1.7923e+01   9.9983e-01   6.3390e-04   1.6970e-04   2.7524e+02
20260911_08:00:00   4.4944e-02   1.5765e+01   8.4275e-01   1.4620e-04   3.4970e-05   2.7514e+02
20260911_09:00:00   4.6257e-02   1.6080e+01   8.9369e-01   0.0000e+00   4.3540e-06   2.7340e+02
20260911_10:00:00   3.8266e-02   1.4082e+01   7.0845e-01   0.0000e+00   0.0000e+00   2.7434e+02
20260911_11:00:00   3.3093e-02   1.2766e+01   5.8509e-01   0.0000e+00   0.0000e+00   2.7519e+02
20260911_12:00:00   3.2329e-02   1.2565e+01   5.6579e-01   0.0000e+00   0.0000e+00   2.7478e+02
20260911_13:00:00   3.1715e-02   1.2403e+01   5.5721e-01   0.0000e+00   0.0000e+00   2.7600e+02
20260911_14:00:00   3.5297e-02   1.3287e+01   6.6524e-01   0.0000e+00   0.0000e+00   2.7605e+02
20260911_15:00:00   4.3545e-02   1.5389e+01   8.7813e-01   0.0000e+00   0.0000e+00   2.7411e+02
20260911_16:00:00   5.0622e-02   1.7197e+01   1.0536e+00   0.0000e+00   0.0000e+00   2.7388e+02
20260911_17:00:00   5.5346e-02   1.8390e+01   1.1725e+00   0.0000e+00   0.0000e+00   2.7414e+02
20260911_18:00:00   6.0241e-02   1.9604e+01   1.2963e+00   0.0000e+00   0.0000e+00   2.7367e+02
20260911_19:00:00   6.5267e-02   2.0814e+01   1.4199e+00   0.0000e+00   0.0000e+00   2.7227e+02
20260911_20:00:00   7.0787e-02   2.2118e+01   1.5472e+00   0.0000e+00   0.0000e+00   2.7258e+02
20260911_21:00:00   6.5741e-02   2.0939e+01   1.4102e+00   0.0000e+00   0.0000e+00   2.7406e+02
20260911_22:00:00   6.3380e-02   2.0398e+01   1.3392e+00   0.0000e+00   0.0000e+00   2.7499e+02
20260911_23:00:00   5.4512e-02   1.8205e+01   1.1336e+00   0.0000e+00   0.0000e+00   2.7583e+02
20260912_00:00:00   4.9086e-02   1.6841e+01   1.0098e+00   0.0000e+00   0.0000e+00   2.7601e+02
20260912_01:00:00   4.6287e-02   1.6139e+01   9.4669e-01   0.0000e+00   0.0000e+00   2.7643e+02
20260912_02:00:00   4.2923e-02   1.5285e+01   8.6558e-01   0.0000e+00   0.0000e+00   2.7554e+02
20260912_03:00:00   4.0801e-02   1.4735e+01   8.1408e-01   0.0000e+00   0.0000e+00   2.7510e+02
20260912_04:00:00   3.9538e-02   1.4399e+01   7.8471e-01   0.0000e+00   0.0000e+00   2.7469e+02
20260912_05:00:00   3.9599e-02   1.4403e+01   7.8842e-01   0.0000e+00   0.0000e+00   2.7524e+02
20260912_06:00:00   3.9364e-02   1.4360e+01   7.8276e-01   0.0000e+00   0.0000e+00   2.7551e+02
20260912_09:00:00   3.7506e-02   1.3905e+01   7.2710e-01   0.0000e+00   0.0000e+00   2.7442e+02
20260912_12:00:00   2.8351e-02   1.1541e+01   4.8240e-01   0.0000e+00   0.0000e+00   2.7999e+02
20260912_15:00:00   4.3337e-02   1.5426e+01   8.7088e-01   0.0000e+00   0.0000e+00   2.7677e+02
20260912_18:00:00   6.8946e-02   2.1707e+01   1.5036e+00   0.0000e+00   0.0000e+00   2.7382e+02
20260912_21:00:00   5.9190e-02   1.9369e+01   1.2708e+00   0.0000e+00   0.0000e+00   2.7900e+02
20260913_00:00:00   8.3482e-02   2.4974e+01   1.9086e+00   0.0000e+00   9.4150e-03   2.7800e+02
20260913_03:00:00   8.9431e-02   2.6326e+01   2.0333e+00   0.0000e+00   5.1231e-02   2.7839e+02
20260913_06:00:00   8.5000e-02   2.5533e+01   1.8086e+00   0.0000e+00   0.0000e+00   2.8175e+02
20260913_09:00:00   8.4901e-02   2.5463e+01   1.7910e+00   0.0000e+00   0.0000e+00   2.8461e+02
20260913_12:00:00   1.1017e-01   3.1272e+01   2.3256e+00   0.0000e+00   1.9768e-05   2.8671e+02
20260913_15:00:00   2.8962e-01   6.7691e+01   3.4232e+00   7.0673e-02   1.0362e-01   2.8714e+02
20260913_18:00:00   2.1626e-01   5.3358e+01   3.1000e+00   4.2791e-02   3.7865e-02   2.8554e+02
20260913_21:00:00   1.3914e-01   3.7406e+01   2.6601e+00   9.3970e-03   1.2950e-02   2.8614e+02
20260914_00:00:00   9.6850e-02   2.7977e+01   2.0546e+00   8.3000e-06   4.7546e-03   2.8478e+02
20260914_03:00:00   8.7686e-02   2.5807e+01   1.8241e+00   4.3100e-04   3.0922e-03   2.8505e+02
20260914_06:00:00   7.9037e-02   2.3775e+01   1.6386e+00   0.0000e+00   5.3042e-04   2.8637e+02
20260914_09:00:00   8.2953e-02   2.4724e+01   1.7279e+00   0.0000e+00   2.2764e-03   2.8633e+02
20260914_12:00:00   6.3226e-02   2.0247e+01   1.2717e+00   0.0000e+00   0.0000e+00   2.8694e+02
20260914_15:00:00   3.8941e-02   1.4351e+01   7.1255e-01   0.0000e+00   0.0000e+00   2.8209e+02
20260914_18:00:00   4.0819e-02   1.4884e+01   7.6732e-01   0.0000e+00   0.0000e+00   2.7728e+02
20260914_21:00:00   5.3778e-02   1.8144e+01   1.1001e+00   0.0000e+00   0.0000e+00   2.7577e+02
20260915_00:00:00   5.2554e-02   1.7815e+01   1.0690e+00   0.0000e+00   0.0000e+00   2.7277e+02
20260915_03:00:00   4.4048e-02   1.5599e+01   8.8916e-01   0.0000e+00   0.0000e+00   2.7199e+02
20260915_06:00:00   3.9757e-02   1.4476e+01   7.8445e-01   0.0000e+00   0.0000e+00   2.7120e+02
20260915_09:00:00   3.9563e-02   1.4412e+01   7.7545e-01   0.0000e+00   6.1180e-07   2.7382e+02
20260915_12:00:00   4.5217e-02   1.5814e+01   9.1505e-01   0.0000e+00   1.0152e-04   2.7527e+02
20260915_15:00:00   4.8433e-02   1.6626e+01   9.9988e-01   0.0000e+00   0.0000e+00   2.7292e+02
20260915_18:00:00   7.5087e-02   2.3071e+01   1.6647e+00   0.0000e+00   1.7372e-04   2.7379e+02
20260915_21:00:00   6.5603e-02   2.0770e+01   1.4300e+00   0.0000e+00   2.5551e-03   2.7523e+02
20260916_00:00:00   6.0118e-02   1.9380e+01   1.2996e+00   0.0000e+00   1.6560e-03   2.7377e+02
20260916_03:00:00   5.1340e-02   1.7245e+01   1.0916e+00   0.0000e+00   1.7044e-06   2.7183e+02
20260916_06:00:00   4.5307e-02   1.5750e+01   9.4369e-01   0.0000e+00   0.0000e+00   2.7377e+02
20260916_09:00:00   4.3994e-02   1.5416e+01   9.0826e-01   0.0000e+00   0.0000e+00   2.7550e+02
20260916_12:00:00   4.4176e-02   1.5456e+01   9.1060e-01   0.0000e+00   0.0000e+00   2.7132e+02
20260916_15:00:00   5.4661e-02   1.7942e+01   1.2106e+00   0.0000e+00   2.2644e-05   2.7206e+02
20260916_18:00:00   7.0742e-02   2.1880e+01   1.6131e+00   0.0000e+00   3.3781e-03   2.7050e+02
20260916_21:00:00   6.9471e-02   2.1632e+01   1.5588e+00   0.0000e+00   4.0621e-03   2.6936e+02
20260917_00:00:00   5.9796e-02   1.9230e+01   1.3341e+00   1.1240e-07   6.5101e-03   2.6866e+02
20260917_03:00:00   4.9139e-02   1.6604e+01   1.0834e+00   0.0000e+00   1.4274e-03   2.6973e+02
20260917_06:00:00   4.8834e-02   1.6466e+01   1.0910e+00   0.0000e+00   3.6242e-03   2.7007e+02
20260917_09:00:00   4.7078e-02   1.6065e+01   1.0465e+00   0.0000e+00   5.1560e-05   2.6780e+02
20260917_12:00:00   4.3004e-02   1.5080e+01   9.3110e-01   0.0000e+00   2.8480e-04   2.7041e+02
20260917_15:00:00   4.1472e-02   1.4740e+01   8.8455e-01   0.0000e+00   1.0978e-03   2.7119e+02
20260917_18:00:00   4.5230e-02   1.5749e+01   9.8287e-01   0.0000e+00   4.9498e-04   2.6865e+02
20260917_21:00:00   5.2892e-02   1.7692e+01   1.1723e+00   0.0000e+00   7.0660e-03   2.6791e+02
20260918_00:00:00   4.5587e-02   1.5845e+01   9.8128e-01   0.0000e+00   4.4117e-03   2.6818e+02
20260918_03:00:00   4.3061e-02   1.5182e+01   9.2392e-01   0.0000e+00   7.2734e-03   2.7217e+02
20260918_06:00:00   4.3273e-02   1.5184e+01   9.4296e-01   0.0000e+00   3.6803e-03   2.6943e+02
20260918_09:00:00   4.6949e-02   1.6114e+01   1.0383e+00   0.0000e+00   2.5663e-03   2.6905e+02
20260918_12:00:00   5.4902e-02   1.8136e+01   1.2266e+00   0.0000e+00   1.0178e-02   2.7134e+02
20260918_15:00:00   6.1274e-02   1.9750e+01   1.3931e+00   0.0000e+00   4.2026e-03   2.7099e+02
20260918_18:00:00   7.6169e-02   2.3423e+01   1.7618e+00   2.9240e-05   1.0699e-03   2.6747e+02
20260918_21:00:00   9.7744e-02   2.8478e+01   2.2628e+00   1.6210e-04   4.0649e-03   2.6587e+02
20260919_00:00:00   8.8171e-02   2.6315e+01   2.0287e+00   0.0000e+00   1.5160e-04   2.6685e+02
20260919_03:00:00   7.6416e-02   2.3582e+01   1.7331e+00   0.0000e+00   0.0000e+00   2.6968e+02
20260919_06:00:00   7.1826e-02   2.2426e+01   1.6306e+00   0.0000e+00   0.0000e+00   2.7217e+02
20260919_09:00:00   8.0307e-02   2.4466e+01   1.8325e+00   0.0000e+00   0.0000e+00   2.7552e+02
20260919_12:00:00   8.5878e-02   2.5848e+01   1.9600e+00   0.0000e+00   0.0000e+00   2.7783e+02
20260919_15:00:00   9.7515e-02   2.8701e+01   2.2345e+00   0.0000e+00   0.0000e+00   2.7278e+02
20260919_18:00:00   1.2030e-01   3.4161e+01   2.7345e+00   0.0000e+00   0.0000e+00   2.6999e+02
20260919_21:00:00   1.0513e-01   3.0659e+01   2.3657e+00   0.0000e+00   0.0000e+00   2.6734e+02
20260920_00:00:00   1.3899e-01   3.7994e+01   3.2397e+00   0.0000e+00   2.6904e-02   2.6905e+02
20260920_03:00:00   1.1678e-01   3.2801e+01   2.7739e+00   0.0000e+00   8.6086e-02   2.7079e+02
20260920_06:00:00   1.1179e-01   3.1682e+01   2.6662e+00   0.0000e+00   3.0155e-02   2.7473e+02
20260920_09:00:00   1.1102e-01   3.1492e+01   2.6443e+00   0.0000e+00   1.4081e-02   2.7387e+02
20260920_12:00:00   1.5253e-01   4.0659e+01   3.6199e+00   0.0000e+00   4.8917e-02   2.7538e+02
20260920_15:00:00   2.1772e-01   5.4602e+01   4.9422e+00   0.0000e+00   1.5564e-01   2.7752e+02
20260920_18:00:00   2.5356e-01   6.1961e+01   5.6536e+00   1.7650e-04   2.1211e-01   2.7835e+02
20260920_21:00:00   2.9751e-01   7.0655e+01   6.2789e+00   3.6722e-03   2.4804e-01   2.7771e+02
20260921_00:00:00   2.7871e-01   6.6720e+01   5.9765e+00   4.4170e-04   5.0779e-01   2.7583e+02
20260921_03:00:00   2.6348e-01   6.3869e+01   5.7911e+00   0.0000e+00   3.5272e-01   2.7676e+02
20260921_06:00:00   2.7707e-01   6.6611e+01   5.8763e+00   9.4360e-06   4.8303e-01   2.8109e+02
20260921_09:00:00   2.2715e-01   5.6913e+01   4.9071e+00   0.0000e+00   2.5197e-02   2.9116e+02
20260921_12:00:00   2.4781e-01   6.0505e+01   5.0457e+00   5.8031e-04   6.9988e-01   3.0300e+02
20260921_15:00:00   2.2656e-01   5.6344e+01   4.8684e+00   3.5870e-06   1.7098e-01   3.0559e+02
20260921_18:00:00   1.8577e-01   4.8249e+01   3.7894e+00   5.8424e-03   7.3143e-03   2.9901e+02
20260921_21:00:00   2.0552e-01   5.2840e+01   3.0002e+00   2.7580e-02   7.6355e-02   2.9086e+02
20260922_00:00:00   1.5292e-01   4.1426e+01   3.0429e+00   2.4880e-03   4.7858e-02   2.9161e+02
20260922_03:00:00   1.0497e-01   3.0542e+01   1.9577e+00   5.3170e-03   1.6714e-03   2.8790e+02
20260922_06:00:00   8.1955e-02   2.5048e+01   1.6144e+00   2.5850e-03   9.8220e-05   2.8789e+02
20260922_09:00:00   6.3702e-02   2.0524e+01   1.3854e+00   0.0000e+00   0.0000e+00   2.9223e+02
20260922_12:00:00   5.5768e-02   1.8564e+01   1.2144e+00   0.0000e+00   0.0000e+00   2.9615e+02
20260922_15:00:00   8.1667e-02   2.4786e+01   1.8761e+00   0.0000e+00   0.0000e+00   2.9041e+02
20260922_18:00:00   1.0613e-01   3.0645e+01   2.4208e+00   0.0000e+00   0.0000e+00   2.8819e+02
20260922_21:00:00   1.3552e-01   3.7307e+01   3.0141e+00   0.0000e+00   6.1111e-04   2.8593e+02
20260923_00:00:00   1.6398e-01   4.3212e+01   3.5638e+00   2.4397e-04   2.7197e-03   2.8396e+02
20260923_03:00:00   1.1420e-01   3.2122e+01   2.5528e+00   0.0000e+00   1.7620e-08   2.9048e+02
20260923_06:00:00   9.9612e-02   2.8845e+01   2.1934e+00   0.0000e+00   0.0000e+00   2.9198e+02
