#            date       tau255        Tb[K]      pwv[mm] lwp[kg*m^-2] iwp[kg*m^-2]       o3[DU]
20260807_12:00:00   2.2420e-02   1.0054e+01   3.2842e-01   0.0000e+00   0.0000e+00   2.6479e+02
20260807_13:00:00   2.1722e-02   9.8640e+00   3.0921e-01   0.0000e+00   0.0000e+00   2.6689e+02
20260807_14:00:00   2.1297e-02   9.7476e+00   2.9836e-01   0.0000e+00   0.0000e+00   2.6878e+02
20260807_15:00:00   2.0772e-02   9.6037e+00   2.8542e-01   0.0000e+00   0.0000e+00   2.6903e+02
20260807_16:00:00   2.0287e-02   9.4722e+00   2.7322e-01   0.0000e+00   0.0000e+00   2.6984e+02
20260807_17:00:00   2.0130e-02   9.4276e+00   2.7005e-01   0.0000e+00   0.0000e+00   2.6883e+02
20260807_18:00:00   2.0544e-02   9.5411e+00   2.8264e-01   0.0000e+00   0.0000e+00   2.6451e+02
20260807_19:00:00   2.1382e-02   9.7793e+00   3.0532e-01   0.0000e+00   0.0000e+00   2.6023e+02
20260807_20:00:00   2.1625e-02   9.8485e+00   3.1084e-01   0.0000e+00   0.0000e+00   2.5934e+02
20260807_21:00:00   2.1418e-02   9.7915e+00   3.0508e-01   0.0000e+00   0.0000e+00   2.5875e+02
20260807_22:00:00   2.1494e-02   9.8186e+00   3.0418e-01   0.0000e+00   0.0000e+00   2.5785e+02
20260807_23:00:00   2.1837e-02   9.9185e+00   3.1077e-01   0.0000e+00   0.0000e+00   2.5745e+02
20260808_00:00:00   2.1873e-02   9.9262e+00   3.1080e-01   0.0000e+00   0.0000e+00   2.5771e+02
20260808_01:00:00   2.1403e-02   9.7947e+00   2.9794e-01   0.0000e+00   0.0000e+00   2.5909e+02
20260808_02:00:00   2.0890e-02   9.6519e+00   2.8440e-01   0.0000e+00   0.0000e+00   2.5984e+02
20260808_03:00:00   2.0046e-02   9.4108e+00   2.6302e-01   0.0000e+00   0.0000e+00   2.6081e+02
20260808_04:00:00   2.0040e-02   9.4067e+00   2.6387e-01   0.0000e+00   0.0000e+00   2.5982e+02
20260808_05:00:00   2.0307e-02   9.4794e+00   2.7163e-01   0.0000e+00   0.0000e+00   2.5891e+02
20260808_06:00:00   2.0202e-02   9.4446e+00   2.7027e-01   0.0000e+00   0.0000e+00   2.5973e+02
20260808_07:00:00   2.0117e-02   9.4180e+00   2.6815e-01   0.0000e+00   0.0000e+00   2.6017e+02
20260808_08:00:00   1.9788e-02   9.3276e+00   2.5946e-01   0.0000e+00   0.0000e+00   2.6208e+02
20260808_09:00:00   1.9808e-02   9.3345e+00   2.6046e-01   0.0000e+00   0.0000e+00   2.6369e+02
20260808_10:00:00   1.9702e-02   9.3083e+00   2.5778e-01   0.0000e+00   0.0000e+00   2.6376e+02
20260808_11:00:00   1.9763e-02   9.3270e+00   2.5876e-01   0.0000e+00   0.0000e+00   2.6334e+02
20260808_12:00:00   2.0099e-02   9.4194e+00   2.6799e-01   0.0000e+00   0.0000e+00   2.6203e+02
20260808_13:00:00   2.0563e-02   9.5485e+00   2.8009e-01   0.0000e+00   0.0000e+00   2.6149e+02
20260808_14:00:00   2.0787e-02   9.6078e+00   2.8543e-01   0.0000e+00   0.0000e+00   2.5987e+02
20260808_15:00:00   2.1088e-02   9.6890e+00   2.9373e-01   0.0000e+00   0.0000e+00   2.5940e+02
20260808_16:00:00   2.2440e-02   1.0057e+01   3.3143e-01   0.0000e+00   0.0000e+00   2.5918e+02
20260808_17:00:00   2.4224e-02   1.0540e+01   3.8045e-01   0.0000e+00   0.0000e+00   2.5888e+02
20260808_18:00:00   2.6584e-02   1.1175e+01   4.4547e-01   0.0000e+00   0.0000e+00   2.5784e+02
20260808_19:00:00   2.8244e-02   1.1614e+01   4.9146e-01   0.0000e+00   0.0000e+00   2.5697e+02
20260808_20:00:00   2.9359e-02   1.1904e+01   5.2285e-01   0.0000e+00   0.0000e+00   2.5692e+02
20260808_21:00:00   2.9902e-02   1.2048e+01   5.3637e-01   0.0000e+00   0.0000e+00   2.5682e+02
20260808_22:00:00   3.1272e-02   1.2396e+01   5.7571e-01   0.0000e+00   0.0000e+00   2.5550e+02
20260808_23:00:00   3.2566e-02   1.2724e+01   6.1142e-01   0.0000e+00   0.0000e+00   2.5495e+02
20260809_00:00:00   3.3240e-02   1.2895e+01   6.3111e-01   0.0000e+00   0.0000e+00   2.5565e+02
20260809_01:00:00   3.2851e-02   1.2798e+01   6.1850e-01   0.0000e+00   0.0000e+00   2.5427e+02
20260809_02:00:00   3.5671e-02   1.3495e+01   7.0477e-01   0.0000e+00   0.0000e+00   2.5326e+02
20260809_03:00:00   3.9349e-02   1.4412e+01   8.0924e-01   0.0000e+00   0.0000e+00   2.5408e+02
20260809_04:00:00   4.2159e-02   1.5102e+01   8.8786e-01   0.0000e+00   0.0000e+00   2.5216e+02
20260809_05:00:00   4.4963e-02   1.5792e+01   9.6764e-01   0.0000e+00   0.0000e+00   2.5032e+02
20260809_06:00:00   4.6739e-02   1.6242e+01   1.0119e+00   0.0000e+00   0.0000e+00   2.4975e+02
20260809_07:00:00   4.8315e-02   1.6632e+01   1.0540e+00   0.0000e+00   0.0000e+00   2.5044e+02
20260809_08:00:00   4.8037e-02   1.6555e+01   1.0462e+00   0.0000e+00   0.0000e+00   2.5065e+02
20260809_09:00:00   4.8336e-02   1.6633e+01   1.0555e+00   0.0000e+00   0.0000e+00   2.5233e+02
20260809_10:00:00   4.9206e-02   1.6845e+01   1.0776e+00   0.0000e+00   0.0000e+00   2.5258e+02
20260809_11:00:00   5.0795e-02   1.7235e+01   1.1214e+00   0.0000e+00   0.0000e+00   2.5229e+02
20260809_12:00:00   5.4506e-02   1.8122e+01   1.2217e+00   0.0000e+00   0.0000e+00   2.5276e+02
20260809_13:00:00   5.7391e-02   1.8821e+01   1.2955e+00   0.0000e+00   0.0000e+00   2.5373e+02
20260809_14:00:00   5.7829e-02   1.8944e+01   1.3037e+00   0.0000e+00   0.0000e+00   2.5421e+02
20260809_15:00:00   5.5673e-02   1.8436e+01   1.2502e+00   0.0000e+00   0.0000e+00   2.5450e+02
20260809_16:00:00   5.8156e-02   1.9026e+01   1.3160e+00   0.0000e+00   0.0000e+00   2.5351e+02
20260809_17:00:00   6.0076e-02   1.9500e+01   1.3644e+00   0.0000e+00   0.0000e+00   2.5443e+02
20260809_18:00:00   6.1615e-02   1.9901e+01   1.4041e+00   0.0000e+00   0.0000e+00   2.5482e+02
20260809_19:00:00   6.5862e-02   2.0917e+01   1.5146e+00   0.0000e+00   0.0000e+00   2.5336e+02
20260809_20:00:00   7.1121e-02   2.2177e+01   1.6514e+00   0.0000e+00   3.6700e-07   2.5198e+02
20260809_21:00:00   7.4380e-02   2.2944e+01   1.7379e+00   0.0000e+00   8.5980e-06   2.5347e+02
20260809_22:00:00   8.0968e-02   2.4521e+01   1.9010e+00   0.0000e+00   1.8162e-05   2.5298e+02
20260809_23:00:00   8.6563e-02   2.5805e+01   2.0419e+00   0.0000e+00   2.8136e-05   2.5301e+02
20260810_00:00:00   9.7444e-02   2.8338e+01   2.3159e+00   0.0000e+00   5.9565e-06   2.5385e+02
20260810_01:00:00   1.1004e-01   3.1249e+01   2.6355e+00   0.0000e+00   1.3955e-05   2.5556e+02
20260810_02:00:00   1.2182e-01   3.3875e+01   2.9218e+00   0.0000e+00   1.3092e-03   2.5582e+02
20260810_03:00:00   1.3104e-01   3.6039e+01   3.1363e+00   0.0000e+00   2.5879e-03   2.5437e+02
20260810_04:00:00   1.4190e-01   3.8456e+01   3.3893e+00   0.0000e+00   5.5432e-03   2.5638e+02
20260810_05:00:00   1.5206e-01   4.0669e+01   3.6364e+00   0.0000e+00   6.1383e-03   2.5770e+02
20260810_06:00:00   1.6471e-01   4.3339e+01   3.8904e+00   0.0000e+00   7.4661e-02   2.5896e+02
20260810_07:00:00   1.6894e-01   4.4183e+01   3.9438e+00   0.0000e+00   1.2976e-01   2.5767e+02
20260810_08:00:00   1.8391e-01   4.7357e+01   4.2540e+00   0.0000e+00   1.8373e-01   2.5619e+02
20260810_09:00:00   2.0312e-01   5.1393e+01   4.6573e+00   0.0000e+00   2.0303e-01   2.5831e+02
20260810_10:00:00   2.2459e-01   5.5974e+01   5.0661e+00   0.0000e+00   1.9237e-01   2.6056e+02
20260810_11:00:00   2.3949e-01   5.9029e+01   5.3680e+00   0.0000e+00   1.8910e-01   2.6188e+02
20260810_12:00:00   2.2663e-01   5.6461e+01   5.1749e+00   0.0000e+00   6.0844e-02   2.6227e+02
20260810_13:00:00   2.4868e-01   6.0820e+01   5.4882e+00   0.0000e+00   3.0958e-01   2.6150e+02
20260810_14:00:00   2.5474e-01   6.2107e+01   5.6604e+00   0.0000e+00   2.0502e-01   2.6051e+02
20260810_15:00:00   2.6376e-01   6.3886e+01   5.7797e+00   5.9480e-04   2.4118e-01   2.5849e+02
20260810_16:00:00   2.7662e-01   6.6452e+01   5.9998e+00   6.3060e-04   3.2420e-01   2.5752e+02
20260810_17:00:00   2.7340e-01   6.5835e+01   5.9679e+00   6.6060e-04   2.3683e-01   2.5647e+02
20260810_18:00:00   2.5926e-01   6.3025e+01   5.7215e+00   2.1300e-03   8.8944e-02   2.5659e+02
20260810_19:00:00   2.4817e-01   6.0716e+01   5.6124e+00   1.4185e-06   1.0451e-01   2.5596e+02
20260810_20:00:00   2.5333e-01   6.1768e+01   5.6628e+00   3.8520e-05   1.8330e-01   2.5549e+02
20260810_21:00:00   2.5483e-01   6.2055e+01   5.6879e+00   0.0000e+00   1.9287e-01   2.5514e+02
20260810_22:00:00   2.6263e-01   6.3548e+01   5.6889e+00   0.0000e+00   3.8142e-01   2.5412e+02
20260810_23:00:00   2.7045e-01   6.5067e+01   5.9242e+00   2.3015e-04   2.7702e-01   2.5419e+02
20260811_00:00:00   2.6740e-01   6.4469e+01   5.8514e+00   0.0000e+00   2.7230e-01   2.5346e+02
20260811_01:00:00   2.7779e-01   6.6464e+01   5.9480e+00   9.7500e-06   5.1684e-01   2.5212e+02
20260811_02:00:00   2.7822e-01   6.6649e+01   6.0897e+00   0.0000e+00   2.9477e-01   2.5327e+02
20260811_03:00:00   2.7374e-01   6.5838e+01   6.1012e+00   0.0000e+00   1.6413e-01   2.5457e+02
20260811_04:00:00   2.7375e-01   6.5875e+01   6.1192e+00   0.0000e+00   1.4041e-01   2.5499e+02
20260811_05:00:00   2.7757e-01   6.6624e+01   6.1447e+00   0.0000e+00   1.9655e-01   2.5535e+02
20260811_06:00:00   2.7780e-01   6.6725e+01   6.1899e+00   0.0000e+00   1.1742e-01   2.5522e+02
20260811_07:00:00   2.8588e-01   6.8203e+01   6.1541e+00   0.0000e+00   4.6134e-01   2.5551e+02
20260811_08:00:00   2.7856e-01   6.6851e+01   6.1189e+00   0.0000e+00   2.6788e-01   2.5636e+02
20260811_09:00:00   2.7323e-01   6.5787e+01   5.9611e+00   0.0000e+00   2.5917e-01   2.5595e+02
20260811_10:00:00   2.8068e-01   6.7093e+01   5.9771e+00   0.0000e+00   5.6325e-01   2.5643e+02
20260811_11:00:00   2.7933e-01   6.6905e+01   5.9761e+00   0.0000e+00   4.8257e-01   2.5816e+02
20260811_12:00:00   2.7157e-01   6.5403e+01   5.8682e+00   0.0000e+00   3.8756e-01   2.5816e+02
20260811_13:00:00   2.8003e-01   6.6999e+01   5.9306e+00   1.1138e-03   5.1249e-01   2.5709e+02
20260811_14:00:00   2.7851e-01   6.6767e+01   5.9608e+00   0.0000e+00   4.5247e-01   2.5917e+02
20260811_15:00:00   2.8167e-01   6.7479e+01   6.0350e+00   2.0716e-04   3.7038e-01   2.5815e+02
20260811_16:00:00   2.8601e-01   6.8241e+01   5.9489e+00   3.4470e-04   6.8113e-01   2.5769e+02
20260811_17:00:00   2.8146e-01   6.7464e+01   5.9861e+00   2.6220e-05   4.4047e-01   2.5617e+02
20260811_18:00:00   2.8435e-01   6.7989e+01   5.9652e+00   2.4740e-03   4.0889e-01   2.5514e+02
20260811_19:00:00   2.8736e-01   6.8519e+01   6.0760e+00   8.2910e-06   5.9597e-01   2.5484e+02
20260811_20:00:00   2.6355e-01   6.4219e+01   5.6280e+00   9.8200e-05   2.3572e-01   2.5618e+02
20260811_21:00:00   2.7459e-01   6.6219e+01   5.9267e+00   2.0119e-04   1.9741e-01   2.5608e+02
20260811_22:00:00   2.7564e-01   6.6430e+01   5.8789e+00   1.5212e-04   3.3537e-01   2.5685e+02
20260811_23:00:00   2.5934e-01   6.3228e+01   5.6584e+00   0.0000e+00   1.0563e-01   2.5527e+02
20260812_00:00:00   2.7806e-01   6.6911e+01   5.8850e+00   1.3980e-06   4.0311e-01   2.5598e+02
20260812_01:00:00   2.7846e-01   6.7108e+01   5.9449e+00   0.0000e+00   2.6894e-01   2.5726e+02
20260812_02:00:00   2.8689e-01   6.8787e+01   5.9675e+00   1.2512e-03   4.0766e-01   2.5916e+02
20260812_03:00:00   2.8188e-01   6.7630e+01   5.9125e+00   1.9340e-06   5.2284e-01   2.5948e+02
20260812_04:00:00   3.0219e-01   7.1713e+01   5.8772e+00   7.0746e-03   6.7526e-01   2.6019e+02
20260812_05:00:00   2.5446e-01   6.2346e+01   5.4504e+00   8.4050e-04   1.2938e-01   2.6053e+02
20260812_06:00:00   2.7002e-01   6.5104e+01   5.5998e+00   3.1150e-04   6.1318e-01   2.5989e+02
20260812_07:00:00   2.4721e-01   6.0386e+01   5.1713e+00   0.0000e+00   5.2935e-01   2.5903e+02
20260812_08:00:00   2.4569e-01   6.0154e+01   5.2037e+00   0.0000e+00   3.8486e-01   2.5748e+02
20260812_09:00:00   2.4979e-01   6.0974e+01   5.0975e+00   1.1178e-04   6.9063e-01   2.5580e+02
20260812_10:00:00   2.4625e-01   6.0303e+01   5.1249e+00   0.0000e+00   4.9996e-01   2.5723e+02
20260812_11:00:00   2.5025e-01   6.1015e+01   5.0850e+00   0.0000e+00   7.3322e-01   2.5697e+02
20260812_12:00:00   2.3520e-01   5.7972e+01   4.8544e+00   8.5486e-05   5.1661e-01   2.5646e+02
20260812_15:00:00   2.0713e-01   5.2032e+01   4.4866e+00   0.0000e+00   2.2361e-01   2.5627e+02
20260812_18:00:00   2.0358e-01   5.1369e+01   4.3583e+00   7.4400e-04   1.9841e-01   2.5565e+02
20260812_21:00:00   1.9087e-01   4.8907e+01   3.8846e+00   5.2370e-03   4.0725e-02   2.5640e+02
20260813_00:00:00   1.7376e-01   4.5175e+01   3.7651e+00   1.7377e-04   6.1408e-03   2.5536e+02
20260813_03:00:00   1.2697e-01   3.4837e+01   2.8187e+00   5.6860e-04   1.6793e-02   2.5930e+02
20260813_06:00:00   1.6511e-01   4.3200e+01   3.6149e+00   1.6626e-04   2.1122e-02   2.6231e+02
20260813_09:00:00   2.3353e-01   5.7398e+01   4.2595e+00   1.2072e-02   5.5628e-01   2.6392e+02
20260813_12:00:00   2.1865e-01   5.4510e+01   4.4093e+00   7.4908e-04   5.5610e-01   2.6572e+02
20260813_15:00:00   2.3203e-01   5.7587e+01   4.6452e+00   1.0397e-03   5.6597e-01   2.6548e+02
20260813_18:00:00   7.1144e-01   1.3580e+02   4.2671e+00   2.3491e-01   7.1568e-02   2.6576e+02
20260813_21:00:00   2.4222e-01   5.9568e+01   4.6581e+00   9.1930e-03   3.4362e-01   2.6323e+02
20260814_00:00:00   2.3064e-01   5.7038e+01   4.6670e+00   7.2499e-03   6.3780e-02   2.6128e+02
20260814_03:00:00   1.9211e-01   4.9217e+01   4.2228e+00   2.1842e-04   2.4926e-03   2.6111e+02
20260814_06:00:00   1.8066e-01   4.6859e+01   3.9961e+00   2.1927e-04   4.0000e-04   2.6369e+02
20260814_09:00:00   1.7601e-01   4.5782e+01   3.9733e+00   0.0000e+00   3.7447e-07   2.6051e+02
20260814_12:00:00   1.5276e-01   4.0856e+01   3.4833e+00   0.0000e+00   2.2040e-05   2.5683e+02
20260814_15:00:00   1.2362e-01   3.4585e+01   2.7861e+00   0.0000e+00   1.4689e-04   2.5280e+02
20260814_18:00:00   1.3288e-01   3.6783e+01   2.9124e+00   0.0000e+00   6.1084e-07   2.4992e+02
20260814_21:00:00   1.9111e-01   4.9449e+01   3.9031e+00   2.6205e-03   1.5067e-01   2.4473e+02
20260815_00:00:00   1.4651e-01   3.9848e+01   3.1124e+00   6.5900e-04   1.7287e-03   2.4020e+02
20260815_03:00:00   1.2621e-01   3.5355e+01   2.5336e+00   3.9540e-03   2.3120e-04   2.3669e+02
20260815_06:00:00   1.0637e-01   3.0723e+01   2.3362e+00   0.0000e+00   2.7290e-07   2.3869e+02
20260815_09:00:00   1.0628e-01   3.0657e+01   2.3027e+00   0.0000e+00   0.0000e+00   2.4122e+02
20260815_12:00:00   8.9991e-02   2.6880e+01   1.9215e+00   0.0000e+00   0.0000e+00   2.4276e+02
20260815_15:00:00   1.1290e-01   3.2142e+01   2.4051e+00   0.0000e+00   7.2630e-07   2.4472e+02
20260815_18:00:00   1.8350e-01   4.7628e+01   3.3496e+00   1.3502e-02   1.1871e-02   2.4636e+02
20260815_21:00:00   1.1273e+00   1.7724e+02   3.7375e+00   4.6200e-01   8.0146e-02   2.4768e+02
20260816_00:00:00   3.4987e-01   8.0365e+01   2.9215e+00   9.8390e-02   2.2495e-02   2.4833e+02
20260816_03:00:00   2.9517e-01   7.0117e+01   2.6873e+00   7.7930e-02   1.7395e-02   2.5102e+02
20260816_06:00:00   2.4109e-01   5.9420e+01   2.4632e+00   5.8230e-02   1.3578e-02   2.5355e+02
20260816_09:00:00   1.3791e-01   3.7278e+01   2.5763e+00   9.1252e-03   4.2648e-02   2.5793e+02
20260816_12:00:00   9.8520e-02   2.8430e+01   2.0974e+00   1.0508e-03   3.0761e-03   2.5849e+02
20260816_15:00:00   9.3519e-02   2.7314e+01   2.0515e+00   8.9490e-05   4.7770e-03   2.5750e+02
20260816_18:00:00   1.4008e-01   3.7792e+01   3.0318e+00   7.0130e-04   2.7861e-02   2.6254e+02
20260816_21:00:00   2.2908e-01   5.6181e+01   3.0468e+00   4.4022e-02   3.0495e-01   2.6272e+02
20260817_00:00:00   9.3088e-02   2.7427e+01   1.4948e+00   9.2290e-03   7.2580e-03   2.6592e+02
20260817_03:00:00   6.0200e-02   1.9595e+01   1.0859e+00   1.7170e-03   2.1088e-03   2.6658e+02
20260817_06:00:00   4.0520e-02   1.4566e+01   7.8794e-01   0.0000e+00   0.0000e+00   2.6657e+02
20260817_09:00:00   5.9037e-02   1.8939e+01   1.2727e+00   0.0000e+00   6.7921e-04   2.7137e+02
20260817_12:00:00   5.3971e-02   1.7862e+01   1.1332e+00   0.0000e+00   0.0000e+00   2.7485e+02
20260817_15:00:00   6.7517e-02   2.1210e+01   1.4665e+00   0.0000e+00   0.0000e+00   2.7219e+02
20260817_18:00:00   8.6548e-02   2.5647e+01   1.9554e+00   0.0000e+00   2.5090e-03   2.7037e+02
20260817_21:00:00   9.5545e-02   2.7731e+01   2.1931e+00   0.0000e+00   2.0356e-03   2.7263e+02
20260818_00:00:00   6.8356e-02   2.1630e+01   1.4776e+00   0.0000e+00   0.0000e+00   2.7179e+02
20260818_03:00:00   5.3669e-02   1.8136e+01   1.1096e+00   0.0000e+00   0.0000e+00   2.7352e+02
20260818_06:00:00   4.2711e-02   1.5445e+01   8.3206e-01   0.0000e+00   0.0000e+00   2.7562e+02
20260818_09:00:00   4.1936e-02   1.5252e+01   8.1914e-01   0.0000e+00   0.0000e+00   2.7754e+02
20260818_12:00:00   4.3232e-02   1.5502e+01   8.8627e-01   0.0000e+00   0.0000e+00   2.7455e+02
20260818_15:00:00   5.3185e-02   1.7945e+01   1.1752e+00   0.0000e+00   0.0000e+00   2.7446e+02
20260818_18:00:00   5.3234e-02   1.8070e+01   1.1505e+00   0.0000e+00   0.0000e+00   2.7447e+02
20260818_21:00:00   5.6580e-02   1.8970e+01   1.2226e+00   0.0000e+00   0.0000e+00   2.7604e+02
20260819_00:00:00   5.9277e-02   1.9682e+01   1.2884e+00   0.0000e+00   0.0000e+00   2.7526e+02
20260819_03:00:00   5.4022e-02   1.8396e+01   1.1497e+00   0.0000e+00   0.0000e+00   2.7177e+02
20260819_06:00:00   4.7509e-02   1.6730e+01   9.8855e-01   0.0000e+00   0.0000e+00   2.7254e+02
20260819_09:00:00   4.4198e-02   1.5861e+01   9.1373e-01   0.0000e+00   0.0000e+00   2.7172e+02
20260819_12:00:00   3.8455e-02   1.4371e+01   7.6329e-01   0.0000e+00   0.0000e+00   2.7546e+02
20260819_15:00:00   3.6466e-02   1.3843e+01   7.0926e-01   0.0000e+00   0.0000e+00   2.7606e+02
20260819_18:00:00   3.6618e-02   1.3901e+01   7.0547e-01   0.0000e+00   0.0000e+00   2.7410e+02
20260819_21:00:00   4.0070e-02   1.4785e+01   7.9363e-01   0.0000e+00   0.0000e+00   2.7051e+02
20260820_00:00:00   3.7124e-02   1.4001e+01   7.2100e-01   0.0000e+00   0.0000e+00   2.7043e+02
20260820_03:00:00   3.2675e-02   1.2864e+01   5.9583e-01   0.0000e+00   0.0000e+00   2.6922e+02
20260820_06:00:00   3.1050e-02   1.2424e+01   5.5219e-01   0.0000e+00   0.0000e+00   2.6730e+02
20260820_09:00:00   2.8456e-02   1.1693e+01   4.9021e-01   0.0000e+00   0.0000e+00   2.6432e+02
20260820_12:00:00   2.8084e-02   1.1584e+01   4.8092e-01   0.0000e+00   0.0000e+00   2.6465e+02
20260820_15:00:00   2.7602e-02   1.1453e+01   4.7018e-01   0.0000e+00   0.0000e+00   2.6179e+02
20260820_18:00:00   3.2303e-02   1.2755e+01   5.8130e-01   0.0000e+00   0.0000e+00   2.5976e+02
20260820_21:00:00   3.4917e-02   1.3428e+01   6.5331e-01   0.0000e+00   0.0000e+00   2.5922e+02
20260821_00:00:00   4.3212e-02   1.5553e+01   8.7823e-01   0.0000e+00   0.0000e+00   2.6116e+02
20260821_03:00:00   4.2739e-02   1.5365e+01   8.8422e-01   0.0000e+00   0.0000e+00   2.5977e+02
20260821_06:00:00   4.0053e-02   1.4549e+01   8.4860e-01   0.0000e+00   0.0000e+00   2.6026e+02
20260821_09:00:00   3.9200e-02   1.4329e+01   8.2651e-01   0.0000e+00   0.0000e+00   2.5761e+02
20260821_12:00:00   4.6185e-02   1.6098e+01   1.0227e+00   0.0000e+00   1.3138e-06   2.5573e+02
20260821_15:00:00   5.4686e-02   1.8106e+01   1.2690e+00   0.0000e+00   6.8003e-03   2.5479e+02
20260821_18:00:00   6.1842e-02   1.9890e+01   1.4427e+00   0.0000e+00   4.4240e-03   2.5501e+02
20260821_21:00:00   6.3039e-02   2.0302e+01   1.4382e+00   0.0000e+00   0.0000e+00   2.5060e+02
20260822_00:00:00   6.9045e-02   2.1776e+01   1.5857e+00   0.0000e+00   0.0000e+00   2.4943e+02
20260822_03:00:00   5.8132e-02   1.9077e+01   1.3153e+00   0.0000e+00   0.0000e+00   2.5077e+02
20260822_06:00:00   5.9569e-02   1.9260e+01   1.3837e+00   0.0000e+00   1.0405e-03   2.5194e+02
20260822_09:00:00   6.0013e-02   1.9332e+01   1.3635e+00   0.0000e+00   5.3405e-02   2.5340e+02
20260822_12:00:00   6.8830e-02   2.1404e+01   1.5784e+00   0.0000e+00   8.4699e-02   2.5342e+02
20260822_15:00:00   6.5305e-02   2.0686e+01   1.5087e+00   0.0000e+00   4.2397e-04   2.5287e+02
20260822_18:00:00   7.0812e-02   2.2166e+01   1.6104e+00   0.0000e+00   2.1563e-05   2.5301e+02
20260822_21:00:00   8.2463e-02   2.5042e+01   1.8589e+00   0.0000e+00   0.0000e+00   2.5325e+02
20260823_00:00:00   8.3281e-02   2.5224e+01   1.8764e+00   0.0000e+00   0.0000e+00   2.5156e+02
20260823_03:00:00   5.9170e-02   1.9515e+01   1.2645e+00   0.0000e+00   0.0000e+00   2.5485e+02
20260823_06:00:00   6.3245e-02   2.0448e+01   1.3859e+00   0.0000e+00   0.0000e+00   2.5671e+02
20260823_09:00:00   7.9215e-02   2.4051e+01   1.8354e+00   0.0000e+00   0.0000e+00   2.5800e+02
20260823_12:00:00   8.6782e-02   2.5702e+01   2.0178e+00   0.0000e+00   6.1536e-03   2.5984e+02
