#            date       tau255        Tb[K]      pwv[mm] lwp[kg*m^-2] iwp[kg*m^-2]       o3[DU]
20260923_12:00:00   6.0369e-02   1.9919e+01   1.3974e+00   0.0000e+00   0.0000e+00   2.6422e+02
20260923_13:00:00   5.4300e-02   1.8400e+01   1.2272e+00   0.0000e+00   0.0000e+00   2.6430e+02
20260923_14:00:00   5.7261e-02   1.9100e+01   1.3122e+00   0.0000e+00   0.0000e+00   2.6456e+02
20260923_15:00:00   5.8458e-02   1.9342e+01   1.3575e+00   0.0000e+00   0.0000e+00   2.6236e+02
20260923_16:00:00   5.5059e-02   1.8489e+01   1.2654e+00   0.0000e+00   0.0000e+00   2.5964e+02
20260923_17:00:00   5.7574e-02   1.9064e+01   1.3455e+00   0.0000e+00   0.0000e+00   2.5870e+02
20260923_18:00:00   6.3919e-02   2.0584e+01   1.5301e+00   0.0000e+00   0.0000e+00   2.5828e+02
20260923_19:00:00   6.5364e-02   2.0989e+01   1.5575e+00   0.0000e+00   0.0000e+00   2.6165e+02
20260923_20:00:00   6.4697e-02   2.0861e+01   1.5287e+00   0.0000e+00   0.0000e+00   2.6413e+02
20260923_21:00:00   7.2528e-02   2.2773e+01   1.7387e+00   0.0000e+00   0.0000e+00   2.6574e+02
20260923_22:00:00   8.0973e-02   2.4837e+01   1.9524e+00   0.0000e+00   0.0000e+00   2.6742e+02
20260923_23:00:00   8.7404e-02   2.6363e+01   2.1207e+00   0.0000e+00   0.0000e+00   2.6622e+02
20260924_00:00:00   9.0210e-02   2.7013e+01   2.2011e+00   0.0000e+00   0.0000e+00   2.6405e+02
20260924_01:00:00   9.3143e-02   2.7671e+01   2.2819e+00   0.0000e+00   7.1660e-07   2.6254e+02
20260924_02:00:00   9.5768e-02   2.8206e+01   2.3725e+00   0.0000e+00   0.0000e+00   2.6134e+02
20260924_03:00:00   9.1961e-02   2.7211e+01   2.2987e+00   0.0000e+00   5.2860e-08   2.5838e+02
20260924_04:00:00   8.7014e-02   2.6021e+01   2.1759e+00   0.0000e+00   1.1914e-03   2.5620e+02
20260924_05:00:00   8.0432e-02   2.4459e+01   2.0006e+00   0.0000e+00   4.2104e-03   2.5511e+02
20260924_06:00:00   7.4260e-02   2.3007e+01   1.8327e+00   0.0000e+00   2.0143e-03   2.5194e+02
20260924_07:00:00   6.7536e-02   2.1401e+01   1.6505e+00   0.0000e+00   5.0153e-04   2.5348e+02
20260924_08:00:00   6.0902e-02   1.9834e+01   1.4604e+00   0.0000e+00   4.7180e-07   2.5773e+02
20260924_09:00:00   5.6511e-02   1.8788e+01   1.3347e+00   0.0000e+00   0.0000e+00   2.5923e+02
20260924_10:00:00   5.3283e-02   1.8015e+01   1.2408e+00   0.0000e+00   0.0000e+00   2.5951e+02
20260924_11:00:00   5.0748e-02   1.7389e+01   1.1724e+00   0.0000e+00   0.0000e+00   2.5864e+02
20260924_12:00:00   4.8216e-02   1.6769e+01   1.1003e+00   0.0000e+00   0.0000e+00   2.5804e+02
20260924_13:00:00   4.6564e-02   1.6379e+01   1.0478e+00   0.0000e+00   3.8380e-05   2.5687e+02
20260924_14:00:00   4.6361e-02   1.6354e+01   1.0353e+00   0.0000e+00   1.9188e-05   2.5628e+02
20260924_15:00:00   4.5623e-02   1.6171e+01   1.0130e+00   0.0000e+00   4.8340e-04   2.5580e+02
20260924_16:00:00   4.6621e-02   1.6436e+01   1.0385e+00   0.0000e+00   7.6680e-04   2.5598e+02
20260924_17:00:00   4.8139e-02   1.6835e+01   1.0753e+00   0.0000e+00   2.3220e-04   2.5738e+02
20260924_18:00:00   4.9124e-02   1.7099e+01   1.0955e+00   0.0000e+00   2.0480e-04   2.5960e+02
20260924_19:00:00   4.8186e-02   1.6858e+01   1.0682e+00   0.0000e+00   9.7540e-04   2.5991e+02
20260924_20:00:00   4.6004e-02   1.6291e+01   1.0110e+00   0.0000e+00   1.1214e-03   2.6079e+02
20260924_21:00:00   4.5083e-02   1.6057e+01   9.8376e-01   0.0000e+00   7.1040e-04   2.5886e+02
20260924_22:00:00   4.6927e-02   1.6549e+01   1.0269e+00   0.0000e+00   1.3432e-04   2.5695e+02
20260924_23:00:00   4.8478e-02   1.6972e+01   1.0625e+00   0.0000e+00   0.0000e+00   2.5634e+02
20260925_00:00:00   4.9973e-02   1.7360e+01   1.1010e+00   0.0000e+00   1.9188e-05   2.5584e+02
20260925_01:00:00   4.6888e-02   1.6566e+01   1.0253e+00   0.0000e+00   4.6058e-05   2.5425e+02
20260925_02:00:00   4.4641e-02   1.5972e+01   9.7033e-01   0.0000e+00   8.6580e-05   2.5521e+02
20260925_03:00:00   4.0132e-02   1.4769e+01   8.5908e-01   0.0000e+00   2.8780e-05   2.5575e+02
20260925_04:00:00   3.7900e-02   1.4165e+01   8.0208e-01   0.0000e+00   6.5238e-05   2.5476e+02
20260925_05:00:00   3.5876e-02   1.3614e+01   7.4877e-01   0.0000e+00   1.2520e-04   2.5420e+02
20260925_06:00:00   3.4802e-02   1.3328e+01   7.1907e-01   0.0000e+00   7.0780e-07   2.5356e+02
20260925_07:00:00   3.4234e-02   1.3180e+01   7.0157e-01   0.0000e+00   1.7270e-05   2.5346e+02
20260925_08:00:00   3.3198e-02   1.2911e+01   6.7145e-01   0.0000e+00   2.0940e-05   2.5490e+02
20260925_09:00:00   3.3019e-02   1.2864e+01   6.6592e-01   0.0000e+00   0.0000e+00   2.5438e+02
20260925_10:00:00   3.3605e-02   1.3028e+01   6.7974e-01   0.0000e+00   0.0000e+00   2.5385e+02
20260925_11:00:00   3.4563e-02   1.3287e+01   7.0503e-01   0.0000e+00   0.0000e+00   2.5347e+02
20260925_12:00:00   3.6097e-02   1.3696e+01   7.4710e-01   0.0000e+00   0.0000e+00   2.5237e+02
20260925_13:00:00   3.7412e-02   1.4056e+01   7.8164e-01   0.0000e+00   0.0000e+00   2.5186e+02
20260925_14:00:00   3.9145e-02   1.4524e+01   8.2876e-01   0.0000e+00   0.0000e+00   2.5127e+02
20260925_15:00:00   4.0828e-02   1.4984e+01   8.7370e-01   0.0000e+00   0.0000e+00   2.5090e+02
20260925_16:00:00   4.3093e-02   1.5605e+01   9.3275e-01   0.0000e+00   0.0000e+00   2.5196e+02
20260925_17:00:00   4.7304e-02   1.6739e+01   1.0413e+00   0.0000e+00   0.0000e+00   2.5240e+02
20260925_18:00:00   4.6406e-02   1.6516e+01   1.0127e+00   0.0000e+00   0.0000e+00   2.5425e+02
20260925_19:00:00   4.6291e-02   1.6480e+01   1.0059e+00   0.0000e+00   0.0000e+00   2.5510e+02
20260925_20:00:00   4.4056e-02   1.5893e+01   9.4657e-01   0.0000e+00   0.0000e+00   2.5613e+02
20260925_21:00:00   4.3307e-02   1.5696e+01   9.2408e-01   0.0000e+00   9.6693e-06   2.5618e+02
20260925_22:00:00   4.3082e-02   1.5632e+01   9.1703e-01   0.0000e+00   9.8300e-06   2.5612e+02
20260925_23:00:00   4.2494e-02   1.5477e+01   9.0096e-01   0.0000e+00   4.0020e-05   2.5460e+02
20260926_00:00:00   3.8726e-02   1.4473e+01   8.0676e-01   0.0000e+00   1.4156e-06   2.5488e+02
20260926_01:00:00   3.4437e-02   1.3316e+01   6.9758e-01   0.0000e+00   7.0780e-07   2.5557e+02
20260926_02:00:00   3.2841e-02   1.2885e+01   6.5421e-01   0.0000e+00   9.4360e-07   2.5560e+02
20260926_03:00:00   3.3624e-02   1.3088e+01   6.7588e-01   0.0000e+00   0.0000e+00   2.5793e+02
20260926_04:00:00   3.3953e-02   1.3176e+01   6.8440e-01   0.0000e+00   0.0000e+00   2.5960e+02
20260926_05:00:00   3.3850e-02   1.3151e+01   6.8023e-01   0.0000e+00   0.0000e+00   2.5938e+02
20260926_06:00:00   3.3750e-02   1.3127e+01   6.7567e-01   0.0000e+00   0.0000e+00   2.5841e+02
20260926_07:00:00   3.3516e-02   1.3064e+01   6.6676e-01   0.0000e+00   0.0000e+00   2.5711e+02
20260926_08:00:00   3.3173e-02   1.2956e+01   6.5829e-01   0.0000e+00   0.0000e+00   2.5765e+02
20260926_09:00:00   3.2949e-02   1.2899e+01   6.5504e-01   0.0000e+00   0.0000e+00   2.5690e+02
20260926_10:00:00   3.3984e-02   1.3182e+01   6.8409e-01   0.0000e+00   0.0000e+00   2.5546e+02
20260926_11:00:00   3.5082e-02   1.3491e+01   7.1283e-01   0.0000e+00   0.0000e+00   2.5576e+02
20260926_12:00:00   3.7980e-02   1.4254e+01   7.9283e-01   0.0000e+00   0.0000e+00   2.5766e+02
20260926_13:00:00   4.1925e-02   1.5296e+01   8.9959e-01   0.0000e+00   0.0000e+00   2.5943e+02
20260926_14:00:00   4.5434e-02   1.6229e+01   9.9306e-01   0.0000e+00   0.0000e+00   2.6007e+02
20260926_15:00:00   5.0920e-02   1.7664e+01   1.1403e+00   0.0000e+00   0.0000e+00   2.5905e+02
20260926_16:00:00   5.7857e-02   1.9426e+01   1.3325e+00   0.0000e+00   0.0000e+00   2.5683e+02
20260926_17:00:00   6.5595e-02   2.1362e+01   1.5452e+00   0.0000e+00   0.0000e+00   2.5561e+02
20260926_18:00:00   7.4196e-02   2.3500e+01   1.7772e+00   0.0000e+00   0.0000e+00   2.5620e+02
20260926_19:00:00   8.4137e-02   2.5877e+01   2.0584e+00   0.0000e+00   0.0000e+00   2.5457e+02
20260926_20:00:00   9.8520e-02   2.9267e+01   2.4510e+00   0.0000e+00   1.7620e-08   2.5426e+02
20260926_21:00:00   1.2890e-01   3.6360e+01   3.2113e+00   0.0000e+00   0.0000e+00   2.5384e+02
20260926_22:00:00   1.5788e-01   4.2823e+01   3.9186e+00   0.0000e+00   5.5900e-05   2.5278e+02
20260926_23:00:00   1.6620e-01   4.4597e+01   4.1265e+00   0.0000e+00   6.7160e-05   2.5284e+02
20260927_00:00:00   1.8078e-01   4.7655e+01   4.4985e+00   0.0000e+00   4.2391e-04   2.5309e+02
20260927_01:00:00   2.0659e-01   5.3160e+01   5.0662e+00   0.0000e+00   3.8237e-02   2.5240e+02
20260927_02:00:00   2.2170e-01   5.6364e+01   5.3431e+00   0.0000e+00   8.0717e-02   2.5275e+02
20260927_03:00:00   2.0767e-01   5.3598e+01   5.0144e+00   0.0000e+00   3.6378e-04   2.5103e+02
20260927_04:00:00   2.0772e-01   5.3585e+01   5.0094e+00   0.0000e+00   6.9377e-03   2.4888e+02
20260927_05:00:00   2.1581e-01   5.5291e+01   5.1542e+00   0.0000e+00   6.3220e-04   2.4808e+02
20260927_06:00:00   2.1218e-01   5.4654e+01   5.0105e+00   0.0000e+00   8.3649e-04   2.4888e+02
20260927_07:00:00   1.9975e-01   5.2111e+01   4.7109e+00   0.0000e+00   3.8864e-05   2.4838e+02
20260927_08:00:00   1.9395e-01   5.0850e+01   4.5931e+00   0.0000e+00   1.7797e-07   2.4922e+02
20260927_09:00:00   1.9612e-01   5.1287e+01   4.6565e+00   0.0000e+00   1.2006e-06   2.4838e+02
20260927_10:00:00   1.9898e-01   5.1876e+01   4.7205e+00   0.0000e+00   4.5720e-06   2.4843e+02
20260927_11:00:00   1.9601e-01   5.1267e+01   4.6359e+00   0.0000e+00   3.2975e-07   2.4848e+02
20260927_12:00:00   1.8897e-01   4.9823e+01   4.4524e+00   0.0000e+00   0.0000e+00   2.4911e+02
20260927_13:00:00   1.8351e-01   4.8723e+01   4.3107e+00   0.0000e+00   0.0000e+00   2.4968e+02
20260927_14:00:00   1.8125e-01   4.8329e+01   4.2327e+00   0.0000e+00   0.0000e+00   2.4952e+02
20260927_15:00:00   1.7435e-01   4.6852e+01   4.0863e+00   0.0000e+00   0.0000e+00   2.5000e+02
20260927_16:00:00   1.6096e-01   4.3928e+01   3.7793e+00   0.0000e+00   0.0000e+00   2.5200e+02
20260927_17:00:00   1.5350e-01   4.2237e+01   3.6448e+00   0.0000e+00   0.0000e+00   2.5416e+02
20260927_18:00:00   1.5363e-01   4.2197e+01   3.6685e+00   0.0000e+00   0.0000e+00   2.5409e+02
20260927_19:00:00   1.4942e-01   4.1251e+01   3.5683e+00   0.0000e+00   0.0000e+00   2.5373e+02
20260927_20:00:00   1.3657e-01   3.8380e+01   3.2388e+00   0.0000e+00   0.0000e+00   2.5263e+02
20260927_21:00:00   1.2659e-01   3.6095e+01   2.9867e+00   0.0000e+00   0.0000e+00   2.5203e+02
20260927_22:00:00   1.2047e-01   3.4666e+01   2.8304e+00   0.0000e+00   0.0000e+00   2.5129e+02
20260927_23:00:00   1.0821e-01   3.1825e+01   2.5084e+00   0.0000e+00   0.0000e+00   2.5099e+02
20260928_00:00:00   1.0531e-01   3.1183e+01   2.4017e+00   0.0000e+00   0.0000e+00   2.5114e+02
20260928_01:00:00   1.0289e-01   3.0571e+01   2.3664e+00   0.0000e+00   0.0000e+00   2.5251e+02
20260928_02:00:00   1.0682e-01   3.1477e+01   2.4787e+00   0.0000e+00   0.0000e+00   2.5206e+02
20260928_03:00:00   1.1616e-01   3.3641e+01   2.7091e+00   0.0000e+00   0.0000e+00   2.5032e+02
20260928_04:00:00   1.2420e-01   3.5427e+01   2.9282e+00   0.0000e+00   0.0000e+00   2.5059e+02
20260928_05:00:00   1.5515e-01   4.2288e+01   3.7109e+00   0.0000e+00   0.0000e+00   2.5116e+02
20260928_06:00:00   1.6811e-01   4.5071e+01   4.0248e+00   0.0000e+00   0.0000e+00   2.5162e+02
20260928_07:00:00   1.6026e-01   4.3396e+01   3.8226e+00   0.0000e+00   0.0000e+00   2.5184e+02
20260928_08:00:00   1.6613e-01   4.4681e+01   3.9400e+00   0.0000e+00   2.6440e-08   2.5208e+02
20260928_09:00:00   1.7041e-01   4.5591e+01   4.0309e+00   0.0000e+00   8.8100e-09   2.5401e+02
20260928_10:00:00   1.7700e-01   4.6970e+01   4.1977e+00   0.0000e+00   1.6476e-06   2.5467e+02
20260928_11:00:00   1.8678e-01   4.9024e+01   4.4160e+00   0.0000e+00   3.7789e-05   2.5611e+02
20260928_12:00:00   1.8863e-01   4.9437e+01   4.4292e+00   0.0000e+00   1.6055e-04   2.5560e+02
20260928_15:00:00   1.8500e-01   4.8759e+01   4.3544e+00   0.0000e+00   8.2342e-07   2.5670e+02
20260928_18:00:00   1.8676e-01   4.9174e+01   4.3807e+00   0.0000e+00   0.0000e+00   2.5766e+02
20260928_21:00:00   1.5643e-01   4.2611e+01   3.5985e+00   0.0000e+00   0.0000e+00   2.5857e+02
20260929_00:00:00   1.4308e-01   3.9358e+01   3.4095e+00   0.0000e+00   1.9678e-05   2.5777e+02
20260929_03:00:00   2.0041e-01   5.1811e+01   4.7771e+00   0.0000e+00   9.2124e-05   2.5782e+02
20260929_06:00:00   2.4005e-01   5.9683e+01   5.6233e+00   0.0000e+00   1.6038e-02   2.5862e+02
20260929_09:00:00   2.6204e-01   6.4091e+01   5.9601e+00   6.6860e-04   2.5772e-02   2.6656e+02
20260929_12:00:00   4.1682e-01   9.2728e+01   6.7574e+00   4.9780e-02   1.2167e-01   2.6719e+02
20260929_15:00:00   3.1750e-01   7.4377e+01   6.6957e+00   1.1380e-04   7.7290e-01   2.6823e+02
20260929_18:00:00   2.9901e-01   7.0934e+01   6.4907e+00   1.0830e-03   3.1051e-01   2.6978e+02
20260929_21:00:00   2.7377e-01   6.5966e+01   6.0966e+00   1.2110e-03   7.8932e-02   2.7278e+02
20260930_00:00:00   2.5700e-01   6.2825e+01   5.6965e+00   1.0500e-03   9.0648e-02   2.7253e+02
20260930_03:00:00   2.6827e-01   6.4726e+01   6.0910e+00   2.7210e-04   2.5504e-01   2.7249e+02
20260930_06:00:00   2.9312e-01   6.9478e+01   6.1846e+00   6.8899e-03   3.1403e-01   2.7323e+02
20260930_09:00:00   2.4553e-01   6.0159e+01   5.5100e+00   4.7628e-04   9.7666e-02   2.7494e+02
20260930_12:00:00   2.5265e-01   6.1477e+01   5.3800e+00   4.2738e-03   2.6910e-01   2.7450e+02
20260930_15:00:00   2.4126e-01   5.9198e+01   5.2416e+00   1.3796e-03   1.9339e-01   2.7489e+02
20260930_18:00:00   1.8934e-01   4.9005e+01   3.9487e+00   4.6730e-04   1.2014e-01   2.7570e+02
20260930_21:00:00   1.9820e-01   5.0784e+01   4.1175e+00   0.0000e+00   1.8105e-01   2.7925e+02
20261001_00:00:00   1.4558e-01   3.9806e+01   2.9402e+00   1.1701e-03   1.5574e-02   2.7500e+02
20261001_03:00:00   1.0594e-01   3.0801e+01   2.1927e+00   4.6000e-04   1.5110e-03   2.7210e+02
20261001_06:00:00   8.6639e-02   2.6282e+01   1.6712e+00   3.4740e-03   7.9370e-05   2.7194e+02
20261001_09:00:00   6.3948e-02   2.0797e+01   1.3610e+00   0.0000e+00   0.0000e+00   2.7196e+02
20261001_12:00:00   5.2872e-02   1.8022e+01   1.1355e+00   0.0000e+00   0.0000e+00   2.7000e+02
20261001_15:00:00   4.8760e-02   1.6979e+01   1.0487e+00   0.0000e+00   0.0000e+00   2.6812e+02
20261001_18:00:00   6.0469e-02   2.0005e+01   1.3193e+00   0.0000e+00   0.0000e+00   2.6688e+02
20261001_21:00:00   5.4315e-02   1.8495e+01   1.1569e+00   0.0000e+00   0.0000e+00   2.6588e+02
20261002_00:00:00   5.5943e-02   1.8928e+01   1.1946e+00   0.0000e+00   0.0000e+00   2.6272e+02
20261002_03:00:00   5.5865e-02   1.8937e+01   1.1726e+00   0.0000e+00   0.0000e+00   2.5979e+02
20261002_06:00:00   4.5481e-02   1.6240e+01   9.4344e-01   0.0000e+00   0.0000e+00   2.5656e+02
20261002_09:00:00   4.3970e-02   1.5817e+01   9.1627e-01   0.0000e+00   0.0000e+00   2.5762e+02
20261002_12:00:00   4.0595e-02   1.4913e+01   8.3660e-01   0.0000e+00   0.0000e+00   2.6149e+02
20261002_15:00:00   4.9064e-02   1.7116e+01   1.0442e+00   0.0000e+00   0.0000e+00   2.6154e+02
20261002_18:00:00   6.6142e-02   2.1427e+01   1.4524e+00   0.0000e+00   0.0000e+00   2.5930e+02
20261002_21:00:00   9.8026e-02   2.9156e+01   2.1744e+00   0.0000e+00   0.0000e+00   2.5901e+02
20261003_00:00:00   9.0502e-02   2.7341e+01   1.9815e+00   0.0000e+00   0.0000e+00   2.6082e+02
20261003_03:00:00   5.3540e-02   1.8216e+01   1.1393e+00   0.0000e+00   0.0000e+00   2.6554e+02
20261003_06:00:00   4.7839e-02   1.6732e+01   9.9993e-01   0.0000e+00   0.0000e+00   2.6561e+02
20261003_09:00:00   5.1028e-02   1.7525e+01   1.0672e+00   0.0000e+00   0.0000e+00   2.6736e+02
20261003_12:00:00   5.2989e-02   1.7997e+01   1.1089e+00   0.0000e+00   0.0000e+00   2.6747e+02
20261003_15:00:00   6.3856e-02   2.0705e+01   1.3702e+00   0.0000e+00   0.0000e+00   2.6839e+02
20261003_18:00:00   1.0817e-01   3.1324e+01   2.3545e+00   0.0000e+00   7.2470e-09   2.6636e+02
20261003_21:00:00   1.3492e-01   3.7365e+01   2.8509e+00   1.0091e-05   2.3719e-03   2.6856e+02
20261004_00:00:00   9.4134e-02   2.7880e+01   1.9725e+00   4.5410e-05   1.5920e-04   2.7074e+02
20261004_03:00:00   8.7112e-02   2.6021e+01   1.9579e+00   0.0000e+00   5.0580e-05   2.7346e+02
20261004_06:00:00   4.9608e-02   1.6873e+01   1.0582e+00   0.0000e+00   1.8435e-02   2.7644e+02
20261004_09:00:00   4.9620e-02   1.6888e+01   1.0307e+00   0.0000e+00   1.1370e-02   2.7665e+02
20261004_12:00:00   4.3985e-02   1.5442e+01   9.0987e-01   0.0000e+00   1.0652e-02   2.7674e+02
20261004_15:00:00   4.5831e-02   1.5924e+01   9.5086e-01   0.0000e+00   1.8179e-02   2.7478e+02
20261004_18:00:00   8.1083e-02   2.4588e+01   1.7704e+00   0.0000e+00   1.7066e-02   2.7537e+02
20261004_21:00:00   9.5805e-02   2.8017e+01   2.1146e+00   0.0000e+00   1.9148e-02   2.7525e+02
20261005_00:00:00   6.7079e-02   2.1187e+01   1.4530e+00   0.0000e+00   2.3900e-02   2.7766e+02
20261005_03:00:00   4.7435e-02   1.6249e+01   1.0283e+00   0.0000e+00   1.9461e-02   2.7635e+02
20261005_06:00:00   4.4582e-02   1.5424e+01   9.7672e-01   0.0000e+00   1.7689e-02   2.7560e+02
20261005_09:00:00   5.9117e-02   1.8900e+01   1.3788e+00   0.0000e+00   1.0861e-02   2.7288e+02
20261005_12:00:00   7.3296e-02   2.2259e+01   1.7419e+00   0.0000e+00   2.4230e-02   2.7439e+02
20261005_15:00:00   9.0893e-02   2.6385e+01   2.1678e+00   0.0000e+00   6.3800e-02   2.7490e+02
20261005_18:00:00   1.1961e-01   3.3087e+01   2.8785e+00   0.0000e+00   6.8576e-02   2.7211e+02
20261005_21:00:00   1.3639e-01   3.6816e+01   3.2495e+00   0.0000e+00   1.0205e-01   2.7101e+02
20261006_00:00:00   1.4387e-01   3.8562e+01   3.4375e+00   0.0000e+00   7.2459e-02   2.7339e+02
20261006_03:00:00   1.5572e-01   4.1205e+01   3.6700e+00   0.0000e+00   1.2996e-01   2.7305e+02
20261006_06:00:00   1.6141e-01   4.2593e+01   3.8082e+00   0.0000e+00   2.4264e-02   2.7502e+02
20261006_09:00:00   1.7635e-01   4.5775e+01   4.1386e+00   0.0000e+00   1.2398e-02   2.7594e+02
20261006_12:00:00   1.9623e-01   4.9992e+01   4.5096e+00   0.0000e+00   1.4682e-01   2.7853e+02
20261006_15:00:00   2.0211e-01   5.1375e+01   4.7068e+00   0.0000e+00   5.1046e-02   2.8245e+02
20261006_18:00:00   2.3015e-01   5.7065e+01   5.1283e+00   0.0000e+00   3.7481e-01   2.7885e+02
20261006_21:00:00   2.1034e-01   5.2868e+01   4.7375e+00   0.0000e+00   2.5288e-01   2.7239e+02
20261007_00:00:00   1.5799e-01   4.1718e+01   3.6765e+00   0.0000e+00   1.2187e-01   2.7353e+02
20261007_03:00:00   1.4577e-01   3.9169e+01   3.4204e+00   0.0000e+00   2.0396e-02   2.7386e+02
20261007_06:00:00   1.7634e-01   4.5617e+01   3.9442e+00   0.0000e+00   1.3465e-01   2.7114e+02
20261007_09:00:00   9.6387e-02   2.8227e+01   2.0451e+00   2.0870e-06   1.0957e-06   2.7367e+02
20261007_12:00:00   8.6862e-02   2.5991e+01   1.7732e+00   0.0000e+00   3.4190e-09   2.7208e+02
20261007_15:00:00   7.7212e-02   2.3764e+01   1.6005e+00   0.0000e+00   0.0000e+00   2.6824e+02
20261007_18:00:00   9.5294e-02   2.8050e+01   2.0562e+00   0.0000e+00   0.0000e+00   2.6583e+02
20261007_21:00:00   1.0321e-01   2.9923e+01   2.2702e+00   0.0000e+00   6.8722e-06   2.6305e+02
20261008_00:00:00   1.0087e-01   2.9449e+01   2.1705e+00   0.0000e+00   7.0480e-09   2.6121e+02
20261008_03:00:00   8.1145e-02   2.4865e+01   1.7363e+00   0.0000e+00   0.0000e+00   2.6124e+02
20261008_06:00:00   4.8700e-02   1.6879e+01   1.0200e+00   0.0000e+00   0.0000e+00   2.6180e+02
20261008_09:00:00   3.7468e-02   1.3981e+01   7.4860e-01   0.0000e+00   0.0000e+00   2.6115e+02
20261008_12:00:00   3.3683e-02   1.3005e+01   6.5137e-01   0.0000e+00   0.0000e+00   2.6261e+02
20261008_15:00:00   3.7536e-02   1.4019e+01   7.5597e-01   0.0000e+00   0.0000e+00   2.6246e+02
20261008_18:00:00   5.9758e-02   1.9738e+01   1.3064e+00   0.0000e+00   0.0000e+00   2.6147e+02
20261008_21:00:00   6.7774e-02   2.1691e+01   1.5071e+00   0.0000e+00   0.0000e+00   2.6235e+02
20261009_00:00:00   6.9614e-02   2.2160e+01   1.5260e+00   0.0000e+00   0.0000e+00   2.6579e+02
20261009_03:00:00   6.1645e-02   2.0048e+01   1.3941e+00   0.0000e+00   8.1840e-04   2.6646e+02
20261009_06:00:00   7.6069e-02   2.3424e+01   1.7872e+00   0.0000e+00   1.9352e-04   2.6958e+02
20261009_09:00:00   7.2775e-02   2.2428e+01   1.7129e+00   0.0000e+00   7.7777e-03   2.7271e+02
20261009_12:00:00   1.1453e-01   3.2046e+01   2.7265e+00   0.0000e+00   2.8718e-02   2.7329e+02
