#            date       tau255        Tb[K]      pwv[mm] lwp[kg*m^-2] iwp[kg*m^-2]       o3[DU]
20260928_00:00:00   1.3277e-01   3.7319e+01   3.2128e+00   0.0000e+00   0.0000e+00   2.5725e+02
20260928_01:00:00   1.3543e-01   3.7877e+01   3.2851e+00   0.0000e+00   0.0000e+00   2.5783e+02
20260928_02:00:00   1.2080e-01   3.4460e+01   2.9436e+00   0.0000e+00   0.0000e+00   2.5760e+02
20260928_03:00:00   1.1093e-01   3.2143e+01   2.6994e+00   0.0000e+00   0.0000e+00   2.5850e+02
20260928_04:00:00   1.1208e-01   3.2356e+01   2.7389e+00   0.0000e+00   0.0000e+00   2.5881e+02
20260928_05:00:00   1.1426e-01   3.2855e+01   2.7880e+00   0.0000e+00   0.0000e+00   2.5644e+02
20260928_06:00:00   1.1620e-01   3.3313e+01   2.8231e+00   0.0000e+00   0.0000e+00   2.5404e+02
20260928_07:00:00   1.1554e-01   3.3179e+01   2.7916e+00   0.0000e+00   0.0000e+00   2.5386e+02
20260928_08:00:00   1.1689e-01   3.3511e+01   2.8106e+00   0.0000e+00   0.0000e+00   2.5414e+02
20260928_09:00:00   1.2106e-01   3.4451e+01   2.9119e+00   0.0000e+00   0.0000e+00   2.5457e+02
20260928_10:00:00   1.2058e-01   3.4341e+01   2.9063e+00   0.0000e+00   0.0000e+00   2.5459e+02
20260928_11:00:00   1.2278e-01   3.4844e+01   2.9539e+00   0.0000e+00   0.0000e+00   2.5533e+02
20260928_12:00:00   1.2501e-01   3.5342e+01   3.0100e+00   0.0000e+00   0.0000e+00   2.5555e+02
20260928_13:00:00   1.2876e-01   3.6202e+01   3.1006e+00   0.0000e+00   0.0000e+00   2.5605e+02
20260928_14:00:00   1.3198e-01   3.6944e+01   3.1693e+00   0.0000e+00   0.0000e+00   2.5585e+02
20260928_15:00:00   1.3899e-01   3.8524e+01   3.3156e+00   0.0000e+00   8.8100e-09   2.5630e+02
20260928_16:00:00   1.4149e-01   3.9099e+01   3.3679e+00   0.0000e+00   0.0000e+00   2.5590e+02
20260928_17:00:00   1.4823e-01   4.0632e+01   3.4895e+00   0.0000e+00   8.8100e-09   2.5558e+02
20260928_18:00:00   1.5706e-01   4.2594e+01   3.6756e+00   0.0000e+00   2.6440e-08   2.5740e+02
20260928_19:00:00   1.7389e-01   4.6263e+01   4.0293e+00   1.5048e-05   9.9918e-06   2.5791e+02
20260928_20:00:00   1.9441e-01   5.0596e+01   4.4791e+00   2.2095e-04   7.4725e-05   2.5789e+02
20260928_21:00:00   2.0616e-01   5.2955e+01   4.7389e+00   5.8682e-04   4.2033e-04   2.5932e+02
20260928_22:00:00   2.1374e-01   5.4397e+01   4.9072e+00   6.1422e-04   4.3029e-03   2.6343e+02
20260928_23:00:00   1.9947e-01   5.1424e+01   4.6108e+00   0.0000e+00   1.0041e-03   2.6565e+02
20260929_00:00:00   1.9867e-01   5.1260e+01   4.5875e+00   0.0000e+00   1.3643e-04   2.6575e+02
20260929_01:00:00   1.9439e-01   5.0339e+01   4.4486e+00   0.0000e+00   8.8868e-06   2.6550e+02
20260929_02:00:00   1.9075e-01   4.9531e+01   4.3699e+00   0.0000e+00   2.5196e-05   2.6515e+02
20260929_03:00:00   2.1139e-01   5.3718e+01   4.8747e+00   1.3938e-04   1.2019e-03   2.6772e+02
20260929_04:00:00   2.2520e-01   5.6613e+01   5.0926e+00   5.3817e-04   4.8646e-03   2.6942e+02
20260929_05:00:00   2.2098e-01   5.5757e+01   4.9722e+00   7.4510e-04   2.2481e-03   2.7121e+02
20260929_06:00:00   2.3442e-01   5.8362e+01   5.2300e+00   1.4190e-03   2.6969e-03   2.7167e+02
20260929_07:00:00   2.1185e-01   5.3652e+01   4.8700e+00   0.0000e+00   1.2897e-03   2.7279e+02
20260929_08:00:00   2.3723e-01   5.8522e+01   5.4005e+00   0.0000e+00   1.5249e-01   2.7392e+02
20260929_09:00:00   2.3158e-01   5.7372e+01   5.2774e+00   0.0000e+00   1.3348e-01   2.7522e+02
20260929_10:00:00   2.1008e-01   5.2957e+01   4.8945e+00   0.0000e+00   4.5109e-02   2.7520e+02
20260929_11:00:00   1.9436e-01   4.9639e+01   4.5755e+00   0.0000e+00   6.5308e-02   2.7216e+02
20260929_12:00:00   1.8311e-01   4.7240e+01   4.3513e+00   0.0000e+00   3.0623e-02   2.7257e+02
20260929_13:00:00   1.8466e-01   4.7534e+01   4.3854e+00   0.0000e+00   5.4664e-02   2.7164e+02
20260929_14:00:00   1.7861e-01   4.6295e+01   4.2671e+00   0.0000e+00   1.3912e-02   2.7163e+02
20260929_15:00:00   1.8594e-01   4.7853e+01   4.3699e+00   0.0000e+00   9.2816e-02   2.7302e+02
20260929_16:00:00   1.9255e-01   4.9319e+01   4.5163e+00   0.0000e+00   2.1978e-02   2.7413e+02
20260929_17:00:00   1.9551e-01   4.9980e+01   4.5493e+00   3.7690e-05   4.5841e-02   2.7451e+02
20260929_18:00:00   2.3657e-01   5.8401e+01   5.2138e+00   4.0141e-03   7.1640e-02   2.7403e+02
20260929_19:00:00   3.4078e-01   7.8754e+01   6.1094e+00   1.9869e-02   8.4126e-01   2.7424e+02
20260929_20:00:00   2.7421e-01   6.6051e+01   5.9197e+00   9.0010e-04   2.4521e-01   2.7365e+02
20260929_21:00:00   2.5359e-01   6.1964e+01   5.5664e+00   5.7791e-04   1.2190e-01   2.7266e+02
20260929_22:00:00   2.4877e-01   6.0846e+01   5.4592e+00   1.7742e-03   1.6076e-01   2.7157e+02
20260929_23:00:00   2.5136e-01   6.1267e+01   5.5100e+00   3.8323e-05   2.7415e-01   2.7019e+02
20260930_00:00:00   2.4393e-01   5.9751e+01   5.3527e+00   6.8724e-04   2.5043e-01   2.6902e+02
20260930_01:00:00   2.3487e-01   5.8001e+01   5.2655e+00   4.6929e-04   6.0267e-02   2.6816e+02
20260930_02:00:00   2.3684e-01   5.8205e+01   5.2502e+00   6.3183e-05   1.9406e-01   2.6802e+02
20260930_03:00:00   2.4413e-01   5.9716e+01   5.3500e+00   2.6090e-04   2.9096e-01   2.6997e+02
20260930_04:00:00   2.4040e-01   5.8906e+01   5.1826e+00   3.6353e-03   1.3272e-01   2.7085e+02
20260930_05:00:00   1.9939e-01   5.0491e+01   4.5057e+00   6.6770e-04   1.8690e-02   2.7054e+02
20260930_06:00:00   1.5604e-01   4.1128e+01   3.6245e+00   0.0000e+00   1.2464e-01   2.7184e+02
20260930_07:00:00   1.3611e-01   3.6812e+01   3.2252e+00   0.0000e+00   1.5324e-02   2.7412e+02
20260930_08:00:00   1.2915e-01   3.5266e+01   3.0584e+00   0.0000e+00   1.1907e-02   2.7487e+02
20260930_09:00:00   1.2332e-01   3.4037e+01   2.8543e+00   0.0000e+00   4.4495e-02   2.7379e+02
20260930_10:00:00   1.2204e-01   3.3788e+01   2.7958e+00   0.0000e+00   2.7347e-02   2.7474e+02
20260930_11:00:00   1.0085e-01   2.8985e+01   2.3148e+00   0.0000e+00   3.2459e-02   2.7451e+02
20260930_12:00:00   7.9104e-02   2.3938e+01   1.8266e+00   0.0000e+00   1.8866e-04   2.7451e+02
20260930_13:00:00   7.4158e-02   2.2742e+01   1.7157e+00   0.0000e+00   3.7808e-04   2.7403e+02
20260930_14:00:00   7.9285e-02   2.4008e+01   1.8187e+00   0.0000e+00   2.5205e-03   2.7512e+02
20260930_15:00:00   7.5654e-02   2.3206e+01   1.7100e+00   0.0000e+00   3.3911e-04   2.7494e+02
20260930_16:00:00   7.5889e-02   2.3373e+01   1.6715e+00   0.0000e+00   0.0000e+00   2.7554e+02
20260930_17:00:00   8.2115e-02   2.4897e+01   1.8154e+00   0.0000e+00   0.0000e+00   2.7678e+02
20260930_18:00:00   9.4062e-02   2.7749e+01   2.0808e+00   0.0000e+00   0.0000e+00   2.7518e+02
20260930_19:00:00   1.0297e-01   2.9712e+01   2.3414e+00   0.0000e+00   5.9900e-04   2.7231e+02
20260930_20:00:00   1.0902e-01   3.1120e+01   2.4772e+00   0.0000e+00   6.5680e-03   2.7329e+02
20260930_21:00:00   1.1856e-01   3.3360e+01   2.6690e+00   0.0000e+00   2.8664e-03   2.7368e+02
20260930_22:00:00   1.3328e-01   3.6682e+01   2.9771e+00   0.0000e+00   9.2653e-03   2.7612e+02
20260930_23:00:00   1.2671e-01   3.5318e+01   2.7748e+00   0.0000e+00   1.7515e-03   2.7873e+02
20261001_00:00:00   1.1739e-01   3.3256e+01   2.5384e+00   0.0000e+00   7.9076e-05   2.7936e+02
20261001_01:00:00   1.2539e-01   3.5064e+01   2.6984e+00   0.0000e+00   6.6315e-04   2.7951e+02
20261001_02:00:00   1.0428e-01   3.0272e+01   2.2459e+00   0.0000e+00   1.6675e-04   2.8005e+02
20261001_03:00:00   9.6699e-02   2.8505e+01   2.0870e+00   0.0000e+00   5.6980e-05   2.8037e+02
20261001_04:00:00   1.0212e-01   2.9755e+01   2.2073e+00   0.0000e+00   0.0000e+00   2.8036e+02
20261001_05:00:00   1.0929e-01   3.1349e+01   2.4145e+00   0.0000e+00   9.5940e-06   2.8089e+02
20261001_06:00:00   1.2036e-01   3.3789e+01   2.6869e+00   0.0000e+00   0.0000e+00   2.8175e+02
20261001_07:00:00   1.2764e-01   3.5367e+01   2.8556e+00   0.0000e+00   6.4720e-04   2.7978e+02
20261001_08:00:00   1.3686e-01   3.7443e+01   3.0338e+00   0.0000e+00   1.4161e-03   2.8127e+02
20261001_09:00:00   1.3651e-01   3.7361e+01   3.0365e+00   0.0000e+00   2.9051e-03   2.8048e+02
20261001_10:00:00   1.3263e-01   3.6487e+01   2.9701e+00   0.0000e+00   4.1199e-03   2.7994e+02
20261001_11:00:00   1.3537e-01   3.7098e+01   3.0240e+00   0.0000e+00   9.4437e-03   2.7843e+02
20261001_12:00:00   1.3270e-01   3.6566e+01   2.9554e+00   0.0000e+00   1.4641e-03   2.7692e+02
20261001_13:00:00   1.1695e-01   3.3095e+01   2.5967e+00   0.0000e+00   2.9578e-05   2.7768e+02
20261001_14:00:00   1.1429e-01   3.2576e+01   2.5171e+00   0.0000e+00   0.0000e+00   2.7676e+02
20261001_15:00:00   1.3282e-01   3.6753e+01   2.9387e+00   3.5820e-07   1.3086e-04   2.7754e+02
20261001_16:00:00   1.4245e-01   3.8864e+01   3.1453e+00   9.9018e-04   1.9968e-02   2.7859e+02
20261001_17:00:00   1.4910e-01   4.0409e+01   3.3573e+00   0.0000e+00   2.3440e-02   2.7856e+02
20261001_18:00:00   1.6135e-01   4.3158e+01   3.6310e+00   0.0000e+00   1.9771e-02   2.7473e+02
20261001_19:00:00   1.7542e-01   4.6238e+01   3.9491e+00   0.0000e+00   3.1020e-03   2.7178e+02
20261001_20:00:00   1.8266e-01   4.7821e+01   4.1080e+00   0.0000e+00   7.0139e-04   2.7050e+02
20261001_21:00:00   1.8701e-01   4.8774e+01   4.1858e+00   0.0000e+00   2.1029e-05   2.6951e+02
20261001_22:00:00   1.7375e-01   4.5933e+01   3.9106e+00   0.0000e+00   9.2100e-05   2.6853e+02
20261001_23:00:00   1.6757e-01   4.4514e+01   3.7939e+00   0.0000e+00   1.0533e-03   2.6723e+02
20261002_00:00:00   1.5617e-01   4.2103e+01   3.5075e+00   0.0000e+00   2.6800e-04   2.6505e+02
20261002_01:00:00   1.4467e-01   3.9668e+01   3.1976e+00   0.0000e+00   0.0000e+00   2.6429e+02
20261002_02:00:00   1.3686e-01   3.7912e+01   3.0629e+00   0.0000e+00   0.0000e+00   2.6483e+02
20261002_03:00:00   1.3055e-01   3.6501e+01   2.9161e+00   0.0000e+00   0.0000e+00   2.6443e+02
20261002_04:00:00   1.2615e-01   3.5496e+01   2.8128e+00   0.0000e+00   0.0000e+00   2.6442e+02
20261002_05:00:00   1.2217e-01   3.4578e+01   2.7305e+00   0.0000e+00   0.0000e+00   2.6549e+02
20261002_06:00:00   1.2500e-01   3.5183e+01   2.8214e+00   0.0000e+00   0.0000e+00   2.6506e+02
20261002_07:00:00   1.2649e-01   3.5486e+01   2.8628e+00   0.0000e+00   0.0000e+00   2.6435e+02
20261002_08:00:00   1.2288e-01   3.4661e+01   2.7643e+00   0.0000e+00   0.0000e+00   2.6448e+02
20261002_09:00:00   1.2025e-01   3.4048e+01   2.6969e+00   0.0000e+00   0.0000e+00   2.6494e+02
20261002_10:00:00   1.1618e-01   3.3110e+01   2.5958e+00   0.0000e+00   0.0000e+00   2.6441e+02
20261002_11:00:00   1.0516e-01   3.0555e+01   2.3588e+00   0.0000e+00   0.0000e+00   2.6359e+02
20261002_12:00:00   1.0312e-01   3.0074e+01   2.3170e+00   0.0000e+00   0.0000e+00   2.6547e+02
20261002_13:00:00   9.6920e-02   2.8620e+01   2.1887e+00   0.0000e+00   0.0000e+00   2.6644e+02
20261002_14:00:00   8.8398e-02   2.6557e+01   2.0152e+00   0.0000e+00   0.0000e+00   2.6589e+02
20261002_15:00:00   9.0832e-02   2.7091e+01   2.0927e+00   0.0000e+00   3.7820e-05   2.6453e+02
20261002_16:00:00   9.3856e-02   2.7768e+01   2.1774e+00   0.0000e+00   1.8064e-03   2.6344e+02
20261002_17:00:00   9.6882e-02   2.8452e+01   2.2560e+00   0.0000e+00   2.2460e-03   2.6391e+02
20261002_18:00:00   1.1139e-01   3.1836e+01   2.5835e+00   0.0000e+00   5.3476e-03   2.6415e+02
20261002_19:00:00   1.4408e-01   3.9203e+01   3.3203e+00   0.0000e+00   4.0530e-03   2.6580e+02
20261002_20:00:00   1.6880e-01   4.4553e+01   3.8017e+00   1.2124e-03   3.4939e-03   2.6659e+02
20261002_21:00:00   2.0647e-01   5.2393e+01   4.1099e+00   1.1973e-02   2.0865e-02   2.6646e+02
20261002_22:00:00   1.6172e-01   4.2827e+01   3.6671e+00   4.4550e-05   4.9118e-02   2.6731e+02
20261002_23:00:00   1.4695e-01   3.9491e+01   3.3260e+00   2.2840e-04   4.3282e-02   2.6788e+02
20261003_00:00:00   1.6028e-01   4.2364e+01   3.5630e+00   1.4107e-04   7.3477e-02   2.6946e+02
20261003_03:00:00   1.2855e-01   3.5183e+01   2.9503e+00   1.1982e-04   5.0985e-02   2.6960e+02
20261003_06:00:00   1.3322e-01   3.6095e+01   3.0373e+00   0.0000e+00   8.7065e-02   2.7418e+02
20261003_09:00:00   1.2008e-01   3.3120e+01   2.7706e+00   0.0000e+00   5.7082e-03   2.7664e+02
20261003_12:00:00   1.2574e-01   3.4407e+01   2.8064e+00   0.0000e+00   9.6887e-04   2.8290e+02
20261003_15:00:00   1.3510e-01   3.6383e+01   3.0299e+00   2.9620e-04   8.8405e-03   2.8589e+02
20261003_18:00:00   1.3535e-01   3.6438e+01   2.7702e+00   7.4470e-03   1.8628e-02   2.8495e+02
20261003_21:00:00   1.8622e-01   4.6822e+01   2.9293e+00   3.2722e-02   1.0103e-01   2.9023e+02
20261004_00:00:00   1.7169e-01   4.3757e+01   2.9800e+00   2.3339e-02   1.2736e-01   2.9303e+02
20261004_03:00:00   1.1236e-01   3.1421e+01   2.5710e+00   0.0000e+00   1.1413e-02   2.9607e+02
20261004_06:00:00   1.3178e-01   3.5610e+01   2.9749e+00   0.0000e+00   1.3519e-01   2.9339e+02
20261004_09:00:00   1.4297e-01   3.8062e+01   3.1672e+00   0.0000e+00   2.1559e-01   2.9118e+02
20261004_12:00:00   1.7863e-01   4.5803e+01   3.8067e+00   0.0000e+00   3.6384e-01   2.8894e+02
20261004_15:00:00   1.4421e-01   3.8439e+01   3.2444e+00   0.0000e+00   1.5412e-01   2.8569e+02
20261004_18:00:00   1.5016e-01   3.9633e+01   3.3001e+00   3.0904e-04   2.9055e-01   2.8489e+02
20261004_21:00:00   1.7337e-01   4.4148e+01   2.9549e+00   2.4482e-02   2.4141e-01   2.9237e+02
20261005_00:00:00   1.2816e-01   3.4742e+01   2.6843e+00   5.0860e-03   1.2803e-01   2.9327e+02
20261005_03:00:00   1.2474e-01   3.3992e+01   2.5880e+00   4.7200e-03   1.1711e-01   2.9429e+02
20261005_06:00:00   2.3616e-01   5.6770e+01   2.6092e+00   6.7200e-02   1.1858e-01   2.9548e+02
20261005_09:00:00   1.8890e-01   4.7688e+01   2.7674e+00   3.4701e-02   5.4361e-02   2.9293e+02
20261005_12:00:00   2.4054e-01   5.8232e+01   2.9500e+00   5.6897e-02   2.6727e-02   2.9243e+02
20261005_15:00:00   1.4853e-01   3.9498e+01   3.2799e+00   1.2280e-03   4.3345e-03   2.8803e+02
20261005_18:00:00   1.7567e-01   4.5261e+01   3.8676e+00   1.8200e-04   2.2604e-01   2.8725e+02
20261005_21:00:00   1.8360e-01   4.6922e+01   4.0273e+00   7.6493e-05   2.9505e-01   2.8677e+02
20261006_00:00:00   1.9470e-01   4.9297e+01   4.2561e+00   2.4701e-04   2.6490e-01   2.8250e+02
20261006_03:00:00   1.8667e-01   4.7876e+01   4.0256e+00   1.9572e-03   1.3322e-01   2.7860e+02
20261006_06:00:00   1.4966e-01   4.0217e+01   3.2963e+00   3.0900e-05   5.7742e-03   2.7890e+02
20261006_09:00:00   1.0875e-01   3.1179e+01   2.3856e+00   0.0000e+00   5.9101e-04   2.7922e+02
20261006_12:00:00   9.2244e-02   2.7402e+01   2.0385e+00   0.0000e+00   1.2096e-04   2.7928e+02
20261006_15:00:00   9.1326e-02   2.7201e+01   2.0484e+00   0.0000e+00   1.5678e-05   2.7574e+02
20261006_18:00:00   8.6490e-02   2.6048e+01   1.9426e+00   0.0000e+00   5.7400e-05   2.7434e+02
20261006_21:00:00   7.0994e-02   2.2249e+01   1.5836e+00   0.0000e+00   1.8568e-03   2.7609e+02
20261007_00:00:00   5.4492e-02   1.8142e+01   1.1819e+00   0.0000e+00   6.0719e-04   2.7497e+02
20261007_03:00:00   4.4880e-02   1.5703e+01   9.6308e-01   0.0000e+00   3.4760e-05   2.7372e+02
20261007_06:00:00   4.4740e-02   1.5680e+01   9.6551e-01   0.0000e+00   0.0000e+00   2.7268e+02
20261007_09:00:00   4.3144e-02   1.5287e+01   9.1759e-01   0.0000e+00   0.0000e+00   2.7369e+02
20261007_12:00:00   3.8936e-02   1.4266e+01   7.9852e-01   0.0000e+00   0.0000e+00   2.7095e+02
20261007_15:00:00   4.1905e-02   1.5085e+01   8.6559e-01   0.0000e+00   0.0000e+00   2.6894e+02
20261007_18:00:00   5.2423e-02   1.7803e+01   1.1186e+00   0.0000e+00   0.0000e+00   2.6603e+02
20261007_21:00:00   5.8166e-02   1.9253e+01   1.2444e+00   0.0000e+00   0.0000e+00   2.6545e+02
20261008_00:00:00   4.5118e-02   1.6002e+01   9.0203e-01   0.0000e+00   0.0000e+00   2.6638e+02
20261008_03:00:00   3.9259e-02   1.4476e+01   7.7626e-01   0.0000e+00   0.0000e+00   2.6513e+02
20261008_06:00:00   6.5462e-02   2.0754e+01   1.5262e+00   0.0000e+00   1.4770e-04   2.6361e+02
20261008_09:00:00   9.5771e-02   2.7778e+01   2.2886e+00   0.0000e+00   8.6537e-03   2.6291e+02
20261008_12:00:00   1.2233e-01   3.3894e+01   2.9348e+00   0.0000e+00   1.9542e-02   2.6181e+02
20261008_15:00:00   1.6094e-01   4.2370e+01   3.8797e+00   0.0000e+00   9.8513e-02   2.5784e+02
20261008_18:00:00   1.7888e-01   4.6349e+01   4.3183e+00   0.0000e+00   2.1239e-02   2.5702e+02
20261008_21:00:00   2.1676e-01   5.4295e+01   5.0016e+00   0.0000e+00   1.4604e-01   2.5802e+02
20261009_00:00:00   2.3758e-01   5.8716e+01   5.2736e+00   0.0000e+00   2.3988e-01   2.5701e+02
20261009_03:00:00   2.4555e-01   6.0508e+01   5.4483e+00   0.0000e+00   1.1949e-01   2.5831e+02
20261009_06:00:00   2.5340e-01   6.1954e+01   5.5755e+00   0.0000e+00   1.5277e-01   2.5893e+02
20261009_09:00:00   2.6622e-01   6.4359e+01   5.7767e+00   3.7170e-05   3.0101e-01   2.5917e+02
20261009_12:00:00   2.7338e-01   6.5887e+01   5.9217e+00   0.0000e+00   2.7706e-01   2.6033e+02
20261009_15:00:00   2.6042e-01   6.3444e+01   5.5674e+00   1.0486e-03   1.9619e-01   2.6345e+02
20261009_18:00:00   2.9371e-01   6.9859e+01   5.9469e+00   8.5085e-03   3.1647e-01   2.6294e+02
20261009_21:00:00   2.4006e-01   5.9227e+01   5.2317e+00   3.7401e-04   1.5514e-01   2.6587e+02
20261010_00:00:00   2.1100e-01   5.3212e+01   4.7414e+00   0.0000e+00   5.5409e-02   2.6737e+02
20261010_03:00:00   1.0513e-01   3.0208e+01   2.4340e+00   0.0000e+00   9.7958e-03   2.6709e+02
20261010_06:00:00   7.6573e-02   2.3555e+01   1.7321e+00   0.0000e+00   2.8660e-07   2.6626e+02
20261010_09:00:00   4.7482e-02   1.6568e+01   9.6544e-01   0.0000e+00   0.0000e+00   2.6935e+02
20261010_12:00:00   3.7292e-02   1.3968e+01   7.0432e-01   0.0000e+00   0.0000e+00   2.6840e+02
20261010_15:00:00   5.9669e-02   1.9634e+01   1.2391e+00   0.0000e+00   0.0000e+00   2.6502e+02
20261010_18:00:00   1.8650e-01   4.8134e+01   3.5474e+00   1.3176e-02   1.5689e-02   2.6402e+02
20261010_21:00:00   1.5895e-01   4.2588e+01   3.4002e+00   4.4330e-05   1.4179e-03   2.6493e+02
20261011_00:00:00   1.4350e-01   3.9130e+01   2.6404e+00   8.3660e-03   2.0771e-03   2.6373e+02
20261011_03:00:00   1.1959e-01   3.3776e+01   2.0799e+00   1.0740e-02   9.2430e-04   2.6479e+02
20261011_06:00:00   8.3706e-02   2.5295e+01   1.8405e+00   4.6260e-05   1.6630e-05   2.6252e+02
20261011_09:00:00   8.2104e-02   2.4888e+01   1.8130e+00   0.0000e+00   7.4060e-06   2.6126e+02
20261011_12:00:00   8.5272e-02   2.5604e+01   1.9184e+00   0.0000e+00   0.0000e+00   2.6324e+02
20261011_15:00:00   1.0603e-01   3.0564e+01   2.3429e+00   0.0000e+00   0.0000e+00   2.6183e+02
20261011_18:00:00   1.3482e-01   3.7213e+01   2.9860e+00   0.0000e+00   7.6760e-05   2.6239e+02
20261011_21:00:00   1.9036e-01   4.9048e+01   3.5467e+00   1.4206e-02   4.5696e-03   2.6384e+02
20261012_00:00:00   1.2056e-01   3.3872e+01   2.6867e+00   0.0000e+00   1.6837e-05   2.6458e+02
20261012_03:00:00   1.1091e-01   3.1722e+01   2.4760e+00   0.0000e+00   1.8326e-07   2.6241e+02
20261012_06:00:00   1.1108e-01   3.1759e+01   2.4641e+00   0.0000e+00   1.2686e-07   2.6301e+02
20261012_09:00:00   1.1185e-01   3.1905e+01   2.4814e+00   0.0000e+00   0.0000e+00   2.6345e+02
20261012_12:00:00   1.0415e-01   3.0237e+01   2.3054e+00   0.0000e+00   0.0000e+00   2.6544e+02
20261012_15:00:00   1.1206e-01   3.2145e+01   2.4942e+00   0.0000e+00   0.0000e+00   2.6351e+02
20261012_18:00:00   1.3716e-01   3.7797e+01   3.0927e+00   0.0000e+00   7.3710e-06   2.6339e+02
20261012_21:00:00   2.0128e-01   5.1355e+01   4.0160e+00   1.0682e-02   2.6493e-03   2.6263e+02
20261013_00:00:00   1.4889e-01   4.0204e+01   3.3086e+00   0.0000e+00   2.2702e-05   2.6134e+02
20261013_03:00:00   1.1330e-01   3.2268e+01   2.5540e+00   0.0000e+00   0.0000e+00   2.6099e+02
20261013_06:00:00   1.0704e-01   3.0842e+01   2.3986e+00   0.0000e+00   0.0000e+00   2.6288e+02
20261013_09:00:00   1.0626e-01   3.0611e+01   2.3999e+00   0.0000e+00   0.0000e+00   2.6735e+02
20261013_12:00:00   8.3521e-02   2.5426e+01   1.8115e+00   0.0000e+00   0.0000e+00   2.6987e+02
20261013_15:00:00   8.7269e-02   2.6292e+01   1.9301e+00   0.0000e+00   0.0000e+00   2.7318e+02
20261013_18:00:00   9.1927e-02   2.7451e+01   2.0426e+00   0.0000e+00   0.0000e+00   2.7539e+02
20261013_21:00:00   1.0845e-01   3.1201e+01   2.4275e+00   0.0000e+00   0.0000e+00   2.7562e+02
20261014_00:00:00   1.0460e-01   3.0239e+01   2.3268e+00   0.0000e+00   1.2122e-05   2.7745e+02
