#            date       tau255        Tb[K]      pwv[mm] lwp[kg*m^-2] iwp[kg*m^-2]       o3[DU]
20260906_18:00:00   1.2623e-01   3.5269e+01   2.7826e+00   0.0000e+00   6.2240e-04   2.6626e+02
20260906_19:00:00   1.3032e-01   3.6132e+01   2.9169e+00   0.0000e+00   8.9240e-04   2.6706e+02
20260906_20:00:00   1.1752e-01   3.3314e+01   2.6051e+00   0.0000e+00   4.1662e-05   2.6863e+02
20260906_21:00:00   1.0922e-01   3.1431e+01   2.4018e+00   0.0000e+00   8.1160e-06   2.7017e+02
20260906_22:00:00   9.5837e-02   2.8376e+01   2.0753e+00   0.0000e+00   0.0000e+00   2.6841e+02
20260906_23:00:00   9.2093e-02   2.7496e+01   1.9821e+00   0.0000e+00   0.0000e+00   2.6618e+02
20260907_00:00:00   9.5637e-02   2.8316e+01   2.0507e+00   0.0000e+00   0.0000e+00   2.6516e+02
20260907_01:00:00   9.4946e-02   2.8136e+01   2.0330e+00   0.0000e+00   0.0000e+00   2.6414e+02
20260907_02:00:00   8.9901e-02   2.6945e+01   1.9222e+00   0.0000e+00   0.0000e+00   2.6352e+02
20260907_03:00:00   7.8923e-02   2.4334e+01   1.6831e+00   0.0000e+00   0.0000e+00   2.6359e+02
20260907_04:00:00   8.5269e-02   2.5800e+01   1.8283e+00   0.0000e+00   0.0000e+00   2.6375e+02
20260907_05:00:00   9.0055e-02   2.6903e+01   1.9260e+00   0.0000e+00   0.0000e+00   2.6395e+02
20260907_06:00:00   8.9463e-02   2.6739e+01   1.9185e+00   0.0000e+00   0.0000e+00   2.6349e+02
20260907_07:00:00   8.7652e-02   2.6295e+01   1.8831e+00   0.0000e+00   0.0000e+00   2.6263e+02
20260907_08:00:00   8.4924e-02   2.5653e+01   1.8190e+00   0.0000e+00   0.0000e+00   2.6177e+02
20260907_09:00:00   8.2969e-02   2.5201e+01   1.7716e+00   0.0000e+00   0.0000e+00   2.5941e+02
20260907_10:00:00   8.0605e-02   2.4641e+01   1.7159e+00   0.0000e+00   0.0000e+00   2.5929e+02
20260907_11:00:00   8.3066e-02   2.5221e+01   1.7639e+00   0.0000e+00   0.0000e+00   2.5839e+02
20260907_12:00:00   8.1348e-02   2.4812e+01   1.7264e+00   0.0000e+00   0.0000e+00   2.5724e+02
20260907_13:00:00   8.2177e-02   2.5014e+01   1.7481e+00   0.0000e+00   0.0000e+00   2.5637e+02
20260907_14:00:00   8.6152e-02   2.5952e+01   1.8456e+00   0.0000e+00   0.0000e+00   2.5578e+02
20260907_15:00:00   9.8003e-02   2.8712e+01   2.1177e+00   0.0000e+00   0.0000e+00   2.5643e+02
20260907_16:00:00   1.1187e-01   3.1872e+01   2.4360e+00   0.0000e+00   0.0000e+00   2.5604e+02
20260907_17:00:00   1.1862e-01   3.3392e+01   2.6134e+00   0.0000e+00   4.7535e-04   2.5588e+02
20260907_18:00:00   1.2601e-01   3.5039e+01   2.7945e+00   0.0000e+00   7.8251e-04   2.5758e+02
20260907_19:00:00   1.4107e-01   3.8370e+01   3.1253e+00   5.0720e-05   2.2649e-03   2.5788e+02
20260907_20:00:00   1.4913e-01   4.0139e+01   3.2764e+00   2.4273e-04   5.5430e-03   2.5727e+02
20260907_21:00:00   1.4596e-01   3.9515e+01   3.1861e+00   1.6012e-04   5.7955e-03   2.5937e+02
20260907_22:00:00   1.5336e-01   4.1098e+01   3.3317e+00   2.7760e-04   3.8722e-03   2.6098e+02
20260907_23:00:00   1.5465e-01   4.1354e+01   3.3401e+00   4.6378e-04   4.8254e-03   2.6180e+02
20260908_00:00:00   1.8097e-01   4.6956e+01   3.3483e+00   1.3477e-02   7.5853e-03   2.6098e+02
20260908_01:00:00   2.2948e-01   5.6914e+01   3.4021e+00   3.6304e-02   1.7287e-02   2.6037e+02
20260908_02:00:00   2.1111e-01   5.3301e+01   3.4171e+00   2.5524e-02   4.7253e-02   2.6111e+02
20260908_03:00:00   1.7091e-01   4.4971e+01   3.4166e+00   4.7550e-03   4.1579e-02   2.6056e+02
20260908_04:00:00   1.6122e-01   4.2930e+01   3.3518e+00   1.2368e-03   2.5249e-02   2.6068e+02
20260908_05:00:00   1.6240e-01   4.3221e+01   3.2878e+00   2.6890e-03   3.0717e-02   2.5884e+02
20260908_06:00:00   1.6287e-01   4.3311e+01   3.3199e+00   2.0255e-03   4.4919e-02   2.5855e+02
20260908_07:00:00   1.6273e-01   4.3256e+01   3.3372e+00   1.7413e-03   3.9614e-02   2.5787e+02
20260908_08:00:00   1.5409e-01   4.1366e+01   3.2034e+00   1.1783e-03   1.6106e-02   2.5696e+02
20260908_09:00:00   1.5276e-01   4.1058e+01   3.2136e+00   5.1100e-04   1.6341e-02   2.5581e+02
20260908_10:00:00   1.5219e-01   4.0941e+01   3.1998e+00   3.9190e-04   1.7154e-02   2.5426e+02
20260908_11:00:00   1.5230e-01   4.0984e+01   3.1648e+00   1.2109e-03   1.3757e-02   2.5294e+02
20260908_12:00:00   1.4661e-01   3.9746e+01   3.1095e+00   9.5320e-05   3.8270e-03   2.5266e+02
20260908_13:00:00   1.4462e-01   3.9353e+01   3.0834e+00   1.7251e-04   1.6687e-03   2.5319e+02
20260908_14:00:00   1.3790e-01   3.7906e+01   2.9481e+00   0.0000e+00   8.5960e-04   2.5560e+02
20260908_15:00:00   1.3586e-01   3.7472e+01   2.9151e+00   1.4354e-06   5.4016e-04   2.5652e+02
20260908_16:00:00   1.4809e-01   4.0151e+01   3.1846e+00   1.0826e-04   1.2577e-03   2.5643e+02
20260908_17:00:00   1.5825e-01   4.2360e+01   3.3930e+00   6.2507e-04   2.9803e-03   2.5666e+02
20260908_18:00:00   1.5711e-01   4.2105e+01   3.4234e+00   2.0978e-05   4.6275e-03   2.5598e+02
20260908_19:00:00   1.5315e-01   4.1236e+01   3.3493e+00   2.2295e-06   1.7985e-03   2.5573e+02
20260908_20:00:00   1.5245e-01   4.1081e+01   3.3154e+00   2.1240e-05   1.3930e-03   2.5522e+02
20260908_21:00:00   1.4790e-01   4.0068e+01   3.2011e+00   8.5880e-05   7.6390e-04   2.5427e+02
20260908_22:00:00   1.4366e-01   3.9142e+01   3.0776e+00   8.3740e-05   6.2862e-04   2.5561e+02
20260908_23:00:00   1.3768e-01   3.7801e+01   2.9376e+00   0.0000e+00   1.9162e-05   2.5563e+02
20260909_00:00:00   1.3629e-01   3.7472e+01   2.8974e+00   4.9606e-05   6.4000e-05   2.5427e+02
20260909_01:00:00   1.4491e-01   3.9339e+01   3.0714e+00   3.9044e-05   1.1461e-03   2.5351e+02
20260909_02:00:00   1.4463e-01   3.9279e+01   3.0613e+00   5.1824e-06   1.1141e-03   2.5262e+02
20260909_03:00:00   1.4270e-01   3.8854e+01   3.0132e+00   1.4533e-05   1.3903e-03   2.5193e+02
20260909_04:00:00   1.3434e-01   3.7020e+01   2.8367e+00   1.1383e-06   3.6900e-04   2.5170e+02
20260909_05:00:00   1.2778e-01   3.5536e+01   2.7120e+00   0.0000e+00   2.9415e-05   2.5066e+02
20260909_06:00:00   1.2286e-01   3.4406e+01   2.6131e+00   0.0000e+00   2.5901e-05   2.5069e+02
20260909_07:00:00   1.1735e-01   3.3145e+01   2.5023e+00   0.0000e+00   4.2059e-07   2.5168e+02
20260909_08:00:00   1.1495e-01   3.2594e+01   2.4470e+00   0.0000e+00   2.0425e-06   2.5161e+02
20260909_09:00:00   1.0861e-01   3.1150e+01   2.3148e+00   0.0000e+00   7.2492e-07   2.5195e+02
20260909_10:00:00   1.0411e-01   3.0121e+01   2.2272e+00   0.0000e+00   3.8680e-06   2.5244e+02
20260909_11:00:00   1.0128e-01   2.9466e+01   2.1624e+00   0.0000e+00   0.0000e+00   2.5160e+02
20260909_12:00:00   9.9027e-02   2.8943e+01   2.1135e+00   0.0000e+00   4.2050e-06   2.5225e+02
20260909_13:00:00   9.7697e-02   2.8646e+01   2.0921e+00   0.0000e+00   0.0000e+00   2.5089e+02
20260909_14:00:00   9.7451e-02   2.8608e+01   2.0929e+00   0.0000e+00   0.0000e+00   2.5094e+02
20260909_15:00:00   1.0300e-01   2.9919e+01   2.2164e+00   0.0000e+00   0.0000e+00   2.5083e+02
20260909_16:00:00   1.1798e-01   3.3332e+01   2.5481e+00   0.0000e+00   0.0000e+00   2.5117e+02
20260909_17:00:00   1.3411e-01   3.6895e+01   2.9275e+00   0.0000e+00   1.5282e-04   2.5111e+02
20260909_18:00:00   1.3491e-01   3.7056e+01   2.9808e+00   0.0000e+00   2.3126e-05   2.5134e+02
20260909_19:00:00   1.3113e-01   3.6193e+01   2.9171e+00   0.0000e+00   1.9488e-05   2.5316e+02
20260909_20:00:00   1.3014e-01   3.5942e+01   2.9002e+00   0.0000e+00   7.5930e-06   2.5436e+02
20260909_21:00:00   1.2443e-01   3.4657e+01   2.7725e+00   0.0000e+00   5.4870e-06   2.5532e+02
20260909_22:00:00   1.2120e-01   3.3943e+01   2.6656e+00   0.0000e+00   1.1311e-05   2.5573e+02
20260909_23:00:00   1.2099e-01   3.3876e+01   2.6384e+00   0.0000e+00   1.6622e-06   2.5494e+02
20260910_00:00:00   1.1102e-01   3.1560e+01   2.4449e+00   0.0000e+00   2.7480e-06   2.5415e+02
20260910_01:00:00   1.1075e-01   3.1471e+01   2.4377e+00   0.0000e+00   6.1114e-06   2.5321e+02
20260910_02:00:00   1.0348e-01   2.9771e+01   2.2914e+00   0.0000e+00   0.0000e+00   2.5303e+02
20260910_03:00:00   9.6210e-02   2.8074e+01   2.1380e+00   0.0000e+00   0.0000e+00   2.5429e+02
20260910_04:00:00   9.4030e-02   2.7551e+01   2.0956e+00   0.0000e+00   0.0000e+00   2.5579e+02
20260910_05:00:00   8.9659e-02   2.6524e+01   1.9958e+00   0.0000e+00   0.0000e+00   2.5691e+02
20260910_06:00:00   9.0193e-02   2.6657e+01   1.9907e+00   0.0000e+00   0.0000e+00   2.6017e+02
20260910_07:00:00   8.9015e-02   2.6386e+01   1.9523e+00   0.0000e+00   0.0000e+00   2.6051e+02
20260910_08:00:00   8.9242e-02   2.6453e+01   1.9333e+00   0.0000e+00   0.0000e+00   2.6304e+02
20260910_09:00:00   8.8364e-02   2.6256e+01   1.8923e+00   0.0000e+00   0.0000e+00   2.6754e+02
20260910_10:00:00   8.7050e-02   2.5955e+01   1.8534e+00   0.0000e+00   0.0000e+00   2.6999e+02
20260910_11:00:00   8.0321e-02   2.4371e+01   1.7055e+00   0.0000e+00   0.0000e+00   2.7044e+02
20260910_12:00:00   7.5554e-02   2.3270e+01   1.5872e+00   0.0000e+00   0.0000e+00   2.7032e+02
20260910_13:00:00   7.9596e-02   2.4261e+01   1.6645e+00   0.0000e+00   0.0000e+00   2.7074e+02
20260910_14:00:00   8.7274e-02   2.6062e+01   1.8377e+00   0.0000e+00   0.0000e+00   2.7146e+02
20260910_15:00:00   1.0344e-01   2.9794e+01   2.1987e+00   0.0000e+00   3.7683e-04   2.7100e+02
20260910_16:00:00   1.0919e-01   3.1154e+01   2.3169e+00   4.0959e-04   8.7132e-04   2.7217e+02
20260910_17:00:00   9.7239e-02   2.8481e+01   2.0714e+00   1.0570e-04   4.9320e-05   2.7431e+02
20260910_18:00:00   9.8847e-02   2.8864e+01   2.1070e+00   1.3730e-04   5.8761e-05   2.7549e+02
20260910_19:00:00   1.0674e-01   3.0675e+01   2.2627e+00   3.6560e-04   4.0086e-04   2.7720e+02
20260910_20:00:00   1.1522e-01   3.2562e+01   2.4121e+00   7.4355e-04   9.6803e-04   2.7675e+02
20260910_21:00:00   1.2443e-01   3.4601e+01   2.4905e+00   2.6219e-03   1.8388e-03   2.7666e+02
20260910_22:00:00   1.2617e-01   3.5013e+01   2.4204e+00   3.8165e-03   7.7777e-03   2.7754e+02
20260910_23:00:00   2.0291e-01   5.1561e+01   2.3518e+00   4.1790e-02   1.3278e-02   2.7870e+02
20260911_00:00:00   2.3359e-01   5.7805e+01   2.1685e+00   6.0700e-02   1.5474e-02   2.7854e+02
20260911_01:00:00   1.7494e-01   4.5636e+01   1.9993e+00   3.6170e-02   5.6105e-03   2.7722e+02
20260911_02:00:00   7.4067e-02   2.2963e+01   1.3982e+00   1.0732e-03   6.1897e-04   2.7617e+02
20260911_03:00:00   6.8928e-02   2.1723e+01   1.3130e+00   3.3070e-04   3.1825e-04   2.7623e+02
20260911_04:00:00   6.3072e-02   2.0288e+01   1.2004e+00   3.0320e-04   8.7640e-05   2.7593e+02
20260911_05:00:00   5.6760e-02   1.8739e+01   1.0738e+00   2.5080e-04   2.1020e-05   2.7538e+02
20260911_06:00:00   5.3291e-02   1.7860e+01   1.0112e+00   2.4570e-04   1.8660e-05   2.7521e+02
20260911_07:00:00   5.1935e-02   1.7518e+01   9.8941e-01   2.5280e-04   2.2650e-05   2.7745e+02
20260911_08:00:00   4.5930e-02   1.6042e+01   8.6236e-01   1.8790e-04   1.0830e-05   2.7709e+02
20260911_09:00:00   4.5001e-02   1.5758e+01   8.6433e-01   1.3430e-04   9.5610e-06   2.7617e+02
20260911_10:00:00   4.1405e-02   1.4839e+01   7.8865e-01   0.0000e+00   7.7090e-06   2.7575e+02
20260911_11:00:00   4.3039e-02   1.5257e+01   8.2143e-01   0.0000e+00   3.1760e-06   2.7668e+02
20260911_12:00:00   4.4052e-02   1.5492e+01   8.5509e-01   0.0000e+00   0.0000e+00   2.7634e+02
20260911_13:00:00   4.1495e-02   1.4839e+01   8.0146e-01   0.0000e+00   0.0000e+00   2.7827e+02
20260911_14:00:00   5.2952e-02   1.7688e+01   1.0858e+00   0.0000e+00   0.0000e+00   2.7715e+02
20260911_15:00:00   6.2180e-02   1.9967e+01   1.2985e+00   0.0000e+00   0.0000e+00   2.7694e+02
20260911_16:00:00   7.4477e-02   2.2939e+01   1.5788e+00   0.0000e+00   0.0000e+00   2.7713e+02
20260911_17:00:00   7.8152e-02   2.3784e+01   1.6852e+00   0.0000e+00   0.0000e+00   2.7868e+02
20260911_18:00:00   7.8124e-02   2.3809e+01   1.6897e+00   0.0000e+00   0.0000e+00   2.7753e+02
20260911_21:00:00   8.1361e-02   2.4565e+01   1.7714e+00   0.0000e+00   1.1884e-06   2.7639e+02
20260912_00:00:00   6.6813e-02   2.1058e+01   1.4443e+00   0.0000e+00   0.0000e+00   2.7745e+02
20260912_03:00:00   6.0944e-02   1.9660e+01   1.3217e+00   0.0000e+00   0.0000e+00   2.7595e+02
20260912_06:00:00   5.3081e-02   1.7703e+01   1.1361e+00   0.0000e+00   0.0000e+00   2.7473e+02
20260912_09:00:00   4.1060e-02   1.4746e+01   8.2408e-01   0.0000e+00   0.0000e+00   2.7587e+02
20260912_12:00:00   3.4669e-02   1.3125e+01   6.5537e-01   0.0000e+00   0.0000e+00   2.7650e+02
20260912_15:00:00   3.6427e-02   1.3640e+01   6.9160e-01   0.0000e+00   0.0000e+00   2.7897e+02
20260912_18:00:00   5.3101e-02   1.7884e+01   1.1055e+00   0.0000e+00   0.0000e+00   2.7871e+02
20260912_21:00:00   6.3935e-02   2.0519e+01   1.3813e+00   0.0000e+00   0.0000e+00   2.8052e+02
20260913_00:00:00   7.0236e-02   2.1894e+01   1.5633e+00   0.0000e+00   1.2508e-04   2.7631e+02
20260913_03:00:00   6.1826e-02   1.9931e+01   1.3311e+00   0.0000e+00   0.0000e+00   2.7695e+02
20260913_06:00:00   6.6478e-02   2.1103e+01   1.4014e+00   0.0000e+00   0.0000e+00   2.7938e+02
20260913_09:00:00   6.9978e-02   2.1899e+01   1.4685e+00   0.0000e+00   0.0000e+00   2.7805e+02
20260913_12:00:00   9.4702e-02   2.7635e+01   2.0297e+00   0.0000e+00   6.6602e-04   2.8257e+02
20260913_15:00:00   1.3228e-01   3.6110e+01   2.8564e+00   2.2495e-04   2.5344e-03   2.8496e+02
20260913_18:00:00   1.4571e-01   3.8690e+01   2.6418e+00   1.3780e-02   1.4416e-01   2.8028e+02
20260913_21:00:00   1.1789e-01   3.2710e+01   2.5337e+00   7.6640e-04   5.8423e-02   2.8056e+02
20260914_00:00:00   1.0615e-01   3.0069e+01   2.2774e+00   1.1871e-04   3.7454e-02   2.8046e+02
20260914_03:00:00   9.5329e-02   2.7685e+01   2.0436e+00   0.0000e+00   1.1606e-03   2.7950e+02
20260914_06:00:00   8.6547e-02   2.5630e+01   1.8467e+00   0.0000e+00   1.5665e-05   2.8236e+02
20260914_09:00:00   8.0822e-02   2.4311e+01   1.6965e+00   0.0000e+00   2.6420e-06   2.8189e+02
20260914_12:00:00   7.7284e-02   2.3511e+01   1.6020e+00   0.0000e+00   8.8700e-06   2.8321e+02
20260914_15:00:00   9.4207e-02   2.7533e+01   1.9702e+00   0.0000e+00   0.0000e+00   2.8320e+02
20260914_18:00:00   1.1356e-01   3.1975e+01   2.4262e+00   5.7560e-05   1.8694e-03   2.8193e+02
20260914_21:00:00   1.0374e-01   2.9652e+01   2.2140e+00   1.6894e-04   4.3549e-02   2.8355e+02
20260915_00:00:00   8.3169e-02   2.5011e+01   1.7118e+00   0.0000e+00   7.0337e-05   2.8304e+02
20260915_03:00:00   5.0999e-02   1.7384e+01   9.7375e-01   0.0000e+00   0.0000e+00   2.8286e+02
20260915_06:00:00   3.7142e-02   1.3900e+01   6.6294e-01   0.0000e+00   0.0000e+00   2.8017e+02
20260915_09:00:00   3.1560e-02   1.2459e+01   5.3406e-01   0.0000e+00   0.0000e+00   2.7918e+02
20260915_12:00:00   2.7954e-02   1.1521e+01   4.4951e-01   0.0000e+00   0.0000e+00   2.7964e+02
20260915_15:00:00   3.1258e-02   1.2390e+01   5.4279e-01   0.0000e+00   0.0000e+00   2.7712e+02
20260915_18:00:00   4.0397e-02   1.4730e+01   7.8850e-01   0.0000e+00   0.0000e+00   2.7790e+02
20260915_21:00:00   4.5115e-02   1.5887e+01   9.1845e-01   0.0000e+00   0.0000e+00   2.7603e+02
20260916_00:00:00   5.2646e-02   1.7714e+01   1.1198e+00   0.0000e+00   1.7620e-08   2.7625e+02
20260916_03:00:00   5.5210e-02   1.8284e+01   1.2011e+00   0.0000e+00   1.4981e-04   2.7416e+02
20260916_06:00:00   5.1092e-02   1.7206e+01   1.1045e+00   0.0000e+00   5.2860e-04   2.7251e+02
20260916_09:00:00   4.4651e-02   1.5562e+01   9.4258e-01   0.0000e+00   1.5046e-05   2.7143e+02
20260916_12:00:00   4.0903e-02   1.4591e+01   8.5351e-01   0.0000e+00   8.5640e-05   2.6510e+02
20260916_15:00:00   4.3945e-02   1.5396e+01   9.3017e-01   0.0000e+00   1.6514e-05   2.6344e+02
20260916_18:00:00   5.9499e-02   1.9259e+01   1.3280e+00   0.0000e+00   7.0620e-03   2.6284e+02
20260916_21:00:00   7.2506e-02   2.2358e+01   1.6174e+00   3.0550e-04   3.0258e-02   2.6479e+02
20260917_00:00:00   6.6224e-02   2.0806e+01   1.4971e+00   0.0000e+00   9.4365e-03   2.6453e+02
20260917_03:00:00   5.4310e-02   1.7865e+01   1.2157e+00   0.0000e+00   1.8790e-02   2.6185e+02
20260917_06:00:00   4.5673e-02   1.5748e+01   1.0003e+00   0.0000e+00   8.3682e-03   2.6420e+02
20260917_09:00:00   3.7808e-02   1.3844e+01   7.8062e-01   0.0000e+00   3.8314e-03   2.6375e+02
20260917_12:00:00   3.7719e-02   1.3813e+01   7.8426e-01   0.0000e+00   2.5488e-03   2.6448e+02
20260917_15:00:00   3.6622e-02   1.3606e+01   7.4429e-01   0.0000e+00   7.1660e-07   2.6288e+02
20260917_18:00:00   4.2904e-02   1.5278e+01   9.0426e-01   0.0000e+00   3.9519e-05   2.6047e+02
20260917_21:00:00   5.0413e-02   1.7132e+01   1.0939e+00   0.0000e+00   1.4404e-03   2.6098e+02
20260918_00:00:00   1.0428e-01   3.0142e+01   2.3731e+00   0.0000e+00   2.2112e-06   2.5629e+02
20260918_03:00:00   1.7833e-01   4.6764e+01   3.8020e+00   2.6725e-03   4.5709e-02   2.5661e+02
20260918_06:00:00   2.3098e-01   5.7671e+01   4.8388e+00   1.0104e-05   2.4631e-01   2.6163e+02
20260918_09:00:00   2.7871e-01   6.6796e+01   5.7280e+00   0.0000e+00   7.7345e-01   2.6352e+02
20260918_12:00:00   2.6389e-01   6.4049e+01   5.5824e+00   4.1830e-06   3.2086e-01   2.6611e+02
20260918_15:00:00   2.5094e-01   6.1846e+01   5.0122e+00   7.1591e-03   1.6349e-01   2.7056e+02
20260918_18:00:00   2.9609e-01   7.0345e+01   5.9942e+00   2.5303e-03   7.1172e-01   2.7075e+02
20260918_21:00:00   2.7445e-01   6.5970e+01   5.5381e+00   4.9340e-03   5.0169e-01   2.6967e+02
20260919_00:00:00   2.0793e-01   5.2774e+01   4.5506e+00   2.8662e-06   7.5931e-02   2.7139e+02
20260919_03:00:00   1.9935e-01   5.1042e+01   4.3702e+00   0.0000e+00   2.2493e-02   2.7406e+02
20260919_06:00:00   2.2650e-01   5.6644e+01   4.7285e+00   0.0000e+00   2.5704e-01   2.7501e+02
20260919_09:00:00   2.0138e-01   5.1188e+01   4.4747e+00   0.0000e+00   2.3544e-02   2.7801e+02
20260919_12:00:00   2.0855e-01   5.2721e+01   4.5970e+00   0.0000e+00   6.0645e-02   2.7823e+02
20260919_15:00:00   2.0001e-01   5.1053e+01   4.4348e+00   0.0000e+00   1.9598e-02   2.7788e+02
20260919_18:00:00   2.3428e-01   5.7680e+01   5.1987e+00   0.0000e+00   2.2512e-01   2.7527e+02
20260919_21:00:00   2.3958e-01   5.8718e+01   5.1568e+00   4.1464e-05   3.8027e-01   2.7712e+02
20260920_00:00:00   2.3599e-01   5.8124e+01   5.1870e+00   0.0000e+00   2.6155e-01   2.7792e+02
20260920_03:00:00   2.4653e-01   6.0172e+01   5.3657e+00   0.0000e+00   4.2866e-01   2.8042e+02
20260920_06:00:00   2.2137e-01   5.5016e+01   4.8852e+00   0.0000e+00   3.0997e-01   2.8695e+02
20260920_09:00:00   1.1365e-01   3.2422e+01   2.3344e+00   3.1260e-05   4.1495e-03   2.9231e+02
20260920_12:00:00   9.7348e-02   2.8545e+01   1.8922e+00   2.1493e-03   1.8730e-03   2.9445e+02
20260920_15:00:00   1.5994e-01   4.2172e+01   3.2170e+00   2.8985e-03   7.1920e-02   2.9949e+02
20260920_18:00:00   1.6798e-01   4.4066e+01   3.4036e+00   4.4170e-05   1.9507e-01   2.9415e+02
20260920_21:00:00   1.6523e-01   4.3494e+01   3.3081e+00   9.6115e-04   1.9064e-01   2.9382e+02
20260921_00:00:00   1.4255e-01   3.8503e+01   2.9185e+00   1.0080e-05   8.5191e-02   2.9290e+02
20260921_03:00:00   8.7176e-02   2.5843e+01   1.8831e+00   0.0000e+00   1.0120e-04   2.9347e+02
20260921_06:00:00   8.1188e-02   2.4439e+01   1.7448e+00   0.0000e+00   0.0000e+00   3.0067e+02
20260921_09:00:00   8.8786e-02   2.6060e+01   1.9807e+00   0.0000e+00   1.1291e-02   3.0203e+02
20260921_12:00:00   7.1595e-02   2.2143e+01   1.5835e+00   0.0000e+00   0.0000e+00   2.9882e+02
20260921_15:00:00   8.8111e-02   2.6084e+01   1.9839e+00   0.0000e+00   0.0000e+00   2.9552e+02
20260921_18:00:00   9.2380e-02   2.7300e+01   2.0210e+00   0.0000e+00   0.0000e+00   2.9363e+02
20260921_21:00:00   1.0605e-01   3.0655e+01   2.2965e+00   0.0000e+00   0.0000e+00   2.9171e+02
20260922_00:00:00   8.4676e-02   2.5737e+01   1.7882e+00   0.0000e+00   0.0000e+00   2.9287e+02
20260922_03:00:00   5.9488e-02   1.9669e+01   1.2115e+00   0.0000e+00   0.0000e+00   2.8887e+02
20260922_06:00:00   4.6072e-02   1.6288e+01   9.0956e-01   0.0000e+00   0.0000e+00   2.8618e+02
20260922_09:00:00   3.3504e-02   1.3006e+01   6.1896e-01   0.0000e+00   0.0000e+00   2.8068e+02
20260922_12:00:00   2.9774e-02   1.1992e+01   5.3777e-01   0.0000e+00   0.0000e+00   2.7773e+02
20260922_15:00:00   3.1668e-02   1.2503e+01   5.9049e-01   0.0000e+00   0.0000e+00   2.7618e+02
20260922_18:00:00   4.4424e-02   1.5868e+01   9.0976e-01   0.0000e+00   0.0000e+00   2.7175e+02
