#            date       tau255        Tb[K]      pwv[mm] lwp[kg*m^-2] iwp[kg*m^-2]       o3[DU]
20261008_06:00:00   3.2804e-01   7.5786e+01   4.6763e+00   0.0000e+00   3.5865e-03   2.9231e+02
20261008_07:00:00   3.3760e-01   7.7510e+01   4.8315e+00   0.0000e+00   5.8253e-03   2.9123e+02
20261008_08:00:00   3.4851e-01   7.9487e+01   4.9994e+00   0.0000e+00   1.3203e-02   2.9305e+02
20261008_09:00:00   3.6200e-01   8.1917e+01   5.1912e+00   0.0000e+00   2.0063e-02   2.9304e+02
20261008_10:00:00   3.7174e-01   8.3667e+01   5.3095e+00   0.0000e+00   2.9790e-02   2.9384e+02
20261008_11:00:00   3.8723e-01   8.6343e+01   5.5308e+00   0.0000e+00   3.4262e-02   2.9416e+02
20261008_12:00:00   4.0730e-01   8.9749e+01   5.8128e+00   0.0000e+00   3.1561e-02   2.9446e+02
20261008_13:00:00   4.2709e-01   9.3025e+01   6.0777e+00   0.0000e+00   4.4340e-02   2.9583e+02
20261008_14:00:00   4.4544e-01   9.6009e+01   6.3044e+00   0.0000e+00   6.2208e-02   2.9762e+02
20261008_15:00:00   4.5716e-01   9.7889e+01   6.4364e+00   0.0000e+00   6.6864e-02   3.0004e+02
20261008_16:00:00   4.6203e-01   9.8657e+01   6.4649e+00   0.0000e+00   6.3625e-02   3.0353e+02
20261008_17:00:00   4.4713e-01   9.6334e+01   6.2018e+00   0.0000e+00   9.9833e-03   3.0416e+02
20261008_18:00:00   3.8251e-01   8.5750e+01   5.1226e+00   0.0000e+00   3.4400e-03   3.0180e+02
20261008_19:00:00   3.4165e-01   7.8662e+01   4.4226e+00   0.0000e+00   4.3241e-03   3.0223e+02
20261008_20:00:00   3.3512e-01   7.7447e+01   4.3107e+00   0.0000e+00   6.2110e-03   3.0210e+02
20261008_21:00:00   3.3459e-01   7.7319e+01   4.2857e+00   0.0000e+00   1.1791e-02   3.0118e+02
20261008_22:00:00   3.3187e-01   7.6809e+01   4.2280e+00   0.0000e+00   1.6521e-02   3.0322e+02
20261008_23:00:00   3.3172e-01   7.6759e+01   4.2144e+00   0.0000e+00   2.2835e-02   3.0917e+02
20261009_00:00:00   3.3297e-01   7.6960e+01   4.2278e+00   0.0000e+00   2.4514e-02   3.1840e+02
20261009_01:00:00   3.3379e-01   7.7054e+01   4.2487e+00   0.0000e+00   2.2299e-02   3.2054e+02
20261009_02:00:00   3.3199e-01   7.6701e+01   4.2247e+00   0.0000e+00   2.0345e-02   3.2324e+02
20261009_03:00:00   3.3006e-01   7.6328e+01   4.1873e+00   0.0000e+00   2.5054e-02   3.2192e+02
20261009_04:00:00   3.3535e-01   7.7232e+01   4.2528e+00   9.9240e-06   3.6161e-02   3.1840e+02
20261009_05:00:00   3.4842e-01   7.9506e+01   4.4103e+00   0.0000e+00   7.8493e-02   3.1625e+02
20261009_06:00:00   3.5944e-01   8.1397e+01   4.5297e+00   0.0000e+00   1.5318e-01   3.1789e+02
20261009_07:00:00   3.6094e-01   8.1625e+01   4.5282e+00   0.0000e+00   1.9056e-01   3.1899e+02
20261009_08:00:00   3.6043e-01   8.1489e+01   4.4806e+00   0.0000e+00   2.5170e-01   3.2039e+02
20261009_09:00:00   3.5485e-01   8.0501e+01   4.3815e+00   0.0000e+00   2.5124e-01   3.2164e+02
20261009_10:00:00   3.4090e-01   7.7937e+01   4.2069e+00   0.0000e+00   1.6300e-01   3.2317e+02
20261009_11:00:00   3.3023e-01   7.5903e+01   4.0773e+00   1.2664e-04   8.9132e-02   3.2328e+02
20261009_12:00:00   3.2129e-01   7.4218e+01   3.9600e+00   3.3342e-05   5.2669e-02   3.2151e+02
20261009_13:00:00   3.1799e-01   7.3523e+01   3.9101e+00   3.7845e-05   4.7060e-02   3.2001e+02
20261009_14:00:00   3.0338e-01   7.0728e+01   3.7275e+00   0.0000e+00   4.5612e-02   3.1773e+02
20261009_15:00:00   2.8525e-01   6.7216e+01   3.5144e+00   5.7022e-05   2.0326e-02   3.1635e+02
20261009_16:00:00   2.9438e-01   6.8921e+01   3.6213e+00   0.0000e+00   4.7184e-02   3.1988e+02
20261009_17:00:00   3.1941e-01   7.3664e+01   3.8829e+00   4.1360e-04   1.3700e-01   3.2127e+02
20261009_18:00:00   3.2038e-01   7.3871e+01   3.8894e+00   2.0285e-04   1.5741e-01   3.2020e+02
20261009_19:00:00   3.0882e-01   7.1671e+01   3.7572e+00   6.5240e-06   1.0919e-01   3.1694e+02
20261009_20:00:00   3.0385e-01   7.0692e+01   3.6810e+00   1.0426e-04   8.9945e-02   3.1359e+02
20261009_21:00:00   2.9806e-01   6.9568e+01   3.6002e+00   5.3040e-05   9.8664e-02   3.1264e+02
20261009_22:00:00   3.0213e-01   7.0305e+01   3.6441e+00   1.6236e-05   1.1775e-01   3.1283e+02
20261009_23:00:00   3.0843e-01   7.1455e+01   3.7186e+00   1.5174e-05   1.4437e-01   3.1334e+02
20261010_00:00:00   3.0804e-01   7.1372e+01   3.7246e+00   3.1330e-05   1.3393e-01   3.1357e+02
20261010_01:00:00   3.0881e-01   7.1479e+01   3.6579e+00   3.8460e-03   1.2749e-01   3.1128e+02
20261010_02:00:00   3.1184e-01   7.1984e+01   3.5826e+00   9.1804e-03   1.1931e-01   3.0657e+02
20261010_03:00:00   2.9661e-01   6.9229e+01   3.5430e+00   2.5980e-03   8.5373e-02   3.0114e+02
20261010_04:00:00   2.8527e-01   6.7134e+01   3.4519e+00   7.4020e-05   6.3114e-02   2.9734e+02
20261010_05:00:00   2.8403e-01   6.6871e+01   3.4363e+00   6.3840e-05   4.2923e-02   2.9736e+02
20261010_06:00:00   2.8413e-01   6.6846e+01   3.4420e+00   0.0000e+00   3.5535e-02   3.0064e+02
20261010_07:00:00   2.8291e-01   6.6545e+01   3.4280e+00   0.0000e+00   2.9988e-02   3.0318e+02
20261010_08:00:00   2.8075e-01   6.6109e+01   3.4027e+00   1.5476e-04   2.2930e-02   3.0296e+02
20261010_09:00:00   2.7366e-01   6.4747e+01   3.3244e+00   0.0000e+00   6.8990e-03   3.0331e+02
20261010_10:00:00   2.6541e-01   6.3103e+01   3.2255e+00   0.0000e+00   1.9634e-03   3.0614e+02
20261010_11:00:00   2.5733e-01   6.1469e+01   3.1237e+00   0.0000e+00   2.6742e-04   3.1049e+02
20261010_12:00:00   2.4766e-01   5.9512e+01   3.0001e+00   0.0000e+00   1.5273e-04   3.1200e+02
20261010_13:00:00   2.3932e-01   5.7813e+01   2.8933e+00   0.0000e+00   6.3912e-05   3.1264e+02
20261010_14:00:00   2.3177e-01   5.6297e+01   2.7974e+00   0.0000e+00   1.9189e-05   3.1217e+02
20261010_15:00:00   2.2409e-01   5.4748e+01   2.6962e+00   0.0000e+00   1.8810e-05   3.1081e+02
20261010_16:00:00   2.1682e-01   5.3282e+01   2.6016e+00   0.0000e+00   1.3629e-05   3.0968e+02
20261010_17:00:00   2.0974e-01   5.1844e+01   2.5093e+00   0.0000e+00   1.3066e-05   3.0896e+02
20261010_18:00:00   2.0460e-01   5.0779e+01   2.4436e+00   0.0000e+00   7.6574e-06   3.0855e+02
20261010_19:00:00   1.9947e-01   4.9708e+01   2.3809e+00   0.0000e+00   6.0281e-06   3.0861e+02
20261010_20:00:00   1.9506e-01   4.8777e+01   2.3280e+00   0.0000e+00   4.7523e-06   3.0818e+02
20261010_21:00:00   1.9084e-01   4.7881e+01   2.2783e+00   0.0000e+00   1.9441e-05   3.0834e+02
20261010_22:00:00   1.8875e-01   4.7423e+01   2.2586e+00   0.0000e+00   2.8610e-05   3.0866e+02
20261010_23:00:00   1.8786e-01   4.7211e+01   2.2552e+00   0.0000e+00   3.6533e-05   3.0946e+02
20261011_00:00:00   1.8789e-01   4.7182e+01   2.2660e+00   0.0000e+00   3.9254e-05   3.1038e+02
20261011_01:00:00   1.8879e-01   4.7345e+01   2.2892e+00   0.0000e+00   3.6418e-05   3.1159e+02
20261011_02:00:00   1.8950e-01   4.7462e+01   2.3086e+00   0.0000e+00   4.0790e-05   3.1218e+02
20261011_03:00:00   1.9109e-01   4.7764e+01   2.3391e+00   0.0000e+00   1.6648e-04   3.1176e+02
20261011_04:00:00   1.9295e-01   4.8119e+01   2.3735e+00   0.0000e+00   1.9046e-03   3.1055e+02
20261011_05:00:00   1.9550e-01   4.8623e+01   2.4159e+00   0.0000e+00   5.0692e-03   3.0994e+02
20261011_06:00:00   1.9908e-01   4.9358e+01   2.4720e+00   0.0000e+00   7.1154e-03   3.0970e+02
20261011_07:00:00   2.0311e-01   5.0173e+01   2.5326e+00   0.0000e+00   9.1380e-03   3.0952e+02
20261011_08:00:00   2.0901e-01   5.1374e+01   2.6157e+00   0.0000e+00   1.3892e-02   3.0937e+02
20261011_09:00:00   2.1855e-01   5.3307e+01   2.7463e+00   0.0000e+00   1.7209e-02   3.0955e+02
20261011_10:00:00   2.3192e-01   5.5995e+01   2.9201e+00   0.0000e+00   2.6571e-02   3.1036e+02
20261011_11:00:00   2.4859e-01   5.9311e+01   3.1314e+00   0.0000e+00   3.7669e-02   3.1105e+02
20261011_12:00:00   2.6643e-01   6.2809e+01   3.3451e+00   0.0000e+00   5.0687e-02   3.1085e+02
20261011_13:00:00   2.8229e-01   6.5887e+01   3.5288e+00   0.0000e+00   6.6526e-02   3.1055e+02
20261011_14:00:00   2.8969e-01   6.7311e+01   3.6123e+00   0.0000e+00   6.7971e-02   3.0980e+02
20261011_15:00:00   2.9112e-01   6.7601e+01   3.6285e+00   0.0000e+00   6.2846e-02   3.0948e+02
20261011_16:00:00   2.9289e-01   6.7981e+01   3.6571e+00   0.0000e+00   5.0782e-02   3.0830e+02
20261011_17:00:00   2.9215e-01   6.7872e+01   3.6588e+00   0.0000e+00   3.5203e-02   3.0640e+02
20261011_18:00:00   2.8809e-01   6.7126e+01   3.6149e+00   0.0000e+00   3.2246e-02   3.0478e+02
20261011_19:00:00   2.8594e-01   6.6736e+01   3.5879e+00   0.0000e+00   4.2193e-02   3.0355e+02
20261011_20:00:00   2.8845e-01   6.7241e+01   3.6199e+00   0.0000e+00   4.4650e-02   3.0257e+02
20261011_21:00:00   2.9213e-01   6.7979e+01   3.6697e+00   0.0000e+00   3.2838e-02   3.0164e+02
20261011_22:00:00   2.9051e-01   6.7709e+01   3.6577e+00   0.0000e+00   1.1934e-02   3.0266e+02
20261011_23:00:00   2.8197e-01   6.6103e+01   3.5549e+00   0.0000e+00   5.1557e-03   3.0351e+02
20261012_00:00:00   2.7149e-01   6.4110e+01   3.4247e+00   0.0000e+00   2.8110e-03   3.0454e+02
20261012_01:00:00   2.6517e-01   6.2879e+01   3.3494e+00   0.0000e+00   8.3104e-04   3.0557e+02
20261012_02:00:00   2.5911e-01   6.1705e+01   3.2763e+00   0.0000e+00   7.8459e-04   3.0589e+02
20261012_03:00:00   2.5344e-01   6.0605e+01   3.2075e+00   0.0000e+00   1.8952e-03   3.0550e+02
20261012_04:00:00   2.4781e-01   5.9519e+01   3.1356e+00   0.0000e+00   1.9469e-03   3.0551e+02
20261012_05:00:00   2.4160e-01   5.8310e+01   3.0532e+00   0.0000e+00   1.2329e-03   3.0574e+02
20261012_06:00:00   2.3494e-01   5.7004e+01   2.9661e+00   0.0000e+00   7.7292e-04   3.0443e+02
20261012_07:00:00   2.2933e-01   5.5882e+01   2.8914e+00   0.0000e+00   4.2434e-04   3.0248e+02
20261012_08:00:00   2.2501e-01   5.5022e+01   2.8344e+00   0.0000e+00   2.9584e-04   3.0159e+02
20261012_09:00:00   2.1940e-01   5.3892e+01   2.7594e+00   0.0000e+00   1.5795e-04   3.0174e+02
20261012_10:00:00   2.1439e-01   5.2892e+01   2.6937e+00   0.0000e+00   3.1343e-05   3.0281e+02
20261012_11:00:00   2.0977e-01   5.1967e+01   2.6315e+00   0.0000e+00   3.4198e-05   3.0459e+02
20261012_12:00:00   2.0660e-01   5.1341e+01   2.5869e+00   0.0000e+00   3.9844e-05   3.0520e+02
20261012_13:00:00   2.0577e-01   5.1200e+01   2.5751e+00   0.0000e+00   3.2402e-05   3.0538e+02
20261012_14:00:00   2.0472e-01   5.1024e+01   2.5601e+00   0.0000e+00   2.4898e-05   3.0601e+02
20261012_15:00:00   2.0222e-01   5.0547e+01   2.5264e+00   0.0000e+00   2.3102e-05   3.0744e+02
20261012_16:00:00   1.9975e-01   5.0067e+01   2.4935e+00   0.0000e+00   2.3102e-05   3.0713e+02
20261012_17:00:00   1.9722e-01   4.9554e+01   2.4589e+00   0.0000e+00   1.3803e-05   3.0681e+02
20261012_18:00:00   1.9687e-01   4.9493e+01   2.4558e+00   0.0000e+00   1.4130e-05   3.0597e+02
20261012_19:00:00   1.9809e-01   4.9727e+01   2.4745e+00   0.0000e+00   3.7480e-05   3.0422e+02
20261012_20:00:00   2.0106e-01   5.0313e+01   2.5180e+00   0.0000e+00   5.9278e-05   3.0363e+02
20261012_21:00:00   2.0589e-01   5.1276e+01   2.5887e+00   0.0000e+00   1.6451e-05   3.0253e+02
20261012_22:00:00   2.0379e-01   5.0867e+01   2.5596e+00   0.0000e+00   1.4846e-05   3.0047e+02
20261012_23:00:00   1.9908e-01   4.9905e+01   2.4943e+00   0.0000e+00   1.2480e-05   2.9829e+02
20261013_00:00:00   1.9342e-01   4.8729e+01   2.4165e+00   0.0000e+00   1.0719e-05   2.9658e+02
20261013_01:00:00   1.8945e-01   4.7876e+01   2.3641e+00   0.0000e+00   1.0440e-05   2.9716e+02
20261013_02:00:00   1.8918e-01   4.7779e+01   2.3654e+00   0.0000e+00   1.1338e-05   2.9838e+02
20261013_03:00:00   1.9264e-01   4.8470e+01   2.4189e+00   0.0000e+00   1.1763e-05   2.9894e+02
20261013_04:00:00   1.9592e-01   4.9143e+01   2.4651e+00   0.0000e+00   1.1763e-05   2.9903e+02
20261013_05:00:00   1.9623e-01   4.9219e+01   2.4661e+00   0.0000e+00   1.3232e-05   2.9987e+02
20261013_06:00:00   1.9852e-01   4.9679e+01   2.4964e+00   0.0000e+00   1.2807e-05   3.0057e+02
20261013_09:00:00   2.0762e-01   5.1485e+01   2.6288e+00   0.0000e+00   1.6559e-05   3.0168e+02
20261013_12:00:00   2.2515e-01   5.4994e+01   2.8647e+00   0.0000e+00   2.8176e-05   3.0340e+02
20261013_15:00:00   2.3817e-01   5.7597e+01   3.0197e+00   0.0000e+00   1.1204e-04   3.0476e+02
20261013_18:00:00   2.4389e-01   5.8685e+01   3.0772e+00   0.0000e+00   4.1024e-04   3.0459e+02
20261013_21:00:00   2.3942e-01   5.7737e+01   2.9988e+00   0.0000e+00   1.2447e-03   3.0570e+02
20261014_00:00:00   2.3883e-01   5.7554e+01   2.9695e+00   0.0000e+00   3.1671e-03   3.0721e+02
20261014_03:00:00   2.4387e-01   5.8471e+01   3.0391e+00   0.0000e+00   6.8940e-03   3.0828e+02
20261014_06:00:00   2.5088e-01   5.9773e+01   3.0999e+00   0.0000e+00   2.0327e-02   3.1303e+02
20261014_09:00:00   2.1661e-01   5.3107e+01   2.5684e+00   0.0000e+00   1.3463e-02   3.1254e+02
20261014_12:00:00   2.4111e-01   5.7757e+01   2.9425e+00   0.0000e+00   1.7736e-02   3.1447e+02
20261014_15:00:00   2.3191e-01   5.5917e+01   2.8262e+00   0.0000e+00   2.4659e-02   3.1708e+02
20261014_18:00:00   2.3766e-01   5.7209e+01   2.8766e+00   0.0000e+00   2.1790e-02   3.2016e+02
20261014_21:00:00   2.7998e-01   6.5723e+01   3.3128e+00   0.0000e+00   2.5524e-01   3.2043e+02
20261015_00:00:00   2.5554e-01   6.1175e+01   3.0759e+00   0.0000e+00   7.8138e-02   3.1858e+02
20261015_03:00:00   2.5004e-01   5.9974e+01   3.0440e+00   0.0000e+00   1.1524e-02   3.1165e+02
20261015_06:00:00   2.8727e-01   6.6930e+01   3.6218e+00   0.0000e+00   1.6522e-02   3.1098e+02
20261015_09:00:00   3.1181e-01   7.1640e+01   3.9970e+00   0.0000e+00   2.1508e-02   3.0640e+02
20261015_12:00:00   3.4285e-01   7.7578e+01   4.4400e+00   0.0000e+00   5.2077e-02   3.0854e+02
20261015_15:00:00   3.5960e-01   8.0828e+01   4.6740e+00   0.0000e+00   9.9714e-02   3.1320e+02
20261015_18:00:00   3.7086e-01   8.2972e+01   4.8414e+00   0.0000e+00   9.7957e-02   3.1301e+02
20261015_21:00:00   3.8457e-01   8.5346e+01   4.9625e+00   0.0000e+00   1.8694e-01   3.1112e+02
20261016_00:00:00   3.9348e-01   8.6977e+01   5.0384e+00   0.0000e+00   2.3500e-01   3.1099e+02
20261016_03:00:00   3.7328e-01   8.3359e+01   4.8296e+00   5.6760e-06   1.3398e-01   3.1160e+02
20261016_06:00:00   3.5847e-01   8.0735e+01   4.7173e+00   0.0000e+00   2.4138e-02   3.1203e+02
20261016_09:00:00   3.5092e-01   7.9459e+01   4.6319e+00   0.0000e+00   3.4298e-02   3.1428e+02
20261016_12:00:00   3.8145e-01   8.4843e+01   4.9892e+00   0.0000e+00   1.2645e-01   3.1094e+02
20261016_15:00:00   3.7677e-01   8.4055e+01   4.9431e+00   0.0000e+00   1.0959e-01   3.0789e+02
20261016_18:00:00   3.5622e-01   8.0466e+01   4.7069e+00   0.0000e+00   7.0335e-02   3.1082e+02
20261016_21:00:00   3.4659e-01   7.8852e+01   4.5784e+00   0.0000e+00   5.6312e-02   3.0827e+02
20261017_00:00:00   3.6980e-01   8.2962e+01   4.6666e+00   0.0000e+00   4.4767e-01   3.0737e+02
20261017_03:00:00   3.1692e-01   7.3192e+01   4.0329e+00   0.0000e+00   9.1999e-02   3.0717e+02
20261017_06:00:00   2.9815e-01   6.9727e+01   3.6556e+00   0.0000e+00   1.7379e-01   3.1178e+02
20261017_09:00:00   2.4793e-01   5.9862e+01   3.0398e+00   0.0000e+00   1.2361e-02   3.1656e+02
20261017_12:00:00   2.3085e-01   5.6415e+01   2.8126e+00   0.0000e+00   7.1225e-03   3.1490e+02
20261017_15:00:00   2.3299e-01   5.6670e+01   2.9117e+00   0.0000e+00   9.1450e-04   3.1747e+02
20261017_18:00:00   2.3104e-01   5.6150e+01   2.9689e+00   9.4600e-05   1.0103e-04   3.1858e+02
20261017_21:00:00   2.3837e-01   5.7517e+01   3.1463e+00   0.0000e+00   4.6069e-05   3.1299e+02
20261018_00:00:00   2.5347e-01   6.0441e+01   3.4029e+00   0.0000e+00   9.5631e-04   3.1471e+02
20261018_03:00:00   2.9531e-01   6.8487e+01   3.9782e+00   0.0000e+00   3.6063e-03   3.1393e+02
20261018_06:00:00   3.4304e-01   7.7342e+01   4.6138e+00   0.0000e+00   4.4332e-02   3.1015e+02
20261018_09:00:00   3.4884e-01   7.8546e+01   4.6988e+00   0.0000e+00   3.6078e-02   3.1110e+02
20261018_12:00:00   3.4597e-01   7.8069e+01   4.6918e+00   0.0000e+00   1.8466e-02   3.1318e+02
20261018_15:00:00   3.4349e-01   7.7693e+01   4.6909e+00   0.0000e+00   2.3267e-02   3.0677e+02
20261018_18:00:00   3.6249e-01   8.1149e+01   4.9167e+00   0.0000e+00   8.9127e-02   3.1090e+02
20261018_21:00:00   3.6938e-01   8.2447e+01   4.9957e+00   0.0000e+00   6.8965e-02   3.1191e+02
20261019_00:00:00   3.6078e-01   8.0999e+01   4.8798e+00   0.0000e+00   3.6370e-02   3.1267e+02
20261019_03:00:00   3.6953e-01   8.2648e+01   4.9900e+00   0.0000e+00   6.9643e-02   3.1443e+02
20261019_06:00:00   3.6635e-01   8.2105e+01   4.9279e+00   0.0000e+00   1.4737e-01   3.1463e+02
20261019_09:00:00   3.6561e-01   8.2018e+01   4.8971e+00   0.0000e+00   1.6932e-01   3.1990e+02
20261019_12:00:00   3.5458e-01   8.0126e+01   4.7493e+00   0.0000e+00   1.2159e-01   3.2671e+02
20261019_15:00:00   3.7147e-01   8.2898e+01   4.7454e+00   0.0000e+00   4.6755e-01   3.2993e+02
20261019_18:00:00   3.1102e-01   7.1771e+01   3.7996e+00   1.2048e-05   3.0088e-01   3.3388e+02
20261019_21:00:00   2.0589e-01   5.1370e+01   2.4082e+00   6.3120e-05   3.5185e-03   3.4135e+02
20261020_00:00:00   2.5302e-01   6.0585e+01   3.1019e+00   2.5600e-03   1.3622e-02   3.1490e+02
20261020_03:00:00   2.9681e-01   6.8959e+01   3.7993e+00   0.0000e+00   6.2263e-02   3.3507e+02
20261020_06:00:00   3.3124e-01   7.5380e+01   4.3038e+00   0.0000e+00   7.4896e-02   3.3011e+02
20261020_09:00:00   3.6720e-01   8.2071e+01   4.8192e+00   3.3020e-04   6.1619e-02   3.4003e+02
20261020_12:00:00   3.8791e-01   8.5875e+01   5.1377e+00   1.3454e-05   5.9339e-02   3.3909e+02
20261020_15:00:00   3.9499e-01   8.7209e+01   5.2128e+00   4.5100e-04   6.5725e-02   3.3344e+02
20261020_18:00:00   3.6644e-01   8.2311e+01   4.8088e+00   3.7315e-04   5.4728e-02   3.3573e+02
20261020_21:00:00   3.6951e-01   8.2558e+01   4.8943e+00   3.1860e-06   6.1424e-02   3.3276e+02
20261021_00:00:00   3.7330e-01   8.3358e+01   4.9817e+00   0.0000e+00   3.9183e-02   3.3036e+02
20261021_03:00:00   3.8165e-01   8.4870e+01   5.0878e+00   8.7385e-05   3.1803e-02   3.2499e+02
20261021_06:00:00   3.7298e-01   8.3426e+01   4.9923e+00   3.6540e-07   1.6499e-02   3.2126e+02
20261021_09:00:00   3.6291e-01   8.1785e+01   4.8328e+00   2.4580e-04   1.2336e-02   3.1608e+02
20261021_12:00:00   3.6307e-01   8.2032e+01   4.8152e+00   4.0640e-04   1.7583e-02   3.1647e+02
20261021_15:00:00   3.6807e-01   8.3085e+01   4.8549e+00   7.9583e-04   2.7471e-02   3.0900e+02
20261021_18:00:00   3.6035e-01   8.1859e+01   4.7292e+00   6.7299e-04   3.0043e-02   3.0949e+02
20261021_21:00:00   3.6195e-01   8.2109e+01   4.7068e+00   2.7989e-03   2.1430e-02   3.0510e+02
20261022_00:00:00   3.7942e-01   8.5241e+01   4.9336e+00   2.5642e-03   2.4282e-02   3.0668e+02
20261022_03:00:00   4.2776e-01   9.3662e+01   5.5605e+00   2.1701e-03   9.5299e-02   3.0258e+02
20261022_06:00:00   4.0943e-01   9.0231e+01   5.4389e+00   6.6499e-04   5.5614e-02   3.0003e+02
20261022_09:00:00   4.1310e-01   9.0790e+01   5.5214e+00   8.3217e-04   5.8497e-02   2.9641e+02
20261022_12:00:00   4.0402e-01   8.9198e+01   5.4613e+00   0.0000e+00   3.8033e-02   2.9390e+02
20261022_15:00:00   3.9578e-01   8.7755e+01   5.3400e+00   3.8088e-04   2.3805e-02   2.9072e+02
20261022_18:00:00   3.8629e-01   8.6144e+01   5.2343e+00   1.0964e-06   1.3833e-02   2.8285e+02
20261022_21:00:00   3.8507e-01   8.6105e+01   5.1954e+00   5.4118e-04   1.9237e-02   2.7425e+02
20261023_00:00:00   3.5961e-01   8.1662e+01   4.8757e+00   0.0000e+00   3.4626e-03   2.7649e+02
20261023_03:00:00   3.7487e-01   8.4472e+01   5.0487e+00   7.6481e-05   1.0600e-02   2.8071e+02
20261023_06:00:00   3.2757e-01   7.5970e+01   4.4521e+00   0.0000e+00   1.1350e-04   2.8146e+02
20261023_09:00:00   2.8113e-01   6.7272e+01   3.8027e+00   0.0000e+00   5.7098e-07   2.9059e+02
20261023_12:00:00   2.3935e-01   5.9143e+01   3.2031e+00   0.0000e+00   0.0000e+00   2.9832e+02
20261023_15:00:00   2.0963e-01   5.3077e+01   2.7968e+00   0.0000e+00   0.0000e+00   3.0013e+02
20261023_18:00:00   1.9728e-01   5.0263e+01   2.7036e+00   0.0000e+00   4.9529e-03   3.1648e+02
20261023_21:00:00   1.9883e-01   5.0387e+01   2.8139e+00   0.0000e+00   1.8352e-02   3.1581e+02
20261024_00:00:00   2.2333e-01   5.5236e+01   3.2768e+00   0.0000e+00   2.9112e-02   3.1514e+02
20261024_03:00:00   2.6224e-01   6.2914e+01   3.9547e+00   0.0000e+00   1.9779e-02   3.1414e+02
20261024_06:00:00   3.0670e-01   7.1510e+01   4.6751e+00   0.0000e+00   3.6785e-02   3.0828e+02
