#            date       tau255        Tb[K]      pwv[mm] lwp[kg*m^-2] iwp[kg*m^-2]       o3[DU]
20260807_06:00:00   8.2870e-01   1.5784e+02   1.4793e+01   0.0000e+00   5.2165e-03   2.8348e+02
20260807_07:00:00   8.2991e-01   1.5798e+02   1.4803e+01   0.0000e+00   3.3962e-03   2.8296e+02
20260807_08:00:00   8.3611e-01   1.5867e+02   1.4896e+01   0.0000e+00   4.2619e-03   2.8203e+02
20260807_09:00:00   8.4234e-01   1.5934e+02   1.4987e+01   0.0000e+00   6.0444e-03   2.8105e+02
20260807_10:00:00   8.5620e-01   1.6090e+02   1.5237e+01   0.0000e+00   9.3327e-03   2.7974e+02
20260807_11:00:00   8.6374e-01   1.6174e+02   1.5363e+01   0.0000e+00   1.6207e-02   2.7897e+02
20260807_12:00:00   8.6925e-01   1.6239e+02   1.5419e+01   0.0000e+00   1.9624e-02   2.7895e+02
20260807_13:00:00   8.7495e-01   1.6310e+02   1.5447e+01   0.0000e+00   2.0616e-02   2.7990e+02
20260807_14:00:00   8.8144e-01   1.6388e+02   1.5504e+01   0.0000e+00   2.3149e-02   2.8044e+02
20260807_15:00:00   8.8743e-01   1.6458e+02   1.5555e+01   0.0000e+00   3.0221e-02   2.8008e+02
20260807_16:00:00   8.9515e-01   1.6547e+02   1.5643e+01   0.0000e+00   2.7844e-02   2.7875e+02
20260807_17:00:00   9.0101e-01   1.6619e+02   1.5701e+01   0.0000e+00   2.8716e-02   2.7753e+02
20260807_18:00:00   9.0139e-01   1.6630e+02   1.5677e+01   0.0000e+00   1.8300e-02   2.7798e+02
20260807_19:00:00   8.9796e-01   1.6604e+02   1.5577e+01   0.0000e+00   1.2421e-03   2.7936e+02
20260807_20:00:00   8.9184e-01   1.6547e+02   1.5424e+01   0.0000e+00   1.1487e-04   2.8054e+02
20260807_21:00:00   8.8149e-01   1.6441e+02   1.5197e+01   0.0000e+00   6.7800e-05   2.8119e+02
20260807_22:00:00   8.7090e-01   1.6335e+02   1.4959e+01   0.0000e+00   2.1860e-05   2.8128e+02
20260807_23:00:00   8.6439e-01   1.6274e+02   1.4756e+01   0.0000e+00   5.0240e-05   2.8049e+02
20260808_00:00:00   8.5591e-01   1.6179e+02   1.4521e+01   0.0000e+00   4.7219e-05   2.7994e+02
20260808_01:00:00   8.4688e-01   1.6074e+02   1.4298e+01   0.0000e+00   4.8847e-04   2.8014e+02
20260808_02:00:00   8.4478e-01   1.6045e+02   1.4215e+01   0.0000e+00   5.1463e-04   2.7997e+02
20260808_03:00:00   8.3828e-01   1.5964e+02   1.4087e+01   0.0000e+00   1.7540e-05   2.7964e+02
20260808_04:00:00   8.2411e-01   1.5796e+02   1.3833e+01   0.0000e+00   0.0000e+00   2.7798e+02
20260808_05:00:00   8.1083e-01   1.5634e+02   1.3621e+01   0.0000e+00   0.0000e+00   2.7815e+02
20260808_06:00:00   8.0205e-01   1.5523e+02   1.3492e+01   0.0000e+00   0.0000e+00   2.7738e+02
20260808_07:00:00   7.9321e-01   1.5409e+02   1.3373e+01   0.0000e+00   4.3472e-04   2.7692e+02
20260808_08:00:00   7.9243e-01   1.5392e+02   1.3394e+01   0.0000e+00   1.9785e-05   2.7441e+02
20260808_09:00:00   7.8783e-01   1.5338e+02   1.3296e+01   0.0000e+00   0.0000e+00   2.7067e+02
20260808_10:00:00   7.8413e-01   1.5287e+02   1.3208e+01   0.0000e+00   1.0690e-05   2.6828e+02
20260808_11:00:00   7.7830e-01   1.5221e+02   1.3090e+01   0.0000e+00   0.0000e+00   2.6660e+02
20260808_12:00:00   7.6730e-01   1.5090e+02   1.2894e+01   0.0000e+00   0.0000e+00   2.6584e+02
20260808_13:00:00   7.6074e-01   1.5008e+02   1.2769e+01   0.0000e+00   1.5099e-04   2.6604e+02
20260808_14:00:00   7.5690e-01   1.4964e+02   1.2704e+01   0.0000e+00   5.7110e-06   2.6653e+02
20260808_15:00:00   7.5400e-01   1.4934e+02   1.2639e+01   0.0000e+00   4.0385e-05   2.6579e+02
20260808_16:00:00   7.5511e-01   1.4948e+02   1.2644e+01   0.0000e+00   1.7540e-05   2.6503e+02
20260808_17:00:00   7.5946e-01   1.5002e+02   1.2706e+01   0.0000e+00   0.0000e+00   2.6434e+02
20260808_18:00:00   7.6894e-01   1.5120e+02   1.2849e+01   0.0000e+00   1.3063e-04   2.6424e+02
20260808_19:00:00   7.7399e-01   1.5181e+02   1.2897e+01   0.0000e+00   2.4127e-04   2.6408e+02
20260808_20:00:00   7.7696e-01   1.5216e+02   1.2919e+01   0.0000e+00   2.6196e-04   2.6399e+02
20260808_21:00:00   7.7258e-01   1.5155e+02   1.2832e+01   0.0000e+00   2.1879e-04   2.6475e+02
20260808_22:00:00   7.6578e-01   1.5065e+02   1.2709e+01   0.0000e+00   4.1437e-04   2.6519e+02
20260808_23:00:00   7.5727e-01   1.4955e+02   1.2555e+01   0.0000e+00   3.3620e-04   2.6532e+02
20260809_00:00:00   7.5853e-01   1.4965e+02   1.2549e+01   0.0000e+00   8.6461e-04   2.6525e+02
20260809_01:00:00   7.5869e-01   1.4959e+02   1.2511e+01   0.0000e+00   8.1308e-04   2.6564e+02
20260809_02:00:00   7.6070e-01   1.4971e+02   1.2506e+01   0.0000e+00   1.6030e-04   2.6651e+02
20260809_03:00:00   7.6047e-01   1.4954e+02   1.2502e+01   0.0000e+00   4.5760e-05   2.6711e+02
20260809_04:00:00   7.5786e-01   1.4903e+02   1.2507e+01   0.0000e+00   2.1940e-05   2.6751e+02
20260809_05:00:00   7.5166e-01   1.4811e+02   1.2452e+01   0.0000e+00   0.0000e+00   2.6838e+02
20260809_06:00:00   7.4282e-01   1.4687e+02   1.2339e+01   0.0000e+00   0.0000e+00   2.6998e+02
20260809_07:00:00   7.3127e-01   1.4529e+02   1.2161e+01   0.0000e+00   0.0000e+00   2.7253e+02
20260809_08:00:00   7.1895e-01   1.4362e+02   1.1945e+01   0.0000e+00   0.0000e+00   2.7722e+02
20260809_09:00:00   7.0444e-01   1.4168e+02   1.1679e+01   0.0000e+00   0.0000e+00   2.8273e+02
20260809_10:00:00   6.9043e-01   1.3980e+02   1.1426e+01   0.0000e+00   0.0000e+00   2.8438e+02
20260809_11:00:00   6.8116e-01   1.3855e+02   1.1265e+01   0.0000e+00   0.0000e+00   2.8361e+02
20260809_12:00:00   6.7710e-01   1.3799e+02   1.1202e+01   0.0000e+00   0.0000e+00   2.8412e+02
20260809_13:00:00   6.8336e-01   1.3882e+02   1.1339e+01   0.0000e+00   0.0000e+00   2.8497e+02
20260809_14:00:00   6.9121e-01   1.3985e+02   1.1510e+01   0.0000e+00   0.0000e+00   2.8420e+02
20260809_15:00:00   6.8795e-01   1.3945e+02   1.1452e+01   0.0000e+00   0.0000e+00   2.8375e+02
20260809_16:00:00   7.0037e-01   1.4105e+02   1.1676e+01   0.0000e+00   1.1420e-06   2.8303e+02
20260809_17:00:00   7.1635e-01   1.4309e+02   1.1986e+01   0.0000e+00   8.1580e-06   2.8208e+02
20260809_18:00:00   7.2005e-01   1.4353e+02   1.2081e+01   0.0000e+00   8.1580e-06   2.8189e+02
20260809_19:00:00   7.1490e-01   1.4285e+02   1.1998e+01   0.0000e+00   8.1580e-06   2.8212e+02
20260809_20:00:00   7.0757e-01   1.4190e+02   1.1854e+01   0.0000e+00   8.1580e-06   2.8196e+02
20260809_21:00:00   7.0600e-01   1.4167e+02   1.1792e+01   0.0000e+00   8.1580e-06   2.8145e+02
20260809_22:00:00   7.1229e-01   1.4242e+02   1.1896e+01   0.0000e+00   8.1580e-06   2.8082e+02
20260809_23:00:00   7.1760e-01   1.4304e+02   1.1989e+01   0.0000e+00   8.1580e-06   2.8111e+02
20260810_00:00:00   7.2201e-01   1.4354e+02   1.2064e+01   0.0000e+00   1.6316e-05   2.8085e+02
20260810_01:00:00   7.4041e-01   1.4575e+02   1.2409e+01   0.0000e+00   1.6316e-05   2.8068e+02
20260810_02:00:00   7.5795e-01   1.4785e+02   1.2720e+01   0.0000e+00   8.1580e-06   2.8074e+02
20260810_03:00:00   7.5240e-01   1.4707e+02   1.2624e+01   0.0000e+00   0.0000e+00   2.8070e+02
20260810_04:00:00   7.4314e-01   1.4585e+02   1.2467e+01   0.0000e+00   7.0160e-06   2.8008e+02
20260810_05:00:00   7.4663e-01   1.4618e+02   1.2561e+01   0.0000e+00   2.5884e-05   2.7970e+02
20260810_06:00:00   7.4618e-01   1.4607e+02   1.2554e+01   0.0000e+00   2.6460e-06   2.7951e+02
20260810_07:00:00   7.5192e-01   1.4677e+02   1.2654e+01   0.0000e+00   1.4242e-05   2.7977e+02
20260810_08:00:00   7.7671e-01   1.4980e+02   1.3093e+01   0.0000e+00   4.1018e-05   2.7848e+02
20260810_09:00:00   8.0929e-01   1.5371e+02   1.3611e+01   0.0000e+00   2.0445e-04   2.7730e+02
20260810_10:00:00   8.3237e-01   1.5648e+02   1.3932e+01   0.0000e+00   6.8303e-04   2.7812e+02
20260810_11:00:00   8.4350e-01   1.5784e+02   1.4080e+01   0.0000e+00   2.1982e-03   2.7936e+02
20260810_12:00:00   8.5477e-01   1.5920e+02   1.4230e+01   0.0000e+00   4.0086e-03   2.7988e+02
20260810_13:00:00   8.6831e-01   1.6088e+02   1.4376e+01   0.0000e+00   3.0706e-03   2.8106e+02
20260810_14:00:00   8.8656e-01   1.6310e+02   1.4546e+01   0.0000e+00   2.1773e-03   2.8286e+02
20260810_15:00:00   9.0787e-01   1.6564e+02   1.4768e+01   0.0000e+00   9.3808e-04   2.8410e+02
20260810_16:00:00   9.2267e-01   1.6736e+02   1.4888e+01   0.0000e+00   6.5660e-05   2.8590e+02
20260810_17:00:00   9.3749e-01   1.6899e+02   1.5020e+01   0.0000e+00   0.0000e+00   2.8372e+02
20260810_18:00:00   9.4783e-01   1.7008e+02   1.5111e+01   0.0000e+00   0.0000e+00   2.8132e+02
20260810_19:00:00   9.5107e-01   1.7040e+02   1.5130e+01   0.0000e+00   0.0000e+00   2.8180e+02
20260810_20:00:00   9.2947e-01   1.6808e+02   1.4780e+01   0.0000e+00   0.0000e+00   2.8290e+02
20260810_21:00:00   9.0299e-01   1.6518e+02   1.4383e+01   0.0000e+00   0.0000e+00   2.8571e+02
20260810_22:00:00   8.7805e-01   1.6240e+02   1.3996e+01   0.0000e+00   2.1742e-05   2.8785e+02
20260810_23:00:00   8.4252e-01   1.5840e+02   1.3419e+01   0.0000e+00   3.5230e-04   2.8589e+02
20260811_00:00:00   8.3528e-01   1.5755e+02   1.3283e+01   0.0000e+00   7.1222e-03   2.8234e+02
20260811_01:00:00   8.6222e-01   1.6056e+02   1.3765e+01   0.0000e+00   2.7410e-02   2.7947e+02
20260811_02:00:00   8.9353e-01   1.6365e+02   1.4434e+01   0.0000e+00   4.6040e-02   2.7841e+02
20260811_03:00:00   8.9118e-01   1.6344e+02   1.4288e+01   0.0000e+00   4.1943e-02   2.8068e+02
20260811_04:00:00   8.8463e-01   1.6300e+02   1.3886e+01   0.0000e+00   1.2960e-02   2.8543e+02
20260811_05:00:00   8.7750e-01   1.6236e+02   1.3539e+01   0.0000e+00   6.2718e-05   2.9299e+02
20260811_06:00:00   8.9386e-01   1.6401e+02   1.3719e+01   0.0000e+00   1.6378e-04   2.9701e+02
20260811_07:00:00   8.9224e-01   1.6371e+02   1.3609e+01   0.0000e+00   7.7571e-04   3.0131e+02
20260811_08:00:00   8.8341e-01   1.6255e+02   1.3517e+01   0.0000e+00   3.5603e-04   3.0292e+02
20260811_09:00:00   8.4468e-01   1.5808e+02   1.3000e+01   0.0000e+00   3.0953e-04   3.0437e+02
20260811_10:00:00   8.2045e-01   1.5527e+02   1.2655e+01   0.0000e+00   0.0000e+00   3.0456e+02
20260811_11:00:00   8.0439e-01   1.5351e+02   1.2418e+01   0.0000e+00   0.0000e+00   3.0329e+02
20260811_12:00:00   7.8728e-01   1.5164e+02   1.2164e+01   0.0000e+00   2.9214e-05   3.0258e+02
20260811_13:00:00   7.6499e-01   1.4892e+02   1.1957e+01   0.0000e+00   1.5530e-03   2.9888e+02
20260811_14:00:00   7.3816e-01   1.4542e+02   1.1715e+01   0.0000e+00   1.9592e-02   2.9750e+02
20260811_15:00:00   7.3273e-01   1.4451e+02   1.1775e+01   1.5126e-04   5.1206e-02   2.9579e+02
20260811_16:00:00   7.4204e-01   1.4551e+02   1.2044e+01   0.0000e+00   6.8121e-02   2.9333e+02
20260811_17:00:00   7.4834e-01   1.4627e+02   1.2178e+01   0.0000e+00   2.7531e-02   2.9196e+02
20260811_18:00:00   7.5214e-01   1.4669e+02   1.2269e+01   0.0000e+00   2.3363e-02   2.9192e+02
20260811_19:00:00   7.4975e-01   1.4640e+02   1.2215e+01   0.0000e+00   1.1326e-02   2.9271e+02
20260811_20:00:00   7.1639e-01   1.4236e+02   1.1583e+01   0.0000e+00   1.9442e-05   2.9448e+02
20260811_21:00:00   6.6972e-01   1.3648e+02   1.0706e+01   0.0000e+00   0.0000e+00   2.9611e+02
20260811_22:00:00   6.4055e-01   1.3259e+02   1.0177e+01   0.0000e+00   0.0000e+00   2.9619e+02
20260811_23:00:00   6.2108e-01   1.2984e+02   9.8458e+00   0.0000e+00   1.0242e-04   2.9617e+02
20260812_00:00:00   6.0917e-01   1.2809e+02   9.6403e+00   0.0000e+00   2.6100e-05   2.9658e+02
20260812_01:00:00   5.8527e-01   1.2456e+02   9.2531e+00   0.0000e+00   0.0000e+00   2.9570e+02
20260812_02:00:00   5.7659e-01   1.2315e+02   9.1024e+00   0.0000e+00   0.0000e+00   2.9462e+02
20260812_03:00:00   5.7510e-01   1.2286e+02   9.0338e+00   0.0000e+00   2.0319e-05   2.9523e+02
20260812_04:00:00   5.8399e-01   1.2411e+02   9.1638e+00   0.0000e+00   2.4925e-04   2.9571e+02
20260812_05:00:00   6.0361e-01   1.2685e+02   9.4901e+00   0.0000e+00   5.1691e-04   2.9275e+02
20260812_06:00:00   6.2768e-01   1.3024e+02   9.9059e+00   0.0000e+00   3.5361e-04   2.9121e+02
20260812_09:00:00   7.1433e-01   1.4218e+02   1.1303e+01   0.0000e+00   4.0787e-04   2.8602e+02
20260812_12:00:00   7.4175e-01   1.4604e+02   1.1764e+01   0.0000e+00   2.2309e-05   2.8453e+02
20260812_15:00:00   7.8163e-01   1.5122e+02   1.2536e+01   0.0000e+00   5.7608e-04   2.8120e+02
20260812_18:00:00   8.1349e-01   1.5499e+02   1.3189e+01   0.0000e+00   4.9920e-03   2.7783e+02
20260812_21:00:00   8.4733e-01   1.5850e+02   1.3736e+01   0.0000e+00   1.4529e-03   2.7816e+02
20260813_00:00:00   8.4845e-01   1.5842e+02   1.3777e+01   0.0000e+00   1.1965e-02   2.7840e+02
20260813_03:00:00   8.3638e-01   1.5695e+02   1.3609e+01   0.0000e+00   2.8004e-03   2.7690e+02
20260813_06:00:00   8.2964e-01   1.5616e+02   1.3435e+01   0.0000e+00   2.6900e-04   2.7718e+02
20260813_09:00:00   8.0963e-01   1.5393e+02   1.2975e+01   0.0000e+00   8.1580e-06   2.7997e+02
20260813_12:00:00   7.8538e-01   1.5114e+02   1.2452e+01   0.0000e+00   0.0000e+00   2.8129e+02
20260813_15:00:00   7.5597e-01   1.4761e+02   1.1987e+01   0.0000e+00   0.0000e+00   2.8382e+02
20260813_18:00:00   7.1432e-01   1.4235e+02   1.1352e+01   0.0000e+00   0.0000e+00   2.8702e+02
20260813_21:00:00   6.6420e-01   1.3578e+02   1.0558e+01   0.0000e+00   0.0000e+00   2.8927e+02
20260814_00:00:00   6.3370e-01   1.3152e+02   1.0080e+01   0.0000e+00   0.0000e+00   2.8988e+02
20260814_03:00:00   6.0445e-01   1.2731e+02   9.6679e+00   0.0000e+00   0.0000e+00   2.9206e+02
20260814_06:00:00   5.6104e-01   1.2080e+02   9.0021e+00   0.0000e+00   0.0000e+00   2.9132e+02
20260814_09:00:00   5.0557e-01   1.1212e+02   8.1591e+00   0.0000e+00   0.0000e+00   2.9218e+02
20260814_12:00:00   4.9964e-01   1.1126e+02   8.0066e+00   0.0000e+00   0.0000e+00   2.9172e+02
20260814_15:00:00   5.2694e-01   1.1585e+02   8.3103e+00   0.0000e+00   0.0000e+00   2.9080e+02
20260814_18:00:00   5.4991e-01   1.1952e+02   8.6035e+00   0.0000e+00   0.0000e+00   2.8942e+02
20260814_21:00:00   5.5551e-01   1.2039e+02   8.7020e+00   0.0000e+00   0.0000e+00   2.8949e+02
20260815_00:00:00   5.4180e-01   1.1814e+02   8.5434e+00   0.0000e+00   0.0000e+00   2.9049e+02
20260815_03:00:00   5.2592e-01   1.1560e+02   8.3455e+00   0.0000e+00   0.0000e+00   2.9063e+02
20260815_06:00:00   5.2125e-01   1.1482e+02   8.2899e+00   0.0000e+00   0.0000e+00   2.9005e+02
20260815_09:00:00   5.1870e-01   1.1436e+02   8.2025e+00   0.0000e+00   0.0000e+00   2.9014e+02
20260815_12:00:00   5.2807e-01   1.1591e+02   8.3339e+00   0.0000e+00   0.0000e+00   2.9191e+02
20260815_15:00:00   5.7513e-01   1.2314e+02   9.0558e+00   0.0000e+00   0.0000e+00   2.9812e+02
20260815_18:00:00   6.5275e-01   1.3425e+02   1.0282e+01   0.0000e+00   0.0000e+00   2.9896e+02
20260815_21:00:00   6.9250e-01   1.3954e+02   1.0854e+01   0.0000e+00   0.0000e+00   2.9501e+02
20260816_00:00:00   7.2315e-01   1.4319e+02   1.1446e+01   0.0000e+00   0.0000e+00   2.9436e+02
20260816_03:00:00   7.5570e-01   1.4704e+02   1.2061e+01   0.0000e+00   2.8292e-04   2.9505e+02
20260816_06:00:00   7.5184e-01   1.4654e+02   1.2042e+01   0.0000e+00   1.1420e-06   2.9270e+02
20260816_09:00:00   7.3777e-01   1.4487e+02   1.1818e+01   0.0000e+00   0.0000e+00   2.9110e+02
20260816_12:00:00   7.3425e-01   1.4457e+02   1.1770e+01   0.0000e+00   0.0000e+00   2.9185e+02
20260816_15:00:00   7.3420e-01   1.4476e+02   1.1770e+01   0.0000e+00   0.0000e+00   2.9177e+02
20260816_18:00:00   7.3935e-01   1.4552e+02   1.1828e+01   0.0000e+00   0.0000e+00   2.9379e+02
20260816_21:00:00   7.5454e-01   1.4723e+02   1.2148e+01   0.0000e+00   4.4880e-05   2.9083e+02
20260817_00:00:00   7.5984e-01   1.4759e+02   1.2328e+01   0.0000e+00   8.5660e-06   2.9014e+02
20260817_03:00:00   7.7327e-01   1.4907e+02   1.2582e+01   0.0000e+00   7.0160e-06   2.8787e+02
20260817_06:00:00   7.6339e-01   1.4793e+02   1.2294e+01   0.0000e+00   1.5302e-05   2.8609e+02
20260817_09:00:00   7.6761e-01   1.4828e+02   1.2212e+01   0.0000e+00   6.9320e-05   2.8600e+02
20260817_12:00:00   8.0955e-01   1.5299e+02   1.2838e+01   0.0000e+00   1.0149e-04   2.8746e+02
20260817_15:00:00   9.7650e-01   1.7078e+02   1.5283e+01   6.2860e-06   1.6273e-03   2.8780e+02
20260817_18:00:00   1.1907e+00   1.9038e+02   1.7898e+01   8.6076e-03   1.1235e-02   2.8857e+02
20260817_21:00:00   1.3099e+00   1.9930e+02   1.8514e+01   3.6009e-02   3.9056e-02   2.8943e+02
20260818_00:00:00   1.5248e+00   2.1348e+02   1.8628e+01   1.1074e-01   2.3187e-01   2.9063e+02
20260818_03:00:00   2.1764e+00   2.4247e+02   1.7634e+01   4.0115e-01   7.0421e-02   2.9451e+02
20260818_06:00:00   2.3113e+00   2.4682e+02   1.6955e+01   4.7239e-01   3.3504e-02   2.9843e+02
20260818_09:00:00   1.8593e+00   2.3140e+02   1.6402e+01   3.0018e-01   1.1007e-02   2.9915e+02
20260818_12:00:00   1.1547e+00   1.8777e+02   1.6141e+01   2.2741e-02   1.1967e-03   2.9996e+02
20260818_15:00:00   1.0458e+00   1.7881e+02   1.3927e+01   3.2577e-02   8.5046e-05   3.0294e+02
20260818_18:00:00   9.9054e-01   1.7364e+02   1.3416e+01   2.8760e-02   7.4714e-05   3.0011e+02
20260818_21:00:00   8.7360e-01   1.6143e+02   1.2949e+01   0.0000e+00   7.2348e-05   2.9628e+02
20260819_00:00:00   8.2568e-01   1.5602e+02   1.2514e+01   0.0000e+00   1.2004e-04   2.9482e+02
20260819_03:00:00   7.6005e-01   1.4822e+02   1.1836e+01   0.0000e+00   2.8693e-04   2.9505e+02
20260819_06:00:00   6.8473e-01   1.3834e+02   1.1046e+01   0.0000e+00   5.5191e-03   2.9261e+02
20260819_09:00:00   6.6366e-01   1.3528e+02   1.1139e+01   0.0000e+00   3.1845e-03   2.9090e+02
20260819_12:00:00   6.6580e-01   1.3586e+02   1.1327e+01   0.0000e+00   6.4843e-03   2.8715e+02
20260819_15:00:00   7.3610e-01   1.4538e+02   1.2575e+01   0.0000e+00   5.0412e-03   2.8563e+02
20260819_18:00:00   7.8640e-01   1.5175e+02   1.3435e+01   0.0000e+00   9.0995e-03   2.8647e+02
20260819_21:00:00   8.4750e-01   1.5882e+02   1.4413e+01   0.0000e+00   3.5116e-02   2.8554e+02
20260820_00:00:00   8.7616e-01   1.6185e+02   1.4890e+01   0.0000e+00   6.8379e-02   2.8669e+02
20260820_03:00:00   8.5820e-01   1.5949e+02   1.4625e+01   0.0000e+00   6.7530e-02   2.9073e+02
20260820_06:00:00   8.6908e-01   1.6105e+02   1.4632e+01   0.0000e+00   1.0900e-02   2.9238e+02
20260820_09:00:00   8.7712e-01   1.6184e+02   1.4589e+01   0.0000e+00   4.4586e-03   2.9302e+02
20260820_12:00:00   9.3123e-01   1.6760e+02   1.5262e+01   0.0000e+00   1.3736e-02   2.9463e+02
20260820_15:00:00   9.5933e-01   1.7035e+02   1.5489e+01   0.0000e+00   7.2506e-02   2.9610e+02
20260820_18:00:00   1.1050e+00   1.8438e+02   1.7186e+01   4.2860e-03   1.1492e-01   2.9486e+02
20260820_21:00:00   2.3946e+00   2.5007e+02   1.9316e+01   4.6287e-01   1.6501e-01   2.9548e+02
20260821_00:00:00   2.8763e+00   2.5951e+02   2.0144e+01   6.2669e-01   1.8945e-01   2.9605e+02
20260821_03:00:00   2.6930e+00   2.5616e+02   1.9812e+01   5.5749e-01   9.3985e-02   2.9728e+02
20260821_06:00:00   1.9888e+00   2.3696e+02   1.8827e+01   2.9835e-01   3.6248e-02   2.9734e+02
20260821_09:00:00   1.2678e+00   1.9724e+02   1.6637e+01   7.5279e-02   5.4048e-02   2.9863e+02
20260821_12:00:00   9.9037e-01   1.7270e+02   1.5084e+01   9.6097e-03   7.4440e-02   2.9997e+02
20260821_15:00:00   1.1016e+00   1.8359e+02   1.4907e+01   5.7046e-02   7.7094e-02   3.0155e+02
20260821_18:00:00   1.4069e+00   2.0751e+02   1.5631e+01   1.5376e-01   3.1513e-02   3.0233e+02
20260821_21:00:00   2.0703e+00   2.3936e+02   1.6096e+01   4.0837e-01   1.0189e-02   3.0569e+02
20260822_00:00:00   2.4119e+00   2.4930e+02   1.6061e+01   5.4581e-01   3.4419e-02   3.0843e+02
20260822_03:00:00   2.4989e+00   2.5142e+02   1.5916e+01   5.8415e-01   1.8721e-02   3.1045e+02
20260822_06:00:00   2.3771e+00   2.4843e+02   1.5688e+01   5.4054e-01   2.9857e-02   3.0951e+02
20260822_09:00:00   2.5610e+00   2.5255e+02   1.5344e+01   6.2687e-01   9.2249e-03   3.1107e+02
20260822_12:00:00   2.1165e+00   2.4060e+02   1.4711e+01   4.5919e-01   4.8894e-03   3.1114e+02
20260822_15:00:00   1.6049e+00   2.1866e+02   1.4361e+01   2.5654e-01   1.8466e-03   3.1240e+02
20260822_18:00:00   1.1886e+00   1.9043e+02   1.4373e+01   8.4534e-02   1.7893e-04   3.1374e+02
20260822_21:00:00   9.9850e-01   1.7299e+02   1.4384e+01   1.1384e-02   2.8780e-05   3.1187e+02
20260823_00:00:00   9.5952e-01   1.6891e+02   1.4226e+01   7.6941e-03   2.1946e-05   3.1225e+02
20260823_03:00:00   9.2664e-01   1.6557e+02   1.3619e+01   1.5167e-02   1.6969e-05   3.1235e+02
20260823_06:00:00   8.1377e-01   1.5316e+02   1.2621e+01   2.4013e-04   1.2752e-05   3.1254e+02
