#            date       tau255        Tb[K]      pwv[mm] lwp[kg*m^-2] iwp[kg*m^-2]       o3[DU]
20260904_06:00:00   9.1353e-01   1.6127e+02   1.3726e+01   0.0000e+00   4.6704e-01   2.8154e+02
20260904_07:00:00   9.3223e-01   1.6323e+02   1.3960e+01   0.0000e+00   4.0652e-01   2.7991e+02
20260904_08:00:00   9.2735e-01   1.6274e+02   1.3877e+01   0.0000e+00   3.4749e-01   2.8141e+02
20260904_09:00:00   9.1523e-01   1.6152e+02   1.3717e+01   0.0000e+00   2.7189e-01   2.8353e+02
20260904_10:00:00   9.0068e-01   1.6007e+02   1.3464e+01   0.0000e+00   2.7294e-01   2.8731e+02
20260904_11:00:00   8.9833e-01   1.5991e+02   1.3419e+01   0.0000e+00   2.6604e-01   2.9277e+02
20260904_12:00:00   9.0038e-01   1.6032e+02   1.3392e+01   5.2780e-05   3.1425e-01   2.9647e+02
20260904_13:00:00   8.6840e-01   1.5718e+02   1.2807e+01   1.3180e-04   1.6861e-01   2.9876e+02
20260904_14:00:00   8.4416e-01   1.5472e+02   1.2374e+01   6.6590e-05   1.7718e-01   2.9968e+02
20260904_15:00:00   8.4423e-01   1.5495e+02   1.2273e+01   1.6766e-04   1.9180e-01   3.0020e+02
20260904_16:00:00   8.2850e-01   1.5334e+02   1.2030e+01   3.0462e-04   1.7347e-01   2.9951e+02
20260904_17:00:00   9.0672e-01   1.6213e+02   1.2128e+01   2.9563e-02   1.9877e-01   2.9825e+02
20260904_18:00:00   1.1276e+00   1.8352e+02   1.2361e+01   1.1499e-01   2.0718e-01   2.9806e+02
20260904_19:00:00   1.1518e+00   1.8587e+02   1.2474e+01   1.2176e-01   1.5903e-01   3.0006e+02
20260904_20:00:00   1.1373e+00   1.8480e+02   1.2456e+01   1.1577e-01   1.5746e-01   3.0395e+02
20260904_21:00:00   1.0513e+00   1.7732e+02   1.2339e+01   8.0147e-02   1.3423e-01   3.0367e+02
20260904_22:00:00   1.0260e+00   1.7512e+02   1.2245e+01   7.1297e-02   1.4774e-01   3.0318e+02
20260904_23:00:00   1.0864e+00   1.8076e+02   1.2281e+01   9.5172e-02   1.6364e-01   3.0057e+02
20260905_00:00:00   1.2257e+00   1.9221e+02   1.2572e+01   1.4607e-01   2.4524e-01   2.9652e+02
20260905_01:00:00   1.2768e+00   1.9607e+02   1.2371e+01   1.7353e-01   1.9701e-01   2.9480e+02
20260905_02:00:00   9.6549e-01   1.6900e+02   1.1775e+01   6.2325e-02   1.2379e-01   2.9140e+02
20260905_03:00:00   8.9631e-01   1.6177e+02   1.1497e+01   4.3559e-02   1.0555e-01   2.8954e+02
20260905_04:00:00   9.2902e-01   1.6520e+02   1.1546e+01   5.8427e-02   1.1561e-01   2.8905e+02
20260905_05:00:00   8.8551e-01   1.6051e+02   1.1789e+01   3.4748e-02   1.8801e-01   2.8779e+02
20260905_06:00:00   8.9186e-01   1.6094e+02   1.2313e+01   2.6428e-02   2.4924e-01   2.8703e+02
20260905_07:00:00   9.1885e-01   1.6374e+02   1.2888e+01   2.5328e-02   2.8834e-01   2.8932e+02
20260905_08:00:00   9.8939e-01   1.7084e+02   1.3652e+01   3.7548e-02   3.3424e-01   2.8979e+02
20260905_09:00:00   9.7341e-01   1.6919e+02   1.4438e+01   1.1860e-02   3.4564e-01   2.8875e+02
20260905_10:00:00   1.0060e+00   1.7248e+02   1.5211e+01   2.9471e-03   3.4231e-01   2.8902e+02
20260905_11:00:00   1.0534e+00   1.7719e+02   1.5500e+01   1.1917e-02   3.0975e-01   2.8754e+02
20260905_12:00:00   1.0481e+00   1.7685e+02   1.5506e+01   6.4188e-03   4.1697e-01   2.8785e+02
20260905_13:00:00   1.0701e+00   1.7903e+02   1.5410e+01   1.6381e-02   3.4002e-01   2.8764e+02
20260905_14:00:00   1.0370e+00   1.7598e+02   1.5485e+01   3.0609e-03   3.3758e-01   2.8679e+02
20260905_15:00:00   1.0572e+00   1.7781e+02   1.5442e+01   1.4071e-02   2.4963e-01   2.8627e+02
20260905_16:00:00   1.1911e+00   1.8963e+02   1.5483e+01   6.4920e-02   2.9084e-01   2.8673e+02
20260905_17:00:00   1.5388e+00   2.1386e+02   1.5416e+01   2.1368e-01   2.2278e-01   2.8584e+02
20260905_18:00:00   1.5775e+00   2.1606e+02   1.5222e+01   2.3475e-01   2.0847e-01   2.8571e+02
20260905_19:00:00   1.7597e+00   2.2562e+02   1.4996e+01   3.1387e-01   2.0267e-01   2.8641e+02
20260905_20:00:00   2.1900e+00   2.4143e+02   1.4614e+01   5.0668e-01   2.0552e-01   2.8853e+02
20260905_21:00:00   2.4326e+00   2.4804e+02   1.4144e+01   6.1590e-01   1.6276e-01   2.8905e+02
20260905_22:00:00   3.1240e+00   2.6014e+02   1.4274e+01   9.0193e-01   1.3299e-01   2.8910e+02
20260905_23:00:00   3.4175e+00   2.6314e+02   1.4167e+01   1.0308e+00   1.4847e-01   2.8965e+02
20260906_00:00:00   3.4764e+00   2.6373e+02   1.4059e+01   1.0566e+00   2.0241e-01   2.8912e+02
20260906_01:00:00   3.3925e+00   2.6312e+02   1.3960e+01   1.0213e+00   1.9298e-01   2.8925e+02
20260906_02:00:00   3.1808e+00   2.6119e+02   1.3621e+01   9.3866e-01   1.4179e-01   2.9150e+02
20260906_03:00:00   2.9322e+00   2.5810e+02   1.3656e+01   8.3290e-01   6.6872e-02   2.9334e+02
20260906_04:00:00   2.9470e+00   2.5832e+02   1.3574e+01   8.4304e-01   5.7451e-02   2.9372e+02
20260906_05:00:00   2.9223e+00   2.5798e+02   1.3638e+01   8.3076e-01   7.8589e-02   2.9435e+02
20260906_06:00:00   2.8111e+00   2.5628e+02   1.3428e+01   7.8874e-01   8.1436e-02   2.9529e+02
20260906_07:00:00   2.9478e+00   2.5834e+02   1.3588e+01   8.4313e-01   4.4880e-02   2.9381e+02
20260906_08:00:00   2.8843e+00   2.5740e+02   1.3755e+01   8.1292e-01   9.1316e-02   2.9290e+02
20260906_09:00:00   2.9612e+00   2.5849e+02   1.3863e+01   8.4475e-01   9.2693e-02   2.9085e+02
20260906_10:00:00   2.9098e+00   2.5765e+02   1.4108e+01   8.1999e-01   1.3661e-01   2.8925e+02
20260906_11:00:00   2.4884e+00   2.4968e+02   1.4599e+01   6.3289e-01   9.8307e-02   2.8781e+02
20260906_12:00:00   2.2387e+00   2.4315e+02   1.4937e+01   5.2041e-01   9.9566e-02   2.8704e+02
20260906_13:00:00   2.0508e+00   2.3736e+02   1.5084e+01   4.3425e-01   3.1994e-01   2.8570e+02
20260906_14:00:00   1.5345e+00   2.1341e+02   1.5424e+01   2.0876e-01   3.5680e-01   2.8600e+02
20260906_15:00:00   1.2607e+00   1.9453e+02   1.5767e+01   8.4386e-02   4.5557e-01   2.8572e+02
20260906_16:00:00   1.4084e+00   2.0539e+02   1.5852e+01   1.3919e-01   6.8610e-01   2.8592e+02
20260906_17:00:00   1.6696e+00   2.2096e+02   1.5985e+01   2.4382e-01   6.3244e-01   2.8608e+02
20260906_18:00:00   1.9922e+00   2.3545e+02   1.6108e+01   3.7268e-01   5.9972e-01   2.8709e+02
20260906_19:00:00   2.1942e+00   2.4234e+02   1.6252e+01   4.5282e-01   5.6905e-01   2.8635e+02
20260906_20:00:00   2.2633e+00   2.4448e+02   1.6462e+01   4.7395e-01   6.8136e-01   2.8465e+02
20260906_21:00:00   2.3498e+00   2.4681e+02   1.6632e+01   5.0558e-01   7.0898e-01   2.8402e+02
20260906_22:00:00   2.2525e+00   2.4415e+02   1.6858e+01   4.5901e-01   6.9406e-01   2.8362e+02
20260906_23:00:00   2.2575e+00   2.4438e+02   1.6974e+01   4.5625e-01   7.4709e-01   2.8385e+02
20260907_00:00:00   2.6530e+00   2.5379e+02   1.7121e+01   6.1541e-01   7.4612e-01   2.8432e+02
20260907_01:00:00   2.8804e+00   2.5782e+02   1.7199e+01   7.0779e-01   7.2801e-01   2.8484e+02
20260907_02:00:00   2.6949e+00   2.5473e+02   1.7078e+01   6.3414e-01   7.3191e-01   2.8640e+02
20260907_03:00:00   2.3967e+00   2.4851e+02   1.7088e+01   5.0674e-01   7.1501e-01   2.8946e+02
20260907_04:00:00   2.3722e+00   2.4808e+02   1.7194e+01   4.9298e-01   6.2467e-01   2.9333e+02
20260907_05:00:00   2.4865e+00   2.5104e+02   1.7336e+01   5.3551e-01   5.1554e-01   2.9456e+02
20260907_06:00:00   3.5775e+00   2.6629e+02   1.7271e+01   9.9113e-01   4.0369e-01   2.9585e+02
20260907_07:00:00   3.7687e+00   2.6754e+02   1.7054e+01   1.0784e+00   5.1899e-01   2.9673e+02
20260907_08:00:00   3.2886e+00   2.6320e+02   1.6616e+01   8.9306e-01   5.5633e-01   2.9745e+02
20260907_09:00:00   3.2006e+00   2.6213e+02   1.6100e+01   8.7020e-01   5.9163e-01   2.9831e+02
20260907_10:00:00   2.8530e+00   2.5749e+02   1.5809e+01   7.2995e-01   6.3907e-01   2.9868e+02
20260907_11:00:00   2.5358e+00   2.5162e+02   1.5645e+01   6.0052e-01   6.0627e-01   2.9824e+02
20260907_12:00:00   2.9153e+00   2.5837e+02   1.5370e+01   7.6878e-01   5.2200e-01   2.9745e+02
20260907_13:00:00   2.8611e+00   2.5731e+02   1.5029e+01   7.5711e-01   6.4836e-01   2.9610e+02
20260907_14:00:00   2.7647e+00   2.5565e+02   1.4653e+01   7.2503e-01   7.1840e-01   2.9422e+02
20260907_15:00:00   3.0565e+00   2.5977e+02   1.4195e+01   8.6291e-01   7.8780e-01   2.9308e+02
20260907_16:00:00   2.9948e+00   2.5866e+02   1.3825e+01   8.5303e-01   7.8652e-01   2.9209e+02
20260907_17:00:00   2.5088e+00   2.4989e+02   1.3391e+01   6.6259e-01   6.3129e-01   2.9354e+02
20260907_18:00:00   1.5814e+00   2.1551e+02   1.2982e+01   2.8497e-01   4.9293e-01   2.9374e+02
20260907_19:00:00   1.1581e+00   1.8600e+02   1.2605e+01   1.1834e-01   4.4433e-01   2.9442e+02
20260907_20:00:00   1.0646e+00   1.7774e+02   1.2217e+01   9.1706e-02   3.2730e-01   2.9722e+02
20260907_21:00:00   1.0454e+00   1.7609e+02   1.1826e+01   9.4332e-02   2.4501e-01   3.0072e+02
20260907_22:00:00   1.0714e+00   1.7852e+02   1.1642e+01   1.0951e-01   2.4812e-01   3.0105e+02
20260907_23:00:00   1.1171e+00   1.8246e+02   1.1641e+01   1.2569e-01   3.7727e-01   2.9800e+02
20260908_00:00:00   1.1206e+00   1.8238e+02   1.1618e+01   1.2831e-01   4.2104e-01   2.9563e+02
20260908_01:00:00   1.0423e+00   1.7507e+02   1.1524e+01   9.9517e-02   3.5555e-01   2.9554e+02
20260908_02:00:00   1.0317e+00   1.7399e+02   1.1447e+01   9.7255e-02   3.2048e-01   2.9602e+02
20260908_03:00:00   1.0817e+00   1.7876e+02   1.1315e+01   1.2218e-01   2.1096e-01   2.9570e+02
20260908_04:00:00   1.1888e+00   1.8791e+02   1.1062e+01   1.7646e-01   1.9529e-01   2.9412e+02
20260908_05:00:00   1.2360e+00   1.9131e+02   1.1030e+01   1.9476e-01   3.7139e-01   2.9234e+02
20260908_06:00:00   1.1260e+00   1.8210e+02   1.0725e+01   1.5651e-01   3.5749e-01   2.9117e+02
20260908_07:00:00   8.0428e-01   1.4872e+02   1.0303e+01   3.1882e-02   3.4962e-01   2.8948e+02
20260908_08:00:00   7.3089e-01   1.3944e+02   9.9557e+00   1.1989e-02   2.4209e-01   2.8646e+02
20260908_09:00:00   6.8176e-01   1.3294e+02   9.6557e+00   4.6693e-04   1.3642e-01   2.8410e+02
20260908_10:00:00   6.6168e-01   1.3015e+02   9.4128e+00   2.3480e-04   7.1797e-02   2.8236e+02
20260908_11:00:00   6.5401e-01   1.2909e+02   9.3057e+00   2.5200e-04   6.7846e-02   2.8190e+02
20260908_12:00:00   6.4620e-01   1.2804e+02   9.2108e+00   2.3635e-04   5.5917e-02   2.8211e+02
20260908_13:00:00   6.4115e-01   1.2735e+02   9.1605e+00   3.3254e-05   3.7119e-02   2.8237e+02
20260908_14:00:00   6.3786e-01   1.2691e+02   9.1089e+00   4.8754e-04   1.1455e-02   2.8295e+02
20260908_15:00:00   6.2926e-01   1.2574e+02   9.0177e+00   8.1355e-05   5.1939e-03   2.8428e+02
20260908_16:00:00   6.1563e-01   1.2388e+02   8.8581e+00   1.3470e-05   4.1114e-03   2.8535e+02
20260908_17:00:00   6.0740e-01   1.2274e+02   8.7667e+00   4.4900e-06   3.3673e-03   2.8705e+02
20260908_18:00:00   5.9672e-01   1.2129e+02   8.6285e+00   0.0000e+00   5.6634e-04   2.9027e+02
20260908_19:00:00   5.9096e-01   1.2051e+02   8.5546e+00   0.0000e+00   6.1830e-05   2.9352e+02
20260908_20:00:00   5.8372e-01   1.1951e+02   8.4636e+00   0.0000e+00   7.6601e-05   2.9449e+02
20260908_21:00:00   5.7510e-01   1.1831e+02   8.3362e+00   0.0000e+00   6.5613e-05   2.9313e+02
20260908_22:00:00   5.6605e-01   1.1703e+02   8.2014e+00   0.0000e+00   6.4158e-05   2.9128e+02
20260908_23:00:00   5.5892e-01   1.1598e+02   8.1101e+00   0.0000e+00   6.7624e-05   2.8867e+02
20260909_00:00:00   5.4958e-01   1.1459e+02   7.9974e+00   0.0000e+00   6.7557e-05   2.8761e+02
20260909_01:00:00   5.2958e-01   1.1160e+02   7.7166e+00   0.0000e+00   3.1067e-05   2.8814e+02
20260909_02:00:00   5.0718e-01   1.0819e+02   7.3885e+00   0.0000e+00   1.2065e-05   2.9043e+02
20260909_03:00:00   4.9352e-01   1.0609e+02   7.1869e+00   0.0000e+00   1.1277e-05   2.9081e+02
20260909_04:00:00   4.7674e-01   1.0349e+02   6.9254e+00   0.0000e+00   7.1108e-06   2.8810e+02
20260909_05:00:00   4.6187e-01   1.0112e+02   6.7015e+00   0.0000e+00   4.8089e-06   2.8607e+02
20260909_06:00:00   4.5045e-01   9.9214e+01   6.5482e+00   0.0000e+00   7.9420e-06   2.8692e+02
20260909_09:00:00   4.7275e-01   1.0241e+02   7.0436e+00   0.0000e+00   1.1819e-02   2.9732e+02
20260909_12:00:00   5.5749e-01   1.1529e+02   8.2589e+00   0.0000e+00   1.2323e-01   2.9756e+02
20260909_15:00:00   6.0066e-01   1.2158e+02   8.7328e+00   0.0000e+00   8.0092e-02   2.9804e+02
20260909_18:00:00   5.9566e-01   1.2085e+02   8.5573e+00   0.0000e+00   1.9975e-02   2.9788e+02
20260909_21:00:00   5.7046e-01   1.1741e+02   8.1028e+00   0.0000e+00   5.4450e-03   2.9723e+02
20260910_00:00:00   5.3387e-01   1.1205e+02   7.5001e+00   0.0000e+00   5.0509e-04   2.9344e+02
20260910_03:00:00   4.9977e-01   1.0680e+02   6.9498e+00   0.0000e+00   6.2668e-05   2.9188e+02
20260910_06:00:00   4.7813e-01   1.0330e+02   6.6598e+00   0.0000e+00   3.6797e-05   2.8954e+02
20260910_09:00:00   4.2878e-01   9.5061e+01   6.0460e+00   0.0000e+00   2.3002e-05   2.9010e+02
20260910_12:00:00   3.8628e-01   8.7849e+01   5.4374e+00   0.0000e+00   4.4545e-06   2.9060e+02
20260910_15:00:00   3.8433e-01   8.7585e+01   5.4072e+00   0.0000e+00   2.7525e-06   2.9482e+02
20260910_18:00:00   3.6354e-01   8.3749e+01   5.1350e+00   0.0000e+00   6.6880e-06   2.9546e+02
20260910_21:00:00   3.4878e-01   8.0951e+01   4.9151e+00   0.0000e+00   4.0780e-06   2.9620e+02
20260911_00:00:00   3.4366e-01   8.0001e+01   4.8271e+00   0.0000e+00   0.0000e+00   2.9188e+02
20260911_03:00:00   3.2363e-01   7.6292e+01   4.5520e+00   0.0000e+00   0.0000e+00   2.9267e+02
20260911_06:00:00   2.9360e-01   7.0610e+01   4.1432e+00   0.0000e+00   0.0000e+00   2.9145e+02
20260911_09:00:00   2.7880e-01   6.7729e+01   3.9322e+00   0.0000e+00   0.0000e+00   2.9304e+02
20260911_12:00:00   2.7610e-01   6.7250e+01   3.8747e+00   0.0000e+00   0.0000e+00   2.9581e+02
20260911_15:00:00   2.9529e-01   7.1109e+01   4.1040e+00   0.0000e+00   0.0000e+00   2.9796e+02
20260911_18:00:00   3.0468e-01   7.3031e+01   4.2136e+00   0.0000e+00   0.0000e+00   2.9485e+02
20260911_21:00:00   2.8392e-01   6.9028e+01   3.9554e+00   0.0000e+00   0.0000e+00   2.9295e+02
20260912_00:00:00   2.6130e-01   6.4451e+01   3.6915e+00   0.0000e+00   0.0000e+00   2.9433e+02
20260912_03:00:00   2.4129e-01   6.0338e+01   3.4538e+00   0.0000e+00   3.7482e-04   2.9663e+02
20260912_06:00:00   2.2655e-01   5.7337e+01   3.2308e+00   0.0000e+00   3.6344e-04   2.9817e+02
20260912_09:00:00   2.2494e-01   5.7008e+01   3.2195e+00   0.0000e+00   3.5547e-04   2.9865e+02
20260912_12:00:00   2.3080e-01   5.8175e+01   3.3341e+00   0.0000e+00   8.0280e-05   3.0092e+02
20260912_15:00:00   2.3836e-01   5.9642e+01   3.4722e+00   0.0000e+00   2.3697e-05   3.0215e+02
20260912_18:00:00   2.4120e-01   6.0271e+01   3.4905e+00   0.0000e+00   0.0000e+00   3.0271e+02
20260912_21:00:00   2.6366e-01   6.4804e+01   3.7799e+00   0.0000e+00   0.0000e+00   3.0459e+02
20260913_00:00:00   2.9451e-01   7.0694e+01   4.2032e+00   0.0000e+00   0.0000e+00   3.0213e+02
20260913_03:00:00   3.1294e-01   7.4028e+01   4.4808e+00   0.0000e+00   0.0000e+00   3.0134e+02
20260913_06:00:00   3.2317e-01   7.5829e+01   4.6030e+00   0.0000e+00   1.5931e-07   3.0261e+02
20260913_09:00:00   3.1381e-01   7.4137e+01   4.3876e+00   0.0000e+00   3.2041e-07   3.0825e+02
20260913_12:00:00   3.2125e-01   7.5712e+01   4.4071e+00   0.0000e+00   1.7865e-06   3.0417e+02
20260913_15:00:00   3.5687e-01   8.2509e+01   4.8507e+00   0.0000e+00   6.8436e-06   3.0020e+02
20260913_18:00:00   4.0281e-01   9.0775e+01   5.4900e+00   0.0000e+00   9.9619e-04   2.9702e+02
20260913_21:00:00   4.6790e-01   1.0148e+02   6.6040e+00   4.9976e-04   2.7467e-02   2.9607e+02
20260914_00:00:00   5.8213e-01   1.1853e+02   8.6329e+00   2.1784e-03   5.4377e-02   2.9237e+02
20260914_03:00:00   5.9818e-01   1.2066e+02   9.1095e+00   4.5540e-04   6.1295e-02   2.8734e+02
20260914_06:00:00   6.4324e-01   1.2702e+02   9.7138e+00   3.6540e-07   1.2343e-01   2.8389e+02
20260914_09:00:00   6.4798e-01   1.2765e+02   9.7792e+00   0.0000e+00   1.2850e-01   2.8381e+02
20260914_12:00:00   6.1793e-01   1.2375e+02   9.2115e+00   0.0000e+00   4.1009e-02   2.8468e+02
20260914_15:00:00   5.9706e-01   1.2111e+02   8.7148e+00   0.0000e+00   3.3076e-02   2.8872e+02
20260914_18:00:00   5.7972e-01   1.1884e+02   8.4273e+00   3.0543e-04   2.1819e-03   2.8822e+02
20260914_21:00:00   5.6094e-01   1.1618e+02   8.0798e+00   6.6899e-04   9.5974e-04   2.8803e+02
20260915_00:00:00   5.5966e-01   1.1593e+02   8.1053e+00   0.0000e+00   4.1755e-03   2.8956e+02
20260915_03:00:00   5.6411e-01   1.1659e+02   8.1980e+00   1.7096e-05   4.8112e-03   2.8768e+02
20260915_06:00:00   6.0593e-01   1.2262e+02   8.8494e+00   0.0000e+00   1.2508e-02   2.8697e+02
20260915_09:00:00   6.5443e-01   1.2928e+02   9.6138e+00   0.0000e+00   4.8866e-02   2.8869e+02
20260915_12:00:00   6.8406e-01   1.3295e+02   1.0261e+01   0.0000e+00   8.0952e-02   2.9313e+02
20260915_15:00:00   7.2928e-01   1.3894e+02   1.0887e+01   0.0000e+00   1.9227e-01   2.9402e+02
20260915_18:00:00   7.2942e-01   1.3912e+02   1.1054e+01   0.0000e+00   1.2440e-01   2.9543e+02
20260915_21:00:00   7.2736e-01   1.3891e+02   1.1133e+01   0.0000e+00   1.4305e-01   2.8980e+02
20260916_00:00:00   7.1264e-01   1.3710e+02   1.0944e+01   0.0000e+00   2.7286e-01   2.8579e+02
20260916_03:00:00   6.3387e-01   1.2672e+02   9.8965e+00   0.0000e+00   1.5275e-01   2.8613e+02
20260916_06:00:00   5.3105e-01   1.1164e+02   8.4232e+00   0.0000e+00   1.1375e-01   2.8874e+02
20260916_09:00:00   4.5409e-01   9.8869e+01   7.3387e+00   0.0000e+00   1.5602e-01   2.8917e+02
20260916_12:00:00   6.6956e-01   1.3148e+02   1.0385e+01   0.0000e+00   1.7390e-01   2.9179e+02
20260916_15:00:00   8.4445e-01   1.5387e+02   1.2352e+01   0.0000e+00   1.8509e-01   2.9345e+02
20260916_18:00:00   8.9185e-01   1.5967e+02   1.2848e+01   9.8727e-04   2.0405e-01   2.9641e+02
20260916_21:00:00   1.3738e+00   2.0244e+02   1.3031e+01   1.9733e-01   1.6845e-01   2.9680e+02
20260917_00:00:00   1.0733e+00   1.7824e+02   1.2626e+01   8.2236e-02   1.9692e-01   2.9758e+02
20260917_03:00:00   1.0177e+00   1.7262e+02   1.2483e+01   6.3570e-02   2.2332e-01   2.9299e+02
20260917_06:00:00   9.7272e-01   1.6803e+02   1.2187e+01   5.1672e-02   3.3393e-01   2.9217e+02
20260917_09:00:00   8.6790e-01   1.5662e+02   1.1893e+01   1.4562e-02   3.4289e-01   2.9596e+02
20260917_12:00:00   8.0066e-01   1.4872e+02   1.1484e+01   8.9450e-05   2.3566e-01   3.0032e+02
20260917_15:00:00   7.7769e-01   1.4603e+02   1.1197e+01   8.6492e-04   9.4513e-02   3.0155e+02
20260917_18:00:00   8.0148e-01   1.4901e+02   1.1129e+01   1.0958e-02   8.9583e-02   3.0362e+02
20260917_21:00:00   7.6876e-01   1.4504e+02   1.0832e+01   4.1566e-03   3.2567e-02   3.0758e+02
20260918_00:00:00   7.6051e-01   1.4429e+02   1.0003e+01   2.1236e-02   2.2176e-03   3.1209e+02
20260918_03:00:00   8.1635e-01   1.5111e+02   9.4856e+00   5.6988e-02   7.7368e-03   3.1625e+02
20260918_06:00:00   9.6613e-01   1.6716e+02   8.8923e+00   1.4140e-01   9.7233e-03   3.2036e+02
20260918_09:00:00   9.0161e-01   1.6000e+02   8.6156e+00   1.2548e-01   5.7421e-03   3.2311e+02
20260918_12:00:00   7.7631e-01   1.4535e+02   8.4525e+00   7.6708e-02   1.1598e-02   3.2393e+02
20260918_15:00:00   7.0131e-01   1.3584e+02   8.1151e+00   5.3905e-02   6.6876e-03   3.2983e+02
20260918_18:00:00   7.6742e-01   1.4418e+02   7.8196e+00   9.1003e-02   7.9783e-03   3.3565e+02
20260918_21:00:00   6.6861e-01   1.3146e+02   7.7738e+00   4.7860e-02   1.0773e-02   3.3979e+02
20260919_00:00:00   6.8690e-01   1.3370e+02   8.0782e+00   4.6467e-02   9.7223e-03   3.4127e+02
20260919_03:00:00   6.3408e-01   1.2634e+02   8.3028e+00   1.3635e-02   5.4393e-02   3.4219e+02
20260919_06:00:00   5.9602e-01   1.2063e+02   8.1826e+00   2.6560e-06   7.5222e-02   3.4348e+02
20260919_09:00:00   5.8954e-01   1.1964e+02   8.0547e+00   0.0000e+00   1.3687e-01   3.4956e+02
20260919_12:00:00   5.8080e-01   1.1844e+02   7.9233e+00   0.0000e+00   7.6034e-02   3.5023e+02
20260919_15:00:00   5.7021e-01   1.1702e+02   7.7842e+00   0.0000e+00   5.7050e-02   3.5019e+02
20260919_18:00:00   5.9817e-01   1.2134e+02   8.1444e+00   0.0000e+00   8.9666e-02   3.4715e+02
20260919_21:00:00   6.3674e-01   1.2700e+02   8.5883e+00   5.1636e-05   2.8935e-01   3.4815e+02
20260920_00:00:00   5.9539e-01   1.2116e+02   8.2077e+00   0.0000e+00   1.3352e-01   3.4642e+02
20260920_03:00:00   5.6329e-01   1.1609e+02   7.7980e+00   0.0000e+00   2.4224e-01   3.4415e+02
20260920_06:00:00   5.7684e-01   1.1807e+02   7.9481e+00   0.0000e+00   2.6814e-01   3.3883e+02
