#            date       tau255        Tb[K]      pwv[mm] lwp[kg*m^-2] iwp[kg*m^-2]       o3[DU]
20260830_12:00:00   5.8217e-01   1.2122e+02   8.4855e+00   0.0000e+00   7.7291e-06   2.8138e+02
20260830_13:00:00   5.7638e-01   1.2043e+02   8.4085e+00   0.0000e+00   6.7198e-06   2.8254e+02
20260830_14:00:00   5.6641e-01   1.1903e+02   8.2766e+00   0.0000e+00   4.0844e-06   2.8196e+02
20260830_15:00:00   5.5134e-01   1.1690e+02   8.0699e+00   0.0000e+00   3.4268e-06   2.8186e+02
20260830_16:00:00   5.3867e-01   1.1510e+02   7.8849e+00   0.0000e+00   1.2442e-06   2.8345e+02
20260830_17:00:00   5.2718e-01   1.1344e+02   7.7075e+00   0.0000e+00   1.0198e-06   2.8497e+02
20260830_18:00:00   5.1369e-01   1.1146e+02   7.5047e+00   0.0000e+00   3.6540e-08   2.8635e+02
20260830_19:00:00   5.0410e-01   1.1000e+02   7.3558e+00   0.0000e+00   3.6540e-08   2.8667e+02
20260830_20:00:00   4.9248e-01   1.0818e+02   7.1981e+00   0.0000e+00   0.0000e+00   2.8664e+02
20260830_21:00:00   4.7837e-01   1.0588e+02   7.0409e+00   0.0000e+00   0.0000e+00   2.8419e+02
20260830_22:00:00   4.5964e-01   1.0276e+02   6.8625e+00   0.0000e+00   0.0000e+00   2.8014e+02
20260830_23:00:00   4.5214e-01   1.0134e+02   6.8762e+00   0.0000e+00   7.7415e-05   2.7645e+02
20260831_00:00:00   4.4283e-01   9.9615e+01   6.8520e+00   0.0000e+00   3.2499e-04   2.7421e+02
20260831_01:00:00   4.3485e-01   9.8142e+01   6.8439e+00   0.0000e+00   2.8660e-03   2.7340e+02
20260831_02:00:00   4.3383e-01   9.7865e+01   6.9148e+00   0.0000e+00   4.1647e-03   2.7321e+02
20260831_03:00:00   4.3524e-01   9.8029e+01   7.0080e+00   0.0000e+00   6.2113e-03   2.7268e+02
20260831_04:00:00   4.4046e-01   9.8847e+01   7.1652e+00   0.0000e+00   8.0739e-03   2.7261e+02
20260831_05:00:00   4.5015e-01   1.0036e+02   7.4025e+00   0.0000e+00   6.4619e-03   2.7356e+02
20260831_06:00:00   4.6134e-01   1.0212e+02   7.6593e+00   0.0000e+00   4.1276e-03   2.7426e+02
20260831_07:00:00   4.7501e-01   1.0429e+02   7.9360e+00   0.0000e+00   5.6696e-03   2.7387e+02
20260831_08:00:00   4.9088e-01   1.0675e+02   8.2513e+00   0.0000e+00   1.6497e-02   2.7328e+02
20260831_09:00:00   5.0775e-01   1.0935e+02   8.5711e+00   0.0000e+00   2.4063e-02   2.7277e+02
20260831_10:00:00   5.2781e-01   1.1241e+02   8.9303e+00   0.0000e+00   5.8307e-02   2.7058e+02
20260831_11:00:00   5.5664e-01   1.1679e+02   9.4115e+00   0.0000e+00   7.3001e-02   2.6942e+02
20260831_12:00:00   5.7591e-01   1.1967e+02   9.7543e+00   0.0000e+00   6.1514e-02   2.6924e+02
20260831_13:00:00   5.9020e-01   1.2177e+02   1.0003e+01   0.0000e+00   3.2173e-02   2.6952e+02
20260831_14:00:00   6.1076e-01   1.2479e+02   1.0330e+01   0.0000e+00   3.3043e-03   2.7078e+02
20260831_15:00:00   6.1696e-01   1.2576e+02   1.0423e+01   0.0000e+00   5.4321e-04   2.6999e+02
20260831_16:00:00   6.1587e-01   1.2566e+02   1.0422e+01   0.0000e+00   5.2373e-04   2.6878e+02
20260831_17:00:00   6.2015e-01   1.2634e+02   1.0464e+01   0.0000e+00   2.4432e-05   2.6722e+02
20260831_18:00:00   6.2432e-01   1.2704e+02   1.0518e+01   0.0000e+00   9.8088e-05   2.6664e+02
20260831_19:00:00   6.4668e-01   1.3015e+02   1.0877e+01   0.0000e+00   1.1322e-03   2.6829e+02
20260831_20:00:00   6.6228e-01   1.3237e+02   1.1121e+01   0.0000e+00   6.3404e-04   2.6839e+02
20260831_21:00:00   6.7948e-01   1.3468e+02   1.1392e+01   0.0000e+00   2.6532e-04   2.6665e+02
20260831_22:00:00   6.9023e-01   1.3606e+02   1.1540e+01   0.0000e+00   3.0859e-04   2.6576e+02
20260831_23:00:00   7.1193e-01   1.3875e+02   1.1896e+01   0.0000e+00   4.3489e-03   2.6610e+02
20260901_00:00:00   7.3080e-01   1.4107e+02   1.2181e+01   0.0000e+00   2.6475e-02   2.6698e+02
20260901_01:00:00   7.4406e-01   1.4278e+02   1.2321e+01   0.0000e+00   5.5216e-02   2.6888e+02
20260901_02:00:00   7.3865e-01   1.4215e+02   1.2151e+01   0.0000e+00   4.0240e-02   2.7140e+02
20260901_03:00:00   7.5458e-01   1.4406e+02   1.2389e+01   0.0000e+00   4.5062e-02   2.7254e+02
20260901_04:00:00   7.6202e-01   1.4495e+02   1.2504e+01   0.0000e+00   1.1188e-02   2.7337e+02
20260901_05:00:00   7.8565e-01   1.4770e+02   1.2829e+01   0.0000e+00   8.6470e-02   2.7364e+02
20260901_06:00:00   8.2407e-01   1.5225e+02   1.3301e+01   0.0000e+00   2.0740e-01   2.7342e+02
20260901_07:00:00   8.5974e-01   1.5635e+02   1.3767e+01   0.0000e+00   2.1285e-01   2.7314e+02
20260901_08:00:00   8.9335e-01   1.6001e+02   1.4112e+01   9.7920e-04   3.2697e-01   2.7263e+02
20260901_09:00:00   9.8533e-01   1.6953e+02   1.4454e+01   2.6380e-02   4.0658e-01   2.7065e+02
20260901_10:00:00   1.0339e+00   1.7423e+02   1.4830e+01   3.3198e-02   3.6231e-01   2.6927e+02
20260901_11:00:00   1.0594e+00   1.7656e+02   1.5073e+01   3.4179e-02   3.3764e-01   2.6964e+02
20260901_12:00:00   1.0579e+00   1.7638e+02   1.5370e+01   2.1797e-02   3.2003e-01   2.7009e+02
20260901_13:00:00   1.0975e+00   1.7998e+02   1.5611e+01   2.9130e-02   2.0212e-01   2.6940e+02
20260901_14:00:00   1.1160e+00   1.8169e+02   1.5280e+01   4.6828e-02   1.3155e-01   2.6868e+02
20260901_15:00:00   1.0778e+00   1.7838e+02   1.4797e+01   4.4888e-02   1.2275e-01   2.6813e+02
20260901_16:00:00   1.0190e+00   1.7302e+02   1.4620e+01   2.5601e-02   7.1265e-02   2.6833e+02
20260901_17:00:00   9.8772e-01   1.7002e+02   1.4544e+01   1.4572e-02   6.8356e-02   2.6822e+02
20260901_18:00:00   9.7179e-01   1.6847e+02   1.4518e+01   8.7105e-03   7.3304e-02   2.6856e+02
20260901_19:00:00   9.5774e-01   1.6707e+02   1.4469e+01   4.5238e-03   7.1545e-02   2.7036e+02
20260901_20:00:00   9.4669e-01   1.6597e+02   1.4415e+01   2.1689e-03   6.3253e-02   2.7143e+02
20260901_21:00:00   9.3787e-01   1.6504e+02   1.4317e+01   1.8018e-03   4.7989e-02   2.7217e+02
20260901_22:00:00   9.3775e-01   1.6499e+02   1.4288e+01   2.4551e-03   4.1817e-02   2.7350e+02
20260901_23:00:00   9.3327e-01   1.6450e+02   1.4175e+01   4.0185e-03   2.9125e-02   2.7462e+02
20260902_00:00:00   9.2173e-01   1.6329e+02   1.4014e+01   4.1959e-03   2.1993e-02   2.7639e+02
20260902_01:00:00   9.1558e-01   1.6264e+02   1.3946e+01   3.5620e-03   1.2486e-02   2.7718e+02
20260902_02:00:00   9.0876e-01   1.6187e+02   1.3922e+01   1.1599e-03   8.1207e-03   2.7694e+02
20260902_03:00:00   9.1102e-01   1.6205e+02   1.3909e+01   1.7033e-03   5.7735e-03   2.7562e+02
20260902_04:00:00   9.3595e-01   1.6471e+02   1.4065e+01   6.2458e-03   4.5722e-03   2.7458e+02
20260902_05:00:00   9.5744e-01   1.6697e+02   1.4197e+01   1.0721e-02   4.3613e-03   2.7341e+02
20260902_06:00:00   9.8212e-01   1.6945e+02   1.4235e+01   2.0329e-02   7.9982e-03   2.7159e+02
20260902_07:00:00   9.7868e-01   1.6909e+02   1.4201e+01   2.0181e-02   1.1520e-02   2.7051e+02
20260902_08:00:00   9.6202e-01   1.6735e+02   1.4163e+01   1.4471e-02   1.5580e-02   2.7120e+02
20260902_09:00:00   9.4023e-01   1.6511e+02   1.4206e+01   3.7170e-03   1.2694e-02   2.7356e+02
20260902_10:00:00   9.3597e-01   1.6468e+02   1.4257e+01   1.1253e-04   7.3030e-03   2.7649e+02
20260902_11:00:00   9.7705e-01   1.6898e+02   1.4317e+01   1.5367e-02   7.4438e-03   2.7802e+02
20260902_12:00:00   9.8283e-01   1.6961e+02   1.4326e+01   1.7974e-02   6.7975e-03   2.7913e+02
20260902_13:00:00   9.6621e-01   1.6800e+02   1.4255e+01   1.3914e-02   8.7429e-03   2.7945e+02
20260902_14:00:00   9.2984e-01   1.6428e+02   1.4094e+01   4.3800e-03   8.8474e-03   2.8009e+02
20260902_15:00:00   9.0419e-01   1.6158e+02   1.3911e+01   4.4040e-05   1.1371e-02   2.8136e+02
20260902_16:00:00   8.9579e-01   1.6069e+02   1.3809e+01   1.7129e-04   1.9908e-02   2.8187e+02
20260902_17:00:00   8.9011e-01   1.6012e+02   1.3732e+01   4.3881e-04   2.9427e-02   2.8207e+02
20260902_18:00:00   8.8694e-01   1.5979e+02   1.3685e+01   5.6442e-04   4.8845e-02   2.8312e+02
20260902_19:00:00   8.8479e-01   1.5956e+02   1.3678e+01   0.0000e+00   6.1727e-02   2.8495e+02
20260902_20:00:00   8.8718e-01   1.5985e+02   1.3719e+01   0.0000e+00   5.4952e-02   2.8601e+02
20260902_21:00:00   8.9315e-01   1.6050e+02   1.3803e+01   0.0000e+00   4.6080e-02   2.8662e+02
20260902_22:00:00   9.0088e-01   1.6135e+02   1.3901e+01   0.0000e+00   4.6859e-02   2.8680e+02
20260902_23:00:00   9.0913e-01   1.6223e+02   1.3998e+01   0.0000e+00   4.4766e-02   2.8687e+02
20260903_00:00:00   9.1924e-01   1.6327e+02   1.4102e+01   0.0000e+00   4.8983e-02   2.8706e+02
20260903_01:00:00   9.3013e-01   1.6442e+02   1.4221e+01   0.0000e+00   4.4342e-02   2.8662e+02
20260903_02:00:00   9.4304e-01   1.6574e+02   1.4341e+01   0.0000e+00   6.5836e-02   2.8612e+02
20260903_03:00:00   9.5769e-01   1.6726e+02   1.4491e+01   0.0000e+00   6.4304e-02   2.8580e+02
20260903_04:00:00   9.6651e-01   1.6817e+02   1.4584e+01   0.0000e+00   3.1781e-02   2.8597e+02
20260903_05:00:00   9.7859e-01   1.6935e+02   1.4704e+01   0.0000e+00   5.3614e-02   2.8570e+02
20260903_06:00:00   9.9018e-01   1.7050e+02   1.4807e+01   0.0000e+00   7.7871e-02   2.8517e+02
20260903_07:00:00   9.9844e-01   1.7129e+02   1.4846e+01   0.0000e+00   1.2155e-01   2.8589e+02
20260903_08:00:00   1.0041e+00   1.7193e+02   1.4813e+01   6.8010e-04   1.1065e-01   2.8600e+02
20260903_09:00:00   1.0015e+00   1.7185e+02   1.4473e+01   5.5860e-03   9.6499e-02   2.8679e+02
20260903_10:00:00   9.7653e-01   1.6955e+02   1.3969e+01   5.8920e-03   7.0426e-02   2.8811e+02
20260903_11:00:00   9.5399e-01   1.6734e+02   1.3633e+01   3.7460e-03   7.4401e-02   2.8923e+02
20260903_12:00:00   9.6196e-01   1.6838e+02   1.3287e+01   1.5136e-02   4.0791e-02   2.9011e+02
20260903_13:00:00   9.5544e-01   1.6784e+02   1.2885e+01   2.1749e-02   3.2508e-02   2.9166e+02
20260903_14:00:00   9.9784e-01   1.7240e+02   1.2572e+01   4.6303e-02   5.0611e-02   2.9263e+02
20260903_15:00:00   1.0562e+00   1.7820e+02   1.2411e+01   7.4430e-02   4.8470e-02   2.9366e+02
20260903_16:00:00   1.0756e+00   1.7997e+02   1.2385e+01   8.4288e-02   4.8326e-02   2.9518e+02
20260903_17:00:00   1.1237e+00   1.8433e+02   1.2389e+01   1.0547e-01   3.8392e-02   2.9710e+02
20260903_18:00:00   1.1007e+00   1.8220e+02   1.2275e+01   1.0074e-01   3.5140e-02   2.9789e+02
20260903_19:00:00   1.0880e+00   1.8092e+02   1.2179e+01   9.9865e-02   2.7867e-02   2.9767e+02
20260903_20:00:00   1.1252e+00   1.8428e+02   1.1873e+01   1.2402e-01   1.9994e-02   2.9783e+02
20260903_21:00:00   1.0437e+00   1.7677e+02   1.1380e+01   1.0386e-01   1.6863e-02   2.9850e+02
20260903_22:00:00   9.3378e-01   1.6569e+02   1.0903e+01   7.1652e-02   1.0984e-02   2.9843e+02
20260903_23:00:00   8.7414e-01   1.5923e+02   1.0467e+01   5.8835e-02   8.8704e-03   2.9735e+02
20260904_00:00:00   8.4017e-01   1.5528e+02   1.0141e+01   5.4347e-02   7.6212e-03   2.9465e+02
20260904_01:00:00   8.3839e-01   1.5485e+02   9.9448e+00   6.0112e-02   1.1294e-02   2.9245e+02
20260904_02:00:00   8.2182e-01   1.5286e+02   9.7772e+00   5.7983e-02   6.8450e-03   2.9339e+02
20260904_03:00:00   7.9023e-01   1.4899e+02   9.7054e+00   4.6834e-02   6.2452e-03   2.9706e+02
20260904_04:00:00   7.3617e-01   1.4233e+02   9.4745e+00   3.0005e-02   2.9566e-03   2.9857e+02
20260904_05:00:00   6.6908e-01   1.3365e+02   9.1207e+00   1.0415e-02   1.2990e-03   3.0040e+02
20260904_06:00:00   6.7911e-01   1.3502e+02   8.8088e+00   2.1935e-02   1.8433e-03   3.0164e+02
20260904_07:00:00   7.0186e-01   1.3806e+02   8.6292e+00   3.5135e-02   3.2828e-03   3.0053e+02
20260904_08:00:00   7.4392e-01   1.4349e+02   8.5788e+00   5.2982e-02   6.5121e-03   2.9797e+02
20260904_09:00:00   7.8258e-01   1.4845e+02   8.4485e+00   7.1801e-02   8.0930e-03   2.9577e+02
20260904_10:00:00   8.1987e-01   1.5291e+02   8.4626e+00   8.6765e-02   1.1503e-02   2.9412e+02
20260904_11:00:00   8.7567e-01   1.5931e+02   8.5570e+00   1.0631e-01   2.1276e-02   2.9378e+02
20260904_12:00:00   8.6219e-01   1.5789e+02   8.5902e+00   9.8658e-02   2.4754e-02   2.9486e+02
20260904_15:00:00   6.8087e-01   1.3526e+02   8.3509e+00   3.3138e-02   2.1587e-02   2.9868e+02
20260904_18:00:00   5.5135e-01   1.1609e+02   7.8343e+00   7.2788e-03   3.5808e-03   3.0182e+02
20260904_21:00:00   4.9850e-01   1.0777e+02   7.4979e+00   1.5964e-04   1.9414e-03   3.0005e+02
20260905_00:00:00   4.6924e-01   1.0327e+02   6.9678e+00   0.0000e+00   3.4038e-03   2.8934e+02
20260905_03:00:00   5.6612e-01   1.1825e+02   8.7233e+00   4.6755e-05   2.8527e-02   2.8278e+02
20260905_06:00:00   7.5180e-01   1.4329e+02   1.1976e+01   1.1793e-03   2.7005e-01   2.8185e+02
20260905_09:00:00   1.2894e+00   1.9571e+02   1.7097e+01   7.7897e-02   7.9714e-01   2.8429e+02
20260905_12:00:00   1.2233e+00   1.9085e+02   1.6806e+01   6.0850e-02   3.6926e-01   2.8553e+02
20260905_15:00:00   1.0397e+00   1.7433e+02   1.5162e+01   1.5046e-02   7.2434e-01   2.8739e+02
20260905_18:00:00   7.1995e-01   1.4061e+02   9.6167e+00   2.4636e-02   4.5463e-02   2.9605e+02
20260905_21:00:00   9.3483e-01   1.6513e+02   9.7464e+00   1.0758e-01   4.9437e-02   2.9971e+02
20260906_00:00:00   8.3579e-01   1.5292e+02   1.0226e+01   4.8881e-02   2.4365e-01   3.1005e+02
20260906_03:00:00   7.0749e-01   1.3717e+02   9.4448e+00   1.2867e-02   1.3470e-01   3.0776e+02
20260906_06:00:00   8.4085e-01   1.5348e+02   1.0042e+01   4.8919e-02   5.7291e-01   3.0295e+02
20260906_09:00:00   7.4171e-01   1.4114e+02   9.6304e+00   2.1776e-02   3.7958e-01   3.1038e+02
20260906_12:00:00   6.6328e-01   1.3065e+02   9.2829e+00   8.2110e-04   2.6086e-01   3.2590e+02
20260906_15:00:00   6.8449e-01   1.3368e+02   9.4487e+00   1.2909e-03   3.5170e-01   3.2438e+02
20260906_18:00:00   6.9229e-01   1.3469e+02   9.1492e+00   1.3314e-02   2.4738e-01   3.2465e+02
20260906_21:00:00   6.5835e-01   1.2993e+02   8.8518e+00   9.6504e-03   1.0713e-01   3.2582e+02
20260907_00:00:00   6.0745e-01   1.2269e+02   8.4390e+00   1.6521e-03   3.5774e-03   3.3028e+02
20260907_03:00:00   5.9579e-01   1.2114e+02   8.0651e+00   7.3442e-03   4.9989e-03   3.3108e+02
20260907_06:00:00   5.5255e-01   1.1457e+02   7.6879e+00   3.9760e-03   2.5650e-03   3.2546e+02
20260907_09:00:00   5.2475e-01   1.1009e+02   7.5388e+00   1.8520e-04   3.2183e-04   3.1876e+02
20260907_12:00:00   5.1279e-01   1.0818e+02   7.4715e+00   0.0000e+00   6.1348e-05   3.1760e+02
20260907_15:00:00   5.3669e-01   1.1197e+02   7.8580e+00   0.0000e+00   2.1375e-04   3.0752e+02
20260907_18:00:00   5.6959e-01   1.1704e+02   8.2886e+00   0.0000e+00   2.4169e-04   3.0822e+02
20260907_21:00:00   5.6765e-01   1.1699e+02   8.1868e+00   0.0000e+00   3.8623e-04   3.0434e+02
20260908_00:00:00   5.4984e-01   1.1433e+02   7.9596e+00   0.0000e+00   7.4337e-04   2.9489e+02
20260908_03:00:00   5.6248e-01   1.1617e+02   8.2154e+00   3.3103e-04   1.1402e-03   2.9060e+02
20260908_06:00:00   5.7869e-01   1.1859e+02   8.4769e+00   1.6976e-03   4.8322e-03   2.8787e+02
20260908_09:00:00   6.3126e-01   1.2597e+02   9.3322e+00   2.0070e-03   2.6748e-02   2.8985e+02
20260908_12:00:00   8.9373e-01   1.5813e+02   1.0691e+01   7.8575e-02   1.1614e-01   2.9245e+02
20260908_15:00:00   8.1714e-01   1.4982e+02   1.1459e+01   1.8996e-02   1.4329e-01   2.9576e+02
20260908_18:00:00   8.1834e-01   1.5008e+02   1.1910e+01   5.4585e-03   2.1709e-01   2.9429e+02
20260908_21:00:00   8.1045e-01   1.4946e+02   1.1548e+01   1.2882e-02   3.0340e-02   2.9581e+02
20260909_00:00:00   6.8259e-01   1.3396e+02   9.6195e+00   9.0743e-03   7.8687e-03   2.9585e+02
20260909_03:00:00   5.3360e-01   1.1290e+02   7.2003e+00   1.0589e-02   1.5268e-03   2.9532e+02
20260909_06:00:00   4.2461e-01   9.5061e+01   5.9662e+00   3.7180e-06   1.8337e-05   2.9852e+02
20260909_09:00:00   4.0788e-01   9.1808e+01   5.9132e+00   0.0000e+00   4.8524e-06   3.0462e+02
20260909_12:00:00   4.0521e-01   9.1402e+01   5.9733e+00   0.0000e+00   8.1758e-07   2.9985e+02
20260909_15:00:00   4.5836e-01   1.0051e+02   6.7764e+00   0.0000e+00   8.3028e-07   2.9726e+02
20260909_18:00:00   4.7011e-01   1.0268e+02   6.8221e+00   0.0000e+00   1.2347e-05   2.9004e+02
20260909_21:00:00   4.3584e-01   9.7128e+01   6.1293e+00   0.0000e+00   7.2045e-06   2.9607e+02
20260910_00:00:00   4.9673e-01   1.0657e+02   7.5228e+00   0.0000e+00   8.1905e-03   2.8811e+02
20260910_03:00:00   6.0799e-01   1.2315e+02   9.4185e+00   0.0000e+00   1.9237e-02   2.7983e+02
20260910_06:00:00   6.5090e-01   1.2911e+02   1.0169e+01   7.1226e-05   4.6163e-02   2.7470e+02
20260910_09:00:00   7.2308e-01   1.3847e+02   1.1487e+01   0.0000e+00   5.3779e-02   2.7021e+02
20260910_12:00:00   7.8864e-01   1.4667e+02   1.2552e+01   0.0000e+00   4.6493e-02   2.6527e+02
20260910_15:00:00   8.4444e-01   1.5335e+02   1.3472e+01   0.0000e+00   1.0621e-01   2.6015e+02
20260910_18:00:00   8.8469e-01   1.5807e+02   1.4165e+01   0.0000e+00   8.4583e-02   2.5325e+02
20260910_21:00:00   9.1783e-01   1.6178e+02   1.4706e+01   0.0000e+00   2.2080e-01   2.4956e+02
20260911_00:00:00   9.1765e-01   1.6179e+02   1.4784e+01   0.0000e+00   2.8692e-01   2.4671e+02
20260911_03:00:00   9.1163e-01   1.6111e+02   1.4755e+01   0.0000e+00   4.1440e-01   2.4345e+02
20260911_06:00:00   8.7284e-01   1.5699e+02   1.4349e+01   0.0000e+00   2.9096e-01   2.4165e+02
20260911_09:00:00   7.3812e-01   1.4113e+02   1.2585e+01   0.0000e+00   1.0576e-01   2.4510e+02
20260911_12:00:00   5.3449e-01   1.1333e+02   9.2353e+00   0.0000e+00   1.0569e-02   2.4489e+02
20260911_15:00:00   4.1863e-01   9.4687e+01   7.0944e+00   0.0000e+00   4.4312e-03   2.4213e+02
20260911_18:00:00   4.3336e-01   9.7102e+01   7.4596e+00   0.0000e+00   4.9730e-02   2.4257e+02
20260911_21:00:00   4.0397e-01   9.2561e+01   6.6778e+00   0.0000e+00   1.7667e-02   2.4440e+02
20260912_00:00:00   4.0850e-01   9.2898e+01   7.0676e+00   0.0000e+00   3.9055e-03   2.4333e+02
20260912_03:00:00   4.0292e-01   9.1996e+01   6.9504e+00   0.0000e+00   7.7731e-04   2.4034e+02
20260912_06:00:00   3.5922e-01   8.4223e+01   6.1874e+00   0.0000e+00   0.0000e+00   2.3837e+02
20260912_09:00:00   3.5091e-01   8.2931e+01   5.9490e+00   0.0000e+00   0.0000e+00   2.3842e+02
20260912_12:00:00   3.3485e-01   8.0110e+01   5.6326e+00   0.0000e+00   1.4276e-06   2.3921e+02
20260912_15:00:00   3.4470e-01   8.2080e+01   5.8265e+00   0.0000e+00   7.1720e-06   2.3687e+02
20260912_18:00:00   3.9859e-01   9.2153e+01   6.7788e+00   0.0000e+00   2.6100e-06   2.3637e+02
20260912_21:00:00   4.9933e-01   1.0886e+02   8.7282e+00   0.0000e+00   2.4219e-04   2.3570e+02
20260913_00:00:00   6.1456e-01   1.2604e+02   1.0880e+01   0.0000e+00   5.8550e-04   2.3873e+02
20260913_03:00:00   6.6402e-01   1.3293e+02   1.1666e+01   0.0000e+00   8.1580e-06   2.4635e+02
20260913_06:00:00   5.5007e-01   1.1667e+02   9.5268e+00   0.0000e+00   0.0000e+00   2.5295e+02
20260913_09:00:00   3.9670e-01   9.1276e+01   6.6838e+00   0.0000e+00   0.0000e+00   2.6106e+02
20260913_12:00:00   4.5840e-01   1.0133e+02   7.7502e+00   0.0000e+00   0.0000e+00   2.6596e+02
20260913_15:00:00   4.2061e-01   9.4848e+01   6.7938e+00   0.0000e+00   0.0000e+00   2.6720e+02
20260913_18:00:00   3.6628e-01   8.5427e+01   5.6583e+00   0.0000e+00   0.0000e+00   2.7190e+02
20260913_21:00:00   3.0928e-01   7.4981e+01   4.6403e+00   0.0000e+00   0.0000e+00   2.9391e+02
20260914_00:00:00   2.7650e-01   6.8421e+01   4.1425e+00   0.0000e+00   0.0000e+00   2.9924e+02
20260914_03:00:00   2.9708e-01   7.2273e+01   4.4905e+00   0.0000e+00   0.0000e+00   3.0286e+02
20260914_06:00:00   3.9866e-01   9.1381e+01   5.9053e+00   0.0000e+00   0.0000e+00   3.0625e+02
20260914_09:00:00   6.2130e-01   1.2635e+02   9.2742e+00   0.0000e+00   3.5303e-03   3.0454e+02
20260914_12:00:00   6.7836e-01   1.3373e+02   1.0603e+01   0.0000e+00   1.4849e-02   2.8616e+02
20260914_15:00:00   6.8553e-01   1.3516e+02   1.0797e+01   0.0000e+00   1.7559e-03   2.8632e+02
20260914_18:00:00   6.3804e-01   1.2919e+02   1.0354e+01   0.0000e+00   2.2423e-04   2.8588e+02
20260914_21:00:00   5.0912e-01   1.1008e+02   8.5513e+00   0.0000e+00   1.9896e-03   2.7852e+02
20260915_00:00:00   5.0560e-01   1.0933e+02   8.8427e+00   0.0000e+00   1.4667e-02   2.7775e+02
20260915_03:00:00   6.0956e-01   1.2515e+02   1.0860e+01   0.0000e+00   1.1357e-01   2.7546e+02
20260915_06:00:00   7.9442e-01   1.4987e+02   1.3971e+01   0.0000e+00   9.5295e-02   2.7300e+02
20260915_09:00:00   8.0144e-01   1.5083e+02   1.4165e+01   0.0000e+00   2.9051e-02   2.7335e+02
20260915_12:00:00   7.7212e-01   1.4708e+02   1.3647e+01   0.0000e+00   2.0344e-01   2.7361e+02
