#            date       tau255        Tb[K]      pwv[mm] lwp[kg*m^-2] iwp[kg*m^-2]       o3[DU]
20260922_18:00:00   7.4955e-01   1.4170e+02   1.1303e+01   0.0000e+00   6.4141e-02   2.8887e+02
20260922_19:00:00   7.4458e-01   1.4110e+02   1.1273e+01   0.0000e+00   4.7524e-02   2.9304e+02
20260922_20:00:00   7.3230e-01   1.3951e+02   1.1147e+01   0.0000e+00   6.4235e-02   3.0221e+02
20260922_21:00:00   7.2613e-01   1.3870e+02   1.1040e+01   0.0000e+00   1.4809e-01   3.0672e+02
20260922_22:00:00   7.3215e-01   1.3943e+02   1.1088e+01   0.0000e+00   2.0787e-01   3.1036e+02
20260922_23:00:00   7.4111e-01   1.4051e+02   1.1165e+01   0.0000e+00   2.5294e-01   3.1309e+02
20260923_00:00:00   7.5181e-01   1.4185e+02   1.1266e+01   0.0000e+00   2.8838e-01   3.1243e+02
20260923_01:00:00   7.5940e-01   1.4277e+02   1.1335e+01   0.0000e+00   2.9814e-01   3.0998e+02
20260923_02:00:00   7.6393e-01   1.4332e+02   1.1367e+01   0.0000e+00   3.1431e-01   3.0538e+02
20260923_03:00:00   7.6136e-01   1.4298e+02   1.1319e+01   0.0000e+00   3.0165e-01   3.0237e+02
20260923_04:00:00   7.5758e-01   1.4255e+02   1.1279e+01   0.0000e+00   2.6853e-01   3.0077e+02
20260923_05:00:00   7.5389e-01   1.4212e+02   1.1251e+01   0.0000e+00   2.2203e-01   2.9526e+02
20260923_06:00:00   7.5115e-01   1.4182e+02   1.1226e+01   0.0000e+00   2.0911e-01   2.9074e+02
20260923_07:00:00   7.5070e-01   1.4178e+02   1.1212e+01   0.0000e+00   1.9700e-01   2.9021e+02
20260923_08:00:00   7.4715e-01   1.4136e+02   1.1171e+01   0.0000e+00   1.8133e-01   2.8641e+02
20260923_09:00:00   7.4422e-01   1.4099e+02   1.1126e+01   0.0000e+00   1.9489e-01   2.8377e+02
20260923_10:00:00   7.4084e-01   1.4057e+02   1.1071e+01   0.0000e+00   2.1458e-01   2.8209e+02
20260923_11:00:00   7.3991e-01   1.4046e+02   1.1042e+01   0.0000e+00   2.5112e-01   2.8225e+02
20260923_12:00:00   7.3761e-01   1.4021e+02   1.0964e+01   0.0000e+00   2.7428e-01   2.8639e+02
20260923_13:00:00   7.3965e-01   1.4047e+02   1.0974e+01   0.0000e+00   2.7823e-01   2.8876e+02
20260923_14:00:00   7.4238e-01   1.4086e+02   1.0999e+01   0.0000e+00   2.6948e-01   2.8998e+02
20260923_15:00:00   7.4975e-01   1.4184e+02   1.1090e+01   0.0000e+00   2.7211e-01   2.9185e+02
20260923_16:00:00   7.5666e-01   1.4277e+02   1.1189e+01   0.0000e+00   2.4568e-01   2.9436e+02
20260923_17:00:00   7.5328e-01   1.4237e+02   1.1145e+01   0.0000e+00   2.1965e-01   2.9548e+02
20260923_18:00:00   7.5319e-01   1.4239e+02   1.1144e+01   0.0000e+00   2.2453e-01   2.9292e+02
20260923_19:00:00   7.5204e-01   1.4227e+02   1.1122e+01   0.0000e+00   2.2874e-01   2.9711e+02
20260923_20:00:00   7.4874e-01   1.4187e+02   1.1076e+01   0.0000e+00   2.3736e-01   3.0192e+02
20260923_21:00:00   7.4481e-01   1.4135e+02   1.1014e+01   0.0000e+00   2.4707e-01   3.0869e+02
20260923_22:00:00   7.3839e-01   1.4050e+02   1.0912e+01   0.0000e+00   2.6956e-01   3.1384e+02
20260923_23:00:00   7.3419e-01   1.3993e+02   1.0834e+01   0.0000e+00   2.7672e-01   3.1506e+02
20260924_00:00:00   7.3604e-01   1.4015e+02   1.0839e+01   0.0000e+00   2.7191e-01   3.1420e+02
20260924_01:00:00   7.4295e-01   1.4104e+02   1.0909e+01   0.0000e+00   2.5334e-01   3.1558e+02
20260924_02:00:00   7.5177e-01   1.4213e+02   1.0993e+01   0.0000e+00   2.6014e-01   3.1705e+02
20260924_03:00:00   7.5521e-01   1.4255e+02   1.1021e+01   0.0000e+00   2.6103e-01   3.1528e+02
20260924_04:00:00   7.5701e-01   1.4279e+02   1.1037e+01   0.0000e+00   2.4461e-01   3.1554e+02
20260924_05:00:00   7.5583e-01   1.4263e+02   1.1002e+01   0.0000e+00   2.6073e-01   3.1595e+02
20260924_06:00:00   7.5695e-01   1.4278e+02   1.0994e+01   0.0000e+00   2.7422e-01   3.1922e+02
20260924_07:00:00   7.5978e-01   1.4315e+02   1.1020e+01   0.0000e+00   2.3438e-01   3.2355e+02
20260924_08:00:00   7.6178e-01   1.4342e+02   1.1035e+01   0.0000e+00   1.9152e-01   3.2742e+02
20260924_09:00:00   7.6249e-01   1.4353e+02   1.1034e+01   0.0000e+00   1.5093e-01   3.3179e+02
20260924_10:00:00   7.6117e-01   1.4341e+02   1.1007e+01   0.0000e+00   1.0790e-01   3.3400e+02
20260924_11:00:00   7.5842e-01   1.4314e+02   1.0974e+01   0.0000e+00   7.0645e-02   3.3511e+02
20260924_12:00:00   7.5590e-01   1.4285e+02   1.0931e+01   0.0000e+00   7.3485e-02   3.3496e+02
20260924_13:00:00   7.5863e-01   1.4322e+02   1.0949e+01   0.0000e+00   7.5455e-02   3.3611e+02
20260924_14:00:00   7.6107e-01   1.4356e+02   1.0963e+01   0.0000e+00   6.8907e-02   3.3868e+02
20260924_15:00:00   7.6235e-01   1.4375e+02   1.0965e+01   0.0000e+00   5.3492e-02   3.3949e+02
20260924_16:00:00   7.6190e-01   1.4373e+02   1.0939e+01   0.0000e+00   4.6530e-02   3.3971e+02
20260924_17:00:00   7.6222e-01   1.4381e+02   1.0929e+01   0.0000e+00   4.3436e-02   3.4233e+02
20260924_18:00:00   7.5948e-01   1.4349e+02   1.0880e+01   5.3320e-05   2.5043e-02   3.4403e+02
20260924_19:00:00   7.5759e-01   1.4324e+02   1.0837e+01   4.8020e-05   2.5622e-02   3.4814e+02
20260924_20:00:00   7.5038e-01   1.4238e+02   1.0701e+01   1.7646e-04   1.3504e-02   3.5394e+02
20260924_21:00:00   7.4815e-01   1.4227e+02   1.0349e+01   7.6225e-03   3.7494e-03   3.5868e+02
20260924_22:00:00   8.0513e-01   1.4937e+02   1.0042e+01   3.9395e-02   2.3480e-03   3.6346e+02
20260924_23:00:00   8.6549e-01   1.5651e+02   9.6310e+00   7.5836e-02   2.0304e-03   3.6365e+02
20260925_00:00:00   8.7731e-01   1.5809e+02   8.6213e+00   1.0857e-01   2.5001e-03   3.6119e+02
20260925_01:00:00   8.2534e-01   1.5233e+02   7.4883e+00   1.2039e-01   2.5454e-03   3.5982e+02
20260925_02:00:00   7.1609e-01   1.3869e+02   7.4397e+00   7.9441e-02   1.6859e-03   3.5606e+02
20260925_03:00:00   6.3302e-01   1.2730e+02   7.5239e+00   4.4232e-02   1.1510e-03   3.5161e+02
20260925_04:00:00   5.4561e-01   1.1444e+02   7.2888e+00   1.4041e-02   7.2003e-04   3.4645e+02
20260925_05:00:00   4.9090e-01   1.0590e+02   6.7939e+00   5.0651e-03   4.3649e-04   3.4293e+02
20260925_06:00:00   4.4706e-01   9.8731e+01   6.2579e+00   1.7151e-03   2.6611e-04   3.4744e+02
20260925_07:00:00   4.1969e-01   9.4086e+01   5.8186e+00   2.8390e-03   9.2332e-05   3.5405e+02
20260925_08:00:00   3.9741e-01   9.0198e+01   5.4971e+00   2.7515e-03   8.3274e-05   3.6001e+02
20260925_09:00:00   3.7931e-01   8.6930e+01   5.3078e+00   1.6552e-03   7.2267e-05   3.6410e+02
20260925_10:00:00   3.6347e-01   8.3943e+01   5.1693e+00   2.5809e-04   4.8533e-05   3.6655e+02
20260925_11:00:00   3.4942e-01   8.1349e+01   5.0206e+00   0.0000e+00   1.6328e-05   3.6325e+02
20260925_12:00:00   3.5116e-01   8.1605e+01   5.1167e+00   0.0000e+00   1.0505e-05   3.6662e+02
20260925_13:00:00   3.5957e-01   8.3048e+01   5.3246e+00   0.0000e+00   3.0419e-05   3.6516e+02
20260925_14:00:00   3.8573e-01   8.7569e+01   5.8415e+00   0.0000e+00   1.4685e-04   3.6189e+02
20260925_15:00:00   4.1626e-01   9.2811e+01   6.3763e+00   0.0000e+00   8.4522e-04   3.6245e+02
20260925_16:00:00   4.4307e-01   9.7473e+01   6.7916e+00   0.0000e+00   6.6903e-04   3.6537e+02
20260925_17:00:00   4.9733e-01   1.0644e+02   7.5704e+00   0.0000e+00   9.1493e-04   3.6607e+02
20260925_18:00:00   5.8575e-01   1.1991e+02   8.8289e+00   0.0000e+00   6.5443e-03   3.6363e+02
20260925_19:00:00   7.5148e-01   1.4244e+02   1.0606e+01   9.9920e-03   1.2083e-01   3.6315e+02
20260925_20:00:00   7.9805e-01   1.4821e+02   1.1224e+01   7.6841e-03   1.1738e-01   3.6286e+02
20260925_21:00:00   8.0849e-01   1.4951e+02   1.1247e+01   1.1916e-02   1.0169e-01   3.6149e+02
20260925_22:00:00   8.1491e-01   1.5027e+02   1.1120e+01   2.0677e-02   6.2212e-02   3.6134e+02
20260925_23:00:00   8.3419e-01   1.5243e+02   1.1262e+01   2.4590e-02   7.7871e-02   3.6054e+02
20260926_00:00:00   7.9238e-01   1.4744e+02   1.1379e+01   8.4923e-04   1.6150e-01   3.6127e+02
20260926_01:00:00   7.9931e-01   1.4818e+02   1.1396e+01   1.6843e-06   3.1862e-01   3.5768e+02
20260926_02:00:00   7.9698e-01   1.4787e+02   1.1325e+01   0.0000e+00   3.8423e-01   3.5379e+02
20260926_03:00:00   7.9549e-01   1.4776e+02   1.1314e+01   0.0000e+00   3.4903e-01   3.5258e+02
20260926_04:00:00   7.9224e-01   1.4735e+02   1.1241e+01   5.3039e-05   3.7147e-01   3.5278e+02
20260926_05:00:00   7.9187e-01   1.4726e+02   1.1195e+01   2.1805e-04   4.3046e-01   3.5186e+02
20260926_06:00:00   7.8784e-01   1.4674e+02   1.1107e+01   1.3422e-04   5.0271e-01   3.5196e+02
20260926_07:00:00   7.7290e-01   1.4489e+02   1.0947e+01   6.3720e-06   4.2422e-01   3.5371e+02
20260926_08:00:00   7.4781e-01   1.4173e+02   1.0667e+01   0.0000e+00   3.6247e-01   3.5629e+02
20260926_09:00:00   7.2138e-01   1.3828e+02   1.0369e+01   0.0000e+00   2.9063e-01   3.5610e+02
20260926_10:00:00   7.2712e-01   1.3897e+02   1.0422e+01   0.0000e+00   3.0715e-01   3.5288e+02
20260926_11:00:00   7.1684e-01   1.3765e+02   1.0306e+01   0.0000e+00   2.8244e-01   3.4625e+02
20260926_12:00:00   6.9367e-01   1.3460e+02   1.0025e+01   0.0000e+00   2.2040e-01   3.4130e+02
20260926_13:00:00   6.8052e-01   1.3287e+02   9.8613e+00   0.0000e+00   2.0573e-01   3.3735e+02
20260926_14:00:00   6.7415e-01   1.3202e+02   9.7811e+00   0.0000e+00   2.1139e-01   3.3456e+02
20260926_15:00:00   6.8277e-01   1.3316e+02   9.8603e+00   0.0000e+00   2.7748e-01   3.3400e+02
20260926_16:00:00   7.1447e-01   1.3731e+02   1.0190e+01   0.0000e+00   3.5210e-01   3.3300e+02
20260926_17:00:00   7.3106e-01   1.3949e+02   1.0387e+01   0.0000e+00   2.9989e-01   3.3128e+02
20260926_18:00:00   7.2338e-01   1.3853e+02   1.0303e+01   0.0000e+00   2.8682e-01   3.3045e+02
20260926_19:00:00   7.3647e-01   1.4022e+02   1.0425e+01   0.0000e+00   3.2047e-01   3.2833e+02
20260926_20:00:00   7.4734e-01   1.4163e+02   1.0523e+01   4.7790e-06   3.4370e-01   3.2481e+02
20260926_21:00:00   7.5045e-01   1.4207e+02   1.0541e+01   3.9000e-06   3.3748e-01   3.2318e+02
20260926_22:00:00   7.5092e-01   1.4217e+02   1.0556e+01   0.0000e+00   2.8223e-01   3.2186e+02
20260926_23:00:00   7.4386e-01   1.4132e+02   1.0486e+01   1.0622e-06   1.8399e-01   3.2278e+02
20260927_00:00:00   7.4166e-01   1.4104e+02   1.0478e+01   0.0000e+00   1.2698e-01   3.2513e+02
20260927_01:00:00   7.4238e-01   1.4108e+02   1.0477e+01   0.0000e+00   1.5692e-01   3.2011e+02
20260927_02:00:00   7.4338e-01   1.4118e+02   1.0444e+01   0.0000e+00   2.4837e-01   3.1784e+02
20260927_03:00:00   7.4041e-01   1.4080e+02   1.0396e+01   0.0000e+00   2.5414e-01   3.2079e+02
20260927_04:00:00   7.3940e-01   1.4066e+02   1.0351e+01   0.0000e+00   3.1032e-01   3.2186e+02
20260927_05:00:00   7.3491e-01   1.4009e+02   1.0285e+01   0.0000e+00   3.0200e-01   3.2309e+02
20260927_06:00:00   7.3058e-01   1.3953e+02   1.0242e+01   0.0000e+00   2.3635e-01   3.2428e+02
20260927_07:00:00   7.2483e-01   1.3878e+02   1.0189e+01   0.0000e+00   1.5777e-01   3.2618e+02
20260927_08:00:00   7.1974e-01   1.3809e+02   1.0126e+01   0.0000e+00   1.3019e-01   3.2894e+02
20260927_09:00:00   7.1503e-01   1.3747e+02   1.0060e+01   0.0000e+00   1.1938e-01   3.3058e+02
20260927_10:00:00   7.1040e-01   1.3686e+02   9.9866e+00   4.2236e-05   1.2907e-01   3.3282e+02
20260927_11:00:00   7.0878e-01   1.3663e+02   9.9179e+00   4.6987e-04   1.8489e-01   3.3308e+02
20260927_12:00:00   7.0574e-01   1.3627e+02   9.8355e+00   4.7917e-04   1.9132e-01   3.3123e+02
20260927_13:00:00   6.9959e-01   1.3548e+02   9.7707e+00   1.8997e-05   1.4610e-01   3.2765e+02
20260927_14:00:00   6.9519e-01   1.3490e+02   9.7031e+00   7.1183e-04   8.1280e-02   3.2765e+02
20260927_15:00:00   6.9486e-01   1.3487e+02   9.6363e+00   2.8492e-03   5.0990e-02   3.2962e+02
20260927_16:00:00   7.0785e-01   1.3665e+02   9.5214e+00   1.2063e-02   2.8919e-02   3.2951e+02
20260927_17:00:00   7.1999e-01   1.3836e+02   9.2320e+00   2.6191e-02   8.9074e-03   3.2645e+02
20260927_18:00:00   6.7909e-01   1.3315e+02   8.5927e+00   2.7602e-02   6.3253e-03   3.2210e+02
20260927_21:00:00   4.6829e-01   1.0245e+02   6.2280e+00   2.0640e-03   1.5776e-04   3.2872e+02
20260928_00:00:00   4.1044e-01   9.2481e+01   5.4492e+00   1.4186e-03   2.9446e-05   3.3081e+02
20260928_03:00:00   2.9952e-01   7.1662e+01   4.0654e+00   0.0000e+00   1.7639e-06   3.3621e+02
20260928_06:00:00   2.5118e-01   6.1826e+01   3.4173e+00   0.0000e+00   4.4310e-07   3.3127e+02
20260928_09:00:00   2.3319e-01   5.8087e+01   3.1548e+00   0.0000e+00   0.0000e+00   3.2965e+02
20260928_12:00:00   2.3682e-01   5.8661e+01   3.2465e+00   0.0000e+00   0.0000e+00   3.2016e+02
20260928_15:00:00   2.6711e-01   6.4473e+01   3.7738e+00   0.0000e+00   2.3332e-05   3.1813e+02
20260928_18:00:00   3.1013e-01   7.2530e+01   4.4759e+00   0.0000e+00   2.2236e-04   3.2184e+02
20260928_21:00:00   3.6948e-01   8.3234e+01   5.3652e+00   0.0000e+00   7.9557e-03   3.2238e+02
20260929_00:00:00   4.5035e-01   9.7147e+01   6.4342e+00   0.0000e+00   1.0992e-01   3.1715e+02
20260929_03:00:00   5.5392e-01   1.1346e+02   7.6300e+00   0.0000e+00   3.5583e-01   3.0909e+02
20260929_06:00:00   5.6940e-01   1.1602e+02   7.8103e+00   0.0000e+00   3.9668e-01   3.0733e+02
20260929_09:00:00   5.6905e-01   1.1614e+02   7.8019e+00   0.0000e+00   3.4965e-01   3.0223e+02
20260929_12:00:00   5.3024e-01   1.1019e+02   7.1744e+00   0.0000e+00   3.3269e-01   3.0136e+02
20260929_15:00:00   4.7270e-01   1.0145e+02   6.2719e+00   0.0000e+00   1.2602e-01   3.0645e+02
20260929_18:00:00   4.3352e-01   9.5153e+01   5.7195e+00   0.0000e+00   1.0169e-02   3.0767e+02
20260929_21:00:00   3.6839e-01   8.4107e+01   4.7753e+00   5.0972e-04   1.3933e-03   3.0526e+02
20260930_00:00:00   2.9090e-01   6.9653e+01   3.7815e+00   0.0000e+00   9.7736e-06   3.0342e+02
20260930_03:00:00   2.4101e-01   5.9668e+01   3.1572e+00   0.0000e+00   1.7588e-06   3.0259e+02
20260930_06:00:00   2.2338e-01   5.5918e+01   2.9898e+00   0.0000e+00   6.6390e-07   3.0495e+02
20260930_09:00:00   2.2409e-01   5.5977e+01   3.0585e+00   0.0000e+00   0.0000e+00   3.0193e+02
20260930_12:00:00   2.4107e-01   5.9145e+01   3.4242e+00   0.0000e+00   7.3490e-04   3.0154e+02
20260930_15:00:00   2.5973e-01   6.2653e+01   3.7984e+00   0.0000e+00   5.6565e-03   3.0177e+02
20260930_18:00:00   3.1746e-01   7.3714e+01   4.6803e+00   0.0000e+00   2.6701e-02   3.0207e+02
20260930_21:00:00   4.6510e-01   9.9532e+01   6.7582e+00   0.0000e+00   4.6215e-02   3.0421e+02
20261001_00:00:00   5.7081e-01   1.1593e+02   8.0855e+00   0.0000e+00   1.5179e-01   3.0205e+02
20261001_03:00:00   5.5242e-01   1.1329e+02   7.8998e+00   0.0000e+00   1.1181e-01   3.0634e+02
20261001_06:00:00   5.4558e-01   1.1234e+02   7.7898e+00   1.1410e-03   1.1217e-01   3.0411e+02
20261001_09:00:00   5.5285e-01   1.1336e+02   7.8879e+00   2.1883e-04   8.3750e-02   3.0438e+02
20261001_12:00:00   5.9516e-01   1.1997e+02   8.3304e+00   0.0000e+00   3.0464e-01   3.0403e+02
20261001_15:00:00   6.3684e-01   1.2624e+02   8.6680e+00   1.4462e-03   4.3980e-01   3.0616e+02
20261001_18:00:00   6.6505e-01   1.3069e+02   8.9918e+00   8.7592e-04   4.3109e-01   3.0912e+02
20261001_21:00:00   6.6476e-01   1.3091e+02   8.7491e+00   4.5380e-03   4.4471e-01   3.0789e+02
20261002_00:00:00   5.9996e-01   1.2144e+02   8.0310e+00   0.0000e+00   3.4965e-01   3.0823e+02
20261002_03:00:00   5.9045e-01   1.2053e+02   7.8525e+00   9.2600e-05   1.8436e-01   3.1405e+02
20261002_06:00:00   5.8025e-01   1.1900e+02   7.3008e+00   1.3990e-02   6.5090e-02   3.1442e+02
20261002_09:00:00   3.9619e-01   8.8687e+01   5.2993e+00   3.3066e-03   7.0624e-03   3.1962e+02
20261002_12:00:00   3.0711e-01   7.1882e+01   4.1707e+00   0.0000e+00   3.3065e-05   3.2595e+02
20261002_15:00:00   2.3881e-01   5.8907e+01   3.0117e+00   0.0000e+00   9.1350e-08   3.2175e+02
20261002_18:00:00   2.2325e-01   5.5577e+01   2.8437e+00   0.0000e+00   1.9757e-07   3.2204e+02
20261002_21:00:00   1.6771e-01   4.3737e+01   2.1080e+00   0.0000e+00   0.0000e+00   3.1926e+02
20261003_00:00:00   1.7299e-01   4.4781e+01   2.2503e+00   0.0000e+00   0.0000e+00   3.1580e+02
20261003_03:00:00   1.9373e-01   4.9077e+01   2.6331e+00   0.0000e+00   0.0000e+00   3.1427e+02
20261003_06:00:00   2.1227e-01   5.2961e+01   2.9535e+00   0.0000e+00   0.0000e+00   3.1456e+02
20261003_09:00:00   2.3136e-01   5.7019e+01   3.2523e+00   0.0000e+00   0.0000e+00   3.1415e+02
20261003_12:00:00   2.6487e-01   6.3769e+01   3.7756e+00   0.0000e+00   1.7131e-06   3.2049e+02
20261003_15:00:00   2.8340e-01   6.7490e+01   4.0299e+00   0.0000e+00   7.1631e-06   3.1930e+02
20261003_18:00:00   2.8725e-01   6.8265e+01   4.0813e+00   0.0000e+00   1.9173e-05   3.2192e+02
20261003_21:00:00   2.8470e-01   6.7792e+01   4.0393e+00   0.0000e+00   6.3620e-06   3.2449e+02
20261004_00:00:00   2.8119e-01   6.7126e+01   3.9743e+00   0.0000e+00   5.2200e-06   3.2677e+02
20261004_03:00:00   2.8076e-01   6.7084e+01   3.9561e+00   0.0000e+00   1.1420e-06   3.2662e+02
20261004_06:00:00   2.8135e-01   6.7134e+01   3.9689e+00   0.0000e+00   2.2840e-06   3.2684e+02
20261004_09:00:00   2.8912e-01   6.8605e+01   4.0854e+00   0.0000e+00   1.5369e-05   3.2780e+02
20261004_12:00:00   2.8991e-01   6.8808e+01   4.0844e+00   0.0000e+00   4.0780e-06   3.2722e+02
20261004_15:00:00   2.7993e-01   6.6978e+01   3.9313e+00   0.0000e+00   0.0000e+00   3.2305e+02
20261004_18:00:00   2.7051e-01   6.5227e+01   3.8032e+00   0.0000e+00   0.0000e+00   3.2300e+02
20261004_21:00:00   2.4849e-01   6.0904e+01   3.4912e+00   0.0000e+00   0.0000e+00   3.2398e+02
20261005_00:00:00   2.3411e-01   5.8013e+01   3.2784e+00   0.0000e+00   0.0000e+00   3.2343e+02
20261005_03:00:00   2.4299e-01   5.9769e+01   3.4268e+00   0.0000e+00   0.0000e+00   3.2252e+02
20261005_06:00:00   2.4945e-01   6.0980e+01   3.5141e+00   0.0000e+00   0.0000e+00   3.2341e+02
20261005_09:00:00   2.2243e-01   5.5661e+01   3.0182e+00   0.0000e+00   0.0000e+00   3.2985e+02
20261005_12:00:00   1.5794e-01   4.1909e+01   1.9212e+00   0.0000e+00   0.0000e+00   3.3649e+02
20261005_15:00:00   1.3324e-01   3.6083e+01   1.5026e+00   0.0000e+00   0.0000e+00   3.4651e+02
20261005_18:00:00   1.9229e-01   4.8627e+01   2.3299e+00   0.0000e+00   6.9685e-04   3.5157e+02
20261005_21:00:00   2.2303e-01   5.4879e+01   2.6994e+00   0.0000e+00   1.5271e-02   3.5310e+02
20261006_00:00:00   2.6064e-01   6.2670e+01   3.2148e+00   0.0000e+00   1.2182e-02   3.5171e+02
20261006_03:00:00   3.0521e-01   7.1511e+01   3.8160e+00   0.0000e+00   7.2190e-02   3.4717e+02
20261006_06:00:00   2.7981e-01   6.6645e+01   3.5289e+00   0.0000e+00   3.7308e-03   3.4544e+02
20261006_09:00:00   3.5187e-01   8.0256e+01   4.4983e+00   0.0000e+00   5.7108e-02   3.4275e+02
20261006_12:00:00   3.4396e-01   7.8762e+01   4.3840e+00   8.4980e-06   5.9112e-02   3.4080e+02
20261006_15:00:00   4.0327e-01   8.9594e+01   5.1731e+00   0.0000e+00   1.6048e-01   3.3731e+02
20261006_18:00:00   3.7877e-01   8.5213e+01   4.8349e+00   2.2120e-05   1.0016e-01   3.3646e+02
20261006_21:00:00   3.6203e-01   8.2242e+01   4.7327e+00   0.0000e+00   1.3930e-02   3.3475e+02
20261007_00:00:00   4.6824e-01   1.0054e+02   6.1606e+00   8.7720e-06   1.0190e-01   3.2984e+02
20261007_03:00:00   4.7607e-01   1.0195e+02   6.2440e+00   0.0000e+00   8.9968e-02   3.2711e+02
20261007_06:00:00   4.6045e-01   9.9165e+01   6.2352e+00   0.0000e+00   5.8136e-03   3.1728e+02
20261007_09:00:00   3.9021e-01   8.7461e+01   5.3193e+00   0.0000e+00   2.0684e-05   3.1561e+02
20261007_12:00:00   3.4276e-01   7.9164e+01   4.7370e+00   0.0000e+00   7.3627e-06   3.1848e+02
20261007_15:00:00   3.6220e-01   8.2353e+01   5.3099e+00   0.0000e+00   5.1599e-05   3.0988e+02
20261007_18:00:00   3.5151e-01   8.0579e+01   5.2864e+00   0.0000e+00   1.5466e-05   3.0631e+02
20261007_21:00:00   3.2969e-01   7.6765e+01   5.0656e+00   0.0000e+00   1.6316e-05   3.0628e+02
20261008_00:00:00   3.2676e-01   7.6443e+01   5.1063e+00   0.0000e+00   2.4126e-04   3.0737e+02
20261008_03:00:00   3.2332e-01   7.5916e+01   5.1076e+00   0.0000e+00   2.3515e-03   3.0936e+02
20261008_06:00:00   3.7077e-01   8.4636e+01   5.8983e+00   0.0000e+00   1.7513e-02   3.0760e+02
20261008_09:00:00   4.3866e-01   9.6700e+01   6.8561e+00   0.0000e+00   1.0405e-01   3.0782e+02
20261008_12:00:00   4.6060e-01   1.0063e+02   6.9941e+00   0.0000e+00   9.1655e-02   3.0784e+02
20261008_15:00:00   5.1189e-01   1.0856e+02   7.6606e+00   0.0000e+00   1.2416e-01   3.0992e+02
20261008_18:00:00   5.5119e-01   1.1426e+02   8.1663e+00   0.0000e+00   3.2190e-02   3.0820e+02
