#            date       tau255        Tb[K]      pwv[mm] lwp[kg*m^-2] iwp[kg*m^-2]       o3[DU]
20260823_12:00:00   6.6291e-01   1.3368e+02   1.0895e+01   0.0000e+00   8.2308e-03   3.1095e+02
20260823_13:00:00   6.5688e-01   1.3291e+02   1.0781e+01   0.0000e+00   4.2033e-03   3.0913e+02
20260823_14:00:00   6.4306e-01   1.3111e+02   1.0508e+01   0.0000e+00   5.8331e-04   3.0845e+02
20260823_15:00:00   6.2788e-01   1.2912e+02   1.0196e+01   0.0000e+00   0.0000e+00   3.0715e+02
20260823_16:00:00   6.0760e-01   1.2637e+02   9.8206e+00   0.0000e+00   0.0000e+00   3.0613e+02
20260823_17:00:00   5.8675e-01   1.2342e+02   9.4431e+00   0.0000e+00   0.0000e+00   3.0550e+02
20260823_18:00:00   5.7468e-01   1.2169e+02   9.2125e+00   0.0000e+00   0.0000e+00   3.0432e+02
20260823_19:00:00   5.7304e-01   1.2145e+02   9.1739e+00   0.0000e+00   0.0000e+00   3.0403e+02
20260823_20:00:00   5.7588e-01   1.2188e+02   9.2143e+00   0.0000e+00   0.0000e+00   3.0413e+02
20260823_21:00:00   5.7861e-01   1.2227e+02   9.2527e+00   0.0000e+00   0.0000e+00   3.0531e+02
20260823_22:00:00   5.7782e-01   1.2213e+02   9.2366e+00   0.0000e+00   0.0000e+00   3.0689e+02
20260823_23:00:00   5.7232e-01   1.2129e+02   9.1512e+00   0.0000e+00   0.0000e+00   3.0803e+02
20260824_00:00:00   5.6796e-01   1.2063e+02   9.0859e+00   0.0000e+00   0.0000e+00   3.0792e+02
20260824_01:00:00   5.5901e-01   1.1925e+02   8.9540e+00   0.0000e+00   0.0000e+00   3.0753e+02
20260824_02:00:00   5.5010e-01   1.1787e+02   8.8327e+00   0.0000e+00   0.0000e+00   3.0676e+02
20260824_03:00:00   5.4199e-01   1.1661e+02   8.7221e+00   0.0000e+00   0.0000e+00   3.0554e+02
20260824_04:00:00   5.3682e-01   1.1578e+02   8.6498e+00   0.0000e+00   0.0000e+00   3.0468e+02
20260824_05:00:00   5.3230e-01   1.1504e+02   8.5819e+00   0.0000e+00   0.0000e+00   3.0428e+02
20260824_06:00:00   5.2704e-01   1.1418e+02   8.5074e+00   0.0000e+00   0.0000e+00   3.0229e+02
20260824_07:00:00   5.2454e-01   1.1374e+02   8.4787e+00   0.0000e+00   0.0000e+00   2.9870e+02
20260824_08:00:00   5.2276e-01   1.1338e+02   8.4644e+00   0.0000e+00   0.0000e+00   2.9626e+02
20260824_09:00:00   5.2200e-01   1.1319e+02   8.4675e+00   0.0000e+00   8.5660e-06   2.9396e+02
20260824_10:00:00   5.2356e-01   1.1336e+02   8.5049e+00   0.0000e+00   3.5865e-06   2.9208e+02
20260824_11:00:00   5.2905e-01   1.1418e+02   8.5963e+00   0.0000e+00   0.0000e+00   2.9130e+02
20260824_12:00:00   5.3683e-01   1.1536e+02   8.7133e+00   0.0000e+00   0.0000e+00   2.9071e+02
20260824_13:00:00   5.4734e-01   1.1696e+02   8.8673e+00   0.0000e+00   0.0000e+00   2.9045e+02
20260824_14:00:00   5.5815e-01   1.1860e+02   9.0180e+00   0.0000e+00   0.0000e+00   2.9093e+02
20260824_15:00:00   5.6537e-01   1.1965e+02   9.1169e+00   0.0000e+00   0.0000e+00   2.9106e+02
20260824_16:00:00   5.7175e-01   1.2058e+02   9.2015e+00   0.0000e+00   0.0000e+00   2.9135e+02
20260824_17:00:00   5.7461e-01   1.2100e+02   9.2295e+00   0.0000e+00   0.0000e+00   2.9212e+02
20260824_18:00:00   5.7952e-01   1.2170e+02   9.2896e+00   0.0000e+00   0.0000e+00   2.9330e+02
20260824_19:00:00   5.8011e-01   1.2180e+02   9.2902e+00   0.0000e+00   0.0000e+00   2.9443e+02
20260824_20:00:00   5.7862e-01   1.2153e+02   9.2617e+00   0.0000e+00   0.0000e+00   2.9614e+02
20260824_21:00:00   5.7651e-01   1.2116e+02   9.2253e+00   0.0000e+00   0.0000e+00   2.9867e+02
20260824_22:00:00   5.7344e-01   1.2065e+02   9.1719e+00   0.0000e+00   0.0000e+00   3.0081e+02
20260824_23:00:00   5.6882e-01   1.1990e+02   9.0996e+00   0.0000e+00   0.0000e+00   3.0146e+02
20260825_00:00:00   5.6374e-01   1.1905e+02   9.0255e+00   0.0000e+00   0.0000e+00   3.0216e+02
20260825_01:00:00   5.5623e-01   1.1779e+02   8.9189e+00   0.0000e+00   0.0000e+00   3.0114e+02
20260825_02:00:00   5.4763e-01   1.1636e+02   8.7922e+00   0.0000e+00   0.0000e+00   3.0065e+02
20260825_03:00:00   5.3894e-01   1.1494e+02   8.6707e+00   0.0000e+00   0.0000e+00   3.0035e+02
20260825_04:00:00   5.2929e-01   1.1338e+02   8.5295e+00   0.0000e+00   0.0000e+00   3.0225e+02
20260825_05:00:00   5.2234e-01   1.1223e+02   8.4301e+00   0.0000e+00   0.0000e+00   3.0347e+02
20260825_06:00:00   5.1735e-01   1.1138e+02   8.3564e+00   0.0000e+00   1.7960e-06   3.0114e+02
20260825_07:00:00   5.1469e-01   1.1094e+02   8.3180e+00   0.0000e+00   0.0000e+00   2.9919e+02
20260825_08:00:00   5.1285e-01   1.1061e+02   8.2903e+00   0.0000e+00   2.7053e-05   2.9797e+02
20260825_09:00:00   5.1157e-01   1.1039e+02   8.2724e+00   0.0000e+00   8.8120e-06   2.9643e+02
20260825_10:00:00   5.1169e-01   1.1040e+02   8.2743e+00   0.0000e+00   1.1266e-05   2.9277e+02
20260825_11:00:00   5.1348e-01   1.1068e+02   8.3041e+00   0.0000e+00   4.4700e-06   2.8798e+02
20260825_12:00:00   5.1730e-01   1.1128e+02   8.3668e+00   0.0000e+00   1.6282e-05   2.8510e+02
20260825_13:00:00   5.2506e-01   1.1252e+02   8.4937e+00   0.0000e+00   1.8538e-05   2.8449e+02
20260825_14:00:00   5.3470e-01   1.1403e+02   8.6491e+00   0.0000e+00   3.1340e-06   2.8457e+02
20260825_15:00:00   5.4630e-01   1.1585e+02   8.8298e+00   0.0000e+00   0.0000e+00   2.8445e+02
20260825_16:00:00   5.5754e-01   1.1762e+02   9.0010e+00   0.0000e+00   0.0000e+00   2.8410e+02
20260825_17:00:00   5.7067e-01   1.1963e+02   9.2013e+00   0.0000e+00   0.0000e+00   2.8433e+02
20260825_18:00:00   5.8043e-01   1.2112e+02   9.3417e+00   0.0000e+00   0.0000e+00   2.8433e+02
20260825_19:00:00   5.9028e-01   1.2263e+02   9.4796e+00   0.0000e+00   0.0000e+00   2.8453e+02
20260825_20:00:00   5.9742e-01   1.2372e+02   9.5699e+00   0.0000e+00   0.0000e+00   2.8449e+02
20260825_21:00:00   6.0485e-01   1.2484e+02   9.6678e+00   0.0000e+00   0.0000e+00   2.8443e+02
20260825_22:00:00   6.1101e-01   1.2574e+02   9.7439e+00   0.0000e+00   0.0000e+00   2.8445e+02
20260825_23:00:00   6.1542e-01   1.2637e+02   9.7843e+00   0.0000e+00   0.0000e+00   2.8433e+02
20260826_00:00:00   6.1970e-01   1.2699e+02   9.8265e+00   0.0000e+00   0.0000e+00   2.8401e+02
20260826_01:00:00   6.2024e-01   1.2708e+02   9.8072e+00   0.0000e+00   0.0000e+00   2.8373e+02
20260826_02:00:00   6.1985e-01   1.2704e+02   9.7723e+00   0.0000e+00   0.0000e+00   2.8347e+02
20260826_03:00:00   6.1818e-01   1.2683e+02   9.7207e+00   0.0000e+00   0.0000e+00   2.8364e+02
20260826_04:00:00   6.1374e-01   1.2624e+02   9.6314e+00   0.0000e+00   0.0000e+00   2.8502e+02
20260826_05:00:00   6.0830e-01   1.2549e+02   9.5284e+00   0.0000e+00   0.0000e+00   2.8638e+02
20260826_06:00:00   6.0653e-01   1.2523e+02   9.4931e+00   0.0000e+00   0.0000e+00   2.8706e+02
20260826_07:00:00   6.0385e-01   1.2483e+02   9.4504e+00   0.0000e+00   0.0000e+00   2.8722e+02
20260826_08:00:00   6.0531e-01   1.2504e+02   9.4791e+00   0.0000e+00   1.1420e-06   2.8731e+02
20260826_09:00:00   6.1280e-01   1.2612e+02   9.6126e+00   0.0000e+00   8.1580e-06   2.8828e+02
20260826_10:00:00   6.2385e-01   1.2772e+02   9.7887e+00   0.0000e+00   0.0000e+00   2.8987e+02
20260826_11:00:00   6.3796e-01   1.2974e+02   9.9890e+00   0.0000e+00   6.3620e-06   2.9081e+02
20260826_12:00:00   6.4946e-01   1.3141e+02   1.0142e+01   0.0000e+00   0.0000e+00   2.9228e+02
20260826_13:00:00   6.6581e-01   1.3369e+02   1.0344e+01   0.0000e+00   0.0000e+00   2.9265e+02
20260826_14:00:00   6.8134e-01   1.3583e+02   1.0530e+01   0.0000e+00   4.2480e-07   2.9310e+02
20260826_15:00:00   6.8664e-01   1.3663e+02   1.0590e+01   0.0000e+00   3.1800e-06   2.9244e+02
20260826_16:00:00   6.8868e-01   1.3700e+02   1.0612e+01   0.0000e+00   4.0780e-06   2.9242e+02
20260826_17:00:00   6.8585e-01   1.3668e+02   1.0561e+01   0.0000e+00   4.0780e-06   2.9253e+02
20260826_18:00:00   6.8278e-01   1.3631e+02   1.0499e+01   0.0000e+00   1.0640e-05   2.9199e+02
20260826_19:00:00   6.8426e-01   1.3652e+02   1.0490e+01   0.0000e+00   0.0000e+00   2.9002e+02
20260826_20:00:00   6.8492e-01   1.3660e+02   1.0477e+01   0.0000e+00   1.8028e-05   2.8880e+02
20260826_21:00:00   6.7864e-01   1.3586e+02   1.0365e+01   0.0000e+00   0.0000e+00   2.8967e+02
20260826_22:00:00   6.8469e-01   1.3661e+02   1.0422e+01   0.0000e+00   0.0000e+00   2.9095e+02
20260826_23:00:00   6.8310e-01   1.3639e+02   1.0403e+01   0.0000e+00   0.0000e+00   2.9133e+02
20260827_00:00:00   6.9009e-01   1.3719e+02   1.0552e+01   0.0000e+00   0.0000e+00   2.9110e+02
20260827_01:00:00   6.9915e-01   1.3833e+02   1.0751e+01   0.0000e+00   0.0000e+00   2.8829e+02
20260827_02:00:00   7.0405e-01   1.3892e+02   1.0860e+01   0.0000e+00   1.1014e-05   2.8732e+02
20260827_03:00:00   7.1219e-01   1.3988e+02   1.1021e+01   0.0000e+00   1.7127e-03   2.8543e+02
20260827_04:00:00   7.1143e-01   1.3977e+02   1.1049e+01   0.0000e+00   8.0390e-04   2.8525e+02
20260827_05:00:00   7.1649e-01   1.4041e+02   1.1182e+01   0.0000e+00   9.7323e-04   2.8449e+02
20260827_06:00:00   7.3070e-01   1.4219e+02   1.1465e+01   0.0000e+00   2.5018e-04   2.8429e+02
20260827_07:00:00   7.4636e-01   1.4408e+02   1.1748e+01   0.0000e+00   8.4980e-07   2.8169e+02
20260827_08:00:00   7.4792e-01   1.4437e+02   1.1774e+01   0.0000e+00   2.6884e-04   2.8077e+02
20260827_09:00:00   7.4404e-01   1.4397e+02   1.1705e+01   0.0000e+00   1.1461e-03   2.7988e+02
20260827_10:00:00   7.4020e-01   1.4357e+02   1.1661e+01   0.0000e+00   4.7380e-04   2.7928e+02
20260827_11:00:00   7.4701e-01   1.4447e+02   1.1781e+01   0.0000e+00   3.4833e-03   2.7775e+02
20260827_12:00:00   7.6391e-01   1.4659e+02   1.2065e+01   0.0000e+00   2.8099e-03   2.7647e+02
20260827_13:00:00   7.9709e-01   1.5059e+02   1.2660e+01   0.0000e+00   4.9765e-04   2.7610e+02
20260827_14:00:00   8.5409e-01   1.5711e+02   1.3658e+01   0.0000e+00   9.9959e-04   2.7483e+02
20260827_15:00:00   9.1645e-01   1.6388e+02   1.4654e+01   0.0000e+00   1.2878e-03   2.7335e+02
20260827_16:00:00   9.9153e-01   1.7164e+02   1.5758e+01   0.0000e+00   4.0498e-03   2.7260e+02
20260827_17:00:00   1.0627e+00   1.7849e+02   1.6751e+01   0.0000e+00   1.2219e-02   2.7221e+02
20260827_18:00:00   1.1023e+00   1.8214e+02   1.7297e+01   0.0000e+00   2.9263e-02   2.7146e+02
20260827_19:00:00   1.1173e+00   1.8355e+02   1.7517e+01   0.0000e+00   3.7251e-02   2.7084e+02
20260827_20:00:00   1.1251e+00   1.8435e+02   1.7625e+01   0.0000e+00   2.1521e-02   2.7002e+02
20260827_21:00:00   1.1407e+00   1.8582e+02   1.7815e+01   0.0000e+00   1.8186e-02   2.7046e+02
20260827_22:00:00   1.1599e+00   1.8754e+02   1.8034e+01   1.7540e-05   2.0734e-02   2.7011e+02
20260827_23:00:00   1.1823e+00   1.8950e+02   1.8304e+01   1.3730e-04   2.2018e-02   2.7057e+02
20260828_00:00:00   1.1976e+00   1.9082e+02   1.8511e+01   6.9060e-04   1.1635e-02   2.7102e+02
20260828_01:00:00   1.2014e+00   1.9115e+02   1.8547e+01   1.0502e-03   2.9035e-03   2.7106e+02
20260828_02:00:00   1.2098e+00   1.9184e+02   1.8403e+01   7.3164e-03   2.2708e-03   2.6966e+02
20260828_03:00:00   1.2305e+00   1.9352e+02   1.8176e+01   2.2423e-02   5.2307e-03   2.6678e+02
20260828_04:00:00   1.2445e+00   1.9466e+02   1.8021e+01   3.3342e-02   1.4712e-02   2.6378e+02
20260828_05:00:00   1.2513e+00   1.9518e+02   1.7833e+01   4.1418e-02   2.8063e-02   2.6253e+02
20260828_06:00:00   1.2323e+00   1.9368e+02   1.7893e+01   3.1624e-02   4.5579e-02   2.6122e+02
20260828_07:00:00   1.2046e+00   1.9144e+02   1.7954e+01   1.8936e-02   5.0165e-02   2.6078e+02
20260828_08:00:00   1.1829e+00   1.8965e+02   1.7922e+01   1.0732e-02   7.6350e-02   2.6063e+02
20260828_09:00:00   1.1617e+00   1.8787e+02   1.7956e+01   4.2162e-04   1.2529e-01   2.5985e+02
20260828_10:00:00   1.1819e+00   1.8958e+02   1.8201e+01   2.2721e-03   1.3147e-01   2.5996e+02
20260828_11:00:00   1.2028e+00   1.9130e+02   1.8361e+01   7.6471e-03   7.9563e-02   2.6059e+02
20260828_12:00:00   1.3032e+00   1.9914e+02   1.8246e+01   5.2355e-02   6.7114e-02   2.6153e+02
20260828_15:00:00   1.2950e+00   1.9867e+02   1.6877e+01   9.0689e-02   6.5588e-03   2.6269e+02
20260828_18:00:00   9.5365e-01   1.6870e+02   1.5205e+01   0.0000e+00   1.0348e-02   2.6886e+02
20260828_21:00:00   8.9551e-01   1.6273e+02   1.4345e+01   0.0000e+00   4.3751e-03   2.6873e+02
20260829_00:00:00   1.0487e+00   1.7812e+02   1.6590e+01   0.0000e+00   8.8628e-03   2.6572e+02
20260829_03:00:00   1.1257e+00   1.8493e+02   1.7752e+01   0.0000e+00   2.8123e-02   2.6376e+02
20260829_06:00:00   1.0099e+00   1.7413e+02   1.6148e+01   6.5380e-04   2.1094e-02   2.6293e+02
20260829_09:00:00   9.2690e-01   1.6509e+02   1.5122e+01   0.0000e+00   1.5920e-01   2.6033e+02
20260829_12:00:00   9.5966e-01   1.6830e+02   1.5539e+01   0.0000e+00   4.3197e-01   2.6097e+02
20260829_15:00:00   8.8316e-01   1.5999e+02   1.4299e+01   0.0000e+00   3.5946e-01   2.6678e+02
20260829_18:00:00   1.0023e+00   1.7209e+02   1.5547e+01   0.0000e+00   6.1579e-01   2.7276e+02
20260829_21:00:00   1.1895e+00   1.8956e+02   1.4655e+01   7.4814e-02   3.0537e-01   2.9639e+02
20260830_00:00:00   1.2227e+00   1.9135e+02   1.4567e+01   9.4208e-02   3.3678e-01   3.0464e+02
20260830_03:00:00   1.1250e+00   1.8307e+02   1.3757e+01   7.4417e-02   1.8491e-01   3.0449e+02
20260830_06:00:00   9.3311e-01   1.6479e+02   1.2263e+01   3.1991e-02   4.0177e-02   3.0395e+02
20260830_09:00:00   7.6482e-01   1.4581e+02   1.0481e+01   9.0574e-03   1.8097e-03   2.9942e+02
20260830_12:00:00   6.8611e-01   1.3599e+02   9.6154e+00   3.5180e-05   7.6118e-05   2.9711e+02
20260830_15:00:00   6.6447e-01   1.3309e+02   9.4286e+00   0.0000e+00   1.4366e-05   3.0018e+02
20260830_18:00:00   6.2207e-01   1.2706e+02   8.9354e+00   0.0000e+00   1.7082e-03   3.0169e+02
20260830_21:00:00   5.9509e-01   1.2317e+02   8.4859e+00   0.0000e+00   8.7107e-04   3.0384e+02
20260831_00:00:00   5.5741e-01   1.1749e+02   7.8971e+00   0.0000e+00   4.2212e-06   3.0710e+02
20260831_03:00:00   4.8549e-01   1.0606e+02   6.9170e+00   0.0000e+00   3.8912e-06   3.0633e+02
20260831_06:00:00   4.4497e-01   9.9424e+01   6.3728e+00   0.0000e+00   2.0908e-06   3.0339e+02
20260831_09:00:00   4.2131e-01   9.5364e+01   6.1721e+00   0.0000e+00   0.0000e+00   2.9798e+02
20260831_12:00:00   5.0208e-01   1.0816e+02   7.8577e+00   0.0000e+00   6.5374e-03   2.9588e+02
20260831_15:00:00   6.6632e-01   1.3210e+02   1.0472e+01   0.0000e+00   2.5343e-02   2.9182e+02
20260831_18:00:00   7.2859e-01   1.4048e+02   1.1279e+01   0.0000e+00   6.4034e-02   2.9312e+02
20260831_21:00:00   7.1529e-01   1.3896e+02   1.1000e+01   0.0000e+00   5.9980e-04   3.0003e+02
20260901_00:00:00   6.0870e-01   1.2489e+02   9.1351e+00   0.0000e+00   4.0780e-06   3.0042e+02
20260901_03:00:00   5.4402e-01   1.1511e+02   8.1780e+00   0.0000e+00   3.1891e-03   2.9641e+02
20260901_06:00:00   5.5515e-01   1.1628e+02   8.4976e+00   0.0000e+00   9.7196e-04   2.9814e+02
20260901_09:00:00   5.8141e-01   1.1981e+02   8.8516e+00   0.0000e+00   3.3431e-03   3.0157e+02
20260901_12:00:00   6.3547e-01   1.2705e+02   9.5819e+00   0.0000e+00   3.4631e-02   3.0339e+02
20260901_15:00:00   6.4360e-01   1.2810e+02   9.5267e+00   0.0000e+00   3.8440e-02   3.0472e+02
20260901_18:00:00   6.4676e-01   1.2851e+02   9.5270e+00   0.0000e+00   7.7056e-03   3.0557e+02
20260901_21:00:00   6.0653e-01   1.2308e+02   8.9523e+00   0.0000e+00   5.4380e-05   3.0563e+02
20260902_00:00:00   5.4213e-01   1.1390e+02   7.9911e+00   0.0000e+00   2.0567e-05   3.0566e+02
20260902_03:00:00   4.7784e-01   1.0401e+02   7.0957e+00   0.0000e+00   3.0308e-06   3.0153e+02
20260902_06:00:00   4.4926e-01   9.9346e+01   6.7303e+00   0.0000e+00   0.0000e+00   2.9894e+02
20260902_09:00:00   3.9204e-01   8.9801e+01   5.8457e+00   0.0000e+00   3.2104e-04   2.9482e+02
20260902_12:00:00   3.8336e-01   8.7963e+01   6.0101e+00   0.0000e+00   6.9494e-03   2.8479e+02
20260902_15:00:00   4.5124e-01   9.9476e+01   7.3160e+00   0.0000e+00   8.3219e-03   2.8117e+02
20260902_18:00:00   5.6691e-01   1.1769e+02   9.2097e+00   0.0000e+00   5.5954e-03   2.8057e+02
20260902_21:00:00   6.8600e-01   1.3472e+02   1.0867e+01   0.0000e+00   3.8142e-02   2.8349e+02
20260903_00:00:00   6.9987e-01   1.3672e+02   1.1070e+01   0.0000e+00   1.3822e-01   2.8732e+02
20260903_03:00:00   7.7011e-01   1.4583e+02   1.2010e+01   0.0000e+00   9.9008e-02   2.8796e+02
20260903_06:00:00   8.4170e-01   1.5421e+02   1.2621e+01   0.0000e+00   3.5469e-01   2.8624e+02
20260903_09:00:00   4.5594e-01   1.0060e+02   6.9042e+00   0.0000e+00   1.6104e-07   2.9344e+02
20260903_12:00:00   2.3141e-01   5.8576e+01   3.4153e+00   0.0000e+00   0.0000e+00   2.9456e+02
20260903_15:00:00   2.8869e-01   6.9741e+01   4.4292e+00   0.0000e+00   0.0000e+00   2.9566e+02
20260903_18:00:00   3.4477e-01   8.0324e+01   5.3643e+00   0.0000e+00   0.0000e+00   2.9757e+02
20260903_21:00:00   3.7519e-01   8.5631e+01   5.8936e+00   0.0000e+00   1.7194e-03   2.9723e+02
20260904_00:00:00   3.4849e-01   8.0650e+01   5.4651e+00   0.0000e+00   1.9254e-03   2.9498e+02
20260904_03:00:00   3.2738e-01   7.6632e+01   5.1434e+00   0.0000e+00   1.8921e-03   2.9544e+02
20260904_06:00:00   2.9807e-01   7.1345e+01   4.5689e+00   0.0000e+00   0.0000e+00   2.8981e+02
20260904_09:00:00   3.0626e-01   7.3017e+01   4.6360e+00   0.0000e+00   0.0000e+00   2.9118e+02
20260904_12:00:00   3.1049e-01   7.3973e+01   4.6042e+00   0.0000e+00   0.0000e+00   2.9299e+02
20260904_15:00:00   2.8602e-01   6.9489e+01   4.0793e+00   0.0000e+00   0.0000e+00   2.9821e+02
20260904_18:00:00   3.0951e-01   7.4023e+01   4.4280e+00   0.0000e+00   0.0000e+00   3.0236e+02
20260904_21:00:00   3.4165e-01   8.0118e+01   4.8973e+00   0.0000e+00   0.0000e+00   3.0746e+02
20260905_00:00:00   3.6888e-01   8.5099e+01   5.2946e+00   0.0000e+00   0.0000e+00   3.0905e+02
20260905_03:00:00   3.7389e-01   8.6027e+01   5.3399e+00   0.0000e+00   0.0000e+00   3.0902e+02
20260905_06:00:00   3.7245e-01   8.5704e+01   5.3056e+00   0.0000e+00   0.0000e+00   3.0540e+02
20260905_09:00:00   4.1078e-01   9.2331e+01   5.8948e+00   0.0000e+00   5.2200e-06   3.0047e+02
20260905_12:00:00   4.0427e-01   9.1242e+01   5.7460e+00   0.0000e+00   2.0885e-06   3.0248e+02
20260905_15:00:00   4.1991e-01   9.3960e+01   5.9159e+00   0.0000e+00   5.0480e-06   3.0438e+02
20260905_18:00:00   4.2833e-01   9.5334e+01   6.0184e+00   0.0000e+00   9.0050e-06   3.0567e+02
20260905_21:00:00   4.4067e-01   9.7527e+01   6.1273e+00   0.0000e+00   1.1318e-05   3.0887e+02
20260906_00:00:00   3.9281e-01   8.9267e+01   5.4128e+00   0.0000e+00   8.1053e-06   3.1125e+02
20260906_03:00:00   4.2115e-01   9.3772e+01   5.8326e+00   0.0000e+00   1.4205e-05   3.1312e+02
20260906_06:00:00   4.1407e-01   9.2270e+01   5.7769e+00   0.0000e+00   2.4162e-03   3.1239e+02
20260906_09:00:00   3.9219e-01   8.8595e+01   5.4197e+00   0.0000e+00   1.5527e-05   3.1289e+02
20260906_12:00:00   4.1612e-01   9.2806e+01   5.7128e+00   0.0000e+00   3.7143e-05   3.1127e+02
20260906_15:00:00   4.4839e-01   9.8256e+01   6.1496e+00   0.0000e+00   1.1204e-03   3.1156e+02
20260906_18:00:00   4.7818e-01   1.0311e+02   6.5494e+00   0.0000e+00   1.8199e-03   3.1157e+02
20260906_21:00:00   5.1302e-01   1.0855e+02   6.9464e+00   7.7721e-04   6.5708e-03   3.1216e+02
20260907_00:00:00   5.3521e-01   1.1187e+02   6.8920e+00   1.1501e-02   3.6984e-02   3.1365e+02
20260907_03:00:00   5.1529e-01   1.0869e+02   6.8018e+00   4.9476e-03   4.0230e-02   3.1351e+02
20260907_06:00:00   4.9059e-01   1.0474e+02   6.6087e+00   3.4650e-04   1.5178e-02   3.1470e+02
20260907_09:00:00   4.8080e-01   1.0313e+02   6.4830e+00   0.0000e+00   1.1356e-02   3.1517e+02
20260907_12:00:00   4.5510e-01   9.8959e+01   6.1660e+00   0.0000e+00   2.9239e-03   3.1551e+02
20260907_15:00:00   4.1445e-01   9.2207e+01   5.6692e+00   0.0000e+00   9.2497e-04   3.1605e+02
20260907_18:00:00   3.9908e-01   8.9550e+01   5.5049e+00   0.0000e+00   1.3222e-04   3.1844e+02
20260907_21:00:00   3.6574e-01   8.3724e+01   5.0963e+00   0.0000e+00   2.8542e-03   3.1906e+02
20260908_00:00:00   3.1943e-01   7.5375e+01   4.4859e+00   0.0000e+00   2.7373e-05   3.1659e+02
20260908_03:00:00   3.6828e-01   8.4094e+01   5.3022e+00   0.0000e+00   2.6167e-03   3.1639e+02
20260908_06:00:00   4.0861e-01   9.1435e+01   5.8191e+00   0.0000e+00   2.2932e-05   3.1812e+02
20260908_09:00:00   3.6810e-01   8.4808e+01   5.0970e+00   0.0000e+00   2.1925e-06   3.1808e+02
20260908_12:00:00   3.4062e-01   7.9838e+01   4.6968e+00   0.0000e+00   1.9363e-06   3.1365e+02
