#            date       tau255        Tb[K]      pwv[mm] lwp[kg*m^-2] iwp[kg*m^-2]       o3[DU]
20260814_00:00:00   8.0848e-01   1.5313e+02   1.2562e+01   0.0000e+00   7.0160e-06   2.8971e+02
20260814_01:00:00   8.2068e-01   1.5465e+02   1.2798e+01   0.0000e+00   3.5080e-06   2.9051e+02
20260814_02:00:00   8.3162e-01   1.5599e+02   1.3013e+01   0.0000e+00   3.5080e-06   2.9071e+02
20260814_03:00:00   8.3270e-01   1.5613e+02   1.3084e+01   0.0000e+00   4.4060e-06   2.9030e+02
20260814_04:00:00   8.2808e-01   1.5565e+02   1.3058e+01   0.0000e+00   1.2236e-05   2.9019e+02
20260814_05:00:00   8.2090e-01   1.5486e+02   1.2987e+01   0.0000e+00   7.0160e-06   2.9027e+02
20260814_06:00:00   8.1893e-01   1.5460e+02   1.2981e+01   0.0000e+00   1.1420e-06   2.9061e+02
20260814_07:00:00   8.2332e-01   1.5512e+02   1.3077e+01   0.0000e+00   1.6316e-05   2.9172e+02
20260814_08:00:00   8.2780e-01   1.5561e+02   1.3165e+01   0.0000e+00   7.8659e-06   2.9350e+02
20260814_09:00:00   8.3678e-01   1.5666e+02   1.3320e+01   0.0000e+00   9.0560e-06   2.9480e+02
20260814_10:00:00   8.4778e-01   1.5796e+02   1.3494e+01   0.0000e+00   4.9477e-05   2.9527e+02
20260814_11:00:00   8.6056e-01   1.5944e+02   1.3695e+01   0.0000e+00   3.1942e-05   2.9500e+02
20260814_12:00:00   8.8541e-01   1.6220e+02   1.4103e+01   0.0000e+00   2.2600e-04   2.9376e+02
20260814_13:00:00   9.2278e-01   1.6620e+02   1.4709e+01   0.0000e+00   6.2671e-04   2.9043e+02
20260814_14:00:00   9.6486e-01   1.7058e+02   1.5329e+01   0.0000e+00   9.9356e-04   2.8688e+02
20260814_15:00:00   9.9552e-01   1.7380e+02   1.5687e+01   0.0000e+00   2.8537e-04   2.8585e+02
20260814_16:00:00   1.0049e+00   1.7494e+02   1.5662e+01   0.0000e+00   1.3477e-04   2.8618e+02
20260814_17:00:00   9.9730e-01   1.7439e+02   1.5413e+01   0.0000e+00   4.1272e-05   2.8691e+02
20260814_18:00:00   9.9278e-01   1.7401e+02   1.5269e+01   0.0000e+00   1.2236e-05   2.8780e+02
20260814_19:00:00   9.9229e-01   1.7393e+02   1.5218e+01   0.0000e+00   1.2236e-05   2.8924e+02
20260814_20:00:00   9.9013e-01   1.7368e+02   1.5166e+01   0.0000e+00   1.2236e-05   2.9126e+02
20260814_21:00:00   9.8713e-01   1.7336e+02   1.5148e+01   0.0000e+00   1.2236e-05   2.9299e+02
20260814_22:00:00   9.8509e-01   1.7313e+02   1.5162e+01   0.0000e+00   1.2236e-05   2.9416e+02
20260814_23:00:00   9.8198e-01   1.7281e+02   1.5151e+01   0.0000e+00   8.1570e-06   2.9502e+02
20260815_00:00:00   9.7451e-01   1.7204e+02   1.5062e+01   0.0000e+00   2.7409e-05   2.9520e+02
20260815_01:00:00   9.6672e-01   1.7126e+02   1.4979e+01   0.0000e+00   8.1570e-06   2.9498e+02
20260815_02:00:00   9.5588e-01   1.7019e+02   1.4857e+01   0.0000e+00   1.3208e-04   2.9438e+02
20260815_03:00:00   9.4323e-01   1.6891e+02   1.4678e+01   0.0000e+00   5.0365e-04   2.9465e+02
20260815_04:00:00   9.2264e-01   1.6685e+02   1.4358e+01   0.0000e+00   1.7437e-03   2.9576e+02
20260815_05:00:00   9.0220e-01   1.6473e+02   1.4046e+01   0.0000e+00   1.8756e-03   2.9691e+02
20260815_06:00:00   8.8557e-01   1.6299e+02   1.3794e+01   0.0000e+00   2.7439e-03   2.9768e+02
20260815_07:00:00   8.6703e-01   1.6099e+02   1.3529e+01   0.0000e+00   1.7339e-03   2.9836e+02
20260815_08:00:00   8.5218e-01   1.5935e+02   1.3315e+01   0.0000e+00   8.8245e-04   2.9871e+02
20260815_09:00:00   8.3764e-01   1.5773e+02   1.3104e+01   0.0000e+00   4.6086e-04   2.9968e+02
20260815_10:00:00   8.2433e-01   1.5621e+02   1.2923e+01   0.0000e+00   2.4584e-04   2.9987e+02
20260815_11:00:00   8.1985e-01   1.5574e+02   1.2905e+01   0.0000e+00   1.8114e-04   2.9965e+02
20260815_12:00:00   8.1344e-01   1.5508e+02   1.2820e+01   0.0000e+00   9.2244e-05   2.9957e+02
20260815_13:00:00   8.0556e-01   1.5426e+02   1.2706e+01   0.0000e+00   2.8560e-06   2.9919e+02
20260815_14:00:00   7.9376e-01   1.5299e+02   1.2536e+01   0.0000e+00   1.0972e-04   2.9807e+02
20260815_15:00:00   7.8890e-01   1.5245e+02   1.2500e+01   0.0000e+00   6.9260e-05   2.9745e+02
20260815_16:00:00   7.8691e-01   1.5233e+02   1.2489e+01   0.0000e+00   2.8560e-06   2.9737e+02
20260815_17:00:00   7.8597e-01   1.5224e+02   1.2522e+01   0.0000e+00   0.0000e+00   2.9998e+02
20260815_18:00:00   7.8700e-01   1.5232e+02   1.2627e+01   0.0000e+00   0.0000e+00   3.0052e+02
20260815_19:00:00   7.9290e-01   1.5301e+02   1.2797e+01   0.0000e+00   3.0460e-04   3.0159e+02
20260815_20:00:00   7.9677e-01   1.5346e+02   1.2924e+01   0.0000e+00   2.8879e-04   3.0181e+02
20260815_21:00:00   7.9984e-01   1.5380e+02   1.3030e+01   0.0000e+00   2.4614e-04   3.0186e+02
20260815_22:00:00   8.0039e-01   1.5388e+02   1.3033e+01   0.0000e+00   6.2774e-05   3.0236e+02
20260815_23:00:00   8.0170e-01   1.5399e+02   1.3075e+01   0.0000e+00   8.1580e-06   3.0251e+02
20260816_00:00:00   8.0160e-01   1.5399e+02   1.3100e+01   0.0000e+00   1.5318e-05   3.0205e+02
20260816_01:00:00   8.0251e-01   1.5406e+02   1.3128e+01   0.0000e+00   7.0160e-06   3.0180e+02
20260816_02:00:00   8.0598e-01   1.5441e+02   1.3191e+01   0.0000e+00   7.0160e-06   3.0179e+02
20260816_03:00:00   8.0729e-01   1.5453e+02   1.3217e+01   0.0000e+00   2.4514e-05   3.0216e+02
20260816_04:00:00   8.1470e-01   1.5537e+02   1.3357e+01   0.0000e+00   3.4153e-05   3.0280e+02
20260816_05:00:00   8.2903e-01   1.5702e+02   1.3606e+01   0.0000e+00   7.8703e-05   3.0282e+02
20260816_06:00:00   8.5036e-01   1.5944e+02   1.3920e+01   0.0000e+00   5.6833e-04   3.0218e+02
20260816_07:00:00   8.7266e-01   1.6194e+02   1.4255e+01   0.0000e+00   4.2301e-04   3.0123e+02
20260816_08:00:00   8.9641e-01   1.6454e+02   1.4591e+01   0.0000e+00   8.0310e-04   3.0012e+02
20260816_09:00:00   9.1787e-01   1.6672e+02   1.4865e+01   0.0000e+00   4.8214e-03   2.9980e+02
20260816_10:00:00   9.4413e-01   1.6938e+02   1.5193e+01   0.0000e+00   2.2066e-02   3.0002e+02
20260816_11:00:00   9.7318e-01   1.7225e+02   1.5543e+01   0.0000e+00   4.9064e-02   3.0028e+02
20260816_12:00:00   1.0058e+00   1.7549e+02   1.5925e+01   0.0000e+00   7.0538e-02   3.0149e+02
20260816_13:00:00   1.0523e+00   1.7997e+02   1.6572e+01   0.0000e+00   9.8298e-02   3.0222e+02
20260816_14:00:00   1.0994e+00   1.8432e+02   1.7252e+01   0.0000e+00   6.9481e-02   3.0269e+02
20260816_15:00:00   1.1302e+00   1.8705e+02   1.7714e+01   0.0000e+00   3.9073e-02   3.0376e+02
20260816_16:00:00   1.1420e+00   1.8806e+02   1.7903e+01   0.0000e+00   4.5637e-02   3.0621e+02
20260816_17:00:00   1.1405e+00   1.8789e+02   1.7906e+01   0.0000e+00   3.4709e-02   3.0938e+02
20260816_18:00:00   1.1493e+00   1.8869e+02   1.8046e+01   0.0000e+00   1.8584e-02   3.1088e+02
20260816_19:00:00   1.1670e+00   1.9026e+02   1.8275e+01   0.0000e+00   2.0307e-02   3.1177e+02
20260816_20:00:00   1.1696e+00   1.9049e+02   1.8285e+01   0.0000e+00   2.7520e-02   3.1201e+02
20260816_21:00:00   1.1595e+00   1.8967e+02   1.8136e+01   0.0000e+00   3.0690e-02   3.1266e+02
20260816_22:00:00   1.1421e+00   1.8824e+02   1.7871e+01   0.0000e+00   1.8700e-02   3.1331e+02
20260816_23:00:00   1.1285e+00   1.8714e+02   1.7612e+01   2.2460e-06   6.9678e-03   3.1413e+02
20260817_00:00:00   1.1280e+00   1.8713e+02   1.7502e+01   1.0608e-04   3.9523e-03   3.1519e+02
20260817_01:00:00   1.1149e+00   1.8601e+02   1.7228e+01   0.0000e+00   8.6908e-04   3.1575e+02
20260817_02:00:00   1.0927e+00   1.8400e+02   1.6842e+01   0.0000e+00   3.8741e-04   3.1624e+02
20260817_03:00:00   1.0663e+00   1.8155e+02   1.6400e+01   0.0000e+00   1.1229e-04   3.1662e+02
20260817_04:00:00   1.0539e+00   1.8030e+02   1.6170e+01   0.0000e+00   1.3619e-04   3.1708e+02
20260817_05:00:00   1.0382e+00   1.7869e+02   1.5907e+01   4.4900e-06   2.3695e-04   3.1709e+02
20260817_06:00:00   1.0224e+00   1.7700e+02   1.5638e+01   1.6510e-03   4.1788e-04   3.1701e+02
20260817_07:00:00   1.0406e+00   1.7853e+02   1.5379e+01   1.7716e-02   6.3088e-04   3.1670e+02
20260817_08:00:00   1.1018e+00   1.8405e+02   1.5194e+01   4.7842e-02   1.9889e-03   3.1570e+02
20260817_09:00:00   1.0787e+00   1.8195e+02   1.5027e+01   4.0201e-02   4.4058e-03   3.1526e+02
20260817_10:00:00   1.0266e+00   1.7709e+02   1.4897e+01   1.9271e-02   5.4265e-03   3.1502e+02
20260817_11:00:00   9.9416e-01   1.7386e+02   1.4809e+01   7.4310e-03   4.7802e-03   3.1498e+02
20260817_12:00:00   1.0019e+00   1.7454e+02   1.4857e+01   8.7916e-03   3.7216e-03   3.1473e+02
20260817_13:00:00   1.0004e+00   1.7425e+02   1.4949e+01   5.2091e-03   6.4536e-03   3.1413e+02
20260817_14:00:00   1.0053e+00   1.7460e+02   1.4994e+01   6.7770e-03   3.8134e-03   3.1361e+02
20260817_15:00:00   1.0022e+00   1.7421e+02   1.5022e+01   6.1560e-03   1.7719e-03   3.1260e+02
20260817_16:00:00   9.9525e-01   1.7342e+02   1.5016e+01   4.5695e-03   1.0045e-03   3.1154e+02
20260817_17:00:00   9.8886e-01   1.7267e+02   1.5058e+01   2.1018e-03   7.3907e-04   3.1144e+02
20260817_18:00:00   1.0081e+00   1.7448e+02   1.5310e+01   2.5877e-03   9.9695e-04   3.1252e+02
20260817_19:00:00   1.0481e+00   1.7823e+02   1.5632e+01   8.6444e-03   4.3753e-03   3.1374e+02
20260817_20:00:00   1.0690e+00   1.8017e+02   1.5736e+01   1.2158e-02   7.9726e-03   3.1416e+02
20260817_21:00:00   1.0537e+00   1.7877e+02   1.5580e+01   7.7353e-03   7.2357e-03   3.1478e+02
20260817_22:00:00   1.0186e+00   1.7545e+02   1.5222e+01   1.4415e-03   4.4940e-03   3.1448e+02
20260817_23:00:00   1.0154e+00   1.7516e+02   1.4984e+01   4.2729e-03   2.5476e-03   3.1459e+02
20260818_00:00:00   1.0358e+00   1.7723e+02   1.4898e+01   1.1819e-02   7.5686e-04   3.1443e+02
20260818_01:00:00   1.0438e+00   1.7802e+02   1.4929e+01   1.2873e-02   2.7216e-04   3.1409e+02
20260818_02:00:00   1.0117e+00   1.7489e+02   1.4803e+01   4.0517e-03   4.0271e-04   3.1538e+02
20260818_03:00:00   9.9309e-01   1.7299e+02   1.4671e+01   1.9127e-03   9.3179e-04   3.1724e+02
20260818_04:00:00   9.8393e-01   1.7211e+02   1.4519e+01   2.7832e-03   2.0728e-03   3.1802e+02
20260818_05:00:00   9.9228e-01   1.7303e+02   1.4376e+01   9.3305e-03   2.2225e-03   3.1770e+02
20260818_06:00:00   1.0100e+00   1.7483e+02   1.4387e+01   1.4876e-02   1.6157e-03   3.1669e+02
20260818_07:00:00   1.0852e+00   1.8194e+02   1.4609e+01   3.7972e-02   2.8149e-03   3.1495e+02
20260818_08:00:00   1.1379e+00   1.8663e+02   1.4881e+01   5.0957e-02   3.5988e-03   3.1295e+02
20260818_09:00:00   1.1344e+00   1.8641e+02   1.4926e+01   4.8280e-02   2.2105e-03   3.1128e+02
20260818_10:00:00   1.1416e+00   1.8706e+02   1.4990e+01   4.9785e-02   1.6909e-03   3.1037e+02
20260818_11:00:00   1.1321e+00   1.8621e+02   1.5047e+01   4.4925e-02   1.2544e-03   3.1016e+02
20260818_12:00:00   1.0872e+00   1.8225e+02   1.5102e+01   2.5286e-02   7.4586e-04   3.1081e+02
20260818_13:00:00   1.0495e+00   1.7885e+02   1.5163e+01   8.4998e-03   9.7935e-04   3.1191e+02
20260818_14:00:00   1.0793e+00   1.8160e+02   1.5284e+01   1.8124e-02   2.2827e-03   3.1275e+02
20260818_15:00:00   1.0867e+00   1.8221e+02   1.5490e+01   1.6404e-02   3.3852e-03   3.1308e+02
20260818_16:00:00   1.0921e+00   1.8259e+02   1.5754e+01   1.2695e-02   5.7866e-03   3.1300e+02
20260818_17:00:00   1.1365e+00   1.8639e+02   1.6069e+01   2.2502e-02   9.0034e-03   3.1270e+02
20260818_18:00:00   1.1888e+00   1.9068e+02   1.6311e+01   3.6471e-02   8.4010e-03   3.1246e+02
20260818_19:00:00   1.1812e+00   1.8992e+02   1.6418e+01   2.9728e-02   1.8560e-03   3.1083e+02
20260818_20:00:00   1.2177e+00   1.9285e+02   1.6514e+01   4.1476e-02   1.2944e-03   3.0869e+02
20260818_21:00:00   1.2817e+00   1.9778e+02   1.6571e+01   6.5609e-02   4.6068e-03   3.0807e+02
20260818_22:00:00   1.3059e+00   1.9946e+02   1.6655e+01   7.2511e-02   1.2861e-02   3.0796e+02
20260818_23:00:00   1.2862e+00   1.9783e+02   1.6807e+01   5.8904e-02   3.3002e-02   3.0900e+02
20260819_00:00:00   1.3037e+00   1.9897e+02   1.7006e+01   5.9189e-02   8.2230e-02   3.0997e+02
20260819_03:00:00   2.3408e+00   2.4723e+02   1.6825e+01   4.8270e-01   4.5685e-01   3.1233e+02
20260819_06:00:00   2.8244e+00   2.5743e+02   1.5980e+01   7.0470e-01   4.3918e-01   3.1467e+02
20260819_09:00:00   2.2254e+00   2.4405e+02   1.5066e+01   4.8322e-01   1.8118e-01   3.1865e+02
20260819_12:00:00   1.2721e+00   1.9633e+02   1.3864e+01   1.2381e-01   6.2110e-02   3.2054e+02
20260819_15:00:00   1.2452e+00   1.9443e+02   1.3331e+01   1.2503e-01   4.9093e-02   3.2113e+02
20260819_18:00:00   1.7394e+00   2.2529e+02   1.3605e+01   3.2095e-01   5.7246e-02   3.2182e+02
20260819_21:00:00   2.2452e+00   2.4458e+02   1.3935e+01   5.2040e-01   8.7865e-02   3.2414e+02
20260820_00:00:00   2.1972e+00   2.4302e+02   1.3827e+01   5.0285e-01   1.5034e-01   3.2717e+02
20260820_03:00:00   1.8361e+00   2.2951e+02   1.3593e+01   3.6029e-01   2.3012e-01   3.2725e+02
20260820_06:00:00   1.4431e+00   2.0789e+02   1.3265e+01   2.0904e-01   2.4442e-01   3.2721e+02
20260820_09:00:00   1.5810e+00   2.1634e+02   1.3312e+01   2.6490e-01   1.7800e-01   3.2555e+02
20260820_12:00:00   1.7431e+00   2.2501e+02   1.3388e+01   3.2783e-01   1.8526e-01   3.2835e+02
20260820_15:00:00   1.5920e+00   2.1736e+02   1.3453e+01   2.6276e-01   1.0804e-01   3.2996e+02
20260820_18:00:00   1.3935e+00   2.0515e+02   1.3463e+01   1.8255e-01   2.3205e-02   3.2975e+02
20260820_21:00:00   8.8853e-01   1.6031e+02   1.2777e+01   2.2179e-03   1.7666e-03   3.3143e+02
20260821_00:00:00   8.3100e-01   1.5397e+02   1.2160e+01   0.0000e+00   1.3568e-03   3.3249e+02
20260821_03:00:00   7.9471e-01   1.4972e+02   1.1716e+01   0.0000e+00   1.5593e-03   3.3107e+02
20260821_06:00:00   7.4244e-01   1.4319e+02   1.1142e+01   0.0000e+00   8.8816e-03   3.2948e+02
20260821_09:00:00   6.9498e-01   1.3690e+02   1.0624e+01   0.0000e+00   7.7288e-03   3.2933e+02
20260821_12:00:00   6.7520e-01   1.3424e+02   1.0430e+01   0.0000e+00   5.5278e-03   3.2997e+02
20260821_15:00:00   6.6327e-01   1.3274e+02   1.0301e+01   0.0000e+00   2.1042e-03   3.2703e+02
20260821_18:00:00   6.5581e-01   1.3188e+02   1.0218e+01   0.0000e+00   2.8994e-03   3.2488e+02
20260821_21:00:00   6.5644e-01   1.3221e+02   1.0216e+01   0.0000e+00   9.5949e-04   3.2774e+02
20260822_00:00:00   6.3939e-01   1.3017e+02   9.8731e+00   0.0000e+00   2.1571e-05   3.2815e+02
20260822_03:00:00   5.7852e-01   1.2178e+02   8.8132e+00   0.0000e+00   0.0000e+00   3.2993e+02
20260822_06:00:00   5.2288e-01   1.1333e+02   7.9359e+00   0.0000e+00   0.0000e+00   3.3153e+02
20260822_09:00:00   4.9717e-01   1.0912e+02   7.6160e+00   0.0000e+00   0.0000e+00   3.2947e+02
20260822_12:00:00   4.9731e-01   1.0914e+02   7.5781e+00   0.0000e+00   0.0000e+00   3.2942e+02
20260822_15:00:00   4.8068e-01   1.0650e+02   7.2997e+00   0.0000e+00   0.0000e+00   3.2735e+02
20260822_18:00:00   4.6916e-01   1.0479e+02   7.1077e+00   0.0000e+00   0.0000e+00   3.2412e+02
20260822_21:00:00   4.5692e-01   1.0267e+02   7.0166e+00   0.0000e+00   0.0000e+00   3.2417e+02
20260823_00:00:00   4.5588e-01   1.0231e+02   7.0850e+00   0.0000e+00   0.0000e+00   3.2192e+02
20260823_03:00:00   4.5449e-01   1.0219e+02   7.0576e+00   0.0000e+00   0.0000e+00   3.2140e+02
20260823_06:00:00   4.7804e-01   1.0595e+02   7.4439e+00   0.0000e+00   0.0000e+00   3.1874e+02
20260823_09:00:00   5.1949e-01   1.1233e+02   7.9306e+00   0.0000e+00   0.0000e+00   3.1610e+02
20260823_12:00:00   6.0217e-01   1.2489e+02   8.8823e+00   7.8580e-06   4.4910e-07   3.1123e+02
20260823_15:00:00   6.3276e-01   1.2963e+02   9.1232e+00   9.8890e-04   1.4688e-06   3.1221e+02
20260823_18:00:00   6.5901e-01   1.3356e+02   9.2045e+00   7.2087e-03   2.3721e-05   3.1070e+02
20260823_21:00:00   6.5903e-01   1.3366e+02   9.0936e+00   9.2610e-03   7.4316e-05   3.0676e+02
20260824_00:00:00   6.6650e-01   1.3439e+02   9.0005e+00   1.8018e-02   7.4812e-05   3.0732e+02
20260824_03:00:00   6.5857e-01   1.3259e+02   9.9334e+00   0.0000e+00   1.2515e-05   3.0436e+02
20260824_06:00:00   7.0661e-01   1.3883e+02   1.0881e+01   0.0000e+00   3.2632e-05   3.0375e+02
20260824_09:00:00   7.1163e-01   1.3966e+02   1.1018e+01   0.0000e+00   2.5126e-05   3.0628e+02
20260824_12:00:00   7.3565e-01   1.4300e+02   1.1456e+01   0.0000e+00   1.6741e-05   3.0839e+02
20260824_15:00:00   7.7692e-01   1.4831e+02   1.2110e+01   0.0000e+00   2.7362e-05   3.0813e+02
20260824_18:00:00   8.2807e-01   1.5452e+02   1.2860e+01   0.0000e+00   3.5721e-04   3.0244e+02
20260824_21:00:00   9.0709e-01   1.6342e+02   1.3911e+01   0.0000e+00   8.5448e-05   3.0276e+02
20260825_00:00:00   9.9878e-01   1.7272e+02   1.5024e+01   2.7407e-07   2.6224e-03   3.0306e+02
20260825_03:00:00   1.1070e+00   1.8251e+02   1.5417e+01   2.9078e-02   6.3800e-03   3.0592e+02
20260825_06:00:00   1.0504e+00   1.7729e+02   1.5261e+01   1.0193e-02   2.5249e-02   3.0318e+02
20260825_09:00:00   9.9633e-01   1.7210e+02   1.4897e+01   0.0000e+00   3.1031e-03   3.0178e+02
20260825_12:00:00   9.7712e-01   1.7036e+02   1.4640e+01   0.0000e+00   6.0619e-04   3.0205e+02
20260825_15:00:00   9.7456e-01   1.7021e+02   1.4593e+01   0.0000e+00   1.4789e-03   3.0129e+02
20260825_18:00:00   9.7883e-01   1.7060e+02   1.4571e+01   3.0512e-04   1.5521e-04   3.0519e+02
20260825_21:00:00   1.0704e+00   1.7941e+02   1.4679e+01   3.2507e-02   6.4891e-04   3.0796e+02
20260826_00:00:00   1.1061e+00   1.8245e+02   1.4700e+01   4.3712e-02   1.0043e-03   3.0811e+02
20260826_03:00:00   1.1777e+00   1.8846e+02   1.4398e+01   8.2874e-02   7.4917e-04   3.0845e+02
20260826_06:00:00   1.0984e+00   1.8165e+02   1.3984e+01   6.1784e-02   5.2446e-04   3.0848e+02
20260826_09:00:00   1.0089e+00   1.7337e+02   1.3598e+01   3.5813e-02   3.3195e-04   3.0946e+02
20260826_12:00:00   8.9696e-01   1.6212e+02   1.3086e+01   3.1180e-03   7.6174e-05   3.1752e+02
20260826_15:00:00   8.3867e-01   1.5606e+02   1.2231e+01   0.0000e+00   1.2236e-05   3.1732e+02
20260826_18:00:00   8.2216e-01   1.5441e+02   1.2007e+01   0.0000e+00   8.6311e-06   3.1639e+02
20260826_21:00:00   8.1039e-01   1.5320e+02   1.1977e+01   0.0000e+00   7.5860e-06   3.1053e+02
20260827_00:00:00   8.5164e-01   1.5818e+02   1.2133e+01   6.6965e-03   0.0000e+00   3.0524e+02
20260827_03:00:00   9.5739e-01   1.6924e+02   1.2920e+01   2.7452e-02   5.7751e-03   2.9700e+02
20260827_06:00:00   1.3829e+00   2.0443e+02   1.3059e+01   2.0825e-01   4.1564e-02   2.9613e+02
20260827_09:00:00   1.6380e+00   2.1949e+02   1.6246e+01   2.1903e-01   5.8255e-01   2.9421e+02
20260827_12:00:00   1.9198e+00   2.3272e+02   1.3308e+01   4.0967e-01   1.3626e-01   3.0777e+02
20260827_15:00:00   1.5143e+00   2.1300e+02   8.5670e+00   3.6943e-01   6.1295e-03   3.1679e+02
20260827_18:00:00   7.6905e-01   1.4736e+02   8.3414e+00   7.1497e-02   2.2453e-03   3.2469e+02
20260827_21:00:00   7.7720e-01   1.4783e+02   8.5084e+00   7.3611e-02   2.3875e-03   3.2606e+02
20260828_00:00:00   1.2390e+00   1.9211e+02   9.4479e+00   2.4216e-01   4.1337e-02   3.3119e+02
20260828_03:00:00   6.3944e-01   1.2784e+02   8.8546e+00   7.1570e-03   8.0733e-03   3.3384e+02
20260828_06:00:00   6.2138e-01   1.2462e+02   8.5423e+00   9.4260e-03   6.0898e-02   3.3238e+02
20260828_09:00:00   4.2965e-01   9.5650e+01   6.0965e+00   0.0000e+00   7.0453e-04   3.2509e+02
20260828_12:00:00   4.6291e-01   1.0091e+02   6.8758e+00   0.0000e+00   3.8084e-05   3.2117e+02
20260828_15:00:00   4.5978e-01   1.0069e+02   6.7522e+00   0.0000e+00   4.6582e-04   3.2502e+02
20260828_18:00:00   4.5660e-01   1.0005e+02   6.7637e+00   0.0000e+00   1.0622e-07   3.2630e+02
20260828_21:00:00   4.5952e-01   1.0045e+02   6.8319e+00   0.0000e+00   1.1614e-05   3.2567e+02
20260829_00:00:00   4.7154e-01   1.0233e+02   6.9883e+00   0.0000e+00   1.5174e-05   3.2620e+02
20260829_03:00:00   4.5891e-01   1.0006e+02   6.8376e+00   0.0000e+00   1.8537e-05   3.2172e+02
20260829_06:00:00   4.5807e-01   9.9764e+01   6.8295e+00   0.0000e+00   3.0348e-05   3.1726e+02
20260829_09:00:00   4.5742e-01   9.9489e+01   6.8212e+00   0.0000e+00   3.6712e-05   3.1646e+02
20260829_12:00:00   4.6122e-01   1.0022e+02   6.8732e+00   0.0000e+00   3.8472e-05   3.1604e+02
20260829_15:00:00   4.6394e-01   1.0095e+02   6.8868e+00   0.0000e+00   2.7740e-05   3.1821e+02
20260829_18:00:00   4.7676e-01   1.0320e+02   7.1363e+00   0.0000e+00   6.8794e-04   3.0768e+02
20260829_21:00:00   5.3137e-01   1.1149e+02   8.1376e+00   0.0000e+00   1.2300e-02   3.0277e+02
20260830_00:00:00   6.3817e-01   1.2669e+02   9.7277e+00   0.0000e+00   1.6958e-01   2.9757e+02
