#            date       tau255        Tb[K]      pwv[mm] lwp[kg*m^-2] iwp[kg*m^-2]       o3[DU]
20261004_06:00:00   3.8887e-01   8.7168e+01   5.3607e+00   0.0000e+00   1.4092e-04   3.3142e+02
20261004_07:00:00   3.8932e-01   8.7214e+01   5.3842e+00   0.0000e+00   1.6170e-05   3.2980e+02
20261004_08:00:00   3.8798e-01   8.6968e+01   5.3763e+00   0.0000e+00   1.6279e-05   3.2952e+02
20261004_09:00:00   3.8643e-01   8.6698e+01   5.3559e+00   0.0000e+00   1.6279e-05   3.2711e+02
20261004_10:00:00   3.8322e-01   8.6155e+01   5.3061e+00   0.0000e+00   1.6316e-05   3.2372e+02
20261004_11:00:00   3.8041e-01   8.5671e+01   5.2647e+00   0.0000e+00   1.6325e-05   3.2094e+02
20261004_12:00:00   3.7756e-01   8.5183e+01   5.2228e+00   0.0000e+00   1.6484e-05   3.1835e+02
20261004_13:00:00   3.7635e-01   8.4963e+01   5.2031e+00   0.0000e+00   1.6484e-05   3.1744e+02
20261004_14:00:00   3.7708e-01   8.5096e+01   5.2099e+00   0.0000e+00   1.6484e-05   3.1845e+02
20261004_15:00:00   3.7589e-01   8.4890e+01   5.1925e+00   0.0000e+00   1.6260e-05   3.1881e+02
20261004_16:00:00   3.7622e-01   8.4944e+01   5.2063e+00   0.0000e+00   1.6316e-05   3.2131e+02
20261004_17:00:00   3.7885e-01   8.5385e+01   5.2600e+00   0.0000e+00   1.2237e-05   3.2351e+02
20261004_18:00:00   3.8239e-01   8.5964e+01   5.3256e+00   0.0000e+00   1.6968e-05   3.2399e+02
20261004_19:00:00   3.8589e-01   8.6519e+01   5.3907e+00   0.0000e+00   2.0158e-05   3.2271e+02
20261004_20:00:00   3.8827e-01   8.6875e+01   5.4372e+00   0.0000e+00   2.1299e-05   3.2215e+02
20261004_21:00:00   3.8791e-01   8.6777e+01   5.4389e+00   0.0000e+00   2.5330e-05   3.2225e+02
20261004_22:00:00   3.8738e-01   8.6643e+01   5.4368e+00   0.0000e+00   2.4678e-05   3.2245e+02
20261004_23:00:00   3.8733e-01   8.6599e+01   5.4376e+00   0.0000e+00   2.0814e-05   3.2259e+02
20261005_00:00:00   3.8757e-01   8.6617e+01   5.4408e+00   0.0000e+00   1.6292e-05   3.2139e+02
20261005_01:00:00   3.8740e-01   8.6557e+01   5.4354e+00   0.0000e+00   1.5955e-05   3.1931e+02
20261005_02:00:00   3.8575e-01   8.6261e+01   5.4054e+00   0.0000e+00   1.6049e-05   3.1847e+02
20261005_03:00:00   3.8342e-01   8.5873e+01   5.3582e+00   0.0000e+00   1.6181e-05   3.2005e+02
20261005_04:00:00   3.7916e-01   8.5163e+01   5.2790e+00   0.0000e+00   1.2354e-05   3.1882e+02
20261005_05:00:00   3.7656e-01   8.4738e+01   5.2207e+00   0.0000e+00   5.5704e-05   3.1626e+02
20261005_06:00:00   3.7808e-01   8.4979e+01   5.2350e+00   0.0000e+00   4.7535e-04   3.1596e+02
20261005_07:00:00   3.8135e-01   8.5528e+01   5.2693e+00   0.0000e+00   8.7264e-04   3.1765e+02
20261005_08:00:00   3.9032e-01   8.7031e+01   5.4070e+00   0.0000e+00   1.1920e-03   3.2088e+02
20261005_09:00:00   4.0205e-01   8.8963e+01   5.5926e+00   0.0000e+00   1.8828e-03   3.2214e+02
20261005_10:00:00   4.1383e-01   9.0894e+01   5.7736e+00   0.0000e+00   2.9370e-03   3.2541e+02
20261005_11:00:00   4.1987e-01   9.1884e+01   5.8502e+00   0.0000e+00   4.9642e-03   3.2995e+02
20261005_12:00:00   4.2468e-01   9.2681e+01   5.9075e+00   0.0000e+00   7.5676e-03   3.3332e+02
20261005_13:00:00   4.2770e-01   9.3225e+01   5.9335e+00   0.0000e+00   8.5314e-03   3.3353e+02
20261005_14:00:00   4.2962e-01   9.3573e+01   5.9490e+00   0.0000e+00   8.5451e-03   3.3226e+02
20261005_15:00:00   4.3194e-01   9.3973e+01   5.9733e+00   0.0000e+00   1.2153e-02   3.2863e+02
20261005_16:00:00   4.4140e-01   9.5578e+01   6.0906e+00   0.0000e+00   2.8194e-02   3.2654e+02
20261005_17:00:00   4.5567e-01   9.7944e+01   6.2617e+00   0.0000e+00   4.4831e-02   3.2424e+02
20261005_18:00:00   4.6607e-01   9.9644e+01   6.3767e+00   0.0000e+00   6.0414e-02   3.2268e+02
20261005_19:00:00   4.7106e-01   1.0042e+02   6.4321e+00   0.0000e+00   6.0042e-02   3.2435e+02
20261005_20:00:00   4.7204e-01   1.0053e+02   6.4548e+00   0.0000e+00   4.2919e-02   3.2736e+02
20261005_21:00:00   4.6757e-01   9.9766e+01   6.4071e+00   0.0000e+00   3.4886e-02   3.2653e+02
20261005_22:00:00   4.6734e-01   9.9663e+01   6.3940e+00   0.0000e+00   4.9982e-02   3.2614e+02
20261005_23:00:00   4.7056e-01   1.0016e+02   6.4230e+00   0.0000e+00   6.6065e-02   3.2537e+02
20261006_00:00:00   4.7247e-01   1.0046e+02   6.4307e+00   0.0000e+00   7.2221e-02   3.2225e+02
20261006_01:00:00   4.6887e-01   9.9852e+01   6.3815e+00   0.0000e+00   5.8552e-02   3.1801e+02
20261006_02:00:00   4.6604e-01   9.9378e+01   6.3427e+00   0.0000e+00   6.8088e-02   3.1358e+02
20261006_03:00:00   4.6454e-01   9.9119e+01   6.3276e+00   0.0000e+00   6.0259e-02   3.1054e+02
20261006_04:00:00   4.6397e-01   9.9004e+01   6.3170e+00   0.0000e+00   6.3681e-02   3.0980e+02
20261006_05:00:00   4.6345e-01   9.8911e+01   6.3127e+00   0.0000e+00   5.5021e-02   3.1018e+02
20261006_06:00:00   4.6084e-01   9.8486e+01   6.2790e+00   0.0000e+00   5.0482e-02   3.0910e+02
20261006_07:00:00   4.5578e-01   9.7663e+01   6.2132e+00   0.0000e+00   5.5079e-02   3.0797e+02
20261006_08:00:00   4.5180e-01   9.6984e+01   6.1534e+00   0.0000e+00   6.3038e-02   3.1066e+02
20261006_09:00:00   4.5124e-01   9.6892e+01   6.1454e+00   0.0000e+00   5.6096e-02   3.1060e+02
20261006_10:00:00   4.5197e-01   9.7007e+01   6.1483e+00   0.0000e+00   5.7698e-02   3.0893e+02
20261006_11:00:00   4.5301e-01   9.7184e+01   6.1513e+00   0.0000e+00   6.2457e-02   3.0794e+02
20261006_12:00:00   4.5412e-01   9.7374e+01   6.1493e+00   0.0000e+00   7.3746e-02   3.0908e+02
20261006_13:00:00   4.5733e-01   9.7949e+01   6.1838e+00   0.0000e+00   6.7038e-02   3.1105e+02
20261006_14:00:00   4.5700e-01   9.7946e+01   6.1758e+00   0.0000e+00   4.9935e-02   3.1225e+02
20261006_15:00:00   4.5667e-01   9.7947e+01   6.1654e+00   0.0000e+00   5.6747e-02   3.1425e+02
20261006_16:00:00   4.6097e-01   9.8711e+01   6.2078e+00   0.0000e+00   7.6885e-02   3.1641e+02
20261006_17:00:00   4.7370e-01   1.0089e+02   6.3449e+00   0.0000e+00   1.1276e-01   3.1669e+02
20261006_18:00:00   4.7813e-01   1.0175e+02   6.3916e+00   0.0000e+00   1.0530e-01   3.1473e+02
20261006_19:00:00   4.7633e-01   1.0157e+02   6.3579e+00   0.0000e+00   9.1622e-02   3.1301e+02
20261006_20:00:00   4.6986e-01   1.0060e+02   6.2797e+00   0.0000e+00   7.9585e-02   3.1115e+02
20261006_21:00:00   4.6098e-01   9.9192e+01   6.1968e+00   0.0000e+00   6.6848e-02   3.1104e+02
20261006_22:00:00   4.6017e-01   9.9052e+01   6.2136e+00   0.0000e+00   5.5967e-02   3.1252e+02
20261006_23:00:00   4.6493e-01   9.9824e+01   6.2950e+00   0.0000e+00   4.6171e-02   3.1279e+02
20261007_00:00:00   4.6464e-01   9.9755e+01   6.3009e+00   0.0000e+00   4.0709e-02   3.1231e+02
20261007_01:00:00   4.6242e-01   9.9405e+01   6.2802e+00   0.0000e+00   3.4311e-02   3.1413e+02
20261007_02:00:00   4.6238e-01   9.9411e+01   6.2851e+00   0.0000e+00   2.7860e-02   3.1618e+02
20261007_03:00:00   4.6154e-01   9.9258e+01   6.2706e+00   0.0000e+00   2.6549e-02   3.1658e+02
20261007_04:00:00   4.5806e-01   9.8728e+01   6.2107e+00   0.0000e+00   2.3686e-02   3.1634e+02
20261007_05:00:00   4.5505e-01   9.8202e+01   6.1731e+00   0.0000e+00   1.5781e-02   3.1527e+02
20261007_06:00:00   4.5139e-01   9.7554e+01   6.1191e+00   0.0000e+00   1.4803e-02   3.1378e+02
20261007_07:00:00   4.5235e-01   9.7639e+01   6.1453e+00   0.0000e+00   1.1194e-02   3.1414e+02
20261007_08:00:00   4.4726e-01   9.6805e+01   6.0737e+00   0.0000e+00   6.3481e-03   3.1562e+02
20261007_09:00:00   4.4121e-01   9.5805e+01   5.9874e+00   0.0000e+00   3.3019e-03   3.1638e+02
20261007_10:00:00   4.3277e-01   9.4437e+01   5.8726e+00   0.0000e+00   7.3014e-04   3.1817e+02
20261007_11:00:00   4.2678e-01   9.3434e+01   5.7903e+00   0.0000e+00   7.5924e-04   3.1670e+02
20261007_12:00:00   4.2118e-01   9.2506e+01   5.7042e+00   0.0000e+00   3.2823e-04   3.1551e+02
20261007_13:00:00   4.1577e-01   9.1618e+01   5.6249e+00   0.0000e+00   2.6862e-04   3.1433e+02
20261007_14:00:00   4.0978e-01   9.0625e+01   5.5386e+00   0.0000e+00   2.8028e-04   3.1229e+02
20261007_15:00:00   4.0265e-01   8.9428e+01   5.4410e+00   0.0000e+00   2.7710e-04   3.0595e+02
20261007_16:00:00   3.9254e-01   8.7728e+01   5.3024e+00   0.0000e+00   1.4870e-04   3.0297e+02
20261007_17:00:00   3.7865e-01   8.5314e+01   5.1036e+00   0.0000e+00   5.5477e-05   3.0398e+02
20261007_18:00:00   3.6336e-01   8.2616e+01   4.8837e+00   0.0000e+00   1.5487e-04   3.0586e+02
20261007_19:00:00   3.5155e-01   8.0499e+01   4.7097e+00   0.0000e+00   3.0271e-04   3.0468e+02
20261007_20:00:00   3.4327e-01   7.9012e+01   4.5858e+00   2.6200e-05   4.0936e-04   3.0226e+02
20261007_21:00:00   3.3773e-01   7.8028e+01   4.4954e+00   2.7214e-04   4.0923e-04   3.0145e+02
20261007_22:00:00   3.3465e-01   7.7468e+01   4.4544e+00   4.4298e-04   4.1629e-04   3.0476e+02
20261007_23:00:00   3.2982e-01   7.6553e+01   4.4066e+00   4.5558e-04   4.4255e-04   3.0766e+02
20261008_00:00:00   3.2510e-01   7.5643e+01   4.3643e+00   5.1636e-04   4.3871e-04   3.0980e+02
20261008_01:00:00   3.2056e-01   7.4732e+01   4.3439e+00   3.0657e-04   3.7709e-04   3.1177e+02
20261008_02:00:00   3.1533e-01   7.3712e+01   4.3083e+00   2.0864e-04   2.4763e-04   3.1237e+02
20261008_03:00:00   3.0763e-01   7.2236e+01   4.2305e+00   2.1320e-05   9.2668e-05   3.1142e+02
20261008_04:00:00   3.0285e-01   7.1298e+01   4.2001e+00   8.9800e-06   4.5541e-05   3.0642e+02
20261008_05:00:00   3.0152e-01   7.0977e+01   4.2208e+00   0.0000e+00   1.1575e-04   3.0371e+02
20261008_06:00:00   3.0403e-01   7.1363e+01   4.2988e+00   0.0000e+00   2.7209e-04   3.0400e+02
20261008_07:00:00   3.1051e-01   7.2504e+01   4.4361e+00   0.0000e+00   6.5809e-04   3.0541e+02
20261008_08:00:00   3.1903e-01   7.4002e+01   4.5929e+00   0.0000e+00   4.1163e-03   3.0653e+02
20261008_09:00:00   3.2851e-01   7.5704e+01   4.7506e+00   0.0000e+00   1.1901e-02   3.0634e+02
20261008_10:00:00   3.4080e-01   7.7929e+01   4.9337e+00   0.0000e+00   3.9735e-02   3.0539e+02
20261008_11:00:00   3.5385e-01   8.0254e+01   5.1239e+00   0.0000e+00   5.3191e-02   3.0620e+02
20261008_12:00:00   3.6345e-01   8.1938e+01   5.2505e+00   0.0000e+00   5.7390e-02   3.0741e+02
20261008_13:00:00   3.6596e-01   8.2352e+01   5.2742e+00   0.0000e+00   5.2732e-02   3.0674e+02
20261008_14:00:00   3.6334e-01   8.1855e+01   5.2167e+00   0.0000e+00   6.0936e-02   3.0603e+02
20261008_15:00:00   3.6958e-01   8.2917e+01   5.2840e+00   0.0000e+00   6.5478e-02   3.0596e+02
20261008_16:00:00   3.8391e-01   8.5398e+01   5.4549e+00   0.0000e+00   8.9588e-02   3.0801e+02
20261008_17:00:00   4.0704e-01   8.9379e+01   5.7441e+00   0.0000e+00   1.0772e-01   3.1054e+02
20261008_18:00:00   4.3333e-01   9.3807e+01   6.0587e+00   0.0000e+00   1.2723e-01   3.1089e+02
20261008_19:00:00   4.5864e-01   9.7967e+01   6.3308e+00   0.0000e+00   1.7897e-01   3.1171e+02
20261008_20:00:00   4.6736e-01   9.9369e+01   6.3878e+00   0.0000e+00   2.2105e-01   3.1242e+02
20261008_21:00:00   4.6811e-01   9.9493e+01   6.3549e+00   0.0000e+00   2.2997e-01   3.1261e+02
20261008_22:00:00   4.6279e-01   9.8640e+01   6.2585e+00   0.0000e+00   2.0178e-01   3.1178e+02
20261008_23:00:00   4.5630e-01   9.7601e+01   6.1542e+00   0.0000e+00   1.6242e-01   3.0991e+02
20261009_00:00:00   4.5028e-01   9.6638e+01   6.0498e+00   0.0000e+00   1.4457e-01   3.0764e+02
20261009_01:00:00   4.4497e-01   9.5804e+01   5.9606e+00   0.0000e+00   1.1536e-01   3.0489e+02
20261009_02:00:00   4.3860e-01   9.4755e+01   5.8506e+00   0.0000e+00   1.0378e-01   3.0495e+02
20261009_03:00:00   4.2795e-01   9.3030e+01   5.6771e+00   0.0000e+00   7.6302e-02   3.0664e+02
20261009_04:00:00   4.1150e-01   9.0368e+01   5.4088e+00   0.0000e+00   4.4730e-02   3.0779e+02
20261009_05:00:00   3.8725e-01   8.6342e+01   5.0090e+00   0.0000e+00   4.4432e-02   3.0913e+02
20261009_06:00:00   3.6865e-01   8.3202e+01   4.6973e+00   0.0000e+00   4.1048e-02   3.0944e+02
20261009_09:00:00   3.3714e-01   7.7544e+01   4.2225e+00   0.0000e+00   3.1635e-02   3.0817e+02
20261009_12:00:00   3.3876e-01   7.7501e+01   4.2883e+00   0.0000e+00   1.2804e-02   3.1570e+02
20261009_15:00:00   3.5014e-01   7.9424e+01   4.3521e+00   2.3740e-05   1.7324e-01   3.1296e+02
20261009_18:00:00   2.8571e-01   6.7135e+01   3.5804e+00   1.1192e-04   4.3576e-02   3.1632e+02
20261009_21:00:00   2.8265e-01   6.6468e+01   3.4919e+00   6.3720e-06   8.9960e-02   3.1751e+02
20261010_00:00:00   3.0265e-01   7.0302e+01   3.7050e+00   0.0000e+00   7.3786e-02   3.1250e+02
20261010_03:00:00   2.7011e-01   6.3993e+01   3.2953e+00   2.6550e-06   4.0094e-02   3.1006e+02
20261010_06:00:00   2.8933e-01   6.7670e+01   3.5005e+00   1.5930e-05   6.6177e-02   3.1113e+02
20261010_09:00:00   2.8839e-01   6.7471e+01   3.4907e+00   0.0000e+00   4.4318e-02   3.1150e+02
20261010_12:00:00   2.7026e-01   6.3945e+01   3.2473e+00   0.0000e+00   2.4996e-02   3.0951e+02
20261010_15:00:00   2.3592e-01   5.7256e+01   2.8062e+00   0.0000e+00   2.7755e-05   3.0439e+02
20261010_18:00:00   2.2393e-01   5.4794e+01   2.6727e+00   0.0000e+00   3.1788e-05   3.0475e+02
20261010_21:00:00   2.2136e-01   5.4156e+01   2.6776e+00   0.0000e+00   3.3744e-05   3.0359e+02
20261011_00:00:00   2.3004e-01   5.5814e+01   2.8202e+00   0.0000e+00   3.7922e-05   3.0176e+02
20261011_03:00:00   2.3133e-01   5.6045e+01   2.8545e+00   0.0000e+00   2.0299e-05   3.0684e+02
20261011_06:00:00   2.4178e-01   5.8073e+01   3.0150e+00   0.0000e+00   6.0732e-05   3.0753e+02
20261011_09:00:00   2.5785e-01   6.1215e+01   3.2392e+00   0.0000e+00   1.4520e-03   3.0683e+02
20261011_12:00:00   2.6453e-01   6.2532e+01   3.3277e+00   0.0000e+00   2.0131e-03   3.0627e+02
20261011_15:00:00   2.5695e-01   6.1099e+01   3.2275e+00   0.0000e+00   3.8230e-03   3.0552e+02
20261011_18:00:00   2.5927e-01   6.1568e+01   3.2609e+00   0.0000e+00   3.4634e-03   3.0242e+02
20261011_21:00:00   2.8077e-01   6.5723e+01   3.5367e+00   0.0000e+00   1.2697e-02   3.0088e+02
20261012_00:00:00   3.0705e-01   7.0744e+01   3.8535e+00   0.0000e+00   5.9936e-02   2.9940e+02
20261012_03:00:00   3.2322e-01   7.3866e+01   4.0430e+00   0.0000e+00   1.0910e-01   3.0208e+02
20261012_06:00:00   3.2960e-01   7.5129e+01   4.1178e+00   0.0000e+00   1.4239e-01   3.0416e+02
20261012_09:00:00   3.2773e-01   7.4885e+01   4.1143e+00   0.0000e+00   6.7702e-02   3.0284e+02
20261012_12:00:00   3.1241e-01   7.2179e+01   3.8823e+00   0.0000e+00   2.0442e-02   3.0122e+02
20261012_15:00:00   2.7501e-01   6.5312e+01   3.3491e+00   0.0000e+00   3.6541e-03   3.0154e+02
20261012_18:00:00   2.3862e-01   5.8183e+01   2.8617e+00   0.0000e+00   2.4311e-04   2.9918e+02
20261012_21:00:00   2.1677e-01   5.3719e+01   2.5835e+00   0.0000e+00   7.0764e-05   2.9631e+02
20261013_00:00:00   2.1708e-01   5.3640e+01   2.6406e+00   0.0000e+00   2.8019e-05   2.9493e+02
20261013_03:00:00   2.2742e-01   5.5674e+01   2.8178e+00   0.0000e+00   1.6985e-05   2.9455e+02
20261013_06:00:00   2.6676e-01   6.3367e+01   3.4253e+00   0.0000e+00   6.0717e-04   2.9597e+02
20261013_09:00:00   2.9687e-01   6.9052e+01   3.8631e+00   0.0000e+00   2.2071e-04   2.9900e+02
20261013_12:00:00   2.7213e-01   6.4466e+01   3.4673e+00   0.0000e+00   1.7815e-04   3.0476e+02
20261013_15:00:00   2.5775e-01   6.1700e+01   3.2243e+00   0.0000e+00   9.3602e-04   3.0796e+02
20261013_18:00:00   2.1735e-01   5.3780e+01   2.6407e+00   0.0000e+00   2.1279e-04   3.1172e+02
20261013_21:00:00   1.9401e-01   4.8932e+01   2.3481e+00   0.0000e+00   1.5744e-05   3.1166e+02
20261014_00:00:00   1.8447e-01   4.6966e+01   2.2251e+00   0.0000e+00   4.2660e-07   3.1221e+02
20261014_03:00:00   1.5592e-01   4.0920e+01   1.8330e+00   0.0000e+00   0.0000e+00   3.1432e+02
20261014_06:00:00   1.2559e-01   3.4284e+01   1.4037e+00   0.0000e+00   0.0000e+00   3.1420e+02
20261014_09:00:00   1.1689e-01   3.2391e+01   1.2926e+00   0.0000e+00   0.0000e+00   3.1366e+02
20261014_12:00:00   1.2340e-01   3.3859e+01   1.4063e+00   0.0000e+00   0.0000e+00   3.1392e+02
20261014_15:00:00   1.5057e-01   3.9800e+01   1.7794e+00   0.0000e+00   6.0364e-05   3.1299e+02
20261014_18:00:00   2.1852e-01   5.4061e+01   2.6898e+00   8.3260e-05   1.4196e-02   3.1218e+02
20261014_21:00:00   2.5008e-01   6.0499e+01   3.1006e+00   3.6540e-07   2.2183e-02   3.1271e+02
20261015_00:00:00   2.6278e-01   6.3151e+01   3.2719e+00   0.0000e+00   6.6553e-03   3.1742e+02
20261015_03:00:00   2.8579e-01   6.7689e+01   3.5835e+00   0.0000e+00   1.1770e-02   3.1842e+02
20261015_06:00:00   3.2759e-01   7.5481e+01   4.1424e+00   0.0000e+00   6.8031e-02   3.1808e+02
20261015_09:00:00   2.9152e-01   6.8735e+01   3.7115e+00   0.0000e+00   6.4484e-03   3.1400e+02
20261015_12:00:00   2.8947e-01   6.8279e+01   3.6800e+00   0.0000e+00   5.4890e-03   3.1132e+02
20261015_15:00:00   2.7453e-01   6.5332e+01   3.5136e+00   0.0000e+00   3.5512e-03   3.0518e+02
20261015_18:00:00   3.0910e-01   7.1922e+01   4.0385e+00   0.0000e+00   2.0527e-02   3.0685e+02
20261015_21:00:00   3.0666e-01   7.1412e+01   4.0642e+00   0.0000e+00   8.5178e-03   3.0860e+02
20261016_00:00:00   2.9575e-01   6.9305e+01   3.9379e+00   0.0000e+00   2.0274e-03   3.0970e+02
20261016_03:00:00   2.8301e-01   6.6687e+01   3.8374e+00   0.0000e+00   1.5836e-03   3.1017e+02
20261016_06:00:00   2.9278e-01   6.8429e+01   3.9800e+00   0.0000e+00   1.3785e-03   3.0817e+02
20261016_09:00:00   3.1353e-01   7.2319e+01   4.2674e+00   0.0000e+00   5.3747e-03   3.0701e+02
20261016_12:00:00   3.3171e-01   7.5662e+01   4.5029e+00   0.0000e+00   5.8080e-03   3.1019e+02
20261016_15:00:00   3.2334e-01   7.4118e+01   4.3977e+00   0.0000e+00   1.3499e-02   3.0835e+02
20261016_18:00:00   3.2703e-01   7.4719e+01   4.4668e+00   0.0000e+00   8.9856e-03   3.0597e+02
20261016_21:00:00   3.3383e-01   7.5911e+01   4.5600e+00   0.0000e+00   3.6325e-04   3.0327e+02
20261017_00:00:00   3.0748e-01   7.1169e+01   4.1667e+00   0.0000e+00   1.6011e-05   3.0697e+02
20261017_03:00:00   2.5976e-01   6.2206e+01   3.4533e+00   0.0000e+00   5.7100e-07   3.0704e+02
20261017_06:00:00   2.4427e-01   5.9166e+01   3.2589e+00   0.0000e+00   1.2882e-06   3.1218e+02
20261017_09:00:00   2.3514e-01   5.7471e+01   3.1106e+00   0.0000e+00   0.0000e+00   3.1134e+02
20261017_12:00:00   2.2040e-01   5.4611e+01   2.8907e+00   0.0000e+00   0.0000e+00   3.0951e+02
20261017_15:00:00   2.1064e-01   5.2635e+01   2.7742e+00   0.0000e+00   0.0000e+00   3.0401e+02
20261017_18:00:00   2.0552e-01   5.1548e+01   2.7146e+00   0.0000e+00   0.0000e+00   3.0572e+02
20261017_21:00:00   2.0216e-01   5.0867e+01   2.6765e+00   0.0000e+00   0.0000e+00   3.0681e+02
20261018_00:00:00   1.9617e-01   4.9618e+01   2.5983e+00   0.0000e+00   0.0000e+00   3.1114e+02
20261018_03:00:00   2.1139e-01   5.2727e+01   2.7992e+00   0.0000e+00   0.0000e+00   3.1015e+02
20261018_06:00:00   2.3780e-01   5.8052e+01   3.1385e+00   0.0000e+00   8.5121e-05   3.0806e+02
20261018_09:00:00   2.3617e-01   5.7663e+01   3.1582e+00   0.0000e+00   3.5167e-06   3.0950e+02
20261018_12:00:00   2.5811e-01   6.1954e+01   3.4844e+00   0.0000e+00   2.6543e-04   3.0861e+02
20261018_15:00:00   2.7603e-01   6.5413e+01   3.7834e+00   0.0000e+00   3.5931e-04   3.0401e+02
20261018_18:00:00   2.8385e-01   6.6946e+01   3.9068e+00   0.0000e+00   1.3774e-04   3.0367e+02
20261018_21:00:00   2.8958e-01   6.8066e+01   4.0014e+00   0.0000e+00   1.9163e-05   3.0175e+02
20261019_00:00:00   2.9423e-01   6.9039e+01   4.0254e+00   0.0000e+00   5.7667e-04   2.9523e+02
20261019_03:00:00   2.8328e-01   6.7061e+01   3.8246e+00   0.0000e+00   1.6793e-04   2.8957e+02
20261019_06:00:00   2.6459e-01   6.3517e+01   3.4998e+00   0.0000e+00   4.0236e-06   2.8882e+02
20261019_09:00:00   2.4997e-01   6.0638e+01   3.2970e+00   0.0000e+00   3.8036e-06   2.9041e+02
20261019_12:00:00   2.6268e-01   6.2851e+01   3.5924e+00   0.0000e+00   9.9129e-04   2.9175e+02
20261019_15:00:00   2.7940e-01   6.5960e+01   3.8900e+00   0.0000e+00   7.2510e-03   2.9068e+02
20261019_18:00:00   2.9330e-01   6.8504e+01   4.1571e+00   0.0000e+00   5.0359e-03   2.8826e+02
20261019_21:00:00   2.9369e-01   6.8522e+01   4.2037e+00   0.0000e+00   4.1855e-03   2.8688e+02
20261020_00:00:00   2.9364e-01   6.8576e+01   4.1889e+00   0.0000e+00   1.4213e-02   2.8708e+02
20261020_03:00:00   2.9673e-01   6.9164e+01   4.2130e+00   0.0000e+00   2.0389e-02   2.8746e+02
20261020_06:00:00   3.0417e-01   7.0557e+01   4.3071e+00   0.0000e+00   1.5245e-02   2.8642e+02
