#            date       tau255        Tb[K]      pwv[mm] lwp[kg*m^-2] iwp[kg*m^-2]       o3[DU]
20260924_06:00:00   7.5888e-01   1.4295e+02   1.0977e+01   0.0000e+00   2.8143e-01   3.1597e+02
20260924_07:00:00   7.5817e-01   1.4287e+02   1.0949e+01   0.0000e+00   2.7527e-01   3.2155e+02
20260924_08:00:00   7.5933e-01   1.4306e+02   1.0962e+01   0.0000e+00   2.2661e-01   3.2244e+02
20260924_09:00:00   7.5969e-01   1.4312e+02   1.0970e+01   0.0000e+00   1.8602e-01   3.2292e+02
20260924_10:00:00   7.5953e-01   1.4314e+02   1.0974e+01   0.0000e+00   1.5136e-01   3.2597e+02
20260924_11:00:00   7.5885e-01   1.4307e+02   1.0956e+01   0.0000e+00   1.4910e-01   3.3216e+02
20260924_12:00:00   7.6079e-01   1.4333e+02   1.0955e+01   0.0000e+00   1.5950e-01   3.3339e+02
20260924_13:00:00   7.6294e-01   1.4363e+02   1.0962e+01   0.0000e+00   1.5493e-01   3.3143e+02
20260924_14:00:00   7.6389e-01   1.4381e+02   1.0968e+01   0.0000e+00   1.3666e-01   3.3157e+02
20260924_15:00:00   7.6556e-01   1.4405e+02   1.0990e+01   0.0000e+00   1.1804e-01   3.3421e+02
20260924_16:00:00   7.6701e-01   1.4427e+02   1.0994e+01   0.0000e+00   1.0705e-01   3.3816e+02
20260924_17:00:00   7.5938e-01   1.4342e+02   1.0851e+01   0.0000e+00   6.9006e-02   3.3862e+02
20260924_18:00:00   7.4144e-01   1.4137e+02   1.0516e+01   0.0000e+00   4.3120e-02   3.4209e+02
20260924_19:00:00   7.1782e-01   1.3852e+02   1.0110e+01   0.0000e+00   2.8106e-02   3.4991e+02
20260924_20:00:00   6.9389e-01   1.3555e+02   9.7127e+00   0.0000e+00   1.0738e-02   3.5805e+02
20260924_21:00:00   6.7353e-01   1.3292e+02   9.2994e+00   1.5448e-03   7.0405e-03   3.6145e+02
20260924_22:00:00   6.7220e-01   1.3277e+02   8.9897e+00   9.2654e-03   3.2606e-03   3.6495e+02
20260924_23:00:00   7.2335e-01   1.3956e+02   8.7256e+00   3.8597e-02   2.1039e-03   3.6450e+02
20260925_00:00:00   7.4001e-01   1.4175e+02   8.4135e+00   5.5936e-02   9.0308e-04   3.6358e+02
20260925_01:00:00   6.8741e-01   1.3494e+02   8.0572e+00   4.5678e-02   5.6411e-04   3.6134e+02
20260925_02:00:00   6.4670e-01   1.2937e+02   7.6563e+00   4.2364e-02   5.1776e-04   3.5893e+02
20260925_03:00:00   6.0007e-01   1.2262e+02   7.5775e+00   2.7423e-02   4.0858e-04   3.5834e+02
20260925_04:00:00   5.7601e-01   1.1892e+02   7.7369e+00   1.4757e-02   3.2950e-04   3.5553e+02
20260925_05:00:00   5.4790e-01   1.1468e+02   7.5451e+00   8.7972e-03   2.6403e-04   3.5529e+02
20260925_06:00:00   5.0780e-01   1.0854e+02   7.0827e+00   4.3379e-03   1.6448e-04   3.5827e+02
20260925_07:00:00   4.5904e-01   1.0071e+02   6.4857e+00   9.7043e-04   7.3898e-05   3.5836e+02
20260925_08:00:00   4.2577e-01   9.5139e+01   6.0062e+00   3.0982e-04   1.8573e-05   3.5813e+02
20260925_09:00:00   4.0145e-01   9.0923e+01   5.7039e+00   2.3049e-04   1.0137e-05   3.5985e+02
20260925_10:00:00   3.9938e-01   9.0434e+01   5.7741e+00   1.0958e-04   1.7556e-04   3.5950e+02
20260925_11:00:00   4.1483e-01   9.3002e+01   6.1050e+00   0.0000e+00   8.3588e-04   3.6221e+02
20260925_12:00:00   4.5343e-01   9.9483e+01   6.7592e+00   0.0000e+00   1.1835e-03   3.6492e+02
20260925_13:00:00   4.9396e-01   1.0600e+02   7.4211e+00   0.0000e+00   2.2091e-04   3.6591e+02
20260925_14:00:00   5.2532e-01   1.1089e+02   7.9154e+00   0.0000e+00   1.1592e-03   3.6443e+02
20260925_15:00:00   5.7429e-01   1.1827e+02   8.6405e+00   0.0000e+00   1.1500e-03   3.6464e+02
20260925_16:00:00   6.1925e-01   1.2471e+02   9.2486e+00   0.0000e+00   3.3127e-03   3.6891e+02
20260925_17:00:00   6.7305e-01   1.3216e+02   9.8936e+00   0.0000e+00   3.0517e-02   3.7282e+02
20260925_18:00:00   7.4914e-01   1.4213e+02   1.0821e+01   0.0000e+00   9.5221e-02   3.7049e+02
20260925_19:00:00   7.8333e-01   1.4628e+02   1.1188e+01   1.5442e-04   1.6985e-01   3.6383e+02
20260925_20:00:00   7.9722e-01   1.4799e+02   1.1363e+01   7.2522e-04   1.7489e-01   3.5862e+02
20260925_21:00:00   8.0271e-01   1.4867e+02   1.1472e+01   0.0000e+00   1.9053e-01   3.5536e+02
20260925_22:00:00   8.0140e-01   1.4849e+02   1.1438e+01   0.0000e+00   2.4020e-01   3.5704e+02
20260925_23:00:00   8.0368e-01   1.4875e+02   1.1398e+01   0.0000e+00   3.4780e-01   3.5889e+02
20260926_00:00:00   7.9260e-01   1.4741e+02   1.1270e+01   0.0000e+00   2.9921e-01   3.6040e+02
20260926_01:00:00   7.7924e-01   1.4575e+02   1.1118e+01   0.0000e+00   2.8405e-01   3.6233e+02
20260926_02:00:00   7.6571e-01   1.4405e+02   1.0975e+01   0.0000e+00   2.4164e-01   3.6252e+02
20260926_03:00:00   7.5074e-01   1.4222e+02   1.0818e+01   0.0000e+00   2.2933e-01   3.6288e+02
20260926_04:00:00   7.2556e-01   1.3901e+02   1.0503e+01   0.0000e+00   2.1211e-01   3.6601e+02
20260926_05:00:00   7.2276e-01   1.3862e+02   1.0451e+01   0.0000e+00   2.3421e-01   3.6614e+02
20260926_06:00:00   7.2573e-01   1.3899e+02   1.0467e+01   0.0000e+00   2.8031e-01   3.5873e+02
20260926_07:00:00   7.4436e-01   1.4136e+02   1.0672e+01   0.0000e+00   3.3209e-01   3.5694e+02
20260926_08:00:00   7.6572e-01   1.4406e+02   1.0894e+01   0.0000e+00   4.1736e-01   3.5904e+02
20260926_09:00:00   7.8867e-01   1.4688e+02   1.1111e+01   0.0000e+00   5.0341e-01   3.5809e+02
20260926_10:00:00   7.8514e-01   1.4645e+02   1.1045e+01   0.0000e+00   5.0111e-01   3.5050e+02
20260926_11:00:00   7.7184e-01   1.4483e+02   1.0906e+01   0.0000e+00   4.3830e-01   3.4504e+02
20260926_12:00:00   7.6307e-01   1.4373e+02   1.0779e+01   5.7740e-05   4.4444e-01   3.4594e+02
20260926_13:00:00   7.6212e-01   1.4356e+02   1.0733e+01   0.0000e+00   4.7287e-01   3.4854e+02
20260926_14:00:00   7.6312e-01   1.4367e+02   1.0719e+01   0.0000e+00   4.8675e-01   3.4919e+02
20260926_15:00:00   7.5522e-01   1.4266e+02   1.0625e+01   0.0000e+00   4.3318e-01   3.4662e+02
20260926_16:00:00   7.4707e-01   1.4162e+02   1.0532e+01   0.0000e+00   3.8076e-01   3.4481e+02
20260926_17:00:00   7.4314e-01   1.4111e+02   1.0470e+01   0.0000e+00   3.9015e-01   3.4444e+02
20260926_18:00:00   7.4176e-01   1.4091e+02   1.0427e+01   0.0000e+00   4.0729e-01   3.4210e+02
20260926_19:00:00   7.3585e-01   1.4014e+02   1.0341e+01   0.0000e+00   3.8684e-01   3.3682e+02
20260926_20:00:00   7.3077e-01   1.3946e+02   1.0268e+01   1.0622e-06   3.6498e-01   3.2918e+02
20260926_21:00:00   7.2560e-01   1.3877e+02   1.0180e+01   0.0000e+00   3.7266e-01   3.2615e+02
20260926_22:00:00   7.1700e-01   1.3760e+02   1.0059e+01   0.0000e+00   3.4615e-01   3.2772e+02
20260926_23:00:00   7.0847e-01   1.3643e+02   9.9403e+00   0.0000e+00   3.1930e-01   3.2804e+02
20260927_00:00:00   6.9913e-01   1.3516e+02   9.8066e+00   0.0000e+00   2.8820e-01   3.2720e+02
20260927_01:00:00   6.9252e-01   1.3427e+02   9.7105e+00   0.0000e+00   2.5875e-01   3.2702e+02
20260927_02:00:00   6.8498e-01   1.3322e+02   9.5988e+00   0.0000e+00   2.3355e-01   3.2759e+02
20260927_03:00:00   6.7246e-01   1.3153e+02   9.3993e+00   0.0000e+00   2.1581e-01   3.2913e+02
20260927_04:00:00   6.6356e-01   1.3025e+02   9.2745e+00   0.0000e+00   1.8965e-01   3.2742e+02
20260927_05:00:00   6.5748e-01   1.2936e+02   9.1589e+00   0.0000e+00   2.4131e-01   3.2583e+02
20260927_06:00:00   6.5066e-01   1.2840e+02   9.0338e+00   0.0000e+00   2.7238e-01   3.2769e+02
20260927_07:00:00   6.4233e-01   1.2723e+02   8.9238e+00   0.0000e+00   2.1389e-01   3.2973e+02
20260927_08:00:00   6.3825e-01   1.2665e+02   8.8450e+00   0.0000e+00   2.0064e-01   3.3059e+02
20260927_09:00:00   6.3164e-01   1.2573e+02   8.7507e+00   1.0622e-06   1.5073e-01   3.3054e+02
20260927_10:00:00   6.2872e-01   1.2535e+02   8.6920e+00   1.1257e-03   7.3540e-02   3.3010e+02
20260927_11:00:00   6.2469e-01   1.2480e+02   8.4510e+00   7.6596e-03   1.7877e-02   3.2818e+02
20260927_12:00:00   5.9493e-01   1.2061e+02   7.8204e+00   1.5155e-02   7.5295e-03   3.2705e+02
20260927_13:00:00   5.1938e-01   1.0949e+02   6.8432e+00   1.0755e-02   3.8216e-03   3.2748e+02
20260927_14:00:00   4.7227e-01   1.0240e+02   6.0745e+00   1.0454e-02   1.0724e-03   3.2931e+02
20260927_15:00:00   4.3410e-01   9.6242e+01   5.7764e+00   1.1856e-03   2.3821e-04   3.3323e+02
20260927_16:00:00   4.1486e-01   9.2915e+01   5.5437e+00   1.8386e-04   1.0577e-04   3.3449e+02
20260927_17:00:00   3.7082e-01   8.5084e+01   4.9675e+00   1.4183e-04   1.2487e-05   3.3266e+02
20260927_18:00:00   3.1363e-01   7.4431e+01   4.2053e+00   1.9997e-05   7.7756e-06   3.3139e+02
20260927_19:00:00   2.7373e-01   6.6590e+01   3.6669e+00   1.1226e-06   1.3086e-06   3.2810e+02
20260927_20:00:00   2.5144e-01   6.2035e+01   3.3623e+00   0.0000e+00   1.1401e-06   3.2648e+02
20260927_21:00:00   2.3427e-01   5.8427e+01   3.1244e+00   0.0000e+00   8.6870e-07   3.3035e+02
20260927_22:00:00   2.1992e-01   5.5381e+01   2.9222e+00   0.0000e+00   5.4380e-07   3.3102e+02
20260927_23:00:00   2.0054e-01   5.1288e+01   2.6340e+00   0.0000e+00   2.7250e-07   3.2671e+02
20260928_00:00:00   1.8971e-01   4.8944e+01   2.4680e+00   0.0000e+00   0.0000e+00   3.2237e+02
20260928_01:00:00   1.8785e-01   4.8486e+01   2.4521e+00   0.0000e+00   0.0000e+00   3.2164e+02
20260928_02:00:00   1.8853e-01   4.8566e+01   2.4879e+00   0.0000e+00   0.0000e+00   3.2143e+02
20260928_03:00:00   1.9598e-01   5.0101e+01   2.6212e+00   0.0000e+00   0.0000e+00   3.1937e+02
20260928_04:00:00   2.0534e-01   5.2050e+01   2.7768e+00   0.0000e+00   0.0000e+00   3.1621e+02
20260928_05:00:00   2.1441e-01   5.3915e+01   2.9348e+00   0.0000e+00   0.0000e+00   3.1397e+02
20260928_06:00:00   2.2141e-01   5.5336e+01   3.0631e+00   0.0000e+00   0.0000e+00   3.1103e+02
20260928_07:00:00   2.2839e-01   5.6744e+01   3.1974e+00   0.0000e+00   0.0000e+00   3.0803e+02
20260928_08:00:00   2.3689e-01   5.8476e+01   3.3559e+00   0.0000e+00   0.0000e+00   3.0664e+02
20260928_09:00:00   2.5163e-01   6.1414e+01   3.6162e+00   0.0000e+00   6.3620e-06   3.0738e+02
20260928_10:00:00   2.7073e-01   6.5211e+01   3.9393e+00   0.0000e+00   6.6650e-05   3.0414e+02
20260928_11:00:00   3.0070e-01   7.1005e+01   4.4274e+00   0.0000e+00   3.2430e-04   3.0045e+02
20260928_12:00:00   3.2981e-01   7.6487e+01   4.9004e+00   0.0000e+00   3.8168e-04   2.9848e+02
20260928_13:00:00   3.6731e-01   8.3359e+01   5.4767e+00   0.0000e+00   8.2877e-05   2.9607e+02
20260928_14:00:00   4.0204e-01   8.9592e+01   5.9873e+00   0.0000e+00   6.4278e-05   2.9636e+02
20260928_15:00:00   4.3364e-01   9.5039e+01   6.4477e+00   0.0000e+00   6.3055e-05   2.9618e+02
20260928_16:00:00   4.6167e-01   9.9653e+01   6.8754e+00   0.0000e+00   4.1935e-04   2.9428e+02
20260928_17:00:00   4.7622e-01   1.0202e+02   7.0886e+00   0.0000e+00   7.3367e-04   2.9220e+02
20260928_18:00:00   4.8619e-01   1.0360e+02   7.2487e+00   0.0000e+00   2.1360e-03   2.9062e+02
20260928_19:00:00   4.8490e-01   1.0334e+02   7.2503e+00   0.0000e+00   4.2700e-03   2.8924e+02
20260928_20:00:00   4.7910e-01   1.0237e+02   7.1818e+00   0.0000e+00   4.3196e-03   2.8763e+02
20260928_21:00:00   4.9344e-01   1.0469e+02   7.3556e+00   8.1920e-05   5.4378e-03   2.8782e+02
20260928_22:00:00   5.4082e-01   1.1211e+02   7.8616e+00   3.4215e-03   9.9628e-03   2.8945e+02
20260928_23:00:00   5.8063e-01   1.1809e+02   8.2786e+00   6.7985e-03   1.2597e-02   2.8962e+02
20260929_00:00:00   5.9273e-01   1.1986e+02   8.5233e+00   4.0389e-03   1.2969e-02   2.9079e+02
20260929_01:00:00   5.9994e-01   1.2088e+02   8.6513e+00   3.2729e-03   2.1123e-02   2.9059e+02
20260929_02:00:00   6.1147e-01   1.2246e+02   8.8257e+00   2.7597e-03   3.5399e-02   2.8950e+02
20260929_03:00:00   6.2281e-01   1.2407e+02   8.9748e+00   2.7954e-03   4.8384e-02   2.8744e+02
20260929_04:00:00   6.2912e-01   1.2496e+02   9.0676e+00   2.6870e-03   3.6559e-02   2.8667e+02
20260929_05:00:00   6.3483e-01   1.2570e+02   9.1313e+00   2.5747e-03   6.3977e-02   2.8723e+02
20260929_06:00:00   6.4648e-01   1.2732e+02   9.3145e+00   4.6394e-04   1.2879e-01   2.9031e+02
20260929_09:00:00   6.5723e-01   1.2899e+02   9.4039e+00   2.6410e-03   4.8181e-02   2.9040e+02
20260929_12:00:00   6.2182e-01   1.2415e+02   8.9509e+00   1.7217e-03   1.7524e-02   2.8961e+02
20260929_15:00:00   6.1756e-01   1.2357e+02   8.9449e+00   2.1153e-03   1.6855e-02   2.8957e+02
20260929_18:00:00   6.4194e-01   1.2704e+02   9.3128e+00   1.8684e-03   2.0452e-02   2.8996e+02
20260929_21:00:00   6.7171e-01   1.3109e+02   9.6966e+00   1.5659e-03   6.6275e-02   2.9095e+02
20260930_00:00:00   6.5344e-01   1.2873e+02   9.5081e+00   0.0000e+00   9.5346e-02   2.8901e+02
20260930_03:00:00   6.5807e-01   1.2941e+02   9.5456e+00   0.0000e+00   1.1697e-01   2.9053e+02
20260930_06:00:00   6.8565e-01   1.3320e+02   9.8392e+00   9.3411e-04   1.4739e-01   2.9386e+02
20260930_09:00:00   7.1207e-01   1.3668e+02   1.0142e+01   0.0000e+00   2.5171e-01   2.9518e+02
20260930_12:00:00   7.0505e-01   1.3583e+02   1.0006e+01   2.2737e-04   2.7416e-01   2.9640e+02
20260930_15:00:00   7.1279e-01   1.3711e+02   1.0048e+01   3.1987e-05   1.9805e-01   2.9931e+02
20260930_18:00:00   7.2320e-01   1.3855e+02   1.0173e+01   2.4095e-04   1.4454e-01   2.9982e+02
20260930_21:00:00   6.9899e-01   1.3538e+02   9.8293e+00   0.0000e+00   4.7419e-02   3.0467e+02
20261001_00:00:00   6.0937e-01   1.2359e+02   8.3385e+00   0.0000e+00   1.3799e-02   3.0655e+02
20261001_03:00:00   5.1629e-01   1.1010e+02   6.8623e+00   0.0000e+00   3.0685e-03   3.0765e+02
20261001_06:00:00   4.5323e-01   9.9920e+01   6.0041e+00   0.0000e+00   4.8086e-04   3.0604e+02
20261001_09:00:00   3.9945e-01   9.0606e+01   5.3953e+00   0.0000e+00   9.7650e-06   3.0562e+02
20261001_12:00:00   3.4838e-01   8.1368e+01   4.8115e+00   0.0000e+00   8.2286e-06   2.9930e+02
20261001_15:00:00   3.2633e-01   7.6917e+01   4.6837e+00   0.0000e+00   1.8905e-03   3.0213e+02
20261001_18:00:00   3.1463e-01   7.4467e+01   4.6557e+00   0.0000e+00   5.5374e-03   3.0379e+02
20261001_21:00:00   3.0418e-01   7.2392e+01   4.5423e+00   0.0000e+00   3.7282e-05   3.0495e+02
20261002_00:00:00   2.1502e-01   5.4808e+01   3.0452e+00   0.0000e+00   0.0000e+00   3.0228e+02
20261002_03:00:00   1.4796e-01   4.0403e+01   1.8662e+00   0.0000e+00   0.0000e+00   3.0411e+02
20261002_06:00:00   1.3397e-01   3.7119e+01   1.6420e+00   0.0000e+00   0.0000e+00   3.0146e+02
20261002_09:00:00   1.2399e-01   3.4772e+01   1.5133e+00   0.0000e+00   0.0000e+00   2.9974e+02
20261002_12:00:00   1.2060e-01   3.3901e+01   1.4949e+00   0.0000e+00   0.0000e+00   3.0507e+02
20261002_15:00:00   1.2965e-01   3.5875e+01   1.6766e+00   0.0000e+00   0.0000e+00   3.0258e+02
20261002_18:00:00   1.5417e-01   4.1112e+01   2.1621e+00   0.0000e+00   0.0000e+00   3.0300e+02
20261002_21:00:00   1.8880e-01   4.8319e+01   2.7776e+00   0.0000e+00   2.8902e-03   3.0597e+02
20261003_00:00:00   2.0408e-01   5.1577e+01   2.9496e+00   0.0000e+00   1.3596e-03   3.0772e+02
20261003_03:00:00   1.9751e-01   5.0232e+01   2.7701e+00   0.0000e+00   8.2273e-04   3.1365e+02
20261003_06:00:00   1.8945e-01   4.8472e+01   2.5952e+00   0.0000e+00   3.1465e-04   3.1802e+02
20261003_09:00:00   1.9020e-01   4.8554e+01   2.5947e+00   0.0000e+00   8.9280e-04   3.2108e+02
20261003_12:00:00   1.7598e-01   4.5688e+01   2.3395e+00   0.0000e+00   0.0000e+00   3.2237e+02
20261003_15:00:00   1.9283e-01   4.9371e+01   2.6200e+00   0.0000e+00   0.0000e+00   3.2152e+02
20261003_18:00:00   1.7227e-01   4.5140e+01   2.2825e+00   0.0000e+00   0.0000e+00   3.1710e+02
20261003_21:00:00   2.2062e-01   5.4874e+01   3.1911e+00   0.0000e+00   7.9423e-04   3.1455e+02
20261004_00:00:00   2.8834e-01   6.8078e+01   4.2670e+00   0.0000e+00   3.6442e-03   3.0944e+02
20261004_03:00:00   3.2235e-01   7.4553e+01   4.6955e+00   0.0000e+00   3.6550e-02   3.0608e+02
20261004_06:00:00   3.1003e-01   7.2399e+01   4.4441e+00   0.0000e+00   3.3914e-03   3.0373e+02
20261004_09:00:00   3.4212e-01   7.8169e+01   4.8670e+00   0.0000e+00   4.4472e-02   3.1109e+02
20261004_12:00:00   4.1921e-01   9.1448e+01   5.8010e+00   0.0000e+00   1.0580e-01   3.1381e+02
20261004_15:00:00   4.3020e-01   9.3226e+01   5.7304e+00   0.0000e+00   2.7171e-01   3.2233e+02
20261004_18:00:00   3.9362e-01   8.6934e+01   5.2365e+00   0.0000e+00   1.5638e-01   3.2929e+02
20261004_21:00:00   3.8099e-01   8.4729e+01   5.0130e+00   0.0000e+00   1.3381e-01   3.3431e+02
20261005_00:00:00   3.8545e-01   8.5549e+01   5.0617e+00   0.0000e+00   6.1894e-02   3.3565e+02
20261005_03:00:00   3.9256e-01   8.6914e+01   5.1907e+00   0.0000e+00   2.1959e-02   3.3711e+02
20261005_06:00:00   3.9867e-01   8.8146e+01   5.2985e+00   0.0000e+00   2.6987e-02   3.3966e+02
20261005_09:00:00   3.7976e-01   8.4867e+01   5.1223e+00   0.0000e+00   1.4072e-02   3.3580e+02
20261005_12:00:00   4.0462e-01   8.9365e+01   5.4558e+00   0.0000e+00   2.9033e-02   3.3156e+02
20261005_15:00:00   4.2910e-01   9.3730e+01   5.7584e+00   0.0000e+00   1.4022e-02   3.2943e+02
20261005_18:00:00   4.2527e-01   9.3324e+01   5.6812e+00   0.0000e+00   5.1003e-04   3.2956e+02
20261005_21:00:00   3.8573e-01   8.6506e+01   5.1627e+00   0.0000e+00   3.4973e-04   3.2971e+02
20261006_00:00:00   4.1512e-01   9.1490e+01   5.5841e+00   0.0000e+00   1.0671e-02   3.2979e+02
20261006_03:00:00   3.8096e-01   8.5462e+01   5.1820e+00   0.0000e+00   2.8531e-03   3.3026e+02
20261006_06:00:00   3.4559e-01   7.8881e+01   4.7273e+00   0.0000e+00   2.9851e-03   3.3091e+02
20261006_09:00:00   3.2365e-01   7.4700e+01   4.4231e+00   0.0000e+00   1.2843e-02   3.3125e+02
20261006_12:00:00   3.6021e-01   8.1520e+01   4.8689e+00   0.0000e+00   5.0679e-03   3.3261e+02
20261006_15:00:00   3.4397e-01   7.8836e+01   4.5980e+00   0.0000e+00   2.5247e-05   3.2971e+02
20261006_18:00:00   3.1382e-01   7.3388e+01   4.1974e+00   0.0000e+00   2.9201e-03   3.2586e+02
20261006_21:00:00   3.6946e-01   8.3889e+01   4.9017e+00   0.0000e+00   9.1828e-04   3.2614e+02
20261007_00:00:00   3.9578e-01   8.8291e+01   5.2415e+00   1.6400e-05   1.9471e-03   3.2664e+02
20261007_03:00:00   4.1015e-01   9.0730e+01   5.3867e+00   0.0000e+00   3.3653e-02   3.2883e+02
20261007_06:00:00   4.0851e-01   9.0417e+01   5.3419e+00   0.0000e+00   3.0809e-02   3.3182e+02
20261007_09:00:00   3.4663e-01   7.9516e+01   4.5293e+00   0.0000e+00   6.2448e-05   3.3325e+02
20261007_12:00:00   2.5951e-01   6.3105e+01   3.3556e+00   0.0000e+00   2.0305e-06   3.3614e+02
20261007_15:00:00   2.0630e-01   5.2275e+01   2.6502e+00   0.0000e+00   0.0000e+00   3.2960e+02
20261007_18:00:00   2.0823e-01   5.2551e+01   2.7166e+00   0.0000e+00   0.0000e+00   3.1724e+02
20261007_21:00:00   1.9777e-01   5.0424e+01   2.5670e+00   0.0000e+00   0.0000e+00   3.1776e+02
20261008_00:00:00   1.8048e-01   4.6829e+01   2.3253e+00   0.0000e+00   0.0000e+00   3.2113e+02
20261008_03:00:00   1.7835e-01   4.6368e+01   2.3395e+00   0.0000e+00   0.0000e+00   3.1798e+02
20261008_06:00:00   2.1839e-01   5.4603e+01   2.9949e+00   0.0000e+00   6.0820e-05   3.1372e+02
20261008_09:00:00   2.2684e-01   5.6384e+01   3.0992e+00   0.0000e+00   8.2994e-05   3.1282e+02
20261008_12:00:00   2.3779e-01   5.8850e+01   3.2012e+00   0.0000e+00   8.0828e-05   3.1644e+02
20261008_15:00:00   2.9476e-01   7.0122e+01   3.9035e+00   0.0000e+00   6.2469e-05   3.1743e+02
20261008_18:00:00   3.4522e-01   7.9492e+01   4.5436e+00   7.9500e-05   6.6414e-03   3.1516e+02
20261008_21:00:00   3.3130e-01   7.6653e+01   4.3814e+00   2.2636e-04   2.2250e-03   3.1341e+02
20261009_00:00:00   3.6183e-01   8.2037e+01   4.7764e+00   6.5540e-05   7.7838e-03   3.1258e+02
20261009_03:00:00   3.4717e-01   7.9404e+01   4.5825e+00   0.0000e+00   6.0992e-04   3.1425e+02
20261009_06:00:00   3.0777e-01   7.2076e+01   4.1122e+00   0.0000e+00   1.6846e-05   3.1254e+02
20261009_09:00:00   2.7884e-01   6.6309e+01   3.8325e+00   0.0000e+00   4.5319e-03   3.1469e+02
20261009_12:00:00   2.9947e-01   7.0306e+01   4.1720e+00   0.0000e+00   3.8896e-03   3.1538e+02
20261009_15:00:00   3.6781e-01   8.3058e+01   5.1533e+00   0.0000e+00   3.9149e-02   3.1501e+02
20261009_18:00:00   5.4898e-01   1.1342e+02   7.4202e+00   0.0000e+00   1.8028e-01   3.1698e+02
20261009_21:00:00   6.5094e-01   1.2890e+02   7.5059e+00   4.4245e-02   1.3776e-01   3.2115e+02
20261010_00:00:00   4.9887e-01   1.0568e+02   6.7101e+00   3.1708e-04   1.4922e-01   3.2092e+02
20261010_03:00:00   4.1753e-01   9.2303e+01   5.5409e+00   0.0000e+00   6.4871e-03   3.2472e+02
20261010_06:00:00   4.0128e-01   8.9415e+01   5.3217e+00   0.0000e+00   2.3734e-03   3.2661e+02
