#            date       tau255        Tb[K]      pwv[mm] lwp[kg*m^-2] iwp[kg*m^-2]       o3[DU]
20260804_18:00:00   1.7773e+00   2.2726e+02   1.6225e+01   2.7693e-01   9.6810e-04   3.2225e+02
20260804_19:00:00   1.5144e+00   2.1376e+02   1.6181e+01   1.7047e-01   2.4810e-04   3.2088e+02
20260804_20:00:00   1.2395e+00   1.9512e+02   1.5931e+01   6.5431e-02   1.1612e-04   3.2061e+02
20260804_21:00:00   1.1047e+00   1.8425e+02   1.4955e+01   3.1586e-02   2.3991e-05   3.2240e+02
20260804_22:00:00   1.0337e+00   1.7803e+02   1.4281e+01   2.0678e-02   4.6909e-06   3.2316e+02
20260804_23:00:00   1.0047e+00   1.7528e+02   1.4034e+01   1.4467e-02   4.5129e-06   3.2372e+02
20260805_00:00:00   9.8612e-01   1.7348e+02   1.3931e+01   1.0067e-02   2.1773e-06   3.2334e+02
20260805_01:00:00   9.6893e-01   1.7176e+02   1.3576e+01   1.2411e-02   4.4612e-06   3.2116e+02
20260805_02:00:00   9.3018e-01   1.6778e+02   1.3255e+01   6.5416e-03   2.7530e-06   3.2024e+02
20260805_03:00:00   9.1074e-01   1.6568e+02   1.2929e+01   7.8090e-03   3.3690e-07   3.2031e+02
20260805_04:00:00   8.8873e-01   1.6331e+02   1.2679e+01   6.1376e-03   1.9575e-06   3.2086e+02
20260805_05:00:00   8.8358e-01   1.6273e+02   1.2611e+01   6.5891e-03   2.2944e-06   3.2108e+02
20260805_06:00:00   8.8268e-01   1.6256e+02   1.2645e+01   6.4532e-03   2.2944e-06   3.1909e+02
20260805_07:00:00   8.5929e-01   1.5993e+02   1.2612e+01   5.2229e-04   0.0000e+00   3.1473e+02
20260805_08:00:00   8.4466e-01   1.5832e+02   1.2539e+01   6.7350e-06   0.0000e+00   3.0972e+02
20260805_09:00:00   8.2850e-01   1.5657e+02   1.2415e+01   0.0000e+00   5.7100e-06   3.0877e+02
20260805_10:00:00   8.1829e-01   1.5544e+02   1.2347e+01   0.0000e+00   0.0000e+00   3.0913e+02
20260805_11:00:00   8.1203e-01   1.5482e+02   1.2371e+01   0.0000e+00   0.0000e+00   3.1022e+02
20260805_12:00:00   8.1036e-01   1.5475e+02   1.2492e+01   0.0000e+00   2.1040e-05   3.0992e+02
20260805_13:00:00   8.0405e-01   1.5408e+02   1.2524e+01   0.0000e+00   0.0000e+00   3.0765e+02
20260805_14:00:00   7.8175e-01   1.5153e+02   1.2268e+01   0.0000e+00   0.0000e+00   3.0383e+02
20260805_15:00:00   7.8118e-01   1.5144e+02   1.2320e+01   0.0000e+00   4.5360e-05   3.0251e+02
20260805_16:00:00   7.6313e-01   1.4940e+02   1.2134e+01   0.0000e+00   1.0752e-04   3.0127e+02
20260805_17:00:00   7.7775e-01   1.5121e+02   1.2544e+01   0.0000e+00   3.5681e-04   3.0110e+02
20260805_18:00:00   8.0515e-01   1.5455e+02   1.3163e+01   3.5804e-05   1.5651e-03   2.9864e+02
20260805_19:00:00   8.2723e-01   1.5727e+02   1.3776e+01   0.0000e+00   1.9804e-03   2.9640e+02
20260805_20:00:00   8.7079e-01   1.6232e+02   1.4625e+01   0.0000e+00   4.1962e-03   2.9465e+02
20260805_21:00:00   9.0426e-01   1.6618e+02   1.5283e+01   0.0000e+00   1.2865e-03   2.9342e+02
20260805_22:00:00   9.4891e-01   1.7110e+02   1.6085e+01   0.0000e+00   3.8232e-05   2.9100e+02
20260805_23:00:00   1.0056e+00   1.7709e+02   1.7009e+01   0.0000e+00   1.7686e-05   2.8865e+02
20260806_00:00:00   1.0302e+00   1.7977e+02   1.7429e+01   0.0000e+00   8.9800e-06   2.8730e+02
20260806_01:00:00   1.0089e+00   1.7790e+02   1.7090e+01   0.0000e+00   5.7100e-06   2.8652e+02
20260806_02:00:00   9.7851e-01   1.7497e+02   1.6637e+01   0.0000e+00   0.0000e+00   2.8627e+02
20260806_03:00:00   9.4500e-01   1.7158e+02   1.6152e+01   0.0000e+00   0.0000e+00   2.8513e+02
20260806_04:00:00   8.9786e-01   1.6664e+02   1.5390e+01   0.0000e+00   1.6393e-05   2.8320e+02
20260806_05:00:00   8.4964e-01   1.6131e+02   1.4573e+01   0.0000e+00   2.6723e-04   2.8164e+02
20260806_06:00:00   8.1188e-01   1.5695e+02   1.3935e+01   0.0000e+00   6.1918e-05   2.8155e+02
20260806_07:00:00   7.8315e-01   1.5358e+02   1.3458e+01   0.0000e+00   2.7743e-05   2.8240e+02
20260806_08:00:00   7.6078e-01   1.5088e+02   1.3102e+01   0.0000e+00   4.7202e-05   2.8324e+02
20260806_09:00:00   7.4495e-01   1.4895e+02   1.2868e+01   0.0000e+00   1.7540e-05   2.8181e+02
20260806_10:00:00   7.3218e-01   1.4728e+02   1.2706e+01   0.0000e+00   0.0000e+00   2.8180e+02
20260806_11:00:00   7.2138e-01   1.4585e+02   1.2585e+01   0.0000e+00   7.9218e-05   2.8285e+02
20260806_12:00:00   7.1335e-01   1.4470e+02   1.2512e+01   0.0000e+00   1.3517e-04   2.8380e+02
20260806_13:00:00   7.1060e-01   1.4430e+02   1.2518e+01   0.0000e+00   1.0173e-04   2.8420e+02
20260806_14:00:00   7.1353e-01   1.4464e+02   1.2622e+01   0.0000e+00   4.1520e-05   2.8379e+02
20260806_15:00:00   7.2148e-01   1.4567e+02   1.2781e+01   0.0000e+00   0.0000e+00   2.8354e+02
20260806_16:00:00   7.3166e-01   1.4700e+02   1.2944e+01   0.0000e+00   0.0000e+00   2.8347e+02
20260806_17:00:00   7.4089e-01   1.4817e+02   1.3087e+01   0.0000e+00   0.0000e+00   2.8316e+02
20260806_18:00:00   7.4309e-01   1.4843e+02   1.3126e+01   0.0000e+00   0.0000e+00   2.8295e+02
20260806_19:00:00   7.4228e-01   1.4827e+02   1.3128e+01   0.0000e+00   0.0000e+00   2.8243e+02
20260806_20:00:00   7.3861e-01   1.4778e+02   1.3083e+01   0.0000e+00   0.0000e+00   2.8163e+02
20260806_21:00:00   7.3714e-01   1.4756e+02   1.3069e+01   0.0000e+00   0.0000e+00   2.8087e+02
20260806_22:00:00   7.3649e-01   1.4746e+02   1.3070e+01   0.0000e+00   0.0000e+00   2.7993e+02
20260806_23:00:00   7.3616e-01   1.4736e+02   1.3075e+01   0.0000e+00   0.0000e+00   2.8010e+02
20260807_00:00:00   7.3392e-01   1.4697e+02   1.3050e+01   0.0000e+00   0.0000e+00   2.8015e+02
20260807_01:00:00   7.2993e-01   1.4631e+02   1.2992e+01   0.0000e+00   0.0000e+00   2.7869e+02
20260807_02:00:00   7.2240e-01   1.4516e+02   1.2890e+01   0.0000e+00   8.6418e-05   2.7814e+02
20260807_03:00:00   7.1182e-01   1.4362e+02   1.2739e+01   0.0000e+00   8.2548e-05   2.7786e+02
20260807_04:00:00   6.9820e-01   1.4169e+02   1.2528e+01   0.0000e+00   2.0220e-05   2.7831e+02
20260807_05:00:00   6.8845e-01   1.4031e+02   1.2374e+01   0.0000e+00   4.3900e-05   2.7885e+02
20260807_06:00:00   6.8131e-01   1.3932e+02   1.2225e+01   0.0000e+00   7.0966e-05   2.7897e+02
20260807_07:00:00   6.7512e-01   1.3849e+02   1.2082e+01   0.0000e+00   1.6029e-04   2.7870e+02
20260807_08:00:00   6.6900e-01   1.3770e+02   1.1933e+01   0.0000e+00   9.7480e-05   2.7757e+02
20260807_09:00:00   6.6828e-01   1.3764e+02   1.1879e+01   0.0000e+00   1.0433e-04   2.7619e+02
20260807_10:00:00   6.6549e-01   1.3730e+02   1.1780e+01   0.0000e+00   2.4880e-05   2.7599e+02
20260807_11:00:00   6.6585e-01   1.3740e+02   1.1752e+01   0.0000e+00   0.0000e+00   2.7601e+02
20260807_12:00:00   6.6999e-01   1.3801e+02   1.1800e+01   0.0000e+00   0.0000e+00   2.7509e+02
20260807_13:00:00   6.7626e-01   1.3891e+02   1.1885e+01   0.0000e+00   0.0000e+00   2.7439e+02
20260807_14:00:00   6.8109e-01   1.3962e+02   1.1953e+01   0.0000e+00   1.7540e-05   2.7462e+02
20260807_15:00:00   6.8480e-01   1.4018e+02   1.1997e+01   0.0000e+00   0.0000e+00   2.7487e+02
20260807_16:00:00   6.8698e-01   1.4054e+02   1.2019e+01   0.0000e+00   0.0000e+00   2.7505e+02
20260807_17:00:00   6.9150e-01   1.4120e+02   1.2064e+01   0.0000e+00   0.0000e+00   2.7612e+02
20260807_18:00:00   6.9814e-01   1.4208e+02   1.2170e+01   0.0000e+00   1.5806e-05   2.7708e+02
20260807_19:00:00   7.0548e-01   1.4303e+02   1.2291e+01   0.0000e+00   1.1830e-04   2.7719e+02
20260807_20:00:00   7.1496e-01   1.4422e+02   1.2453e+01   0.0000e+00   4.2420e-05   2.7738e+02
20260807_21:00:00   7.2221e-01   1.4518e+02   1.2552e+01   0.0000e+00   0.0000e+00   2.7778e+02
20260807_22:00:00   7.2759e-01   1.4589e+02   1.2606e+01   0.0000e+00   0.0000e+00   2.7761e+02
20260807_23:00:00   7.3297e-01   1.4656e+02   1.2645e+01   0.0000e+00   0.0000e+00   2.7766e+02
20260808_00:00:00   7.3686e-01   1.4699e+02   1.2657e+01   0.0000e+00   0.0000e+00   2.7816e+02
20260808_01:00:00   7.3717e-01   1.4695e+02   1.2605e+01   0.0000e+00   0.0000e+00   2.7910e+02
20260808_02:00:00   7.3111e-01   1.4611e+02   1.2464e+01   0.0000e+00   0.0000e+00   2.7922e+02
20260808_03:00:00   7.2668e-01   1.4544e+02   1.2371e+01   0.0000e+00   7.8350e-06   2.7955e+02
20260808_04:00:00   7.1531e-01   1.4384e+02   1.2182e+01   0.0000e+00   1.0724e-05   2.8064e+02
20260808_05:00:00   7.0006e-01   1.4175e+02   1.1939e+01   0.0000e+00   3.9855e-06   2.8094e+02
20260808_06:00:00   6.8826e-01   1.4011e+02   1.1710e+01   0.0000e+00   0.0000e+00   2.8132e+02
20260808_07:00:00   6.7779e-01   1.3870e+02   1.1469e+01   0.0000e+00   0.0000e+00   2.8070e+02
20260808_08:00:00   6.6896e-01   1.3753e+02   1.1232e+01   0.0000e+00   0.0000e+00   2.7906e+02
20260808_09:00:00   6.6452e-01   1.3701e+02   1.1115e+01   0.0000e+00   0.0000e+00   2.7711e+02
20260808_10:00:00   6.6567e-01   1.3718e+02   1.1105e+01   0.0000e+00   0.0000e+00   2.7517e+02
20260808_11:00:00   6.7046e-01   1.3788e+02   1.1179e+01   0.0000e+00   0.0000e+00   2.7283e+02
20260808_12:00:00   6.8098e-01   1.3935e+02   1.1349e+01   0.0000e+00   7.3100e-07   2.7113e+02
20260808_13:00:00   6.8898e-01   1.4044e+02   1.1484e+01   0.0000e+00   0.0000e+00   2.6983e+02
20260808_14:00:00   6.9607e-01   1.4143e+02   1.1590e+01   0.0000e+00   3.8660e-05   2.6954e+02
20260808_15:00:00   7.0359e-01   1.4245e+02   1.1691e+01   0.0000e+00   1.7660e-04   2.6926e+02
20260808_16:00:00   7.1464e-01   1.4392e+02   1.1845e+01   0.0000e+00   1.6947e-04   2.6912e+02
20260808_17:00:00   7.2656e-01   1.4549e+02   1.2015e+01   0.0000e+00   6.9260e-05   2.6908e+02
20260808_18:00:00   7.3339e-01   1.4639e+02   1.2097e+01   0.0000e+00   2.0400e-05   2.6868e+02
20260808_19:00:00   7.4266e-01   1.4758e+02   1.2217e+01   0.0000e+00   0.0000e+00   2.6912e+02
20260808_20:00:00   7.5346e-01   1.4893e+02   1.2351e+01   0.0000e+00   0.0000e+00   2.7010e+02
20260808_21:00:00   7.6717e-01   1.5061e+02   1.2539e+01   0.0000e+00   0.0000e+00   2.7114e+02
20260808_22:00:00   7.7945e-01   1.5203e+02   1.2728e+01   0.0000e+00   0.0000e+00   2.7253e+02
20260808_23:00:00   7.9049e-01   1.5329e+02   1.2898e+01   0.0000e+00   0.0000e+00   2.7383e+02
20260809_00:00:00   7.9957e-01   1.5433e+02   1.3046e+01   0.0000e+00   0.0000e+00   2.7470e+02
20260809_01:00:00   8.0368e-01   1.5470e+02   1.3081e+01   0.0000e+00   0.0000e+00   2.7598e+02
20260809_02:00:00   8.0722e-01   1.5503e+02   1.3134e+01   0.0000e+00   0.0000e+00   2.7806e+02
20260809_03:00:00   8.1169e-01   1.5552e+02   1.3215e+01   0.0000e+00   0.0000e+00   2.7961e+02
20260809_04:00:00   8.1745e-01   1.5611e+02   1.3309e+01   0.0000e+00   0.0000e+00   2.7914e+02
20260809_05:00:00   8.1248e-01   1.5546e+02   1.3239e+01   0.0000e+00   0.0000e+00   2.7982e+02
20260809_06:00:00   8.1162e-01   1.5528e+02   1.3230e+01   0.0000e+00   0.0000e+00   2.8172e+02
20260809_07:00:00   8.0944e-01   1.5496e+02   1.3171e+01   0.0000e+00   0.0000e+00   2.8252e+02
20260809_08:00:00   8.0300e-01   1.5415e+02   1.3068e+01   0.0000e+00   0.0000e+00   2.8164e+02
20260809_09:00:00   7.8969e-01   1.5248e+02   1.2870e+01   0.0000e+00   0.0000e+00   2.8152e+02
20260809_10:00:00   7.7174e-01   1.5021e+02   1.2605e+01   0.0000e+00   0.0000e+00   2.8158e+02
20260809_11:00:00   7.5401e-01   1.4796e+02   1.2335e+01   0.0000e+00   0.0000e+00   2.8137e+02
20260809_12:00:00   7.4750e-01   1.4712e+02   1.2231e+01   0.0000e+00   0.0000e+00   2.8121e+02
20260809_13:00:00   7.5666e-01   1.4830e+02   1.2386e+01   0.0000e+00   0.0000e+00   2.8045e+02
20260809_14:00:00   7.6771e-01   1.4970e+02   1.2583e+01   0.0000e+00   0.0000e+00   2.8011e+02
20260809_15:00:00   7.8808e-01   1.5222e+02   1.2935e+01   0.0000e+00   0.0000e+00   2.8055e+02
20260809_16:00:00   7.9932e-01   1.5358e+02   1.3106e+01   0.0000e+00   0.0000e+00   2.8144e+02
20260809_17:00:00   8.0461e-01   1.5424e+02   1.3151e+01   0.0000e+00   0.0000e+00   2.8233e+02
20260809_18:00:00   8.0714e-01   1.5456e+02   1.3154e+01   0.0000e+00   0.0000e+00   2.8270e+02
20260809_21:00:00   8.0685e-01   1.5443e+02   1.3076e+01   0.0000e+00   0.0000e+00   2.8486e+02
20260810_00:00:00   8.2300e-01   1.5614e+02   1.3327e+01   0.0000e+00   0.0000e+00   2.8692e+02
20260810_03:00:00   7.8611e-01   1.5166e+02   1.2602e+01   0.0000e+00   0.0000e+00   2.8647e+02
20260810_06:00:00   9.0028e-01   1.6440e+02   1.4598e+01   0.0000e+00   1.1420e-06   2.8734e+02
20260810_09:00:00   9.2403e-01   1.6692e+02   1.4808e+01   0.0000e+00   7.3080e-06   2.8659e+02
20260810_12:00:00   9.3888e-01   1.6868e+02   1.4919e+01   0.0000e+00   7.0160e-06   2.8497e+02
20260810_15:00:00   9.0430e-01   1.6549e+02   1.4002e+01   0.0000e+00   0.0000e+00   2.9758e+02
20260810_18:00:00   8.7286e-01   1.6202e+02   1.3392e+01   0.0000e+00   8.3829e-05   2.9239e+02
20260810_21:00:00   9.1353e-01   1.6584e+02   1.4397e+01   0.0000e+00   1.5676e-02   2.7778e+02
20260811_00:00:00   1.0274e+00   1.7651e+02   1.6474e+01   0.0000e+00   7.2255e-02   2.7805e+02
20260811_03:00:00   1.2615e+00   1.9582e+02   1.9196e+01   5.7129e-03   5.2915e-01   2.8364e+02
20260811_06:00:00   2.1173e+00   2.4019e+02   1.8926e+01   3.4880e-01   4.5172e-01   2.9581e+02
20260811_09:00:00   1.1547e+00   1.8772e+02   1.4496e+01   5.8626e-02   2.2392e-02   3.0595e+02
20260811_12:00:00   1.1061e+00   1.8359e+02   1.3554e+01   6.4495e-02   1.1284e-04   3.1010e+02
20260811_15:00:00   7.8832e-01   1.5067e+02   1.1079e+01   5.4773e-03   1.5744e-05   3.0368e+02
20260811_18:00:00   7.1381e-01   1.4091e+02   1.0473e+01   3.3882e-03   1.8541e-04   3.0474e+02
20260811_21:00:00   7.1819e-01   1.4113e+02   1.0471e+01   1.0640e-02   8.9967e-04   3.0970e+02
20260812_00:00:00   6.9124e-01   1.3702e+02   1.0379e+01   2.7492e-03   3.6714e-04   3.0919e+02
20260812_03:00:00   7.2086e-01   1.4039e+02   1.0675e+01   1.8296e-04   1.1942e-02   3.1047e+02
20260812_06:00:00   7.7779e-01   1.4667e+02   1.1055e+01   4.8137e-03   1.7985e-01   3.1010e+02
20260812_09:00:00   7.4870e-01   1.4291e+02   1.0903e+01   3.5667e-04   5.0234e-02   3.0994e+02
20260812_12:00:00   7.5369e-01   1.4394e+02   1.1036e+01   8.0845e-04   1.5678e-03   3.0949e+02
20260812_15:00:00   9.9994e-01   1.7228e+02   1.1258e+01   9.5526e-02   4.8756e-03   3.0996e+02
20260812_18:00:00   1.2813e+00   1.9719e+02   1.2105e+01   1.8345e-01   2.9564e-03   3.0730e+02
20260812_21:00:00   1.2925e+00   1.9832e+02   1.2307e+01   1.7940e-01   1.6683e-03   3.0911e+02
20260813_00:00:00   1.1519e+00   1.8708e+02   1.2117e+01   1.2935e-01   1.7576e-03   3.0860e+02
20260813_03:00:00   9.4802e-01   1.6798e+02   1.1510e+01   6.2048e-02   1.4225e-02   3.0803e+02
20260813_06:00:00   7.9392e-01   1.5082e+02   1.1348e+01   7.7674e-03   1.1390e-04   3.0652e+02
20260813_09:00:00   9.2257e-01   1.6534e+02   1.3616e+01   6.0035e-03   6.5173e-03   2.9949e+02
20260813_12:00:00   9.9936e-01   1.7358e+02   1.5136e+01   0.0000e+00   7.1866e-02   2.9600e+02
20260813_15:00:00   1.2131e+00   1.9304e+02   1.7547e+01   1.1474e-02   7.7705e-02   2.9095e+02
20260813_18:00:00   1.0954e+00   1.8334e+02   1.6781e+01   3.4759e-03   7.6932e-02   2.8830e+02
20260813_21:00:00   1.0904e+00   1.8313e+02   1.7121e+01   0.0000e+00   1.3647e-01   2.8562e+02
20260814_00:00:00   1.0705e+00   1.8070e+02   1.6799e+01   0.0000e+00   9.4388e-02   2.8779e+02
20260814_03:00:00   1.1582e+00   1.8839e+02   1.7241e+01   1.9498e-02   8.9250e-02   2.9062e+02
20260814_06:00:00   1.1079e+00   1.8416e+02   1.6934e+01   9.8000e-04   1.5918e-01   2.9011e+02
20260814_09:00:00   1.0661e+00   1.8057e+02   1.6028e+01   0.0000e+00   1.1869e-01   2.9311e+02
20260814_12:00:00   1.0277e+00   1.7736e+02   1.5365e+01   8.5460e-05   6.9938e-02   2.9040e+02
20260814_15:00:00   9.9584e-01   1.7454e+02   1.5009e+01   2.6960e-04   3.8815e-03   2.8788e+02
20260814_18:00:00   9.3897e-01   1.6910e+02   1.4406e+01   0.0000e+00   0.0000e+00   2.8594e+02
20260814_21:00:00   8.8946e-01   1.6408e+02   1.3844e+01   0.0000e+00   0.0000e+00   2.8251e+02
20260815_00:00:00   8.7525e-01   1.6242e+02   1.3814e+01   0.0000e+00   0.0000e+00   2.8094e+02
20260815_03:00:00   8.1706e-01   1.5562e+02   1.3055e+01   0.0000e+00   6.5240e-06   2.8006e+02
20260815_06:00:00   8.1104e-01   1.5506e+02   1.2994e+01   0.0000e+00   0.0000e+00   2.7983e+02
20260815_09:00:00   8.1105e-01   1.5516e+02   1.2990e+01   0.0000e+00   0.0000e+00   2.8010e+02
20260815_12:00:00   8.1153e-01   1.5532e+02   1.2965e+01   0.0000e+00   0.0000e+00   2.8053e+02
20260815_15:00:00   8.1286e-01   1.5546e+02   1.2911e+01   0.0000e+00   0.0000e+00   2.8221e+02
20260815_18:00:00   7.9839e-01   1.5370e+02   1.2663e+01   0.0000e+00   0.0000e+00   2.8217e+02
20260815_21:00:00   7.6594e-01   1.4978e+02   1.2178e+01   0.0000e+00   0.0000e+00   2.8094e+02
20260816_00:00:00   7.3519e-01   1.4591e+02   1.1665e+01   0.0000e+00   0.0000e+00   2.8136e+02
20260816_03:00:00   7.0137e-01   1.4148e+02   1.1146e+01   0.0000e+00   1.9256e-05   2.7945e+02
20260816_06:00:00   6.7340e-01   1.3759e+02   1.0862e+01   0.0000e+00   3.2139e-04   2.7752e+02
20260816_09:00:00   6.6538e-01   1.3651e+02   1.0841e+01   0.0000e+00   0.0000e+00   2.7796e+02
20260816_12:00:00   6.7359e-01   1.3765e+02   1.1042e+01   0.0000e+00   2.8963e-05   2.8025e+02
20260816_15:00:00   7.0009e-01   1.4115e+02   1.1467e+01   0.0000e+00   8.5660e-06   2.8079e+02
20260816_18:00:00   7.2437e-01   1.4409e+02   1.1758e+01   0.0000e+00   2.4788e-04   2.8008e+02
20260816_21:00:00   7.4005e-01   1.4581e+02   1.2019e+01   0.0000e+00   8.2572e-04   2.7928e+02
20260817_00:00:00   7.3896e-01   1.4552e+02   1.2019e+01   0.0000e+00   0.0000e+00   2.8086e+02
20260817_03:00:00   7.1793e-01   1.4264e+02   1.1605e+01   0.0000e+00   0.0000e+00   2.8129e+02
20260817_06:00:00   6.9572e-01   1.3947e+02   1.1299e+01   0.0000e+00   0.0000e+00   2.7926e+02
20260817_09:00:00   6.8025e-01   1.3719e+02   1.1082e+01   0.0000e+00   0.0000e+00   2.7808e+02
20260817_12:00:00   6.7602e-01   1.3646e+02   1.0964e+01   0.0000e+00   0.0000e+00   2.7647e+02
20260817_15:00:00   6.8666e-01   1.3775e+02   1.1057e+01   0.0000e+00   0.0000e+00   2.7760e+02
20260817_18:00:00   7.0040e-01   1.3952e+02   1.1072e+01   0.0000e+00   0.0000e+00   2.7834e+02
20260817_21:00:00   6.9272e-01   1.3841e+02   1.0888e+01   0.0000e+00   0.0000e+00   2.8244e+02
20260818_00:00:00   6.5984e-01   1.3365e+02   1.0438e+01   0.0000e+00   0.0000e+00   2.8753e+02
20260818_03:00:00   6.5186e-01   1.3221e+02   1.0290e+01   0.0000e+00   0.0000e+00   2.8906e+02
20260818_06:00:00   7.1946e-01   1.4089e+02   1.1241e+01   0.0000e+00   2.2460e-07   2.9137e+02
20260818_09:00:00   7.5569e-01   1.4541e+02   1.1737e+01   0.0000e+00   2.2460e-07   2.9382e+02
20260818_12:00:00   7.8409e-01   1.4900e+02   1.2125e+01   0.0000e+00   1.5400e-06   2.9649e+02
20260818_15:00:00   8.0613e-01   1.5196e+02   1.2415e+01   0.0000e+00   6.2850e-06   2.9815e+02
20260818_18:00:00   8.3280e-01   1.5545e+02   1.2832e+01   0.0000e+00   7.8518e-07   2.9887e+02
20260818_21:00:00   8.1710e-01   1.5391e+02   1.2644e+01   0.0000e+00   0.0000e+00   2.9803e+02
20260819_00:00:00   7.7998e-01   1.4951e+02   1.2186e+01   0.0000e+00   0.0000e+00   2.9694e+02
20260819_03:00:00   7.4990e-01   1.4576e+02   1.1774e+01   0.0000e+00   0.0000e+00   2.9701e+02
20260819_06:00:00   7.1296e-01   1.4107e+02   1.1276e+01   0.0000e+00   0.0000e+00   2.9766e+02
20260819_09:00:00   6.8638e-01   1.3739e+02   1.0913e+01   0.0000e+00   0.0000e+00   2.9832e+02
20260819_12:00:00   7.1854e-01   1.4173e+02   1.1278e+01   0.0000e+00   0.0000e+00   2.9811e+02
20260819_15:00:00   7.3006e-01   1.4316e+02   1.1330e+01   0.0000e+00   0.0000e+00   2.9788e+02
20260819_18:00:00   6.8734e-01   1.3717e+02   1.0822e+01   0.0000e+00   2.9846e-03   2.9795e+02
20260819_21:00:00   6.8609e-01   1.3700e+02   1.0753e+01   0.0000e+00   8.7573e-04   2.9602e+02
20260820_00:00:00   6.6326e-01   1.3379e+02   1.0474e+01   0.0000e+00   9.3316e-04   2.9596e+02
20260820_03:00:00   6.4113e-01   1.3058e+02   1.0183e+01   0.0000e+00   1.1393e-03   2.9623e+02
20260820_06:00:00   6.5025e-01   1.3157e+02   1.0414e+01   0.0000e+00   6.8755e-03   2.9596e+02
20260820_09:00:00   7.1628e-01   1.4007e+02   1.1461e+01   0.0000e+00   2.4091e-02   2.9542e+02
20260820_12:00:00   8.6043e-01   1.5726e+02   1.3490e+01   0.0000e+00   3.9294e-02   2.9679e+02
20260820_15:00:00   1.3681e+00   2.0295e+02   1.5842e+01   1.2789e-01   2.0934e-01   2.9586e+02
20260820_18:00:00   1.5875e+00   2.1694e+02   1.6461e+01   1.9566e-01   9.5374e-02   2.9679e+02
