#            date       tau255        Tb[K]      pwv[mm] lwp[kg*m^-2] iwp[kg*m^-2]       o3[DU]
20261001_18:00:00   2.0962e-01   5.3742e+01   3.2484e+00   0.0000e+00   0.0000e+00   3.1407e+02
20261001_19:00:00   2.3172e-01   5.8217e+01   3.6933e+00   0.0000e+00   8.1580e-06   3.0983e+02
20261001_20:00:00   2.6231e-01   6.4279e+01   4.2703e+00   0.0000e+00   8.1580e-06   3.0911e+02
20261001_21:00:00   2.8665e-01   6.8920e+01   4.7118e+00   0.0000e+00   6.6946e-06   3.0975e+02
20261001_22:00:00   3.2358e-01   7.5738e+01   5.3837e+00   0.0000e+00   4.9575e-03   3.1033e+02
20261001_23:00:00   3.4949e-01   8.0416e+01   5.8266e+00   0.0000e+00   2.3878e-02   3.1290e+02
20261002_00:00:00   3.7113e-01   8.4312e+01   6.1291e+00   0.0000e+00   5.1160e-03   3.1622e+02
20261002_01:00:00   3.9340e-01   8.8244e+01   6.4074e+00   0.0000e+00   5.0053e-03   3.1815e+02
20261002_02:00:00   4.2007e-01   9.2839e+01   6.7031e+00   0.0000e+00   8.6408e-03   3.1886e+02
20261002_03:00:00   4.4343e-01   9.6728e+01   6.9586e+00   0.0000e+00   8.1600e-03   3.2191e+02
20261002_04:00:00   4.4452e-01   9.6821e+01   6.9448e+00   0.0000e+00   9.3496e-03   3.2171e+02
20261002_05:00:00   4.6075e-01   9.9361e+01   7.1601e+00   0.0000e+00   2.0257e-02   3.1986e+02
20261002_06:00:00   4.7797e-01   1.0211e+02   7.3690e+00   0.0000e+00   3.5926e-03   3.2039e+02
20261002_07:00:00   4.7511e-01   1.0167e+02   7.2628e+00   0.0000e+00   1.2601e-04   3.1949e+02
20261002_08:00:00   4.8616e-01   1.0336e+02   7.4377e+00   0.0000e+00   2.0222e-04   3.1874e+02
20261002_09:00:00   4.9300e-01   1.0441e+02   7.5533e+00   0.0000e+00   1.2710e-04   3.1907e+02
20261002_10:00:00   4.7398e-01   1.0154e+02   7.1812e+00   0.0000e+00   7.6783e-05   3.1956e+02
20261002_11:00:00   4.4388e-01   9.6892e+01   6.5934e+00   0.0000e+00   4.8221e-05   3.2158e+02
20261002_12:00:00   4.1369e-01   9.2024e+01   6.0387e+00   0.0000e+00   9.8906e-06   3.2521e+02
20261002_13:00:00   3.8735e-01   8.7548e+01   5.6174e+00   0.0000e+00   7.8106e-06   3.2686e+02
20261002_14:00:00   3.7378e-01   8.5105e+01   5.4832e+00   0.0000e+00   7.5860e-06   3.2631e+02
20261002_15:00:00   3.7054e-01   8.4422e+01   5.5167e+00   0.0000e+00   4.5033e-06   3.2291e+02
20261002_16:00:00   3.7140e-01   8.4462e+01   5.5965e+00   0.0000e+00   1.1585e-05   3.2225e+02
20261002_17:00:00   3.7567e-01   8.5117e+01   5.7045e+00   0.0000e+00   3.4186e-05   3.2442e+02
20261002_18:00:00   3.8273e-01   8.6259e+01   5.8415e+00   0.0000e+00   2.1742e-05   3.2364e+02
20261002_19:00:00   3.9102e-01   8.7649e+01   5.9847e+00   0.0000e+00   3.0530e-05   3.2473e+02
20261002_20:00:00   4.0170e-01   8.9472e+01   6.1221e+00   0.0000e+00   6.4061e-05   3.2933e+02
20261002_21:00:00   4.1120e-01   9.1102e+01   6.2032e+00   0.0000e+00   3.4799e-04   3.3011e+02
20261002_22:00:00   4.1671e-01   9.2022e+01   6.2464e+00   0.0000e+00   1.7704e-04   3.3065e+02
20261002_23:00:00   4.2282e-01   9.3011e+01   6.3261e+00   0.0000e+00   9.1509e-05   3.2793e+02
20261003_00:00:00   4.3199e-01   9.4485e+01   6.4689e+00   0.0000e+00   3.0983e-04   3.2755e+02
20261003_01:00:00   4.3553e-01   9.5060e+01   6.5057e+00   0.0000e+00   6.7900e-04   3.2877e+02
20261003_02:00:00   4.2575e-01   9.3479e+01   6.3086e+00   0.0000e+00   1.0035e-03   3.2838e+02
20261003_03:00:00   4.0759e-01   9.0504e+01   5.9552e+00   0.0000e+00   1.0266e-03   3.2982e+02
20261003_04:00:00   3.8875e-01   8.7343e+01   5.6089e+00   0.0000e+00   2.6087e-03   3.3092e+02
20261003_05:00:00   3.7456e-01   8.4932e+01   5.3433e+00   0.0000e+00   2.0292e-03   3.2900e+02
20261003_06:00:00   3.6610e-01   8.3451e+01   5.1981e+00   0.0000e+00   1.5370e-03   3.2816e+02
20261003_07:00:00   3.5911e-01   8.2206e+01   5.0741e+00   0.0000e+00   3.5900e-04   3.3039e+02
20261003_08:00:00   3.4881e-01   8.0365e+01   4.8996e+00   0.0000e+00   1.9022e-05   3.3242e+02
20261003_09:00:00   3.3906e-01   7.8613e+01   4.7336e+00   0.0000e+00   8.7688e-06   3.3356e+02
20261003_10:00:00   3.3041e-01   7.7047e+01   4.5804e+00   0.0000e+00   5.2595e-06   3.3751e+02
20261003_11:00:00   3.2582e-01   7.6202e+01   4.5030e+00   0.0000e+00   2.4275e-06   3.4079e+02
20261003_12:00:00   3.2155e-01   7.5400e+01   4.4427e+00   0.0000e+00   1.7750e-06   3.4297e+02
20261003_13:00:00   3.1840e-01   7.4812e+01   4.3959e+00   0.0000e+00   1.5505e-06   3.4491e+02
20261003_14:00:00   3.2370e-01   7.5776e+01   4.4838e+00   0.0000e+00   1.5505e-06   3.4663e+02
20261003_15:00:00   3.3572e-01   7.7941e+01   4.6865e+00   0.0000e+00   3.5075e-06   3.4720e+02
20261003_16:00:00   3.4754e-01   8.0113e+01   4.8661e+00   0.0000e+00   1.5174e-05   3.4680e+02
20261003_17:00:00   3.5765e-01   8.1963e+01   5.0117e+00   0.0000e+00   1.7427e-05   3.4505e+02
20261003_18:00:00   3.6776e-01   8.3783e+01   5.1445e+00   0.0000e+00   1.0411e-05   3.4425e+02
20261003_19:00:00   3.7453e-01   8.5005e+01   5.2252e+00   0.0000e+00   1.0568e-05   3.4622e+02
20261003_20:00:00   3.7684e-01   8.5409e+01   5.2435e+00   0.0000e+00   1.1152e-05   3.4578e+02
20261003_21:00:00   3.7848e-01   8.5703e+01   5.2535e+00   0.0000e+00   1.2185e-05   3.4527e+02
20261003_22:00:00   3.7678e-01   8.5415e+01   5.2179e+00   0.0000e+00   1.2290e-05   3.4406e+02
20261003_23:00:00   3.7523e-01   8.5155e+01   5.1949e+00   0.0000e+00   1.2185e-05   3.4133e+02
20261004_00:00:00   3.7385e-01   8.4916e+01   5.1837e+00   0.0000e+00   1.2837e-05   3.3924e+02
20261004_01:00:00   3.7191e-01   8.4562e+01   5.1600e+00   0.0000e+00   1.2837e-05   3.3868e+02
20261004_02:00:00   3.7309e-01   8.4768e+01   5.1757e+00   0.0000e+00   1.2605e-05   3.3682e+02
20261004_03:00:00   3.7310e-01   8.4762e+01   5.1680e+00   0.0000e+00   1.2488e-05   3.3620e+02
20261004_04:00:00   3.7408e-01   8.4907e+01   5.1858e+00   0.0000e+00   1.3137e-05   3.3475e+02
20261004_05:00:00   3.7613e-01   8.5267e+01   5.2233e+00   0.0000e+00   1.3283e-05   3.3311e+02
20261004_06:00:00   3.7489e-01   8.5037e+01   5.2093e+00   0.0000e+00   1.3283e-05   3.3263e+02
20261004_07:00:00   3.7438e-01   8.4950e+01   5.1953e+00   0.0000e+00   1.3338e-05   3.3033e+02
20261004_08:00:00   3.7070e-01   8.4312e+01   5.1400e+00   0.0000e+00   1.3338e-05   3.2700e+02
20261004_09:00:00   3.6816e-01   8.3874e+01   5.1016e+00   0.0000e+00   1.3338e-05   3.2333e+02
20261004_10:00:00   3.6711e-01   8.3691e+01   5.0858e+00   0.0000e+00   1.3338e-05   3.1718e+02
20261004_11:00:00   3.6787e-01   8.3800e+01   5.1006e+00   0.0000e+00   1.3338e-05   3.1360e+02
20261004_12:00:00   3.6814e-01   8.3838e+01   5.1144e+00   0.0000e+00   1.3990e-05   3.1206e+02
20261004_13:00:00   3.6900e-01   8.3955e+01   5.1396e+00   0.0000e+00   1.3338e-05   3.1107e+02
20261004_14:00:00   3.7110e-01   8.4296e+01   5.1877e+00   0.0000e+00   1.3444e-05   3.1242e+02
20261004_15:00:00   3.7623e-01   8.5164e+01   5.2953e+00   0.0000e+00   2.1404e-05   3.1440e+02
20261004_16:00:00   3.8132e-01   8.6002e+01   5.3993e+00   0.0000e+00   3.7748e-05   3.1690e+02
20261004_17:00:00   3.8647e-01   8.6864e+01   5.4968e+00   0.0000e+00   6.6280e-05   3.1755e+02
20261004_18:00:00   3.8923e-01   8.7300e+01   5.5547e+00   0.0000e+00   7.5643e-04   3.1659e+02
20261004_19:00:00   3.9007e-01   8.7384e+01   5.5801e+00   0.0000e+00   1.9255e-03   3.1676e+02
20261004_20:00:00   3.9006e-01   8.7342e+01   5.5851e+00   0.0000e+00   4.6630e-03   3.1660e+02
20261004_21:00:00   3.9402e-01   8.7975e+01   5.6412e+00   0.0000e+00   5.1820e-03   3.1758e+02
20261004_22:00:00   3.9852e-01   8.8698e+01   5.6984e+00   0.0000e+00   6.1627e-03   3.1694e+02
20261004_23:00:00   3.9978e-01   8.8897e+01   5.7120e+00   0.0000e+00   4.4719e-03   3.1545e+02
20261005_00:00:00   3.9894e-01   8.8733e+01   5.6931e+00   0.0000e+00   3.6381e-03   3.1391e+02
20261005_01:00:00   4.0024e-01   8.8935e+01   5.7025e+00   0.0000e+00   3.0406e-03   3.1321e+02
20261005_02:00:00   4.0039e-01   8.8966e+01   5.6804e+00   0.0000e+00   2.8224e-03   3.1409e+02
20261005_03:00:00   4.0493e-01   8.9695e+01   5.7402e+00   0.0000e+00   3.2472e-03   3.1576e+02
20261005_04:00:00   4.0911e-01   9.0371e+01   5.7922e+00   0.0000e+00   4.4100e-03   3.1818e+02
20261005_05:00:00   4.1293e-01   9.1018e+01   5.8238e+00   0.0000e+00   2.8930e-03   3.2176e+02
20261005_06:00:00   4.1432e-01   9.1270e+01   5.8084e+00   0.0000e+00   1.0479e-03   3.2377e+02
20261005_07:00:00   4.1510e-01   9.1426e+01   5.7835e+00   0.0000e+00   1.2205e-03   3.2431e+02
20261005_08:00:00   4.1323e-01   9.1152e+01   5.7118e+00   0.0000e+00   3.4829e-03   3.2449e+02
20261005_09:00:00   4.1737e-01   9.1886e+01   5.7329e+00   0.0000e+00   7.9464e-03   3.2568e+02
20261005_10:00:00   4.2726e-01   9.3588e+01   5.8324e+00   0.0000e+00   1.7538e-02   3.2554e+02
20261005_11:00:00   4.3823e-01   9.5448e+01   5.9423e+00   0.0000e+00   3.4910e-02   3.2476e+02
20261005_12:00:00   4.4560e-01   9.6691e+01   6.0081e+00   0.0000e+00   3.5559e-02   3.2475e+02
20261005_13:00:00   4.4754e-01   9.7014e+01   6.0193e+00   0.0000e+00   2.9841e-02   3.2705e+02
20261005_14:00:00   4.4836e-01   9.7146e+01   6.0309e+00   0.0000e+00   2.0724e-02   3.2920e+02
20261005_15:00:00   4.5352e-01   9.7908e+01   6.1199e+00   0.0000e+00   2.5220e-02   3.2817e+02
20261005_16:00:00   4.6055e-01   9.8981e+01   6.2286e+00   0.0000e+00   3.3885e-02   3.2448e+02
20261005_17:00:00   4.6630e-01   9.9895e+01   6.3032e+00   0.0000e+00   3.5456e-02   3.2121e+02
20261005_18:00:00   4.6438e-01   9.9588e+01   6.2524e+00   0.0000e+00   4.3739e-02   3.1988e+02
20261005_19:00:00   4.5946e-01   9.8797e+01   6.1651e+00   0.0000e+00   4.5171e-02   3.1976e+02
20261005_20:00:00   4.5671e-01   9.8308e+01   6.1240e+00   0.0000e+00   4.3075e-02   3.2348e+02
20261005_21:00:00   4.5354e-01   9.7725e+01   6.0824e+00   0.0000e+00   3.9004e-02   3.2519e+02
20261005_22:00:00   4.4708e-01   9.6606e+01   6.0026e+00   6.3720e-06   2.6144e-02   3.2716e+02
20261005_23:00:00   4.3992e-01   9.5348e+01   5.9169e+00   0.0000e+00   1.7465e-02   3.2810e+02
20261006_00:00:00   4.3435e-01   9.4347e+01   5.8544e+00   0.0000e+00   1.2995e-02   3.2568e+02
20261006_01:00:00   4.2804e-01   9.3225e+01   5.7791e+00   0.0000e+00   7.5141e-03   3.2238e+02
20261006_02:00:00   4.2003e-01   9.1845e+01   5.6748e+00   0.0000e+00   4.7429e-03   3.2236e+02
20261006_03:00:00   4.1726e-01   9.1391e+01   5.6342e+00   0.0000e+00   1.0965e-02   3.2224e+02
20261006_04:00:00   4.1892e-01   9.1722e+01   5.6525e+00   0.0000e+00   1.5569e-02   3.2225e+02
20261006_05:00:00   4.2114e-01   9.2099e+01   5.6885e+00   0.0000e+00   9.4569e-03   3.2294e+02
20261006_06:00:00   4.2065e-01   9.1969e+01   5.7021e+00   0.0000e+00   6.1271e-03   3.2027e+02
20261006_07:00:00   4.1407e-01   9.0793e+01   5.6221e+00   0.0000e+00   5.5122e-03   3.1536e+02
20261006_08:00:00   4.1111e-01   9.0164e+01   5.5731e+00   6.7360e-06   1.1595e-02   3.1171e+02
20261006_09:00:00   4.0720e-01   8.9420e+01   5.5151e+00   1.1226e-06   1.9083e-02   3.1146e+02
20261006_10:00:00   4.0747e-01   8.9431e+01   5.5078e+00   0.0000e+00   2.6721e-02   3.1116e+02
20261006_11:00:00   4.0588e-01   8.9154e+01   5.4748e+00   0.0000e+00   2.6390e-02   3.1319e+02
20261006_12:00:00   4.0012e-01   8.8162e+01   5.3896e+00   4.7920e-05   2.1960e-02   3.1569e+02
20261006_13:00:00   3.9571e-01   8.7384e+01   5.3282e+00   6.5240e-06   1.7353e-02   3.1471e+02
20261006_14:00:00   3.9430e-01   8.7088e+01   5.3060e+00   0.0000e+00   1.3162e-02   3.1293e+02
20261006_15:00:00   3.9590e-01   8.7366e+01   5.3193e+00   0.0000e+00   9.4378e-03   3.1196e+02
20261006_16:00:00   3.9778e-01   8.7696e+01   5.3323e+00   0.0000e+00   6.5457e-03   3.1417e+02
20261006_17:00:00   3.9710e-01   8.7612e+01   5.3125e+00   0.0000e+00   3.0928e-03   3.1825e+02
20261006_18:00:00   3.9616e-01   8.7469e+01   5.2896e+00   0.0000e+00   1.9418e-03   3.2012e+02
20261006_21:00:00   4.0983e-01   9.0090e+01   5.3739e+00   0.0000e+00   6.9402e-02   3.1385e+02
20261007_00:00:00   4.0406e-01   8.9209e+01   5.3020e+00   3.1860e-06   3.6409e-02   3.1712e+02
20261007_03:00:00   4.0678e-01   8.9776e+01   5.4102e+00   0.0000e+00   1.3327e-02   3.1710e+02
20261007_06:00:00   4.2884e-01   9.3651e+01   5.7244e+00   0.0000e+00   1.6986e-02   3.1504e+02
20261007_09:00:00   4.3474e-01   9.4722e+01   5.8363e+00   0.0000e+00   2.3957e-02   3.1574e+02
20261007_12:00:00   4.2493e-01   9.3103e+01   5.7666e+00   0.0000e+00   1.1054e-02   3.1532e+02
20261007_15:00:00   4.3012e-01   9.4017e+01   5.8816e+00   0.0000e+00   6.6438e-03   3.0619e+02
20261007_18:00:00   4.5542e-01   9.8006e+01   6.3078e+00   0.0000e+00   5.8481e-02   2.9816e+02
20261007_21:00:00   4.2897e-01   9.3544e+01   6.0536e+00   0.0000e+00   1.3543e-02   2.9300e+02
20261008_00:00:00   3.9943e-01   8.8473e+01   5.7140e+00   0.0000e+00   6.4380e-03   2.8970e+02
20261008_03:00:00   3.8108e-01   8.5228e+01   5.5405e+00   0.0000e+00   7.8299e-03   2.9264e+02
20261008_06:00:00   3.6789e-01   8.2884e+01   5.4175e+00   0.0000e+00   3.9187e-03   2.9343e+02
20261008_09:00:00   3.4069e-01   7.8125e+01   5.0664e+00   0.0000e+00   5.5908e-04   2.9142e+02
20261008_12:00:00   3.2383e-01   7.5123e+01   4.8659e+00   0.0000e+00   5.2590e-04   2.8465e+02
20261008_15:00:00   3.0909e-01   7.2469e+01   4.6498e+00   0.0000e+00   3.8678e-03   2.9295e+02
20261008_18:00:00   3.0822e-01   7.2264e+01   4.7015e+00   0.0000e+00   5.8470e-03   3.1107e+02
20261008_21:00:00   3.3442e-01   7.7191e+01   5.0924e+00   0.0000e+00   7.6607e-03   3.0772e+02
20261009_00:00:00   3.9159e-01   8.7575e+01   5.8502e+00   0.0000e+00   4.9180e-02   3.0215e+02
20261009_03:00:00   4.8487e-01   1.0313e+02   7.1031e+00   0.0000e+00   9.7660e-02   3.1000e+02
20261009_06:00:00   5.4028e-01   1.1178e+02   7.7697e+00   0.0000e+00   9.8206e-02   3.1266e+02
20261009_09:00:00   5.4227e-01   1.1209e+02   7.6598e+00   0.0000e+00   1.8244e-01   3.1623e+02
20261009_12:00:00   5.4246e-01   1.1214e+02   7.5839e+00   0.0000e+00   2.2907e-01   3.1965e+02
20261009_15:00:00   5.1187e-01   1.0740e+02   7.0613e+00   0.0000e+00   1.1964e-01   3.2347e+02
20261009_18:00:00   4.4759e-01   9.7144e+01   5.9455e+00   0.0000e+00   1.4525e-01   3.2402e+02
20261009_21:00:00   3.9371e-01   8.7839e+01   5.1906e+00   5.3573e-05   5.5383e-02   3.3425e+02
20261010_00:00:00   4.0299e-01   8.9377e+01   5.2505e+00   2.5863e-04   5.1621e-02   3.3690e+02
20261010_03:00:00   4.2657e-01   9.3460e+01   5.5542e+00   2.1859e-04   9.2257e-02   3.4202e+02
20261010_06:00:00   3.9137e-01   8.7250e+01   5.1608e+00   1.4960e-03   1.7767e-02   3.4070e+02
20261010_09:00:00   4.0693e-01   8.9883e+01   5.3200e+00   3.8878e-05   8.7626e-02   3.3494e+02
20261010_12:00:00   4.1288e-01   9.0700e+01   5.3062e+00   2.0800e-03   1.0827e-01   3.2648e+02
20261010_15:00:00   4.1445e-01   9.0914e+01   5.3593e+00   0.0000e+00   8.7505e-02   3.2402e+02
20261010_18:00:00   3.8400e-01   8.5552e+01   4.9786e+00   2.1240e-06   9.7562e-02   3.2563e+02
20261010_21:00:00   3.8991e-01   8.6651e+01   5.0213e+00   0.0000e+00   1.2280e-01   3.2371e+02
20261011_00:00:00   3.7263e-01   8.3570e+01   4.8676e+00   0.0000e+00   5.6871e-02   3.1677e+02
20261011_03:00:00   4.0884e-01   8.9986e+01   5.3195e+00   0.0000e+00   1.4776e-01   3.1040e+02
20261011_06:00:00   4.5030e-01   9.7272e+01   5.8452e+00   0.0000e+00   1.3761e-01   3.0513e+02
20261011_09:00:00   4.3526e-01   9.4866e+01   5.7036e+00   0.0000e+00   4.7563e-02   3.0115e+02
20261011_12:00:00   4.0899e-01   9.0475e+01   5.3924e+00   0.0000e+00   9.1207e-03   2.9447e+02
20261011_15:00:00   3.9120e-01   8.7574e+01   5.1517e+00   0.0000e+00   1.3807e-03   2.9391e+02
20261011_18:00:00   4.4640e-01   9.7109e+01   5.7835e+00   3.6560e-05   1.9091e-01   2.9332e+02
20261011_21:00:00   3.7845e-01   8.5212e+01   5.0703e+00   0.0000e+00   1.7114e-02   2.8593e+02
20261012_00:00:00   3.8580e-01   8.6071e+01   5.4009e+00   0.0000e+00   2.4750e-02   2.7460e+02
20261012_03:00:00   3.7228e-01   8.3241e+01   5.4267e+00   0.0000e+00   1.8848e-02   2.7937e+02
20261012_06:00:00   3.1742e-01   7.3067e+01   4.7218e+00   0.0000e+00   2.0945e-02   2.7687e+02
20261012_09:00:00   2.8623e-01   6.7161e+01   4.2907e+00   0.0000e+00   6.7034e-02   2.7850e+02
20261012_12:00:00   2.8296e-01   6.6609e+01   4.2916e+00   0.0000e+00   2.2442e-02   2.8047e+02
20261012_15:00:00   2.8096e-01   6.6356e+01   4.3133e+00   0.0000e+00   9.9313e-03   2.7744e+02
20261012_18:00:00   2.9293e-01   6.8756e+01   4.5300e+00   0.0000e+00   2.3305e-02   2.7562e+02
20261012_21:00:00   2.9945e-01   7.0200e+01   4.6554e+00   0.0000e+00   3.6612e-02   2.7290e+02
20261013_00:00:00   2.9681e-01   6.9795e+01   4.6182e+00   0.0000e+00   5.0152e-02   2.7682e+02
20261013_03:00:00   2.9899e-01   7.0200e+01   4.6325e+00   0.0000e+00   1.0171e-01   2.7745e+02
20261013_06:00:00   2.8692e-01   6.7882e+01   4.4543e+00   0.0000e+00   7.7507e-02   2.7588e+02
20261013_09:00:00   2.8079e-01   6.6674e+01   4.3688e+00   0.0000e+00   7.5191e-02   2.6767e+02
20261013_12:00:00   3.1452e-01   7.3020e+01   4.8906e+00   0.0000e+00   7.9195e-02   2.6892e+02
20261013_15:00:00   3.1840e-01   7.3653e+01   4.9652e+00   0.0000e+00   7.2539e-02   2.7414e+02
20261013_18:00:00   3.3436e-01   7.6681e+01   5.1897e+00   0.0000e+00   9.8256e-02   2.8195e+02
20261013_21:00:00   3.5808e-01   8.1015e+01   5.5421e+00   0.0000e+00   1.3858e-01   2.8431e+02
20261014_00:00:00   5.0046e-01   1.0538e+02   7.4581e+00   0.0000e+00   2.2298e-01   2.8437e+02
20261014_03:00:00   5.8158e-01   1.1798e+02   8.4320e+00   0.0000e+00   3.8299e-01   2.8292e+02
20261014_06:00:00   5.8946e-01   1.1943e+02   8.5368e+00   0.0000e+00   3.6223e-01   2.8910e+02
20261014_09:00:00   5.8067e-01   1.1839e+02   8.3984e+00   0.0000e+00   1.9721e-01   2.9721e+02
20261014_12:00:00   5.2939e-01   1.1066e+02   7.6263e+00   0.0000e+00   1.2200e-01   3.0304e+02
20261014_15:00:00   5.1566e-01   1.0854e+02   7.3779e+00   0.0000e+00   9.9517e-02   3.0974e+02
20261014_18:00:00   5.3430e-01   1.1151e+02   7.6377e+00   0.0000e+00   1.5816e-01   3.1825e+02
20261014_21:00:00   5.5908e-01   1.1537e+02   8.0209e+00   0.0000e+00   1.7020e-01   3.2045e+02
20261015_00:00:00   5.8291e-01   1.1886e+02   8.2641e+00   0.0000e+00   1.7380e-01   3.2416e+02
20261015_03:00:00   5.9225e-01   1.2011e+02   8.2527e+00   0.0000e+00   2.7783e-01   3.3511e+02
20261015_06:00:00   5.5834e-01   1.1510e+02   7.8544e+00   0.0000e+00   4.3704e-02   3.3781e+02
20261015_09:00:00   5.4695e-01   1.1322e+02   7.6338e+00   0.0000e+00   6.2815e-02   3.4107e+02
20261015_12:00:00   5.2357e-01   1.0971e+02   7.2477e+00   0.0000e+00   1.2267e-02   3.4759e+02
20261015_15:00:00   5.1669e-01   1.0860e+02   7.0819e+00   7.6260e-05   5.1905e-02   3.5769e+02
20261015_18:00:00   5.1542e-01   1.0823e+02   7.0659e+00   0.0000e+00   8.5582e-02   3.6049e+02
20261015_21:00:00   4.9978e-01   1.0558e+02   6.8100e+00   0.0000e+00   1.4876e-01   3.6815e+02
20261016_00:00:00   4.8947e-01   1.0400e+02   6.6491e+00   0.0000e+00   9.4697e-02   3.6908e+02
20261016_03:00:00   4.7438e-01   1.0156e+02   6.3970e+00   0.0000e+00   9.9785e-02   3.7337e+02
20261016_06:00:00   4.5234e-01   9.7959e+01   6.0830e+00   0.0000e+00   2.7581e-02   3.7453e+02
20261016_09:00:00   4.1413e-01   9.1508e+01   5.5538e+00   0.0000e+00   1.8602e-02   3.7658e+02
20261016_12:00:00   3.7824e-01   8.5231e+01   5.0358e+00   0.0000e+00   5.2845e-03   3.7549e+02
20261016_15:00:00   3.4865e-01   7.9904e+01   4.6001e+00   1.1154e-04   2.4170e-03   3.7695e+02
20261016_18:00:00   3.8105e-01   8.5563e+01   5.0234e+00   0.0000e+00   4.4392e-02   3.7875e+02
20261016_21:00:00   3.3457e-01   7.7097e+01   4.4042e+00   0.0000e+00   3.0687e-04   3.7974e+02
20261017_00:00:00   3.3424e-01   7.6956e+01   4.3918e+00   0.0000e+00   2.7802e-04   3.8396e+02
20261017_03:00:00   3.1758e-01   7.3754e+01   4.1645e+00   0.0000e+00   1.5358e-04   3.8546e+02
20261017_06:00:00   3.0780e-01   7.1837e+01   4.0362e+00   0.0000e+00   3.9229e-04   3.8890e+02
20261017_09:00:00   3.0855e-01   7.1881e+01   4.0674e+00   0.0000e+00   9.9893e-04   3.8910e+02
20261017_12:00:00   3.5871e-01   8.1098e+01   4.7188e+00   0.0000e+00   1.2705e-02   3.8967e+02
20261017_15:00:00   3.5876e-01   8.1121e+01   4.7063e+00   0.0000e+00   1.2368e-02   3.8722e+02
20261017_18:00:00   3.5848e-01   8.1022e+01   4.6888e+00   0.0000e+00   5.4308e-03   3.7832e+02
