#            date       tau255        Tb[K]      pwv[mm] lwp[kg*m^-2] iwp[kg*m^-2]       o3[DU]
20260908_00:00:00   4.5656e-01   1.0469e+02   8.6553e+00   0.0000e+00   0.0000e+00   3.0551e+02
20260908_01:00:00   4.7148e-01   1.0724e+02   8.8709e+00   0.0000e+00   0.0000e+00   3.0379e+02
20260908_02:00:00   4.7002e-01   1.0690e+02   8.8723e+00   0.0000e+00   0.0000e+00   3.0143e+02
20260908_03:00:00   4.7186e-01   1.0707e+02   8.9601e+00   0.0000e+00   0.0000e+00   2.9918e+02
20260908_04:00:00   4.9608e-01   1.1113e+02   9.3610e+00   0.0000e+00   0.0000e+00   2.9793e+02
20260908_05:00:00   5.1677e-01   1.1465e+02   9.6399e+00   0.0000e+00   0.0000e+00   2.9666e+02
20260908_06:00:00   5.2483e-01   1.1596e+02   9.7919e+00   0.0000e+00   0.0000e+00   2.9554e+02
20260908_07:00:00   4.9800e-01   1.1145e+02   9.4327e+00   0.0000e+00   0.0000e+00   2.9549e+02
20260908_08:00:00   4.9943e-01   1.1148e+02   9.5558e+00   0.0000e+00   0.0000e+00   2.9428e+02
20260908_09:00:00   5.2232e-01   1.1516e+02   9.9412e+00   0.0000e+00   0.0000e+00   2.9330e+02
20260908_10:00:00   5.5161e-01   1.1999e+02   1.0358e+01   0.0000e+00   0.0000e+00   2.9330e+02
20260908_11:00:00   5.8361e-01   1.2503e+02   1.0807e+01   3.4320e-05   1.5102e-05   2.9315e+02
20260908_12:00:00   6.5723e-01   1.3586e+02   1.1872e+01   2.1904e-03   2.7176e-04   2.9243e+02
20260908_13:00:00   8.5859e-01   1.6087e+02   1.2766e+01   6.5340e-02   9.7796e-03   2.9267e+02
20260908_14:00:00   6.8687e-01   1.3990e+02   1.2017e+01   1.0364e-02   1.3428e-02   2.9379e+02
20260908_15:00:00   7.2517e-01   1.4493e+02   1.2095e+01   2.2300e-02   9.9019e-03   2.9258e+02
20260908_16:00:00   6.4665e-01   1.3430e+02   1.1322e+01   9.8884e-03   3.1099e-03   2.9428e+02
20260908_17:00:00   5.7765e-01   1.2408e+02   1.0614e+01   1.4236e-03   1.3665e-03   2.9462e+02
20260908_18:00:00   6.5263e-01   1.3469e+02   1.2119e+01   1.0288e-03   1.5251e-02   2.9288e+02
20260908_19:00:00   1.2862e+00   1.9942e+02   1.6742e+01   1.4538e-01   8.1261e-01   2.8832e+02
20260908_20:00:00   1.0358e+00   1.7849e+02   1.5327e+01   7.8051e-02   2.6901e-01   2.8902e+02
20260908_21:00:00   2.6359e+00   2.5530e+02   1.5508e+01   7.3725e-01   1.8830e-01   2.8997e+02
20260908_22:00:00   1.6111e+00   2.2018e+02   1.6362e+01   2.9533e-01   3.1627e-01   2.9053e+02
20260908_23:00:00   1.8688e+00   2.3293e+02   1.7051e+01   3.7935e-01   2.3330e-01   2.9050e+02
20260909_00:00:00   1.3629e+00   2.0499e+02   1.6339e+01   1.9068e-01   6.1336e-01   2.9017e+02
20260909_01:00:00   8.3013e-01   1.5603e+02   1.5347e+01   7.4838e-05   1.5855e-01   2.9029e+02
20260909_02:00:00   1.0560e+00   1.7962e+02   1.6421e+01   5.7940e-02   3.9954e-01   2.9022e+02
20260909_03:00:00   1.9774e+00   2.3616e+02   1.6822e+01   4.2992e-01   7.0804e-01   2.8949e+02
20260909_04:00:00   1.4235e+00   2.0874e+02   1.6526e+01   2.0347e-01   2.5581e-01   2.8966e+02
20260909_05:00:00   1.0514e+00   1.7869e+02   1.5477e+01   8.3071e-02   3.1050e-01   2.9031e+02
20260909_06:00:00   1.5786e+00   2.1774e+02   1.5867e+01   2.8867e-01   4.4096e-01   2.9116e+02
20260909_07:00:00   2.3312e+00   2.4757e+02   1.5903e+01   5.9670e-01   4.9767e-01   2.9148e+02
20260909_08:00:00   1.6377e+00   2.2071e+02   1.5586e+01   3.1759e-01   5.3505e-01   2.9052e+02
20260909_09:00:00   1.1485e+00   1.8747e+02   1.5167e+01   1.2450e-01   3.8650e-01   2.9017e+02
20260909_10:00:00   1.4611e+00   2.1061e+02   1.5069e+01   2.5821e-01   1.5261e-01   2.9017e+02
20260909_11:00:00   1.2969e+00   1.9931e+02   1.4875e+01   1.9400e-01   2.0084e-01   2.9173e+02
20260909_12:00:00   9.8917e-01   1.7224e+02   1.4693e+01   7.0716e-02   3.8994e-01   2.9524e+02
20260909_13:00:00   7.9759e-01   1.5078e+02   1.4301e+01   5.8338e-03   1.8005e-01   2.9857e+02
20260909_14:00:00   8.1343e-01   1.5301e+02   1.3602e+01   3.0977e-02   1.4181e-01   3.0059e+02
20260909_15:00:00   7.6494e-01   1.4731e+02   1.3004e+01   2.2443e-02   4.1211e-02   3.0148e+02
20260909_16:00:00   7.5523e-01   1.4622e+02   1.2652e+01   2.4490e-02   1.9839e-02   3.0250e+02
20260909_17:00:00   9.1142e-01   1.6479e+02   1.1737e+01   1.0653e-01   1.2244e-02   3.0333e+02
20260909_18:00:00   9.2768e-01   1.6661e+02   1.1133e+01   1.2662e-01   5.0976e-03   3.0425e+02
20260909_19:00:00   7.5257e-01   1.4638e+02   1.0245e+01   7.4280e-02   6.3758e-03   3.0592e+02
20260909_20:00:00   5.8736e-01   1.2366e+02   9.3266e+00   2.8160e-02   8.4001e-03   3.0816e+02
20260909_21:00:00   4.4546e-01   1.0131e+02   7.9451e+00   1.1540e-04   1.4307e-03   3.1119e+02
20260909_22:00:00   4.6013e-01   1.0363e+02   8.2843e+00   5.3930e-05   5.3529e-03   3.1168e+02
20260909_23:00:00   4.2407e-01   9.7359e+01   7.7202e+00   1.3910e-06   6.6302e-03   3.1228e+02
20260910_00:00:00   4.1867e-01   9.6389e+01   7.5551e+00   0.0000e+00   5.9374e-03   3.1214e+02
20260910_01:00:00   4.4228e-01   1.0022e+02   7.9984e+00   0.0000e+00   3.2848e-02   3.1143e+02
20260910_02:00:00   4.2513e-01   9.7159e+01   7.7771e+00   0.0000e+00   1.9813e-02   3.1368e+02
20260910_03:00:00   4.1391e-01   9.5212e+01   7.5913e+00   0.0000e+00   5.8696e-03   3.1692e+02
20260910_04:00:00   3.9252e-01   9.1448e+01   7.1802e+00   0.0000e+00   6.3308e-03   3.2054e+02
20260910_05:00:00   3.8232e-01   8.9647e+01   6.9417e+00   0.0000e+00   2.9718e-03   3.2359e+02
20260910_06:00:00   3.7319e-01   8.8047e+01   6.7459e+00   0.0000e+00   1.0397e-03   3.2584e+02
20260910_07:00:00   3.7868e-01   8.9069e+01   6.8367e+00   0.0000e+00   2.4127e-04   3.2904e+02
20260910_08:00:00   3.6768e-01   8.7001e+01   6.7251e+00   0.0000e+00   4.4580e-05   3.3171e+02
20260910_09:00:00   3.5420e-01   8.4512e+01   6.5376e+00   0.0000e+00   0.0000e+00   3.3274e+02
20260910_10:00:00   3.6260e-01   8.6110e+01   6.6518e+00   0.0000e+00   0.0000e+00   3.3362e+02
20260910_11:00:00   3.7806e-01   8.9063e+01   6.8651e+00   0.0000e+00   0.0000e+00   3.3423e+02
20260910_12:00:00   4.6440e-01   1.0417e+02   8.0410e+00   5.5729e-03   0.0000e+00   3.3418e+02
20260910_13:00:00   6.0048e-01   1.2584e+02   8.6958e+00   4.4635e-02   2.7212e-05   3.3468e+02
20260910_14:00:00   5.5079e-01   1.1811e+02   8.9111e+00   2.0131e-02   1.0409e-03   3.3502e+02
20260910_15:00:00   7.5328e-01   1.4676e+02   8.9661e+00   1.0535e-01   4.3975e-03   3.3337e+02
20260910_16:00:00   7.3424e-01   1.4338e+02   1.0535e+01   6.3312e-02   9.9389e-03   3.3213e+02
20260910_17:00:00   5.6789e-01   1.2006e+02   1.0359e+01   9.3300e-04   1.2922e-02   3.3173e+02
20260910_18:00:00   5.6107e-01   1.1899e+02   1.0332e+01   0.0000e+00   1.1613e-02   3.3223e+02
20260910_19:00:00   5.5846e-01   1.1866e+02   1.0210e+01   1.2182e-03   6.2306e-03   3.3228e+02
20260910_20:00:00   5.3816e-01   1.1567e+02   9.8359e+00   1.7828e-05   2.4842e-02   3.3228e+02
20260910_21:00:00   5.3139e-01   1.1471e+02   9.6572e+00   0.0000e+00   6.3900e-03   3.3240e+02
20260910_22:00:00   5.2119e-01   1.1314e+02   9.4721e+00   0.0000e+00   1.2964e-03   3.3030e+02
20260910_23:00:00   5.0456e-01   1.1055e+02   9.1791e+00   0.0000e+00   2.3780e-06   3.2623e+02
20260911_00:00:00   4.5664e-01   1.0275e+02   8.3630e+00   0.0000e+00   0.0000e+00   3.2165e+02
20260911_01:00:00   4.0335e-01   9.3539e+01   7.4364e+00   0.0000e+00   0.0000e+00   3.1519e+02
20260911_02:00:00   3.2879e-01   7.9858e+01   6.1027e+00   0.0000e+00   0.0000e+00   3.0851e+02
20260911_03:00:00   2.7368e-01   6.9078e+01   5.0779e+00   0.0000e+00   0.0000e+00   3.0538e+02
20260911_04:00:00   2.3435e-01   6.0885e+01   4.4138e+00   0.0000e+00   0.0000e+00   3.0607e+02
20260911_05:00:00   2.3883e-01   6.1727e+01   4.5235e+00   0.0000e+00   0.0000e+00   3.0650e+02
20260911_06:00:00   2.1282e-01   5.6150e+01   4.0730e+00   0.0000e+00   0.0000e+00   3.0773e+02
20260911_07:00:00   1.9470e-01   5.2131e+01   3.7300e+00   0.0000e+00   0.0000e+00   3.0837e+02
20260911_08:00:00   1.6021e-01   4.4361e+01   3.0714e+00   0.0000e+00   3.5905e-05   3.0957e+02
20260911_09:00:00   1.4933e-01   4.1560e+01   2.9303e+00   0.0000e+00   5.3261e-03   3.1046e+02
20260911_10:00:00   1.5443e-01   4.2476e+01   3.0642e+00   0.0000e+00   2.1819e-02   3.1188e+02
20260911_11:00:00   1.7756e-01   4.7530e+01   3.5663e+00   0.0000e+00   8.7996e-03   3.1315e+02
20260911_12:00:00   1.7616e-01   4.7167e+01   3.5576e+00   0.0000e+00   1.1544e-03   3.1647e+02
20260911_13:00:00   1.8276e-01   4.8711e+01   3.6784e+00   0.0000e+00   1.6640e-05   3.1772e+02
20260911_14:00:00   1.9067e-01   5.0595e+01   3.8166e+00   0.0000e+00   0.0000e+00   3.1947e+02
20260911_15:00:00   1.9968e-01   5.2686e+01   3.9944e+00   0.0000e+00   0.0000e+00   3.1992e+02
20260911_16:00:00   2.1605e-01   5.6289e+01   4.3624e+00   0.0000e+00   0.0000e+00   3.2041e+02
20260911_17:00:00   2.1381e-01   5.6065e+01   4.2810e+00   0.0000e+00   0.0000e+00   3.1877e+02
20260911_18:00:00   2.0155e-01   5.3621e+01   3.9912e+00   0.0000e+00   0.0000e+00   3.1627e+02
20260911_19:00:00   2.0985e-01   5.5547e+01   4.1311e+00   0.0000e+00   0.0000e+00   3.1620e+02
20260911_20:00:00   2.1182e-01   5.6082e+01   4.1589e+00   0.0000e+00   0.0000e+00   3.1545e+02
20260911_21:00:00   2.1032e-01   5.5775e+01   4.1420e+00   0.0000e+00   1.3468e-04   3.1362e+02
20260911_22:00:00   2.0870e-01   5.5367e+01   4.1313e+00   0.0000e+00   1.6988e-03   3.1301e+02
20260911_23:00:00   2.0708e-01   5.4982e+01   4.1082e+00   0.0000e+00   1.9212e-03   3.1457e+02
20260912_00:00:00   2.1131e-01   5.5918e+01   4.1870e+00   0.0000e+00   5.5999e-03   3.1473e+02
20260912_01:00:00   2.1717e-01   5.7175e+01   4.2837e+00   0.0000e+00   2.9985e-03   3.1684e+02
20260912_02:00:00   2.1932e-01   5.7601e+01   4.3087e+00   0.0000e+00   2.7258e-03   3.1655e+02
20260912_03:00:00   2.1938e-01   5.7572e+01   4.2908e+00   0.0000e+00   1.8900e-03   3.1787e+02
20260912_04:00:00   2.1442e-01   5.6486e+01   4.1823e+00   0.0000e+00   3.4427e-04   3.1686e+02
20260912_05:00:00   2.0852e-01   5.5171e+01   4.0580e+00   0.0000e+00   5.3440e-05   3.1664e+02
20260912_06:00:00   2.0717e-01   5.4825e+01   4.0293e+00   0.0000e+00   0.0000e+00   3.1869e+02
20260912_07:00:00   2.0521e-01   5.4345e+01   4.0087e+00   0.0000e+00   2.1899e-04   3.2015e+02
20260912_08:00:00   2.0540e-01   5.4380e+01   4.0101e+00   0.0000e+00   3.4744e-04   3.2095e+02
20260912_09:00:00   2.0281e-01   5.3867e+01   3.9410e+00   0.0000e+00   0.0000e+00   3.1908e+02
20260912_10:00:00   1.9602e-01   5.2482e+01   3.7770e+00   0.0000e+00   0.0000e+00   3.1959e+02
20260912_11:00:00   2.0631e-01   5.4830e+01   3.9167e+00   0.0000e+00   0.0000e+00   3.2177e+02
20260912_12:00:00   2.1531e-01   5.6860e+01   4.0563e+00   0.0000e+00   0.0000e+00   3.2336e+02
20260912_13:00:00   2.3042e-01   6.0212e+01   4.3007e+00   0.0000e+00   0.0000e+00   3.2341e+02
20260912_14:00:00   2.5589e-01   6.5707e+01   4.6854e+00   2.4850e-05   0.0000e+00   3.2011e+02
20260912_15:00:00   2.6341e-01   6.7369e+01   4.7834e+00   1.4198e-05   0.0000e+00   3.1685e+02
20260912_16:00:00   2.6424e-01   6.7625e+01   4.7902e+00   1.4194e-05   0.0000e+00   3.1414e+02
20260912_17:00:00   2.5622e-01   6.6045e+01   4.6653e+00   0.0000e+00   0.0000e+00   3.1160e+02
20260912_18:00:00   2.5772e-01   6.6434e+01   4.6690e+00   0.0000e+00   0.0000e+00   3.1002e+02
20260912_19:00:00   2.6126e-01   6.7177e+01   4.7224e+00   0.0000e+00   0.0000e+00   3.0766e+02
20260912_20:00:00   2.4991e-01   6.4769e+01   4.5761e+00   0.0000e+00   0.0000e+00   3.0593e+02
20260912_21:00:00   2.2805e-01   6.0012e+01   4.3007e+00   0.0000e+00   0.0000e+00   3.0389e+02
20260912_22:00:00   2.1889e-01   5.8021e+01   4.1683e+00   0.0000e+00   0.0000e+00   3.0357e+02
20260912_23:00:00   2.2230e-01   5.8639e+01   4.2904e+00   0.0000e+00   0.0000e+00   3.0224e+02
20260913_00:00:00   2.2048e-01   5.8162e+01   4.3154e+00   0.0000e+00   0.0000e+00   3.0104e+02
20260913_03:00:00   2.0354e-01   5.4238e+01   4.1335e+00   0.0000e+00   0.0000e+00   2.9920e+02
20260913_06:00:00   1.9951e-01   5.2881e+01   4.2674e+00   0.0000e+00   9.0980e-04   2.9777e+02
20260913_09:00:00   2.2141e-01   5.7152e+01   4.8510e+00   0.0000e+00   7.2634e-03   3.0033e+02
20260913_12:00:00   2.4473e-01   6.2353e+01   5.2040e+00   0.0000e+00   6.9305e-03   3.0133e+02
20260913_15:00:00   3.2932e-01   7.8650e+01   7.0038e+00   0.0000e+00   1.2664e-01   3.0252e+02
20260913_18:00:00   4.4463e-01   9.9726e+01   9.1150e+00   0.0000e+00   4.6174e-02   3.1176e+02
20260913_21:00:00   4.6391e-01   1.0519e+02   8.4228e+00   0.0000e+00   0.0000e+00   3.1549e+02
20260914_00:00:00   3.3822e-01   8.2494e+01   6.1847e+00   0.0000e+00   0.0000e+00   3.0704e+02
20260914_03:00:00   2.7675e-01   7.0055e+01   5.2149e+00   0.0000e+00   0.0000e+00   3.0221e+02
20260914_06:00:00   2.9524e-01   7.3491e+01   5.6620e+00   0.0000e+00   0.0000e+00   3.0218e+02
20260914_09:00:00   3.2344e-01   7.9065e+01   6.1385e+00   0.0000e+00   0.0000e+00   3.0184e+02
20260914_12:00:00   3.3518e-01   8.1744e+01   6.0670e+00   1.3844e-05   0.0000e+00   3.0062e+02
20260914_15:00:00   3.8240e-01   9.0983e+01   6.6782e+00   5.4570e-04   1.8518e-05   2.9453e+02
20260914_18:00:00   3.4648e-01   8.4223e+01   6.3843e+00   0.0000e+00   2.3196e-05   2.9007e+02
20260914_21:00:00   2.8365e-01   7.1692e+01   5.3861e+00   0.0000e+00   1.4078e-04   2.8857e+02
20260915_00:00:00   2.7343e-01   6.9393e+01   5.3666e+00   0.0000e+00   0.0000e+00   2.8498e+02
20260915_03:00:00   2.8296e-01   7.1307e+01   5.7258e+00   0.0000e+00   0.0000e+00   2.8528e+02
20260915_06:00:00   2.6712e-01   6.7980e+01   5.5774e+00   0.0000e+00   0.0000e+00   2.8509e+02
20260915_09:00:00   2.6624e-01   6.7808e+01   5.5983e+00   0.0000e+00   9.7640e-04   2.8306e+02
20260915_12:00:00   3.6607e-01   8.7668e+01   7.4599e+00   0.0000e+00   5.9480e-04   2.8070e+02
20260915_15:00:00   4.7387e-01   1.0690e+02   9.4189e+00   3.4320e-06   0.0000e+00   2.8189e+02
20260915_18:00:00   3.7949e-01   9.0788e+01   7.5598e+00   0.0000e+00   0.0000e+00   2.8381e+02
20260915_21:00:00   3.0878e-01   7.7226e+01   6.2593e+00   0.0000e+00   0.0000e+00   2.8369e+02
20260916_00:00:00   2.5057e-01   6.5444e+01   4.9793e+00   0.0000e+00   0.0000e+00   2.8468e+02
20260916_03:00:00   2.5036e-01   6.5017e+01   5.1634e+00   0.0000e+00   0.0000e+00   2.8293e+02
20260916_06:00:00   2.4772e-01   6.4415e+01   5.1152e+00   0.0000e+00   0.0000e+00   2.8379e+02
20260916_09:00:00   2.9376e-01   7.3968e+01   5.9605e+00   0.0000e+00   0.0000e+00   2.8328e+02
20260916_12:00:00   3.6052e-01   8.7000e+01   7.0638e+00   0.0000e+00   0.0000e+00   2.8304e+02
20260916_15:00:00   4.3848e-01   1.0072e+02   8.5975e+00   0.0000e+00   0.0000e+00   2.8467e+02
20260916_18:00:00   3.8172e-01   9.0463e+01   7.3804e+00   0.0000e+00   0.0000e+00   2.8444e+02
20260916_21:00:00   3.1037e-01   7.6643e+01   5.9815e+00   0.0000e+00   0.0000e+00   2.8741e+02
20260917_00:00:00   3.2535e-01   7.9064e+01   6.2815e+00   0.0000e+00   0.0000e+00   2.9493e+02
20260917_03:00:00   1.4680e-01   4.1767e+01   2.6977e+00   0.0000e+00   0.0000e+00   3.0205e+02
20260917_06:00:00   8.7756e-02   2.7310e+01   1.5896e+00   0.0000e+00   0.0000e+00   2.9429e+02
20260917_09:00:00   9.8254e-02   2.9452e+01   1.9234e+00   0.0000e+00   0.0000e+00   2.8676e+02
20260917_12:00:00   1.5359e-01   4.2752e+01   3.0417e+00   0.0000e+00   0.0000e+00   2.8823e+02
20260917_15:00:00   1.8081e-01   4.9313e+01   3.5030e+00   0.0000e+00   0.0000e+00   2.8711e+02
20260917_18:00:00   2.0103e-01   5.3968e+01   3.8738e+00   0.0000e+00   0.0000e+00   2.8339e+02
20260917_21:00:00   1.9552e-01   5.2509e+01   3.9197e+00   0.0000e+00   1.6070e-04   2.8476e+02
20260918_00:00:00   2.0093e-01   5.3381e+01   4.1517e+00   0.0000e+00   9.1500e-04   2.8623e+02
20260918_03:00:00   2.2432e-01   5.8268e+01   4.6859e+00   0.0000e+00   7.1568e-05   2.8727e+02
20260918_06:00:00   2.2799e-01   5.9147e+01   4.7668e+00   0.0000e+00   0.0000e+00   2.8628e+02
20260918_09:00:00   2.3711e-01   6.1050e+01   4.9374e+00   0.0000e+00   5.4660e-06   2.8390e+02
20260918_12:00:00   3.1092e-01   7.6486e+01   6.0881e+00   0.0000e+00   0.0000e+00   2.8641e+02
20260918_15:00:00   5.7336e-01   1.2270e+02   7.9990e+00   5.2906e-02   2.3780e-06   2.8584e+02
20260918_18:00:00   4.8479e-01   1.0868e+02   7.4088e+00   2.9714e-02   0.0000e+00   2.8293e+02
20260918_21:00:00   3.2330e-01   7.9314e+01   6.1433e+00   5.4750e-06   0.0000e+00   2.8214e+02
20260919_00:00:00   2.8937e-01   7.2481e+01   5.6070e+00   0.0000e+00   0.0000e+00   2.8005e+02
20260919_03:00:00   2.6671e-01   6.7743e+01   5.2332e+00   0.0000e+00   0.0000e+00   2.8142e+02
20260919_06:00:00   2.5238e-01   6.4586e+01   5.0298e+00   0.0000e+00   1.3730e-05   2.8082e+02
20260919_09:00:00   2.4903e-01   6.3819e+01   4.9725e+00   0.0000e+00   0.0000e+00   2.8129e+02
20260919_12:00:00   3.1922e-01   7.8135e+01   6.0315e+00   0.0000e+00   3.9814e-03   2.7990e+02
20260919_15:00:00   4.0977e-01   9.5183e+01   7.1200e+00   5.9000e-03   3.2307e-02   2.8092e+02
20260919_18:00:00   3.2151e-01   7.8126e+01   6.2204e+00   0.0000e+00   1.1383e-02   2.8258e+02
20260919_21:00:00   2.6266e-01   6.6093e+01   5.2843e+00   0.0000e+00   5.9094e-03   2.8446e+02
20260920_00:00:00   2.3597e-01   6.0341e+01   4.8928e+00   0.0000e+00   9.5370e-05   2.7799e+02
20260920_03:00:00   2.3787e-01   6.0923e+01   4.9220e+00   0.0000e+00   1.4194e-05   2.7540e+02
20260920_06:00:00   1.9913e-01   5.3143e+01   4.0161e+00   0.0000e+00   0.0000e+00   2.7958e+02
20260920_09:00:00   1.8764e-01   5.0734e+01   3.7856e+00   0.0000e+00   2.4660e-05   2.8055e+02
20260920_12:00:00   2.2998e-01   6.0032e+01   4.6231e+00   0.0000e+00   1.0970e-03   2.8517e+02
20260920_15:00:00   2.4778e-01   6.3194e+01   5.2471e+00   0.0000e+00   1.7817e-03   2.8026e+02
20260920_18:00:00   3.0355e-01   7.4421e+01   6.5448e+00   0.0000e+00   1.5924e-04   2.7493e+02
20260920_21:00:00   3.5417e-01   8.4678e+01   7.4428e+00   0.0000e+00   1.1886e-04   2.7226e+02
20260921_00:00:00   3.4908e-01   8.4047e+01   7.1321e+00   0.0000e+00   6.5659e-04   2.7228e+02
20260921_03:00:00   3.0855e-01   7.6594e+01   5.8536e+00   0.0000e+00   9.3241e-04   2.7399e+02
20260921_06:00:00   2.9185e-01   7.3059e+01   5.5132e+00   0.0000e+00   6.5552e-04   2.7605e+02
20260921_09:00:00   2.7256e-01   6.9111e+01   5.1933e+00   0.0000e+00   2.0017e-04   2.7625e+02
20260921_12:00:00   2.9691e-01   7.4077e+01   5.5942e+00   0.0000e+00   1.1996e-04   2.8047e+02
20260921_15:00:00   3.5348e-01   8.5199e+01   6.4872e+00   6.8640e-06   8.4633e-05   2.8383e+02
20260921_18:00:00   2.7651e-01   6.9789e+01   5.3575e+00   0.0000e+00   3.1120e-04   2.8689e+02
20260921_21:00:00   1.8477e-01   4.9634e+01   3.8631e+00   0.0000e+00   3.8919e-04   2.8793e+02
20260922_00:00:00   1.5741e-01   4.3298e+01   3.3063e+00   0.0000e+00   9.4681e-04   2.8786e+02
20260922_03:00:00   1.4797e-01   4.0706e+01   3.1955e+00   0.0000e+00   1.0045e-02   2.8850e+02
20260922_06:00:00   1.6076e-01   4.3409e+01   3.4847e+00   0.0000e+00   1.0901e-03   2.9402e+02
20260922_09:00:00   2.1209e-01   5.4606e+01   4.6039e+00   0.0000e+00   4.8211e-03   2.9201e+02
20260922_12:00:00   2.3459e-01   5.9763e+01   4.9694e+00   0.0000e+00   8.3820e-05   2.9331e+02
20260922_15:00:00   2.5372e-01   6.4609e+01   5.1403e+00   0.0000e+00   0.0000e+00   2.9439e+02
20260922_18:00:00   2.6943e-01   6.8339e+01   5.2979e+00   0.0000e+00   0.0000e+00   2.9410e+02
20260922_21:00:00   2.2836e-01   5.9858e+01   4.4748e+00   0.0000e+00   0.0000e+00   2.9833e+02
20260923_00:00:00   2.4454e-01   6.3196e+01   4.8393e+00   0.0000e+00   0.0000e+00   3.0073e+02
20260923_03:00:00   1.1983e-01   3.4967e+01   2.3732e+00   0.0000e+00   0.0000e+00   3.0393e+02
20260923_06:00:00   1.3422e-01   3.8442e+01   2.7168e+00   0.0000e+00   0.0000e+00   3.0835e+02
20260923_09:00:00   1.4676e-01   4.1567e+01   2.9396e+00   0.0000e+00   0.0000e+00   3.0404e+02
20260923_12:00:00   1.5851e-01   4.4315e+01   3.1667e+00   0.0000e+00   0.0000e+00   3.0495e+02
20260923_15:00:00   2.1345e-01   5.6492e+01   4.3605e+00   0.0000e+00   0.0000e+00   3.0620e+02
20260923_18:00:00   2.2295e-01   5.8350e+01   4.5915e+00   0.0000e+00   0.0000e+00   3.0402e+02
20260923_21:00:00   2.5069e-01   6.3981e+01   5.1547e+00   0.0000e+00   0.0000e+00   3.0297e+02
20260924_00:00:00   2.6871e-01   6.7263e+01   5.4986e+00   0.0000e+00   0.0000e+00   3.0367e+02
