#            date       tau255        Tb[K]      pwv[mm] lwp[kg*m^-2] iwp[kg*m^-2]       o3[DU]
20260910_12:00:00   3.1045e-01   7.5845e+01   5.6683e+00   0.0000e+00   0.0000e+00   3.3459e+02
20260910_13:00:00   2.9640e-01   7.3067e+01   5.4857e+00   1.4550e-04   4.3720e-06   3.3383e+02
20260910_14:00:00   2.7280e-01   6.8358e+01   5.1340e+00   6.7030e-05   0.0000e+00   3.3322e+02
20260910_15:00:00   2.5296e-01   6.4450e+01   4.7375e+00   1.5870e-04   0.0000e+00   3.3030e+02
20260910_16:00:00   2.3464e-01   6.0782e+01   4.3656e+00   2.5070e-04   0.0000e+00   3.2809e+02
20260910_17:00:00   2.2447e-01   5.8744e+01   4.1756e+00   0.0000e+00   0.0000e+00   3.2632e+02
20260910_18:00:00   2.2371e-01   5.8697e+01   4.1535e+00   0.0000e+00   0.0000e+00   3.2247e+02
20260910_19:00:00   2.1451e-01   5.6875e+01   3.9697e+00   0.0000e+00   0.0000e+00   3.1887e+02
20260910_20:00:00   1.7303e-01   4.7843e+01   3.1281e+00   0.0000e+00   0.0000e+00   3.1658e+02
20260910_21:00:00   1.4692e-01   4.1879e+01   2.5798e+00   0.0000e+00   0.0000e+00   3.1348e+02
20260910_22:00:00   1.3866e-01   3.9923e+01   2.4249e+00   0.0000e+00   0.0000e+00   3.1219e+02
20260910_23:00:00   1.2138e-01   3.5698e+01   2.1515e+00   0.0000e+00   0.0000e+00   3.0576e+02
20260911_00:00:00   1.0798e-01   3.2375e+01   1.9155e+00   0.0000e+00   0.0000e+00   3.0566e+02
20260911_01:00:00   8.8566e-02   2.7526e+01   1.5580e+00   0.0000e+00   0.0000e+00   3.0765e+02
20260911_02:00:00   8.2794e-02   2.5907e+01   1.4978e+00   0.0000e+00   0.0000e+00   3.0569e+02
20260911_03:00:00   8.1888e-02   2.5355e+01   1.5819e+00   0.0000e+00   2.9720e-05   3.0499e+02
20260911_04:00:00   8.5204e-02   2.5941e+01   1.7216e+00   0.0000e+00   1.9730e-05   3.0307e+02
20260911_05:00:00   1.0694e-01   3.0858e+01   2.3010e+00   0.0000e+00   9.1265e-04   3.0082e+02
20260911_06:00:00   1.3018e-01   3.6187e+01   2.8674e+00   0.0000e+00   1.6068e-03   2.9982e+02
20260911_07:00:00   1.6705e-01   4.4527e+01   3.6849e+00   0.0000e+00   2.5842e-02   2.9880e+02
20260911_08:00:00   2.2158e-01   5.6113e+01   4.8188e+00   0.0000e+00   1.5098e-01   2.9952e+02
20260911_09:00:00   2.4057e-01   6.0043e+01   5.1736e+00   0.0000e+00   1.9437e-01   3.0145e+02
20260911_10:00:00   2.5123e-01   6.2289e+01   5.4016e+00   0.0000e+00   8.1251e-02   3.0698e+02
20260911_11:00:00   2.2757e-01   5.7864e+01   4.8134e+00   0.0000e+00   2.2899e-04   3.1261e+02
20260911_12:00:00   2.2343e-01   5.7229e+01   4.6707e+00   0.0000e+00   0.0000e+00   3.1571e+02
20260911_13:00:00   2.2798e-01   5.8545e+01   4.7033e+00   0.0000e+00   0.0000e+00   3.1656e+02
20260911_14:00:00   2.3164e-01   5.9584e+01   4.7294e+00   0.0000e+00   0.0000e+00   3.1550e+02
20260911_15:00:00   2.2953e-01   5.9402e+01   4.6195e+00   0.0000e+00   0.0000e+00   3.1469e+02
20260911_16:00:00   2.2876e-01   5.9400e+01   4.5772e+00   0.0000e+00   0.0000e+00   3.1243e+02
20260911_17:00:00   2.3324e-01   6.0478e+01   4.6376e+00   0.0000e+00   0.0000e+00   3.1078e+02
20260911_18:00:00   2.3877e-01   6.1728e+01   4.7286e+00   0.0000e+00   0.0000e+00   3.0866e+02
20260911_19:00:00   2.3567e-01   6.1138e+01   4.6580e+00   0.0000e+00   0.0000e+00   3.0821e+02
20260911_20:00:00   2.2471e-01   5.8809e+01   4.4454e+00   0.0000e+00   0.0000e+00   3.0910e+02
20260911_21:00:00   2.1556e-01   5.6850e+01   4.2590e+00   0.0000e+00   0.0000e+00   3.1121e+02
20260911_22:00:00   2.0875e-01   5.5382e+01   4.1304e+00   0.0000e+00   8.6840e-04   3.1251e+02
20260911_23:00:00   2.0837e-01   5.5257e+01   4.1320e+00   0.0000e+00   8.5755e-04   3.1341e+02
20260912_00:00:00   2.0386e-01   5.4272e+01   4.0435e+00   0.0000e+00   7.2750e-04   3.1511e+02
20260912_01:00:00   2.0283e-01   5.4012e+01   4.0238e+00   0.0000e+00   5.9172e-04   3.1606e+02
20260912_02:00:00   2.0291e-01   5.4019e+01   4.0255e+00   0.0000e+00   7.1020e-05   3.1703e+02
20260912_03:00:00   2.0178e-01   5.3774e+01   3.9878e+00   0.0000e+00   6.4920e-06   3.1697e+02
20260912_04:00:00   2.0109e-01   5.3665e+01   3.9460e+00   0.0000e+00   0.0000e+00   3.1581e+02
20260912_05:00:00   1.9646e-01   5.2714e+01   3.8275e+00   0.0000e+00   0.0000e+00   3.1245e+02
20260912_06:00:00   1.8969e-01   5.1258e+01   3.6877e+00   0.0000e+00   0.0000e+00   3.1029e+02
20260912_07:00:00   1.8283e-01   4.9749e+01   3.5531e+00   0.0000e+00   0.0000e+00   3.1090e+02
20260912_08:00:00   1.7940e-01   4.8995e+01   3.4778e+00   0.0000e+00   0.0000e+00   3.1040e+02
20260912_09:00:00   1.7118e-01   4.7167e+01   3.3189e+00   0.0000e+00   0.0000e+00   3.0920e+02
20260912_10:00:00   1.6763e-01   4.6417e+01   3.2426e+00   0.0000e+00   0.0000e+00   3.0962e+02
20260912_11:00:00   1.7484e-01   4.8075e+01   3.3695e+00   0.0000e+00   0.0000e+00   3.0949e+02
20260912_12:00:00   1.9088e-01   5.1745e+01   3.6500e+00   0.0000e+00   0.0000e+00   3.0895e+02
20260912_13:00:00   2.0892e-01   5.5831e+01   3.9498e+00   0.0000e+00   0.0000e+00   3.0619e+02
20260912_14:00:00   2.3275e-01   6.1063e+01   4.3502e+00   0.0000e+00   0.0000e+00   3.0290e+02
20260912_15:00:00   2.3592e-01   6.1806e+01   4.4055e+00   0.0000e+00   0.0000e+00   3.0218e+02
20260912_16:00:00   2.3761e-01   6.2224e+01   4.4439e+00   0.0000e+00   0.0000e+00   3.0191e+02
20260912_17:00:00   2.3042e-01   6.0685e+01   4.3476e+00   0.0000e+00   0.0000e+00   3.0037e+02
20260912_18:00:00   2.2634e-01   5.9795e+01   4.2888e+00   0.0000e+00   2.2620e-05   2.9861e+02
20260912_19:00:00   2.1756e-01   5.7883e+01   4.1302e+00   0.0000e+00   0.0000e+00   2.9663e+02
20260912_20:00:00   2.0258e-01   5.4485e+01   3.9174e+00   0.0000e+00   2.6280e-04   2.9490e+02
20260912_21:00:00   1.9252e-01   5.2018e+01   3.8208e+00   0.0000e+00   2.2563e-03   2.9338e+02
20260912_22:00:00   1.9212e-01   5.1702e+01   3.8991e+00   0.0000e+00   3.4767e-03   2.9289e+02
20260912_23:00:00   1.9461e-01   5.2009e+01   4.0484e+00   0.0000e+00   1.4396e-04   2.9270e+02
20260913_00:00:00   1.9692e-01   5.2324e+01   4.1717e+00   0.0000e+00   6.1499e-05   2.9172e+02
20260913_01:00:00   1.8723e-01   5.0142e+01   3.9947e+00   0.0000e+00   2.5720e-05   2.9153e+02
20260913_02:00:00   1.8540e-01   4.9635e+01   3.9918e+00   0.0000e+00   2.0784e-03   2.9108e+02
20260913_03:00:00   1.8429e-01   4.9290e+01   4.0031e+00   0.0000e+00   2.6617e-03   2.9093e+02
20260913_04:00:00   1.8112e-01   4.8667e+01   3.9109e+00   0.0000e+00   8.0121e-04   2.8968e+02
20260913_05:00:00   1.7134e-01   4.6559e+01   3.6831e+00   0.0000e+00   2.9075e-04   2.9231e+02
20260913_06:00:00   1.6248e-01   4.4622e+01   3.4793e+00   0.0000e+00   1.0058e-04   2.9576e+02
20260913_07:00:00   1.5736e-01   4.3415e+01   3.3801e+00   0.0000e+00   0.0000e+00   2.9774e+02
20260913_08:00:00   1.5429e-01   4.2723e+01   3.3116e+00   0.0000e+00   2.1220e-05   2.9704e+02
20260913_09:00:00   1.5820e-01   4.3709e+01   3.3704e+00   0.0000e+00   5.2025e-04   2.9669e+02
20260913_10:00:00   1.7290e-01   4.7046e+01   3.6872e+00   0.0000e+00   2.0420e-03   2.9616e+02
20260913_11:00:00   1.9697e-01   5.2467e+01   4.1657e+00   0.0000e+00   2.9766e-03   2.9541e+02
20260913_12:00:00   2.2440e-01   5.8486e+01   4.7174e+00   0.0000e+00   4.6427e-03   2.9549e+02
20260913_13:00:00   2.4862e-01   6.3778e+01   5.1581e+00   0.0000e+00   5.3982e-03   2.9587e+02
20260913_14:00:00   2.8641e-01   7.1512e+01   5.9354e+00   0.0000e+00   4.0657e-02   2.9530e+02
20260913_15:00:00   3.4360e-01   8.2530e+01   7.1888e+00   0.0000e+00   5.0488e-02   2.9641e+02
20260913_16:00:00   3.4927e-01   8.3920e+01   7.2430e+00   0.0000e+00   1.8859e-03   2.9708e+02
20260913_17:00:00   3.7395e-01   8.8628e+01   7.7008e+00   0.0000e+00   4.1480e-04   2.9542e+02
20260913_18:00:00   3.7751e-01   8.9619e+01   7.6488e+00   0.0000e+00   1.0660e-03   2.9443e+02
20260913_19:00:00   3.6699e-01   8.7777e+01   7.4248e+00   0.0000e+00   2.8387e-03   2.9470e+02
20260913_20:00:00   3.6675e-01   8.7859e+01   7.3609e+00   0.0000e+00   5.6601e-04   2.9624e+02
20260913_21:00:00   3.5947e-01   8.6633e+01   7.2197e+00   0.0000e+00   1.8305e-04   2.9611e+02
20260913_22:00:00   3.7854e-01   9.0169e+01   7.5912e+00   0.0000e+00   9.3120e-05   2.9444e+02
20260913_23:00:00   3.7941e-01   9.0351e+01   7.6425e+00   0.0000e+00   0.0000e+00   2.9488e+02
20260914_00:00:00   3.7705e-01   9.0023e+01   7.5229e+00   0.0000e+00   1.9277e-03   2.9593e+02
20260914_01:00:00   3.5938e-01   8.6716e+01   7.1844e+00   0.0000e+00   3.5315e-04   2.9549e+02
20260914_02:00:00   3.4140e-01   8.3239e+01   6.8256e+00   0.0000e+00   8.8070e-05   2.9390e+02
20260914_03:00:00   3.3564e-01   8.1976e+01   6.7706e+00   0.0000e+00   1.0470e-05   2.9191e+02
20260914_04:00:00   3.4557e-01   8.3614e+01   7.0618e+00   0.0000e+00   7.0324e-04   2.9094e+02
20260914_05:00:00   3.4181e-01   8.2755e+01   7.0306e+00   0.0000e+00   1.5285e-03   2.9040e+02
20260914_06:00:00   3.4417e-01   8.2983e+01   7.1858e+00   0.0000e+00   1.8790e-03   2.9091e+02
20260914_07:00:00   3.6133e-01   8.5954e+01   7.6457e+00   0.0000e+00   1.9148e-04   2.9103e+02
20260914_08:00:00   3.5613e-01   8.4812e+01   7.6189e+00   0.0000e+00   1.2361e-04   2.8991e+02
20260914_09:00:00   3.6360e-01   8.6198e+01   7.8144e+00   0.0000e+00   2.5008e-04   2.8854e+02
20260914_10:00:00   3.9163e-01   9.1442e+01   8.3767e+00   0.0000e+00   2.4738e-04   2.8557e+02
20260914_11:00:00   4.3116e-01   9.8731e+01   9.1015e+00   0.0000e+00   2.4057e-04   2.8391e+02
20260914_12:00:00   4.7536e-01   1.0660e+02   9.8360e+00   0.0000e+00   6.6222e-04   2.8197e+02
20260914_13:00:00   5.1704e-01   1.1377e+02   1.0426e+01   3.4320e-06   1.1244e-03   2.8070e+02
20260914_14:00:00   5.4446e-01   1.1833e+02   1.0824e+01   2.4020e-05   5.7076e-05   2.8087e+02
20260914_15:00:00   5.5464e-01   1.2004e+02   1.1002e+01   3.0900e-05   2.2078e-04   2.8129e+02
20260914_16:00:00   5.4626e-01   1.1880e+02   1.0893e+01   0.0000e+00   1.0612e-03   2.8126e+02
20260914_17:00:00   5.3779e-01   1.1757e+02   1.0749e+01   0.0000e+00   1.3147e-03   2.7994e+02
20260914_18:00:00   5.3868e-01   1.1777e+02   1.0745e+01   0.0000e+00   2.5123e-04   2.7860e+02
20260914_19:00:00   5.2496e-01   1.1566e+02   1.0504e+01   0.0000e+00   7.5520e-05   2.7825e+02
20260914_20:00:00   5.0648e-01   1.1274e+02   1.0156e+01   0.0000e+00   4.8415e-04   2.7821e+02
20260914_21:00:00   4.9312e-01   1.1065e+02   9.8246e+00   0.0000e+00   1.4496e-03   2.7893e+02
20260914_22:00:00   4.7087e-01   1.0710e+02   9.2886e+00   0.0000e+00   1.0580e-03   2.7962e+02
20260914_23:00:00   4.4857e-01   1.0345e+02   8.7958e+00   0.0000e+00   2.4900e-04   2.7940e+02
20260915_00:00:00   4.3637e-01   1.0137e+02   8.5129e+00   0.0000e+00   0.0000e+00   2.7892e+02
20260915_01:00:00   4.3276e-01   1.0072e+02   8.4190e+00   0.0000e+00   0.0000e+00   2.7917e+02
20260915_02:00:00   4.2657e-01   9.9615e+01   8.3111e+00   0.0000e+00   0.0000e+00   2.7968e+02
20260915_03:00:00   4.2531e-01   9.9418e+01   8.2642e+00   0.0000e+00   0.0000e+00   2.8040e+02
20260915_04:00:00   4.2495e-01   9.9341e+01   8.2272e+00   0.0000e+00   0.0000e+00   2.8023e+02
20260915_05:00:00   4.2622e-01   9.9555e+01   8.2066e+00   0.0000e+00   0.0000e+00   2.8018e+02
20260915_06:00:00   4.1760e-01   9.8086e+01   7.9753e+00   0.0000e+00   0.0000e+00   2.8104e+02
20260915_07:00:00   4.1095e-01   9.6887e+01   7.7975e+00   0.0000e+00   0.0000e+00   2.8190e+02
20260915_08:00:00   4.1057e-01   9.6826e+01   7.7682e+00   0.0000e+00   0.0000e+00   2.8201e+02
20260915_09:00:00   4.1113e-01   9.6892e+01   7.7826e+00   0.0000e+00   0.0000e+00   2.8088e+02
20260915_10:00:00   4.2625e-01   9.9524e+01   8.0127e+00   0.0000e+00   0.0000e+00   2.7999e+02
20260915_11:00:00   4.4222e-01   1.0234e+02   8.2556e+00   0.0000e+00   0.0000e+00   2.7978e+02
20260915_12:00:00   4.6760e-01   1.0675e+02   8.6176e+00   0.0000e+00   0.0000e+00   2.8054e+02
20260915_15:00:00   5.5555e-01   1.2101e+02   9.8435e+00   5.3600e-04   0.0000e+00   2.8222e+02
20260915_18:00:00   5.1750e-01   1.1476e+02   9.3258e+00   3.3870e-03   0.0000e+00   2.8205e+02
20260915_21:00:00   4.5299e-01   1.0397e+02   8.3136e+00   0.0000e+00   0.0000e+00   2.8317e+02
20260916_00:00:00   4.1948e-01   9.7806e+01   7.8705e+00   0.0000e+00   0.0000e+00   2.8241e+02
20260916_03:00:00   3.6984e-01   8.8453e+01   7.1501e+00   0.0000e+00   0.0000e+00   2.8126e+02
20260916_06:00:00   4.5643e-01   1.0333e+02   8.8333e+00   0.0000e+00   0.0000e+00   2.8286e+02
20260916_09:00:00   5.5527e-01   1.1898e+02   1.0466e+01   0.0000e+00   6.9581e-04   2.8437e+02
20260916_12:00:00   5.4802e-01   1.1806e+02   1.0052e+01   0.0000e+00   2.1964e-05   2.8665e+02
20260916_15:00:00   5.7220e-01   1.2193e+02   1.0302e+01   0.0000e+00   2.4511e-04   2.8867e+02
20260916_18:00:00   3.5612e-01   8.5122e+01   6.6438e+00   0.0000e+00   1.4252e-02   2.8839e+02
20260916_21:00:00   1.3974e-01   3.9113e+01   2.6443e+00   0.0000e+00   7.0247e-02   2.9736e+02
20260917_00:00:00   1.0194e-01   3.0540e+01   1.7557e+00   0.0000e+00   0.0000e+00   3.1542e+02
20260917_03:00:00   1.0160e-01   3.0396e+01   1.7479e+00   0.0000e+00   0.0000e+00   3.1515e+02
20260917_06:00:00   1.1151e-01   3.2764e+01   2.0047e+00   0.0000e+00   0.0000e+00   2.9561e+02
20260917_09:00:00   1.1216e-01   3.2810e+01   2.1173e+00   0.0000e+00   0.0000e+00   2.8676e+02
20260917_12:00:00   1.9461e-01   5.1105e+01   4.0041e+00   0.0000e+00   1.2478e-04   2.8551e+02
20260917_15:00:00   2.4204e-01   6.0977e+01   5.1169e+00   0.0000e+00   1.2279e-02   2.8380e+02
20260917_18:00:00   2.8964e-01   7.0418e+01   6.1618e+00   0.0000e+00   1.4088e-03   2.8200e+02
20260917_21:00:00   3.1561e-01   7.5536e+01   6.5739e+00   0.0000e+00   5.6635e-04   2.8262e+02
20260918_00:00:00   3.3849e-01   8.0213e+01   6.8590e+00   0.0000e+00   8.7260e-05   2.8018e+02
20260918_03:00:00   3.4859e-01   8.2257e+01   7.0244e+00   0.0000e+00   2.3325e-03   2.7669e+02
20260918_06:00:00   3.5435e-01   8.3260e+01   7.1895e+00   0.0000e+00   4.5057e-03   2.8005e+02
20260918_09:00:00   3.3817e-01   8.0434e+01   6.8089e+00   0.0000e+00   3.1802e-02   2.8240e+02
20260918_12:00:00   3.7059e-01   8.6510e+01   7.3949e+00   0.0000e+00   6.6094e-03   2.8330e+02
20260918_15:00:00   5.0022e-01   1.0866e+02   9.7194e+00   0.0000e+00   1.5098e-02   2.8442e+02
20260918_18:00:00   5.4073e-01   1.1568e+02   9.6552e+00   9.9000e-03   1.7850e-03   2.8801e+02
20260918_21:00:00   4.2624e-01   9.7225e+01   7.8393e+00   0.0000e+00   0.0000e+00   2.8747e+02
20260919_00:00:00   3.9580e-01   9.1957e+01   7.3814e+00   0.0000e+00   1.1886e-06   2.7867e+02
20260919_03:00:00   3.9509e-01   9.1836e+01   7.4432e+00   0.0000e+00   8.3640e-05   2.7127e+02
20260919_06:00:00   3.6083e-01   8.5502e+01   7.1948e+00   0.0000e+00   0.0000e+00   2.7003e+02
20260919_09:00:00   3.1565e-01   7.7230e+01   6.2923e+00   0.0000e+00   2.1860e-05   2.7077e+02
20260919_12:00:00   3.5649e-01   8.5043e+01   7.1585e+00   0.0000e+00   5.8341e-03   2.6939e+02
20260919_15:00:00   3.9507e-01   9.2175e+01   7.9265e+00   0.0000e+00   0.0000e+00   2.6914e+02
20260919_18:00:00   3.0269e-01   7.4751e+01   6.3753e+00   0.0000e+00   0.0000e+00   2.6892e+02
20260919_21:00:00   2.5047e-01   6.4083e+01   5.4443e+00   0.0000e+00   0.0000e+00   2.6908e+02
20260920_00:00:00   1.9438e-01   5.1788e+01   4.3130e+00   0.0000e+00   0.0000e+00   2.6938e+02
20260920_03:00:00   1.6414e-01   4.4652e+01   3.6896e+00   0.0000e+00   0.0000e+00   2.7050e+02
20260920_06:00:00   1.7045e-01   4.5805e+01   3.8742e+00   0.0000e+00   0.0000e+00   2.6913e+02
20260920_09:00:00   1.9655e-01   5.1577e+01   4.4560e+00   0.0000e+00   0.0000e+00   2.6662e+02
20260920_12:00:00   2.1921e-01   5.6969e+01   4.8704e+00   0.0000e+00   0.0000e+00   2.6819e+02
20260920_15:00:00   2.6833e-01   6.7849e+01   5.7777e+00   0.0000e+00   0.0000e+00   2.6737e+02
20260920_18:00:00   2.9856e-01   7.4396e+01   6.2803e+00   0.0000e+00   0.0000e+00   2.6553e+02
20260920_21:00:00   3.1905e-01   7.8634e+01   6.6695e+00   0.0000e+00   0.0000e+00   2.6549e+02
20260921_00:00:00   3.4650e-01   8.4196e+01   7.1567e+00   0.0000e+00   0.0000e+00   2.6569e+02
20260921_03:00:00   3.4323e-01   8.3678e+01   7.0246e+00   0.0000e+00   0.0000e+00   2.6526e+02
20260921_06:00:00   3.8118e-01   9.0920e+01   7.6076e+00   0.0000e+00   0.0000e+00   2.6979e+02
20260921_09:00:00   3.5624e-01   8.6306e+01   7.0342e+00   0.0000e+00   0.0000e+00   2.7178e+02
20260921_12:00:00   2.1190e-01   5.6742e+01   4.1048e+00   0.0000e+00   0.0000e+00   2.7513e+02
20260921_15:00:00   1.5658e-01   4.3851e+01   3.1520e+00   0.0000e+00   0.0000e+00   2.7760e+02
20260921_18:00:00   1.2272e-01   3.5259e+01   2.5769e+00   0.0000e+00   0.0000e+00   2.8074e+02
20260921_21:00:00   1.0594e-01   3.1863e+01   2.0328e+00   0.0000e+00   0.0000e+00   2.8337e+02
20260922_00:00:00   1.0767e-01   3.2175e+01   2.1121e+00   0.0000e+00   0.0000e+00   2.8082e+02
20260922_03:00:00   1.1332e-01   3.3044e+01   2.3531e+00   0.0000e+00   5.2197e-03   2.8011e+02
20260922_06:00:00   1.1299e-01   3.2426e+01   2.4551e+00   0.0000e+00   3.2734e-03   2.8480e+02
20260922_09:00:00   1.6755e-01   4.5163e+01   3.6948e+00   0.0000e+00   9.1320e-04   2.8296e+02
20260922_12:00:00   2.3419e-01   5.9725e+01   5.0593e+00   0.0000e+00   9.0777e-04   2.8713e+02
20260922_15:00:00   2.3631e-01   6.0260e+01   5.0106e+00   0.0000e+00   1.5446e-05   2.9008e+02
20260922_18:00:00   1.0827e-01   3.1545e+01   2.2927e+00   0.0000e+00   2.1843e-04   2.9407e+02
20260922_21:00:00   9.0471e-02   2.7396e+01   1.8251e+00   0.0000e+00   0.0000e+00   2.9494e+02
20260923_00:00:00   1.0120e-01   3.0033e+01   2.0479e+00   0.0000e+00   0.0000e+00   2.9966e+02
20260923_03:00:00   1.0355e-01   3.0579e+01   2.1111e+00   0.0000e+00   0.0000e+00   2.9835e+02
20260923_06:00:00   1.1272e-01   3.2683e+01   2.3502e+00   0.0000e+00   0.0000e+00   2.9856e+02
20260923_09:00:00   1.3104e-01   3.6967e+01   2.7502e+00   0.0000e+00   0.0000e+00   3.0032e+02
20260923_12:00:00   1.5600e-01   4.2550e+01   3.3043e+00   0.0000e+00   5.7861e-04   2.9946e+02
20260923_15:00:00   2.3144e-01   5.8979e+01   4.8825e+00   0.0000e+00   0.0000e+00   2.9742e+02
20260923_18:00:00   2.6949e-01   6.6853e+01   5.6587e+00   0.0000e+00   0.0000e+00   2.9434e+02
20260923_21:00:00   2.8256e-01   6.9591e+01   5.8597e+00   0.0000e+00   0.0000e+00   2.9464e+02
20260924_00:00:00   2.6801e-01   6.6623e+01   5.5046e+00   0.0000e+00   0.0000e+00   2.9744e+02
20260924_03:00:00   1.5098e-01   4.1560e+01   3.0216e+00   0.0000e+00   0.0000e+00   2.9584e+02
20260924_06:00:00   1.0895e-01   3.1890e+01   2.1002e+00   0.0000e+00   0.0000e+00   2.9439e+02
20260924_09:00:00   1.0179e-01   3.0175e+01   1.9668e+00   0.0000e+00   0.0000e+00   2.9362e+02
20260924_12:00:00   1.2951e-01   3.6794e+01   2.5161e+00   0.0000e+00   0.0000e+00   2.9219e+02
20260924_15:00:00   1.4882e-01   4.1399e+01   2.8897e+00   0.0000e+00   0.0000e+00   2.9044e+02
20260924_18:00:00   1.1220e-01   3.2668e+01   2.2363e+00   0.0000e+00   0.0000e+00   2.9033e+02
20260924_21:00:00   1.1458e-01   3.3160e+01   2.3517e+00   0.0000e+00   0.0000e+00   2.9028e+02
20260925_00:00:00   1.5113e-01   4.2098e+01   3.0649e+00   0.0000e+00   0.0000e+00   2.8842e+02
20260925_03:00:00   1.3377e-01   3.8230e+01   2.6832e+00   0.0000e+00   0.0000e+00   2.8821e+02
20260925_06:00:00   1.1791e-01   3.4374e+01   2.3923e+00   0.0000e+00   0.0000e+00   2.8874e+02
20260925_09:00:00   1.0292e-01   3.0486e+01   2.1164e+00   0.0000e+00   0.0000e+00   2.8963e+02
20260925_12:00:00   1.2846e-01   3.6657e+01   2.6787e+00   0.0000e+00   0.0000e+00   2.9084e+02
20260925_15:00:00   1.6244e-01   4.4663e+01   3.4097e+00   0.0000e+00   8.7480e-04   2.9098e+02
20260925_18:00:00   1.8688e-01   5.0287e+01   3.9190e+00   0.0000e+00   2.8940e-04   2.9281e+02
20260925_21:00:00   2.1846e-01   5.7090e+01   4.6180e+00   0.0000e+00   1.1916e-04   2.9301e+02
20260926_00:00:00   2.4836e-01   6.3319e+01   5.2224e+00   0.0000e+00   0.0000e+00   2.9515e+02
20260926_03:00:00   2.3233e-01   5.9559e+01   4.8781e+00   0.0000e+00   5.1393e-05   2.9619e+02
20260926_06:00:00   2.6052e-01   6.5512e+01   5.5290e+00   0.0000e+00   4.7046e-04   2.9368e+02
20260926_09:00:00   3.5532e-01   8.4646e+01   7.2684e+00   0.0000e+00   0.0000e+00   2.9346e+02
20260926_12:00:00   4.0904e-01   9.4847e+01   8.1052e+00   0.0000e+00   0.0000e+00   2.9108e+02
