#            date       tau255        Tb[K]      pwv[mm] lwp[kg*m^-2] iwp[kg*m^-2]       o3[DU]
20260914_18:00:00   5.0865e-01   1.1295e+02   1.0147e+01   0.0000e+00   0.0000e+00   2.8326e+02
20260914_19:00:00   4.9733e-01   1.1108e+02   9.9577e+00   0.0000e+00   0.0000e+00   2.8264e+02
20260914_20:00:00   4.7412e-01   1.0720e+02   9.5765e+00   0.0000e+00   0.0000e+00   2.8259e+02
20260914_21:00:00   4.6210e-01   1.0513e+02   9.3631e+00   0.0000e+00   0.0000e+00   2.8211e+02
20260914_22:00:00   4.6336e-01   1.0535e+02   9.3823e+00   0.0000e+00   5.4002e-05   2.8176e+02
20260914_23:00:00   4.6050e-01   1.0483e+02   9.3218e+00   0.0000e+00   0.0000e+00   2.8208e+02
20260915_00:00:00   4.5782e-01   1.0435e+02   9.2749e+00   0.0000e+00   0.0000e+00   2.8155e+02
20260915_01:00:00   4.5606e-01   1.0400e+02   9.2566e+00   0.0000e+00   0.0000e+00   2.8042e+02
20260915_02:00:00   4.4974e-01   1.0288e+02   9.1482e+00   0.0000e+00   3.0120e-04   2.8053e+02
20260915_03:00:00   4.4300e-01   1.0167e+02   9.0367e+00   0.0000e+00   5.2580e-05   2.8070e+02
20260915_04:00:00   4.4412e-01   1.0182e+02   9.0558e+00   0.0000e+00   0.0000e+00   2.7985e+02
20260915_05:00:00   4.4271e-01   1.0153e+02   9.0549e+00   0.0000e+00   0.0000e+00   2.7880e+02
20260915_06:00:00   4.4388e-01   1.0167e+02   9.1266e+00   0.0000e+00   0.0000e+00   2.7911e+02
20260915_07:00:00   4.5007e-01   1.0274e+02   9.2554e+00   0.0000e+00   0.0000e+00   2.7943e+02
20260915_08:00:00   4.5635e-01   1.0382e+02   9.3742e+00   0.0000e+00   0.0000e+00   2.7970e+02
20260915_09:00:00   4.6573e-01   1.0543e+02   9.5376e+00   0.0000e+00   0.0000e+00   2.8064e+02
20260915_10:00:00   4.8325e-01   1.0843e+02   9.7915e+00   0.0000e+00   0.0000e+00   2.8137e+02
20260915_11:00:00   5.1701e-01   1.1409e+02   1.0273e+01   0.0000e+00   0.0000e+00   2.8096e+02
20260915_12:00:00   5.6514e-01   1.2179e+02   1.0984e+01   3.4320e-06   0.0000e+00   2.8021e+02
20260915_13:00:00   6.1290e-01   1.2910e+02   1.1671e+01   4.8060e-05   0.0000e+00   2.7879e+02
20260915_14:00:00   6.4695e-01   1.3407e+02   1.2192e+01   1.1670e-04   0.0000e+00   2.7845e+02
20260915_15:00:00   6.6218e-01   1.3626e+02   1.2367e+01   9.6100e-04   0.0000e+00   2.7931e+02
20260915_16:00:00   6.6233e-01   1.3634e+02   1.2302e+01   1.1887e-03   0.0000e+00   2.7945e+02
20260915_17:00:00   6.3897e-01   1.3299e+02   1.1954e+01   8.0130e-04   0.0000e+00   2.7953e+02
20260915_18:00:00   6.3117e-01   1.3176e+02   1.1825e+01   1.4663e-03   0.0000e+00   2.7944e+02
20260915_19:00:00   6.4022e-01   1.3296e+02   1.2005e+01   1.1160e-03   0.0000e+00   2.7906e+02
20260915_20:00:00   6.3886e-01   1.3267e+02   1.2001e+01   0.0000e+00   0.0000e+00   2.7822e+02
20260915_21:00:00   6.3649e-01   1.3224e+02   1.1994e+01   0.0000e+00   0.0000e+00   2.7740e+02
20260915_22:00:00   6.1062e-01   1.2840e+02   1.1590e+01   0.0000e+00   0.0000e+00   2.7666e+02
20260915_23:00:00   5.7759e-01   1.2343e+02   1.0991e+01   0.0000e+00   0.0000e+00   2.7622e+02
20260916_00:00:00   5.6422e-01   1.2135e+02   1.0680e+01   0.0000e+00   0.0000e+00   2.7701e+02
20260916_01:00:00   5.1501e-01   1.1378e+02   9.6191e+00   0.0000e+00   0.0000e+00   2.7850e+02
20260916_02:00:00   4.4895e-01   1.0287e+02   8.3643e+00   0.0000e+00   0.0000e+00   2.7982e+02
20260916_03:00:00   4.4656e-01   1.0229e+02   8.3891e+00   0.0000e+00   0.0000e+00   2.8006e+02
20260916_04:00:00   4.5119e-01   1.0288e+02   8.5892e+00   0.0000e+00   0.0000e+00   2.8023e+02
20260916_05:00:00   4.4968e-01   1.0245e+02   8.6047e+00   0.0000e+00   0.0000e+00   2.7983e+02
20260916_06:00:00   4.4816e-01   1.0206e+02   8.6197e+00   0.0000e+00   0.0000e+00   2.8073e+02
20260916_07:00:00   4.3117e-01   9.9042e+01   8.3294e+00   0.0000e+00   0.0000e+00   2.8243e+02
20260916_08:00:00   4.3384e-01   9.9451e+01   8.3787e+00   0.0000e+00   0.0000e+00   2.8381e+02
20260916_09:00:00   4.6090e-01   1.0400e+02   8.8827e+00   0.0000e+00   0.0000e+00   2.8462e+02
20260916_10:00:00   5.1405e-01   1.1271e+02   9.7591e+00   0.0000e+00   0.0000e+00   2.8531e+02
20260916_11:00:00   5.7913e-01   1.2300e+02   1.0653e+01   7.1150e-06   0.0000e+00   2.8592e+02
20260916_12:00:00   6.3807e-01   1.3176e+02   1.1300e+01   4.0142e-03   0.0000e+00   2.8621e+02
20260916_13:00:00   7.0458e-01   1.4083e+02   1.1872e+01   1.7335e-02   2.3780e-06   2.8564e+02
20260916_14:00:00   6.5779e-01   1.3426e+02   1.1882e+01   6.8640e-04   1.0615e-05   2.8636e+02
20260916_15:00:00   6.6132e-01   1.3456e+02   1.2075e+01   0.0000e+00   6.1453e-04   2.8876e+02
20260916_16:00:00   6.6253e-01   1.3449e+02   1.2157e+01   0.0000e+00   5.0999e-03   2.9052e+02
20260916_17:00:00   6.4941e-01   1.3255e+02   1.1965e+01   5.2900e-05   4.6736e-03   2.8862e+02
20260916_18:00:00   6.3487e-01   1.3051e+02   1.1731e+01   0.0000e+00   2.0040e-05   2.8601e+02
20260916_19:00:00   6.5237e-01   1.3280e+02   1.2048e+01   0.0000e+00   3.8151e-04   2.8438e+02
20260916_20:00:00   6.5796e-01   1.3343e+02   1.2163e+01   1.3730e-05   1.0629e-04   2.8340e+02
20260916_21:00:00   6.8878e-01   1.3741e+02   1.2457e+01   5.5080e-03   3.1651e-03   2.8344e+02
20260916_22:00:00   7.1633e-01   1.4102e+02   1.2459e+01   1.3716e-02   2.6923e-02   2.8201e+02
20260916_23:00:00   7.5318e-01   1.4564e+02   1.2411e+01   3.0163e-02   1.1114e-02   2.8012e+02
20260917_00:00:00   6.3593e-01   1.3033e+02   1.1621e+01   1.5341e-04   8.3338e-04   2.8248e+02
20260917_01:00:00   6.0182e-01   1.2550e+02   1.0985e+01   8.9880e-05   4.1841e-04   2.8231e+02
20260917_02:00:00   5.3155e-01   1.1506e+02   9.7285e+00   0.0000e+00   0.0000e+00   2.8395e+02
20260917_03:00:00   4.8868e-01   1.0833e+02   8.8864e+00   0.0000e+00   0.0000e+00   2.8763e+02
20260917_04:00:00   4.2708e-01   9.8048e+01   7.8118e+00   0.0000e+00   0.0000e+00   2.9251e+02
20260917_05:00:00   3.6323e-01   8.6590e+01   6.7011e+00   0.0000e+00   0.0000e+00   2.9500e+02
20260917_06:00:00   3.3459e-01   8.1104e+01   6.2229e+00   0.0000e+00   0.0000e+00   2.9832e+02
20260917_07:00:00   2.9902e-01   7.4164e+01   5.5820e+00   0.0000e+00   4.7320e-06   2.9949e+02
20260917_08:00:00   2.7569e-01   6.9473e+01   5.1655e+00   0.0000e+00   7.8600e-05   2.9995e+02
20260917_09:00:00   2.5887e-01   6.5985e+01   4.8895e+00   0.0000e+00   7.3260e-04   3.0252e+02
20260917_10:00:00   2.4805e-01   6.3631e+01   4.7324e+00   0.0000e+00   6.7061e-04   3.0218e+02
20260917_11:00:00   2.4338e-01   6.2569e+01   4.6749e+00   3.0950e-05   1.3507e-03   3.0158e+02
20260917_12:00:00   2.6378e-01   6.6753e+01   5.0379e+00   1.2120e-04   3.2857e-03   3.0113e+02
20260917_13:00:00   3.0485e-01   7.5116e+01   5.7085e+00   2.0591e-04   2.0163e-03   3.0183e+02
20260917_14:00:00   3.7145e-01   8.7899e+01   6.7917e+00   7.3630e-06   7.7018e-04   3.0206e+02
20260917_15:00:00   3.9956e-01   9.2947e+01   7.3094e+00   1.1076e-05   2.3820e-04   3.0126e+02
20260917_16:00:00   4.0283e-01   9.3537e+01   7.3395e+00   3.1650e-04   8.6160e-05   2.9946e+02
20260917_17:00:00   3.9027e-01   9.1315e+01   7.0756e+00   7.1800e-04   3.2680e-05   2.9814e+02
20260917_18:00:00   3.6045e-01   8.5890e+01   6.5502e+00   0.0000e+00   8.9140e-06   2.9568e+02
20260917_19:00:00   3.1280e-01   7.6809e+01   5.7290e+00   0.0000e+00   1.2200e-05   2.9378e+02
20260917_20:00:00   2.4946e-01   6.4079e+01   4.5999e+00   0.0000e+00   1.9786e-05   2.9354e+02
20260917_21:00:00   2.2149e-01   5.8304e+01   3.9744e+00   0.0000e+00   2.4273e-05   2.9220e+02
20260917_22:00:00   2.2113e-01   5.8176e+01   3.9422e+00   0.0000e+00   2.3277e-04   2.9110e+02
20260917_23:00:00   2.3144e-01   6.0224e+01   4.1646e+00   0.0000e+00   5.6377e-04   2.8765e+02
20260918_00:00:00   2.5144e-01   6.4071e+01   4.6546e+00   0.0000e+00   5.0533e-03   2.8426e+02
20260918_01:00:00   2.9494e-01   7.2237e+01   5.6858e+00   0.0000e+00   8.1516e-03   2.8488e+02
20260918_02:00:00   3.1757e-01   7.6444e+01   6.1693e+00   0.0000e+00   8.8708e-03   2.8566e+02
20260918_03:00:00   2.8309e-01   6.9511e+01   5.6359e+00   0.0000e+00   4.9534e-03   2.8621e+02
20260918_04:00:00   2.6123e-01   6.5042e+01   5.2718e+00   0.0000e+00   7.6370e-03   2.8563e+02
20260918_05:00:00   2.4392e-01   6.1434e+01   4.9755e+00   0.0000e+00   2.4350e-03   2.8527e+02
20260918_06:00:00   2.5195e-01   6.3161e+01   5.1304e+00   0.0000e+00   1.4857e-04   2.8575e+02
20260918_07:00:00   2.6607e-01   6.6041e+01   5.4621e+00   0.0000e+00   3.8547e-04   2.8652e+02
20260918_08:00:00   2.8335e-01   6.9642e+01   5.7988e+00   0.0000e+00   6.9318e-04   2.8689e+02
20260918_09:00:00   2.9867e-01   7.2833e+01   6.0630e+00   0.0000e+00   3.7130e-03   2.8750e+02
20260918_10:00:00   3.1133e-01   7.5441e+01   6.2715e+00   0.0000e+00   8.4407e-03   2.8685e+02
20260918_11:00:00   3.2588e-01   7.8328e+01   6.5083e+00   0.0000e+00   4.3842e-03   2.8650e+02
20260918_12:00:00   3.3027e-01   7.9175e+01   6.5913e+00   1.8434e-04   2.9114e-03   2.8525e+02
20260918_13:00:00   3.4051e-01   8.1125e+01   6.7704e+00   4.0160e-04   6.8872e-03   2.8374e+02
20260918_14:00:00   3.4974e-01   8.2985e+01   6.8801e+00   5.0459e-04   2.9552e-03   2.8418e+02
20260918_15:00:00   3.5373e-01   8.3987e+01   6.8294e+00   8.9388e-04   1.0081e-03   2.8539e+02
20260918_16:00:00   3.3812e-01   8.1478e+01   6.3472e+00   1.0847e-03   1.4700e-06   2.8796e+02
20260918_17:00:00   3.1868e-01   7.8025e+01   5.8779e+00   3.4800e-04   0.0000e+00   2.8774e+02
20260918_18:00:00   3.1551e-01   7.7504e+01   5.7536e+00   1.0939e-05   0.0000e+00   2.8573e+02
20260918_19:00:00   3.0968e-01   7.6396e+01   5.6087e+00   0.0000e+00   0.0000e+00   2.8371e+02
20260918_20:00:00   2.9494e-01   7.3508e+01   5.3362e+00   0.0000e+00   0.0000e+00   2.8122e+02
20260918_21:00:00   2.7018e-01   6.8524e+01   4.9125e+00   0.0000e+00   0.0000e+00   2.7955e+02
20260918_22:00:00   2.5439e-01   6.5254e+01   4.6473e+00   0.0000e+00   0.0000e+00   2.7993e+02
20260918_23:00:00   2.3749e-01   6.1713e+01   4.3541e+00   0.0000e+00   0.0000e+00   2.8202e+02
20260919_00:00:00   2.2457e-01   5.8943e+01   4.1411e+00   0.0000e+00   0.0000e+00   2.8189e+02
20260919_01:00:00   2.1741e-01   5.7361e+01   4.0347e+00   0.0000e+00   0.0000e+00   2.7944e+02
20260919_02:00:00   2.0621e-01   5.4919e+01   3.8380e+00   0.0000e+00   0.0000e+00   2.7766e+02
20260919_03:00:00   2.0697e-01   5.5065e+01   3.8508e+00   0.0000e+00   0.0000e+00   2.7728e+02
20260919_04:00:00   2.2029e-01   5.7887e+01   4.1079e+00   0.0000e+00   0.0000e+00   2.7777e+02
20260919_05:00:00   2.2270e-01   5.8308e+01   4.1827e+00   0.0000e+00   0.0000e+00   2.7882e+02
20260919_06:00:00   2.2423e-01   5.8569e+01   4.2344e+00   0.0000e+00   0.0000e+00   2.8089e+02
20260919_07:00:00   2.2407e-01   5.8473e+01   4.2630e+00   0.0000e+00   0.0000e+00   2.8118e+02
20260919_08:00:00   2.2474e-01   5.8524e+01   4.3236e+00   0.0000e+00   0.0000e+00   2.8052e+02
20260919_09:00:00   2.2974e-01   5.9536e+01   4.4477e+00   0.0000e+00   0.0000e+00   2.7941e+02
20260919_10:00:00   2.3550e-01   6.0761e+01   4.5745e+00   0.0000e+00   0.0000e+00   2.7811e+02
20260919_11:00:00   2.6674e-01   6.7246e+01   5.1705e+00   0.0000e+00   0.0000e+00   2.7712e+02
20260919_12:00:00   3.0528e-01   7.4992e+01   5.9060e+00   6.9490e-06   2.2540e-04   2.7664e+02
20260919_13:00:00   3.4512e-01   8.2768e+01   6.6189e+00   3.8160e-05   1.9067e-03   2.7632e+02
20260919_14:00:00   3.9148e-01   9.1365e+01   7.4949e+00   3.6400e-04   2.4884e-03   2.7599e+02
20260919_15:00:00   4.3489e-01   9.9021e+01   8.3562e+00   2.2840e-04   1.8304e-03   2.7554e+02
20260919_16:00:00   4.7956e-01   1.0663e+02   9.1719e+00   4.1090e-04   6.2787e-04   2.7475e+02
20260919_17:00:00   5.1290e-01   1.1210e+02   9.7968e+00   3.1310e-04   1.7828e-05   2.7486e+02
20260919_18:00:00   5.3740e-01   1.1602e+02   1.0245e+01   0.0000e+00   0.0000e+00   2.7397e+02
20260919_21:00:00   5.4967e-01   1.1787e+02   1.0636e+01   0.0000e+00   4.4100e-04   2.7422e+02
20260920_00:00:00   5.4095e-01   1.1642e+02   1.0575e+01   0.0000e+00   8.2140e-05   2.7642e+02
20260920_03:00:00   5.5348e-01   1.1820e+02   1.0792e+01   0.0000e+00   0.0000e+00   2.7942e+02
20260920_06:00:00   5.3060e-01   1.1464e+02   1.0518e+01   0.0000e+00   0.0000e+00   2.7882e+02
20260920_09:00:00   5.2136e-01   1.1343e+02   1.0370e+01   0.0000e+00   3.8897e-05   2.7456e+02
20260920_12:00:00   5.4911e-01   1.1824e+02   1.0733e+01   0.0000e+00   2.1860e-05   2.7687e+02
20260920_15:00:00   5.7258e-01   1.2259e+02   1.0708e+01   0.0000e+00   2.9000e-04   2.8445e+02
20260920_18:00:00   5.3395e-01   1.1709e+02   9.9900e+00   0.0000e+00   7.7315e-04   2.8138e+02
20260920_21:00:00   5.0070e-01   1.1175e+02   9.5509e+00   0.0000e+00   8.4423e-03   2.7746e+02
20260921_00:00:00   5.0639e-01   1.1245e+02   9.9082e+00   0.0000e+00   2.1964e-05   2.7517e+02
20260921_03:00:00   4.9102e-01   1.0978e+02   9.7999e+00   0.0000e+00   7.0480e-05   2.7256e+02
20260921_06:00:00   4.7001e-01   1.0623e+02   9.5565e+00   0.0000e+00   6.5012e-04   2.7357e+02
20260921_09:00:00   4.2394e-01   9.8591e+01   8.6248e+00   0.0000e+00   9.1480e-05   2.7467e+02
20260921_12:00:00   4.2016e-01   9.8264e+01   8.3723e+00   0.0000e+00   2.0683e-05   2.7366e+02
20260921_15:00:00   4.7343e-01   1.0792e+02   9.0578e+00   0.0000e+00   8.2700e-05   2.7490e+02
20260921_18:00:00   4.2478e-01   9.9778e+01   8.0851e+00   0.0000e+00   0.0000e+00   2.7666e+02
20260921_21:00:00   3.9589e-01   9.4786e+01   7.3792e+00   0.0000e+00   1.5406e-05   2.8069e+02
20260922_00:00:00   3.8840e-01   9.3323e+01   7.2645e+00   0.0000e+00   0.0000e+00   2.8004e+02
20260922_03:00:00   3.4652e-01   8.5270e+01   6.5400e+00   0.0000e+00   0.0000e+00   2.7894e+02
20260922_06:00:00   3.2220e-01   8.0383e+01   6.0509e+00   0.0000e+00   3.5200e-06   2.7980e+02
20260922_09:00:00   3.2109e-01   8.0029e+01   6.0259e+00   0.0000e+00   5.4580e-05   2.8136e+02
20260922_12:00:00   3.8046e-01   9.1407e+01   6.9436e+00   0.0000e+00   0.0000e+00   2.8048e+02
20260922_15:00:00   4.6027e-01   1.0581e+02   8.1657e+00   1.3730e-05   0.0000e+00   2.7995e+02
20260922_18:00:00   4.1541e-01   9.7968e+01   7.3998e+00   0.0000e+00   0.0000e+00   2.7812e+02
20260922_21:00:00   3.8089e-01   9.1649e+01   6.8558e+00   0.0000e+00   0.0000e+00   2.7871e+02
20260923_00:00:00   3.2624e-01   8.1049e+01   6.0428e+00   0.0000e+00   0.0000e+00   2.8105e+02
20260923_03:00:00   2.5829e-01   6.6987e+01   4.9120e+00   0.0000e+00   0.0000e+00   2.8102e+02
20260923_06:00:00   2.1540e-01   5.7496e+01   4.2029e+00   0.0000e+00   0.0000e+00   2.8194e+02
20260923_09:00:00   1.8592e-01   5.0660e+01   3.7716e+00   0.0000e+00   3.4320e-06   2.8273e+02
20260923_12:00:00   2.6570e-01   6.8338e+01   5.1217e+00   0.0000e+00   0.0000e+00   2.8435e+02
20260923_15:00:00   3.0979e-01   7.7538e+01   5.8859e+00   0.0000e+00   0.0000e+00   2.8463e+02
20260923_18:00:00   2.7053e-01   6.9467e+01   5.2749e+00   0.0000e+00   6.8640e-06   2.8343e+02
20260923_21:00:00   2.2266e-01   5.9082e+01   4.4829e+00   0.0000e+00   2.9557e-04   2.8345e+02
20260924_00:00:00   2.1666e-01   5.7454e+01   4.5031e+00   0.0000e+00   0.0000e+00   2.9122e+02
20260924_03:00:00   2.0249e-01   5.4565e+01   4.1087e+00   0.0000e+00   0.0000e+00   2.8738e+02
20260924_06:00:00   1.9823e-01   5.3693e+01   3.9570e+00   0.0000e+00   1.6712e-04   2.8381e+02
20260924_09:00:00   2.0773e-01   5.5755e+01   4.1642e+00   0.0000e+00   3.5444e-04   2.7772e+02
20260924_12:00:00   2.5455e-01   6.5833e+01   5.0612e+00   0.0000e+00   3.8572e-03   2.7438e+02
20260924_15:00:00   3.1920e-01   7.9030e+01   6.2745e+00   0.0000e+00   1.0164e-02   2.7224e+02
20260924_18:00:00   3.1486e-01   7.8054e+01   6.3353e+00   0.0000e+00   4.6521e-03   2.7108e+02
20260924_21:00:00   2.9526e-01   7.4011e+01   6.0780e+00   0.0000e+00   2.5860e-05   2.6692e+02
20260925_00:00:00   2.9914e-01   7.4762e+01   6.1898e+00   0.0000e+00   0.0000e+00   2.6491e+02
20260925_03:00:00   3.0275e-01   7.5514e+01   6.2511e+00   0.0000e+00   0.0000e+00   2.6301e+02
20260925_06:00:00   2.7280e-01   6.9433e+01   5.6818e+00   0.0000e+00   0.0000e+00   2.6239e+02
20260925_09:00:00   2.3530e-01   6.1629e+01   4.9152e+00   0.0000e+00   0.0000e+00   2.6129e+02
20260925_12:00:00   2.7280e-01   6.9841e+01   5.4614e+00   0.0000e+00   0.0000e+00   2.6146e+02
20260925_15:00:00   3.2105e-01   7.9923e+01   6.1906e+00   0.0000e+00   0.0000e+00   2.6154e+02
20260925_18:00:00   2.9499e-01   7.4746e+01   5.7469e+00   0.0000e+00   0.0000e+00   2.6245e+02
20260925_21:00:00   2.5052e-01   6.5358e+01   5.0007e+00   0.0000e+00   0.0000e+00   2.6234e+02
20260926_00:00:00   2.1773e-01   5.8084e+01   4.4547e+00   0.0000e+00   0.0000e+00   2.6060e+02
20260926_03:00:00   1.8435e-01   5.0389e+01   3.8857e+00   0.0000e+00   0.0000e+00   2.6250e+02
20260926_06:00:00   1.6131e-01   4.4974e+01   3.4340e+00   0.0000e+00   0.0000e+00   2.6167e+02
20260926_09:00:00   1.5148e-01   4.2690e+01   3.2163e+00   0.0000e+00   0.0000e+00   2.6187e+02
20260926_12:00:00   1.9799e-01   5.3597e+01   4.0515e+00   0.0000e+00   0.0000e+00   2.6147e+02
20260926_15:00:00   2.4559e-01   6.4275e+01   4.8751e+00   0.0000e+00   0.0000e+00   2.5998e+02
20260926_18:00:00   2.0748e-01   5.5976e+01   4.1774e+00   0.0000e+00   0.0000e+00   2.6331e+02
20260926_21:00:00   1.8710e-01   5.1338e+01   3.7860e+00   0.0000e+00   0.0000e+00   2.6511e+02
20260927_00:00:00   1.8245e-01   5.0223e+01   3.6982e+00   0.0000e+00   1.7846e-04   2.6586e+02
20260927_03:00:00   1.7648e-01   4.8760e+01   3.5963e+00   0.0000e+00   0.0000e+00   2.6551e+02
20260927_06:00:00   1.6691e-01   4.6517e+01   3.4147e+00   0.0000e+00   5.4660e-06   2.6700e+02
20260927_09:00:00   1.7806e-01   4.9156e+01   3.6125e+00   0.0000e+00   0.0000e+00   2.6679e+02
20260927_12:00:00   2.3357e-01   6.1640e+01   4.5827e+00   0.0000e+00   0.0000e+00   2.6602e+02
20260927_15:00:00   2.9192e-01   7.4038e+01   5.5754e+00   0.0000e+00   0.0000e+00   2.6704e+02
20260927_18:00:00   2.7690e-01   7.1035e+01   5.2910e+00   0.0000e+00   0.0000e+00   2.6977e+02
20260927_21:00:00   2.6988e-01   6.9582e+01   5.1854e+00   0.0000e+00   0.0000e+00   2.7241e+02
20260928_00:00:00   2.6879e-01   6.9312e+01   5.1628e+00   0.0000e+00   0.0000e+00   2.7316e+02
20260928_03:00:00   2.3930e-01   6.2927e+01   4.6281e+00   0.0000e+00   0.0000e+00   2.7335e+02
20260928_06:00:00   2.2986e-01   6.0820e+01   4.4661e+00   0.0000e+00   0.0000e+00   2.7415e+02
20260928_09:00:00   2.2929e-01   6.0709e+01   4.4513e+00   0.0000e+00   0.0000e+00   2.7553e+02
20260928_12:00:00   2.8919e-01   7.3387e+01   5.4121e+00   0.0000e+00   0.0000e+00   2.7558e+02
20260928_15:00:00   3.9177e-01   9.3370e+01   7.0796e+00   0.0000e+00   0.0000e+00   2.7517e+02
20260928_18:00:00   3.6555e-01   8.8512e+01   6.5418e+00   0.0000e+00   0.0000e+00   2.7776e+02
20260928_21:00:00   3.4963e-01   8.5421e+01   6.3611e+00   0.0000e+00   0.0000e+00   2.7927e+02
20260929_00:00:00   3.5820e-01   8.6928e+01   6.5251e+00   0.0000e+00   0.0000e+00   2.8095e+02
20260929_03:00:00   3.7989e-01   9.0817e+01   6.8845e+00   0.0000e+00   0.0000e+00   2.8155e+02
20260929_06:00:00   3.9070e-01   9.2611e+01   7.0808e+00   0.0000e+00   0.0000e+00   2.8280e+02
20260929_09:00:00   3.6387e-01   8.7503e+01   6.7199e+00   0.0000e+00   0.0000e+00   2.8389e+02
20260929_12:00:00   5.3497e-01   1.1734e+02   8.2986e+00   2.5090e-02   0.0000e+00   2.8342e+02
20260929_15:00:00   7.1766e-01   1.4370e+02   9.5158e+00   7.0051e-02   4.3720e-06   2.8311e+02
20260929_18:00:00   5.2041e-01   1.1496e+02   8.3898e+00   1.7583e-02   0.0000e+00   2.8444e+02
20260929_21:00:00   4.0322e-01   9.4967e+01   7.2220e+00   0.0000e+00   0.0000e+00   2.9003e+02
20260930_00:00:00   3.8141e-01   9.0839e+01   6.9433e+00   0.0000e+00   0.0000e+00   2.8962e+02
20260930_03:00:00   3.4258e-01   8.3402e+01   6.2717e+00   0.0000e+00   0.0000e+00   2.9046e+02
20260930_06:00:00   2.8169e-01   7.1109e+01   5.2921e+00   0.0000e+00   0.0000e+00   2.9235e+02
20260930_09:00:00   2.7310e-01   6.9233e+01   5.1736e+00   0.0000e+00   0.0000e+00   2.9138e+02
20260930_12:00:00   4.0936e-01   9.5678e+01   7.1010e+00   1.9609e-03   0.0000e+00   2.9121e+02
20260930_15:00:00   1.2562e+00   1.9800e+02   9.3145e+00   2.9056e-01   1.1538e-04   2.8996e+02
20260930_18:00:00   5.4079e-01   1.1775e+02   8.4411e+00   1.9695e-02   1.3730e-06   2.8548e+02
