#            date       tau255        Tb[K]      pwv[mm] lwp[kg*m^-2] iwp[kg*m^-2]       o3[DU]
20260810_18:00:00   6.1541e-01   1.3093e+02   1.1070e+01   0.0000e+00   2.3380e-04   3.1241e+02
20260810_19:00:00   5.9894e-01   1.2836e+02   1.0844e+01   0.0000e+00   7.9980e-03   3.1078e+02
20260810_20:00:00   5.9339e-01   1.2716e+02   1.1068e+01   0.0000e+00   1.0879e-03   3.0898e+02
20260810_21:00:00   6.8534e-01   1.3994e+02   1.2653e+01   0.0000e+00   5.2203e-04   3.0998e+02
20260810_22:00:00   6.8387e-01   1.3962e+02   1.2638e+01   0.0000e+00   1.4998e-05   3.1179e+02
20260810_23:00:00   7.0255e-01   1.4192e+02   1.2902e+01   0.0000e+00   4.5971e-04   3.1624e+02
20260811_00:00:00   6.3743e-01   1.3311e+02   1.1739e+01   0.0000e+00   7.8496e-05   3.1621e+02
20260811_01:00:00   6.9567e-01   1.4032e+02   1.3189e+01   0.0000e+00   3.7062e-02   3.1573e+02
20260811_02:00:00   7.0378e-01   1.4119e+02   1.3395e+01   1.3804e-03   1.1151e-02   3.1555e+02
20260811_03:00:00   7.9819e-01   1.5303e+02   1.4109e+01   2.1717e-02   2.9081e-02   3.1716e+02
20260811_04:00:00   8.8011e-01   1.6243e+02   1.5068e+01   2.8855e-02   1.8315e-01   3.1708e+02
20260811_05:00:00   7.3129e-01   1.4429e+02   1.3959e+01   1.0984e-04   3.1942e-01   3.1906e+02
20260811_06:00:00   7.5057e-01   1.4658e+02   1.3956e+01   1.0362e-02   1.4212e-01   3.1950e+02
20260811_07:00:00   8.4691e-01   1.5826e+02   1.4738e+01   2.3039e-02   3.6366e-01   3.1828e+02
20260811_08:00:00   8.8128e-01   1.6205e+02   1.5139e+01   2.4840e-02   3.9438e-01   3.2110e+02
20260811_09:00:00   7.9493e-01   1.5207e+02   1.4815e+01   2.3780e-05   3.3469e-01   3.2112e+02
20260811_10:00:00   7.4345e-01   1.4579e+02   1.4146e+01   0.0000e+00   1.9628e-01   3.2078e+02
20260811_11:00:00   7.6387e-01   1.4843e+02   1.4432e+01   1.7850e-03   1.2689e-01   3.2074e+02
20260811_12:00:00   8.0525e-01   1.5375e+02   1.4905e+01   2.1088e-03   1.2581e-01   3.1904e+02
20260811_13:00:00   8.1851e-01   1.5561e+02   1.4896e+01   5.2080e-03   2.1178e-01   3.1863e+02
20260811_14:00:00   1.0630e+00   1.8187e+02   1.5778e+01   7.8700e-02   1.2795e-01   3.1839e+02
20260811_15:00:00   1.3422e+00   2.0516e+02   1.5017e+01   2.0924e-01   1.1188e-01   3.1831e+02
20260811_16:00:00   2.2138e+00   2.4601e+02   1.7425e+01   5.1339e-01   1.5511e-01   3.1604e+02
20260811_17:00:00   1.6622e+00   2.2408e+02   1.7748e+01   2.7066e-01   3.9862e-01   3.1333e+02
20260811_18:00:00   1.8485e+00   2.3283e+02   1.7743e+01   3.5295e-01   3.5918e-01   3.1449e+02
20260811_19:00:00   8.5298e-01   1.5922e+02   1.6076e+01   3.0900e-04   2.1425e-01   3.1626e+02
20260811_20:00:00   8.4919e-01   1.5882e+02   1.5985e+01   1.0984e-04   1.2391e-01   3.1413e+02
20260811_21:00:00   8.4272e-01   1.5813e+02   1.5840e+01   4.3720e-04   3.8615e-02   3.1489e+02
20260811_22:00:00   8.2077e-01   1.5581e+02   1.5356e+01   2.0600e-05   4.7011e-03   3.1369e+02
20260811_23:00:00   8.1089e-01   1.5480e+02   1.5065e+01   2.7780e-04   2.9921e-04   3.1156e+02
20260812_00:00:00   7.9845e-01   1.5340e+02   1.4760e+01   2.8140e-04   1.1350e-04   3.1060e+02
20260812_01:00:00   7.8025e-01   1.5132e+02   1.4338e+01   1.3686e-05   6.5361e-04   3.0904e+02
20260812_02:00:00   7.3115e-01   1.4533e+02   1.3436e+01   0.0000e+00   1.0770e-04   3.1118e+02
20260812_03:00:00   7.0345e-01   1.4177e+02   1.2895e+01   0.0000e+00   1.5140e-05   3.1199e+02
20260812_04:00:00   6.6762e-01   1.3698e+02   1.2292e+01   0.0000e+00   0.0000e+00   3.0990e+02
20260812_05:00:00   6.4105e-01   1.3322e+02   1.1890e+01   0.0000e+00   0.0000e+00   3.0702e+02
20260812_06:00:00   6.3219e-01   1.3190e+02   1.1851e+01   0.0000e+00   0.0000e+00   3.0409e+02
20260812_07:00:00   6.1160e-01   1.2886e+02   1.1600e+01   0.0000e+00   0.0000e+00   3.0291e+02
20260812_08:00:00   6.1039e-01   1.2872e+02   1.1575e+01   0.0000e+00   0.0000e+00   3.0304e+02
20260812_09:00:00   6.2785e-01   1.3137e+02   1.1822e+01   0.0000e+00   0.0000e+00   3.0249e+02
20260812_10:00:00   6.8253e-01   1.3922e+02   1.2562e+01   1.5686e-03   0.0000e+00   3.0206e+02
20260812_11:00:00   8.3342e-01   1.5864e+02   1.3521e+01   3.6466e-02   2.1960e-05   3.0172e+02
20260812_12:00:00   1.2855e+00   2.0138e+02   1.4219e+01   2.0468e-01   2.4829e-04   3.0145e+02
20260812_13:00:00   1.4813e+00   2.1473e+02   1.4774e+01   2.7153e-01   3.7420e-04   3.0154e+02
20260812_14:00:00   1.4509e+00   2.1287e+02   1.5150e+01   2.5124e-01   1.2748e-03   3.0269e+02
20260812_15:00:00   1.7074e+00   2.2689e+02   1.5877e+01   3.4339e-01   4.0288e-03   3.0277e+02
20260812_16:00:00   1.1980e+00   1.9472e+02   1.5683e+01   1.3447e-01   4.4361e-04   3.0283e+02
20260812_17:00:00   9.4068e-01   1.7095e+02   1.5631e+01   3.1135e-02   4.0520e-05   3.0470e+02
20260812_18:00:00   8.3427e-01   1.5924e+02   1.5177e+01   0.0000e+00   0.0000e+00   3.0561e+02
20260812_19:00:00   8.1603e-01   1.5716e+02   1.4893e+01   0.0000e+00   0.0000e+00   3.0511e+02
20260812_20:00:00   8.0679e-01   1.5612e+02   1.4725e+01   0.0000e+00   0.0000e+00   3.0461e+02
20260812_21:00:00   7.8186e-01   1.5300e+02   1.4459e+01   0.0000e+00   0.0000e+00   3.0612e+02
20260812_22:00:00   7.8777e-01   1.5365e+02   1.4577e+01   0.0000e+00   1.0298e-05   3.0724e+02
20260812_23:00:00   7.7566e-01   1.5207e+02   1.4449e+01   0.0000e+00   2.9840e-05   3.0647e+02
20260813_00:00:00   7.4981e-01   1.4881e+02   1.4021e+01   0.0000e+00   0.0000e+00   3.0820e+02
20260813_01:00:00   7.1902e-01   1.4486e+02   1.3487e+01   0.0000e+00   0.0000e+00   3.0999e+02
20260813_02:00:00   7.1561e-01   1.4447e+02   1.3331e+01   0.0000e+00   0.0000e+00   3.1122e+02
20260813_03:00:00   7.0286e-01   1.4277e+02   1.3119e+01   0.0000e+00   0.0000e+00   3.0965e+02
20260813_04:00:00   7.1025e-01   1.4375e+02   1.3225e+01   0.0000e+00   0.0000e+00   3.0833e+02
20260813_05:00:00   7.1963e-01   1.4494e+02   1.3377e+01   0.0000e+00   0.0000e+00   3.0658e+02
20260813_06:00:00   7.2720e-01   1.4594e+02   1.3486e+01   0.0000e+00   0.0000e+00   3.0675e+02
20260813_07:00:00   7.4573e-01   1.4835e+02   1.3782e+01   0.0000e+00   0.0000e+00   3.0703e+02
20260813_08:00:00   7.6468e-01   1.5072e+02   1.4091e+01   0.0000e+00   0.0000e+00   3.0639e+02
20260813_09:00:00   7.9086e-01   1.5401e+02   1.4468e+01   0.0000e+00   0.0000e+00   3.0449e+02
20260813_10:00:00   8.1648e-01   1.5728e+02   1.4788e+01   1.0984e-04   0.0000e+00   3.0335e+02
20260813_11:00:00   8.4941e-01   1.6139e+02   1.5182e+01   2.6085e-03   0.0000e+00   3.0234e+02
20260813_12:00:00   9.5629e-01   1.7340e+02   1.5669e+01   3.3563e-02   4.9420e-05   3.0178e+02
20260813_13:00:00   1.1230e+00   1.8961e+02   1.6291e+01   8.4704e-02   2.8196e-04   3.0209e+02
20260813_14:00:00   1.5192e+00   2.1864e+02   1.6855e+01   2.3174e-01   9.3583e-04   3.0324e+02
20260813_15:00:00   1.9118e+00   2.3812e+02   1.7200e+01   3.8092e-01   2.0716e-03   3.0345e+02
20260813_16:00:00   1.9393e+00   2.3925e+02   1.7690e+01   3.7849e-01   1.0206e-02   3.0367e+02
20260813_17:00:00   1.0106e+00   1.7929e+02   1.6503e+01   3.4009e-02   6.0218e-03   3.0370e+02
20260813_18:00:00   8.8299e-01   1.6583e+02   1.5624e+01   1.6422e-03   3.0714e-03   3.0289e+02
20260813_19:00:00   7.8480e-01   1.5403e+02   1.4313e+01   0.0000e+00   2.4110e-03   3.0257e+02
20260813_20:00:00   6.5608e-01   1.3694e+02   1.2162e+01   0.0000e+00   3.5571e-03   3.0323e+02
20260813_21:00:00   5.4123e-01   1.1969e+02   1.0198e+01   0.0000e+00   8.1580e-04   3.0370e+02
20260813_22:00:00   4.6532e-01   1.0702e+02   8.9697e+00   0.0000e+00   1.3761e-04   3.0547e+02
20260813_23:00:00   4.4051e-01   1.0258e+02   8.5756e+00   0.0000e+00   0.0000e+00   3.0689e+02
20260814_00:00:00   4.6738e-01   1.0719e+02   9.0067e+00   0.0000e+00   0.0000e+00   3.0671e+02
20260814_01:00:00   5.0563e-01   1.1357e+02   9.6559e+00   0.0000e+00   0.0000e+00   3.0696e+02
20260814_02:00:00   5.3595e-01   1.1854e+02   1.0132e+01   0.0000e+00   0.0000e+00   3.0730e+02
20260814_03:00:00   5.6503e-01   1.2322e+02   1.0529e+01   0.0000e+00   0.0000e+00   3.0803e+02
20260814_04:00:00   5.9152e-01   1.2731e+02   1.0898e+01   0.0000e+00   0.0000e+00   3.0977e+02
20260814_05:00:00   5.8004e-01   1.2566e+02   1.0649e+01   0.0000e+00   0.0000e+00   3.1130e+02
20260814_06:00:00   5.8079e-01   1.2578e+02   1.0607e+01   0.0000e+00   0.0000e+00   3.1144e+02
20260814_07:00:00   5.8569e-01   1.2652e+02   1.0664e+01   0.0000e+00   0.0000e+00   3.1158e+02
20260814_08:00:00   5.9153e-01   1.2738e+02   1.0767e+01   0.0000e+00   0.0000e+00   3.1199e+02
20260814_09:00:00   6.1453e-01   1.3082e+02   1.1113e+01   0.0000e+00   0.0000e+00   3.1219e+02
20260814_10:00:00   6.7553e-01   1.3964e+02   1.2026e+01   3.0200e-04   0.0000e+00   3.1201e+02
20260814_11:00:00   8.0201e-01   1.5609e+02   1.3290e+01   2.0262e-02   1.6476e-05   3.1053e+02
20260814_12:00:00   1.0417e+00   1.8184e+02   1.4305e+01   9.5787e-02   2.4002e-04   3.0879e+02
20260814_13:00:00   1.1807e+00   1.9391e+02   1.4166e+01   1.6124e-01   5.2383e-03   3.0849e+02
20260814_14:00:00   1.4613e+00   2.1324e+02   1.4504e+01   2.8276e-01   3.7583e-02   3.0696e+02
20260814_15:00:00   1.5685e+00   2.1923e+02   1.4337e+01   3.3506e-01   5.8837e-02   3.0484e+02
20260814_16:00:00   8.3863e-01   1.5988e+02   1.3574e+01   3.9973e-02   4.1335e-02   3.0522e+02
20260814_17:00:00   7.6161e-01   1.5053e+02   1.3554e+01   8.5236e-03   3.1594e-02   3.0311e+02
20260814_18:00:00   7.0584e-01   1.4338e+02   1.2761e+01   2.4320e-03   5.6424e-02   3.0203e+02
20260814_19:00:00   6.4870e-01   1.3560e+02   1.1832e+01   1.9358e-03   9.4461e-03   3.0292e+02
20260814_20:00:00   5.9221e-01   1.2740e+02   1.0980e+01   3.0900e-05   1.5686e-03   3.0357e+02
20260814_21:00:00   5.6892e-01   1.2385e+02   1.0625e+01   0.0000e+00   2.7300e-04   3.0384e+02
20260814_22:00:00   5.7279e-01   1.2439e+02   1.0723e+01   0.0000e+00   0.0000e+00   3.0314e+02
20260814_23:00:00   6.3495e-01   1.3347e+02   1.1726e+01   0.0000e+00   0.0000e+00   3.0263e+02
20260815_00:00:00   6.7836e-01   1.3945e+02   1.2369e+01   0.0000e+00   0.0000e+00   3.0338e+02
20260815_01:00:00   6.9622e-01   1.4185e+02   1.2624e+01   0.0000e+00   0.0000e+00   3.0367e+02
20260815_02:00:00   6.6892e-01   1.3812e+02   1.2190e+01   0.0000e+00   0.0000e+00   3.0341e+02
20260815_03:00:00   6.3346e-01   1.3311e+02   1.1630e+01   0.0000e+00   0.0000e+00   3.0346e+02
20260815_04:00:00   6.1206e-01   1.2996e+02   1.1264e+01   0.0000e+00   2.6260e-04   3.0339e+02
20260815_05:00:00   6.1862e-01   1.3084e+02   1.1344e+01   0.0000e+00   1.8290e-03   3.0363e+02
20260815_06:00:00   6.1191e-01   1.2981e+02   1.1253e+01   0.0000e+00   1.4634e-03   3.0427e+02
20260815_07:00:00   6.0212e-01   1.2833e+02   1.1089e+01   0.0000e+00   8.3200e-05   3.0354e+02
20260815_08:00:00   6.1007e-01   1.2947e+02   1.1220e+01   0.0000e+00   3.9060e-04   3.0243e+02
20260815_09:00:00   6.2068e-01   1.3098e+02   1.1410e+01   0.0000e+00   9.3040e-04   3.0129e+02
20260815_10:00:00   6.5988e-01   1.3663e+02   1.1986e+01   4.3935e-04   1.0242e-04   3.0085e+02
20260815_11:00:00   7.7058e-01   1.5138e+02   1.2776e+01   2.4307e-02   3.2658e-04   3.0097e+02
20260815_12:00:00   9.0516e-01   1.6720e+02   1.3578e+01   5.8433e-02   1.0280e-03   3.0164e+02
20260815_13:00:00   1.4010e+00   2.0970e+02   1.3916e+01   2.6019e-01   2.6874e-03   3.0172e+02
20260815_14:00:00   1.2361e+00   1.9688e+02   1.5103e+01   1.7812e-01   1.4785e-01   3.0023e+02
20260815_15:00:00   2.0877e+00   2.4165e+02   1.6836e+01   4.9699e-01   4.8434e-01   2.9689e+02
20260815_16:00:00   1.5376e+00   2.1746e+02   1.6948e+01   2.5266e-01   3.9877e-01   2.9482e+02
20260815_17:00:00   2.3284e+00   2.4974e+02   1.8313e+01   5.4098e-01   5.2849e-01   2.9445e+02
20260815_18:00:00   1.1562e+00   1.9063e+02   1.6480e+01   1.0536e-01   1.4177e-01   2.9519e+02
20260815_21:00:00   8.6930e-01   1.6202e+02   1.6115e+01   1.7726e-03   3.5767e-03   2.9513e+02
20260816_00:00:00   6.5520e-01   1.3561e+02   1.2212e+01   0.0000e+00   8.7260e-04   2.9976e+02
20260816_03:00:00   4.8127e-01   1.0859e+02   9.3220e+00   0.0000e+00   0.0000e+00   3.0083e+02
20260816_06:00:00   4.4329e-01   1.0217e+02   8.4810e+00   0.0000e+00   0.0000e+00   3.0404e+02
20260816_09:00:00   4.7864e-01   1.0848e+02   8.8207e+00   0.0000e+00   4.1180e-05   3.0373e+02
20260816_12:00:00   6.6746e-01   1.3758e+02   1.1218e+01   1.4288e-02   1.5323e-04   3.0343e+02
20260816_15:00:00   1.1042e+00   1.8657e+02   1.3508e+01   1.4030e-01   9.3787e-03   3.0319e+02
20260816_18:00:00   1.8831e+00   2.3541e+02   1.5203e+01   4.1449e-01   1.8259e-03   3.0127e+02
20260816_21:00:00   9.5568e-01   1.7150e+02   1.4247e+01   6.8215e-02   2.3471e-03   3.0109e+02
20260817_00:00:00   6.2971e-01   1.3104e+02   1.1971e+01   0.0000e+00   4.7576e-04   3.0649e+02
20260817_03:00:00   1.0214e+00   1.7706e+02   1.5485e+01   6.9551e-02   1.5839e-02   3.0557e+02
20260817_06:00:00   8.4597e-01   1.5878e+02   1.2188e+01   6.9338e-02   2.8505e-02   3.1169e+02
20260817_09:00:00   7.3387e-01   1.4489e+02   1.3025e+01   9.0658e-03   4.2729e-03   3.0806e+02
20260817_12:00:00   1.2027e+00   1.9361e+02   1.5625e+01   1.3658e-01   3.1678e-03   3.1071e+02
20260817_15:00:00   8.7709e-01   1.6321e+02   1.3063e+01   5.9930e-02   5.0557e-04   3.0695e+02
20260817_18:00:00   6.8877e-01   1.3981e+02   1.2710e+01   0.0000e+00   5.2280e-04   3.0371e+02
20260817_21:00:00   6.8759e-01   1.3924e+02   1.2838e+01   2.5120e-04   2.6120e-05   3.0226e+02
20260818_00:00:00   6.9501e-01   1.4047e+02   1.3033e+01   0.0000e+00   2.6200e-04   2.9904e+02
20260818_03:00:00   6.0542e-01   1.2814e+02   1.1457e+01   0.0000e+00   1.4418e-03   3.0066e+02
20260818_06:00:00   6.9294e-01   1.3984e+02   1.3299e+01   0.0000e+00   8.6383e-03   3.0251e+02
20260818_09:00:00   9.5688e-01   1.7105e+02   1.7439e+01   2.1634e-03   4.9802e-01   3.0902e+02
20260818_12:00:00   9.0072e-01   1.6574e+02   1.6805e+01   0.0000e+00   6.0863e-02   3.0388e+02
20260818_15:00:00   8.1722e-01   1.5714e+02   1.5226e+01   0.0000e+00   1.7664e-03   3.0151e+02
20260818_18:00:00   7.7544e-01   1.5242e+02   1.4486e+01   0.0000e+00   6.1833e-03   2.9654e+02
20260818_21:00:00   6.4752e-01   1.3517e+02   1.2804e+01   0.0000e+00   0.0000e+00   2.9795e+02
20260819_00:00:00   6.1612e-01   1.3055e+02   1.2396e+01   0.0000e+00   3.5495e-04   2.9333e+02
20260819_03:00:00   7.3200e-01   1.4630e+02   1.4261e+01   3.0896e-04   2.0229e-02   2.9031e+02
20260819_06:00:00   7.1146e-01   1.4371e+02   1.4122e+01   0.0000e+00   5.5651e-04   2.8849e+02
20260819_09:00:00   7.4107e-01   1.4728e+02   1.4763e+01   0.0000e+00   6.2755e-02   2.8763e+02
20260819_12:00:00   9.2577e-01   1.6977e+02   1.6684e+01   2.0750e-02   1.4864e-02   2.8908e+02
20260819_15:00:00   8.7567e-01   1.6436e+02   1.6145e+01   1.3264e-02   5.0904e-02   2.8771e+02
20260819_18:00:00   7.6509e-01   1.5142e+02   1.4749e+01   1.3730e-05   6.3330e-03   2.8928e+02
20260819_21:00:00   7.3268e-01   1.4706e+02   1.4150e+01   0.0000e+00   2.3222e-02   2.8910e+02
20260820_00:00:00   7.6272e-01   1.5068e+02   1.4630e+01   0.0000e+00   2.7198e-02   2.9450e+02
20260820_03:00:00   1.3897e+00   2.0775e+02   1.7344e+01   2.0193e-01   4.2539e-01   2.9503e+02
20260820_06:00:00   7.9019e-01   1.5371e+02   1.5269e+01   0.0000e+00   5.6016e-03   2.9579e+02
20260820_09:00:00   7.4539e-01   1.4844e+02   1.4433e+01   0.0000e+00   7.1453e-04   2.9801e+02
20260820_12:00:00   7.6302e-01   1.5103e+02   1.4620e+01   0.0000e+00   6.1879e-03   2.9427e+02
20260820_15:00:00   7.3842e-01   1.4756e+02   1.4417e+01   0.0000e+00   1.5496e-03   2.9414e+02
20260820_18:00:00   5.8276e-01   1.2531e+02   1.1779e+01   0.0000e+00   0.0000e+00   2.9721e+02
20260820_21:00:00   5.7257e-01   1.2332e+02   1.1598e+01   0.0000e+00   2.7460e-06   2.9772e+02
20260821_00:00:00   4.8188e-01   1.0917e+02   9.7595e+00   0.0000e+00   0.0000e+00   2.9716e+02
20260821_03:00:00   5.4993e-01   1.1975e+02   1.1023e+01   0.0000e+00   0.0000e+00   2.9556e+02
20260821_06:00:00   7.0010e-01   1.4191e+02   1.3602e+01   0.0000e+00   2.2624e-05   2.9845e+02
20260821_09:00:00   7.2685e-01   1.4549e+02   1.3964e+01   0.0000e+00   1.6096e-03   2.9971e+02
20260821_12:00:00   8.3810e-01   1.5895e+02   1.5896e+01   0.0000e+00   4.7516e-02   3.0029e+02
20260821_15:00:00   8.7520e-01   1.6345e+02   1.6392e+01   2.7460e-05   1.0426e-01   2.9861e+02
20260821_18:00:00   1.1046e+00   1.8493e+02   1.7415e+01   6.8271e-02   4.2431e-01   2.9610e+02
20260821_21:00:00   7.8962e-01   1.5314e+02   1.5047e+01   0.0000e+00   1.5770e-03   3.0152e+02
20260822_00:00:00   8.6386e-01   1.6199e+02   1.5554e+01   4.0224e-03   9.3552e-03   2.9915e+02
20260822_03:00:00   1.1716e+00   1.9143e+02   1.6514e+01   1.0978e-01   6.6334e-02   3.0093e+02
20260822_06:00:00   1.0366e+00   1.7946e+02   1.5429e+01   6.7525e-02   1.0545e-01   3.0298e+02
20260822_09:00:00   1.1123e+00   1.8527e+02   1.6512e+01   8.0924e-02   3.7086e-01   3.0536e+02
20260822_12:00:00   9.1316e-01   1.6525e+02   1.5267e+01   2.6819e-02   1.0568e+00   3.0725e+02
20260822_15:00:00   6.8316e-01   1.3922e+02   1.2200e+01   0.0000e+00   8.1320e-06   3.1031e+02
20260822_18:00:00   8.9597e-01   1.6528e+02   1.3705e+01   5.1574e-02   3.4498e-05   3.0920e+02
20260822_21:00:00   7.5991e-01   1.4805e+02   1.4233e+01   0.0000e+00   2.2741e-01   3.0802e+02
20260823_00:00:00   1.0654e+00   1.8147e+02   1.6059e+01   6.9284e-02   2.1145e-02   3.1091e+02
20260823_03:00:00   7.5242e-01   1.4732e+02   1.3413e+01   1.2661e-03   2.1940e-03   3.1943e+02
20260823_06:00:00   4.1424e-01   9.6219e+01   7.8310e+00   0.0000e+00   4.3342e-03   3.1489e+02
20260823_09:00:00   2.4215e-01   6.1185e+01   5.3302e+00   0.0000e+00   8.7871e-03   3.1043e+02
20260823_12:00:00   3.2456e-01   7.7500e+01   6.9500e+00   0.0000e+00   1.3867e-01   3.0482e+02
20260823_15:00:00   2.8602e-01   7.0715e+01   6.0907e+00   0.0000e+00   1.0696e-04   3.0456e+02
20260823_18:00:00   2.3698e-01   6.1223e+01   5.0790e+00   0.0000e+00   0.0000e+00   2.9916e+02
20260823_21:00:00   2.3513e-01   6.1094e+01   5.0988e+00   0.0000e+00   0.0000e+00   2.9771e+02
20260824_00:00:00   2.7502e-01   6.9633e+01   5.9279e+00   0.0000e+00   0.0000e+00   2.9557e+02
20260824_03:00:00   2.1097e-01   5.6494e+01   4.4232e+00   0.0000e+00   0.0000e+00   2.9620e+02
20260824_06:00:00   3.9789e-01   9.4136e+01   8.1424e+00   0.0000e+00   0.0000e+00   2.9445e+02
20260824_09:00:00   4.5230e-01   1.0410e+02   8.9943e+00   0.0000e+00   0.0000e+00   2.9674e+02
20260824_12:00:00   4.2722e-01   9.9602e+01   8.5033e+00   0.0000e+00   0.0000e+00   2.9512e+02
20260824_15:00:00   4.3017e-01   9.9971e+01   8.6571e+00   0.0000e+00   3.6140e-04   2.9592e+02
20260824_18:00:00   4.4295e-01   1.0147e+02   9.3272e+00   0.0000e+00   1.1970e-02   2.9431e+02
20260824_21:00:00   4.8466e-01   1.0841e+02   1.0305e+01   0.0000e+00   1.1322e-03   2.9281e+02
20260825_00:00:00   5.7273e-01   1.2291e+02   1.1832e+01   0.0000e+00   1.9464e-03   2.8978e+02
20260825_03:00:00   5.9553e-01   1.2645e+02   1.2238e+01   0.0000e+00   1.0704e-04   2.8837e+02
20260825_06:00:00   5.8012e-01   1.2413e+02   1.1977e+01   0.0000e+00   2.2060e-05   2.8567e+02
20260825_09:00:00   5.5181e-01   1.2000e+02   1.1356e+01   0.0000e+00   0.0000e+00   2.8469e+02
20260825_12:00:00   5.9315e-01   1.2670e+02   1.1915e+01   0.0000e+00   0.0000e+00   2.8509e+02
20260825_15:00:00   5.2883e-01   1.1759e+02   1.0208e+01   0.0000e+00   0.0000e+00   2.8653e+02
20260825_18:00:00   3.7152e-01   9.0662e+01   7.0855e+00   0.0000e+00   0.0000e+00   2.8977e+02
20260825_21:00:00   3.2703e-01   8.1814e+01   6.4532e+00   0.0000e+00   0.0000e+00   2.8466e+02
20260826_00:00:00   3.2832e-01   8.1751e+01   6.6175e+00   0.0000e+00   0.0000e+00   2.8661e+02
20260826_03:00:00   3.5490e-01   8.6501e+01   7.2238e+00   0.0000e+00   0.0000e+00   2.8572e+02
20260826_06:00:00   3.5542e-01   8.6458e+01   7.2853e+00   0.0000e+00   0.0000e+00   2.8697e+02
20260826_09:00:00   3.9251e-01   9.3431e+01   7.8346e+00   0.0000e+00   0.0000e+00   2.9140e+02
20260826_12:00:00   4.9953e-01   1.1233e+02   9.4261e+00   0.0000e+00   0.0000e+00   2.9263e+02
20260826_15:00:00   5.4676e-01   1.2012e+02   1.0104e+01   8.9240e-05   0.0000e+00   2.9580e+02
20260826_18:00:00   5.1656e-01   1.1497e+02   9.8580e+00   1.8536e-04   0.0000e+00   2.9806e+02
