#            date       tau255        Tb[K]      pwv[mm] lwp[kg*m^-2] iwp[kg*m^-2]       o3[DU]
20260826_00:00:00   5.4160e-01   1.1759e+02   1.0705e+01   0.0000e+00   0.0000e+00   3.0298e+02
20260826_01:00:00   5.5554e-01   1.1954e+02   1.1138e+01   0.0000e+00   0.0000e+00   3.0338e+02
20260826_02:00:00   5.6174e-01   1.2047e+02   1.1272e+01   0.0000e+00   0.0000e+00   3.0451e+02
20260826_03:00:00   5.3239e-01   1.1611e+02   1.0679e+01   0.0000e+00   0.0000e+00   3.0404e+02
20260826_04:00:00   5.0127e-01   1.1138e+02   1.0012e+01   0.0000e+00   0.0000e+00   3.0166e+02
20260826_05:00:00   4.8014e-01   1.0808e+02   9.5292e+00   0.0000e+00   0.0000e+00   2.9941e+02
20260826_06:00:00   4.9116e-01   1.0977e+02   9.7941e+00   0.0000e+00   0.0000e+00   2.9893e+02
20260826_07:00:00   4.2508e-01   9.8711e+01   8.4533e+00   0.0000e+00   0.0000e+00   2.9974e+02
20260826_08:00:00   3.6359e-01   8.7376e+01   7.2783e+00   0.0000e+00   7.4578e-04   3.0046e+02
20260826_09:00:00   3.4353e-01   8.3187e+01   7.0225e+00   0.0000e+00   1.3846e-03   2.9938e+02
20260826_10:00:00   3.6480e-01   8.6700e+01   7.6043e+00   0.0000e+00   5.8189e-03   2.9714e+02
20260826_11:00:00   3.9785e-01   9.2056e+01   8.3011e+00   0.0000e+00   3.7072e-01   2.9661e+02
20260826_12:00:00   5.6735e-01   1.2075e+02   1.1264e+01   0.0000e+00   3.6668e-01   2.9414e+02
20260826_13:00:00   7.1488e-01   1.4214e+02   1.3809e+01   0.0000e+00   1.7367e-01   2.9387e+02
20260826_14:00:00   7.9393e-01   1.5282e+02   1.4952e+01   0.0000e+00   1.0413e-02   2.9606e+02
20260826_15:00:00   7.9782e-01   1.5337e+02   1.4980e+01   1.7162e-05   2.3287e-02   2.9794e+02
20260826_16:00:00   7.8124e-01   1.5141e+02   1.4689e+01   0.0000e+00   1.6324e-02   2.9945e+02
20260826_17:00:00   6.7393e-01   1.3786e+02   1.2903e+01   0.0000e+00   8.7669e-03   2.9779e+02
20260826_18:00:00   6.6364e-01   1.3637e+02   1.2740e+01   0.0000e+00   5.8182e-02   2.9824e+02
20260826_19:00:00   5.8184e-01   1.2512e+02   1.1275e+01   0.0000e+00   3.2642e-04   2.9887e+02
20260826_20:00:00   6.2408e-01   1.3134e+02   1.2089e+01   0.0000e+00   0.0000e+00   2.9667e+02
20260826_21:00:00   6.2625e-01   1.3164e+02   1.2129e+01   0.0000e+00   3.7272e-04   2.9547e+02
20260826_22:00:00   6.0762e-01   1.2903e+02   1.1639e+01   0.0000e+00   2.6586e-03   2.9612e+02
20260826_23:00:00   6.2753e-01   1.3191e+02   1.1922e+01   0.0000e+00   1.3656e-02   2.9640e+02
20260827_00:00:00   5.9043e-01   1.2638e+02   1.1240e+01   0.0000e+00   1.4508e-02   2.9581e+02
20260827_01:00:00   5.3789e-01   1.1821e+02   1.0382e+01   0.0000e+00   1.0464e-02   2.9818e+02
20260827_02:00:00   4.9646e-01   1.1157e+02   9.6136e+00   0.0000e+00   1.6658e-02   3.0065e+02
20260827_03:00:00   5.5202e-01   1.2063e+02   1.0499e+01   0.0000e+00   1.4428e-02   3.0252e+02
20260827_04:00:00   6.0145e-01   1.2813e+02   1.1378e+01   0.0000e+00   2.5833e-02   3.0241e+02
20260827_05:00:00   5.7044e-01   1.2333e+02   1.1062e+01   0.0000e+00   5.9317e-02   3.0242e+02
20260827_06:00:00   5.1681e-01   1.1476e+02   1.0206e+01   0.0000e+00   4.5247e-03   3.0239e+02
20260827_07:00:00   5.8096e-01   1.2420e+02   1.1566e+01   0.0000e+00   4.4915e-02   2.9891e+02
20260827_08:00:00   6.2225e-01   1.3030e+02   1.2224e+01   0.0000e+00   1.1423e-01   2.9807e+02
20260827_09:00:00   6.4419e-01   1.3351e+02   1.2628e+01   0.0000e+00   1.0948e-01   2.9885e+02
20260827_10:00:00   6.0174e-01   1.2753e+02   1.1868e+01   0.0000e+00   3.9965e-02   3.0000e+02
20260827_11:00:00   6.6223e-01   1.3605e+02   1.3047e+01   0.0000e+00   4.1947e-02   2.9922e+02
20260827_12:00:00   8.4731e-01   1.5985e+02   1.5516e+01   1.2446e-02   3.9298e-02   2.9839e+02
20260827_13:00:00   9.4889e-01   1.7157e+02   1.7046e+01   8.7480e-03   2.5046e-02   2.9874e+02
20260827_14:00:00   1.8568e+00   2.3378e+02   1.8448e+01   3.5374e-01   1.0291e-01   2.9930e+02
20260827_15:00:00   2.1625e+00   2.4477e+02   1.8135e+01   4.9403e-01   2.3218e-01   2.9893e+02
20260827_16:00:00   2.6516e+00   2.5701e+02   1.8872e+01   6.7555e-01   3.9042e-01   2.9842e+02
20260827_17:00:00   9.6776e-01   1.7380e+02   1.6451e+01   2.8031e-02   4.8292e-03   2.9820e+02
20260827_18:00:00   8.7357e-01   1.6360e+02   1.5942e+01   4.6969e-03   1.7345e-02   2.9703e+02
20260827_19:00:00   8.0759e-01   1.5588e+02   1.5125e+01   0.0000e+00   1.2455e-02   2.9534e+02
20260827_20:00:00   8.2840e-01   1.5824e+02   1.5485e+01   5.8580e-04   1.4426e-02   2.9484e+02
20260827_21:00:00   8.1707e-01   1.5694e+02   1.5310e+01   0.0000e+00   1.8507e-03   2.9426e+02
20260827_22:00:00   8.1502e-01   1.5674e+02   1.5265e+01   0.0000e+00   6.1263e-04   2.9349e+02
20260827_23:00:00   8.4350e-01   1.6012e+02   1.5613e+01   0.0000e+00   2.5485e-02   2.9220e+02
20260828_00:00:00   1.2091e+00   1.9404e+02   1.6638e+01   1.3978e-01   6.1441e-01   2.9128e+02
20260828_01:00:00   2.1191e+00   2.4295e+02   1.8951e+01   4.4407e-01   5.7589e-01   2.9166e+02
20260828_02:00:00   1.8946e+00   2.3522e+02   1.9295e+01   3.3332e-01   4.9998e-01   2.9019e+02
20260828_03:00:00   9.1803e-01   1.6705e+02   1.6809e+01   4.4206e-03   8.9891e-02   2.9268e+02
20260828_04:00:00   9.0575e-01   1.6544e+02   1.6290e+01   6.5841e-03   2.5569e-01   2.9377e+02
20260828_05:00:00   1.4560e+00   2.1156e+02   1.7073e+01   2.1018e-01   2.7990e-01   2.9455e+02
20260828_06:00:00   1.3534e+00   2.0429e+02   1.6575e+01   1.9114e-01   2.9009e-02   2.9525e+02
20260828_07:00:00   9.9450e-01   1.7455e+02   1.6342e+01   4.2562e-02   1.4015e-01   2.9621e+02
20260828_08:00:00   8.7356e-01   1.6143e+02   1.5764e+01   1.5662e-03   3.8661e-01   2.9718e+02
20260828_09:00:00   8.9065e-01   1.6330e+02   1.5232e+01   2.2514e-02   4.2963e-01   2.9876e+02
20260828_10:00:00   8.5425e-01   1.5950e+02   1.4120e+01   3.5184e-02   2.1364e-01   2.9948e+02
20260828_11:00:00   7.0501e-01   1.4026e+02   1.3267e+01   0.0000e+00   1.5391e-01   3.0085e+02
20260828_12:00:00   6.9727e-01   1.3893e+02   1.3079e+01   1.9530e-03   2.1496e-01   3.0034e+02
20260828_13:00:00   5.9645e-01   1.2422e+02   1.1679e+01   0.0000e+00   1.3969e-01   3.0289e+02
20260828_14:00:00   5.5264e-01   1.1748e+02   1.0986e+01   0.0000e+00   1.2185e-01   3.0283e+02
20260828_15:00:00   3.9773e-01   9.1968e+01   8.0898e+00   0.0000e+00   3.6788e-02   3.0440e+02
20260828_16:00:00   3.3180e-01   8.0049e+01   6.7061e+00   0.0000e+00   8.1717e-03   3.0398e+02
20260828_17:00:00   2.8137e-01   7.0073e+01   5.7403e+00   0.0000e+00   9.9740e-03   3.0749e+02
20260828_18:00:00   3.5933e-01   8.5218e+01   7.1196e+00   0.0000e+00   2.4031e-02   3.1256e+02
20260828_19:00:00   3.8563e-01   9.0213e+01   7.4359e+00   0.0000e+00   1.4720e-02   3.1586e+02
20260828_20:00:00   4.6910e-01   1.0438e+02   8.8821e+00   0.0000e+00   7.4900e-03   3.1722e+02
20260828_21:00:00   5.0149e-01   1.0972e+02   9.1915e+00   0.0000e+00   9.8400e-04   3.2365e+02
20260828_22:00:00   4.7925e-01   1.0602e+02   8.7045e+00   0.0000e+00   1.7454e-04   3.3276e+02
20260828_23:00:00   4.7423e-01   1.0517e+02   8.6087e+00   0.0000e+00   0.0000e+00   3.4067e+02
20260829_00:00:00   3.6652e-01   8.6807e+01   6.6585e+00   0.0000e+00   0.0000e+00   3.3002e+02
20260829_01:00:00   3.0105e-01   7.4386e+01   5.5269e+00   0.0000e+00   0.0000e+00   3.2132e+02
20260829_02:00:00   2.3138e-01   6.0026e+01   4.4420e+00   0.0000e+00   0.0000e+00   3.1912e+02
20260829_03:00:00   2.0090e-01   5.3463e+01   3.9757e+00   0.0000e+00   0.0000e+00   3.1704e+02
20260829_04:00:00   1.9140e-01   5.1444e+01   3.8403e+00   0.0000e+00   0.0000e+00   3.1480e+02
20260829_05:00:00   1.8622e-01   5.0363e+01   3.7521e+00   0.0000e+00   0.0000e+00   3.0650e+02
20260829_06:00:00   1.7403e-01   4.7642e+01   3.5258e+00   0.0000e+00   4.3360e-05   2.9993e+02
20260829_07:00:00   1.6941e-01   4.6538e+01   3.4635e+00   0.0000e+00   6.6832e-04   2.9729e+02
20260829_08:00:00   1.6249e-01   4.4911e+01   3.3453e+00   0.0000e+00   1.2731e-03   2.9737e+02
20260829_09:00:00   1.5452e-01   4.3024e+01   3.2148e+00   0.0000e+00   6.2381e-03   2.9766e+02
20260829_10:00:00   1.6842e-01   4.5888e+01   3.6315e+00   0.0000e+00   1.3837e-02   2.9805e+02
20260829_11:00:00   1.9332e-01   5.1195e+01   4.2685e+00   0.0000e+00   5.5110e-03   2.9670e+02
20260829_12:00:00   2.3675e-01   6.0247e+01   5.2724e+00   0.0000e+00   5.6897e-03   2.9710e+02
20260829_13:00:00   2.7486e-01   6.8091e+01   6.0891e+00   0.0000e+00   1.3706e-02   2.9456e+02
20260829_14:00:00   2.7459e-01   6.8405e+01   6.0072e+00   0.0000e+00   8.1005e-04   2.9392e+02
20260829_15:00:00   2.7794e-01   6.9223e+01   6.0583e+00   0.0000e+00   1.0826e-04   2.9304e+02
20260829_16:00:00   2.8091e-01   6.9950e+01   6.0974e+00   0.0000e+00   7.1396e-04   2.9256e+02
20260829_17:00:00   2.7667e-01   6.9176e+01   6.0173e+00   0.0000e+00   1.8926e-05   2.9157e+02
20260829_18:00:00   2.9427e-01   7.2729e+01   6.4124e+00   0.0000e+00   0.0000e+00   2.9047e+02
20260829_19:00:00   3.5908e-01   8.5092e+01   7.7798e+00   0.0000e+00   0.0000e+00   2.8976e+02
20260829_20:00:00   4.0767e-01   9.4066e+01   8.7269e+00   0.0000e+00   0.0000e+00   2.8908e+02
20260829_21:00:00   4.4517e-01   1.0073e+02   9.4347e+00   0.0000e+00   0.0000e+00   2.8932e+02
20260829_22:00:00   4.7431e-01   1.0592e+02   9.9201e+00   0.0000e+00   0.0000e+00   2.9099e+02
20260829_23:00:00   4.9507e-01   1.0962e+02   1.0254e+01   0.0000e+00   0.0000e+00   2.9109e+02
20260830_00:00:00   4.9526e-01   1.0982e+02   1.0232e+01   0.0000e+00   0.0000e+00   2.9051e+02
20260830_01:00:00   4.9514e-01   1.0981e+02   1.0258e+01   0.0000e+00   8.9140e-06   2.8995e+02
20260830_02:00:00   5.0728e-01   1.1168e+02   1.0516e+01   0.0000e+00   1.9140e-03   2.8969e+02
20260830_03:00:00   5.2701e-01   1.1467e+02   1.0928e+01   0.0000e+00   6.0021e-03   2.8854e+02
20260830_04:00:00   5.4418e-01   1.1730e+02   1.1230e+01   0.0000e+00   2.4454e-03   2.8815e+02
20260830_05:00:00   5.6585e-01   1.2065e+02   1.1585e+01   0.0000e+00   4.9006e-04   2.8877e+02
20260830_06:00:00   5.7364e-01   1.2191e+02   1.1648e+01   0.0000e+00   4.4260e-04   2.8903e+02
20260830_07:00:00   5.7633e-01   1.2247e+02   1.1583e+01   0.0000e+00   0.0000e+00   2.8952e+02
20260830_08:00:00   5.7216e-01   1.2202e+02   1.1362e+01   0.0000e+00   0.0000e+00   2.9009e+02
20260830_09:00:00   5.6310e-01   1.2082e+02   1.1083e+01   0.0000e+00   0.0000e+00   2.9141e+02
20260830_10:00:00   5.4497e-01   1.1827e+02   1.0599e+01   0.0000e+00   0.0000e+00   2.9230e+02
20260830_11:00:00   5.3636e-01   1.1712e+02   1.0290e+01   0.0000e+00   0.0000e+00   2.9184e+02
20260830_12:00:00   5.3288e-01   1.1672e+02   1.0105e+01   0.0000e+00   0.0000e+00   2.9104e+02
20260830_13:00:00   5.6202e-01   1.2117e+02   1.0672e+01   0.0000e+00   0.0000e+00   2.9047e+02
20260830_14:00:00   5.8103e-01   1.2412e+02   1.0939e+01   0.0000e+00   0.0000e+00   2.9093e+02
20260830_15:00:00   5.7890e-01   1.2401e+02   1.0758e+01   0.0000e+00   0.0000e+00   2.8903e+02
20260830_16:00:00   5.8806e-01   1.2546e+02   1.0838e+01   0.0000e+00   0.0000e+00   2.8733e+02
20260830_17:00:00   5.6862e-01   1.2260e+02   1.0502e+01   0.0000e+00   0.0000e+00   2.8553e+02
20260830_18:00:00   5.3756e-01   1.1780e+02   9.9436e+00   0.0000e+00   0.0000e+00   2.8517e+02
20260830_19:00:00   5.1873e-01   1.1481e+02   9.6202e+00   0.0000e+00   0.0000e+00   2.8538e+02
20260830_20:00:00   5.1156e-01   1.1357e+02   9.5471e+00   0.0000e+00   0.0000e+00   2.8572e+02
20260830_21:00:00   5.3870e-01   1.1774e+02   1.0057e+01   0.0000e+00   0.0000e+00   2.8613e+02
20260830_22:00:00   5.9952e-01   1.2675e+02   1.1213e+01   0.0000e+00   0.0000e+00   2.8636e+02
20260830_23:00:00   6.2158e-01   1.2987e+02   1.1645e+01   0.0000e+00   0.0000e+00   2.8753e+02
20260831_00:00:00   5.5917e-01   1.2075e+02   1.0364e+01   0.0000e+00   0.0000e+00   2.9047e+02
20260831_03:00:00   4.5164e-01   1.0349e+02   8.0221e+00   0.0000e+00   0.0000e+00   2.9013e+02
20260831_06:00:00   3.6820e-01   8.8436e+01   6.6427e+00   0.0000e+00   0.0000e+00   2.9317e+02
20260831_09:00:00   2.6843e-01   6.8608e+01   5.0526e+00   0.0000e+00   0.0000e+00   2.9468e+02
20260831_12:00:00   3.5986e-01   8.6865e+01   6.6914e+00   0.0000e+00   0.0000e+00   2.9625e+02
20260831_15:00:00   4.6760e-01   1.0627e+02   8.6323e+00   0.0000e+00   0.0000e+00   2.9788e+02
20260831_18:00:00   4.3016e-01   9.9627e+01   8.3211e+00   0.0000e+00   0.0000e+00   2.9899e+02
20260831_21:00:00   4.8594e-01   1.0913e+02   9.3800e+00   0.0000e+00   5.9423e-05   2.9994e+02
20260901_00:00:00   4.3844e-01   1.0067e+02   8.6963e+00   0.0000e+00   1.1516e-03   3.0187e+02
20260901_03:00:00   5.2028e-01   1.1470e+02   9.9133e+00   0.0000e+00   0.0000e+00   3.0258e+02
20260901_06:00:00   6.1350e-01   1.2791e+02   1.1959e+01   0.0000e+00   1.5781e-02   3.0606e+02
20260901_09:00:00   6.4705e-01   1.3328e+02   1.2224e+01   0.0000e+00   2.5659e-02   3.0705e+02
20260901_12:00:00   7.5609e-01   1.4748e+02   1.4044e+01   0.0000e+00   1.6116e-01   3.0474e+02
20260901_15:00:00   6.5638e-01   1.3447e+02   1.2497e+01   0.0000e+00   1.8457e-01   3.0542e+02
20260901_18:00:00   6.3895e-01   1.3183e+02   1.2119e+01   0.0000e+00   2.4939e-02   3.0661e+02
20260901_21:00:00   7.0336e-01   1.4050e+02   1.3236e+01   0.0000e+00   3.8773e-02   3.1325e+02
20260902_00:00:00   7.4557e-01   1.4629e+02   1.3502e+01   1.2992e-03   2.9721e-03   3.1227e+02
20260902_03:00:00   5.8804e-01   1.2411e+02   1.1169e+01   0.0000e+00   1.7650e-02   3.1290e+02
20260902_06:00:00   5.6503e-01   1.2086e+02   1.0569e+01   0.0000e+00   1.1727e-02   3.1396e+02
20260902_09:00:00   4.3059e-01   9.8077e+01   8.5228e+00   0.0000e+00   3.3588e-02   3.1476e+02
20260902_12:00:00   4.8029e-01   1.0689e+02   9.2106e+00   0.0000e+00   1.3450e-03   3.1423e+02
20260902_15:00:00   4.2260e-01   9.7640e+01   8.1000e+00   0.0000e+00   6.8640e-06   3.1156e+02
20260902_18:00:00   3.5230e-01   8.4647e+01   7.0912e+00   0.0000e+00   1.1944e-03   3.0638e+02
20260902_21:00:00   3.2221e-01   7.8497e+01   6.7662e+00   0.0000e+00   4.1594e-04   3.0428e+02
20260903_00:00:00   3.5901e-01   8.4932e+01   7.7010e+00   0.0000e+00   9.1971e-04   3.0604e+02
20260903_03:00:00   3.5815e-01   8.5243e+01   7.4991e+00   0.0000e+00   4.9257e-05   3.0541e+02
20260903_06:00:00   3.4700e-01   8.3442e+01   7.2643e+00   0.0000e+00   3.2660e-05   3.0160e+02
20260903_09:00:00   3.3044e-01   8.0432e+01   6.9976e+00   0.0000e+00   2.2023e-04   2.9986e+02
20260903_12:00:00   3.7946e-01   8.9734e+01   7.9727e+00   0.0000e+00   1.0615e-02   2.9908e+02
20260903_15:00:00   4.2658e-01   9.8398e+01   8.9271e+00   0.0000e+00   3.5200e-06   2.9600e+02
20260903_18:00:00   4.5357e-01   1.0362e+02   9.3467e+00   0.0000e+00   2.3120e-04   2.9373e+02
20260903_21:00:00   4.5441e-01   1.0417e+02   9.3047e+00   0.0000e+00   1.1221e-04   2.9434e+02
20260904_00:00:00   5.4236e-01   1.1882e+02   1.1029e+01   0.0000e+00   2.9142e-05   2.9350e+02
20260904_03:00:00   5.5287e-01   1.2069e+02   1.1071e+01   0.0000e+00   0.0000e+00   2.9299e+02
20260904_06:00:00   5.8898e-01   1.2624e+02   1.1684e+01   0.0000e+00   0.0000e+00   2.9389e+02
20260904_09:00:00   4.8156e-01   1.0952e+02   9.4716e+00   0.0000e+00   1.4498e-04   2.9465e+02
20260904_12:00:00   4.2007e-01   9.9042e+01   8.1985e+00   0.0000e+00   0.0000e+00   2.9301e+02
20260904_15:00:00   3.9623e-01   9.4902e+01   7.6475e+00   0.0000e+00   0.0000e+00   2.9217e+02
20260904_18:00:00   3.5839e-01   8.7671e+01   7.0756e+00   0.0000e+00   0.0000e+00   2.9109e+02
20260904_21:00:00   3.2505e-01   8.1013e+01   6.5704e+00   0.0000e+00   0.0000e+00   2.9229e+02
20260905_00:00:00   2.7634e-01   7.1018e+01   5.6691e+00   0.0000e+00   0.0000e+00   2.9379e+02
20260905_03:00:00   2.2139e-01   5.9199e+01   4.5510e+00   0.0000e+00   0.0000e+00   2.9301e+02
20260905_06:00:00   2.1165e-01   5.6989e+01   4.3365e+00   0.0000e+00   0.0000e+00   2.8854e+02
20260905_09:00:00   1.9001e-01   5.2187e+01   3.8691e+00   0.0000e+00   0.0000e+00   2.8899e+02
20260905_12:00:00   2.2995e-01   6.1108e+01   4.5875e+00   0.0000e+00   0.0000e+00   2.9102e+02
20260905_15:00:00   2.4666e-01   6.4602e+01   5.0157e+00   0.0000e+00   0.0000e+00   2.9063e+02
20260905_18:00:00   2.2200e-01   5.9075e+01   4.5833e+00   0.0000e+00   0.0000e+00   2.8976e+02
20260905_21:00:00   3.1770e-01   7.9265e+01   6.3326e+00   0.0000e+00   0.0000e+00   2.9038e+02
20260906_00:00:00   3.2888e-01   8.1647e+01   6.3626e+00   0.0000e+00   3.1360e-03   2.9139e+02
20260906_03:00:00   4.6560e-01   1.0437e+02   9.8888e+00   0.0000e+00   4.2068e-03   2.9494e+02
20260906_06:00:00   6.6581e-01   1.3631e+02   1.2911e+01   0.0000e+00   7.9520e-05   2.9727e+02
20260906_09:00:00   5.8866e-01   1.2575e+02   1.1613e+01   0.0000e+00   8.6860e-04   2.9345e+02
20260906_12:00:00   5.7671e-01   1.2439e+02   1.1373e+01   0.0000e+00   1.6920e-03   2.9150e+02
20260906_15:00:00   6.3972e-01   1.3358e+02   1.2856e+01   0.0000e+00   4.3149e-03   2.8543e+02
20260906_18:00:00   6.7377e-01   1.3860e+02   1.3525e+01   0.0000e+00   4.6090e-03   2.8436e+02
20260906_21:00:00   6.3148e-01   1.3267e+02   1.2898e+01   0.0000e+00   4.8978e-03   2.8526e+02
20260907_00:00:00   5.7155e-01   1.2354e+02   1.1916e+01   0.0000e+00   1.1886e-05   2.8484e+02
20260907_03:00:00   5.6060e-01   1.2194e+02   1.1570e+01   0.0000e+00   0.0000e+00   2.8277e+02
20260907_06:00:00   5.7519e-01   1.2415e+02   1.1770e+01   0.0000e+00   0.0000e+00   2.8434e+02
20260907_09:00:00   5.8884e-01   1.2618e+02   1.2001e+01   0.0000e+00   0.0000e+00   2.8284e+02
20260907_12:00:00   6.5200e-01   1.3549e+02   1.3010e+01   0.0000e+00   6.5256e-04   2.8510e+02
20260907_15:00:00   7.8643e-01   1.5381e+02   1.4903e+01   0.0000e+00   2.4639e-05   2.8405e+02
20260907_18:00:00   7.9001e-01   1.5431e+02   1.4913e+01   0.0000e+00   1.9155e-04   2.8503e+02
20260907_21:00:00   7.2032e-01   1.4539e+02   1.3767e+01   0.0000e+00   1.5300e-04   2.8766e+02
20260908_00:00:00   6.3917e-01   1.3400e+02   1.2493e+01   0.0000e+00   2.4500e-04   2.8714e+02
20260908_03:00:00   5.1605e-01   1.1485e+02   1.0325e+01   0.0000e+00   0.0000e+00   2.8979e+02
20260908_06:00:00   4.6255e-01   1.0588e+02   9.2203e+00   0.0000e+00   9.3246e-05   2.9090e+02
20260908_09:00:00   4.5171e-01   1.0385e+02   9.0102e+00   0.0000e+00   2.9682e-03   2.9236e+02
20260908_12:00:00   5.7888e-01   1.2485e+02   1.0969e+01   0.0000e+00   5.2469e-03   2.9343e+02
20260908_15:00:00   7.7680e-01   1.5282e+02   1.3970e+01   1.0744e-03   3.7413e-02   2.9025e+02
20260908_18:00:00   9.5553e-01   1.7312e+02   1.6356e+01   1.7442e-02   1.2258e-01   2.8968e+02
20260908_21:00:00   8.1576e-01   1.5645e+02   1.5714e+01   0.0000e+00   1.0583e-01   2.9148e+02
20260909_00:00:00   7.8155e-01   1.5190e+02   1.5084e+01   0.0000e+00   7.8808e-02   2.9260e+02
20260909_03:00:00   7.4130e-01   1.4672e+02   1.4375e+01   0.0000e+00   1.0996e-03   2.9177e+02
20260909_06:00:00   7.2927e-01   1.4479e+02   1.4186e+01   0.0000e+00   1.4834e-02   2.9132e+02
20260909_09:00:00   7.1768e-01   1.4340e+02   1.3857e+01   0.0000e+00   1.4001e-03   2.8974e+02
20260909_12:00:00   6.4780e-01   1.3448e+02   1.2165e+01   1.6196e-04   5.1916e-04   2.9163e+02
20260909_15:00:00   7.4767e-01   1.4837e+02   1.3461e+01   4.2820e-03   1.4302e-03   2.8806e+02
20260909_18:00:00   6.1053e-01   1.2942e+02   1.1531e+01   0.0000e+00   0.0000e+00   2.8895e+02
20260909_21:00:00   5.7524e-01   1.2379e+02   1.0988e+01   0.0000e+00   0.0000e+00   2.8864e+02
20260910_00:00:00   4.8784e-01   1.0961e+02   9.6748e+00   0.0000e+00   1.3730e-05   2.8899e+02
20260910_03:00:00   4.8337e-01   1.0869e+02   9.5934e+00   0.0000e+00   0.0000e+00   2.8660e+02
20260910_06:00:00   4.8576e-01   1.0904e+02   9.6103e+00   0.0000e+00   1.4074e-04   2.8536e+02
20260910_09:00:00   4.8556e-01   1.0913e+02   9.5737e+00   0.0000e+00   0.0000e+00   2.8582e+02
20260910_12:00:00   5.4127e-01   1.1847e+02   1.0321e+01   0.0000e+00   0.0000e+00   2.8312e+02
20260910_15:00:00   6.4443e-01   1.3367e+02   1.2264e+01   0.0000e+00   0.0000e+00   2.8118e+02
20260910_18:00:00   6.3812e-01   1.3275e+02   1.2267e+01   0.0000e+00   6.1422e-04   2.8245e+02
20260910_21:00:00   6.0665e-01   1.2806e+02   1.1841e+01   0.0000e+00   1.2337e-02   2.8328e+02
20260911_00:00:00   6.4656e-01   1.3359e+02   1.2550e+01   0.0000e+00   6.4062e-04   2.8391e+02
