#            date       tau255        Tb[K]      pwv[mm] lwp[kg*m^-2] iwp[kg*m^-2]       o3[DU]
20260821_00:00:00   7.7576e-01   1.4954e+02   1.4421e+01   0.0000e+00   9.9016e-02   3.1462e+02
20260821_01:00:00   8.2426e-01   1.5506e+02   1.5206e+01   1.2500e-03   2.1069e-01   3.1256e+02
20260821_02:00:00   1.1724e+00   1.8878e+02   1.6105e+01   1.2620e-01   6.1384e-01   3.1023e+02
20260821_03:00:00   2.1587e+00   2.4235e+02   1.7064e+01   5.0053e-01   1.0555e+00   3.0791e+02
20260821_04:00:00   1.8406e+00   2.3126e+02   1.7079e+01   3.6084e-01   9.5275e-01   3.0923e+02
20260821_05:00:00   2.7671e+00   2.5858e+02   1.7186e+01   7.3062e-01   1.0283e+00   3.0964e+02
20260821_06:00:00   1.5218e+00   2.1466e+02   1.6357e+01   2.4479e-01   8.6872e-01   3.1307e+02
20260821_07:00:00   2.7574e+00   2.5669e+02   1.6470e+01   7.6191e-01   9.9249e-01   3.1113e+02
20260821_08:00:00   1.0425e+00   1.7786e+02   1.5334e+01   7.6477e-02   3.9939e-01   3.1175e+02
20260821_09:00:00   1.3586e+00   2.0503e+02   1.3119e+01   2.5091e-01   2.9508e-02   3.1321e+02
20260821_10:00:00   7.5367e-01   1.4717e+02   1.1246e+01   4.9959e-02   1.2225e-03   3.2172e+02
20260821_11:00:00   5.4109e-01   1.1700e+02   9.6504e+00   1.7465e-03   0.0000e+00   3.2173e+02
20260821_12:00:00   4.8911e-01   1.0858e+02   8.8468e+00   2.0750e-04   0.0000e+00   3.2342e+02
20260821_13:00:00   4.6244e-01   1.0406e+02   8.3644e+00   2.0970e-05   0.0000e+00   3.2327e+02
20260821_14:00:00   4.3116e-01   9.8595e+01   7.8600e+00   8.6370e-06   0.0000e+00   3.2134e+02
20260821_15:00:00   4.5974e-01   1.0341e+02   8.3309e+00   1.4490e-06   0.0000e+00   3.2157e+02
20260821_16:00:00   4.7396e-01   1.0579e+02   8.5438e+00   6.0540e-04   0.0000e+00   3.1990e+02
20260821_17:00:00   4.5511e-01   1.0261e+02   8.2934e+00   8.7470e-06   5.8180e-04   3.1605e+02
20260821_18:00:00   4.2031e-01   9.6633e+01   7.7061e+00   1.1680e-05   2.4698e-03   3.1258e+02
20260821_19:00:00   3.6656e-01   8.7009e+01   6.7941e+00   0.0000e+00   5.5040e-03   3.0996e+02
20260821_20:00:00   3.3575e-01   8.1090e+01   6.3307e+00   0.0000e+00   1.4154e-02   3.0826e+02
20260821_21:00:00   2.9817e-01   7.3624e+01   5.7875e+00   0.0000e+00   1.3550e-02   3.0739e+02
20260821_22:00:00   2.6830e-01   6.7449e+01   5.3661e+00   0.0000e+00   5.9405e-03   3.0747e+02
20260821_23:00:00   2.3907e-01   6.1303e+01   4.8977e+00   0.0000e+00   8.9155e-04   3.0673e+02
20260822_00:00:00   2.3267e-01   5.9714e+01   4.9220e+00   0.0000e+00   2.1990e-03   3.0440e+02
20260822_01:00:00   2.2705e-01   5.8569e+01   4.7995e+00   0.0000e+00   2.6103e-03   3.0390e+02
20260822_02:00:00   2.3424e-01   6.0070e+01   4.9586e+00   0.0000e+00   3.0856e-03   3.0165e+02
20260822_03:00:00   2.4056e-01   6.1178e+01   5.1761e+00   0.0000e+00   2.1261e-03   3.0129e+02
20260822_04:00:00   2.4224e-01   6.1253e+01   5.3169e+00   0.0000e+00   6.1932e-04   3.0123e+02
20260822_05:00:00   2.5013e-01   6.2729e+01   5.5248e+00   0.0000e+00   3.5402e-04   3.0182e+02
20260822_06:00:00   2.5602e-01   6.3828e+01   5.6706e+00   0.0000e+00   7.3710e-04   3.0236e+02
20260822_07:00:00   2.6919e-01   6.6432e+01   5.9573e+00   0.0000e+00   4.8626e-04   3.0222e+02
20260822_08:00:00   2.8269e-01   6.9186e+01   6.2009e+00   0.0000e+00   1.6946e-04   3.0232e+02
20260822_09:00:00   2.9002e-01   7.0714e+01   6.3031e+00   0.0000e+00   1.5370e-04   3.0402e+02
20260822_10:00:00   3.0608e-01   7.3907e+01   6.6182e+00   0.0000e+00   1.4351e-03   3.0496e+02
20260822_11:00:00   3.2707e-01   7.8076e+01   6.9996e+00   0.0000e+00   1.8905e-03   3.0462e+02
20260822_12:00:00   3.4625e-01   8.1990e+01   7.2949e+00   0.0000e+00   2.1305e-04   3.0334e+02
20260822_13:00:00   3.5362e-01   8.3709e+01   7.3179e+00   0.0000e+00   0.0000e+00   3.0505e+02
20260822_14:00:00   3.5972e-01   8.5076e+01   7.3556e+00   0.0000e+00   0.0000e+00   3.0562e+02
20260822_15:00:00   3.7585e-01   8.8057e+01   7.6908e+00   0.0000e+00   0.0000e+00   3.0432e+02
20260822_16:00:00   3.7680e-01   8.8246e+01   7.6925e+00   0.0000e+00   0.0000e+00   3.0340e+02
20260822_17:00:00   3.7745e-01   8.8364e+01   7.6909e+00   0.0000e+00   0.0000e+00   3.0267e+02
20260822_18:00:00   3.9124e-01   9.0854e+01   7.9343e+00   0.0000e+00   0.0000e+00   3.0135e+02
20260822_19:00:00   4.1094e-01   9.4664e+01   8.2269e+00   0.0000e+00   0.0000e+00   3.0013e+02
20260822_20:00:00   4.3250e-01   9.8785e+01   8.5656e+00   0.0000e+00   0.0000e+00   2.9913e+02
20260822_21:00:00   4.3530e-01   9.9471e+01   8.5621e+00   0.0000e+00   0.0000e+00   2.9976e+02
20260822_22:00:00   4.2440e-01   9.7708e+01   8.3239e+00   0.0000e+00   0.0000e+00   2.9967e+02
20260822_23:00:00   4.0104e-01   9.3657e+01   7.8713e+00   0.0000e+00   0.0000e+00   2.9935e+02
20260823_00:00:00   3.8304e-01   9.0390e+01   7.6012e+00   0.0000e+00   0.0000e+00   2.9888e+02
20260823_01:00:00   3.7477e-01   8.8794e+01   7.5044e+00   0.0000e+00   4.5900e-04   2.9904e+02
20260823_02:00:00   3.9497e-01   9.2192e+01   8.0161e+00   0.0000e+00   2.1160e-03   2.9882e+02
20260823_03:00:00   4.2712e-01   9.7436e+01   8.7999e+00   0.0000e+00   2.0111e-03   2.9976e+02
20260823_04:00:00   4.5797e-01   1.0256e+02   9.4333e+00   0.0000e+00   2.8938e-04   2.9977e+02
20260823_05:00:00   4.7973e-01   1.0635e+02   9.7369e+00   0.0000e+00   0.0000e+00   2.9948e+02
20260823_06:00:00   4.9004e-01   1.0822e+02   9.8462e+00   0.0000e+00   8.1320e-06   2.9948e+02
20260823_07:00:00   5.1012e-01   1.1150e+02   1.0222e+01   0.0000e+00   4.9320e-05   2.9838e+02
20260823_08:00:00   5.2706e-01   1.1431e+02   1.0497e+01   0.0000e+00   0.0000e+00   2.9757e+02
20260823_09:00:00   5.7620e-01   1.2212e+02   1.1285e+01   0.0000e+00   0.0000e+00   2.9702e+02
20260823_10:00:00   6.3966e-01   1.3171e+02   1.2196e+01   0.0000e+00   0.0000e+00   2.9867e+02
20260823_11:00:00   6.9704e-01   1.3983e+02   1.2995e+01   0.0000e+00   0.0000e+00   2.9896e+02
20260823_12:00:00   7.0611e-01   1.4123e+02   1.3023e+01   0.0000e+00   0.0000e+00   3.0021e+02
20260823_13:00:00   7.0993e-01   1.4195e+02   1.2949e+01   0.0000e+00   1.0984e-05   3.0147e+02
20260823_14:00:00   7.2559e-01   1.4418e+02   1.3163e+01   0.0000e+00   0.0000e+00   3.0165e+02
20260823_15:00:00   7.4311e-01   1.4655e+02   1.3409e+01   2.5980e-04   0.0000e+00   3.0136e+02
20260823_16:00:00   7.3889e-01   1.4616e+02   1.3281e+01   2.4660e-04   0.0000e+00   3.0130e+02
20260823_17:00:00   7.2040e-01   1.4392e+02   1.2840e+01   1.5012e-03   0.0000e+00   3.0072e+02
20260823_18:00:00   6.7618e-01   1.3814e+02   1.2076e+01   3.3920e-04   0.0000e+00   3.0030e+02
20260823_19:00:00   6.4400e-01   1.3377e+02   1.1501e+01   0.0000e+00   0.0000e+00   3.0145e+02
20260823_20:00:00   6.0234e-01   1.2783e+02   1.0773e+01   0.0000e+00   5.8740e-05   3.0229e+02
20260823_21:00:00   5.6900e-01   1.2281e+02   1.0225e+01   0.0000e+00   1.5776e-03   3.0274e+02
20260823_22:00:00   5.3246e-01   1.1714e+02   9.6461e+00   0.0000e+00   1.4062e-03   3.0125e+02
20260823_23:00:00   4.8898e-01   1.1014e+02   8.9407e+00   0.0000e+00   3.4417e-04   2.9892e+02
20260824_00:00:00   4.4850e-01   1.0331e+02   8.2490e+00   0.0000e+00   0.0000e+00   2.9815e+02
20260824_01:00:00   4.2430e-01   9.9074e+01   7.8188e+00   0.0000e+00   0.0000e+00   2.9656e+02
20260824_02:00:00   4.1504e-01   9.7364e+01   7.6621e+00   0.0000e+00   2.4538e-04   2.9655e+02
20260824_03:00:00   4.1623e-01   9.7427e+01   7.7413e+00   0.0000e+00   3.1942e-03   2.9737e+02
20260824_04:00:00   4.1471e-01   9.6924e+01   7.8381e+00   0.0000e+00   6.6401e-04   2.9824e+02
20260824_05:00:00   4.3085e-01   9.9583e+01   8.2345e+00   0.0000e+00   4.4499e-05   2.9869e+02
20260824_06:00:00   4.4531e-01   1.0214e+02   8.4862e+00   0.0000e+00   0.0000e+00   2.9933e+02
20260824_07:00:00   4.4255e-01   1.0164e+02   8.4862e+00   0.0000e+00   0.0000e+00   2.9890e+02
20260824_08:00:00   4.6148e-01   1.0489e+02   8.8790e+00   0.0000e+00   9.6340e-05   2.9775e+02
20260824_09:00:00   4.9857e-01   1.1114e+02   9.5252e+00   0.0000e+00   0.0000e+00   2.9863e+02
20260824_10:00:00   5.2138e-01   1.1492e+02   9.9444e+00   0.0000e+00   0.0000e+00   2.9780e+02
20260824_11:00:00   5.3879e-01   1.1777e+02   1.0233e+01   0.0000e+00   4.0660e-06   2.9904e+02
20260824_12:00:00   5.3055e-01   1.1660e+02   1.0063e+01   0.0000e+00   1.1386e-03   3.0046e+02
20260824_13:00:00   5.5121e-01   1.2012e+02   1.0230e+01   0.0000e+00   0.0000e+00   3.0083e+02
20260824_14:00:00   6.5407e-01   1.3556e+02   1.1563e+01   0.0000e+00   0.0000e+00   3.0065e+02
20260824_15:00:00   6.2914e-01   1.3224e+02   1.0962e+01   3.5640e-06   2.9720e-05   3.0254e+02
20260824_16:00:00   6.2221e-01   1.3100e+02   1.1025e+01   3.4710e-06   9.8834e-05   3.0082e+02
20260824_17:00:00   5.4067e-01   1.1822e+02   1.0249e+01   0.0000e+00   1.4070e-02   2.9886e+02
20260824_18:00:00   6.3348e-01   1.3149e+02   1.2092e+01   0.0000e+00   1.6228e-01   2.9808e+02
20260824_19:00:00   7.0075e-01   1.4080e+02   1.3272e+01   0.0000e+00   4.2091e-02   2.9806e+02
20260824_20:00:00   8.5780e-01   1.5991e+02   1.4690e+01   1.9826e-02   1.9490e-02   3.0189e+02
20260824_21:00:00   9.4153e-01   1.6862e+02   1.5687e+01   2.9418e-02   1.9251e-01   3.0100e+02
20260824_22:00:00   2.1696e+00   2.4363e+02   1.6955e+01   5.0038e-01   5.3688e-01   2.9749e+02
20260824_23:00:00   1.7297e+00   2.2583e+02   1.6813e+01   3.1982e-01   7.6794e-01   2.9702e+02
20260825_00:00:00   8.3929e-01   1.5700e+02   1.4794e+01   7.8786e-03   2.1280e-02   3.0212e+02
20260825_01:00:00   8.0798e-01   1.5326e+02   1.4446e+01   2.9711e-03   1.0567e-01   3.0485e+02
20260825_02:00:00   8.5463e-01   1.5886e+02   1.4089e+01   3.0083e-02   4.4006e-02   3.0513e+02
20260825_03:00:00   6.8589e-01   1.3816e+02   1.2472e+01   0.0000e+00   8.2888e-04   3.0583e+02
20260825_04:00:00   6.3540e-01   1.3139e+02   1.1583e+01   0.0000e+00   6.3640e-05   3.0455e+02
20260825_05:00:00   6.1462e-01   1.2847e+02   1.1194e+01   0.0000e+00   4.0660e-06   3.0246e+02
20260825_06:00:00   5.7812e-01   1.2308e+02   1.0660e+01   0.0000e+00   9.4620e-06   3.0335e+02
20260825_07:00:00   5.5819e-01   1.1992e+02   1.0468e+01   0.0000e+00   0.0000e+00   3.0443e+02
20260825_08:00:00   5.3271e-01   1.1585e+02   1.0190e+01   0.0000e+00   1.3106e-03   3.0479e+02
20260825_09:00:00   5.2886e-01   1.1512e+02   1.0227e+01   0.0000e+00   2.3022e-03   3.0487e+02
20260825_10:00:00   5.7134e-01   1.2164e+02   1.0965e+01   0.0000e+00   1.4968e-03   3.0619e+02
20260825_11:00:00   6.0837e-01   1.2747e+02   1.1432e+01   0.0000e+00   0.0000e+00   3.0991e+02
20260825_12:00:00   6.7645e-01   1.3744e+02   1.2217e+01   3.0213e-03   3.7620e-05   3.0695e+02
20260825_13:00:00   7.9017e-01   1.5248e+02   1.2737e+01   3.7163e-02   9.8559e-03   3.0534e+02
20260825_14:00:00   9.9561e-01   1.7559e+02   1.2794e+01   1.1771e-01   1.2066e-03   3.0427e+02
20260825_15:00:00   9.3163e-01   1.6878e+02   1.2929e+01   9.1908e-02   3.8819e-03   3.0265e+02
20260825_16:00:00   7.6952e-01   1.4983e+02   1.2854e+01   3.2080e-02   2.6882e-02   3.0288e+02
20260825_17:00:00   6.8301e-01   1.3833e+02   1.2692e+01   6.1592e-03   1.1459e-02   3.0234e+02
20260825_18:00:00   5.8921e-01   1.2499e+02   1.1430e+01   0.0000e+00   1.9793e-03   3.0036e+02
20260825_19:00:00   5.1610e-01   1.1382e+02   1.0147e+01   0.0000e+00   3.0374e-04   2.9949e+02
20260825_20:00:00   4.7696e-01   1.0733e+02   9.5680e+00   0.0000e+00   1.1186e-04   2.9959e+02
20260825_21:00:00   4.4395e-01   1.0179e+02   8.9828e+00   0.0000e+00   1.0794e-04   2.9887e+02
20260825_22:00:00   4.3633e-01   1.0048e+02   8.8910e+00   0.0000e+00   1.3074e-04   2.9871e+02
20260825_23:00:00   4.3149e-01   9.9631e+01   8.8914e+00   0.0000e+00   0.0000e+00   3.0037e+02
20260826_00:00:00   4.2217e-01   9.7969e+01   8.7770e+00   0.0000e+00   0.0000e+00   3.0102e+02
20260826_03:00:00   3.8435e-01   9.1067e+01   8.1263e+00   0.0000e+00   0.0000e+00   2.9985e+02
20260826_06:00:00   1.9902e-01   5.4025e+01   4.0146e+00   0.0000e+00   0.0000e+00   2.9652e+02
20260826_09:00:00   1.7857e-01   4.9294e+01   3.7255e+00   0.0000e+00   0.0000e+00   2.9099e+02
20260826_12:00:00   4.4571e-01   1.0330e+02   8.7978e+00   0.0000e+00   0.0000e+00   2.8569e+02
20260826_15:00:00   5.2144e-01   1.1639e+02   1.0045e+01   0.0000e+00   0.0000e+00   2.8455e+02
20260826_18:00:00   6.1776e-01   1.3119e+02   1.2080e+01   0.0000e+00   3.7080e-05   2.8470e+02
20260826_21:00:00   6.9929e-01   1.4209e+02   1.3760e+01   0.0000e+00   2.8032e-04   2.8498e+02
20260827_00:00:00   7.2394e-01   1.4510e+02   1.4127e+01   0.0000e+00   3.4943e-03   2.8980e+02
20260827_03:00:00   8.2086e-01   1.5706e+02   1.5426e+01   0.0000e+00   2.1834e-03   2.9055e+02
20260827_06:00:00   8.4486e-01   1.5937e+02   1.5711e+01   6.8640e-06   1.8002e-03   2.9363e+02
20260827_09:00:00   6.9525e-01   1.4140e+02   1.2759e+01   5.8732e-05   1.0792e-04   2.9754e+02
20260827_12:00:00   5.4949e-01   1.1992e+02   1.0218e+01   0.0000e+00   9.3371e-04   2.9652e+02
20260827_15:00:00   5.1555e-01   1.1355e+02   9.7194e+00   2.5488e-04   2.1184e-02   2.9891e+02
20260827_18:00:00   4.7776e-01   1.0578e+02   9.6369e+00   0.0000e+00   2.0233e-01   2.9788e+02
20260827_21:00:00   4.6249e-01   1.0222e+02   9.3998e+00   4.0660e-06   4.0922e-01   3.0251e+02
20260828_00:00:00   5.3496e-01   1.1369e+02   1.0558e+01   9.3342e-04   2.8183e-01   3.0681e+02
20260828_03:00:00   5.1739e-01   1.1243e+02   8.6693e+00   1.4772e-02   2.5768e-03   3.0920e+02
20260828_06:00:00   3.4713e-01   8.3101e+01   6.0529e+00   0.0000e+00   5.4920e-06   3.1872e+02
20260828_09:00:00   2.2815e-01   5.9046e+01   4.1526e+00   0.0000e+00   0.0000e+00   3.2847e+02
20260828_12:00:00   2.1085e-01   5.5529e+01   3.8513e+00   0.0000e+00   0.0000e+00   3.2295e+02
20260828_15:00:00   1.8145e-01   4.9192e+01   3.3650e+00   0.0000e+00   0.0000e+00   3.1995e+02
20260828_18:00:00   1.7700e-01   4.7868e+01   3.4032e+00   0.0000e+00   0.0000e+00   3.2067e+02
20260828_21:00:00   2.4470e-01   6.2032e+01   4.7711e+00   0.0000e+00   0.0000e+00   3.2615e+02
20260829_00:00:00   3.3502e-01   7.9729e+01   6.2634e+00   0.0000e+00   7.6886e-05   3.4027e+02
20260829_03:00:00   2.6218e-01   6.6342e+01   4.8224e+00   0.0000e+00   0.0000e+00   3.1859e+02
20260829_06:00:00   1.4843e-01   4.1682e+01   2.8294e+00   0.0000e+00   0.0000e+00   3.1278e+02
20260829_09:00:00   1.4948e-01   4.1545e+01   3.0100e+00   0.0000e+00   2.7253e-04   3.0411e+02
20260829_12:00:00   1.9218e-01   5.1198e+01   3.9732e+00   0.0000e+00   0.0000e+00   2.9721e+02
20260829_15:00:00   2.8432e-01   7.0130e+01   6.1774e+00   0.0000e+00   5.8119e-03   2.9496e+02
20260829_18:00:00   3.0975e-01   7.5312e+01   6.8127e+00   0.0000e+00   4.9754e-04   2.9021e+02
20260829_21:00:00   2.3674e-01   6.0948e+01   5.1501e+00   0.0000e+00   0.0000e+00   2.9158e+02
20260830_00:00:00   1.6507e-01   4.5684e+01   3.3985e+00   0.0000e+00   0.0000e+00   2.9179e+02
20260830_03:00:00   1.7121e-01   4.7104e+01   3.4932e+00   0.0000e+00   0.0000e+00   2.9441e+02
20260830_06:00:00   1.6648e-01   4.6000e+01   3.4114e+00   0.0000e+00   0.0000e+00   2.9303e+02
20260830_09:00:00   1.6778e-01   4.6234e+01   3.4398e+00   0.0000e+00   0.0000e+00   2.9204e+02
20260830_12:00:00   2.1360e-01   5.6599e+01   4.2342e+00   0.0000e+00   0.0000e+00   2.9316e+02
20260830_15:00:00   3.2009e-01   7.8805e+01   6.1375e+00   0.0000e+00   0.0000e+00   2.9432e+02
20260830_18:00:00   3.4312e-01   8.2790e+01   6.9818e+00   0.0000e+00   0.0000e+00   2.9524e+02
20260830_21:00:00   3.7513e-01   8.8909e+01   7.5799e+00   0.0000e+00   0.0000e+00   2.9545e+02
20260831_00:00:00   3.9753e-01   9.3092e+01   7.9988e+00   0.0000e+00   7.4988e-05   3.0121e+02
20260831_03:00:00   4.3284e-01   9.8906e+01   8.7836e+00   0.0000e+00   2.5783e-03   3.0192e+02
20260831_06:00:00   4.2945e-01   9.7906e+01   8.8941e+00   0.0000e+00   3.5744e-03   3.0023e+02
20260831_09:00:00   6.5966e-01   1.3439e+02   1.2610e+01   0.0000e+00   8.7530e-03   2.9947e+02
20260831_12:00:00   6.9636e-01   1.3874e+02   1.3177e+01   3.9870e-03   1.4621e-01   2.9710e+02
20260831_15:00:00   3.0737e+00   2.6339e+02   1.7667e+01   8.6035e-01   3.6753e-01   2.9557e+02
20260831_18:00:00   2.5498e+00   2.5379e+02   1.6907e+01   6.6315e-01   4.7731e-01   2.9813e+02
20260831_21:00:00   2.9558e+00   2.6021e+02   1.5596e+01   8.6276e-01   2.7079e-01   3.0477e+02
20260901_00:00:00   4.3649e-01   9.9077e+01   8.1361e+00   9.4741e-05   1.8102e-05   3.1705e+02
20260901_03:00:00   2.4141e-01   6.2185e+01   4.4453e+00   0.0000e+00   0.0000e+00   3.2873e+02
20260901_06:00:00   1.6507e-01   4.5520e+01   3.0251e+00   0.0000e+00   0.0000e+00   3.2107e+02
20260901_09:00:00   1.4773e-01   4.1693e+01   2.6940e+00   0.0000e+00   0.0000e+00   3.2278e+02
20260901_12:00:00   1.4631e-01   4.1418e+01   2.6354e+00   0.0000e+00   0.0000e+00   3.2275e+02
20260901_15:00:00   1.4134e-01   4.0093e+01   2.6045e+00   0.0000e+00   3.2988e-03   3.1932e+02
20260901_18:00:00   1.4963e-01   4.1662e+01   2.8940e+00   0.0000e+00   1.7056e-02   3.1698e+02
20260901_21:00:00   1.7335e-01   4.6778e+01   3.4222e+00   0.0000e+00   3.1968e-03   3.2064e+02
20260902_00:00:00   1.6252e-01   4.4328e+01   3.2476e+00   0.0000e+00   0.0000e+00   3.1969e+02
20260902_03:00:00   1.3153e-01   3.7549e+01   2.5587e+00   0.0000e+00   4.5220e-05   3.0995e+02
20260902_06:00:00   1.9198e-01   5.1019e+01   3.9588e+00   0.0000e+00   3.3673e-03   3.0787e+02
20260902_09:00:00   3.5578e-01   8.4734e+01   6.9456e+00   0.0000e+00   1.7994e-02   3.0532e+02
20260902_12:00:00   5.6468e-01   1.2007e+02   1.0515e+01   0.0000e+00   2.4956e-03   3.0738e+02
20260902_15:00:00   8.5787e-01   1.5891e+02   1.3454e+01   4.1601e-02   1.6009e-02   3.0959e+02
20260902_18:00:00   1.1587e+00   1.8778e+02   1.4585e+01   1.5318e-01   2.0222e-01   3.0930e+02
20260902_21:00:00   1.2103e+00   1.9469e+02   1.3909e+01   1.7652e-01   1.6022e-02   3.1169e+02
20260903_00:00:00   1.0987e+00   1.8331e+02   1.6054e+01   8.3507e-02   3.4262e-01   3.0717e+02
20260903_03:00:00   2.1053e+00   2.4109e+02   1.6652e+01   4.8087e-01   1.4570e+00   3.0351e+02
20260903_06:00:00   1.7986e+00   2.3032e+02   1.5161e+01   3.8913e-01   1.3917e-01   3.0595e+02
20260903_09:00:00   3.1928e+00   2.6372e+02   1.6425e+01   9.6351e-01   5.1662e-01   3.0391e+02
20260903_12:00:00   2.2092e+00   2.4754e+02   1.5010e+01   5.4891e-01   6.2580e-02   3.0794e+02
20260903_15:00:00   1.4521e+00   2.1262e+02   1.2375e+01   3.0833e-01   5.2161e-05   3.1391e+02
20260903_18:00:00   6.6115e-01   1.3473e+02   1.0588e+01   2.5992e-02   0.0000e+00   3.2096e+02
20260903_21:00:00   4.6242e-01   1.0435e+02   8.2811e+00   0.0000e+00   0.0000e+00   3.1945e+02
20260904_00:00:00   4.2503e-01   9.7878e+01   7.5447e+00   0.0000e+00   0.0000e+00   3.1796e+02
20260904_03:00:00   3.0776e-01   7.5916e+01   5.6837e+00   0.0000e+00   0.0000e+00   3.1669e+02
20260904_06:00:00   2.7459e-01   6.9254e+01   5.1074e+00   0.0000e+00   0.0000e+00   3.1930e+02
20260904_09:00:00   2.5688e-01   6.5594e+01   4.7867e+00   0.0000e+00   1.2313e-03   3.1956e+02
20260904_12:00:00   2.9705e-01   7.3582e+01   5.4263e+00   1.6290e-05   2.0468e-02   3.1634e+02
20260904_15:00:00   2.8766e-01   7.1499e+01   5.3129e+00   5.0960e-04   2.3378e-02   3.1934e+02
20260904_18:00:00   2.2615e-01   5.9089e+01   4.0152e+00   6.7860e-04   2.0178e-04   3.2210e+02
20260904_21:00:00   3.0078e-01   7.4351e+01   5.5275e+00   0.0000e+00   5.9233e-03   3.1936e+02
20260905_00:00:00   2.4483e-01   6.2788e+01   4.4924e+00   0.0000e+00   5.6435e-03   3.1456e+02
20260905_03:00:00   2.5158e-01   6.3899e+01   4.7655e+00   0.0000e+00   2.0100e-03   3.1223e+02
20260905_06:00:00   2.3738e-01   6.1000e+01   4.4524e+00   0.0000e+00   4.0956e-03   3.1409e+02
20260905_09:00:00   2.0451e-01   5.4087e+01   3.7647e+00   2.9400e-06   1.1120e-03   3.1839e+02
20260905_12:00:00   3.1413e-01   7.6966e+01   5.3626e+00   3.0739e-03   2.0920e-03   3.2195e+02
20260905_15:00:00   3.0818e-01   7.5843e+01   5.5681e+00   5.7300e-04   0.0000e+00   3.2284e+02
20260905_18:00:00   2.4493e-01   6.2818e+01   4.6681e+00   0.0000e+00   3.0856e-04   3.1726e+02
20260905_21:00:00   2.0891e-01   5.5017e+01   4.1374e+00   0.0000e+00   1.7944e-03   3.1926e+02
20260906_00:00:00   2.3302e-01   5.9911e+01   4.5705e+00   0.0000e+00   2.7573e-02   3.1515e+02
