#            date       tau255        Tb[K]      pwv[mm] lwp[kg*m^-2] iwp[kg*m^-2]       o3[DU]
20261003_06:00:00   7.7284e-01   1.4839e+02   1.1498e+01   4.9843e-02   3.6117e-02   2.8371e+02
20261003_07:00:00   6.5355e-01   1.3253e+02   1.1593e+01   8.5400e-05   6.8810e-02   2.8389e+02
20261003_08:00:00   7.0160e-01   1.3893e+02   1.2100e+01   8.5063e-03   1.2606e-01   2.8370e+02
20261003_09:00:00   8.0272e-01   1.5143e+02   1.2695e+01   3.8483e-02   8.3014e-02   2.8431e+02
20261003_10:00:00   7.7257e-01   1.4796e+02   1.2929e+01   1.9207e-02   5.5352e-02   2.8533e+02
20261003_11:00:00   7.6724e-01   1.4720e+02   1.3301e+01   7.9562e-03   1.5186e-01   2.8608e+02
20261003_12:00:00   8.2899e-01   1.5459e+02   1.3838e+01   1.9476e-02   2.6745e-01   2.8646e+02
20261003_13:00:00   8.2612e-01   1.5422e+02   1.4086e+01   1.1955e-02   2.9489e-01   2.8641e+02
20261003_14:00:00   8.3360e-01   1.5515e+02   1.4127e+01   1.5155e-02   1.6632e-01   2.8515e+02
20261003_15:00:00   8.7057e-01   1.5958e+02   1.4112e+01   3.0258e-02   8.8380e-02   2.8406e+02
20261003_16:00:00   8.5220e-01   1.5748e+02   1.4032e+01   2.3767e-02   1.1167e-01   2.8274e+02
20261003_17:00:00   8.7084e-01   1.5967e+02   1.3979e+01   3.2556e-02   8.2502e-02   2.8169e+02
20261003_18:00:00   9.0033e-01   1.6308e+02   1.3899e+01   4.6283e-02   2.8720e-02   2.8139e+02
20261003_19:00:00   1.2013e+00   1.9184e+02   1.3759e+01   1.7389e-01   1.0317e-02   2.8149e+02
20261003_20:00:00   1.1545e+00   1.8790e+02   1.3603e+01   1.5970e-01   2.1872e-03   2.8175e+02
20261003_21:00:00   9.4919e-01   1.6839e+02   1.3230e+01   8.4863e-02   5.8084e-04   2.8121e+02
20261003_22:00:00   9.0026e-01   1.6309e+02   1.2960e+01   7.1331e-02   7.3483e-04   2.8051e+02
20261003_23:00:00   7.5509e-01   1.4603e+02   1.2803e+01   1.3692e-02   8.3108e-04   2.7977e+02
20261004_00:00:00   7.4173e-01   1.4439e+02   1.2647e+01   1.1014e-02   7.4689e-04   2.7757e+02
20261004_01:00:00   7.2142e-01   1.4174e+02   1.2451e+01   7.0673e-03   1.1053e-03   2.7784e+02
20261004_02:00:00   7.4609e-01   1.4494e+02   1.2325e+01   1.9457e-02   2.9545e-03   2.7856e+02
20261004_03:00:00   7.8050e-01   1.4928e+02   1.2309e+01   3.4260e-02   1.7800e-02   2.7816e+02
20261004_04:00:00   7.2744e-01   1.4231e+02   1.2448e+01   1.1437e-02   2.0446e-02   2.7696e+02
20261004_05:00:00   7.1524e-01   1.4070e+02   1.2455e+01   6.1745e-03   2.1547e-03   2.7593e+02
20261004_06:00:00   7.0798e-01   1.3979e+02   1.2262e+01   6.6270e-03   1.8662e-04   2.7525e+02
20261004_07:00:00   7.0334e-01   1.3924e+02   1.2144e+01   7.8717e-03   3.0695e-04   2.7596e+02
20261004_08:00:00   6.7351e-01   1.3522e+02   1.1959e+01   2.1551e-03   1.3248e-03   2.7684e+02
20261004_09:00:00   6.5872e-01   1.3320e+02   1.1847e+01   1.5402e-05   5.4320e-03   2.7807e+02
20261004_10:00:00   6.6061e-01   1.3349e+02   1.1762e+01   2.8925e-03   6.5933e-03   2.7875e+02
20261004_11:00:00   6.5822e-01   1.3328e+02   1.1651e+01   4.1679e-03   1.3505e-03   2.7974e+02
20261004_12:00:00   6.7809e-01   1.3608e+02   1.1794e+01   8.2215e-03   3.3942e-03   2.7977e+02
20261004_13:00:00   7.5014e-01   1.4556e+02   1.2135e+01   2.8977e-02   4.0438e-03   2.7966e+02
20261004_14:00:00   9.6417e-01   1.7041e+02   1.2453e+01   1.0882e-01   1.1204e-02   2.7858e+02
20261004_15:00:00   1.0571e+00   1.7924e+02   1.2627e+01   1.4566e-01   3.2170e-02   2.7735e+02
20261004_16:00:00   1.0751e+00   1.8066e+02   1.2729e+01   1.5285e-01   3.9119e-02   2.7830e+02
20261004_17:00:00   9.7407e-01   1.7082e+02   1.2709e+01   1.1255e-01   6.0851e-02   2.7969e+02
20261004_18:00:00   7.3778e-01   1.4362e+02   1.2613e+01   1.9306e-02   4.9527e-02   2.7885e+02
20261004_19:00:00   6.8412e-01   1.3652e+02   1.2465e+01   2.4832e-03   6.0430e-02   2.7884e+02
20261004_20:00:00   6.8278e-01   1.3629e+02   1.2502e+01   1.1360e-03   7.0532e-02   2.7832e+02
20261004_21:00:00   6.9415e-01   1.3774e+02   1.2687e+01   1.1910e-03   8.9616e-02   2.7864e+02
20261004_22:00:00   6.9894e-01   1.3837e+02   1.2792e+01   1.1362e-03   8.4263e-02   2.8003e+02
20261004_23:00:00   7.0140e-01   1.3861e+02   1.2860e+01   3.8780e-04   6.5396e-02   2.8130e+02
20261005_00:00:00   7.0268e-01   1.3870e+02   1.2875e+01   1.2356e-04   1.1868e-01   2.8357e+02
20261005_01:00:00   7.1010e-01   1.3963e+02   1.2960e+01   1.2356e-04   1.5019e-01   2.8436e+02
20261005_02:00:00   7.1031e-01   1.3966e+02   1.2922e+01   1.2700e-04   1.5659e-01   2.8597e+02
20261005_03:00:00   7.1615e-01   1.4041e+02   1.2929e+01   1.1697e-04   1.8357e-01   2.8814e+02
20261005_04:00:00   7.0398e-01   1.3891e+02   1.2633e+01   1.5583e-03   2.0076e-01   2.9090e+02
20261005_05:00:00   6.7952e-01   1.3595e+02   1.2087e+01   3.3170e-03   9.1973e-02   2.9410e+02
20261005_06:00:00   6.7870e-01   1.3623e+02   1.1406e+01   1.7122e-02   2.1417e-02   2.9554e+02
20261005_07:00:00   6.1261e-01   1.2731e+02   1.0397e+01   1.0400e-02   3.7557e-04   2.9474e+02
20261005_08:00:00   5.5295e-01   1.1859e+02   9.6262e+00   1.7726e-03   0.0000e+00   2.9377e+02
20261005_09:00:00   5.1955e-01   1.1350e+02   9.0898e+00   6.3400e-06   0.0000e+00   2.9392e+02
20261005_10:00:00   5.0723e-01   1.1158e+02   8.7898e+00   1.0224e-03   0.0000e+00   2.9366e+02
20261005_11:00:00   5.7678e-01   1.2272e+02   8.7872e+00   2.7464e-02   0.0000e+00   2.9415e+02
20261005_12:00:00   5.7689e-01   1.2267e+02   8.9434e+00   2.2588e-02   0.0000e+00   2.9404e+02
20261005_13:00:00   9.2473e-01   1.6752e+02   9.2249e+00   1.5468e-01   8.2470e-06   2.9322e+02
20261005_14:00:00   1.5641e+00   2.1863e+02   9.5819e+00   4.0512e-01   4.3940e-05   2.9297e+02
20261005_15:00:00   1.4966e+00   2.1414e+02   9.5481e+00   3.8203e-01   2.0573e-04   2.9183e+02
20261005_16:00:00   1.1754e+00   1.9083e+02   9.3266e+00   2.5864e-01   1.3933e-04   2.8986e+02
20261005_17:00:00   9.1968e-01   1.6641e+02   9.1343e+00   1.6087e-01   4.5774e-04   2.8796e+02
20261005_18:00:00   6.7459e-01   1.3645e+02   8.8636e+00   6.9010e-02   8.6860e-05   2.8697e+02
20261005_19:00:00   6.8103e-01   1.3729e+02   8.7063e+00   7.7777e-02   2.0793e-05   2.8716e+02
20261005_20:00:00   6.1018e-01   1.2710e+02   8.6305e+00   5.3793e-02   1.9684e-05   2.8697e+02
20261005_21:00:00   5.8220e-01   1.2268e+02   8.7976e+00   4.2108e-02   1.7739e-03   2.8542e+02
20261005_22:00:00   5.5325e-01   1.1801e+02   9.0420e+00   2.7295e-02   3.6760e-03   2.8501e+02
20261005_23:00:00   5.4132e-01   1.1596e+02   9.2508e+00   1.9624e-02   3.1425e-03   2.8536e+02
20261006_00:00:00   5.3873e-01   1.1540e+02   9.3620e+00   1.7453e-02   4.5953e-03   2.8520e+02
20261006_01:00:00   5.2485e-01   1.1302e+02   9.5725e+00   7.2690e-03   8.7095e-03   2.8478e+02
20261006_02:00:00   5.4663e-01   1.1637e+02   9.8454e+00   9.6500e-03   7.8812e-03   2.8423e+02
20261006_03:00:00   5.7481e-01   1.2064e+02   1.0077e+01   1.5257e-02   1.0366e-02   2.8543e+02
20261006_04:00:00   5.8027e-01   1.2146e+02   1.0015e+01   1.8793e-02   1.7493e-02   2.8745e+02
20261006_05:00:00   5.6002e-01   1.1841e+02   9.7713e+00   1.6570e-02   2.7700e-03   2.8854e+02
20261006_06:00:00   5.4856e-01   1.1666e+02   9.6017e+00   1.6419e-02   9.7843e-04   2.8861e+02
20261006_07:00:00   5.5356e-01   1.1743e+02   9.6235e+00   1.7508e-02   5.8663e-04   2.8950e+02
20261006_08:00:00   5.6360e-01   1.1889e+02   9.9142e+00   1.2852e-02   1.1689e-04   2.9108e+02
20261006_09:00:00   5.6143e-01   1.1850e+02   1.0074e+01   7.6318e-03   3.4200e-04   2.9204e+02
20261006_10:00:00   5.5021e-01   1.1676e+02   1.0146e+01   1.0874e-03   8.5206e-04   2.9163e+02
20261006_11:00:00   5.5227e-01   1.1709e+02   1.0195e+01   9.8000e-04   1.5552e-03   2.9116e+02
20261006_12:00:00   5.6194e-01   1.1870e+02   1.0233e+01   3.0964e-03   1.3062e-03   2.9018e+02
20261006_13:00:00   6.1700e-01   1.2700e+02   1.0685e+01   1.2678e-02   5.1408e-03   2.8984e+02
20261006_14:00:00   6.8364e-01   1.3642e+02   1.1067e+01   3.0137e-02   1.2099e-02   2.8865e+02
20261006_15:00:00   6.4813e-01   1.3127e+02   1.1231e+01   1.3377e-02   4.2940e-02   2.8729e+02
20261006_16:00:00   6.8567e-01   1.3630e+02   1.1628e+01   2.0299e-02   9.6972e-02   2.8819e+02
20261006_17:00:00   6.7239e-01   1.3440e+02   1.1769e+01   1.2708e-02   9.1394e-02   2.8690e+02
20261006_18:00:00   6.5367e-01   1.3178e+02   1.1742e+01   6.0071e-03   3.9833e-02   2.8734e+02
20261006_19:00:00   6.3568e-01   1.2942e+02   1.1428e+01   5.1529e-03   3.3574e-03   2.8642e+02
20261006_20:00:00   6.0210e-01   1.2465e+02   1.1065e+01   9.2805e-04   2.4721e-03   2.8566e+02
20261006_21:00:00   5.9584e-01   1.2375e+02   1.0943e+01   5.4480e-04   1.6975e-03   2.8599e+02
20261006_22:00:00   5.7111e-01   1.2007e+02   1.0543e+01   3.2970e-04   5.0795e-04   2.8578e+02
20261006_23:00:00   5.6035e-01   1.1839e+02   1.0385e+01   1.0420e-05   6.3801e-04   2.8723e+02
20261007_00:00:00   5.5233e-01   1.1714e+02   1.0335e+01   8.7700e-06   1.5758e-03   2.8726e+02
20261007_01:00:00   6.0605e-01   1.2524e+02   1.1024e+01   3.6500e-03   7.4055e-03   2.8635e+02
20261007_02:00:00   6.5002e-01   1.3147e+02   1.1620e+01   5.9580e-03   1.2931e-02   2.8648e+02
20261007_03:00:00   6.9153e-01   1.3715e+02   1.2089e+01   1.0086e-02   2.0331e-02   2.8646e+02
20261007_04:00:00   6.8176e-01   1.3581e+02   1.2213e+01   5.3440e-03   6.1917e-03   2.8679e+02
20261007_05:00:00   9.0412e-01   1.6344e+02   1.2523e+01   8.5590e-02   4.8026e-04   2.8715e+02
20261007_06:00:00   7.8768e-01   1.4989e+02   1.2441e+01   4.0490e-02   5.5144e-03   2.8758e+02
20261007_07:00:00   1.0115e+00   1.7476e+02   1.2984e+01   1.1670e-01   1.6339e-02   2.8941e+02
20261007_08:00:00   8.8703e-01   1.6161e+02   1.3156e+01   6.2721e-02   7.3348e-02   2.9067e+02
20261007_09:00:00   9.4086e-01   1.6719e+02   1.3503e+01   7.4938e-02   2.8875e-01   2.9124e+02
20261007_10:00:00   1.1880e+00   1.9037e+02   1.4169e+01   1.5774e-01   5.5345e-01   2.9001e+02
20261007_11:00:00   1.7933e+00   2.2827e+02   1.4497e+01   3.9982e-01   4.4515e-01   2.8819e+02
20261007_12:00:00   2.4688e+00   2.5124e+02   1.4284e+01   6.8442e-01   1.4625e-01   2.8769e+02
20261007_13:00:00   3.0048e+00   2.6110e+02   1.4591e+01   9.0230e-01   1.8422e-01   2.8760e+02
20261007_14:00:00   2.7359e+00   2.5614e+02   1.4872e+01   7.8684e-01   4.5056e-01   2.8706e+02
20261007_15:00:00   1.9874e+00   2.3646e+02   1.4751e+01   4.7290e-01   5.8217e-01   2.8680e+02
20261007_16:00:00   1.7933e+00   2.2833e+02   1.4766e+01   3.8948e-01   9.0662e-01   2.8659e+02
20261007_17:00:00   1.9250e+00   2.3396e+02   1.4848e+01   4.4530e-01   6.0957e-01   2.8742e+02
20261007_18:00:00   1.5506e+00   2.1557e+02   1.4790e+01   2.8798e-01   1.1620e+00   2.8797e+02
20261007_19:00:00   2.4941e+00   2.5084e+02   1.4782e+01   6.9268e-01   5.4881e-01   2.8808e+02
20261007_20:00:00   3.1404e+00   2.6280e+02   1.4780e+01   9.5128e-01   1.3281e-01   2.8862e+02
20261007_21:00:00   3.0942e+00   2.6270e+02   1.5034e+01   9.1638e-01   4.3167e-01   2.8940e+02
20261007_22:00:00   3.0441e+00   2.6154e+02   1.4927e+01   9.0212e-01   5.3856e-01   2.8896e+02
20261007_23:00:00   3.6703e+00   2.6791e+02   1.4844e+01   1.1694e+00   3.6477e-01   2.8738e+02
20261008_00:00:00   3.5620e+00   2.6792e+02   1.4522e+01   1.1187e+00   9.9168e-02   2.8666e+02
20261008_01:00:00   2.7335e+00   2.5727e+02   1.4039e+01   7.9387e-01   8.0973e-02   2.8811e+02
20261008_02:00:00   2.2010e+00   2.4480e+02   1.3211e+01   5.9092e-01   4.6275e-02   2.8962e+02
20261008_03:00:00   1.4931e+00   2.1367e+02   1.2445e+01   3.1702e-01   1.6693e-02   2.8926e+02
20261008_04:00:00   1.3357e+00   2.0331e+02   1.1943e+01   2.6281e-01   9.3754e-03   2.8784e+02
20261008_05:00:00   9.3202e-01   1.6748e+02   1.1538e+01   1.0936e-01   4.0768e-03   2.8888e+02
20261008_06:00:00   8.5883e-01   1.5940e+02   1.0960e+01   9.2916e-02   2.1739e-03   2.9069e+02
20261008_09:00:00   9.0509e-01   1.6452e+02   9.8723e+00   1.3981e-01   6.4920e-03   2.9682e+02
20261008_12:00:00   4.9921e-01   1.0944e+02   9.0048e+00   1.3064e-03   5.2796e-03   3.0284e+02
20261008_15:00:00   5.7302e-01   1.2075e+02   1.0329e+01   1.7550e-03   2.1884e-04   3.0163e+02
20261008_18:00:00   5.5711e-01   1.1832e+02   1.0020e+01   9.5014e-04   6.5778e-05   3.0157e+02
20261008_21:00:00   4.4027e-01   9.9894e+01   7.9173e+00   2.1830e-03   0.0000e+00   3.0501e+02
20261009_00:00:00   3.5541e-01   8.4766e+01   6.5263e+00   1.6020e-03   0.0000e+00   3.0678e+02
20261009_03:00:00   3.6154e-01   8.5901e+01   6.4052e+00   6.8400e-03   0.0000e+00   3.0264e+02
20261009_06:00:00   3.3132e-01   8.0154e+01   6.2744e+00   0.0000e+00   0.0000e+00   2.9979e+02
20261009_09:00:00   3.4439e-01   8.2802e+01   6.4459e+00   0.0000e+00   0.0000e+00   2.9961e+02
20261009_12:00:00   3.4616e-01   8.3278e+01   6.4236e+00   0.0000e+00   0.0000e+00   2.9524e+02
20261009_15:00:00   3.6681e-01   8.7315e+01   6.6413e+00   3.8540e-05   0.0000e+00   2.9337e+02
20261009_18:00:00   3.7399e-01   8.8548e+01   6.7947e+00   0.0000e+00   0.0000e+00   2.8984e+02
20261009_21:00:00   3.5612e-01   8.5178e+01   6.5284e+00   0.0000e+00   0.0000e+00   2.8812e+02
20261010_00:00:00   3.3423e-01   8.1013e+01   6.1336e+00   0.0000e+00   0.0000e+00   2.8562e+02
20261010_03:00:00   3.0752e-01   7.5789e+01   5.6899e+00   0.0000e+00   0.0000e+00   2.8383e+02
20261010_06:00:00   2.9637e-01   7.3412e+01   5.5752e+00   0.0000e+00   0.0000e+00   2.8544e+02
20261010_09:00:00   3.0882e-01   7.5618e+01   5.9428e+00   0.0000e+00   0.0000e+00   2.8447e+02
20261010_12:00:00   3.8756e-01   9.0215e+01   7.4383e+00   2.7200e-04   0.0000e+00   2.8546e+02
20261010_15:00:00   4.1518e-01   9.5211e+01   7.4072e+00   1.2165e-02   0.0000e+00   2.8797e+02
20261010_18:00:00   2.8636e-01   7.0644e+01   5.7299e+00   0.0000e+00   0.0000e+00   2.8825e+02
20261010_21:00:00   3.5648e-01   8.3999e+01   7.1209e+00   0.0000e+00   0.0000e+00   2.9158e+02
20261011_00:00:00   3.9925e-01   9.1741e+01   7.8772e+00   0.0000e+00   1.7702e-04   2.9155e+02
20261011_03:00:00   3.9565e-01   9.1361e+01   7.6920e+00   0.0000e+00   0.0000e+00   2.9530e+02
20261011_06:00:00   3.4673e-01   8.2876e+01   6.5499e+00   0.0000e+00   3.1300e-04   2.9703e+02
20261011_09:00:00   2.7923e-01   7.0050e+01   5.1738e+00   0.0000e+00   2.0536e-03   2.9285e+02
20261011_12:00:00   1.9650e-01   5.2745e+01   3.4504e+00   1.3980e-03   6.4417e-04   2.9250e+02
20261011_15:00:00   1.9880e-01   5.2742e+01   3.8100e+00   0.0000e+00   5.5771e-03   2.9089e+02
20261011_18:00:00   2.1571e-01   5.6800e+01   3.9931e+00   0.0000e+00   0.0000e+00   3.0402e+02
20261011_21:00:00   1.7892e-01   4.8708e+01   3.3064e+00   0.0000e+00   0.0000e+00   3.0068e+02
20261012_00:00:00   1.5059e-01   4.2162e+01   2.8097e+00   0.0000e+00   0.0000e+00   2.9854e+02
20261012_03:00:00   1.4751e-01   4.1142e+01   2.8282e+00   0.0000e+00   0.0000e+00   3.0169e+02
20261012_06:00:00   1.6313e-01   4.4443e+01   3.2279e+00   0.0000e+00   2.3235e-03   3.0017e+02
20261012_09:00:00   1.9780e-01   5.1876e+01   4.0225e+00   0.0000e+00   6.8727e-03   3.0609e+02
20261012_12:00:00   2.1684e-01   5.6218e+01   4.3599e+00   0.0000e+00   0.0000e+00   3.0910e+02
20261012_15:00:00   2.3474e-01   6.0383e+01   4.6401e+00   0.0000e+00   4.0660e-06   3.0195e+02
20261012_18:00:00   2.4247e-01   6.2341e+01   4.7562e+00   0.0000e+00   2.3689e-03   2.9082e+02
20261012_21:00:00   2.6076e-01   6.6207e+01   5.0955e+00   0.0000e+00   2.3776e-05   2.9144e+02
20261013_00:00:00   2.5178e-01   6.4372e+01   4.8887e+00   0.0000e+00   1.0254e-03   2.8836e+02
20261013_03:00:00   2.4097e-01   6.2145e+01   4.6769e+00   0.0000e+00   1.6924e-04   2.8633e+02
20261013_06:00:00   2.0961e-01   5.5603e+01   4.0660e+00   0.0000e+00   5.0160e-04   2.8304e+02
20261013_09:00:00   2.0254e-01   5.4153e+01   3.8718e+00   0.0000e+00   1.6600e-05   2.8216e+02
20261013_12:00:00   2.1929e-01   5.7878e+01   4.0977e+00   0.0000e+00   0.0000e+00   2.8011e+02
20261013_15:00:00   2.3874e-01   6.2147e+01   4.3801e+00   0.0000e+00   0.0000e+00   2.7779e+02
20261013_18:00:00   2.0993e-01   5.6041e+01   3.8884e+00   0.0000e+00   0.0000e+00   2.7840e+02
20261013_21:00:00   1.7302e-01   4.7806e+01   3.2895e+00   0.0000e+00   0.0000e+00   2.7779e+02
20261014_00:00:00   1.6345e-01   4.5575e+01   3.1137e+00   0.0000e+00   0.0000e+00   2.7512e+02
20261014_03:00:00   1.5283e-01   4.3105e+01   2.8923e+00   0.0000e+00   2.1420e-05   2.7643e+02
20261014_06:00:00   1.5006e-01   4.2385e+01   2.8728e+00   0.0000e+00   2.9680e-05   2.8113e+02
20261014_09:00:00   1.5236e-01   4.2801e+01   2.9463e+00   0.0000e+00   2.9720e-06   2.8289e+02
20261014_12:00:00   1.2673e-01   3.6464e+01   2.4946e+00   0.0000e+00   0.0000e+00   2.9019e+02
20261014_15:00:00   1.2900e-01   3.7055e+01   2.4655e+00   0.0000e+00   0.0000e+00   3.0009e+02
20261014_18:00:00   1.5754e-01   4.3470e+01   3.0696e+00   0.0000e+00   7.4580e-03   3.0043e+02
20261014_21:00:00   2.5465e-01   6.3321e+01   5.2053e+00   0.0000e+00   5.0566e-02   3.0388e+02
20261015_00:00:00   3.9410e-01   8.9839e+01   7.6218e+00   0.0000e+00   3.6183e-03   3.0821e+02
20261015_03:00:00   1.3786e+00   2.0308e+02   1.0884e+01   3.2007e-01   3.3714e-01   3.1102e+02
20261015_06:00:00   7.3796e-01   1.4244e+02   1.0234e+01   6.8590e-02   6.9586e-02   3.1081e+02
20261015_09:00:00   5.2529e-01   1.1308e+02   6.8472e+00   5.8404e-02   4.0680e-04   3.1284e+02
20261015_12:00:00   4.3691e-01   9.7713e+01   7.4139e+00   1.4719e-02   1.0693e-02   2.9763e+02
20261015_15:00:00   5.4167e-01   1.1412e+02   9.2671e+00   1.5640e-02   3.3008e-02   3.0259e+02
20261015_18:00:00   1.2712e+00   1.9554e+02   1.0389e+01   2.8252e-01   4.5356e-01   3.1941e+02
20261015_21:00:00   7.7001e-01   1.4621e+02   1.0183e+01   8.1178e-02   1.5894e-01   3.2306e+02
20261016_00:00:00   8.3551e-01   1.5402e+02   1.0373e+01   1.0257e-01   3.6986e-01   3.2757e+02
20261016_03:00:00   7.6278e-01   1.4576e+02   1.0018e+01   8.1527e-02   5.4557e-02   3.3836e+02
20261016_06:00:00   6.7286e-01   1.3430e+02   8.9285e+00   7.1040e-02   4.0167e-04   3.4314e+02
20261016_09:00:00   5.2158e-01   1.1223e+02   8.2523e+00   2.3477e-02   2.4777e-04   3.2124e+02
20261016_12:00:00   4.2205e-01   9.5934e+01   7.6187e+00   1.7880e-05   2.9839e-04   3.1618e+02
20261016_15:00:00   3.4103e-01   8.1071e+01   6.5360e+00   2.5620e-06   1.5966e-02   3.1350e+02
20261016_18:00:00   2.1799e-01   5.6729e+01   4.0981e+00   5.1770e-04   9.0820e-06   3.0862e+02
20261016_21:00:00   2.0772e-01   5.4227e+01   3.9674e+00   0.0000e+00   2.0209e-02   3.0650e+02
20261017_00:00:00   2.3447e-01   5.8895e+01   4.8243e+00   0.0000e+00   5.4345e-02   3.1091e+02
20261017_03:00:00   2.4113e-01   5.9905e+01   4.9899e+00   0.0000e+00   1.8797e-02   3.1045e+02
20261017_06:00:00   3.3043e-01   7.7808e+01   6.5886e+00   0.0000e+00   1.7636e-03   3.0014e+02
20261017_09:00:00   3.1371e-01   7.4648e+01   6.2288e+00   0.0000e+00   4.3720e-06   2.9910e+02
20261017_12:00:00   4.3830e-01   9.8132e+01   7.3008e+00   1.6203e-02   1.0328e-04   2.9798e+02
20261017_15:00:00   3.4980e-01   8.2670e+01   6.1981e+00   0.0000e+00   8.9772e-04   2.9707e+02
20261017_18:00:00   3.5077e-01   8.3213e+01   5.3888e+00   1.9333e-02   1.4889e-03   2.8408e+02
20261017_21:00:00   3.9467e-01   9.1653e+01   4.7713e+00   5.1400e-02   3.8900e-04   2.7135e+02
20261018_00:00:00   2.2840e-01   5.9095e+01   4.3976e+00   0.0000e+00   2.6179e-03   2.7108e+02
20261018_03:00:00   3.1373e-01   7.6663e+01   6.0301e+00   0.0000e+00   0.0000e+00   2.6918e+02
20261018_06:00:00   4.5162e-01   1.0148e+02   9.0808e+00   0.0000e+00   2.6628e-03   2.6395e+02
20261018_09:00:00   6.0176e-01   1.2558e+02   1.1670e+01   0.0000e+00   3.9103e-04   2.6137e+02
20261018_12:00:00   5.6229e-01   1.2044e+02   1.0571e+01   0.0000e+00   1.1886e-05   2.6425e+02
20261018_15:00:00   5.4065e-01   1.1727e+02   1.0135e+01   0.0000e+00   0.0000e+00   2.6693e+02
20261018_18:00:00   4.6396e-01   1.0546e+02   8.4247e+00   0.0000e+00   0.0000e+00   2.6622e+02
20261018_21:00:00   3.9804e-01   9.3918e+01   7.2451e+00   0.0000e+00   0.0000e+00   2.6982e+02
20261019_00:00:00   3.5331e-01   8.5475e+01   6.5071e+00   0.0000e+00   0.0000e+00   2.7049e+02
20261019_03:00:00   3.7513e-01   8.9321e+01   6.9802e+00   0.0000e+00   1.0875e-03   2.7266e+02
20261019_06:00:00   3.4883e-01   8.4073e+01   6.6414e+00   0.0000e+00   9.9590e-03   2.7607e+02
