#            date       tau255        Tb[K]      pwv[mm] lwp[kg*m^-2] iwp[kg*m^-2]       o3[DU]
20260815_12:00:00   9.7031e-01   1.7344e+02   1.3519e+01   9.3038e-02   2.5608e-03   3.0623e+02
20260815_13:00:00   1.2046e+00   1.9398e+02   1.3707e+01   1.9771e-01   4.7802e-02   3.0623e+02
20260815_14:00:00   1.0607e+00   1.8197e+02   1.4598e+01   1.1345e-01   7.7359e-02   3.0816e+02
20260815_15:00:00   1.3600e+00   2.0552e+02   1.6156e+01   2.0463e-01   2.6999e-01   3.0834e+02
20260815_16:00:00   9.9924e-01   1.7517e+02   1.5833e+01   6.7188e-02   2.5141e-01   3.0764e+02
20260815_17:00:00   8.2062e-01   1.5624e+02   1.5326e+01   4.2193e-03   2.6729e-02   3.0727e+02
20260815_18:00:00   8.8108e-01   1.6323e+02   1.5823e+01   1.0844e-02   7.8997e-03   3.0704e+02
20260815_19:00:00   1.2237e+00   1.9562e+02   1.6554e+01   1.2668e-01   1.4931e-01   3.0420e+02
20260815_20:00:00   1.4070e+00   2.0903e+02   1.6471e+01   2.0574e-01   1.4488e-01   3.0195e+02
20260815_21:00:00   1.1028e+00   1.8551e+02   1.6293e+01   8.7981e-02   1.2447e-01   3.0313e+02
20260815_22:00:00   8.7092e-01   1.6200e+02   1.6147e+01   0.0000e+00   9.3506e-02   3.0253e+02
20260815_23:00:00   9.4203e-01   1.6962e+02   1.6495e+01   1.9720e-02   8.2971e-02   3.0331e+02
20260816_00:00:00   1.0880e+00   1.8369e+02   1.6329e+01   8.1932e-02   6.6154e-02   3.0018e+02
20260816_01:00:00   9.2794e-01   1.6806e+02   1.5404e+01   3.7155e-02   2.2948e-02   3.0075e+02
20260816_02:00:00   8.4393e-01   1.5904e+02   1.3963e+01   3.6994e-02   1.3482e-03   3.0183e+02
20260816_03:00:00   7.5014e-01   1.4781e+02   1.3265e+01   1.2150e-02   2.1526e-04   3.0237e+02
20260816_04:00:00   7.0099e-01   1.4144e+02   1.2828e+01   7.1220e-04   2.0688e-04   3.0432e+02
20260816_05:00:00   6.8165e-01   1.3894e+02   1.2312e+01   9.5960e-04   4.7660e-05   3.0356e+02
20260816_06:00:00   6.5551e-01   1.3540e+02   1.1862e+01   6.8640e-06   5.6160e-04   3.0387e+02
20260816_07:00:00   6.3537e-01   1.3261e+02   1.1498e+01   3.4320e-06   5.4580e-04   3.0493e+02
20260816_08:00:00   6.3997e-01   1.3328e+02   1.1568e+01   0.0000e+00   9.2847e-05   3.0718e+02
20260816_09:00:00   6.4657e-01   1.3421e+02   1.1700e+01   0.0000e+00   0.0000e+00   3.0821e+02
20260816_10:00:00   6.8585e-01   1.3971e+02   1.2093e+01   5.9960e-03   0.0000e+00   3.0802e+02
20260816_11:00:00   9.6465e-01   1.7308e+02   1.3187e+01   8.9297e-02   6.9954e-05   3.0867e+02
20260816_12:00:00   1.2627e+00   1.9950e+02   1.3966e+01   1.9374e-01   4.0359e-04   3.0900e+02
20260816_13:00:00   1.5388e+00   2.1789e+02   1.4526e+01   2.9533e-01   1.2442e-03   3.0893e+02
20260816_14:00:00   1.7149e+00   2.2739e+02   1.4863e+01   3.5825e-01   3.9955e-03   3.0850e+02
20260816_15:00:00   1.6084e+00   2.2212e+02   1.5709e+01   2.9361e-01   9.9171e-04   3.0833e+02
20260816_16:00:00   2.5077e+00   2.5359e+02   1.6609e+01   6.5914e-01   9.2554e-02   3.0613e+02
20260816_17:00:00   1.2130e+00   1.9566e+02   1.5481e+01   1.3871e-01   8.5812e-03   3.0587e+02
20260816_18:00:00   1.5532e+00   2.1898e+02   1.6465e+01   2.5620e-01   2.9308e-02   3.0422e+02
20260816_19:00:00   1.4850e+00   2.1390e+02   1.7634e+01   2.0896e-01   1.3322e-01   3.0223e+02
20260816_20:00:00   1.3788e+00   2.0605e+02   1.7523e+01   1.7597e-01   3.5966e-01   3.0178e+02
20260816_21:00:00   9.6660e-01   1.7156e+02   1.7101e+01   1.6268e-02   3.4308e-01   3.0375e+02
20260816_22:00:00   8.8453e-01   1.6283e+02   1.6503e+01   0.0000e+00   2.6316e-01   3.0446e+02
20260816_23:00:00   8.9532e-01   1.6409e+02   1.6604e+01   1.3786e-03   6.6674e-02   3.0487e+02
20260817_00:00:00   9.1171e-01   1.6593e+02   1.6915e+01   0.0000e+00   1.9161e-02   3.0368e+02
20260817_01:00:00   9.1638e-01   1.6651e+02   1.6855e+01   0.0000e+00   2.8630e-02   3.0591e+02
20260817_02:00:00   8.4775e-01   1.5915e+02   1.5639e+01   0.0000e+00   2.5617e-03   3.0836e+02
20260817_03:00:00   7.5379e-01   1.4829e+02   1.3675e+01   0.0000e+00   4.0396e-03   3.1159e+02
20260817_04:00:00   6.8827e-01   1.3996e+02   1.2393e+01   0.0000e+00   2.6000e-04   3.1139e+02
20260817_05:00:00   6.3765e-01   1.3289e+02   1.1757e+01   0.0000e+00   1.9178e-04   3.1075e+02
20260817_06:00:00   6.1062e-01   1.2892e+02   1.1382e+01   0.0000e+00   2.9133e-05   3.1468e+02
20260817_07:00:00   5.6350e-01   1.2198e+02   1.0519e+01   0.0000e+00   7.6001e-05   3.1440e+02
20260817_08:00:00   5.2777e-01   1.1632e+02   1.0025e+01   0.0000e+00   5.0683e-04   3.1381e+02
20260817_09:00:00   5.0924e-01   1.1320e+02   9.8084e+00   0.0000e+00   1.3520e-03   3.1474e+02
20260817_10:00:00   5.0605e-01   1.1250e+02   9.8827e+00   0.0000e+00   3.9240e-04   3.1411e+02
20260817_11:00:00   5.2724e-01   1.1590e+02   1.0331e+01   0.0000e+00   1.5260e-04   3.1319e+02
20260817_12:00:00   5.1667e-01   1.1424e+02   1.0145e+01   2.1250e-05   6.1560e-03   3.1251e+02
20260817_13:00:00   4.9380e-01   1.1040e+02   9.8544e+00   0.0000e+00   3.1383e-03   3.1271e+02
20260817_14:00:00   5.0179e-01   1.1175e+02   1.0047e+01   0.0000e+00   5.1274e-03   3.1245e+02
20260817_15:00:00   5.4927e-01   1.1946e+02   1.0840e+01   4.9750e-05   6.2643e-03   3.1296e+02
20260817_16:00:00   5.6080e-01   1.2130e+02   1.1098e+01   7.1130e-06   3.1814e-03   3.1323e+02
20260817_17:00:00   6.6756e-01   1.3718e+02   1.1933e+01   2.4473e-02   1.3069e-03   3.1200e+02
20260817_18:00:00   6.4493e-01   1.3391e+02   1.2353e+01   5.7080e-03   3.7332e-03   3.1163e+02
20260817_19:00:00   5.9466e-01   1.2647e+02   1.1862e+01   0.0000e+00   1.4076e-03   3.0973e+02
20260817_20:00:00   5.6916e-01   1.2267e+02   1.1457e+01   0.0000e+00   7.1406e-04   3.0800e+02
20260817_21:00:00   5.8748e-01   1.2552e+02   1.1806e+01   0.0000e+00   5.4428e-04   3.0598e+02
20260817_22:00:00   5.8819e-01   1.2560e+02   1.1984e+01   0.0000e+00   9.7285e-04   3.0542e+02
20260817_23:00:00   5.7533e-01   1.2362e+02   1.1892e+01   0.0000e+00   1.4235e-04   3.0475e+02
20260818_00:00:00   5.6615e-01   1.2224e+02   1.1800e+01   0.0000e+00   0.0000e+00   3.0437e+02
20260818_01:00:00   5.6126e-01   1.2156e+02   1.1725e+01   0.0000e+00   0.0000e+00   3.0443e+02
20260818_02:00:00   5.6951e-01   1.2288e+02   1.1842e+01   0.0000e+00   0.0000e+00   3.0437e+02
20260818_03:00:00   5.7509e-01   1.2384e+02   1.1849e+01   0.0000e+00   0.0000e+00   3.0409e+02
20260818_04:00:00   5.6505e-01   1.2260e+02   1.1422e+01   0.0000e+00   0.0000e+00   3.0387e+02
20260818_05:00:00   5.6142e-01   1.2230e+02   1.1079e+01   0.0000e+00   0.0000e+00   3.0502e+02
20260818_06:00:00   5.3912e-01   1.1900e+02   1.0503e+01   0.0000e+00   0.0000e+00   3.0747e+02
20260818_07:00:00   5.1302e-01   1.1484e+02   9.9779e+00   0.0000e+00   5.2866e-05   3.0683e+02
20260818_08:00:00   4.7106e-01   1.0793e+02   9.1613e+00   0.0000e+00   4.3980e-04   3.0688e+02
20260818_09:00:00   4.6308e-01   1.0656e+02   8.8672e+00   0.0000e+00   3.5080e-04   3.0852e+02
20260818_10:00:00   4.7062e-01   1.0782e+02   8.9878e+00   0.0000e+00   4.9337e-04   3.0917e+02
20260818_11:00:00   4.2784e-01   1.0050e+02   8.2437e+00   0.0000e+00   7.2960e-05   3.0918e+02
20260818_12:00:00   4.2562e-01   1.0025e+02   8.0113e+00   0.0000e+00   5.9420e-06   3.0893e+02
20260818_13:00:00   4.1094e-01   9.7699e+01   7.6964e+00   0.0000e+00   2.0460e-05   3.0809e+02
20260818_14:00:00   3.7589e-01   9.1158e+01   7.1712e+00   0.0000e+00   1.0486e-03   3.0726e+02
20260818_15:00:00   3.4583e-01   8.5329e+01   6.7239e+00   0.0000e+00   1.0350e-03   3.0720e+02
20260818_16:00:00   2.9697e-01   7.5414e+01   5.9758e+00   0.0000e+00   7.0320e-04   3.0726e+02
20260818_17:00:00   2.8894e-01   7.3659e+01   5.8875e+00   0.0000e+00   6.1009e-03   3.0707e+02
20260818_18:00:00   2.7119e-01   6.9808e+01   5.6583e+00   0.0000e+00   2.6157e-03   3.0690e+02
20260818_19:00:00   2.5573e-01   6.6425e+01   5.4227e+00   0.0000e+00   2.2063e-03   3.0659e+02
20260818_20:00:00   2.5019e-01   6.5222e+01   5.3072e+00   0.0000e+00   5.6677e-04   3.0606e+02
20260818_21:00:00   2.4065e-01   6.3144e+01   5.1351e+00   0.0000e+00   3.7830e-03   3.0532e+02
20260818_22:00:00   2.3006e-01   6.0878e+01   4.9207e+00   0.0000e+00   4.3420e-03   3.0544e+02
20260818_23:00:00   2.2268e-01   5.9271e+01   4.7758e+00   0.0000e+00   1.1746e-02   3.0491e+02
20260819_00:00:00   2.1914e-01   5.8512e+01   4.6977e+00   0.0000e+00   9.2113e-03   3.0394e+02
20260819_01:00:00   2.2308e-01   5.9442e+01   4.7400e+00   0.0000e+00   8.5860e-03   3.0406e+02
20260819_02:00:00   2.2344e-01   5.9615e+01   4.7152e+00   0.0000e+00   3.7376e-03   3.0528e+02
20260819_03:00:00   2.1611e-01   5.8079e+01   4.5192e+00   0.0000e+00   8.0340e-04   3.0616e+02
20260819_04:00:00   2.1374e-01   5.7591e+01   4.4314e+00   0.0000e+00   2.5620e-05   3.0733e+02
20260819_05:00:00   2.2141e-01   5.9235e+01   4.6014e+00   0.0000e+00   6.9760e-05   3.0723e+02
20260819_06:00:00   2.3745e-01   6.2577e+01   5.0072e+00   0.0000e+00   2.6860e-04   3.0629e+02
20260819_07:00:00   2.5238e-01   6.5664e+01   5.3765e+00   0.0000e+00   1.0800e-04   3.0574e+02
20260819_08:00:00   2.7117e-01   6.9524e+01   5.8009e+00   0.0000e+00   0.0000e+00   3.0670e+02
20260819_09:00:00   2.9351e-01   7.4048e+01   6.2722e+00   0.0000e+00   0.0000e+00   3.0556e+02
20260819_10:00:00   3.2567e-01   8.0544e+01   6.8531e+00   0.0000e+00   0.0000e+00   3.0640e+02
20260819_11:00:00   3.5095e-01   8.5542e+01   7.2887e+00   0.0000e+00   0.0000e+00   3.0838e+02
20260819_12:00:00   3.9225e-01   9.3413e+01   8.0308e+00   0.0000e+00   0.0000e+00   3.0839e+02
20260819_13:00:00   4.3026e-01   1.0035e+02   8.7414e+00   0.0000e+00   0.0000e+00   3.0711e+02
20260819_14:00:00   4.7213e-01   1.0764e+02   9.4842e+00   0.0000e+00   0.0000e+00   3.0726e+02
20260819_15:00:00   4.9899e-01   1.1220e+02   9.9042e+00   0.0000e+00   0.0000e+00   3.0800e+02
20260819_16:00:00   4.8993e-01   1.1078e+02   9.6233e+00   0.0000e+00   0.0000e+00   3.1027e+02
20260819_17:00:00   4.5441e-01   1.0475e+02   8.9744e+00   0.0000e+00   0.0000e+00   3.1288e+02
20260819_18:00:00   4.3045e-01   1.0050e+02   8.5169e+00   0.0000e+00   0.0000e+00   3.1567e+02
20260819_19:00:00   4.6052e-01   1.0576e+02   8.9782e+00   0.0000e+00   0.0000e+00   3.1608e+02
20260819_20:00:00   5.2201e-01   1.1618e+02   9.8470e+00   0.0000e+00   0.0000e+00   3.1586e+02
20260819_21:00:00   5.0657e-01   1.1382e+02   9.4230e+00   0.0000e+00   0.0000e+00   3.1435e+02
20260819_22:00:00   4.5277e-01   1.0467e+02   8.5377e+00   0.0000e+00   1.0585e-04   3.1330e+02
20260819_23:00:00   4.1849e-01   9.8507e+01   7.9341e+00   0.0000e+00   5.1420e-04   3.1134e+02
20260820_00:00:00   3.8194e-01   9.1551e+01   7.4435e+00   0.0000e+00   1.8380e-02   3.0954e+02
20260820_01:00:00   4.6416e-01   1.0582e+02   9.1985e+00   0.0000e+00   1.9429e-02   3.0849e+02
20260820_02:00:00   5.9601e-01   1.2670e+02   1.1582e+01   0.0000e+00   1.2846e-02   3.0900e+02
20260820_03:00:00   6.8335e-01   1.3887e+02   1.3079e+01   0.0000e+00   5.7128e-03   3.0890e+02
20260820_04:00:00   7.4109e-01   1.4608e+02   1.4212e+01   0.0000e+00   6.0424e-03   3.0848e+02
20260820_05:00:00   7.2534e-01   1.4404e+02   1.3884e+01   0.0000e+00   1.0512e-03   3.0989e+02
20260820_06:00:00   7.8507e-01   1.5128e+02   1.4969e+01   3.5940e-05   8.4215e-03   3.0973e+02
20260820_07:00:00   7.9481e-01   1.5249e+02   1.5108e+01   1.3730e-05   4.9023e-02   3.1047e+02
20260820_08:00:00   8.3734e-01   1.5764e+02   1.5682e+01   2.6020e-04   1.9874e-02   3.1013e+02
20260820_09:00:00   8.3431e-01   1.5740e+02   1.5623e+01   4.3256e-04   7.3852e-03   3.0940e+02
20260820_10:00:00   8.1727e-01   1.5579e+02   1.5179e+01   0.0000e+00   5.7853e-04   3.1033e+02
20260820_11:00:00   7.6222e-01   1.4964e+02   1.3722e+01   5.3342e-03   1.6475e-04   3.1236e+02
20260820_12:00:00   6.6619e-01   1.3714e+02   1.2368e+01   6.8640e-05   5.2038e-05   3.1187e+02
20260820_15:00:00   5.5718e-01   1.2140e+02   1.0278e+01   1.2626e-03   2.4000e-05   3.1169e+02
20260820_18:00:00   7.9322e-01   1.5409e+02   1.2327e+01   4.0482e-02   5.4120e-05   3.1366e+02
20260820_21:00:00   5.4067e-01   1.1860e+02   1.0163e+01   0.0000e+00   0.0000e+00   3.1269e+02
20260821_00:00:00   5.3944e-01   1.1769e+02   1.0512e+01   0.0000e+00   1.9047e-03   3.0793e+02
20260821_03:00:00   5.7614e-01   1.2347e+02   1.1120e+01   0.0000e+00   8.9140e-06   3.0671e+02
20260821_06:00:00   7.3637e-01   1.4543e+02   1.3961e+01   0.0000e+00   1.3532e-05   3.0797e+02
20260821_09:00:00   8.8053e-01   1.6234e+02   1.5858e+01   1.3255e-02   3.0268e-02   3.0899e+02
20260821_12:00:00   1.3362e+00   2.0393e+02   1.7772e+01   1.4224e-01   1.7307e-01   3.0693e+02
20260821_15:00:00   9.9934e-01   1.7574e+02   1.7389e+01   1.3388e-02   5.6449e-03   3.0693e+02
20260821_18:00:00   1.0233e+00   1.7850e+02   1.5988e+01   4.8773e-02   1.1056e-03   3.1083e+02
20260821_21:00:00   1.0467e+00   1.7998e+02   1.6397e+01   5.2394e-02   2.5130e-02   3.1084e+02
20260822_00:00:00   8.6763e-01   1.6104e+02   1.5520e+01   2.6282e-03   2.8757e-02   3.1404e+02
20260822_03:00:00   2.6477e+00   2.5559e+02   1.7463e+01   6.8850e-01   8.0089e-01   3.1286e+02
20260822_06:00:00   1.0876e+00   1.8240e+02   1.6279e+01   7.5644e-02   2.4772e-01   3.1175e+02
20260822_09:00:00   6.4862e-01   1.3332e+02   1.1988e+01   4.6706e-05   0.0000e+00   3.0847e+02
20260822_12:00:00   4.3367e-01   9.9907e+01   8.3211e+00   3.2650e-04   0.0000e+00   3.0673e+02
20260822_15:00:00   4.6637e-01   1.0571e+02   8.8620e+00   0.0000e+00   0.0000e+00   3.0440e+02
20260822_18:00:00   4.3026e-01   9.9503e+01   8.3139e+00   1.6060e-04   0.0000e+00   3.0222e+02
20260822_21:00:00   4.0314e-01   9.4741e+01   7.8801e+00   0.0000e+00   0.0000e+00   2.9942e+02
20260823_00:00:00   3.5194e-01   8.5149e+01   7.0764e+00   0.0000e+00   0.0000e+00   2.9869e+02
20260823_03:00:00   4.0100e-01   9.3754e+01   8.1776e+00   0.0000e+00   0.0000e+00   3.0026e+02
20260823_06:00:00   3.6438e-01   8.7044e+01   7.4100e+00   0.0000e+00   1.5911e-04   3.0030e+02
20260823_09:00:00   3.4798e-01   8.3924e+01   7.0817e+00   0.0000e+00   6.5111e-04   2.9927e+02
20260823_12:00:00   4.5596e-01   1.0362e+02   8.9494e+00   0.0000e+00   0.0000e+00   2.9756e+02
20260823_15:00:00   6.3014e-01   1.3139e+02   1.1689e+01   0.0000e+00   2.4674e-03   2.9558e+02
20260823_18:00:00   5.9221e-01   1.2614e+02   1.0865e+01   0.0000e+00   4.9142e-03   2.9540e+02
20260823_21:00:00   4.6420e-01   1.0575e+02   8.7559e+00   0.0000e+00   1.4987e-02   2.9399e+02
20260824_00:00:00   8.2294e-01   1.5558e+02   1.4588e+01   1.8925e-02   2.1814e-01   2.9546e+02
20260824_03:00:00   9.1535e-01   1.6598e+02   1.6016e+01   1.2989e-02   1.7630e-02   3.0008e+02
20260824_06:00:00   1.8697e+00   2.3356e+02   1.4801e+01   4.2873e-01   4.2077e-03   3.0600e+02
20260824_09:00:00   3.2204e+00   2.6612e+02   1.9442e+01   8.6937e-01   1.4583e+00   3.0111e+02
20260824_12:00:00   9.6180e-01   1.7180e+02   1.6453e+01   1.5913e-02   1.1675e-01   3.0380e+02
20260824_15:00:00   9.9658e-01   1.7657e+02   1.5954e+01   3.3638e-02   1.5923e-02   3.0171e+02
20260824_18:00:00   9.9474e-01   1.7679e+02   1.4634e+01   6.8771e-02   5.3286e-03   3.0105e+02
20260824_21:00:00   8.5490e-01   1.5978e+02   1.5758e+01   8.4350e-05   1.7964e-02   3.0252e+02
20260825_00:00:00   9.1730e-01   1.6773e+02   1.4263e+01   5.1167e-02   4.0671e-03   3.0344e+02
20260825_03:00:00   5.1240e-01   1.1261e+02   9.6053e+00   3.6980e-06   0.0000e+00   3.1515e+02
20260825_06:00:00   6.6416e-01   1.3455e+02   1.1993e+01   0.0000e+00   5.2732e-04   3.1809e+02
20260825_09:00:00   5.9654e-01   1.2489e+02   1.0843e+01   0.0000e+00   2.7022e-03   3.2214e+02
20260825_12:00:00   5.9141e-01   1.2426e+02   1.0794e+01   1.3380e-04   2.4523e-04   3.1807e+02
20260825_15:00:00   6.0975e-01   1.2685e+02   1.1012e+01   0.0000e+00   2.0841e-04   3.1688e+02
20260825_18:00:00   1.0263e+00   1.7666e+02   1.2506e+01   1.3005e-01   2.0132e-01   3.1189e+02
20260825_21:00:00   6.3248e-01   1.3041e+02   1.1179e+01   1.2624e-04   1.7952e-04   3.0516e+02
20260826_00:00:00   4.8135e-01   1.0719e+02   8.9427e+00   0.0000e+00   1.0140e-03   3.0267e+02
20260826_03:00:00   4.2785e-01   9.7728e+01   8.2241e+00   0.0000e+00   5.1356e-03   3.0222e+02
20260826_06:00:00   4.2127e-01   9.6660e+01   7.9375e+00   0.0000e+00   1.0516e-02   3.0259e+02
20260826_09:00:00   4.2592e-01   9.7378e+01   7.9681e+00   0.0000e+00   7.8161e-03   3.0419e+02
20260826_12:00:00   5.4855e-01   1.1677e+02   1.0501e+01   1.2362e-03   5.0930e-03   3.0477e+02
20260826_15:00:00   8.3463e-01   1.5576e+02   1.1967e+01   7.9454e-02   1.6808e-02   3.0700e+02
20260826_18:00:00   6.1556e-01   1.2669e+02   1.1642e+01   0.0000e+00   1.5549e-02   3.0864e+02
20260826_21:00:00   4.3824e-01   9.8797e+01   8.4589e+00   0.0000e+00   1.0217e-02   3.1482e+02
20260827_00:00:00   3.1995e-01   7.6610e+01   6.5351e+00   0.0000e+00   2.1191e-03   3.1510e+02
20260827_03:00:00   2.6786e-01   6.6868e+01   5.4317e+00   0.0000e+00   2.3680e-04   3.1357e+02
20260827_06:00:00   2.9872e-01   7.3269e+01   6.0091e+00   0.0000e+00   1.0298e-05   3.1546e+02
20260827_09:00:00   2.9702e-01   7.3024e+01   5.9958e+00   0.0000e+00   0.0000e+00   3.1898e+02
20260827_12:00:00   3.5939e-01   8.5395e+01   6.6237e+00   9.1457e-03   0.0000e+00   3.1923e+02
20260827_15:00:00   4.0613e-01   9.4164e+01   7.6336e+00   2.4447e-03   0.0000e+00   3.1704e+02
20260827_18:00:00   4.0865e-01   9.4452e+01   7.8735e+00   2.1884e-03   0.0000e+00   3.0750e+02
20260827_21:00:00   4.2179e-01   9.6928e+01   8.0593e+00   3.8510e-05   0.0000e+00   3.0606e+02
20260828_00:00:00   4.1671e-01   9.6063e+01   7.8031e+00   0.0000e+00   0.0000e+00   3.0463e+02
20260828_03:00:00   4.5770e-01   1.0293e+02   8.1760e+00   6.2903e-04   0.0000e+00   3.0599e+02
20260828_06:00:00   4.4453e-01   1.0068e+02   7.7195e+00   3.0780e-03   0.0000e+00   3.1505e+02
20260828_09:00:00   3.6342e-01   8.6534e+01   6.6925e+00   4.3520e-04   0.0000e+00   3.1943e+02
20260828_12:00:00   3.9802e-01   9.3114e+01   7.2478e+00   4.7554e-03   0.0000e+00   3.1467e+02
20260828_15:00:00   4.2760e-01   9.8453e+01   8.2066e+00   6.1509e-04   0.0000e+00   3.1376e+02
20260828_18:00:00   4.4981e-01   1.0265e+02   8.4343e+00   0.0000e+00   0.0000e+00   3.1329e+02
20260828_21:00:00   3.9955e-01   9.4029e+01   7.4670e+00   2.9180e-06   0.0000e+00   3.0944e+02
20260829_00:00:00   3.1680e-01   7.8560e+01   5.9588e+00   0.0000e+00   0.0000e+00   3.0496e+02
20260829_03:00:00   2.3869e-01   6.2549e+01   4.5360e+00   0.0000e+00   0.0000e+00   3.0607e+02
20260829_06:00:00   3.4888e-01   8.3712e+01   7.1783e+00   0.0000e+00   3.2963e-04   3.0268e+02
20260829_09:00:00   4.9844e-01   1.0996e+02   9.8690e+00   0.0000e+00   0.0000e+00   2.9868e+02
20260829_12:00:00   5.4680e-01   1.1820e+02   1.0325e+01   0.0000e+00   0.0000e+00   2.9917e+02
20260829_15:00:00   5.8726e-01   1.2434e+02   1.1047e+01   0.0000e+00   7.7523e-03   2.9922e+02
20260829_18:00:00   6.9160e-01   1.3890e+02   1.2872e+01   1.8430e-03   1.7844e-02   2.9963e+02
20260829_21:00:00   8.8707e-01   1.6310e+02   1.3952e+01   4.1486e-02   9.4815e-02   3.0271e+02
20260830_00:00:00   9.2035e-01   1.6652e+02   1.4577e+01   4.3907e-02   5.0001e-03   3.0291e+02
20260830_03:00:00   6.9895e-01   1.4033e+02   1.2368e+01   2.8285e-03   1.7252e-03   3.0289e+02
20260830_06:00:00   9.4580e-01   1.6864e+02   1.5413e+01   3.9064e-02   5.4072e-02   3.0840e+02
20260830_09:00:00   1.1688e+00   1.9028e+02   1.6301e+01   1.0266e-01   3.7321e-02   3.1019e+02
20260830_12:00:00   9.6321e-01   1.7240e+02   1.2617e+01   1.0160e-01   1.5727e-04   3.0664e+02
20260830_15:00:00   6.9632e-01   1.3974e+02   1.1427e+01   3.0692e-02   4.1962e-02   3.0953e+02
20260830_18:00:00   7.6413e-01   1.4687e+02   1.3762e+01   1.0671e-02   1.7828e-01   3.0977e+02
20260830_21:00:00   8.2083e-01   1.5440e+02   1.3597e+01   2.3009e-02   6.6384e-03   3.1283e+02
20260831_00:00:00   4.7346e-01   1.0527e+02   8.7744e+00   0.0000e+00   3.7774e-03   3.1837e+02
20260831_03:00:00   3.4435e-01   8.2190e+01   6.5622e+00   0.0000e+00   8.1438e-03   3.2012e+02
20260831_06:00:00   3.2411e-01   7.7903e+01   6.3031e+00   0.0000e+00   2.0152e-03   3.2614e+02
20260831_09:00:00   3.8952e-01   9.0022e+01   7.4190e+00   0.0000e+00   9.9540e-05   3.3103e+02
20260831_12:00:00   4.8147e-01   1.0565e+02   8.8972e+00   1.3007e-04   3.6749e-04   3.3716e+02
