#            date       tau255        Tb[K]      pwv[mm] lwp[kg*m^-2] iwp[kg*m^-2]       o3[DU]
20261001_06:00:00   1.6269e+00   2.2035e+02   1.5673e+01   3.0904e-01   4.5032e-02   2.7045e+02
20261001_07:00:00   1.6809e+00   2.2326e+02   1.5859e+01   3.2475e-01   1.7277e-01   2.7076e+02
20261001_08:00:00   1.5586e+00   2.1678e+02   1.5944e+01   2.7018e-01   2.1528e-01   2.7102e+02
20261001_09:00:00   1.5711e+00   2.1748e+02   1.6058e+01   2.7122e-01   3.0028e-01   2.7103e+02
20261001_10:00:00   1.4533e+00   2.1033e+02   1.6067e+01   2.2041e-01   4.5483e-01   2.7146e+02
20261001_11:00:00   1.4433e+00   2.0971e+02   1.6022e+01   2.1635e-01   5.5043e-01   2.7216e+02
20261001_12:00:00   1.2849e+00   1.9859e+02   1.5891e+01   1.5526e-01   5.0390e-01   2.7244e+02
20261001_13:00:00   1.2564e+00   1.9640e+02   1.5699e+01   1.4878e-01   4.5948e-01   2.7188e+02
20261001_14:00:00   1.2114e+00   1.9298e+02   1.5407e+01   1.3837e-01   3.4026e-01   2.7143e+02
20261001_15:00:00   1.2792e+00   1.9856e+02   1.5053e+01   1.7480e-01   1.8702e-01   2.7111e+02
20261001_16:00:00   1.4632e+00   2.1179e+02   1.4243e+01   2.6683e-01   6.2408e-02   2.7156e+02
20261001_17:00:00   1.5961e+00   2.2001e+02   1.3010e+01   3.4630e-01   4.3682e-02   2.7177e+02
20261001_18:00:00   1.5526e+00   2.1760e+02   1.2075e+01   3.4779e-01   2.8199e-02   2.7201e+02
20261001_19:00:00   1.3812e+00   2.0653e+02   1.1985e+01   2.8240e-01   6.8210e-03   2.7332e+02
20261001_20:00:00   1.1166e+00   1.8576e+02   1.1766e+01   1.8053e-01   4.1243e-03   2.7507e+02
20261001_21:00:00   9.0733e-01   1.6522e+02   1.1217e+01   1.0751e-01   2.4232e-03   2.7497e+02
20261001_22:00:00   7.2443e-01   1.4351e+02   1.0577e+01   4.6341e-02   6.5447e-04   2.7427e+02
20261001_23:00:00   5.9705e-01   1.2592e+02   9.8454e+00   9.8580e-03   1.0842e-03   2.7432e+02
20261002_00:00:00   5.6264e-01   1.2081e+02   9.3192e+00   6.8676e-03   8.9814e-04   2.7469e+02
20261002_01:00:00   5.3795e-01   1.1703e+02   8.8812e+00   5.6757e-03   6.2722e-04   2.7644e+02
20261002_02:00:00   5.2833e-01   1.1555e+02   8.5419e+00   8.9776e-03   5.4581e-04   2.7870e+02
20261002_03:00:00   5.3529e-01   1.1664e+02   8.2040e+00   1.9490e-02   6.1749e-04   2.8018e+02
20261002_04:00:00   5.6543e-01   1.2130e+02   7.8802e+00   3.9438e-02   1.8170e-03   2.8130e+02
20261002_05:00:00   6.4694e-01   1.3322e+02   7.7074e+00   7.7432e-02   3.3764e-03   2.8113e+02
20261002_06:00:00   6.3662e-01   1.3173e+02   7.4484e+00   8.0373e-02   3.9762e-03   2.8109e+02
20261002_07:00:00   5.3018e-01   1.1571e+02   7.2772e+00   4.1443e-02   7.8479e-03   2.8145e+02
20261002_08:00:00   4.7745e-01   1.0712e+02   7.2347e+00   2.1476e-02   1.0298e-02   2.8163e+02
20261002_09:00:00   4.6517e-01   1.0504e+02   7.2780e+00   1.5596e-02   1.3037e-02   2.8105e+02
20261002_10:00:00   4.5275e-01   1.0292e+02   7.3551e+00   8.7031e-03   1.2892e-02   2.7953e+02
20261002_11:00:00   4.4627e-01   1.0189e+02   7.3646e+00   5.7440e-03   8.9874e-03   2.7772e+02
20261002_12:00:00   4.9159e-01   1.0973e+02   7.3618e+00   2.3973e-02   8.9647e-03   2.7668e+02
20261002_13:00:00   7.0620e-01   1.4218e+02   7.8885e+00   9.7249e-02   7.2685e-03   2.7677e+02
20261002_14:00:00   9.3715e-01   1.7015e+02   8.5597e+00   1.7328e-01   6.5001e-03   2.7609e+02
20261002_15:00:00   1.1350e+00   1.8887e+02   9.2472e+00   2.3811e-01   6.1034e-03   2.7619e+02
20261002_16:00:00   1.0977e+00   1.8519e+02   9.7789e+00   2.1097e-01   5.6595e-03   2.7704e+02
20261002_17:00:00   8.2876e-01   1.5665e+02   1.0318e+01   9.0605e-02   8.2897e-03   2.7821e+02
20261002_18:00:00   7.9723e-01   1.5244e+02   1.0714e+01   6.9442e-02   9.5192e-03   2.7850e+02
20261002_19:00:00   8.2265e-01   1.5546e+02   1.1028e+01   7.1842e-02   1.3345e-02   2.7921e+02
20261002_20:00:00   8.7472e-01   1.6144e+02   1.0967e+01   9.3499e-02   8.4799e-03   2.7970e+02
20261002_21:00:00   9.8588e-01   1.7316e+02   1.0963e+01   1.3954e-01   6.6340e-03   2.7987e+02
20261002_22:00:00   1.1617e+00   1.8930e+02   1.1021e+01   2.1118e-01   8.0846e-03   2.7971e+02
20261002_23:00:00   1.2327e+00   1.9506e+02   1.0894e+01   2.4475e-01   8.8660e-03   2.7952e+02
20261003_00:00:00   1.1375e+00   1.8688e+02   1.0752e+01   2.1253e-01   1.0918e-02   2.8005e+02
20261003_01:00:00   1.1186e+00   1.8527e+02   1.0764e+01   2.0550e-01   2.4463e-02   2.8045e+02
20261003_02:00:00   1.1528e+00   1.8805e+02   1.0798e+01   2.2198e-01   3.2965e-02   2.8051e+02
20261003_03:00:00   1.1568e+00   1.8841e+02   1.0780e+01   2.2371e-01   3.6275e-02   2.8147e+02
20261003_04:00:00   1.0733e+00   1.8108e+02   1.0712e+01   1.9060e-01   3.5243e-02   2.8197e+02
20261003_05:00:00   1.0768e+00   1.8125e+02   1.0615e+01   1.9482e-01   3.0528e-02   2.8273e+02
20261003_06:00:00   1.0603e+00   1.7968e+02   1.0511e+01   1.9066e-01   3.0808e-02   2.8264e+02
20261003_07:00:00   9.1325e-01   1.6490e+02   1.0400e+01   1.3147e-01   2.5138e-02   2.8300e+02
20261003_08:00:00   7.6513e-01   1.4775e+02   1.0321e+01   7.1595e-02   1.2228e-02   2.8292e+02
20261003_09:00:00   5.9618e-01   1.2477e+02   1.0268e+01   4.5723e-03   1.0216e-02   2.8259e+02
20261003_10:00:00   6.0775e-01   1.2643e+02   1.0526e+01   4.2050e-03   2.3878e-02   2.8268e+02
20261003_11:00:00   6.2929e-01   1.2947e+02   1.0901e+01   5.6248e-03   3.8042e-02   2.8336e+02
20261003_12:00:00   6.7045e-01   1.3511e+02   1.1703e+01   5.5861e-03   3.9456e-02   2.8353e+02
20261003_13:00:00   7.3206e-01   1.4327e+02   1.2462e+01   1.4254e-02   4.2937e-02   2.8328e+02
20261003_14:00:00   7.5816e-01   1.4626e+02   1.3272e+01   6.1086e-03   2.2692e-02   2.8347e+02
20261003_15:00:00   8.5770e-01   1.5805e+02   1.3851e+01   3.3165e-02   6.7771e-02   2.8367e+02
20261003_16:00:00   1.0431e+00   1.7732e+02   1.4172e+01   1.0062e-01   1.8062e-01   2.8399e+02
20261003_17:00:00   1.1342e+00   1.8565e+02   1.4241e+01   1.3739e-01   1.2592e-01   2.8395e+02
20261003_18:00:00   1.2574e+00   1.9561e+02   1.4229e+01   1.9139e-01   5.0712e-02   2.8411e+02
20261003_19:00:00   1.0244e+00   1.7537e+02   1.4071e+01   9.8808e-02   1.7414e-02   2.8410e+02
20261003_20:00:00   8.6902e-01   1.5921e+02   1.4048e+01   3.3296e-02   2.4037e-02   2.8414e+02
20261003_21:00:00   8.2247e-01   1.5386e+02   1.3897e+01   1.7224e-02   3.0864e-02   2.8348e+02
20261003_22:00:00   8.5948e-01   1.5835e+02   1.3698e+01   3.6206e-02   5.0201e-03   2.8314e+02
20261003_23:00:00   1.3059e+00   1.9997e+02   1.3608e+01   2.2089e-01   1.2964e-02   2.8254e+02
20261004_00:00:00   1.6737e+00   2.2269e+02   1.3486e+01   3.7434e-01   3.8137e-03   2.8274e+02
20261004_01:00:00   1.6028e+00   2.1877e+02   1.3294e+01   3.4882e-01   7.4374e-03   2.8316e+02
20261004_02:00:00   1.5897e+00   2.1799e+02   1.3398e+01   3.4037e-01   6.5697e-02   2.8268e+02
20261004_03:00:00   2.1399e+00   2.4152e+02   1.3761e+01   5.6113e-01   2.2035e-01   2.8137e+02
20261004_04:00:00   2.8042e+00   2.5749e+02   1.4051e+01   8.2899e-01   3.1749e-01   2.8047e+02
20261004_05:00:00   2.8703e+00   2.5916e+02   1.3712e+01   8.5987e-01   1.1422e-01   2.8062e+02
20261004_06:00:00   2.3236e+00   2.4836e+02   1.3231e+01   6.3876e-01   1.8320e-02   2.8079e+02
20261004_07:00:00   2.2019e+00   2.4447e+02   1.3255e+01   5.9096e-01   5.8639e-02   2.8128e+02
20261004_08:00:00   2.2813e+00   2.4675e+02   1.3235e+01   6.2357e-01   6.7318e-02   2.8251e+02
20261004_09:00:00   2.3461e+00   2.4829e+02   1.3167e+01   6.5377e-01   5.6989e-02   2.8285e+02
20261004_10:00:00   1.9284e+00   2.3452e+02   1.2865e+01   4.9182e-01   2.5551e-02   2.8298e+02
20261004_11:00:00   1.1731e+00   1.8988e+02   1.1782e+01   2.1012e-01   3.7654e-03   2.8223e+02
20261004_12:00:00   6.6847e-01   1.3488e+02   1.0611e+01   3.3405e-02   6.9792e-04   2.8175e+02
20261004_13:00:00   5.9266e-01   1.2383e+02   1.0603e+01   3.2572e-03   6.9824e-04   2.8023e+02
20261004_14:00:00   7.6641e-01   1.4772e+02   1.1785e+01   4.5232e-02   4.7431e-04   2.7962e+02
20261004_15:00:00   8.6281e-01   1.5907e+02   1.2914e+01   5.6767e-02   5.6415e-04   2.7875e+02
20261004_16:00:00   8.7765e-01   1.6085e+02   1.3098e+01   5.5856e-02   3.6792e-04   2.7893e+02
20261004_17:00:00   9.3830e-01   1.6738e+02   1.3369e+01   7.3443e-02   1.1553e-03   2.7925e+02
20261004_18:00:00   1.0396e+00   1.7765e+02   1.3417e+01   1.1279e-01   3.6426e-03   2.7953e+02
20261004_19:00:00   1.3491e+00   2.0325e+02   1.3640e+01   2.3502e-01   2.2569e-02   2.8129e+02
20261004_20:00:00   1.4155e+00   2.0785e+02   1.3994e+01   2.5424e-01   1.4835e-02   2.8446e+02
20261004_21:00:00   1.4253e+00   2.0824e+02   1.4182e+01   2.5490e-01   5.5821e-02   2.8643e+02
20261004_22:00:00   2.5723e+00   2.5309e+02   1.4273e+01   7.2833e-01   2.6780e-01   2.8729e+02
20261004_23:00:00   2.4248e+00   2.4985e+02   1.4246e+01   6.6336e-01   3.8720e-01   2.8924e+02
20261005_00:00:00   2.6417e+00   2.5435e+02   1.4083e+01   7.5957e-01   4.3322e-01   2.9196e+02
20261005_01:00:00   2.6753e+00   2.5487e+02   1.3725e+01   7.8384e-01   4.2019e-01   2.9396e+02
20261005_02:00:00   1.3980e+00   2.0630e+02   1.2575e+01   2.7892e-01   2.4906e-01   2.9480e+02
20261005_03:00:00   6.8516e-01   1.3683e+02   1.0485e+01   3.8812e-02   4.0151e-02   2.9651e+02
20261005_04:00:00   5.0112e-01   1.0958e+02   8.5854e+00   1.0805e-02   4.9176e-02   2.9824e+02
20261005_05:00:00   4.2665e-01   9.7261e+01   7.1294e+00   1.1757e-02   5.5696e-02   2.9918e+02
20261005_06:00:00   4.1626e-01   9.5807e+01   6.3002e+00   2.1098e-02   3.9520e-04   2.9972e+02
20261005_07:00:00   4.4184e-01   9.9982e+01   6.5887e+00   2.8284e-02   6.4733e-04   2.9995e+02
20261005_08:00:00   3.9892e-01   9.2296e+01   6.4429e+00   1.6146e-02   4.8321e-04   3.0064e+02
20261005_09:00:00   4.0613e-01   9.3503e+01   6.7849e+00   1.0850e-02   2.6356e-03   3.0197e+02
20261005_10:00:00   4.1644e-01   9.5118e+01   7.3762e+00   2.7279e-03   1.6188e-03   3.0247e+02
20261005_11:00:00   4.1556e-01   9.4952e+01   7.5237e+00   3.8650e-04   1.5211e-05   3.0334e+02
20261005_12:00:00   4.4480e-01   1.0008e+02   7.9333e+00   1.1921e-03   4.1460e-04   3.0380e+02
20261005_13:00:00   4.9178e-01   1.0788e+02   8.5311e+00   5.1314e-03   7.2405e-04   3.0417e+02
20261005_14:00:00   4.9207e-01   1.0816e+02   8.4201e+00   6.2070e-03   2.3600e-05   3.0449e+02
20261005_15:00:00   5.3684e-01   1.1544e+02   8.6770e+00   1.8130e-02   2.7460e-06   3.0342e+02
20261005_16:00:00   5.7509e-01   1.2125e+02   8.7919e+00   3.1928e-02   3.7140e-05   3.0196e+02
20261005_17:00:00   5.9556e-01   1.2430e+02   9.0692e+00   3.3385e-02   4.0345e-05   3.0155e+02
20261005_18:00:00   6.1912e-01   1.2785e+02   8.9411e+00   4.5182e-02   7.3770e-06   3.0120e+02
20261005_19:00:00   5.8181e-01   1.2230e+02   8.9693e+00   2.9535e-02   1.0734e-05   3.0140e+02
20261005_20:00:00   5.3603e-01   1.1530e+02   8.7171e+00   1.7549e-02   7.1800e-06   3.0195e+02
20261005_21:00:00   5.1022e-01   1.1114e+02   8.6804e+00   8.1780e-03   6.1880e-06   3.0130e+02
20261005_22:00:00   4.9786e-01   1.0904e+02   8.7665e+00   1.2721e-03   7.3920e-06   3.0100e+02
20261005_23:00:00   4.8227e-01   1.0638e+02   8.6762e+00   5.5900e-04   5.8644e-04   3.0035e+02
20261006_00:00:00   4.7193e-01   1.0448e+02   8.6613e+00   2.7810e-05   6.1709e-03   2.9969e+02
20261006_01:00:00   4.5433e-01   1.0146e+02   8.4469e+00   0.0000e+00   6.1768e-04   2.9886e+02
20261006_02:00:00   4.5507e-01   1.0134e+02   8.5831e+00   0.0000e+00   1.3856e-02   2.9804e+02
20261006_03:00:00   4.7137e-01   1.0374e+02   8.9530e+00   0.0000e+00   1.0961e-01   2.9783e+02
20261006_04:00:00   5.0590e-01   1.0918e+02   9.5728e+00   0.0000e+00   1.2000e-01   2.9764e+02
20261006_05:00:00   5.1044e-01   1.1003e+02   9.6506e+00   0.0000e+00   1.8488e-02   2.9735e+02
20261006_06:00:00   5.2307e-01   1.1194e+02   9.8906e+00   0.0000e+00   2.6043e-02   2.9820e+02
20261006_09:00:00   5.0886e-01   1.0955e+02   9.6911e+00   0.0000e+00   9.1107e-02   2.9837e+02
20261006_12:00:00   5.6686e-01   1.1853e+02   1.0576e+01   1.0080e-05   1.7178e-01   2.9660e+02
20261006_15:00:00   5.7608e-01   1.2023e+02   1.0552e+01   1.9696e-04   1.5069e-01   2.9593e+02
20261006_18:00:00   4.9882e-01   1.0899e+02   9.0127e+00   6.6680e-06   2.9140e-05   3.0158e+02
20261006_21:00:00   4.5692e-01   1.0208e+02   8.3124e+00   0.0000e+00   1.0522e-03   2.9929e+02
20261007_00:00:00   4.7777e-01   1.0548e+02   8.4976e+00   1.4878e-03   1.2272e-04   2.9346e+02
20261007_03:00:00   4.3345e-01   9.8113e+01   7.7523e+00   0.0000e+00   8.1320e-06   2.9317e+02
20261007_06:00:00   3.5722e-01   8.4324e+01   6.5723e+00   0.0000e+00   0.0000e+00   2.9269e+02
20261007_09:00:00   3.0962e-01   7.4953e+01   5.9736e+00   0.0000e+00   0.0000e+00   2.9229e+02
20261007_12:00:00   3.7586e-01   8.7510e+01   7.0936e+00   8.4540e-07   0.0000e+00   2.9293e+02
20261007_15:00:00   4.4708e-01   1.0075e+02   7.4471e+00   1.3309e-02   5.9223e-05   2.9229e+02
20261007_18:00:00   4.8788e-01   1.0776e+02   7.2598e+00   3.6054e-02   3.3294e-04   2.9307e+02
20261007_21:00:00   3.7769e-01   8.8462e+01   6.6749e+00   7.8890e-03   1.5026e-03   2.9307e+02
20261008_00:00:00   3.3698e-01   8.0691e+01   6.4019e+00   0.0000e+00   5.2840e-05   2.9236e+02
20261008_03:00:00   3.1198e-01   7.5953e+01   5.9106e+00   0.0000e+00   1.6240e-04   2.9074e+02
20261008_06:00:00   3.0234e-01   7.4140e+01   5.7480e+00   0.0000e+00   3.1490e-04   2.9458e+02
20261008_09:00:00   3.1227e-01   7.6143e+01   5.9011e+00   0.0000e+00   3.0036e-04   2.9525e+02
20261008_12:00:00   3.6378e-01   8.5984e+01   6.6806e+00   1.0509e-05   1.4012e-06   2.9772e+02
20261008_15:00:00   4.4515e-01   1.0068e+02   7.6548e+00   6.3432e-03   2.5678e-05   3.0296e+02
20261008_18:00:00   4.2718e-01   9.7568e+01   7.6788e+00   0.0000e+00   1.9367e-03   3.0330e+02
20261008_21:00:00   4.1658e-01   9.5684e+01   7.4564e+00   0.0000e+00   1.5442e-03   3.0093e+02
20261009_00:00:00   3.8062e-01   8.9175e+01   6.9066e+00   0.0000e+00   3.2697e-04   3.0725e+02
20261009_03:00:00   3.5848e-01   8.5338e+01   6.3821e+00   0.0000e+00   0.0000e+00   3.0487e+02
20261009_06:00:00   2.9945e-01   7.4017e+01   5.4604e+00   0.0000e+00   6.8640e-06   2.9886e+02
20261009_09:00:00   2.9200e-01   7.2621e+01   5.3665e+00   0.0000e+00   1.8004e-04   2.9442e+02
20261009_12:00:00   2.9770e-01   7.3736e+01   5.5120e+00   3.4320e-06   2.1461e-03   2.9264e+02
20261009_15:00:00   3.4150e-01   8.2335e+01   6.1473e+00   4.0060e-03   2.2022e-03   2.8758e+02
20261009_18:00:00   3.0783e-01   7.5760e+01   5.8808e+00   1.4262e-04   1.1732e-04   2.8492e+02
20261009_21:00:00   2.8633e-01   7.1236e+01   5.7041e+00   0.0000e+00   9.9710e-05   2.8265e+02
20261010_00:00:00   2.8214e-01   7.0108e+01   5.7991e+00   0.0000e+00   4.4123e-04   2.8156e+02
20261010_03:00:00   2.8831e-01   7.1122e+01   6.0239e+00   0.0000e+00   1.1678e-04   2.7975e+02
20261010_06:00:00   2.8170e-01   6.9704e+01   5.9576e+00   0.0000e+00   6.4519e-05   2.7802e+02
20261010_09:00:00   2.6833e-01   6.7132e+01   5.6468e+00   0.0000e+00   0.0000e+00   2.7847e+02
20261010_12:00:00   2.9535e-01   7.2738e+01   6.0317e+00   0.0000e+00   9.4620e-06   2.7821e+02
20261010_15:00:00   3.3528e-01   8.0647e+01   6.6878e+00   0.0000e+00   1.2807e-05   2.8053e+02
20261010_18:00:00   2.9218e-01   7.2183e+01   5.9717e+00   0.0000e+00   0.0000e+00   2.8096e+02
20261010_21:00:00   2.8265e-01   7.0140e+01   5.7961e+00   0.0000e+00   9.4620e-06   2.8200e+02
20261011_00:00:00   2.6643e-01   6.6587e+01   5.5246e+00   0.0000e+00   5.1970e-05   2.8150e+02
20261011_03:00:00   2.5332e-01   6.3810e+01   5.2547e+00   0.0000e+00   7.8320e-04   2.8172e+02
20261011_06:00:00   2.4475e-01   6.1919e+01   5.0531e+00   0.0000e+00   2.0896e-03   2.8932e+02
20261011_09:00:00   2.4564e-01   6.2012e+01   5.0406e+00   0.0000e+00   3.1365e-03   2.9205e+02
20261011_12:00:00   2.9598e-01   7.2207e+01   5.8854e+00   0.0000e+00   1.7515e-03   2.9317e+02
20261011_15:00:00   3.6380e-01   8.5265e+01   6.9143e+00   6.2110e-05   1.1446e-02   2.9667e+02
20261011_18:00:00   3.6889e-01   8.6166e+01   6.9869e+00   1.6135e-05   2.4614e-02   2.9851e+02
20261011_21:00:00   3.4738e-01   8.2231e+01   6.5402e+00   0.0000e+00   2.9851e-02   3.0245e+02
20261012_00:00:00   2.8562e-01   7.0447e+01   5.3759e+00   0.0000e+00   1.2685e-02   3.0471e+02
20261012_03:00:00   2.5845e-01   6.4799e+01   4.8905e+00   0.0000e+00   1.3008e-02   3.0520e+02
20261012_06:00:00   2.5311e-01   6.3251e+01   4.9082e+00   0.0000e+00   2.6612e-02   3.0589e+02
20261012_09:00:00   2.4264e-01   6.0925e+01   4.7844e+00   0.0000e+00   2.4337e-02   3.1194e+02
20261012_12:00:00   1.8577e-01   4.9597e+01   3.3495e+00   1.9640e-03   0.0000e+00   3.1051e+02
20261012_15:00:00   1.7544e-01   4.6853e+01   3.3799e+00   3.5520e-04   5.0030e-07   3.1282e+02
20261012_18:00:00   1.2861e-01   3.6284e+01   2.4248e+00   0.0000e+00   0.0000e+00   3.1785e+02
20261012_21:00:00   7.2093e-02   2.2783e+01   1.2163e+00   0.0000e+00   0.0000e+00   3.2027e+02
20261013_00:00:00   6.5927e-02   2.1191e+01   1.0221e+00   9.9000e-04   1.3550e-05   3.1552e+02
20261013_03:00:00   5.5832e-02   1.8743e+01   7.3856e-01   1.3480e-03   1.7930e-05   3.2151e+02
20261013_06:00:00   5.5611e-02   1.8701e+01   5.7654e-01   4.0970e-03   6.8800e-05   3.3045e+02
20261013_09:00:00   5.0459e-02   1.7345e+01   6.0876e-01   8.9380e-04   3.8290e-05   3.4149e+02
20261013_12:00:00   6.9788e-02   2.2126e+01   1.0139e+00   0.0000e+00   3.8150e-05   3.4728e+02
20261013_15:00:00   6.2786e-02   2.0371e+01   8.7676e-01   0.0000e+00   2.7805e-05   3.4763e+02
20261013_18:00:00   7.6950e-02   2.3787e+01   1.1321e+00   0.0000e+00   2.4883e-04   3.4585e+02
20261013_21:00:00   8.7124e-02   2.6212e+01   1.2593e+00   1.0390e-03   1.3491e-04   3.5084e+02
20261014_00:00:00   8.8937e-02   2.6608e+01   1.2769e+00   1.2150e-03   1.7665e-04   3.5189e+02
20261014_03:00:00   9.0812e-02   2.7036e+01   1.3348e+00   4.0630e-04   9.8910e-05   3.4596e+02
20261014_06:00:00   8.5534e-02   2.5793e+01   1.2421e+00   6.2610e-04   1.6430e-04   3.3726e+02
20261014_09:00:00   7.2822e-02   2.2751e+01   1.0847e+00   6.4090e-05   5.7445e-05   3.3384e+02
20261014_12:00:00   7.1031e-02   2.2323e+01   1.0704e+00   3.7000e-04   4.1510e-05   3.2847e+02
20261014_15:00:00   7.8639e-02   2.4178e+01   1.2187e+00   6.6460e-05   5.1960e-05   3.2482e+02
20261014_18:00:00   7.4472e-02   2.3091e+01   1.1701e+00   0.0000e+00   7.1335e-04   3.2542e+02
20261014_21:00:00   5.1037e-02   1.7404e+01   6.9218e-01   0.0000e+00   0.0000e+00   3.2589e+02
20261015_00:00:00   5.2949e-02   1.7817e+01   7.5801e-01   0.0000e+00   0.0000e+00   3.2544e+02
20261015_03:00:00   6.5299e-02   2.0756e+01   1.0405e+00   0.0000e+00   7.5282e-04   3.2702e+02
20261015_06:00:00   7.0720e-02   2.1896e+01   1.2110e+00   0.0000e+00   2.0458e-04   3.2842e+02
20261015_09:00:00   8.0003e-02   2.3860e+01   1.4304e+00   0.0000e+00   5.1729e-02   3.3710e+02
20261015_12:00:00   7.3308e-02   2.2346e+01   1.2824e+00   0.0000e+00   4.6418e-03   3.3896e+02
20261015_15:00:00   8.5046e-02   2.5106e+01   1.5450e+00   0.0000e+00   1.3716e-03   3.4016e+02
20261015_18:00:00   1.2230e-01   3.3777e+01   2.3349e+00   0.0000e+00   2.0412e-05   3.4339e+02
20261015_21:00:00   2.4143e-01   5.9495e+01   4.5987e+00   0.0000e+00   1.7244e-02   3.4189e+02
20261016_00:00:00   3.4432e-01   7.9639e+01   6.2673e+00   0.0000e+00   5.7859e-02   3.3608e+02
20261016_03:00:00   4.1101e-01   9.1533e+01   7.3682e+00   0.0000e+00   1.1870e-01   3.2620e+02
20261016_06:00:00   4.3967e-01   9.6668e+01   7.8229e+00   7.1780e-06   7.2664e-02   3.2309e+02
20261016_09:00:00   8.3734e-01   1.5322e+02   8.3360e+00   1.5455e-01   2.2115e-01   3.2310e+02
20261016_12:00:00   5.3001e-01   1.1155e+02   8.2452e+00   2.8914e-02   8.9382e-02   3.1887e+02
20261016_15:00:00   8.7912e-01   1.5841e+02   8.6745e+00   1.6361e-01   2.4917e-01   3.0981e+02
20261016_18:00:00   2.1723e+00   2.4040e+02   9.3955e+00   6.8705e-01   4.7011e-01   3.0980e+02
20261016_21:00:00   2.4271e+00   2.4764e+02   9.6893e+00   7.8170e-01   7.5688e-01   3.1265e+02
20261017_00:00:00   2.5669e+00   2.5038e+02   9.8568e+00   8.4937e-01   6.6528e-01   3.1264e+02
20261017_03:00:00   1.6606e+00   2.2036e+02   5.9420e+00   5.4993e-01   1.0805e-02   3.1308e+02
20261017_06:00:00   2.0110e-01   5.2398e+01   3.5993e+00   4.3730e-04   3.1281e-03   3.1715e+02
